08 Ecocrop/raster/current/prec_2.asc
ncols        683
nrows        518
xllcorner    -87.691666666667
yllcorner    10.708333333333
cellsize     0.008333333333
NODATA_value  1.#QNAN
[rows 378 to 419 of 518, columns 188 to 281 of 683]
6 7 7 6 5 9 10 8 9 7 5 6 5 5 6 6 4 3 4 4 4 3 3 3 3 3 2 2 2 2 2 2 3 3 3 3 3 3 3 2 3 3 4 2 4 3 3 3 3 3 3 4 4 4 4 3 4 4 4 4 4 4 4 4 4 5 5 5 9 7 7 6 7 8 7 8 7 7 8 6 6 8 6 8 8 6 6 10 11 12 16 21 16 21
5 5 5 6 8 9 8 9 8 8 7 7 6 5 6 6 8 7 6 6 6 3 3 3 3 3 3 2 2 2 2 2 3 3 3 3 2 3 3 2 3 3 3 2 3 3 3 3 3 3 3 3 3 3 3 3 3 4 4 4 4 4 4 4 4 4 5 5 9 9 9 9 9 9 9 10 10 10 10 10 11 11 11 11 11 8 8 8 6 11 12 21 21 21
5 6 8 9 9 8 8 8 9 9 9 6 6 7 7 8 7 8 8 8 7 6 4 3 3 3 3 2 2 2 2 2 3 3 3 3 3 2 2 3 2 3 3 2 3 3 3 3 3 4 3 3 3 4 4 3 4 3 3 4 4 4 4 4 4 5 4 5 5 5 5 5 5 5 5 5 6 6 5 6 10 10 8 10 11 8 8 8 8 11 12 17 17 17
6 7 8 8 9 8 8 13 8 8 7 8 5 6 8 9 11 16 14 15 13 8 7 8 5 3 2 2 2 2 2 2 3 3 3 3 2 3 2 3 3 3 3 3 3 4 4 4 4 3 3 3 4 4 4 3 3 4 3 4 3 4 4 4 4 5 3 4 4 5 4 4 4 4 4 4 5 6 5 5 6 6 6 8 10 11 11 11 8 9 8 11 12 13
5 5 6 8 8 9 7 8 8 5 5 6 5 7 8 15 15 25 22 22 30 14 12 9 6 3 2 2 3 2 2 2 2 3 4 3 4 3 3 3 3 2 3 3 4 4 4 4 4 4 4 4 4 4 4 4 4 3 4 4 4 4 4 5 4 5 4 4 4 4 4 4 5 5 5 5 5 6 6 5 5 6 6 9 12 9 9 11 11 12 12 13 7 9
5 5 5 4 4 4 6 6 4 6 7 6 6 7 8 13 15 26 21 35 22 24 11 8 6 4 3 3 3 2 2 2 2 3 4 3 4 2 3 4 3 3 4 4 4 4 4 4 4 4 4 4 4 4 4 4 5 5 4 3 3 4 4 4 5 5 4 4 4 4 5 4 4 5 5 5 5 6 6 5 5 5 5 6 9 11 9 9 9 9 9 13 13 9
6 5 3 3 5 5 5 6 5 4 5 4 4 5 7 8 9 15 24 22 28 13 8 7 7 4 3 3 3 2 2 2 2 3 3 3 3 3 3 4 4 3 4 4 4 4 4 4 4 4 3 5 4 4 5 5 5 5 5 3 3 3 4 4 4 4 4 4 4 4 4 5 5 5 5 5 5 5 6 5 6 5 6 6 7 9 9 11 11 13 9 13 13 8
5 5 5 5 5 4 4 5 4 5 8 8 8 7 5 4 5 6 6 10 9 9 7 6 6 4 3 3 3 2 2 2 3 3 3 3 3 3 4 4 4 4 4 3 3 4 4 4 4 4 4 4 4 5 3 5 5 5 5 3 3 4 4 3 3 3 4 4 4 4 4 5 5 5 5 5 5 5 5 5 5 6 5 6 7 11 11 11 11 12 9 9 9 9
3 3 4 5 4 4 4 4 4 6 8 13 19 17 8 3 5 3 3 4 4 4 3 3 3 3 4 3 2 2 2 3 4 4 3 3 3 4 4 4 3 3 2 3 3 4 4 3 4 5 5 4 4 5 3 5 5 5 5 5 5 4 4 4 4 4 4 4 4 4 4 5 5 4 4 4 4 4 4 4 5 5 5 6 6 7 11 9 12 12 13 9 7 11
2 2 5 4 4 5 5 5 5 6 8 13 18 20 8 2 5 2 2 3 3 4 2 2 2 2 2 2 2 3 3 3 4 4 4 2 3 3 4 3 3 2 2 3 3 3 4 4 4 3 3 3 5 3 3 3 3 4 3 5 5 5 5 5 5 5 4 4 4 4 4 4 4 4 4 5 5 6 6 5 5 6 6 6 6 6 7 7 12 13 9 7 11 12
2 3 5 5 4 5 3 5 7 7 7 7 7 8 6 2 3 2 2 2 2 4 3 2 2 2 2 2 3 4 2 2 2 2 2 2 2 2 2 2 3 2 2 3 3 3 3 3 3 5 3 3 3 3 3 3 5 5 4 4 5 5 5 5 5 5 5 5 5 5 5 6 6 6 6 5 4 4 6 4 5 5 6 7 7 7 7 12 9 9 9 9 11 13
3 5 4 3 3 3 3 7 7 8 8 7 7 7 5 2 2 2 2 2 2 2 2 2 4 4 3 3 4 4 2 2 2 2 2 2 2 2 2 3 2 2 2 3 3 3 3 3 3 3 3 3 3 3 3 3 3 3 4 3 4 5 5 5 5 4 5 5 6 6 6 6 6 6 6 4 4 4 4 4 5 6 6 6 7 7 9 13 13 13 13 13 10 9
4 3 4 4 3 3 3 7 7 7 8 7 6 6 6 4 2 2 2 2 2 2 2 2 2 4 4 4 2 2 2 4 4 2 2 2 2 2 3 2 2 2 2 2 3 3 3 3 3 3 3 3 3 3 3 3 3 3 3 3 3 4 5 5 5 4 4 5 6 5 6 6 6 6 6 5 5 5 5 5 5 5 6 7 7 7 9 12 12 12 12 14 14 15
4 5 3 4 3 5 4 4 6 7 13 8 6 6 6 5 2 2 1 1 1 2 2 2 2 2 2 2 2 2 2 2 2 2 2 2 2 2 3 2 2 3 2 2 3 3 3 3 3 3 3 3 3 3 3 3 3 3 3 3 3 4 5 5 5 5 4 4 5 5 6 6 6 6 5 4 4 5 5 4 5 5 5 6 6 7 7 7 10 10 10 13 10 14
2 2 2 4 4 2 3 3 4 6 7 7 7 7 3 2 3 1 3 3 2 2 1 2 2 2 2 2 2 2 2 2 3 3 3 3 3 3 3 3 3 2 2 2 2 3 3 3 3 3 3 3 3 3 3 3 3 3 3 3 3 3 4 4 4 5 4 5 4 4 6 6 6 6 5 5 4 4 4 4 5 4 5 5 6 6 6 7 7 7 7 10 14 15
2 2 2 2 4 4 3 3 4 3 4 4 4 5 3 2 1 2 3 2 2 2 1 2 2 2 2 2 2 2 2 3 3 5 5 6 7 5 6 5 3 2 2 2 2 3 3 3 3 3 3 3 3 3 3 3 3 3 3 3 3 3 3 4 4 4 4 5 5 4 4 6 6 5 5 5 5 6 5 4 5 6 6 6 6 6 6 6 6 7 8 8 8 13
3 1 1 4 4 4 4 4 4 3 3 3 5 2 2 1 2 2 2 1 1 2 2 2 2 2 2 2 2 2 2 3 4 3 6 7 5 6 5 5 3 3 2 2 2 3 3 3 2 2 3 3 3 3 3 3 3 3 3 3 3 3 3 4 4 4 4 5 6 6 4 6 6 5 6 6 6 5 5 5 6 7 6 6 5 6 6 7 7 7 8 8 10 11
1 1 2 3 3 4 3 4 3 3 5 4 2 2 2 1 2 1 2 4 2 2 1 2 2 2 2 2 2 2 2 2 4 4 4 7 7 6 6 5 3 2 2 2 2 2 3 3 3 2 2 3 3 3 3 3 3 3 3 3 3 4 4 4 4 4 4 4 4 4 4 4 4 6 5 6 6 6 6 7 7 6 6 5 5 6 6 7 7 8 8 8 8 11
1 1 1 2 1 3 2 2 2 3 4 2 2 2 2 2 2 2 3 1 1 2 2 1 3 3 2 2 3 4 4 2 2 2 3 3 3 3 3 3 2 2 2 2 2 2 3 3 3 3 3 3 3 3 3 3 3 3 3 3 3 3 5 4 4 4 4 4 4 4 4 4 4 4 6 6 6 6 7 7 6 6 5 5 6 6 6 7 7 8 8 11 11 14
1 1 1 1 2 1 1 1 1 4 4 2 2 2 2 3 3 3 3 1 1 1 2 2 2 2 2 3 3 2 4 2 2 2 2 2 2 2 3 2 2 2 2 2 2 2 3 3 3 3 3 3 3 3 3 3 3 3 3 4 3 3 4 5 4 5 4 4 4 4 4 4 6 4 6 6 5 4 7 7 6 6 5 5 6 6 6 6 6 7 8 11 14 15
1 1 1 2 1 2 2 2 3 4 5 2 2 4 2 2 1 2 2 1 3 3 2 3 2 2 2 3 3 2 4 2 2 2 2 2 2 2 2 2 2 2 2 2 2 2 2 2 3 3 3 3 3 3 3 3 3 3 3 3 3 4 4 4 4 4 4 4 4 4 6 4 6 6 6 6 6 5 6 7 7 5 5 5 6 6 6 6 6 7 7 8 11 11
2 2 1 2 2 2 2 2 2 2 4 5 5 3 3 3 2 2 2 2 2 2 4 5 4 4 2 2 3 2 2 2 2 2 2 2 2 2 2 2 2 2 2 2 2 2 2 2 2 3 3 2 3 3 3 3 3 3 3 3 3 4 4 4 4 5 4 4 4 4 4 4 4 5 5 6 4 5 5 6 6 5 6 5 6 6 6 6 7 7 8 8 9 9
2 2 2 2 2 2 3 2 1 1 3 4 3 3 3 4 3 3 5 3 5 4 4 4 6 6 2 2 2 2 2 2 2 2 2 2 2 2 2 2 2 2 2 2 2 2 2 2 3 2 2 3 3 3 3 3 3 3 3 3 3 3 4 4 5 4 4 4 4 4 4 4 4 5 5 6 4 4 5 5 5 5 6 5 5 6 7 7 7 7 7 8 8 8
2 2 2 2 2 2 1 4 3 4 5 5 4 5 5 5 5 4 3 5 5 5 6 6 4 6 2 2 2 2 2 2 2 2 2 2 2 2 2 2 2 2 2 2 2 2 2 2 3 3 2 3 3 3 3 3 3 3 3 4 5 5 5 4 4 4 4 4 4 4 4 4 4 4 4 5 7 7 5 5 5 6 6 6 6 6 8 8 7 7 7 7 8 8
3 2 2 2 1 1 1 3 5 3 3 5 5 5 4 5 5 4 3 5 4 2 3 3 2 3 2 2 2 2 2 2 2 2 2 2 2 2 2 2 2 2 2 2 2 2 2 2 3 2 2 3 3 3 3 3 3 3 3 3 3 3 4 4 4 4 4 4 6 4 4 4 4 5 6 7 6 7 7 6 5 6 6 7 7 6 7 8 7 7 7 8 8 9
2 2 2 1 1 2 1 1 4 3 5 4 5 4 4 4 4 3 5 4 5 2 1 1 1 2 3 2 4 2 2 2 2 2 2 2 2 2 2 2 2 2 2 2 2 2 2 2 2 3 3 2 3 3 3 3 3 3 3 4 3 3 4 4 5 4 4 4 4 4 6 6 4 4 7 5 4 5 7 6 5 5 6 6 7 6 6 7 7 7 8 7 7 9
2 1 2 1 1 2 2 1 2 5 5 4 5 4 5 4 5 5 5 2 4 2 1 1 3 2 2 3 3 2 2 2 2 2 2 2 2 2 2 2 2 2 2 2 2 2 2 2 2 2 2 3 3 3 3 3 3 3 3 3 3 3 4 4 4 4 4 4 4 4 4 4 5 5 7 7 6 5 5 5 5 6 6 6 6 7 6 7 7 7 8 8 7 9
1 2 2 2 2 1 2 4 5 5 5 5 5 4 5 3 5 5 4 2 2 2 2 2 2 2 3 2 2 3 4 2 2 2 2 2 2 2 2 2 2 2 2 2 2 2 2 2 2 3 3 3 3 3 3 3 3 3 3 3 3 3 3 4 4 4 4 4 4 4 4 4 4 5 6 6 6 5 5 5 6 6 6 7 6 7 7 7 7 7 7 8 8 9
1 1 2 1 1 1 2 2 2 2 2 4 4 4 5 5 5 4 2 2 2 2 1 2 2 3 3 1 2 2 3 4 2 2 2 2 2 2 2 2 2 2 2 2 2 2 2 2 2 3 3 3 3 3 3 3 3 3 3 3 3 3 3 3 4 4 4 6 6 6 4 4 4 4 5 6 7 5 5 5 5 6 7 7 7 6 7 7 7 7 7 8 7 8
2 1 1 1 1 1 1 1 3 1 4 5 4 2 1 2 2 2 2 2 2 2 1 3 3 2 2 2 2 2 3 3 2 2 2 2 2 2 2 2 2 2 2 2 2 2 2 2 2 3 3 3 3 3 3 3 3 3 3 3 3 3 3 3 4 4 4 6 4 4 4 4 4 6 7 6 6 6 5 5 5 6 5 6 7 6 6 7 7 8 8 8 8 8
1 1 1 1 1 1 1 1 2 2 2 4 4 2 1 2 2 2 2 2 2 2 3 3 3 3 3 1 2 3 3 2 2 2 2 2 2 2 2 2 2 2 2 2 2 2 2 2 3 3 3 3 3 3 3 3 3 3 3 3 3 3 3 3 4 4 4 6 6 6 6 5 4 4 6 7 7 6 5 5 6 7 7 7 7 7 7 6 7 7 7 7 7 7
1 1 1 1 1 1 1 1 3 3 5 5 3 1 1 2 1 2 2 1 2 2 2 3 3 2 3 3 2 2 3 2 2 2 2 2 2 2 2 2 2 2 2 2 2 2 2 2 3 3 3 3 3 3 3 3 3 3 3 3 3 3 3 3 3 4 4 4 6 4 4 5 5 5 6 7 6 6 5 6 6 5 6 6 7 7 8 7 6 6 7 7 7 8
1 1 1 1 1 1 1 1 1 2 2 2 2 1 1 1 1 1 2 1 2 2 2 3 3 3 3 2 1 2 3 2 2 2 2 2 2 2 2 2 2 2 2 2 2 2 2 2 3 3 3 3 3 3 3 3 3 3 3 3 4 3 4 4 4 4 4 6 6 6 6 6 6 6 6 7 6 6 5 6 5 5 7 7 7 7 7 7 7 6 7 8 7 8
1 1 2 2 1 2 2 2 2 2 2 1 1 1 1 1 2 3 2 2 1 2 3 3 2 2 2 3 2 2 3 2 2 2 2 2 2 2 2 2 2 2 2 2 2 2 3 4 3 3 3 3 3 3 3 3 3 3 3 5 5 4 4 4 6 6 6 5 5 5 6 7 6 6 6 6 6 5 5 6 5 6 7 7 7 7 7 7 7 8 8 8 8 8
1 1 1 1 1 1 1 1 2 3 2 1 1 1 3 3 3 4 3 3 3 3 3 3 2 2 2 2 3 3 2 3 2 2 2 2 2 2 4 4 2 2 2 2 4 4 3 4 4 3 3 5 3 3 3 3 5 5 5 6 4 4 5 4 4 4 5 5 4 5 6 7 7 6 6 6 6 6 5 5 6 6 6 7 7 6 6 7 7 8 7 8 8 8
1 1 3 1 1 1 1 1 1 3 2 1 1 2 3 3 1 3 3 3 3 3 3 4 3 3 1 2 2 2 2 2 2 2 2 2 2 3 4 4 4 4 4 4 4 3 4 4 4 3 4 5 5 5 4 4 5 5 4 5 6 5 5 5 5 5 5 4 5 6 7 7 6 6 7 5 6 5 6 7 6 6 6 6 6 7 6 6 8 8 8 8 7 7
0 1 1 1 1 1 1 1 1 3 1 1 3 3 3 3 3 2 3 3 3 3 3 2 2 1 1 2 2 3 1 2 2 2 2 2 2 2 2 4 4 3 3 2 2 2 3 3 3 3 4 3 4 4 4 8 11 12 13 13 13 15 15 9 9 9 5 5 5 6 6 6 6 7 7 7 7 7 6 5 6 5 6 7 7 7 7 7 8 8 8 8 8 8
1 1 1 1 1 1 3 2 3 1 1 1 3 1 1 3 3 3 2 2 2 1 1 2 1 2 3 2 2 3 2 2 3 3 2 2 2 2 2 2 2 4 3 2 3 4 3 3 3 4 7 7 5 5 11 13 10 10 11 11 12 16 15 9 15 13 9 5 5 5 5 6 5 6 6 7 7 6 5 5 7 7 7 7 7 7 7 7 8 7 8 8 8 8
1 1 0 1 1 2 2 2 3 1 1 1 3 3 3 3 3 3 3 3 2 1 1 2 3 3 2 2 2 2 3 2 3 3 2 2 2 2 2 4 2 2 4 3 3 3 3 4 4 4 10 10 11 11 12 8 15 17 12 18 27 41 30 17 10 10 14 6 6 4 4 4 5 6 6 7 7 7 5 5 7 7 7 8 7 7 7 7 7 7 8 8 8 7
0 0 0 0 1 1 1 2 2 2 2 3 3 2 2 2 2 2 1 2 2 2 1 2 2 2 2 2 2 2 3 2 2 3 3 2 2 2 2 4 4 4 4 3 4 3 4 6 7 9 7 8 9 13 9 9 11 17 18 35 40 40 34 41 16 9 8 9 5 5 5 5 5 5 6 6 7 7 5 5 7 7 7 7 8 9 8 7 7 7 8 8 8 7
0 0 1 1 0 1 1 1 1 1 2 3 2 1 2 2 2 2 3 2 1 1 1 1 3 2 2 2 2 3 3 2 2 2 2 2 3 2 4 3 2 3 3 4 6 6 9 9 7 6 10 8 11 13 12 9 11 14 24 40 52 113 76 30 29 10 9 13 5 5 5 5 6 6 7 7 6 5 6 7 7 6 7 7 7 7 8 7 7 8 8 8 8 8
0 0 1 1 0 2 2 2 2 1 1 1 2 1 1 2 2 2 2 2 2 2 2 2 3 1 1 1 2 1 3 3 2 2 3 3 3 2 3 3 3 3 6 9 5 6 7 7 7 11 19 26 27 28 28 14 11 16 26 34 38 112 80 20 36 15 9 15 6 5 5 6 7 6 7 6 5 6 6 7 7 7 7 8 6 8 7 7 8 8 8 8 8 8
