08 Ecocrop/raster/current/prec_4.asc
ncols        683
nrows        518
xllcorner    -87.691666666667
yllcorner    10.708333333333
cellsize     0.008333333333
NODATA_value  1.#QNAN
[rows 440 to 479 of 518, columns 273 to 363 of 683]
46 44 44 44 41 38 38 39 39 39 39 40 40 40 40 41 41 40 41 41 41 42 42 42 45 43 43 44 44 53 50 50 51 51 51 51 51 44 44 44 44 44 44 40 36 41 41 41 41 37 38 58 59 60 62 66 66 44 45 59 71 63 64 39 45 52 40 46 38 27 28 39 45 50 50 46 46 51 51 51 47 42 52 49 53 54 45 45 35 46 31
46 47 44 44 44 41 38 39 39 39 39 40 40 49 40 41 41 41 41 41 41 41 42 45 42 42 43 44 52 50 45 45 51 54 54 51 52 44 45 45 45 45 44 40 36 36 37 37 44 42 42 38 51 39 59 63 61 67 55 45 71 60 67 67 40 28 29 41 40 36 31 39 39 45 50 50 30 41 41 48 52 48 53 50 54 54 55 35 36 46 37
51 47 44 44 44 45 38 47 39 39 39 39 39 40 40 40 40 40 41 41 41 41 42 42 42 43 42 43 53 53 50 53 45 46 46 46 46 46 47 47 47 47 45 44 44 37 37 37 45 45 45 42 38 39 39 39 52 61 68 45 46 61 72 73 65 40 41 41 29 53 28 39 40 50 50 46 32 29 33 33 53 53 54 44 51 55 55 46 37 37 38
51 47 47 47 47 47 41 38 39 39 39 39 39 40 43 43 40 41 41 41 41 41 42 43 43 43 43 43 44 53 53 45 54 44 44 43 44 44 45 45 45 45 45 45 45 44 41 42 45 46 46 42 43 43 43 43 39 62 62 68 56 46 73 68 65 66 66 41 47 36 29 28 34 28 34 30 33 38 39 36 43 53 54 51 46 46 46 37 37 37 38
51 49 47 44 44 47 45 38 38 39 39 39 39 40 40 41 41 40 41 41 41 44 45 43 52 43 44 53 53 53 51 54 51 44 43 44 44 45 45 44 45 45 46 46 46 44 41 42 42 45 45 43 46 46 46 39 53 62 68 69 69 46 68 65 66 41 29 41 39 29 45 29 30 28 34 32 42 29 29 30 33 54 49 55 52 48 37 48 59 56 51
51 49 47 47 44 44 45 45 38 39 39 39 40 49 49 49 41 40 41 41 41 41 42 42 43 52 53 44 44 51 45 46 46 44 46 46 52 47 47 47 47 47 46 48 46 45 45 46 45 46 43 38 46 46 46 44 40 53 65 57 39 47 73 68 69 41 29 29 54 28 40 50 30 30 34 38 29 34 53 53 53 54 54 54 56 54 54 59 52 40 40
51 46 47 47 47 47 45 42 42 42 39 39 39 40 49 41 41 41 41 41 41 42 42 43 43 43 53 53 53 51 45 46 51 52 46 46 52 53 53 47 47 48 48 48 48 46 46 49 47 46 46 46 46 43 47 47 40 53 63 65 57 46 47 62 75 66 56 56 56 29 55 40 34 34 41 38 30 33 55 54 54 54 49 55 56 57 57 55 39 40 41
52 46 44 44 47 47 45 42 38 39 39 39 39 40 40 41 41 40 41 42 41 42 52 43 52 43 53 53 53 51 51 46 46 52 45 45 47 53 56 53 48 48 48 48 48 48 49 55 55 49 47 46 46 44 47 47 44 40 54 62 66 66 70 58 48 75 70 67 57 29 43 42 56 56 56 47 35 35 52 55 54 50 50 55 57 57 58 55 39 51 40
49 46 44 44 47 47 47 45 42 39 39 39 39 40 40 40 41 40 44 41 41 41 43 43 43 43 53 44 54 54 51 44 44 44 45 47 47 47 53 47 48 54 54 48 54 49 49 49 49 49 47 47 47 47 47 47 44 40 54 54 66 71 71 58 41 76 70 68 69 43 42 30 49 49 49 56 42 30 45 55 55 55 55 51 52 59 60 61 57 40 41
43 46 46 47 50 47 47 45 42 39 39 39 43 39 40 40 40 44 44 44 42 41 42 42 43 43 44 44 44 45 45 46 46 45 47 47 47 47 53 48 46 46 48 48 49 49 49 49 49 47 48 48 48 47 47 47 48 45 40 54 62 67 67 71 48 49 64 68 68 58 58 30 56 56 57 56 39 34 50 56 50 50 50 51 40 43 52 57 62 53 53
43 46 49 49 49 50 47 45 45 42 42 39 46 43 46 43 40 44 44 41 41 42 43 43 42 42 43 43 43 45 54 52 52 52 56 53 53 53 47 46 46 46 46 47 49 55 49 49 47 48 50 50 48 47 48 48 48 48 48 41 41 55 63 68 72 48 49 65 78 70 58 44 49 56 57 48 31 33 36 46 45 45 44 45 45 48 44 41 50 66 61
48 49 51 49 47 47 47 45 45 42 42 42 43 39 40 40 40 40 44 44 41 41 42 42 45 46 46 43 43 45 55 55 55 55 56 56 53 53 48 46 46 46 46 47 47 47 47 47 48 48 47 47 48 48 48 48 48 48 49 49 49 42 42 56 66 73 42 65 72 72 43 44 49 57 48 48 31 35 31 35 55 56 56 57 45 46 41 47 60 41 42
48 49 51 49 47 47 47 45 48 45 42 42 43 39 40 40 40 47 44 44 44 41 43 43 43 42 43 43 43 45 45 44 44 46 56 56 53 54 57 48 46 46 46 46 46 47 47 47 47 47 47 48 48 48 48 49 49 49 49 49 46 41 42 56 66 72 43 72 69 69 59 43 49 48 42 39 43 54 49 55 51 52 53 53 57 46 40 46 47 51 41
46 49 49 49 47 47 44 41 48 45 42 42 39 43 40 40 40 40 41 41 42 41 43 53 53 44 43 46 43 43 44 47 44 44 56 53 57 57 57 54 48 49 46 46 47 47 50 48 47 47 48 48 48 45 48 48 49 49 49 49 41 42 42 42 64 74 49 78 71 71 59 44 49 57 42 39 35 54 49 55 45 35 36 48 58 41 40 41 54 62 53
48 48 49 49 47 47 47 38 45 45 42 42 39 40 40 40 41 41 41 41 52 42 43 43 53 54 44 46 46 47 47 47 47 46 53 57 57 47 57 58 55 55 46 47 47 47 48 50 48 48 48 48 48 45 45 49 49 49 49 49 41 42 42 42 65 74 73 50 69 71 72 60 49 57 58 58 43 35 54 50 45 46 46 47 57 52 41 46 60 62 53
48 46 49 51 51 50 50 41 45 42 39 39 39 39 40 40 41 41 41 41 42 52 50 53 45 51 51 54 45 44 44 44 47 46 57 47 57 47 48 48 48 58 49 47 47 56 50 47 48 48 48 48 48 48 45 46 46 46 49 50 42 42 64 66 67 70 74 51 80 72 72 73 30 44 58 49 49 37 45 50 56 52 57 57 53 58 41 41 59 62 59
50 50 49 49 52 53 53 47 45 42 42 42 43 39 40 43 40 40 52 52 52 50 50 50 51 51 45 46 46 55 45 44 44 45 47 47 57 58 58 48 46 49 59 56 56 56 50 48 50 48 48 48 48 49 49 49 41 41 41 41 42 42 66 73 73 74 61 44 67 80 74 71 45 45 58 58 59 59 33 51 51 51 57 57 58 53 53 54 60 62 62
50 50 49 49 51 52 52 50 48 45 45 42 43 43 40 40 40 40 52 49 50 53 44 51 54 51 51 44 52 55 56 46 46 57 57 47 58 54 55 48 46 49 59 59 56 56 50 48 48 48 45 45 49 49 49 49 49 50 50 50 47 42 65 74 74 74 62 51 74 73 73 45 44 50 58 49 44 44 45 56 45 37 37 37 39 38 42 54 55 57 62
51 48 51 51 51 50 52 50 48 45 42 42 43 43 40 40 41 51 52 52 50 53 53 54 44 43 44 44 45 46 45 53 53 47 48 54 54 55 47 47 47 49 56 50 48 48 48 48 48 48 48 49 46 49 49 49 50 50 50 50 42 42 65 70 74 74 62 45 71 45 45 30 50 58 49 40 33 36 56 51 41 38 47 48 49 49 49 43 61 62 62
51 50 49 51 51 52 50 50 50 45 42 42 39 39 40 40 41 52 52 52 53 50 51 51 51 43 43 44 44 45 45 47 47 48 46 46 46 47 46 47 47 47 48 48 48 48 48 48 48 49 49 46 40 41 49 50 50 50 50 50 42 42 65 67 74 75 51 68 73 30 50 50 58 59 59 44 36 36 52 51 37 38 43 43 43 55 48 43 43 56 61
50 50 51 51 51 52 50 50 48 48 42 42 39 39 40 40 40 41 41 52 53 50 45 45 45 44 44 44 44 44 45 45 46 46 46 46 46 46 46 46 46 43 47 47 48 50 48 48 49 49 49 46 46 40 41 50 50 50 51 48 42 43 57 68 62 62 51 68 60 30 58 58 58 44 50 44 34 36 56 46 38 39 40 39 39 48 55 48 43 56 56
50 50 51 51 49 49 47 47 45 45 42 39 39 40 40 40 40 41 41 53 50 50 45 45 43 43 43 44 44 43 44 45 45 45 45 46 45 46 46 43 37 38 44 47 48 50 50 48 49 49 49 46 46 65 63 50 50 48 48 48 43 43 57 71 62 51 45 46 72 44 58 59 59 50 44 41 37 36 52 57 53 56 39 39 39 39 49 55 43 56 56
50 50 51 46 46 47 44 44 41 38 39 39 50 50 51 40 52 52 52 50 50 51 45 44 43 43 43 44 44 44 45 40 41 41 45 42 36 37 35 50 51 51 52 38 48 48 49 49 49 46 46 46 47 65 41 41 42 48 42 42 57 65 66 71 62 63 46 69 74 44 58 59 50 50 50 51 41 39 35 58 58 60 48 39 39 39 49 49 55 56 62
48 48 48 46 44 44 44 38 38 38 39 39 50 51 51 51 41 41 41 53 44 45 44 43 42 42 43 39 39 40 35 33 33 33 41 42 37 37 35 60 63 51 37 39 48 49 49 49 46 49 50 50 47 41 55 69 56 42 42 42 43 66 71 63 76 52 52 69 72 46 50 60 50 44 45 41 39 37 38 48 59 61 60 54 48 43 40 55 61 56 57
38 38 38 39 40 40 46 46 49 38 39 39 50 48 49 49 49 52 53 50 44 43 44 43 44 44 44 44 44 44 40 41 35 36 42 46 46 37 37 38 38 44 48 48 49 49 49 49 50 50 47 50 47 47 42 66 73 65 57 57 57 43 68 76 76 77 77 47 75 46 30 46 47 60 51 51 35 47 53 54 49 56 60 60 55 49 49 44 61 56 57
31 37 37 37 43 44 39 37 39 40 50 39 50 48 49 49 43 50 50 43 43 43 44 45 44 44 44 45 45 44 44 41 45 45 46 47 47 47 47 48 47 48 48 49 49 49 49 49 50 50 50 50 47 41 42 41 70 74 75 68 66 58 69 77 77 77 77 64 70 73 63 63 64 31 47 47 61 37 53 54 58 55 59 60 48 49 49 61 49 56 57
44 44 48 42 43 33 44 46 27 29 40 50 39 43 43 43 43 44 50 42 43 43 43 44 44 44 44 44 45 44 45 46 45 46 47 47 47 48 48 48 48 48 48 49 49 52 50 50 50 51 50 51 51 48 48 41 65 75 75 66 66 66 69 72 64 77 64 53 71 74 77 47 47 48 48 65 48 40 38 39 54 55 60 60 61 55 56 56 62 50 50
44 34 44 45 49 50 33 51 40 40 34 42 39 40 49 49 44 44 50 43 43 44 44 44 44 45 44 45 45 45 45 46 46 47 47 48 48 48 50 49 49 49 49 49 50 52 59 50 51 50 50 51 51 51 52 42 57 65 75 66 66 67 67 70 78 78 78 65 48 71 77 75 78 78 47 31 32 62 53 47 44 40 40 56 57 52 42 58 63 63 51
34 27 44 45 46 36 46 45 46 40 28 39 42 51 40 40 52 50 43 45 44 45 45 46 45 44 45 45 45 45 46 46 47 49 56 56 50 50 50 49 49 49 49 50 50 52 50 53 51 51 51 51 51 48 49 43 42 57 66 66 67 67 59 70 73 74 79 79 65 49 55 73 73 87 79 80 32 49 81 50 34 55 66 46 44 40 40 41 54 55 60
1.#QNAN 1.#QNAN 1.#QNAN 1.#QNAN 1.#QNAN 1.#QNAN 1.#QNAN 1.#QNAN 37 52 51 48 39 43 40 40 41 50 43 43 43 43 44 44 44 44 45 45 45 45 46 46 47 49 56 56 50 48 49 49 49 49 52 50 50 50 51 51 51 51 51 51 52 49 42 42 43 57 58 67 67 59 68 70 71 74 79 79 54 55 56 73 87 74 74 80 78 78 78 82 83 35 36 52 51 47 43 44 44 45 45
1.#QNAN 1.#QNAN 1.#QNAN 1.#QNAN 1.#QNAN 1.#QNAN 1.#QNAN 1.#QNAN 1.#QNAN 1.#QNAN 46 35 47 49 41 43 44 50 51 43 43 42 38 39 44 44 44 45 46 46 46 47 47 48 48 48 48 49 49 51 51 52 52 50 50 51 50 51 51 51 52 51 52 49 42 57 57 58 58 58 67 68 68 68 69 71 80 49 49 73 56 73 76 77 77 67 33 49 34 51 51 56 36 57 66 58 45 41 42 42 47
1.#QNAN 1.#QNAN 1.#QNAN 1.#QNAN 1.#QNAN 1.#QNAN 1.#QNAN 1.#QNAN 1.#QNAN 1.#QNAN 1.#QNAN 1.#QNAN 49 50 39 50 43 43 32 42 32 29 30 30 34 40 44 35 41 45 46 46 46 47 48 48 49 51 49 49 52 52 50 50 51 50 51 51 51 51 51 52 52 52 53 50 43 50 43 58 68 68 68 60 60 72 80 55 50 50 50 57 88 77 81 67 33 50 63 65 64 56 53 66 47 43 44 45 45 55 65
1.#QNAN 1.#QNAN 1.#QNAN 1.#QNAN 1.#QNAN 1.#QNAN 1.#QNAN 1.#QNAN 1.#QNAN 1.#QNAN 1.#QNAN 1.#QNAN 1.#QNAN 1.#QNAN 45 29 52 57 37 50 50 59 57 54 55 46 31 55 55 60 61 61 57 47 48 48 48 51 51 50 52 59 52 53 51 51 51 51 52 52 52 52 52 53 50 43 43 43 44 59 68 71 71 69 75 80 55 50 56 57 87 80 81 67 33 33 34 50 55 56 43 50 57 68 47 54 54 60 61 61 65
1.#QNAN 1.#QNAN 1.#QNAN 1.#QNAN 1.#QNAN 1.#QNAN 1.#QNAN 1.#QNAN 1.#QNAN 1.#QNAN 1.#QNAN 1.#QNAN 1.#QNAN 1.#QNAN 1.#QNAN 1.#QNAN 1.#QNAN 29 43 54 59 42 60 61 61 62 62 63 63 46 41 41 66 50 44 48 48 49 58 59 59 64 60 60 51 51 51 52 52 52 52 52 53 50 43 44 43 58 67 59 44 68 69 69 72 67 56 50 74 74 79 66 67 67 54 54 64 55 64 65 43 44 57 68 48 45 60 58 58 62 65
1.#QNAN 1.#QNAN 1.#QNAN 1.#QNAN 1.#QNAN 1.#QNAN 1.#QNAN 1.#QNAN 1.#QNAN 1.#QNAN 1.#QNAN 1.#QNAN 1.#QNAN 1.#QNAN 1.#QNAN 1.#QNAN 1.#QNAN 1.#QNAN 1.#QNAN 37 34 60 39 52 52 53 40 40 45 45 46 67 63 59 48 68 51 38 49 50 50 60 53 53 51 52 51 52 52 52 53 53 53 50 43 58 58 59 68 59 45 71 75 75 75 67 51 57 87 88 81 50 34 49 54 64 64 56 66 57 44 41 58 67 48 60 58 59 1.#QNAN 66 47
1.#QNAN 1.#QNAN 1.#QNAN 1.#QNAN 1.#QNAN 1.#QNAN 1.#QNAN 1.#QNAN 1.#QNAN 1.#QNAN 1.#QNAN 1.#QNAN 1.#QNAN 1.#QNAN 1.#QNAN 1.#QNAN 1.#QNAN 1.#QNAN 1.#QNAN 1.#QNAN 1.#QNAN 38 34 56 62 55 58 60 59 61 62 49 38 35 36 51 48 44 69 61 63 50 51 51 51 52 52 54 55 53 53 53 54 44 43 67 67 68 59 68 71 75 80 80 67 51 57 74 77 81 50 34 54 54 64 64 51 65 57 46 44 45 47 48 55 52 1.#QNAN 1.#QNAN 1.#QNAN 1.#QNAN 1.#QNAN
1.#QNAN 1.#QNAN 1.#QNAN 1.#QNAN 1.#QNAN 1.#QNAN 1.#QNAN 1.#QNAN 1.#QNAN 1.#QNAN 1.#QNAN 1.#QNAN 1.#QNAN 1.#QNAN 1.#QNAN 1.#QNAN 1.#QNAN 1.#QNAN 1.#QNAN 1.#QNAN 1.#QNAN 1.#QNAN 1.#QNAN 33 49 49 40 33 34 41 34 35 52 54 54 53 28 40 53 65 45 71 65 39 39 40 49 53 53 50 50 50 57 67 70 58 44 59 68 74 80 80 51 51 73 74 87 81 81 67 50 34 50 54 55 51 55 67 50 50 51 42 42 64 58 1.#QNAN 1.#QNAN 1.#QNAN 1.#QNAN 1.#QNAN 1.#QNAN
1.#QNAN 1.#QNAN 1.#QNAN 1.#QNAN 1.#QNAN 1.#QNAN 1.#QNAN 1.#QNAN 1.#QNAN 1.#QNAN 1.#QNAN 1.#QNAN 1.#QNAN 1.#QNAN 1.#QNAN 1.#QNAN 1.#QNAN 1.#QNAN 1.#QNAN 1.#QNAN 1.#QNAN 1.#QNAN 1.#QNAN 1.#QNAN 1.#QNAN 32 36 33 52 42 33 34 36 36 37 37 35 35 36 46 41 55 51 51 52 62 74 75 75 75 71 69 72 73 67 70 59 68 74 66 51 73 86 79 80 65 81 66 34 67 68 51 68 51 51 51 52 56 57 51 47 59 63 1.#QNAN 1.#QNAN 1.#QNAN 1.#QNAN 1.#QNAN 1.#QNAN 1.#QNAN 1.#QNAN
1.#QNAN 1.#QNAN 1.#QNAN 1.#QNAN 1.#QNAN 1.#QNAN 1.#QNAN 1.#QNAN 1.#QNAN 1.#QNAN 1.#QNAN 1.#QNAN 1.#QNAN 1.#QNAN 1.#QNAN 1.#QNAN 1.#QNAN 1.#QNAN 1.#QNAN 1.#QNAN 1.#QNAN 1.#QNAN 1.#QNAN 1.#QNAN 1.#QNAN 1.#QNAN 1.#QNAN 35 35 35 37 36 36 37 35 35 35 36 36 39 57 55 30 56 43 57 69 70 70 70 71 72 69 55 55 55 66 56 51 72 75 79 79 65 65 48 34 50 34 35 35 50 35 52 36 51 52 56 57 67 59 1.#QNAN 1.#QNAN 1.#QNAN 1.#QNAN 1.#QNAN 1.#QNAN 1.#QNAN 1.#QNAN 1.#QNAN 1.#QNAN
1.#QNAN 1.#QNAN 1.#QNAN 1.#QNAN 1.#QNAN 1.#QNAN 1.#QNAN 1.#QNAN 1.#QNAN 1.#QNAN 1.#QNAN 1.#QNAN 1.#QNAN 1.#QNAN 1.#QNAN 1.#QNAN 1.#QNAN 1.#QNAN 1.#QNAN 1.#QNAN 1.#QNAN 1.#QNAN 1.#QNAN 1.#QNAN 1.#QNAN 1.#QNAN 1.#QNAN 1.#QNAN 1.#QNAN 1.#QNAN 37 39 44 51 37 36 36 36 36 36 47 58 56 40 40 41 41 58 44 45 60 60 61 73 74 83 83 84 84 76 79 33 48 49 34 62 53 50 50 35 51 51 52 52 36 52 37 53 57 67 1.#QNAN 1.#QNAN 1.#QNAN 1.#QNAN 1.#QNAN 1.#QNAN 1.#QNAN 1.#QNAN 1.#QNAN 1.#QNAN 1.#QNAN
