08 Ecocrop/raster/current/prec_6.asc
ncols        683
nrows        518
xllcorner    -87.691666666667
yllcorner    10.708333333333
cellsize     0.008333333333
NODATA_value  1.#QNAN
[rows 370 to 406 of 518, columns 336 to 419 of 683]
290 271 291 293 323 336 336 337 339 341 317 318 328 346 347 331 332 350 335 352 355 355 338 320 340 322 322 323 344 325 312 312 313 314 349 349 331 304 295 296 299 297 320 308 300 300 311 312 303 313 328 365 386 387 347 347 332 333 350 333 351 336 356 339 358 359 381 361 362 407 385 386 387 388 412 390 391 370 370 371 371 371 392 393
320 303 292 322 335 335 320 313 324 342 326 327 329 345 346 347 313 314 334 352 354 355 319 320 307 307 308 342 361 344 346 327 313 314 314 331 303 294 295 291 292 297 298 309 299 300 311 312 326 327 327 345 365 386 386 347 332 349 333 333 334 336 355 357 358 358 381 382 362 363 364 386 387 366 389 413 369 350 350 351 369 391 411 423
331 332 321 334 336 337 314 315 316 344 344 328 329 346 346 347 313 314 350 352 354 338 319 320 340 307 308 323 361 362 364 366 313 314 302 316 303 294 295 295 296 297 308 298 299 309 310 324 326 343 364 343 344 364 366 347 331 331 332 333 352 335 355 377 357 359 359 382 361 344 345 364 365 366 333 413 367 333 333 333 350 392 425 427
332 333 334 336 338 339 323 324 326 344 344 346 329 347 347 348 348 314 315 353 354 338 319 293 341 341 342 343 344 345 364 366 348 314 302 302 303 289 289 290 291 296 307 322 322 308 308 340 342 343 364 363 364 364 386 346 347 348 349 333 334 321 337 338 339 340 341 360 361 362 363 364 346 347 348 389 367 366 347 348 369 370 392 393
307 308 317 337 339 339 307 308 328 344 345 330 298 329 347 348 349 350 335 352 353 338 283 293 321 342 360 361 325 363 365 347 328 329 330 315 303 303 289 289 294 305 319 320 322 338 338 340 341 325 342 343 384 384 385 367 368 349 350 351 352 353 337 323 357 380 381 404 383 383 384 385 386 365 366 348 367 366 347 348 350 351 352 371
334 318 320 321 322 340 341 326 328 344 328 329 311 331 348 349 350 351 352 336 318 305 305 293 341 361 360 324 344 363 347 327 328 349 350 351 316 303 303 317 317 304 295 320 377 338 339 323 323 341 362 363 384 368 370 367 348 332 318 333 334 353 354 375 377 340 340 381 405 382 362 385 409 409 387 348 368 389 367 348 390 391 370 352
336 337 338 339 340 323 314 325 344 345 344 345 330 346 347 348 350 335 335 337 337 338 320 320 321 359 362 362 344 326 346 327 313 329 330 315 316 303 303 317 317 304 305 320 337 338 358 359 378 360 362 363 384 385 386 367 348 331 332 333 334 320 336 355 399 378 380 409 403 361 362 407 408 386 387 387 367 389 366 347 348 368 389 388
337 323 323 324 325 341 342 343 344 345 346 330 346 347 348 350 350 335 317 318 318 339 339 340 341 360 343 344 345 346 364 365 348 313 314 314 302 302 316 303 293 294 304 305 320 337 321 322 359 380 342 383 364 365 346 347 330 331 332 351 352 353 354 354 356 377 378 400 401 382 361 361 406 384 386 366 348 367 365 347 347 367 347 348
323 323 324 325 325 341 342 309 328 311 311 329 346 348 348 332 352 336 336 318 319 319 340 340 341 342 361 324 325 346 364 367 366 329 314 314 315 315 316 316 316 317 318 319 319 336 321 322 323 361 362 363 364 345 328 347 330 331 332 351 352 353 354 376 356 378 379 358 402 380 360 341 361 382 384 365 348 348 365 331 322 332 346 346
323 306 306 307 326 342 343 328 310 297 297 297 331 349 350 332 333 335 336 317 338 339 339 340 341 323 363 362 362 345 345 365 348 329 314 314 330 350 351 332 332 333 334 318 319 320 321 322 323 341 362 363 364 344 328 329 347 349 370 372 351 334 353 354 355 356 379 380 380 409 410 342 361 362 363 365 366 347 346 346 321 330 344 343
323 306 283 283 295 327 344 345 345 345 329 344 346 348 349 351 333 352 336 317 354 355 339 339 357 342 360 363 364 363 325 326 328 329 313 313 314 330 350 369 352 333 334 319 319 306 337 338 339 324 324 325 326 327 345 346 347 369 370 392 392 392 393 375 355 337 379 380 381 410 385 402 403 405 386 366 347 346 364 346 330 330 344 344
323 273 295 295 296 309 310 329 327 345 346 346 346 331 333 351 324 324 353 352 337 319 338 338 339 341 342 361 345 345 326 297 312 328 329 313 313 314 350 368 352 353 372 373 335 336 321 338 339 340 341 325 312 312 328 346 347 348 369 370 391 374 398 373 375 356 338 339 340 381 404 412 406 363 386 386 364 364 364 345 346 365 320 345
340 326 308 309 309 329 344 345 327 327 326 344 345 346 348 349 350 332 334 354 353 354 354 355 356 357 359 344 325 310 310 310 297 312 328 329 329 314 330 368 352 353 354 354 377 376 358 338 359 360 341 342 343 327 345 367 368 330 348 370 391 395 397 373 395 376 377 357 380 359 380 381 361 343 344 344 344 329 344 345 346 346 346 331
340 341 327 309 310 310 345 346 346 328 328 327 345 347 348 349 350 352 353 335 354 355 356 355 356 356 359 343 309 309 310 297 297 298 312 328 329 330 330 351 352 353 354 355 356 379 358 358 378 379 380 342 325 344 345 366 367 368 369 369 390 390 392 393 394 376 377 400 402 402 380 381 360 382 362 344 344 328 319 320 346 346 347 366
322 323 342 343 328 310 310 330 331 328 328 318 327 347 333 333 301 335 352 354 355 354 355 355 356 356 341 342 324 325 325 325 297 311 298 312 329 330 330 315 332 353 354 355 356 375 377 359 379 380 381 362 343 344 344 366 391 388 368 368 389 395 351 352 353 375 356 379 408 401 379 380 381 403 382 362 362 328 329 319 330 330 347 331
341 342 343 344 329 329 311 329 330 326 327 327 327 319 347 333 315 335 351 352 354 338 338 339 340 340 341 307 308 324 325 325 310 311 312 312 313 329 314 315 316 353 334 373 356 356 376 359 359 380 381 362 342 343 365 366 386 386 367 388 370 391 372 373 353 354 377 358 379 379 379 359 359 360 382 362 362 344 328 329 329 346 346 347
296 309 310 310 329 329 330 346 344 346 318 320 319 328 320 348 334 334 335 336 337 319 305 320 340 340 322 307 308 308 324 325 310 311 311 312 299 313 314 301 301 302 334 335 335 319 320 321 322 323 323 342 342 343 364 365 366 346 347 389 390 396 392 373 395 355 377 338 339 339 339 340 341 341 361 362 343 343 328 328 344 364 385 365
296 296 297 311 329 310 330 331 346 347 348 320 319 328 320 329 348 349 335 336 337 338 339 339 340 340 341 323 308 324 344 344 297 311 311 328 329 299 300 301 301 302 303 318 318 305 305 321 321 298 298 309 310 325 344 345 345 367 347 348 369 370 351 352 375 375 354 337 339 323 324 325 341 342 342 343 383 384 363 363 384 405 412 412
284 275 276 276 311 329 329 347 347 329 348 329 320 321 330 347 348 349 350 352 337 338 339 339 321 321 322 323 343 343 325 325 326 311 311 312 329 289 286 291 315 316 333 317 304 304 305 321 321 308 308 309 310 325 326 327 327 328 329 315 330 350 351 352 352 352 335 321 338 358 359 324 360 361 361 362 362 384 363 404 384 412 405 404
284 275 275 284 298 330 330 345 347 347 348 348 328 329 329 348 349 350 336 336 318 319 305 305 321 321 341 342 343 309 325 296 310 327 347 312 299 299 300 301 301 301 333 303 304 304 305 306 307 307 298 299 310 310 326 327 312 328 347 348 315 331 332 351 352 353 354 322 338 358 358 338 359 341 342 383 383 383 384 384 403 384 385 364
284 285 276 285 297 312 331 331 313 347 332 332 348 329 330 348 349 351 351 352 337 304 320 305 306 321 322 323 343 309 309 310 310 311 327 328 313 313 314 314 301 301 316 317 303 319 305 306 296 297 298 298 299 300 344 326 327 328 329 330 315 306 316 333 352 353 355 321 356 323 358 358 324 360 342 361 405 411 405 384 403 404 384 364
296 297 275 297 297 298 299 313 313 313 332 347 329 330 331 348 349 336 337 337 338 319 339 321 321 341 341 342 343 324 309 310 310 311 311 328 312 313 314 314 315 301 316 317 303 318 319 320 306 307 298 294 299 300 326 326 327 328 328 329 330 316 332 333 334 334 354 336 321 338 358 358 324 341 341 342 362 405 405 384 404 403 385 364
327 328 310 297 285 286 299 300 314 314 333 347 349 350 349 350 335 317 303 319 338 320 339 321 321 322 341 342 324 295 325 310 326 327 328 312 312 329 313 290 290 301 292 292 303 318 319 337 320 307 307 298 299 310 325 326 327 328 313 314 315 331 332 332 318 319 320 336 337 338 338 339 339 360 341 341 342 362 385 385 385 385 386 385
296 297 285 311 311 312 299 288 300 315 315 348 349 351 351 350 335 351 303 291 304 305 340 306 306 341 342 342 324 309 309 326 346 347 347 348 329 329 313 286 286 291 291 292 317 335 336 320 338 339 307 323 324 324 343 301 301 312 303 304 315 331 316 351 352 334 319 310 321 322 357 378 380 340 360 341 342 342 343 363 364 365 345 346
310 310 311 311 312 298 277 288 301 315 349 335 350 336 336 352 336 337 290 304 305 305 305 292 293 293 307 307 324 308 325 345 346 364 347 348 329 329 313 299 300 315 301 302 317 318 336 319 338 306 339 322 341 324 310 311 301 302 313 329 314 315 306 307 333 318 319 310 320 337 357 357 358 359 359 360 361 342 362 363 364 344 345 365
343 343 343 344 299 287 278 289 289 302 302 303 336 352 352 352 337 337 353 338 339 340 340 341 306 293 307 307 324 324 325 345 346 347 347 348 366 366 313 314 314 315 316 316 302 318 336 319 320 321 307 307 323 324 310 310 311 312 313 313 314 315 316 317 318 318 335 320 320 321 337 357 358 359 359 360 381 382 383 362 343 363 384 364
346 346 344 344 331 300 288 280 275 290 317 318 317 335 317 352 353 352 353 354 355 356 356 356 322 293 293 294 294 309 309 326 326 327 327 348 348 349 330 314 314 315 315 316 302 318 318 319 305 306 296 297 308 309 325 310 301 312 312 313 314 315 316 316 317 333 334 335 320 321 321 322 338 339 340 340 360 361 362 363 363 384 384 366
332 332 331 331 346 315 280 290 280 290 291 318 290 303 318 337 354 355 355 334 355 337 337 357 322 323 307 307 308 295 309 326 326 327 327 364 348 329 330 313 314 315 315 301 317 303 303 294 305 305 292 293 294 298 299 310 297 301 302 303 304 315 315 316 317 333 318 319 335 321 337 322 357 358 380 341 341 341 362 363 363 364 386 367
300 314 314 315 333 334 290 281 290 290 291 318 304 304 318 319 338 355 355 355 355 356 357 341 342 342 343 324 324 308 325 326 326 347 327 364 348 329 313 313 314 300 300 301 317 302 303 304 305 305 306 307 297 298 299 310 311 311 312 313 304 304 305 306 307 317 318 319 335 320 311 337 358 358 359 361 342 342 362 385 385 366 367 411
275 275 289 288 316 317 303 290 302 302 303 318 337 353 339 320 320 355 339 355 355 356 340 357 342 342 343 324 343 344 325 345 326 363 364 364 365 349 330 313 314 290 300 301 292 292 318 304 304 320 306 296 293 294 299 310 326 311 302 299 300 301 302 302 306 304 308 319 319 320 321 337 358 359 359 341 343 363 364 387 387 366 389 390
280 289 301 302 317 317 291 280 302 303 317 336 352 353 338 305 306 306 341 356 337 356 341 341 358 358 308 343 325 344 361 362 362 347 347 348 348 365 349 330 314 299 300 315 301 292 303 318 337 320 320 306 293 298 309 309 310 301 298 308 300 301 301 302 306 333 353 334 354 376 357 322 323 360 341 326 343 344 365 365 346 346 347 348
290 290 334 302 303 318 318 335 335 336 336 318 319 338 352 320 321 356 322 322 341 322 322 323 358 343 343 344 360 360 361 362 362 347 347 348 348 349 349 330 331 314 300 300 291 292 292 293 304 304 305 306 297 308 308 309 300 297 301 299 303 314 314 305 306 317 333 318 319 310 321 322 314 315 315 316 327 328 328 329 366 367 331 332
303 302 290 303 303 304 319 335 318 318 336 319 318 319 339 353 341 341 307 322 341 323 323 323 323 324 359 360 344 345 361 362 362 310 327 328 328 349 329 330 313 314 314 315 301 301 292 289 290 291 291 292 297 297 298 299 310 300 301 312 328 329 330 350 332 332 352 318 309 320 321 322 313 314 315 326 326 326 344 329 329 330 331 322
304 303 316 316 318 337 320 353 320 320 354 337 337 339 341 341 342 342 323 323 342 357 342 342 343 324 343 344 325 361 361 362 362 347 347 311 311 329 329 330 331 299 314 315 301 301 292 289 299 300 301 292 296 297 308 309 309 310 301 312 313 348 349 350 331 332 333 334 309 320 320 311 312 311 325 325 325 326 343 319 317 330 331 331
305 304 335 336 319 319 306 321 321 293 340 340 356 356 357 357 342 342 342 323 342 342 342 343 343 343 324 324 325 345 361 362 362 327 327 328 328 311 312 313 313 289 300 315 301 301 292 293 290 300 301 292 306 297 308 308 309 310 301 312 328 329 330 331 315 316 317 334 318 319 320 321 322 314 314 315 316 327 328 329 319 320 321 331
320 338 337 330 337 339 306 293 307 307 307 307 357 357 357 357 357 341 342 342 342 342 357 343 343 343 343 344 344 345 345 362 362 310 310 328 311 297 297 298 298 289 300 317 301 302 289 302 303 294 295 295 306 307 323 343 344 326 301 311 312 329 330 330 306 306 307 308 319 335 320 321 313 314 315 316 314 317 328 328 319 320 330 331
339 339 352 351 352 353 306 307 322 323 342 342 357 342 324 343 323 343 324 324 359 358 343 358 358 343 344 344 360 360 361 361 362 327 310 310 311 311 297 297 298 289 299 316 317 335 317 303 303 291 292 292 306 322 323 343 344 326 311 311 312 314 315 306 315 316 317 318 306 307 311 321 322 324 312 313 316 327 327 328 318 329 346 347
