08 Ecocrop/raster/current/prec_12.asc
ncols        683
nrows        518
xllcorner    -87.691666666667
yllcorner    10.708333333333
cellsize     0.008333333333
NODATA_value  1.#QNAN
[rows 400 to 439 of 518, columns 270 to 359 of 683]
22 22 22 22 22 24 32 24 24 32 32 32 25 25 28 32 26 29 44 48 48 38 43 43 49 38 38 44 36 37 45 41 63 37 41 42 47 64 90 91 94 95 71 96 96 92 95 95 86 61 61 86 96 96 87 87 87 87 74 88 99 99 98 90 102 90 64 75 90 90 64 69 64 77 71 108 112 112 113 111 112 71 66 91 109 109 125 144 127 127
22 22 22 22 24 24 32 32 32 32 32 32 25 29 29 26 40 44 44 48 49 38 38 38 44 44 39 45 41 37 41 41 42 42 47 47 48 48 65 91 91 91 92 96 96 95 95 95 72 61 62 72 87 98 96 87 73 73 74 88 88 98 100 98 90 75 64 75 90 64 64 75 64 71 71 112 114 109 91 108 113 110 108 111 111 109 125 126 126 127
22 22 24 24 32 32 32 32 32 32 32 27 27 29 29 29 29 29 30 41 49 43 38 38 39 39 39 45 41 37 42 42 37 47 47 48 48 65 91 91 91 83 83 92 92 97 61 72 72 72 87 87 97 97 97 87 87 73 73 97 97 100 100 101 99 100 90 76 91 90 90 90 64 67 65 71 93 91 74 93 109 110 108 111 111 109 126 126 127 116
20 22 24 32 32 24 24 32 32 32 27 27 27 28 40 40 29 30 30 30 45 49 43 38 39 45 41 45 42 42 37 47 47 64 38 81 65 65 48 82 92 83 83 96 96 96 61 67 74 61 73 74 74 74 87 87 73 73 88 98 96 100 100 97 97 99 99 99 78 92 90 100 75 64 64 69 90 93 75 91 107 139 114 108 111 109 142 126 143 144
22 22 24 32 32 32 24 32 32 32 27 27 28 28 29 29 30 30 41 41 49 43 43 38 39 39 45 46 46 40 46 38 48 65 48 38 48 65 66 66 92 92 84 98 97 98 73 67 62 62 61 62 68 88 73 62 73 88 98 100 98 100 97 88 89 101 99 90 77 77 75 90 90 75 75 64 64 69 90 90 110 114 111 111 111 109 116 143 147 147
23 23 23 31 32 32 24 32 32 32 32 32 33 32 28 28 30 27 30 41 49 38 38 39 45 40 40 40 40 42 40 46 46 38 43 43 39 66 66 39 66 84 93 94 97 72 73 62 69 68 67 67 62 89 67 67 67 62 73 88 74 88 97 97 98 101 89 75 75 76 91 90 90 90 75 69 69 69 110 90 90 110 111 92 112 110 116 127 147 117
23 24 32 31 32 24 32 32 32 32 32 33 33 33 28 28 26 27 30 30 45 45 49 38 44 40 40 46 46 46 40 39 41 47 43 49 83 92 83 67 67 84 94 87 72 61 74 62 69 64 64 69 68 89 89 88 73 67 67 73 74 62 74 74 74 74 74 63 75 100 91 75 90 64 89 69 109 106 90 107 110 91 112 108 112 108 126 127 148 118
24 32 24 24 24 32 32 32 32 25 32 33 33 32 32 33 33 29 27 27 31 42 45 49 44 39 40 46 43 43 41 47 43 47 43 92 96 83 83 84 84 93 94 98 87 87 89 63 64 63 69 91 89 110 111 88 62 62 62 67 67 68 63 63 63 63 68 63 63 75 64 64 90 105 89 109 69 106 106 106 111 91 108 111 111 126 147 147 128 147
23 23 23 23 24 32 32 32 32 25 32 28 26 26 26 28 28 29 27 30 31 31 31 49 49 44 40 40 40 39 41 47 47 47 44 49 67 67 84 84 93 94 98 96 86 73 62 63 63 64 68 91 89 88 109 88 67 62 67 63 62 68 63 75 63 63 63 68 63 74 89 69 69 90 89 69 69 69 69 69 90 70 70 111 112 116 129 129 130 132
24 23 23 25 24 25 32 32 32 33 28 29 29 30 30 28 29 29 27 27 27 31 28 31 42 49 39 39 39 41 41 47 44 44 44 49 50 84 93 94 96 86 71 96 86 72 67 67 68 69 89 69 69 67 67 109 67 62 68 68 63 89 74 63 74 89 63 63 68 63 89 89 89 69 90 69 64 64 64 64 64 76 76 70 92 72 115 118 130 120
24 25 24 25 32 32 32 32 32 33 28 29 29 30 30 27 27 27 27 31 31 31 31 31 42 46 50 44 44 41 41 48 48 48 44 44 40 67 94 94 96 71 71 97 97 97 72 61 62 62 75 75 68 68 62 67 89 89 110 111 68 68 68 89 63 63 89 68 109 68 89 89 68 90 69 69 69 64 64 76 64 76 76 70 114 114 114 114 118 132
32 32 32 32 32 31 27 25 27 32 28 26 26 26 27 27 29 30 29 31 42 42 46 46 42 50 50 44 44 39 40 40 45 41 42 49 45 85 98 96 96 86 97 99 99 100 96 96 88 62 62 62 68 68 62 67 89 67 110 114 107 106 106 110 110 110 110 105 105 110 89 110 110 89 89 69 90 69 69 69 64 64 76 65 65 65 91 70 93 114
32 31 31 31 27 27 27 25 26 28 28 26 26 26 30 30 30 31 31 42 49 49 46 49 49 50 50 50 50 45 45 45 45 42 49 42 41 85 98 99 99 97 97 96 87 100 98 98 98 61 67 68 68 68 62 62 67 68 68 62 68 110 106 114 114 124 124 106 110 110 110 113 105 110 106 90 63 90 90 69 64 70 70 91 112 91 70 65 93 114
32 31 31 31 27 27 25 27 32 32 32 26 26 27 41 41 27 27 42 45 45 45 49 49 44 39 44 47 47 45 45 45 42 49 41 51 68 94 99 95 95 97 100 100 87 98 87 72 73 90 112 113 108 62 62 62 89 89 89 111 106 110 89 110 114 110 90 90 111 111 111 106 106 106 112 111 110 63 64 64 77 65 92 108 112 112 113 92 92 93
24 32 32 31 31 32 33 32 27 28 32 28 28 27 30 41 31 45 48 49 49 45 46 46 49 44 39 44 45 45 45 45 40 49 49 49 41 51 69 86 96 96 87 98 98 87 87 88 88 61 90 91 68 68 90 89 89 89 106 106 111 106 114 111 106 114 114 114 126 142 125 125 105 111 111 111 111 90 90 69 70 91 91 91 91 108 108 108 113 113
24 24 25 25 32 33 33 33 32 28 28 28 28 27 27 31 31 42 45 45 49 49 49 49 49 44 39 45 45 45 45 45 42 45 41 41 41 51 69 87 96 100 97 97 101 101 98 99 99 73 62 68 68 62 68 68 68 68 90 106 115 115 106 90 106 106 115 115 142 146 117 145 142 126 126 115 115 106 111 91 91 113 91 91 92 108 117 117 92 113
25 25 24 25 26 33 26 33 32 33 32 27 27 30 41 31 31 42 42 31 42 46 46 49 44 50 44 45 45 45 40 45 42 50 46 42 52 52 52 87 87 101 97 88 97 101 102 88 88 73 74 62 69 62 90 90 68 90 90 107 106 106 112 90 112 111 111 111 126 143 118 118 142 143 126 116 127 127 115 107 107 116 114 113 109 109 130 117 110 117
25 25 26 26 25 26 26 33 32 32 33 27 27 30 31 41 41 42 31 31 45 49 44 44 39 44 44 50 50 45 45 42 50 50 50 42 42 42 52 70 88 97 97 101 88 88 102 102 99 100 100 74 92 62 90 90 112 112 107 90 107 107 112 90 68 90 112 106 106 106 127 119 147 126 111 106 128 128 116 116 107 117 109 109 117 130 130 130 131 131
32 32 32 26 33 26 32 32 28 28 28 28 30 41 41 31 31 31 31 32 46 44 39 39 39 39 40 45 50 40 42 42 50 42 52 46 47 42 52 71 97 97 89 87 73 73 88 102 103 103 89 89 68 114 113 108 116 116 116 107 107 91 91 68 68 91 112 91 91 90 106 106 115 106 106 116 128 128 129 129 116 117 130 130 131 118 119 119 156 151
31 31 31 32 31 32 32 26 26 30 28 28 29 27 48 44 45 45 45 49 49 49 44 44 39 44 40 40 40 40 40 42 42 47 42 52 52 43 43 71 89 98 89 98 88 61 61 103 103 103 103 89 68 91 114 114 113 107 113 113 91 68 69 113 107 107 116 107 112 128 116 116 116 116 128 145 128 146 129 148 117 108 149 149 131 110 119 157 157 126
31 31 27 25 25 26 26 26 26 30 30 30 41 41 41 41 45 48 48 49 44 39 39 39 44 40 40 50 42 50 51 47 47 52 52 53 53 53 53 53 89 89 98 99 88 73 100 100 103 89 89 74 91 91 68 92 92 114 69 62 91 113 113 91 107 91 113 113 107 128 128 128 116 128 128 116 129 129 117 130 130 118 118 131 132 132 151 152 153 128
26 26 27 25 26 27 26 26 30 30 40 30 31 31 41 41 42 42 42 45 49 44 39 39 40 44 40 50 51 51 42 43 47 47 43 43 43 43 43 54 54 72 99 99 103 100 103 100 101 89 74 74 62 114 91 114 109 115 115 92 114 114 114 107 107 117 117 117 146 129 117 129 129 146 147 152 153 148 130 124 70 125 125 131 119 119 152 153 154 154
26 25 27 25 27 26 26 28 26 27 40 30 27 31 41 42 31 32 32 46 49 44 44 44 44 44 40 42 42 51 40 41 47 43 53 53 43 54 44 48 44 72 90 100 91 100 100 101 101 89 74 62 68 92 92 115 109 115 115 115 115 118 108 108 108 118 117 117 129 129 117 152 147 147 152 124 124 150 150 155 70 110 111 151 132 110 110 119 133 133
28 28 28 29 26 26 26 28 27 30 30 30 31 28 31 42 42 42 42 46 49 49 44 44 44 45 45 40 40 43 43 43 43 43 53 71 54 44 44 44 54 54 73 91 91 100 101 101 101 89 74 74 68 68 92 92 92 92 115 108 118 130 118 108 148 130 130 130 130 118 130 130 148 148 148 149 150 131 150 156 156 70 70 158 158 133 120 116 111 120
28 38 29 39 39 39 26 28 28 27 27 31 31 28 31 42 45 45 45 46 49 44 39 40 40 45 45 45 40 40 43 48 48 48 44 54 54 54 54 44 44 55 55 55 55 92 92 105 90 90 74 62 69 62 62 69 69 63 116 109 119 119 119 108 131 149 149 108 114 114 108 131 150 156 149 131 131 132 132 151 132 157 158 159 153 153 154 134 155 155
38 28 39 29 29 29 26 28 32 28 28 27 31 31 41 42 42 48 45 46 49 44 44 50 40 40 40 45 40 45 43 52 48 53 53 49 49 44 45 45 49 55 74 55 56 74 105 105 90 90 74 90 74 102 62 62 69 63 69 116 116 109 109 108 108 108 108 115 92 115 115 108 110 133 131 119 120 120 119 109 109 119 120 120 134 134 155 131 156 135
41 38 29 29 26 26 26 28 28 28 27 31 41 41 42 42 42 45 42 32 43 46 46 47 50 45 45 40 43 52 43 43 43 53 53 49 49 55 55 45 45 45 74 74 56 75 105 102 102 74 74 62 69 69 69 69 93 69 69 93 116 109 109 116 116 116 116 93 115 115 115 116 111 111 133 152 120 109 119 116 109 109 110 120 134 71 113 113 147 147
40 44 39 39 26 26 26 28 32 28 29 27 31 31 45 42 42 42 32 33 43 46 46 47 47 45 40 40 40 41 43 43 44 44 53 49 49 45 45 45 50 56 74 56 102 102 105 102 102 102 90 69 69 93 93 93 69 69 93 70 110 121 109 120 133 109 93 109 120 132 120 109 110 153 121 134 135 133 120 109 110 110 110 155 156 132 71 71 115 115
39 36 40 42 39 26 26 28 28 32 33 33 28 41 42 42 45 45 43 33 33 43 46 50 50 45 45 40 41 41 41 41 44 44 54 54 50 50 50 50 50 75 75 75 75 76 106 106 103 90 75 75 75 62 117 117 63 63 70 70 110 121 121 121 133 121 117 109 152 133 109 120 120 121 134 154 121 120 120 110 134 121 110 135 156 134 134 134 135 136
39 40 40 42 39 30 28 28 28 32 33 33 29 31 32 42 45 45 43 43 43 46 49 50 50 45 40 43 41 41 45 46 44 44 44 44 54 50 46 50 46 75 75 75 76 94 103 106 91 103 75 75 75 63 118 111 94 70 94 94 110 121 121 121 134 134 121 121 153 153 134 134 133 120 121 154 135 110 110 110 135 121 122 111 112 165 135 167 168 169
39 40 44 39 26 26 27 28 30 27 29 29 28 28 30 29 42 45 43 43 43 46 49 50 50 40 40 41 41 41 41 44 54 54 54 55 50 46 46 56 75 75 47 57 76 95 103 107 91 91 91 75 75 63 70 118 118 118 118 118 118 110 110 110 134 134 135 135 122 135 134 121 121 121 134 131 161 155 155 155 156 136 136 123 137 159 167 168 161 162
44 41 39 29 27 28 28 28 27 27 28 33 29 28 29 29 42 45 43 43 43 46 49 44 40 40 50 45 45 45 44 50 46 46 46 51 51 46 51 51 51 47 47 57 76 95 95 96 104 105 105 105 104 104 76 70 63 70 94 94 119 94 118 110 118 118 110 155 155 122 155 121 135 154 161 161 132 132 78 78 134 158 137 159 161 161 161 168 169 162
41 29 26 26 32 28 28 32 28 27 31 31 41 32 42 42 45 45 46 43 43 43 44 44 50 50 48 48 51 45 44 50 50 55 55 55 55 45 42 56 56 56 52 58 77 58 58 58 96 78 78 97 109 109 76 63 63 63 63 64 64 64 119 119 155 110 112 137 156 163 156 156 155 155 162 162 162 163 117 117 78 166 159 160 139 139 169 169 170 171
38 29 26 27 32 28 28 32 32 32 28 31 32 42 42 42 42 48 46 43 43 44 47 50 50 47 48 48 48 51 41 44 44 55 55 51 56 56 45 45 56 56 46 56 57 48 48 59 105 108 104 106 109 105 92 63 63 70 63 77 64 95 123 123 123 124 124 124 157 158 164 157 136 111 157 157 164 135 136 137 166 137 137 168 168 169 169 170 119 141
29 26 26 27 28 33 33 32 29 29 28 31 32 32 32 42 42 43 46 46 43 44 44 44 47 50 50 45 45 45 41 44 45 45 45 56 52 56 45 46 57 57 52 48 48 48 48 59 97 106 106 106 109 92 76 63 63 95 120 120 120 111 111 137 124 124 124 125 125 159 158 157 157 137 157 137 165 138 138 160 168 138 140 139 169 139 140 171 172 78
29 29 26 31 28 32 32 32 29 29 29 28 32 32 32 32 43 43 33 43 46 34 34 44 47 48 45 41 41 46 41 56 51 56 56 56 52 57 42 42 46 57 53 59 48 53 49 49 98 98 109 109 107 106 93 76 63 121 96 112 124 112 124 124 138 124 158 158 125 125 125 124 137 137 158 158 158 158 138 159 161 139 141 140 170 171 171 163 173 174
29 29 29 29 27 27 28 27 28 28 28 32 32 42 32 33 43 46 43 43 44 44 44 47 47 48 50 45 41 44 45 52 52 56 56 57 52 48 57 57 57 53 53 49 49 53 59 98 98 98 107 107 106 106 106 93 63 96 96 121 121 121 112 112 111 125 139 138 125 113 115 125 124 124 158 159 166 137 167 160 169 139 171 140 141 172 172 173 81 166
26 26 26 26 30 40 40 31 31 31 41 44 42 42 42 42 43 43 43 43 46 47 47 47 47 45 45 41 45 46 45 52 52 45 57 57 57 48 53 53 58 46 46 53 49 49 60 79 80 99 107 108 108 106 93 93 63 64 64 64 96 96 121 112 125 126 126 139 112 125 113 125 139 124 167 138 138 84 139 139 170 141 141 83 122 142 82 144 144 145
26 27 26 26 30 30 30 40 40 43 41 44 44 42 42 42 43 43 43 34 44 44 47 47 50 50 45 44 41 45 57 57 57 45 57 57 53 48 49 53 58 58 58 58 54 49 49 50 60 80 100 100 108 106 93 77 63 96 71 122 96 96 97 112 125 161 126 112 112 121 122 125 125 125 139 139 85 85 85 84 84 124 163 122 173 173 83 83 145 146
31 31 27 27 28 27 40 40 41 31 31 41 42 44 42 45 45 46 46 46 46 47 44 47 50 50 45 41 41 41 46 45 45 45 58 58 58 53 53 49 49 49 60 60 54 50 80 80 80 108 111 111 109 101 107 94 64 71 71 122 122 122 122 126 140 169 161 112 112 122 121 121 112 125 140 87 140 140 85 85 155 156 156 123 85 84 124 158 84 124
