08 Ecocrop/raster/current/prec_3.asc
ncols        683
nrows        518
xllcorner    -87.691666666667
yllcorner    10.708333333333
cellsize     0.008333333333
NODATA_value  1.#QNAN
[rows 336 to 377 of 518, columns 188 to 281 of 683]
6 6 5 11 12 13 13 13 13 13 13 14 12 10 11 11 15 16 12 14 17 17 16 19 20 20 10 8 10 20 16 17 17 16 16 16 16 17 16 19 14 13 13 14 12 8 22 16 17 19 17 14 15 16 15 11 9 14 17 17 19 23 12 19 20 27 30 29 23 20 17 14 15 17 18 18 18 19 15 12 21 16 18 16 16 11 14 17 19 22 23 28 21 14
7 5 6 11 12 12 9 9 11 11 13 14 15 14 14 14 14 15 15 9 15 16 17 16 20 10 7 8 10 10 19 16 16 17 17 16 16 17 16 20 14 10 7 11 10 10 17 16 17 17 17 17 9 11 12 15 9 16 17 18 19 16 10 10 10 18 23 21 21 18 13 14 18 17 16 18 18 20 18 16 13 20 9 10 8 13 16 11 17 18 19 30 32 30
6 6 6 9 12 11 12 13 13 13 14 13 14 14 8 11 8 8 14 11 14 16 16 17 19 20 8 7 10 10 13 13 13 20 17 16 16 16 18 18 14 14 7 9 7 20 17 16 16 16 13 13 15 15 12 10 15 11 15 15 17 19 23 25 23 20 20 20 20 18 15 15 19 18 13 16 13 18 19 20 18 16 19 12 8 13 16 18 14 13 20 30 28 27
6 5 14 12 12 11 12 9 10 13 10 10 7 10 10 13 11 8 8 11 14 11 14 16 18 8 7 8 8 8 7 8 9 13 18 16 17 18 21 13 7 11 13 8 7 19 17 16 14 15 8 15 13 18 22 8 11 15 15 14 15 17 18 19 20 20 19 17 16 15 13 17 17 19 18 13 17 14 17 15 14 19 12 19 16 16 17 17 15 11 18 27 28 30
5 7 12 14 12 9 13 6 12 12 9 10 12 12 14 15 15 10 8 13 13 11 8 16 18 8 7 8 13 18 8 8 9 13 19 21 18 16 17 20 7 8 12 12 6 19 21 17 16 16 8 14 8 13 18 8 11 16 15 17 17 17 18 17 18 17 15 13 12 16 16 10 17 17 18 10 16 11 13 14 13 15 14 16 16 16 17 17 17 11 18 18 20 27
5 7 13 14 13 8 8 13 9 13 13 13 13 15 15 15 16 16 13 16 16 16 14 16 18 8 9 7 7 7 8 6 9 7 8 7 8 21 16 20 21 6 8 12 7 20 19 17 17 16 11 14 10 10 14 14 9 17 20 20 19 20 19 17 17 13 12 10 16 16 17 13 13 16 18 17 16 16 17 13 16 11 11 17 13 13 17 18 16 13 19 28 18 19
5 4 13 11 12 8 17 8 6 15 14 14 15 15 15 14 14 14 15 16 16 16 16 17 19 7 10 11 11 9 11 11 9 11 9 11 11 9 6 6 9 9 7 8 7 13 19 21 17 16 14 15 14 15 14 14 17 24 13 23 23 26 24 19 20 17 13 12 16 16 17 16 16 13 15 15 17 18 17 14 17 17 16 17 12 15 17 13 11 11 16 21 22 29
6 15 8 12 22 25 22 17 13 14 16 14 14 16 17 14 14 15 16 14 16 18 19 18 7 8 9 8 8 11 11 11 7 7 7 8 8 8 8 12 7 7 6 6 6 6 7 21 17 19 17 17 11 11 14 16 18 16 16 21 23 27 28 27 23 20 16 13 12 12 15 12 16 16 12 10 16 18 19 16 13 15 17 10 13 9 10 17 17 17 17 17 16 18
4 13 10 22 22 22 9 12 9 14 14 14 16 16 8 6 6 6 6 6 6 6 6 8 10 7 9 9 8 11 10 9 8 8 7 7 7 7 8 8 11 9 9 9 6 6 6 6 9 20 22 16 14 11 11 16 16 17 18 23 11 12 19 29 23 22 18 16 15 12 12 15 12 12 12 10 13 16 10 13 16 17 16 12 7 7 15 15 13 13 13 16 17 14
11 12 10 12 12 18 9 12 9 15 14 14 14 17 5 9 9 8 8 8 10 10 10 7 8 7 9 8 7 8 8 8 9 9 8 8 8 7 7 8 8 11 9 8 6 6 7 9 21 17 17 17 14 11 11 16 17 17 18 23 25 14 20 27 22 23 20 16 15 16 15 12 9 9 15 12 12 14 15 15 13 16 17 17 12 9 9 7 9 9 10 13 13 10
8 13 8 8 12 22 22 12 14 12 14 14 13 17 5 7 7 9 9 9 10 10 10 8 7 7 9 8 8 6 8 8 8 6 9 9 8 8 7 7 8 9 9 6 6 6 7 19 19 16 16 15 14 11 11 16 17 17 17 24 27 17 27 26 28 22 22 19 17 18 17 12 9 9 14 14 11 9 15 12 12 16 15 17 15 9 7 22 7 12 12 9 12 12
12 10 12 23 26 26 23 12 14 13 13 14 15 13 16 9 5 7 7 7 8 9 10 7 7 6 8 9 9 6 7 8 8 9 7 9 11 9 8 8 8 9 7 6 6 9 7 7 22 16 16 16 17 16 16 17 16 16 18 22 25 27 25 26 27 29 23 22 21 21 21 19 16 12 15 15 12 12 14 11 12 16 17 17 17 16 9 23 18 7 7 7 12 12
12 9 18 23 18 18 13 13 14 14 17 17 13 15 15 5 5 5 5 6 6 7 7 7 6 6 7 8 9 6 6 7 8 10 10 11 10 9 9 7 7 8 9 6 6 11 11 6 6 9 7 7 20 17 17 20 16 18 18 21 23 24 24 25 23 18 18 19 28 22 23 21 20 20 20 19 15 14 14 14 14 14 16 17 18 17 17 12 7 12 18 12 12 15
13 9 9 9 13 13 11 9 11 13 14 5 15 13 15 16 6 8 7 7 7 8 6 6 7 7 7 6 7 6 6 6 6 7 7 7 6 7 7 6 6 7 9 11 11 11 11 7 7 7 20 17 17 15 16 18 16 15 16 17 19 19 17 23 25 16 16 9 9 23 27 30 31 28 27 21 17 17 15 15 15 17 19 18 18 21 13 16 15 8 7 12 16 7
13 11 9 9 9 11 11 11 11 10 14 7 4 5 13 18 8 6 8 8 8 6 5 7 8 8 8 10 7 7 6 6 6 6 6 8 9 9 7 6 7 7 8 9 11 11 5 7 13 9 20 17 16 8 11 14 18 18 18 19 20 18 15 14 14 19 25 10 9 11 17 19 26 27 26 20 18 19 17 14 11 14 19 17 19 15 12 16 16 7 13 13 9 16
11 9 9 13 11 9 13 13 11 11 10 14 5 6 7 16 6 5 8 7 5 7 9 5 12 12 12 6 10 6 8 9 9 9 9 9 9 9 8 7 7 8 7 9 11 11 9 5 7 6 7 22 20 16 8 11 12 19 21 20 18 15 16 15 8 14 23 16 26 15 12 18 19 25 26 27 27 25 20 17 9 12 12 11 11 9 9 15 12 7 7 6 7 7
11 15 15 14 15 14 11 11 11 11 11 6 16 4 6 8 6 5 5 6 5 7 9 5 8 19 19 8 7 8 7 7 7 7 7 7 8 9 6 6 7 7 7 8 9 11 9 11 11 11 9 9 22 17 15 11 11 15 19 20 17 14 16 16 12 8 16 18 20 19 25 24 25 25 24 18 25 28 26 18 16 13 13 15 17 16 12 15 12 13 19 18 7 13
14 14 14 10 14 15 12 12 11 9 9 9 15 4 4 6 5 5 5 5 5 6 9 7 6 5 6 5 5 7 8 7 8 8 8 7 8 9 7 6 7 6 7 8 8 11 11 11 11 9 11 7 22 20 15 14 8 11 18 19 18 14 11 15 8 8 14 16 18 17 17 24 24 26 26 28 20 28 21 18 17 10 13 15 16 9 9 12 9 9 23 19 7 15
14 14 11 11 14 11 7 7 14 12 9 9 6 15 6 6 5 6 6 6 6 7 8 7 8 9 7 6 8 7 8 8 8 9 9 8 8 9 6 6 6 6 7 8 7 10 11 9 9 8 8 11 7 9 22 17 16 17 18 18 19 15 12 8 14 14 15 17 17 15 14 15 15 19 27 20 28 30 21 19 13 13 15 15 15 12 7 9 15 12 7 9 9 9
14 14 13 7 13 13 13 10 7 14 9 13 13 15 4 8 6 8 4 6 7 7 7 8 7 5 7 7 9 14 11 9 8 9 9 8 8 8 6 6 6 6 7 7 7 8 8 8 8 7 7 8 12 9 9 5 5 10 23 22 17 17 16 17 18 18 18 17 17 16 9 12 14 15 20 21 17 33 22 21 17 10 17 16 17 16 9 9 16 15 13 12 12 12
12 15 15 16 15 14 13 10 7 15 12 9 13 11 16 7 6 6 6 7 6 6 7 9 6 7 10 14 14 14 14 11 9 8 8 7 7 7 8 6 6 6 6 6 7 6 6 6 7 7 7 7 8 8 8 9 9 10 9 17 18 18 21 24 23 17 18 16 18 17 14 11 19 18 25 11 11 20 32 31 22 27 19 15 16 15 16 13 16 17 13 16 16 15
10 13 13 14 14 14 16 15 14 14 7 14 14 11 14 15 5 4 8 8 8 8 6 5 6 8 8 14 14 16 16 9 7 8 7 7 7 8 9 6 6 6 6 6 6 6 6 6 6 7 7 7 7 8 8 8 8 12 9 5 7 7 12 12 7 5 10 21 24 17 18 8 15 18 27 26 23 12 27 33 32 24 20 16 13 17 17 17 13 13 16 13 16 16
15 14 15 15 15 15 16 16 15 16 15 15 10 14 15 15 7 5 4 4 4 6 5 8 8 10 10 16 16 16 14 10 9 7 7 7 7 7 7 9 9 8 9 9 6 8 6 6 6 6 6 6 6 6 6 7 7 7 7 7 8 8 9 8 8 12 12 9 7 24 18 14 11 18 19 19 20 28 26 32 33 26 24 16 13 17 17 16 13 15 15 9 12 12
15 15 15 15 15 16 15 15 15 15 15 16 14 7 13 10 14 4 4 7 7 4 5 7 7 13 13 16 17 17 17 14 10 10 7 7 7 7 7 7 7 9 9 9 6 8 8 6 6 9 6 9 7 7 7 7 9 9 7 6 7 7 8 8 7 8 12 12 5 25 18 14 14 19 19 18 25 22 31 31 34 33 25 20 9 16 16 17 12 12 12 13 16 16
15 14 15 15 15 16 15 13 13 13 15 15 15 10 10 9 9 15 6 6 7 7 7 7 7 16 16 16 16 16 16 14 14 10 9 7 7 7 7 7 8 7 8 9 9 9 9 9 10 10 10 10 9 10 10 10 10 10 9 7 6 6 7 8 8 8 8 9 7 24 17 14 14 17 19 18 20 21 28 30 27 32 26 21 15 17 16 17 9 9 13 16 16 16
11 10 14 15 16 16 14 17 17 16 13 16 15 11 12 20 24 9 15 6 7 6 6 8 13 16 16 16 13 13 13 13 14 14 10 7 7 7 8 7 7 7 7 7 7 8 7 7 7 7 7 8 8 8 8 8 8 8 10 9 6 7 6 7 7 8 9 12 12 7 23 17 12 14 17 18 18 21 26 29 29 31 30 22 15 12 14 14 12 14 13 17 16 16
15 14 16 13 13 13 13 17 10 15 17 13 15 14 11 12 30 30 12 11 6 9 9 9 13 15 16 16 13 13 16 10 13 10 9 9 9 7 9 9 9 8 8 8 9 8 7 8 8 10 8 10 8 8 8 8 8 8 10 7 6 6 6 6 7 8 12 12 12 12 10 19 11 15 20 20 19 19 21 26 30 29 22 19 14 14 14 18 17 17 14 12 13 16
4 10 17 13 13 13 17 7 4 5 5 7 18 15 13 12 28 30 25 15 4 9 13 13 15 16 16 16 16 16 16 16 13 13 10 9 10 9 9 10 17 14 14 14 14 11 9 8 10 10 11 10 7 7 8 8 8 8 10 9 7 6 7 7 7 8 8 9 12 12 9 5 26 19 19 18 19 19 19 19 22 22 20 15 12 14 14 14 14 15 12 13 13 13
6 5 4 16 13 16 4 6 6 6 7 7 5 18 10 14 29 26 30 13 5 6 9 13 13 15 15 16 16 13 13 16 13 13 13 16 14 14 14 17 17 17 14 14 14 17 17 14 14 15 15 15 10 10 8 8 8 8 10 9 9 9 9 7 6 7 9 12 8 8 10 12 7 22 19 18 17 15 15 9 15 15 12 16 13 17 15 14 14 15 10 14 17 13
3 3 5 6 14 14 4 7 4 3 5 5 7 7 14 10 26 16 26 15 5 6 9 12 13 13 13 13 16 13 13 13 16 16 17 16 16 14 16 17 17 14 14 17 17 17 18 17 17 14 15 15 10 11 10 8 8 8 8 10 10 9 7 7 7 6 7 12 12 12 10 12 10 7 19 14 14 12 12 16 16 9 9 16 13 16 9 17 17 15 13 13 18 13
3 3 4 6 16 17 4 6 5 4 4 5 6 4 15 15 30 30 29 9 14 4 7 12 15 15 13 15 15 16 16 16 16 16 17 16 16 16 16 17 17 17 17 17 17 17 18 17 17 14 15 17 15 11 11 10 8 8 8 8 10 10 9 9 9 6 7 8 8 8 8 10 13 4 26 19 18 14 14 14 14 18 17 14 15 13 15 15 14 15 13 18 20 15
3 4 3 7 5 5 7 5 4 4 4 4 5 6 15 14 13 15 14 10 15 5 7 15 15 16 16 16 16 16 16 16 15 14 16 16 17 17 17 17 17 17 17 17 17 16 18 17 17 17 14 17 15 15 11 10 10 8 8 8 8 10 10 10 7 6 7 6 7 8 8 7 8 13 10 7 26 26 18 19 25 16 27 27 26 20 17 14 15 15 17 17 20 15
3 4 3 4 5 6 6 5 6 6 4 5 5 4 18 16 11 10 21 21 16 5 5 15 15 15 16 16 16 15 13 13 13 15 16 17 16 17 17 17 17 17 17 17 16 16 17 18 17 18 17 18 18 11 10 10 11 10 8 8 10 9 9 6 6 6 7 7 7 6 6 6 7 8 8 12 12 10 16 16 11 7 5 8 17 27 20 14 15 15 12 14 18 12
3 3 3 3 4 4 4 6 5 5 5 3 4 6 11 14 14 16 10 15 10 16 6 9 15 15 15 15 16 16 15 15 16 15 16 16 17 16 16 16 17 16 14 17 17 17 17 17 18 17 17 17 14 11 11 10 10 7 7 8 10 9 10 9 7 6 6 7 7 7 7 7 7 8 8 12 4 5 7 16 7 4 4 7 5 28 20 15 12 15 12 17 14 20
5 3 3 3 6 6 4 6 4 4 6 5 5 6 7 19 15 16 10 10 15 16 6 9 15 15 15 15 16 15 16 16 16 16 16 16 17 17 17 17 16 17 16 17 17 17 17 17 17 18 18 18 17 14 11 8 10 8 8 7 8 10 10 10 10 9 9 9 7 7 7 7 6 7 8 12 13 12 10 4 7 5 4 5 8 21 14 9 9 15 13 17 15 16
4 4 4 5 6 7 7 6 4 5 7 8 11 6 4 5 17 16 13 13 7 11 4 7 15 15 15 15 15 15 15 13 13 16 16 16 16 16 17 17 16 16 16 16 17 17 17 17 17 17 17 17 14 11 10 7 7 10 8 8 7 8 10 8 10 10 9 7 6 7 6 6 6 8 10 10 8 12 12 13 10 4 5 12 17 20 15 14 17 13 10 18 8 10
3 4 3 6 5 7 7 5 4 4 6 7 11 8 5 7 16 8 15 16 15 17 4 6 15 14 14 15 16 15 15 13 13 16 16 16 16 16 13 17 16 16 16 14 16 16 16 17 17 18 17 14 14 11 9 8 7 8 10 8 7 7 8 10 10 10 9 7 6 6 7 7 7 8 8 10 8 10 12 10 10 7 8 17 24 20 15 8 15 17 15 14 14 14
4 4 5 6 6 7 7 6 5 4 5 6 6 6 4 5 18 11 15 15 8 19 4 5 12 15 15 15 16 15 12 15 15 16 16 16 16 16 16 17 17 17 14 16 14 16 16 17 17 14 17 14 11 11 9 8 8 8 8 8 8 7 8 8 10 10 10 9 7 7 6 6 7 6 8 10 12 10 12 13 13 5 17 17 27 22 18 10 14 15 13 13 14 27
3 3 6 4 4 4 6 5 5 4 5 6 6 6 5 4 4 17 12 16 14 15 5 5 8 15 9 12 15 15 15 15 15 15 16 15 16 16 16 17 16 17 16 16 16 17 17 17 16 17 14 14 11 9 9 11 8 8 8 8 8 7 7 8 10 10 10 9 9 7 6 6 6 7 8 8 12 12 12 13 4 8 24 22 19 19 21 19 19 19 20 15 15 17
5 6 6 5 6 4 4 4 4 3 6 5 6 6 6 6 7 17 16 17 5 6 4 5 8 8 8 9 15 15 12 15 15 15 16 16 15 16 16 15 16 17 16 16 16 17 16 17 17 17 17 14 11 11 11 9 8 11 11 7 8 8 7 8 8 8 8 10 11 9 6 6 6 7 8 10 13 13 12 13 7 5 8 28 19 20 19 24 19 21 18 15 15 15
6 5 5 6 5 4 4 5 6 8 5 4 7 5 5 5 4 7 17 5 4 4 5 7 8 12 8 8 12 15 15 15 15 16 16 16 16 16 15 15 17 16 16 17 16 17 17 17 17 14 17 14 10 11 9 9 9 10 10 11 11 8 7 7 8 8 8 9 11 11 6 7 7 8 8 8 8 8 13 13 13 13 10 10 8 12 12 12 24 30 19 10 18 9
6 3 3 4 3 5 6 6 6 7 5 5 5 4 4 4 6 7 4 4 4 5 6 8 12 12 12 12 12 15 15 16 15 15 15 15 15 16 16 16 17 17 16 17 17 16 17 17 14 10 10 14 10 14 11 11 11 9 10 10 10 10 8 7 8 8 8 8 9 11 7 6 6 6 7 7 7 7 8 10 13 14 13 13 10 10 10 7 6 8 13 23 20 18
