08 Ecocrop/raster/current/prec_7.asc
ncols        683
nrows        518
xllcorner    -87.691666666667
yllcorner    10.708333333333
cellsize     0.008333333333
NODATA_value  1.#QNAN
[rows 380 to 417 of 518, columns 420 to 503 of 683]
492 501 509 516 507 488 522 532 537 536 515 555 653 562 566 570 574 577 685 589 692 593 544 596 598 598 694 695 600 572 573 604 574 555 554 563 564 563 596 766 766 767 769 681 770 1.#QNAN 1.#QNAN 1.#QNAN 1.#QNAN 1.#QNAN 1.#QNAN 1.#QNAN 1.#QNAN 662 662 661 767 660 585 1.#QNAN 1.#QNAN 1.#QNAN 1.#QNAN 1.#QNAN 1.#QNAN 1.#QNAN 1.#QNAN 1.#QNAN 1.#QNAN 1.#QNAN 1.#QNAN 1.#QNAN 1.#QNAN 1.#QNAN 1.#QNAN 1.#QNAN 1.#QNAN 1.#QNAN 1.#QNAN 1.#QNAN 1.#QNAN 1.#QNAN 1.#QNAN 1.#QNAN
487 567 511 465 583 599 530 537 627 638 646 651 563 657 664 576 580 680 685 586 537 539 542 544 596 695 695 695 570 571 602 603 573 566 554 595 596 596 680 680 680 597 598 598 681 1.#QNAN 1.#QNAN 1.#QNAN 1.#QNAN 1.#QNAN 1.#QNAN 1.#QNAN 1.#QNAN 769 662 662 661 766 584 1.#QNAN 1.#QNAN 1.#QNAN 1.#QNAN 1.#QNAN 1.#QNAN 1.#QNAN 1.#QNAN 1.#QNAN 1.#QNAN 1.#QNAN 1.#QNAN 1.#QNAN 1.#QNAN 1.#QNAN 1.#QNAN 1.#QNAN 1.#QNAN 1.#QNAN 1.#QNAN 1.#QNAN 1.#QNAN 1.#QNAN 1.#QNAN 1.#QNAN
456 493 575 579 580 511 518 531 535 552 503 555 558 563 651 669 529 532 585 530 583 688 593 595 696 696 695 597 599 566 566 566 554 565 553 562 562 596 597 597 597 598 597 562 562 1.#QNAN 1.#QNAN 1.#QNAN 1.#QNAN 1.#QNAN 1.#QNAN 1.#QNAN 1.#QNAN 681 769 682 681 766 658 1.#QNAN 1.#QNAN 1.#QNAN 1.#QNAN 1.#QNAN 1.#QNAN 1.#QNAN 1.#QNAN 1.#QNAN 1.#QNAN 1.#QNAN 1.#QNAN 1.#QNAN 1.#QNAN 1.#QNAN 1.#QNAN 1.#QNAN 1.#QNAN 1.#QNAN 1.#QNAN 1.#QNAN 1.#QNAN 1.#QNAN 1.#QNAN 1.#QNAN
493 494 576 582 581 581 480 492 506 632 627 636 559 557 568 568 576 581 685 584 685 585 558 561 562 563 694 565 567 568 565 565 565 565 553 562 562 563 563 563 563 597 597 597 561 561 1.#QNAN 1.#QNAN 1.#QNAN 1.#QNAN 1.#QNAN 1.#QNAN 1.#QNAN 682 769 769 768 680 764 1.#QNAN 1.#QNAN 1.#QNAN 1.#QNAN 1.#QNAN 1.#QNAN 1.#QNAN 1.#QNAN 1.#QNAN 1.#QNAN 1.#QNAN 1.#QNAN 1.#QNAN 1.#QNAN 1.#QNAN 1.#QNAN 1.#QNAN 1.#QNAN 1.#QNAN 1.#QNAN 1.#QNAN 1.#QNAN 1.#QNAN 1.#QNAN 1.#QNAN
573 572 569 579 588 518 516 497 534 627 626 633 642 509 657 572 671 571 577 579 581 553 557 557 559 593 690 594 562 563 563 564 569 570 564 553 562 563 563 554 563 553 562 562 597 561 549 1.#QNAN 1.#QNAN 1.#QNAN 1.#QNAN 1.#QNAN 1.#QNAN 596 768 768 595 680 679 1.#QNAN 1.#QNAN 1.#QNAN 1.#QNAN 1.#QNAN 1.#QNAN 1.#QNAN 1.#QNAN 1.#QNAN 1.#QNAN 1.#QNAN 1.#QNAN 1.#QNAN 1.#QNAN 1.#QNAN 1.#QNAN 1.#QNAN 1.#QNAN 1.#QNAN 1.#QNAN 1.#QNAN 1.#QNAN 1.#QNAN 1.#QNAN 1.#QNAN
568 572 505 569 587 603 609 530 532 530 535 629 644 652 565 570 669 572 576 548 548 550 553 554 558 591 589 592 560 561 564 566 568 602 570 564 562 562 562 562 553 552 551 551 550 558 557 548 548 1.#QNAN 1.#QNAN 1.#QNAN 1.#QNAN 558 767 767 767 765 763 1.#QNAN 1.#QNAN 1.#QNAN 1.#QNAN 1.#QNAN 1.#QNAN 1.#QNAN 1.#QNAN 1.#QNAN 1.#QNAN 1.#QNAN 1.#QNAN 1.#QNAN 1.#QNAN 1.#QNAN 1.#QNAN 1.#QNAN 1.#QNAN 1.#QNAN 1.#QNAN 1.#QNAN 1.#QNAN 1.#QNAN 1.#QNAN 1.#QNAN
563 568 570 500 592 607 616 497 535 535 629 546 552 649 558 563 567 571 543 546 554 543 545 550 544 559 552 550 556 560 563 562 567 562 568 553 553 553 553 562 562 552 560 573 573 573 557 556 547 1.#QNAN 1.#QNAN 1.#QNAN 1.#QNAN 557 683 684 766 765 656 762 1.#QNAN 1.#QNAN 1.#QNAN 1.#QNAN 1.#QNAN 1.#QNAN 1.#QNAN 1.#QNAN 1.#QNAN 1.#QNAN 1.#QNAN 1.#QNAN 1.#QNAN 1.#QNAN 1.#QNAN 1.#QNAN 1.#QNAN 1.#QNAN 1.#QNAN 1.#QNAN 1.#QNAN 1.#QNAN 1.#QNAN 1.#QNAN
561 560 494 464 507 519 527 529 628 551 542 544 648 649 522 544 534 538 573 544 546 543 552 543 547 551 584 580 582 554 560 563 561 551 561 568 562 569 570 552 552 560 559 572 572 607 557 556 547 558 558 557 557 557 595 684 766 765 656 579 760 1.#QNAN 1.#QNAN 1.#QNAN 1.#QNAN 1.#QNAN 1.#QNAN 1.#QNAN 1.#QNAN 1.#QNAN 1.#QNAN 1.#QNAN 1.#QNAN 1.#QNAN 1.#QNAN 1.#QNAN 1.#QNAN 1.#QNAN 1.#QNAN 1.#QNAN 1.#QNAN 1.#QNAN 1.#QNAN 1.#QNAN
440 443 450 502 468 515 494 499 630 550 638 512 549 522 525 543 546 535 572 575 553 554 555 554 542 540 547 683 684 588 555 561 562 598 599 600 601 568 561 560 560 570 606 571 571 571 570 571 554 558 546 557 557 595 595 685 766 657 656 578 654 1.#QNAN 1.#QNAN 1.#QNAN 1.#QNAN 1.#QNAN 1.#QNAN 1.#QNAN 1.#QNAN 1.#QNAN 1.#QNAN 1.#QNAN 1.#QNAN 1.#QNAN 1.#QNAN 1.#QNAN 1.#QNAN 1.#QNAN 1.#QNAN 1.#QNAN 1.#QNAN 1.#QNAN 1.#QNAN 1.#QNAN
475 478 456 464 474 515 493 494 491 495 499 506 512 518 540 543 531 567 537 540 541 543 545 555 552 542 541 546 677 590 557 558 559 562 598 600 601 567 560 568 568 569 569 605 605 605 605 605 553 546 546 557 595 686 686 595 686 656 655 577 576 1.#QNAN 1.#QNAN 1.#QNAN 1.#QNAN 1.#QNAN 1.#QNAN 1.#QNAN 1.#QNAN 1.#QNAN 1.#QNAN 1.#QNAN 1.#QNAN 1.#QNAN 1.#QNAN 1.#QNAN 1.#QNAN 1.#QNAN 1.#QNAN 1.#QNAN 1.#QNAN 1.#QNAN 1.#QNAN 1.#QNAN
479 493 460 505 604 521 488 490 502 487 521 540 546 515 554 542 528 566 569 538 540 538 542 578 545 545 582 583 683 589 557 558 550 559 562 599 688 687 565 566 567 603 604 604 682 681 602 605 605 552 545 545 596 595 687 686 685 656 577 532 575 1.#QNAN 1.#QNAN 1.#QNAN 1.#QNAN 1.#QNAN 1.#QNAN 1.#QNAN 1.#QNAN 1.#QNAN 1.#QNAN 1.#QNAN 1.#QNAN 1.#QNAN 1.#QNAN 1.#QNAN 1.#QNAN 1.#QNAN 1.#QNAN 1.#QNAN 1.#QNAN 1.#QNAN 1.#QNAN 1.#QNAN
438 492 503 469 475 478 482 481 504 515 513 527 510 515 554 523 543 529 567 536 538 538 549 542 545 553 553 550 587 553 556 593 558 559 559 598 687 686 599 600 565 602 683 682 601 601 601 678 678 604 551 551 544 556 687 687 763 762 654 576 575 575 1.#QNAN 1.#QNAN 1.#QNAN 1.#QNAN 1.#QNAN 1.#QNAN 1.#QNAN 1.#QNAN 1.#QNAN 1.#QNAN 1.#QNAN 1.#QNAN 1.#QNAN 1.#QNAN 1.#QNAN 1.#QNAN 1.#QNAN 1.#QNAN 1.#QNAN 1.#QNAN 1.#QNAN 1.#QNAN
441 493 459 466 472 502 477 472 481 489 523 502 509 514 518 521 541 535 537 547 536 538 547 542 542 544 544 552 586 682 590 591 558 558 559 596 597 598 598 683 598 599 548 549 681 680 679 678 677 677 566 544 544 556 556 555 594 655 761 654 575 652 1.#QNAN 1.#QNAN 1.#QNAN 1.#QNAN 1.#QNAN 1.#QNAN 1.#QNAN 1.#QNAN 1.#QNAN 1.#QNAN 1.#QNAN 1.#QNAN 1.#QNAN 1.#QNAN 1.#QNAN 1.#QNAN 1.#QNAN 1.#QNAN 1.#QNAN 1.#QNAN 1.#QNAN 1.#QNAN
488 493 584 585 505 497 470 475 526 533 495 528 530 534 536 520 540 542 544 546 547 539 538 540 541 542 578 579 582 585 552 684 592 592 683 683 683 597 545 597 596 598 547 547 599 600 679 678 677 603 550 550 549 549 557 556 595 687 761 654 759 758 1.#QNAN 1.#QNAN 1.#QNAN 1.#QNAN 1.#QNAN 1.#QNAN 1.#QNAN 1.#QNAN 1.#QNAN 1.#QNAN 1.#QNAN 1.#QNAN 1.#QNAN 1.#QNAN 1.#QNAN 1.#QNAN 1.#QNAN 1.#QNAN 1.#QNAN 1.#QNAN 1.#QNAN 1.#QNAN
482 444 494 499 459 496 472 482 490 533 499 528 506 510 514 537 521 541 543 530 532 534 536 538 575 673 580 675 580 585 682 590 682 539 591 591 594 542 526 526 526 595 544 546 546 547 547 599 602 602 602 564 565 565 548 555 595 688 687 686 685 757 1.#QNAN 1.#QNAN 1.#QNAN 1.#QNAN 1.#QNAN 1.#QNAN 1.#QNAN 1.#QNAN 1.#QNAN 1.#QNAN 1.#QNAN 1.#QNAN 1.#QNAN 1.#QNAN 1.#QNAN 1.#QNAN 1.#QNAN 1.#QNAN 1.#QNAN 1.#QNAN 1.#QNAN 1.#QNAN
480 443 446 493 467 505 519 524 528 493 522 526 505 546 512 516 519 540 541 527 566 568 571 573 538 539 578 579 673 583 585 680 587 589 588 537 538 540 539 524 523 524 540 526 527 530 531 547 677 602 602 564 564 564 564 541 554 594 761 687 686 684 1.#QNAN 1.#QNAN 1.#QNAN 1.#QNAN 1.#QNAN 1.#QNAN 1.#QNAN 1.#QNAN 1.#QNAN 1.#QNAN 1.#QNAN 1.#QNAN 1.#QNAN 1.#QNAN 1.#QNAN 1.#QNAN 1.#QNAN 1.#QNAN 1.#QNAN 1.#QNAN 1.#QNAN 1.#QNAN
482 484 483 489 467 509 479 523 528 530 495 499 542 545 510 513 554 556 522 525 527 529 569 669 573 538 539 576 663 580 676 587 583 533 532 533 532 535 539 539 524 525 539 523 524 528 546 546 598 676 676 675 602 602 547 545 540 553 688 760 759 757 649 1.#QNAN 1.#QNAN 1.#QNAN 1.#QNAN 1.#QNAN 1.#QNAN 1.#QNAN 1.#QNAN 1.#QNAN 1.#QNAN 1.#QNAN 1.#QNAN 1.#QNAN 1.#QNAN 1.#QNAN 1.#QNAN 1.#QNAN 1.#QNAN 1.#QNAN 1.#QNAN 1.#QNAN
489 494 489 493 466 506 510 481 486 530 494 537 540 542 546 549 552 536 521 540 525 542 530 569 533 534 669 578 576 581 669 579 580 525 527 574 582 587 589 539 522 521 523 536 537 525 542 545 598 676 675 675 674 673 561 561 543 552 593 760 651 757 570 1.#QNAN 1.#QNAN 1.#QNAN 1.#QNAN 1.#QNAN 1.#QNAN 1.#QNAN 1.#QNAN 1.#QNAN 1.#QNAN 1.#QNAN 1.#QNAN 1.#QNAN 1.#QNAN 1.#QNAN 1.#QNAN 1.#QNAN 1.#QNAN 1.#QNAN 1.#QNAN 1.#QNAN
491 493 495 497 501 470 510 509 485 489 532 535 538 541 640 643 551 515 518 559 523 541 542 567 531 571 573 577 574 664 663 654 657 573 520 518 577 671 672 589 536 536 521 535 536 541 527 529 545 597 597 597 673 672 600 544 539 552 551 689 758 649 569 1.#QNAN 1.#QNAN 1.#QNAN 1.#QNAN 1.#QNAN 1.#QNAN 1.#QNAN 1.#QNAN 1.#QNAN 1.#QNAN 1.#QNAN 1.#QNAN 1.#QNAN 1.#QNAN 1.#QNAN 1.#QNAN 1.#QNAN 1.#QNAN 1.#QNAN 1.#QNAN 1.#QNAN
449 496 495 500 504 507 510 509 515 485 490 493 537 540 638 547 550 513 516 519 538 539 541 539 566 526 570 664 660 564 563 644 570 569 519 510 527 583 669 671 537 520 514 529 532 537 591 595 596 596 599 599 672 599 599 543 539 552 593 690 570 569 499 1.#QNAN 1.#QNAN 1.#QNAN 1.#QNAN 1.#QNAN 1.#QNAN 1.#QNAN 1.#QNAN 1.#QNAN 1.#QNAN 1.#QNAN 1.#QNAN 1.#QNAN 1.#QNAN 1.#QNAN 1.#QNAN 1.#QNAN 1.#QNAN 1.#QNAN 1.#QNAN 1.#QNAN
493 453 499 501 464 511 470 475 478 482 529 520 523 499 542 639 548 646 515 532 533 539 523 524 660 566 539 527 524 525 560 647 564 563 567 569 571 660 659 665 662 582 580 584 589 589 591 542 543 595 595 672 598 598 598 540 552 551 593 691 650 756 522 1.#QNAN 1.#QNAN 1.#QNAN 1.#QNAN 1.#QNAN 1.#QNAN 1.#QNAN 1.#QNAN 1.#QNAN 1.#QNAN 1.#QNAN 1.#QNAN 1.#QNAN 1.#QNAN 1.#QNAN 1.#QNAN 1.#QNAN 1.#QNAN 1.#QNAN 1.#QNAN 1.#QNAN
579 514 588 591 463 503 502 470 474 480 484 487 519 523 525 503 506 532 534 536 537 538 521 564 565 540 539 528 569 562 514 563 649 567 570 572 570 579 666 665 669 587 588 586 591 592 593 594 594 594 593 593 597 557 557 556 537 551 592 758 649 648 647 1.#QNAN 1.#QNAN 1.#QNAN 1.#QNAN 1.#QNAN 1.#QNAN 1.#QNAN 1.#QNAN 1.#QNAN 1.#QNAN 1.#QNAN 1.#QNAN 1.#QNAN 1.#QNAN 1.#QNAN 1.#QNAN 1.#QNAN 1.#QNAN 1.#QNAN 1.#QNAN 1.#QNAN
578 514 586 519 594 462 461 515 474 512 514 513 516 518 524 500 528 529 532 514 536 537 521 522 523 535 535 522 523 565 516 569 572 570 573 577 578 662 667 586 586 667 588 589 590 590 538 540 592 592 540 535 591 668 555 555 536 592 692 758 757 648 647 566 1.#QNAN 1.#QNAN 1.#QNAN 1.#QNAN 1.#QNAN 1.#QNAN 1.#QNAN 1.#QNAN 1.#QNAN 1.#QNAN 1.#QNAN 1.#QNAN 1.#QNAN 1.#QNAN 1.#QNAN 1.#QNAN 1.#QNAN 1.#QNAN 1.#QNAN 1.#QNAN
492 496 584 588 592 461 467 471 474 512 513 512 518 519 523 524 501 546 507 552 514 532 536 520 522 536 536 520 519 566 526 541 534 573 574 578 540 580 538 539 542 586 532 534 531 578 579 586 593 592 589 533 589 592 665 663 536 592 692 756 648 566 566 520 1.#QNAN 1.#QNAN 1.#QNAN 1.#QNAN 1.#QNAN 1.#QNAN 1.#QNAN 1.#QNAN 1.#QNAN 1.#QNAN 1.#QNAN 1.#QNAN 1.#QNAN 1.#QNAN 1.#QNAN 1.#QNAN 1.#QNAN 1.#QNAN 1.#QNAN 1.#QNAN
575 495 498 502 505 461 465 471 472 476 477 511 516 490 522 522 523 503 507 509 553 532 536 536 537 522 536 520 524 570 530 542 576 532 535 538 538 540 540 537 579 581 659 580 523 519 573 580 667 591 664 532 587 664 663 663 552 550 592 693 647 565 565 519 1.#QNAN 1.#QNAN 1.#QNAN 1.#QNAN 1.#QNAN 1.#QNAN 1.#QNAN 1.#QNAN 1.#QNAN 1.#QNAN 1.#QNAN 1.#QNAN 1.#QNAN 1.#QNAN 1.#QNAN 1.#QNAN 1.#QNAN 1.#QNAN 1.#QNAN 1.#QNAN
574 511 583 501 458 460 464 514 516 519 475 477 527 531 521 522 529 527 529 530 532 534 516 559 562 563 565 567 527 528 529 533 532 538 533 530 536 539 537 535 653 655 576 569 520 522 572 575 586 662 584 584 662 592 592 593 591 551 534 757 756 565 565 518 1.#QNAN 1.#QNAN 1.#QNAN 1.#QNAN 1.#QNAN 1.#QNAN 1.#QNAN 1.#QNAN 1.#QNAN 1.#QNAN 1.#QNAN 1.#QNAN 1.#QNAN 1.#QNAN 1.#QNAN 1.#QNAN 1.#QNAN 1.#QNAN 1.#QNAN 1.#QNAN
573 578 582 500 456 460 464 514 604 606 610 612 527 620 491 522 524 525 528 529 531 533 534 535 536 563 655 536 525 537 539 531 528 535 532 533 539 538 537 577 573 647 567 515 567 569 576 576 582 584 578 528 582 589 658 657 653 549 547 694 756 694 645 563 1.#QNAN 1.#QNAN 1.#QNAN 1.#QNAN 1.#QNAN 1.#QNAN 1.#QNAN 1.#QNAN 1.#QNAN 1.#QNAN 1.#QNAN 1.#QNAN 1.#QNAN 1.#QNAN 1.#QNAN 1.#QNAN 1.#QNAN 1.#QNAN 1.#QNAN 1.#QNAN
489 577 497 451 456 507 509 514 516 519 522 524 482 530 534 538 540 500 527 548 509 511 514 516 518 520 536 536 537 527 537 537 537 533 533 530 538 537 535 579 654 647 639 642 638 564 576 659 658 656 647 576 656 658 546 534 532 532 531 590 590 694 754 644 1.#QNAN 1.#QNAN 1.#QNAN 1.#QNAN 1.#QNAN 1.#QNAN 1.#QNAN 1.#QNAN 1.#QNAN 1.#QNAN 1.#QNAN 1.#QNAN 1.#QNAN 1.#QNAN 1.#QNAN 1.#QNAN 1.#QNAN 1.#QNAN 1.#QNAN 1.#QNAN
507 509 581 585 588 592 509 466 516 531 534 613 528 531 534 537 629 632 545 547 550 552 513 533 534 533 534 534 535 536 535 535 537 537 525 525 531 538 539 579 656 650 648 577 575 573 580 654 659 656 582 586 589 659 534 533 590 589 589 590 754 753 643 561 560 1.#QNAN 1.#QNAN 1.#QNAN 1.#QNAN 1.#QNAN 1.#QNAN 1.#QNAN 1.#QNAN 1.#QNAN 1.#QNAN 1.#QNAN 1.#QNAN 1.#QNAN 1.#QNAN 1.#QNAN 1.#QNAN 1.#QNAN 1.#QNAN 1.#QNAN
505 508 579 583 587 506 509 464 515 605 533 485 488 619 489 492 539 541 544 547 506 552 511 532 531 532 533 534 534 534 544 535 537 529 522 525 528 534 538 536 581 576 656 576 644 651 581 656 657 586 584 588 588 589 534 547 591 590 589 754 753 752 642 752 750 561 1.#QNAN 1.#QNAN 1.#QNAN 1.#QNAN 1.#QNAN 1.#QNAN 1.#QNAN 1.#QNAN 1.#QNAN 1.#QNAN 1.#QNAN 1.#QNAN 1.#QNAN 1.#QNAN 1.#QNAN 1.#QNAN 1.#QNAN 1.#QNAN
505 573 577 511 586 590 508 511 513 603 531 483 486 617 532 490 493 496 498 502 505 507 509 530 530 531 540 533 533 534 543 535 535 526 526 525 526 530 537 538 538 580 655 653 573 575 582 585 585 544 544 545 543 545 534 546 590 590 589 696 753 1.#QNAN 642 641 641 1.#QNAN 1.#QNAN 1.#QNAN 1.#QNAN 1.#QNAN 1.#QNAN 1.#QNAN 1.#QNAN 1.#QNAN 1.#QNAN 1.#QNAN 1.#QNAN 1.#QNAN 1.#QNAN 1.#QNAN 1.#QNAN 1.#QNAN 1.#QNAN 1.#QNAN
570 571 573 462 512 515 519 522 523 526 479 532 535 616 619 534 492 539 498 501 504 527 527 529 530 531 539 573 575 576 542 532 531 527 518 521 521 527 532 536 538 536 579 575 649 648 652 653 541 543 533 533 543 585 587 531 545 588 589 589 1.#QNAN 1.#QNAN 1.#QNAN 1.#QNAN 559 560 1.#QNAN 1.#QNAN 1.#QNAN 1.#QNAN 1.#QNAN 1.#QNAN 1.#QNAN 1.#QNAN 1.#QNAN 1.#QNAN 1.#QNAN 1.#QNAN 1.#QNAN 1.#QNAN 1.#QNAN 1.#QNAN 1.#QNAN 1.#QNAN
567 570 503 505 457 510 464 467 593 523 477 531 534 537 618 533 536 538 497 499 502 526 526 528 529 530 538 539 540 532 576 541 540 527 522 525 524 531 532 578 537 580 580 654 654 582 653 651 583 533 542 532 532 542 541 529 543 587 694 1.#QNAN 1.#QNAN 1.#QNAN 1.#QNAN 1.#QNAN 1.#QNAN 1.#QNAN 1.#QNAN 1.#QNAN 1.#QNAN 1.#QNAN 1.#QNAN 1.#QNAN 1.#QNAN 1.#QNAN 1.#QNAN 1.#QNAN 1.#QNAN 1.#QNAN 1.#QNAN 1.#QNAN 1.#QNAN 1.#QNAN 1.#QNAN 1.#QNAN
445 450 499 500 569 508 513 518 595 524 478 531 533 535 616 619 535 538 628 630 632 548 525 527 528 537 538 530 531 575 540 532 532 540 574 538 541 532 531 533 535 579 655 580 654 582 582 581 538 541 541 584 584 541 529 588 589 588 1.#QNAN 1.#QNAN 1.#QNAN 1.#QNAN 1.#QNAN 1.#QNAN 1.#QNAN 1.#QNAN 1.#QNAN 1.#QNAN 1.#QNAN 1.#QNAN 1.#QNAN 1.#QNAN 1.#QNAN 1.#QNAN 1.#QNAN 1.#QNAN 1.#QNAN 1.#QNAN 1.#QNAN 1.#QNAN 1.#QNAN 1.#QNAN 1.#QNAN 1.#QNAN
444 446 498 502 571 575 582 588 520 474 528 607 524 477 479 617 620 537 540 543 545 547 505 526 527 512 529 530 531 531 531 531 532 531 529 528 529 525 530 531 533 653 653 580 538 538 538 650 581 539 531 530 530 529 542 698 752 699 1.#QNAN 1.#QNAN 1.#QNAN 1.#QNAN 1.#QNAN 1.#QNAN 1.#QNAN 1.#QNAN 1.#QNAN 1.#QNAN 1.#QNAN 1.#QNAN 1.#QNAN 1.#QNAN 1.#QNAN 1.#QNAN 1.#QNAN 1.#QNAN 1.#QNAN 1.#QNAN 1.#QNAN 1.#QNAN 1.#QNAN 1.#QNAN 1.#QNAN 1.#QNAN
446 448 452 573 572 507 581 505 592 596 603 606 524 476 480 532 534 537 539 541 629 545 546 524 509 555 557 559 517 530 531 529 518 521 520 521 520 524 528 531 575 650 651 651 579 537 532 537 537 530 529 529 528 542 1.#QNAN 1.#QNAN 1.#QNAN 556 1.#QNAN 1.#QNAN 1.#QNAN 1.#QNAN 1.#QNAN 1.#QNAN 1.#QNAN 1.#QNAN 1.#QNAN 1.#QNAN 1.#QNAN 1.#QNAN 1.#QNAN 1.#QNAN 1.#QNAN 1.#QNAN 1.#QNAN 1.#QNAN 1.#QNAN 1.#QNAN 1.#QNAN 1.#QNAN 1.#QNAN 1.#QNAN 1.#QNAN 1.#QNAN
495 499 503 503 574 576 580 505 510 513 600 528 608 526 528 483 487 536 538 540 543 627 629 503 507 509 555 558 515 517 519 520 519 519 567 642 567 571 528 530 530 575 573 648 648 536 531 531 537 529 529 528 1.#QNAN 1.#QNAN 1.#QNAN 1.#QNAN 1.#QNAN 1.#QNAN 1.#QNAN 1.#QNAN 1.#QNAN 1.#QNAN 1.#QNAN 1.#QNAN 1.#QNAN 1.#QNAN 1.#QNAN 1.#QNAN 1.#QNAN 1.#QNAN 1.#QNAN 1.#QNAN 1.#QNAN 1.#QNAN 1.#QNAN 1.#QNAN 1.#QNAN 1.#QNAN 1.#QNAN 1.#QNAN 1.#QNAN 1.#QNAN 1.#QNAN 1.#QNAN
557 499 505 576 497 582 514 590 594 514 516 603 607 606 609 529 533 620 621 539 542 543 498 500 505 508 509 525 527 528 529 519 519 565 567 565 566 569 570 529 574 574 647 575 647 578 530 530 529 529 542 541 1.#QNAN 1.#QNAN 1.#QNAN 1.#QNAN 1.#QNAN 1.#QNAN 1.#QNAN 1.#QNAN 1.#QNAN 1.#QNAN 1.#QNAN 1.#QNAN 1.#QNAN 1.#QNAN 1.#QNAN 1.#QNAN 1.#QNAN 1.#QNAN 1.#QNAN 1.#QNAN 1.#QNAN 1.#QNAN 1.#QNAN 1.#QNAN 1.#QNAN 1.#QNAN 1.#QNAN 1.#QNAN 1.#QNAN 1.#QNAN 1.#QNAN 1.#QNAN
