08 Ecocrop/raster/current/prec_5.asc
ncols        683
nrows        518
xllcorner    -87.691666666667
yllcorner    10.708333333333
cellsize     0.008333333333
NODATA_value  1.#QNAN
[rows 111 to 147 of 518, columns 336 to 419 of 683]
194 195 191 193 191 189 190 190 191 192 192 192 193 193 194 195 196 197 197 197 197 198 198 198 198 198 203 204 206 205 205 211 217 213 213 214 211 213 227 224 217 218 214 214 214 214 211 212 213 215 222 223 217 221 222 229 229 229 227 226 226 226 222 217 218 218 213 224 224 223 217 213 213 214 213 217 213 212 209 209 209 211 208 211
190 189 193 194 191 190 189 190 191 191 191 194 192 194 194 194 195 197 202 197 197 198 198 198 199 199 202 207 207 207 208 209 218 218 214 215 215 212 219 216 215 216 209 209 214 216 214 215 218 218 223 230 214 211 225 225 226 226 226 219 226 226 218 215 213 215 216 219 224 224 214 212 211 218 218 210 213 208 209 205 212 211 215 215
190 190 191 194 191 190 189 190 190 191 192 195 196 198 197 194 194 198 201 203 199 200 201 199 202 202 201 205 210 210 215 209 211 214 214 212 213 216 220 221 217 220 211 210 217 214 223 222 223 223 231 226 222 222 230 226 226 226 226 226 226 227 223 218 215 213 213 212 218 224 218 215 212 223 214 213 213 212 212 209 211 212 215 215
190 194 191 190 189 189 190 190 190 192 195 199 198 199 201 199 199 202 205 206 202 201 205 207 208 214 208 208 210 215 216 216 211 210 211 210 211 216 216 222 222 217 215 212 210 212 221 231 231 232 232 227 226 226 226 230 227 219 219 227 231 224 224 219 216 215 218 215 223 223 230 223 230 222 217 217 217 216 216 221 221 221 224 227
188 190 190 192 191 190 190 190 194 196 198 199 201 203 207 199 200 202 205 204 204 207 212 213 214 214 209 211 212 213 212 212 214 212 210 213 213 221 222 216 217 216 208 210 208 208 209 215 215 218 218 231 226 226 216 227 227 219 219 231 223 215 216 211 216 224 218 224 218 214 230 230 223 229 213 213 213 228 224 225 228 227 225 222
186 186 189 190 194 194 193 197 197 200 203 199 203 203 206 205 206 209 215 204 211 212 208 214 214 207 204 207 211 213 218 227 223 223 229 216 219 216 217 222 215 217 212 210 207 213 211 213 223 223 223 223 227 227 226 219 216 227 231 231 224 223 224 219 219 214 217 230 217 214 213 217 222 226 226 210 210 212 228 216 223 216 216 223
186 187 187 188 191 194 195 203 209 203 199 197 201 202 211 204 202 205 204 206 212 220 216 220 219 218 213 214 225 218 222 223 223 224 225 227 213 215 223 227 227 219 216 215 214 209 208 208 218 231 231 231 231 227 227 219 220 220 227 232 231 223 224 224 231 223 223 230 226 226 229 222 226 226 226 222 216 222 228 213 212 216 223 224
187 186 187 190 193 197 202 206 204 202 206 204 200 197 199 201 201 205 206 205 207 220 220 212 213 214 221 224 221 222 222 223 214 214 214 222 226 218 232 227 232 229 216 216 213 212 212 212 215 218 231 227 228 228 228 228 228 228 228 232 228 232 225 225 231 224 223 227 226 227 230 229 225 215 217 225 229 226 226 214 216 225 225 225
188 187 186 191 195 201 209 204 201 200 201 200 198 198 198 202 207 208 209 206 203 206 213 214 215 211 216 217 222 227 222 217 214 215 215 216 232 233 231 232 232 223 214 214 214 215 215 215 218 217 231 227 228 228 229 228 228 229 229 233 228 225 232 232 228 228 231 227 219 226 230 230 225 217 217 214 217 217 226 217 216 225 225 225
187 187 186 189 196 202 203 207 201 205 207 198 199 200 199 201 203 215 210 204 203 207 218 209 215 208 209 212 226 218 223 214 214 215 219 225 226 232 233 227 233 224 224 217 217 218 223 224 219 218 218 233 229 229 228 233 228 226 229 229 225 228 229 229 229 228 231 228 227 218 226 227 226 214 214 214 214 217 217 217 224 228 221 227
188 187 186 190 193 206 202 202 204 197 196 209 208 204 200 207 206 206 205 205 207 206 210 213 215 216 216 217 218 223 226 220 224 231 218 227 226 226 225 227 233 224 218 222 222 231 227 232 224 223 223 234 228 227 225 229 229 229 229 233 228 228 229 229 233 233 229 232 219 219 215 215 214 215 214 214 213 214 214 213 224 221 221 215
188 190 187 188 193 195 196 197 201 197 199 204 205 206 202 212 213 206 203 203 210 212 217 221 223 224 220 220 213 214 224 226 219 219 229 225 225 226 231 231 224 234 232 223 231 231 231 217 217 217 216 225 226 221 229 229 233 229 228 229 229 221 233 229 229 233 233 229 220 220 215 215 215 216 216 214 213 214 214 213 228 215 215 215
190 192 191 189 194 196 196 195 196 196 194 198 201 211 210 201 202 203 205 215 210 218 215 221 215 208 222 219 220 213 220 224 224 224 221 230 227 226 226 228 233 219 219 218 212 210 212 217 222 218 214 217 225 234 229 229 221 217 217 220 220 221 229 229 229 229 229 233 228 220 219 215 215 216 216 215 215 214 214 214 225 221 215 211
195 196 196 195 194 198 196 199 199 199 198 195 199 198 198 202 203 201 203 204 206 211 212 210 215 215 223 220 220 220 220 218 215 209 219 225 225 226 223 225 225 231 224 220 215 212 211 215 222 223 220 226 221 221 217 221 221 220 229 228 220 218 230 234 230 229 228 228 228 219 227 215 216 216 216 218 226 218 225 225 226 225 221 221
193 194 194 197 197 201 202 204 204 199 196 195 195 197 196 201 202 205 203 206 211 208 209 209 217 213 215 224 219 219 220 214 217 207 215 223 226 224 216 221 220 227 223 219 220 216 216 217 217 219 216 220 229 218 217 218 230 220 230 234 230 220 220 229 229 229 229 229 229 219 219 228 214 214 216 218 227 218 225 226 222 224 228 215
195 196 194 195 195 198 203 199 200 200 197 194 194 194 198 201 204 205 206 215 220 220 213 213 217 216 221 216 216 219 215 214 213 219 222 223 222 224 221 220 221 225 224 225 224 224 225 224 231 225 219 220 230 220 221 218 221 221 222 229 230 221 218 230 228 228 228 228 228 228 227 227 218 214 216 217 227 226 225 226 228 225 223 221
198 196 195 195 198 209 209 211 198 201 199 196 194 194 197 200 202 201 204 211 218 211 216 220 216 215 217 223 216 224 219 218 216 219 217 227 221 221 221 220 219 224 233 233 228 224 219 218 232 233 232 229 220 216 218 218 218 222 219 222 221 221 229 220 231 228 227 218 227 227 218 215 218 214 214 213 217 225 229 216 216 221 221 215
205 196 197 197 202 207 207 204 200 201 199 200 199 197 197 198 201 199 204 204 211 219 220 221 218 218 219 223 212 212 225 216 223 216 223 222 217 218 230 221 227 229 221 231 219 219 225 222 224 234 223 232 228 220 218 217 217 218 222 230 229 230 230 229 232 219 216 215 218 218 214 214 218 215 215 214 213 214 225 222 222 208 208 215
204 204 205 206 209 210 203 204 205 206 202 202 207 207 208 204 205 210 210 211 211 218 220 219 221 222 216 224 221 221 222 218 219 228 229 227 231 227 232 231 218 217 215 214 219 234 229 227 227 228 227 227 228 229 229 220 216 216 221 230 220 220 220 216 219 219 215 215 218 218 218 227 218 226 226 217 226 214 217 226 226 228 215 208
204 204 205 206 209 210 210 211 209 210 210 206 206 213 214 215 216 214 217 217 217 214 214 209 216 221 215 220 221 226 219 219 228 220 221 222 231 232 223 223 218 222 220 220 219 224 233 223 222 232 228 227 227 228 228 229 216 217 216 218 217 216 228 219 219 216 215 215 215 215 227 227 227 227 227 227 226 226 225 225 229 229 228 215
203 205 205 208 209 207 208 209 211 210 204 213 206 213 214 215 215 216 212 216 214 214 214 213 213 216 218 215 216 217 218 219 220 215 221 231 229 232 231 232 224 222 220 223 233 224 223 217 217 231 227 217 231 228 228 230 221 216 217 217 217 216 215 219 228 228 228 215 215 215 227 227 230 227 227 227 230 223 226 216 226 229 228 215
204 204 199 206 207 201 208 209 205 210 203 210 211 207 208 208 208 208 215 216 210 218 219 219 216 219 212 211 213 215 225 218 219 220 221 216 215 231 227 232 232 223 222 222 225 233 232 223 223 232 232 222 222 231 227 220 220 216 217 217 217 216 216 216 228 228 228 228 219 219 227 227 227 227 227 230 223 216 222 225 226 229 228 222
201 206 198 196 197 198 208 202 209 209 200 201 201 204 214 214 214 215 216 216 214 211 212 213 213 220 217 220 212 210 215 216 214 215 210 221 216 221 232 231 223 233 218 218 224 233 227 227 223 222 231 222 210 213 223 231 231 228 215 221 221 216 215 215 219 228 231 228 228 228 228 231 231 231 230 230 223 216 216 222 216 222 222 215
204 205 205 206 207 207 208 211 209 203 200 201 202 203 206 212 212 206 213 214 217 211 219 220 220 217 217 216 214 217 216 222 219 211 209 212 215 215 227 216 223 217 211 212 215 232 222 231 230 231 227 223 217 223 231 232 231 232 228 215 215 215 219 221 216 228 228 228 232 232 228 231 217 217 217 217 216 223 212 211 216 216 211 211
198 205 208 206 207 201 198 203 210 203 200 201 202 202 203 213 207 207 207 214 210 215 216 215 216 220 217 218 217 210 206 210 207 210 206 209 208 213 214 214 212 211 212 215 224 228 227 226 216 223 223 232 232 233 232 228 228 228 228 215 219 228 229 229 228 224 224 224 217 218 213 206 204 204 204 209 212 216 216 208 207 207 207 207
205 205 206 206 207 208 199 199 199 200 204 205 205 202 203 204 208 214 214 218 206 207 207 219 215 216 212 218 215 213 206 204 205 207 205 207 212 221 216 211 213 209 212 217 218 224 231 227 231 217 217 223 232 233 224 228 215 215 215 215 229 228 228 228 232 224 217 213 213 209 209 206 204 202 203 205 205 208 212 211 207 207 201 200
200 207 206 196 200 201 198 199 200 201 201 201 202 202 203 203 208 214 217 211 207 207 207 205 212 212 207 208 210 210 203 200 200 203 202 202 207 210 210 210 210 213 211 213 216 216 222 227 232 228 232 228 219 228 232 219 215 226 221 215 215 232 232 232 231 231 228 224 213 209 209 204 212 212 206 208 212 212 211 211 204 207 202 200
195 201 208 200 207 208 208 202 200 201 202 200 201 202 206 203 204 215 215 219 207 204 204 205 208 207 208 204 207 211 209 199 202 202 203 201 205 207 205 208 210 216 210 214 223 223 233 227 232 219 215 215 215 215 215 219 215 225 225 221 215 229 232 228 228 228 228 228 209 209 209 209 209 216 212 208 208 211 211 211 204 204 201 200
195 195 201 206 201 201 202 199 199 199 201 201 201 202 206 207 207 207 214 208 215 212 219 212 207 204 204 203 207 208 211 203 204 206 203 201 204 207 205 205 210 211 212 212 218 217 224 228 218 214 215 215 217 217 215 219 215 221 221 221 215 228 232 228 228 228 228 228 223 212 209 208 208 208 208 212 208 211 211 211 207 207 204 204
193 200 200 206 207 208 209 202 199 200 200 202 201 202 203 213 212 213 213 214 215 214 209 216 210 208 209 219 207 205 208 204 204 205 202 205 201 202 207 207 208 217 210 221 230 232 224 228 214 225 225 220 221 221 215 229 214 221 217 215 216 230 232 229 229 228 228 231 228 231 223 223 223 227 223 216 211 216 216 211 204 207 204 207
200 207 205 200 200 208 208 209 210 210 204 201 201 202 202 203 203 206 212 212 212 217 212 207 209 200 201 211 213 204 200 203 207 204 204 201 200 203 206 209 208 214 215 215 222 227 227 215 214 215 220 215 215 217 219 228 228 215 215 216 217 230 229 224 213 213 231 231 231 227 231 231 227 214 214 226 216 207 207 211 211 207 203 206
206 207 207 206 207 208 208 209 209 203 200 200 201 202 203 202 202 202 201 204 211 215 219 207 207 201 206 205 204 199 200 199 203 200 200 202 206 208 212 209 208 215 218 222 220 225 217 216 215 214 214 215 215 215 216 214 215 215 228 219 229 230 229 232 224 212 212 217 223 231 223 231 231 227 226 214 226 216 222 222 215 203 206 215
205 205 205 206 200 197 198 202 210 210 199 201 205 212 211 205 207 212 209 204 212 216 212 205 203 203 206 207 207 205 206 206 203 199 197 202 207 214 214 213 214 216 227 215 226 226 227 228 227 227 214 215 214 215 220 215 215 217 215 218 219 229 228 232 217 209 209 212 223 217 217 223 223 223 230 226 217 225 225 224 229 215 215 215
194 198 206 199 200 197 197 198 202 210 200 201 201 211 208 215 207 215 211 212 217 211 219 208 203 203 201 204 207 205 210 205 206 201 200 199 203 209 210 214 221 216 215 214 231 227 228 227 227 227 227 214 214 215 226 217 215 215 214 218 228 228 231 224 217 209 203 203 217 212 223 223 223 223 223 223 225 213 224 224 224 229 215 210
193 194 195 207 207 208 197 198 198 199 200 202 205 212 213 214 214 216 216 213 215 218 218 219 208 205 209 209 209 209 207 207 205 199 197 200 204 209 211 215 215 211 212 222 222 226 226 230 226 227 227 214 214 218 214 215 214 214 215 214 218 218 228 231 223 212 208 208 208 212 212 223 216 216 216 223 223 226 229 222 222 222 215 210
193 195 196 196 197 197 198 198 199 203 211 205 202 201 202 202 203 216 209 209 212 207 207 206 207 208 208 214 214 210 207 207 202 200 203 206 210 208 214 214 211 211 215 215 221 230 217 227 228 228 228 214 227 227 227 218 218 214 218 215 219 228 228 228 228 223 223 223 216 231 223 211 216 216 216 222 211 215 206 203 210 206 210 209
195 198 195 196 197 197 201 201 209 210 205 212 206 206 203 202 203 210 202 200 199 200 202 206 212 213 205 205 214 221 214 205 201 205 209 213 213 214 214 229 210 215 212 216 216 231 227 227 227 227 219 215 228 218 218 214 214 227 227 229 219 214 218 227 218 227 231 216 216 223 227 223 211 211 216 222 222 222 210 200 203 202 202 205
