08 Ecocrop/raster/current/prec_8.asc
ncols        683
nrows        518
xllcorner    -87.691666666667
yllcorner    10.708333333333
cellsize     0.008333333333
NODATA_value  1.#QNAN
[rows 407 to 443 of 518, columns 168 to 251 of 683]
153 143 143 153 150 145 145 145 152 146 156 153 154 151 156 157 157 157 158 165 185 179 187 180 169 169 169 191 171 168 169 170 177 170 171 179 174 200 190 176 202 171 159 176 177 169 175 175 171 179 196 196 197 197 203 199 197 199 199 198 198 198 198 199 199 200 200 199 201 201 197 197 202 198 202 200 201 201 204 200 200 204 203 205
165 154 149 155 150 149 155 151 154 155 152 157 149 155 183 162 157 176 177 184 166 164 164 168 168 169 167 170 184 172 172 180 180 178 171 174 188 200 201 183 184 171 176 180 170 171 177 170 178 172 190 196 199 199 203 203 199 199 198 198 199 199 200 200 199 201 201 201 200 201 197 197 202 203 198 203 203 203 201 204 190 191 191 191
157 152 155 153 152 152 151 161 158 161 156 161 149 155 161 176 181 182 176 177 177 164 171 174 172 173 169 174 170 184 169 180 180 181 171 188 188 200 201 170 171 159 168 170 173 173 181 179 182 179 196 197 197 197 199 203 204 200 200 199 199 200 200 199 199 201 196 201 202 202 197 198 203 203 203 204 204 204 203 205 201 191 191 192
157 157 152 159 152 153 152 152 158 163 155 155 153 155 160 175 175 164 162 165 177 166 165 174 166 166 169 177 175 175 169 180 180 178 171 174 188 176 176 170 159 171 160 175 176 177 177 179 182 179 179 198 198 198 198 200 204 198 199 199 199 199 199 201 201 201 201 197 202 202 187 183 198 203 204 199 200 190 200 201 191 186 187 187
1.#QNAN 160 158 182 177 153 159 159 159 154 155 153 152 154 179 173 167 168 168 169 169 166 167 165 180 180 181 183 169 169 176 170 170 173 173 174 199 176 177 177 171 179 172 169 161 162 162 171 179 176 198 203 203 204 198 198 200 199 200 200 199 200 200 201 196 201 202 197 202 198 188 183 184 199 204 204 200 191 191 191 187 196 197 199
1.#QNAN 1.#QNAN 1.#QNAN 168 187 182 177 169 160 154 150 150 153 153 152 155 180 162 164 165 165 166 179 180 188 164 161 191 173 193 172 185 195 196 197 198 181 176 177 183 184 172 161 173 175 178 170 175 171 183 198 199 209 209 198 198 199 200 199 200 200 201 201 201 186 186 197 197 202 203 188 189 185 184 184 190 200 205 205 206 192 187 187 197
1.#QNAN 1.#QNAN 1.#QNAN 1.#QNAN 1.#QNAN 182 178 178 169 161 163 157 152 153 154 155 179 180 163 156 157 166 179 179 188 164 162 167 173 169 169 175 171 166 179 180 199 181 190 201 184 185 173 173 174 171 179 176 171 181 190 197 198 199 198 198 199 199 199 200 201 201 201 201 201 202 202 202 203 198 198 189 189 184 186 185 196 196 194 196 197 188 196 188
1.#QNAN 1.#QNAN 1.#QNAN 1.#QNAN 1.#QNAN 169 177 182 185 185 178 160 164 164 166 158 154 157 158 149 157 151 186 186 187 164 171 172 167 168 169 175 194 195 179 174 198 199 190 201 184 180 181 162 178 171 172 171 172 172 173 181 179 179 199 193 199 199 201 201 201 201 201 202 202 202 197 188 198 185 184 184 186 186 184 185 213 219 215 222 237 219 218 220
1.#QNAN 1.#QNAN 1.#QNAN 1.#QNAN 1.#QNAN 1.#QNAN 1.#QNAN 1.#QNAN 185 185 188 188 170 162 166 158 154 154 154 156 157 157 158 168 163 164 190 189 173 168 169 175 185 196 197 198 198 199 200 201 201 185 181 182 163 170 171 176 186 164 173 182 185 180 198 193 199 200 200 200 200 201 202 202 202 202 202 188 185 184 193 186 184 193 195 196 233 217 219 200 210 218 209 198
1.#QNAN 1.#QNAN 1.#QNAN 1.#QNAN 1.#QNAN 1.#QNAN 1.#QNAN 1.#QNAN 1.#QNAN 183 188 192 185 179 156 157 161 148 154 156 156 157 151 162 159 160 170 171 167 168 169 175 184 195 197 180 199 188 199 200 189 202 186 182 174 174 185 186 187 177 173 182 183 180 183 193 193 199 201 200 201 201 202 202 197 202 203 198 186 184 193 187 187 184 196 197 234 220 203 205 232 237 224 219
1.#QNAN 1.#QNAN 1.#QNAN 1.#QNAN 1.#QNAN 1.#QNAN 1.#QNAN 1.#QNAN 1.#QNAN 1.#QNAN 1.#QNAN 192 188 184 171 163 168 161 155 149 156 156 151 162 163 164 160 161 162 162 169 170 176 195 196 198 199 199 200 175 176 176 177 191 204 188 205 206 191 177 173 182 174 183 184 181 193 194 200 201 201 202 202 202 197 197 198 189 186 193 194 194 193 186 196 213 235 201 226 234 248 279 218 241
1.#QNAN 1.#QNAN 1.#QNAN 1.#QNAN 1.#QNAN 1.#QNAN 1.#QNAN 1.#QNAN 1.#QNAN 1.#QNAN 1.#QNAN 1.#QNAN 185 188 179 172 158 160 167 161 156 156 157 158 163 169 152 160 161 162 163 170 165 178 174 176 174 175 176 174 175 176 177 191 178 178 178 179 207 177 178 179 179 180 193 185 182 184 194 195 201 196 187 187 197 188 188 186 193 183 177 194 193 212 231 215 218 200 233 261 265 304 316 254
1.#QNAN 1.#QNAN 1.#QNAN 1.#QNAN 1.#QNAN 1.#QNAN 1.#QNAN 1.#QNAN 1.#QNAN 1.#QNAN 1.#QNAN 1.#QNAN 1.#QNAN 179 179 163 165 159 168 156 150 150 151 158 168 185 165 153 153 162 169 169 165 172 179 199 174 187 174 174 176 177 178 178 178 178 178 179 179 194 195 194 191 180 181 168 187 183 187 180 184 185 185 185 186 186 192 193 193 192 193 210 215 216 217 196 198 201 216 244 249 238 272 221
1.#QNAN 1.#QNAN 1.#QNAN 1.#QNAN 1.#QNAN 1.#QNAN 1.#QNAN 1.#QNAN 1.#QNAN 1.#QNAN 1.#QNAN 1.#QNAN 1.#QNAN 1.#QNAN 165 158 157 168 168 160 156 150 150 157 168 176 177 171 161 167 168 169 171 166 167 160 169 181 174 174 177 191 192 192 205 192 193 179 179 180 180 195 210 196 193 194 182 186 187 189 181 182 190 190 192 192 182 183 176 208 213 209 210 212 231 218 215 200 217 229 209 214 225 230
1.#QNAN 1.#QNAN 1.#QNAN 1.#QNAN 1.#QNAN 1.#QNAN 1.#QNAN 1.#QNAN 1.#QNAN 1.#QNAN 1.#QNAN 1.#QNAN 1.#QNAN 1.#QNAN 1.#QNAN 163 172 173 166 168 162 150 150 157 168 176 186 177 187 188 173 164 165 158 167 160 159 168 198 198 200 184 186 182 174 184 205 193 179 180 188 189 182 196 211 212 183 198 178 188 189 189 190 173 191 182 190 191 211 225 213 209 211 216 213 214 188 195 198 191 219 225 220 220
1.#QNAN 1.#QNAN 1.#QNAN 1.#QNAN 1.#QNAN 1.#QNAN 1.#QNAN 1.#QNAN 1.#QNAN 1.#QNAN 1.#QNAN 1.#QNAN 1.#QNAN 1.#QNAN 180 185 185 185 173 167 161 160 165 166 167 168 164 165 171 172 190 170 158 158 166 167 167 168 177 182 183 179 186 182 183 189 192 179 180 192 192 181 202 190 211 197 183 185 215 188 189 172 173 174 181 175 206 176 192 225 213 214 212 180 181 182 188 196 197 199 186 202 222 223
1.#QNAN 1.#QNAN 1.#QNAN 1.#QNAN 1.#QNAN 1.#QNAN 1.#QNAN 1.#QNAN 1.#QNAN 1.#QNAN 1.#QNAN 1.#QNAN 1.#QNAN 1.#QNAN 1.#QNAN 185 187 187 181 168 162 149 160 166 162 163 164 165 166 167 173 163 156 157 157 167 167 175 176 182 183 179 185 186 187 188 204 179 180 188 200 193 190 194 182 184 184 193 184 202 172 180 180 188 189 189 190 191 177 212 213 211 212 181 188 188 199 197 198 198 201 191 187 187
1.#QNAN 1.#QNAN 1.#QNAN 1.#QNAN 1.#QNAN 1.#QNAN 1.#QNAN 1.#QNAN 1.#QNAN 1.#QNAN 1.#QNAN 1.#QNAN 1.#QNAN 1.#QNAN 1.#QNAN 1.#QNAN 185 181 186 168 148 155 165 166 162 158 159 165 153 154 155 167 169 163 164 173 167 168 168 177 178 187 188 188 203 204 204 191 179 180 200 201 198 190 183 192 197 207 186 199 203 204 202 203 175 190 176 191 177 178 179 179 188 188 197 199 199 200 199 196 200 203 204 205
1.#QNAN 1.#QNAN 1.#QNAN 1.#QNAN 1.#QNAN 1.#QNAN 1.#QNAN 1.#QNAN 1.#QNAN 1.#QNAN 1.#QNAN 1.#QNAN 1.#QNAN 1.#QNAN 1.#QNAN 1.#QNAN 1.#QNAN 165 165 168 155 149 160 161 157 151 152 159 153 154 155 162 163 169 169 158 167 175 176 181 185 175 176 176 177 178 178 178 180 188 192 201 198 190 195 201 225 222 208 185 199 216 217 205 175 190 193 194 184 195 196 188 189 194 203 193 191 201 200 195 193 196 196 203
1.#QNAN 1.#QNAN 1.#QNAN 1.#QNAN 1.#QNAN 1.#QNAN 1.#QNAN 1.#QNAN 1.#QNAN 1.#QNAN 1.#QNAN 1.#QNAN 1.#QNAN 1.#QNAN 1.#QNAN 1.#QNAN 1.#QNAN 1.#QNAN 1.#QNAN 1.#QNAN 162 162 149 156 157 163 164 152 153 154 161 162 169 156 157 158 167 167 180 173 175 174 187 200 189 178 186 186 190 191 192 201 199 200 204 200 203 204 205 199 199 203 187 188 175 183 193 194 191 192 201 206 194 194 195 194 191 192 201 193 196 194 194 195
1.#QNAN 1.#QNAN 1.#QNAN 1.#QNAN 1.#QNAN 1.#QNAN 1.#QNAN 1.#QNAN 1.#QNAN 1.#QNAN 1.#QNAN 1.#QNAN 1.#QNAN 1.#QNAN 1.#QNAN 1.#QNAN 1.#QNAN 1.#QNAN 1.#QNAN 1.#QNAN 1.#QNAN 163 156 157 157 162 182 174 170 166 161 162 163 171 191 193 194 172 184 174 175 175 186 175 176 185 197 189 190 191 192 201 199 200 201 200 201 202 208 186 215 201 187 188 192 193 194 191 192 192 206 207 202 202 195 196 196 197 196 193 196 194 195 204
1.#QNAN 1.#QNAN 1.#QNAN 1.#QNAN 1.#QNAN 1.#QNAN 1.#QNAN 1.#QNAN 1.#QNAN 1.#QNAN 1.#QNAN 1.#QNAN 1.#QNAN 1.#QNAN 1.#QNAN 1.#QNAN 1.#QNAN 1.#QNAN 1.#QNAN 1.#QNAN 1.#QNAN 1.#QNAN 163 164 164 158 168 183 174 171 154 155 169 175 180 171 172 180 181 174 181 175 176 177 177 196 192 189 198 199 192 198 218 219 201 200 206 207 198 199 200 173 191 191 193 186 186 192 192 201 206 206 207 207 203 196 196 197 193 202 194 203 206 206
1.#QNAN 1.#QNAN 1.#QNAN 1.#QNAN 1.#QNAN 1.#QNAN 1.#QNAN 1.#QNAN 1.#QNAN 1.#QNAN 1.#QNAN 1.#QNAN 1.#QNAN 1.#QNAN 1.#QNAN 1.#QNAN 1.#QNAN 1.#QNAN 1.#QNAN 1.#QNAN 1.#QNAN 1.#QNAN 1.#QNAN 1.#QNAN 171 163 151 169 184 185 167 162 173 170 183 173 180 181 181 184 184 182 185 183 184 188 192 197 194 195 196 197 199 220 227 227 228 202 208 187 202 173 181 192 193 194 192 192 192 193 194 207 207 208 196 192 192 193 202 204 205 204 205 206
1.#QNAN 1.#QNAN 1.#QNAN 1.#QNAN 1.#QNAN 1.#QNAN 1.#QNAN 1.#QNAN 1.#QNAN 1.#QNAN 1.#QNAN 1.#QNAN 1.#QNAN 1.#QNAN 1.#QNAN 1.#QNAN 1.#QNAN 1.#QNAN 1.#QNAN 1.#QNAN 1.#QNAN 1.#QNAN 1.#QNAN 1.#QNAN 1.#QNAN 171 171 163 152 166 171 175 187 174 191 183 172 173 181 184 187 188 209 190 190 191 193 214 215 196 196 197 199 200 239 278 218 202 203 187 202 173 191 193 194 186 187 193 193 194 194 194 195 195 192 200 202 203 203 193 193 188 205 206
1.#QNAN 1.#QNAN 1.#QNAN 1.#QNAN 1.#QNAN 1.#QNAN 1.#QNAN 1.#QNAN 1.#QNAN 1.#QNAN 1.#QNAN 1.#QNAN 1.#QNAN 1.#QNAN 1.#QNAN 1.#QNAN 1.#QNAN 1.#QNAN 1.#QNAN 1.#QNAN 1.#QNAN 1.#QNAN 1.#QNAN 1.#QNAN 1.#QNAN 1.#QNAN 163 169 173 167 184 174 169 170 163 176 180 171 189 190 187 209 210 220 211 212 213 223 224 216 196 201 202 203 199 191 192 204 208 195 202 181 191 193 192 192 187 196 188 194 195 195 195 196 200 201 191 192 192 187 193 204 189 226
1.#QNAN 1.#QNAN 1.#QNAN 1.#QNAN 1.#QNAN 1.#QNAN 1.#QNAN 1.#QNAN 1.#QNAN 1.#QNAN 1.#QNAN 1.#QNAN 1.#QNAN 1.#QNAN 1.#QNAN 1.#QNAN 1.#QNAN 1.#QNAN 1.#QNAN 1.#QNAN 1.#QNAN 1.#QNAN 1.#QNAN 1.#QNAN 1.#QNAN 1.#QNAN 165 164 165 167 153 172 186 187 188 176 180 174 182 190 186 234 235 220 221 213 223 239 224 196 197 201 202 203 191 195 196 193 194 187 197 186 191 186 192 193 193 196 197 197 198 199 199 200 190 190 200 201 202 202 223 224 225 226
1.#QNAN 1.#QNAN 1.#QNAN 1.#QNAN 1.#QNAN 1.#QNAN 1.#QNAN 1.#QNAN 1.#QNAN 1.#QNAN 1.#QNAN 1.#QNAN 1.#QNAN 1.#QNAN 1.#QNAN 1.#QNAN 1.#QNAN 1.#QNAN 1.#QNAN 1.#QNAN 1.#QNAN 1.#QNAN 1.#QNAN 1.#QNAN 1.#QNAN 1.#QNAN 1.#QNAN 1.#QNAN 167 165 167 168 168 162 175 178 180 173 174 190 186 188 210 190 236 237 223 215 195 196 196 201 202 183 180 192 193 210 183 183 213 186 191 193 186 187 188 196 197 198 198 199 199 189 183 199 200 201 202 187 188 195 195 196
1.#QNAN 1.#QNAN 1.#QNAN 1.#QNAN 1.#QNAN 1.#QNAN 1.#QNAN 1.#QNAN 1.#QNAN 1.#QNAN 1.#QNAN 1.#QNAN 1.#QNAN 1.#QNAN 1.#QNAN 1.#QNAN 1.#QNAN 1.#QNAN 1.#QNAN 1.#QNAN 1.#QNAN 1.#QNAN 1.#QNAN 1.#QNAN 1.#QNAN 1.#QNAN 1.#QNAN 1.#QNAN 1.#QNAN 1.#QNAN 167 167 161 155 163 172 177 170 179 190 191 188 189 190 190 213 214 193 194 199 188 178 190 191 193 194 195 196 199 200 200 181 192 193 194 195 195 196 197 198 198 198 189 183 183 218 219 220 232 222 204 189 207 208
1.#QNAN 1.#QNAN 1.#QNAN 1.#QNAN 1.#QNAN 1.#QNAN 1.#QNAN 1.#QNAN 1.#QNAN 1.#QNAN 1.#QNAN 1.#QNAN 1.#QNAN 1.#QNAN 1.#QNAN 1.#QNAN 1.#QNAN 1.#QNAN 1.#QNAN 1.#QNAN 1.#QNAN 1.#QNAN 1.#QNAN 1.#QNAN 1.#QNAN 1.#QNAN 1.#QNAN 1.#QNAN 1.#QNAN 1.#QNAN 1.#QNAN 168 161 162 163 163 176 178 173 185 186 188 188 189 194 195 196 188 198 199 188 188 205 194 192 194 195 182 199 200 200 174 192 192 194 195 196 196 196 198 199 188 189 183 198 218 219 221 232 233 224 189 208 206
1.#QNAN 1.#QNAN 1.#QNAN 1.#QNAN 1.#QNAN 1.#QNAN 1.#QNAN 1.#QNAN 1.#QNAN 1.#QNAN 1.#QNAN 1.#QNAN 1.#QNAN 1.#QNAN 1.#QNAN 1.#QNAN 1.#QNAN 1.#QNAN 1.#QNAN 1.#QNAN 1.#QNAN 1.#QNAN 1.#QNAN 1.#QNAN 1.#QNAN 1.#QNAN 1.#QNAN 1.#QNAN 1.#QNAN 1.#QNAN 1.#QNAN 168 161 154 155 156 189 178 179 185 187 187 192 184 194 184 185 188 186 189 190 177 204 205 195 193 197 182 197 199 200 186 192 193 193 195 196 197 196 198 188 188 189 183 184 199 220 201 202 223 188 206 198 202
1.#QNAN 1.#QNAN 1.#QNAN 1.#QNAN 1.#QNAN 1.#QNAN 1.#QNAN 1.#QNAN 1.#QNAN 1.#QNAN 1.#QNAN 1.#QNAN 1.#QNAN 1.#QNAN 1.#QNAN 1.#QNAN 1.#QNAN 1.#QNAN 1.#QNAN 1.#QNAN 1.#QNAN 1.#QNAN 1.#QNAN 1.#QNAN 1.#QNAN 1.#QNAN 1.#QNAN 1.#QNAN 1.#QNAN 1.#QNAN 1.#QNAN 169 161 161 162 156 176 177 169 181 182 191 192 182 176 197 174 175 175 176 180 181 177 178 179 195 195 182 183 184 185 174 192 183 184 194 195 197 198 197 198 189 182 183 184 185 192 193 187 188 207 206 202 209
1.#QNAN 1.#QNAN 1.#QNAN 1.#QNAN 1.#QNAN 1.#QNAN 1.#QNAN 1.#QNAN 1.#QNAN 1.#QNAN 1.#QNAN 1.#QNAN 1.#QNAN 1.#QNAN 1.#QNAN 1.#QNAN 1.#QNAN 1.#QNAN 1.#QNAN 1.#QNAN 1.#QNAN 1.#QNAN 1.#QNAN 1.#QNAN 1.#QNAN 1.#QNAN 1.#QNAN 1.#QNAN 1.#QNAN 1.#QNAN 1.#QNAN 1.#QNAN 1.#QNAN 1.#QNAN 162 155 164 177 176 177 169 169 181 172 182 184 186 187 199 200 201 181 182 182 178 190 196 196 197 200 200 186 182 192 176 190 178 179 197 187 199 192 200 202 202 202 204 205 206 205 197 203 203 209
1.#QNAN 1.#QNAN 1.#QNAN 1.#QNAN 1.#QNAN 1.#QNAN 1.#QNAN 1.#QNAN 1.#QNAN 1.#QNAN 1.#QNAN 1.#QNAN 1.#QNAN 1.#QNAN 1.#QNAN 1.#QNAN 1.#QNAN 1.#QNAN 1.#QNAN 1.#QNAN 1.#QNAN 1.#QNAN 1.#QNAN 1.#QNAN 1.#QNAN 1.#QNAN 1.#QNAN 1.#QNAN 1.#QNAN 1.#QNAN 1.#QNAN 1.#QNAN 1.#QNAN 1.#QNAN 162 170 156 176 175 176 190 191 181 194 196 184 198 174 179 179 175 181 177 204 205 206 196 209 192 200 200 201 203 204 176 177 185 186 197 199 199 192 200 201 203 202 203 196 197 202 201 202 213 209
1.#QNAN 1.#QNAN 1.#QNAN 1.#QNAN 1.#QNAN 1.#QNAN 1.#QNAN 1.#QNAN 1.#QNAN 1.#QNAN 1.#QNAN 1.#QNAN 1.#QNAN 1.#QNAN 1.#QNAN 1.#QNAN 1.#QNAN 1.#QNAN 1.#QNAN 1.#QNAN 1.#QNAN 1.#QNAN 1.#QNAN 1.#QNAN 1.#QNAN 1.#QNAN 1.#QNAN 1.#QNAN 1.#QNAN 1.#QNAN 1.#QNAN 1.#QNAN 1.#QNAN 1.#QNAN 1.#QNAN 1.#QNAN 156 156 164 165 175 176 180 193 183 197 183 178 185 188 187 188 177 204 205 189 190 208 192 200 200 201 214 196 216 190 195 196 198 198 200 200 200 202 202 195 196 202 202 201 208 208 213 209
1.#QNAN 1.#QNAN 1.#QNAN 1.#QNAN 1.#QNAN 1.#QNAN 1.#QNAN 1.#QNAN 1.#QNAN 1.#QNAN 1.#QNAN 1.#QNAN 1.#QNAN 1.#QNAN 1.#QNAN 1.#QNAN 1.#QNAN 1.#QNAN 1.#QNAN 1.#QNAN 1.#QNAN 1.#QNAN 1.#QNAN 1.#QNAN 1.#QNAN 1.#QNAN 1.#QNAN 1.#QNAN 1.#QNAN 1.#QNAN 1.#QNAN 1.#QNAN 1.#QNAN 1.#QNAN 1.#QNAN 1.#QNAN 1.#QNAN 1.#QNAN 164 157 165 158 159 181 182 184 182 174 174 198 187 188 176 177 178 206 190 208 191 210 201 201 195 184 215 206 195 196 198 199 200 201 200 201 203 195 196 202 207 207 208 208 209 203
1.#QNAN 1.#QNAN 1.#QNAN 1.#QNAN 1.#QNAN 1.#QNAN 1.#QNAN 1.#QNAN 1.#QNAN 1.#QNAN 1.#QNAN 1.#QNAN 1.#QNAN 1.#QNAN 1.#QNAN 1.#QNAN 1.#QNAN 1.#QNAN 1.#QNAN 1.#QNAN 1.#QNAN 1.#QNAN 1.#QNAN 1.#QNAN 1.#QNAN 1.#QNAN 1.#QNAN 1.#QNAN 1.#QNAN 1.#QNAN 1.#QNAN 1.#QNAN 1.#QNAN 1.#QNAN 1.#QNAN 1.#QNAN 1.#QNAN 1.#QNAN 1.#QNAN 1.#QNAN 165 166 159 178 179 180 181 178 185 188 187 188 176 186 204 205 206 197 209 192 211 212 213 184 215 206 185 196 197 198 200 200 201 203 203 195 202 202 201 201 208 208 205 205
1.#QNAN 1.#QNAN 1.#QNAN 1.#QNAN 1.#QNAN 1.#QNAN 1.#QNAN 1.#QNAN 1.#QNAN 1.#QNAN 1.#QNAN 1.#QNAN 1.#QNAN 1.#QNAN 1.#QNAN 1.#QNAN 1.#QNAN 1.#QNAN 1.#QNAN 1.#QNAN 1.#QNAN 1.#QNAN 1.#QNAN 1.#QNAN 1.#QNAN 1.#QNAN 1.#QNAN 1.#QNAN 1.#QNAN 1.#QNAN 1.#QNAN 1.#QNAN 1.#QNAN 1.#QNAN 1.#QNAN 1.#QNAN 1.#QNAN 1.#QNAN 1.#QNAN 1.#QNAN 1.#QNAN 166 159 168 179 180 184 172 187 188 199 190 191 183 187 188 188 189 180 187 193 212 213 195 196 206 208 186 187 199 199 200 202 201 202 202 205 206 201 204 199 199 200 201
