08 Ecocrop/raster/current/prec_8.asc
ncols        683
nrows        518
xllcorner    -87.691666666667
yllcorner    10.708333333333
cellsize     0.008333333333
NODATA_value  1.#QNAN
[rows 222 to 258 of 518, columns 168 to 251 of 683]
123 125 128 133 154 152 160 157 153 140 133 124 125 138 139 138 142 147 152 129 132 140 145 146 143 143 144 155 152 165 186 184 184 183 182 170 184 190 193 195 200 206 205 202 227 229 194 196 197 199 214 215 193 195 199 189 193 199 206 206 208 209 203 214 211 222 249 250 251 230 233 247 233 223 223 256 257 257 261 263 267 270 249 251
119 138 133 139 131 141 155 148 145 140 123 122 140 138 138 137 144 137 128 120 119 154 161 154 154 148 158 141 148 150 150 152 165 176 179 181 189 190 196 193 218 195 197 199 204 182 183 184 186 187 190 195 202 194 200 188 200 206 198 205 210 212 229 231 229 223 246 250 250 226 227 228 222 223 223 252 239 255 241 263 270 270 273 276
115 134 147 149 146 126 147 150 148 143 138 133 134 136 135 140 130 141 129 115 118 134 141 153 162 143 145 139 162 167 158 146 173 175 167 185 188 201 186 191 196 198 199 186 189 187 189 185 191 187 204 205 198 194 203 195 190 200 207 208 195 223 230 230 231 221 226 242 241 225 242 227 215 234 222 224 227 228 225 230 244 245 248 242
118 108 124 126 134 132 131 154 150 133 125 121 134 134 135 138 139 131 133 143 147 133 122 122 148 157 145 142 141 142 144 145 147 164 167 186 189 192 189 194 197 199 185 176 185 181 189 194 185 189 204 209 211 195 202 197 206 203 207 194 188 211 227 251 227 225 214 224 222 224 226 228 232 234 223 223 243 235 247 229 263 268 249 250
116 122 119 130 138 154 141 139 132 133 125 123 139 134 126 140 150 152 141 135 151 139 146 151 132 159 151 146 144 143 144 146 151 154 179 186 199 201 205 202 199 200 182 183 184 181 182 195 188 203 208 209 210 208 201 194 188 199 223 200 185 215 205 224 231 220 214 213 221 223 243 229 249 233 218 234 241 227 241 229 267 272 280 283
107 107 104 127 129 141 135 119 126 124 120 120 137 135 135 140 150 140 152 134 143 158 146 153 137 157 149 147 158 144 144 147 179 186 187 190 195 202 199 198 200 218 182 183 185 190 188 195 186 203 204 209 210 200 193 193 186 198 224 197 191 199 211 209 238 232 235 220 221 223 227 230 232 222 216 233 225 219 227 252 258 271 276 268
109 124 113 118 106 103 102 103 118 119 123 134 135 134 147 150 138 131 133 135 135 158 146 150 140 162 164 157 157 144 145 147 181 187 191 187 191 189 194 215 200 201 201 202 204 204 207 208 196 196 208 209 212 200 192 189 188 203 228 227 201 199 226 228 214 215 217 237 238 239 242 245 232 221 222 216 218 226 248 241 230 241 231 234
126 127 128 126 144 139 132 122 135 135 135 131 132 133 135 144 138 147 148 151 150 137 143 119 136 150 151 155 147 138 146 153 188 192 184 209 210 191 199 176 177 176 182 183 184 189 226 208 190 189 196 196 206 213 200 197 209 211 214 212 214 227 210 211 201 207 210 218 221 223 244 246 248 232 254 234 236 225 220 262 228 245 232 236
140 139 130 137 130 124 135 142 141 144 141 140 138 128 141 136 145 152 134 144 136 144 145 138 120 122 137 137 125 129 166 180 187 201 180 207 193 176 183 182 187 182 177 184 184 186 187 207 226 191 189 190 191 192 199 195 203 217 228 223 211 210 223 227 230 213 215 235 238 240 241 248 252 249 253 232 261 263 254 264 228 227 239 241
129 124 137 135 143 148 149 152 147 141 122 121 112 124 142 140 143 148 145 143 146 148 145 148 139 137 127 144 153 162 178 184 192 194 163 160 180 198 201 187 200 217 203 188 190 205 206 225 226 209 228 198 199 190 192 208 201 220 226 199 223 223 225 210 214 231 214 234 219 239 240 248 230 230 234 232 256 255 257 230 264 227 245 247
115 109 113 129 134 150 161 162 154 145 128 124 111 112 113 130 144 154 155 154 154 158 157 153 140 140 142 158 160 181 181 186 186 195 156 171 173 198 201 200 188 217 202 189 190 191 192 207 227 208 228 212 199 195 198 208 193 216 211 199 221 223 225 210 214 230 214 216 205 206 208 212 214 223 225 236 256 235 257 238 242 259 223 233
116 99 100 104 115 141 164 163 152 146 138 136 123 124 109 129 128 153 144 155 153 157 139 137 136 137 141 152 168 185 175 183 189 190 185 160 192 200 216 215 203 203 203 185 190 190 191 191 227 207 228 198 199 189 206 208 200 192 189 222 204 223 224 210 231 231 232 215 206 206 208 211 213 214 232 235 257 239 259 237 238 258 228 236
115 99 105 107 117 121 135 134 121 135 146 130 128 123 115 110 117 134 136 138 138 137 117 136 124 125 137 151 158 157 166 184 194 198 192 205 210 203 204 202 203 204 191 186 190 185 186 191 208 228 210 193 190 197 211 212 200 190 190 194 204 205 221 224 203 205 207 202 204 206 208 214 218 211 227 258 238 226 226 239 266 263 248 252
126 130 125 128 119 101 114 116 116 107 123 119 116 124 125 122 114 129 145 122 121 120 133 137 138 148 143 150 149 172 169 177 187 196 192 202 198 199 202 204 216 204 191 180 184 185 187 187 193 194 191 189 196 197 206 212 209 187 213 187 203 217 198 200 196 198 201 201 203 204 206 207 216 245 245 230 235 225 260 243 272 246 269 267
128 136 117 125 119 104 102 117 116 123 135 133 121 107 110 109 113 111 117 117 120 115 122 144 144 139 147 144 148 171 175 168 190 205 187 188 208 206 214 203 204 217 190 184 184 185 187 192 188 183 186 195 204 205 197 198 192 195 190 181 191 202 203 193 196 205 198 200 216 217 239 243 215 216 218 231 220 216 258 262 271 244 233 268
144 142 136 130 119 118 106 106 109 105 118 119 120 109 128 127 116 116 112 112 113 121 133 138 143 145 146 150 148 151 154 178 166 172 183 199 201 202 207 210 203 204 204 191 192 181 182 181 182 186 188 203 209 210 196 190 206 204 201 214 199 202 205 207 200 196 197 201 210 240 218 242 244 223 245 216 218 229 252 262 259 269 230 243
155 146 139 126 132 121 121 112 110 106 107 115 127 129 132 132 129 111 110 118 132 132 141 141 143 144 143 145 170 168 183 160 171 176 187 195 192 191 199 204 216 212 205 219 186 180 184 184 185 202 203 195 189 196 197 193 185 228 206 208 202 194 197 197 206 202 197 211 236 217 231 219 209 222 204 215 208 216 230 256 260 269 238 264
156 144 135 131 135 133 131 121 113 110 108 128 135 131 131 136 132 119 110 113 130 134 138 138 140 165 164 165 168 174 187 178 171 183 184 190 187 171 173 194 202 206 208 205 186 186 183 191 192 201 207 193 184 186 187 193 212 217 204 210 198 201 201 221 227 227 210 229 240 218 223 196 211 224 230 217 228 209 210 253 258 236 262 263
153 138 130 125 126 132 131 124 126 124 128 134 130 134 131 135 136 137 132 131 133 133 141 142 142 149 154 155 157 156 173 184 183 188 184 179 184 185 170 173 195 199 201 217 206 181 185 200 200 191 183 186 193 210 196 206 182 213 197 210 198 199 202 224 225 206 208 213 239 219 223 201 210 205 214 213 220 208 210 220 234 234 236 237
109 121 129 130 131 127 127 131 128 128 132 133 132 132 135 136 134 132 137 137 138 139 139 140 162 152 143 166 170 155 170 186 180 166 166 180 174 180 189 190 159 162 178 203 205 195 188 200 191 177 181 217 195 199 204 199 215 205 194 195 191 192 196 227 206 227 229 239 215 240 211 196 205 207 213 208 201 217 209 210 218 221 236 237
120 130 121 122 131 122 128 119 131 131 132 132 133 130 136 143 138 132 136 136 132 138 135 140 138 147 143 145 151 153 170 176 185 162 149 148 147 163 189 184 184 194 199 200 210 206 187 192 191 185 212 185 186 196 217 209 191 185 186 210 212 198 201 208 213 227 211 226 235 243 211 205 211 220 226 226 215 196 218 220 231 213 236 261
137 129 128 127 126 129 127 130 129 129 130 132 131 132 136 142 141 136 136 132 133 134 138 139 160 162 144 148 162 171 173 170 165 153 147 161 159 157 176 181 188 194 197 201 204 207 202 222 191 184 192 201 182 191 191 186 178 184 206 215 217 213 215 204 229 200 216 212 218 224 211 204 205 206 220 223 193 192 193 208 221 231 213 259
131 138 135 124 132 133 127 127 129 135 133 131 122 123 134 134 142 140 131 136 132 137 138 139 139 140 140 147 147 159 145 155 151 165 166 184 185 169 177 189 194 196 202 205 204 202 212 202 206 205 218 186 196 203 201 191 191 190 217 201 187 199 200 192 201 202 213 205 197 208 210 212 204 205 220 224 217 207 192 194 209 210 212 234
140 145 139 135 137 136 124 130 139 136 133 131 122 151 124 137 140 136 136 136 137 137 138 140 136 137 154 163 161 141 140 151 159 162 191 183 184 179 172 186 192 191 198 201 180 199 201 221 202 208 225 203 223 195 196 213 220 219 188 193 190 191 191 190 218 228 200 193 202 211 213 211 203 205 220 225 222 219 208 197 196 198 203 214
135 140 133 127 129 130 127 129 143 142 138 131 122 132 133 134 137 134 137 135 136 136 137 141 143 142 155 174 161 155 155 156 157 164 181 194 193 178 166 148 155 174 191 198 200 198 198 201 214 199 203 205 226 208 220 215 223 221 195 183 186 194 221 221 215 219 205 200 204 211 212 227 211 202 204 219 220 225 224 225 220 210 207 202
131 127 129 129 127 130 128 118 130 142 142 132 132 132 129 136 132 131 136 129 135 136 137 138 140 141 146 166 165 159 162 157 150 158 168 185 188 183 164 137 159 167 157 161 163 156 159 169 172 190 194 209 209 197 192 202 208 210 204 195 193 226 201 202 220 208 207 210 212 227 213 241 212 211 210 204 210 206 215 226 223 213 211 198
126 132 135 142 133 133 136 129 129 133 148 133 122 123 124 132 132 128 147 129 134 147 158 149 149 137 139 139 147 142 150 163 164 156 161 169 181 162 152 131 152 160 165 151 155 150 169 187 176 160 160 196 211 204 226 227 226 227 228 188 192 198 202 204 204 233 236 238 241 213 213 209 210 200 224 209 205 203 204 209 216 217 225 222
137 143 152 142 137 161 137 126 131 120 134 121 123 123 131 153 126 156 129 129 130 135 133 148 118 138 142 141 140 142 143 147 160 155 145 153 161 153 151 149 152 150 152 151 167 152 152 169 172 169 157 177 206 205 218 227 200 227 229 208 196 198 191 205 206 205 201 219 212 214 218 225 214 212 212 216 223 227 210 249 252 231 219 218
148 153 153 154 142 154 148 151 133 115 140 131 131 133 152 125 126 156 145 135 156 138 138 158 149 138 139 136 122 128 130 145 149 154 149 144 151 153 154 148 142 143 156 180 197 183 174 176 159 160 174 177 168 178 180 195 196 197 202 213 201 199 200 202 207 221 206 232 236 244 247 248 222 244 230 216 228 218 223 250 211 229 255 256
161 163 158 144 157 136 134 133 115 115 110 114 124 110 144 153 153 155 134 114 146 136 131 129 136 160 139 135 119 124 131 143 146 153 147 136 134 152 153 153 150 146 155 179 170 155 206 182 186 197 200 190 178 179 180 176 192 212 234 211 217 203 220 207 221 234 204 231 229 229 228 226 233 252 218 227 216 219 210 225 209 210 230 255
157 160 158 150 158 163 158 147 117 115 110 104 124 114 140 134 153 155 154 134 134 135 134 135 136 136 137 149 123 123 126 121 123 131 147 146 143 156 152 153 160 149 158 167 181 161 184 196 200 201 196 191 201 178 172 173 184 189 220 232 210 207 213 235 209 205 203 207 202 215 209 210 220 221 251 231 230 221 212 224 207 210 209 221
146 147 157 153 144 144 142 158 137 143 109 103 114 114 116 113 153 153 155 146 146 130 133 159 136 160 136 136 122 119 128 137 141 143 136 141 153 158 159 161 157 152 168 170 176 195 199 206 210 211 224 214 205 175 172 172 174 188 205 209 207 236 236 240 239 235 226 194 196 204 190 191 190 197 215 221 219 233 246 224 204 207 208 211
131 134 135 147 153 147 142 134 120 133 139 110 115 103 116 146 126 154 155 156 156 157 158 113 114 144 136 139 135 124 121 140 142 153 132 130 147 151 135 130 130 140 162 177 187 206 210 210 204 200 198 197 175 184 206 183 197 191 203 198 193 208 212 211 207 227 210 193 194 183 185 177 177 181 202 203 204 212 204 203 205 203 207 207
110 110 124 128 139 149 140 131 131 120 133 113 140 110 110 112 154 146 155 128 156 147 141 118 105 114 136 139 143 138 126 141 138 139 121 141 127 132 149 156 171 163 173 173 184 200 219 211 204 194 189 185 183 184 173 208 197 206 228 199 196 181 195 198 198 211 202 196 195 191 185 186 195 172 181 192 184 185 198 200 191 205 204 216
126 142 138 135 130 128 146 133 120 144 133 113 134 146 154 154 155 146 146 146 156 130 157 111 113 111 162 140 138 140 116 136 118 120 121 132 149 164 164 169 177 185 187 187 192 217 201 202 219 200 202 186 158 158 175 160 210 208 190 190 193 183 181 181 200 202 191 202 189 185 192 187 178 180 181 181 194 201 202 202 203 204 205 207
114 129 131 128 127 128 138 131 120 144 133 113 146 130 130 130 130 130 127 131 131 131 131 147 134 160 138 134 148 124 116 128 140 155 150 150 162 170 170 176 205 207 209 201 205 207 203 205 198 185 172 158 159 160 175 187 197 180 174 176 177 183 184 181 187 196 196 195 193 190 186 178 170 171 182 193 200 199 201 202 202 203 203 205
110 125 125 128 134 127 135 130 120 152 134 113 147 130 124 124 130 130 130 130 124 124 131 131 146 134 133 138 140 126 124 130 145 150 157 155 155 159 171 175 200 184 189 192 194 201 217 204 199 168 160 159 161 162 160 159 197 179 173 175 184 185 180 181 186 184 190 197 196 192 174 169 169 183 171 183 199 199 202 201 198 202 202 203
