08 Ecocrop/raster/current/prec_11.asc
ncols        683
nrows        518
xllcorner    -87.691666666667
yllcorner    10.708333333333
cellsize     0.008333333333
NODATA_value  1.#QNAN
[rows 156 to 194 of 518, columns 174 to 260 of 683]
69 71 72 73 76 75 74 69 69 71 71 72 70 71 73 75 76 73 79 76 77 82 85 91 92 89 87 90 95 97 100 101 99 103 98 97 99 99 97 101 103 108 106 101 93 96 100 96 100 95 93 92 92 96 91 96 101 103 105 106 109 110 111 111 113 114 115 108 118 117 110 108 110 120 122 125 124 118 121 126 127 128 123 116 120 127 133
68 69 71 73 74 71 69 69 71 72 75 72 70 77 75 71 72 78 81 83 79 84 90 93 95 88 90 102 98 99 106 104 103 102 101 100 99 95 98 100 105 106 99 99 96 98 97 98 96 91 88 88 96 95 91 94 101 104 106 108 110 113 110 114 117 115 122 110 115 116 116 113 111 113 126 119 120 119 118 122 127 128 122 119 116 130 131
71 69 67 69 72 74 73 73 68 71 70 71 71 75 75 71 75 76 79 81 82 87 91 93 89 86 88 93 98 105 111 107 106 99 96 94 96 101 94 94 109 108 100 98 98 97 96 96 95 91 91 91 96 95 92 96 101 104 107 110 116 116 113 115 123 117 122 116 114 117 118 122 118 112 112 114 115 117 119 119 123 122 118 117 117 130 132
70 69 67 72 71 68 70 68 73 74 76 76 74 74 74 75 76 74 78 84 86 86 90 89 86 86 81 83 91 96 100 106 104 92 99 95 97 101 95 95 105 99 95 98 99 95 93 94 90 90 90 87 91 95 97 94 97 98 106 107 114 118 111 113 116 117 118 121 112 113 116 116 119 115 111 116 121 126 124 120 122 122 117 115 125 126 128
66 70 69 70 71 70 72 72 72 73 75 75 74 74 75 76 76 76 76 81 86 88 86 93 92 86 81 85 95 97 100 104 103 100 94 96 94 97 96 90 89 95 95 97 95 100 95 94 86 86 91 91 91 96 94 96 97 103 105 111 107 107 110 118 121 121 117 114 113 111 112 117 115 112 113 116 123 130 131 126 122 121 122 125 114 116 118
67 70 66 67 70 71 69 69 70 72 69 74 74 74 71 74 78 77 83 89 92 90 87 90 84 87 84 90 94 96 97 97 94 93 96 97 96 96 100 91 88 89 93 95 90 92 91 95 87 90 90 90 91 96 95 102 100 97 99 100 103 109 112 117 116 113 113 112 112 112 111 113 114 112 114 115 123 131 140 134 120 118 121 115 122 127 124
68 68 67 70 70 67 67 69 67 70 68 73 75 74 75 75 82 74 76 87 87 87 88 89 84 87 91 92 94 99 98 91 95 95 98 93 93 93 89 91 90 90 87 96 90 94 94 98 92 86 90 90 95 96 95 100 99 98 99 100 103 109 117 120 116 112 112 113 111 110 111 112 112 112 114 114 119 125 131 132 125 115 115 113 114 127 124
70 67 67 68 70 67 71 72 72 73 73 74 75 73 74 78 78 74 74 79 79 79 84 85 85 84 83 99 105 99 90 89 93 92 93 89 92 88 87 86 86 88 89 93 96 89 92 94 96 96 90 95 96 93 94 101 105 101 105 102 103 112 120 120 114 112 113 111 111 110 112 113 112 113 117 118 122 127 129 129 127 119 114 112 114 122 119
70 67 67 70 69 69 68 71 69 72 72 74 75 72 73 77 77 74 74 75 75 75 76 76 84 87 82 88 94 88 87 90 90 97 98 93 92 87 84 88 89 90 87 91 94 88 90 96 96 94 90 86 96 96 92 97 101 101 103 104 106 109 116 119 115 112 114 113 112 113 113 113 112 114 121 126 122 124 125 125 120 118 119 114 112 115 120
71 70 69 69 70 71 72 74 69 72 73 74 75 79 76 77 77 82 78 82 82 79 81 80 82 85 84 87 88 89 85 87 94 98 97 92 97 86 87 86 89 90 89 90 91 83 83 85 91 89 89 90 87 92 93 102 98 101 104 107 112 109 111 117 118 113 118 121 116 117 113 113 112 114 119 128 127 118 119 118 114 114 117 114 113 113 119
71 69 71 69 69 69 68 73 74 74 77 75 76 74 77 77 77 82 83 83 87 83 83 81 81 80 83 84 80 86 86 91 87 99 99 99 96 96 89 87 83 90 90 91 91 83 83 83 86 86 89 95 95 95 100 101 104 107 108 115 121 117 115 121 130 121 126 125 122 119 114 113 118 118 119 130 128 118 115 114 113 114 119 118 114 114 118
71 71 71 70 71 67 72 72 74 72 76 81 75 75 77 74 75 77 81 86 86 87 85 83 80 77 84 79 79 82 86 88 87 91 97 97 94 90 88 88 84 84 85 94 93 86 88 83 84 89 89 94 92 95 103 101 101 110 115 120 131 135 127 129 127 125 132 129 126 125 124 123 124 128 131 130 123 118 114 115 115 114 115 118 113 115 124
72 69 72 74 74 72 73 76 75 76 81 79 81 77 77 75 77 80 83 83 86 92 89 87 88 82 78 82 81 80 85 94 90 89 94 102 99 97 98 92 85 91 93 89 86 86 92 83 88 89 94 95 92 94 103 106 99 105 114 127 137 140 133 129 135 139 140 135 132 127 120 120 127 120 121 120 115 112 114 113 113 113 113 117 115 118 120
70 73 73 75 73 72 74 75 81 81 83 82 79 77 77 78 77 80 82 82 83 89 93 85 85 79 77 75 81 83 86 95 96 98 98 109 106 104 104 98 92 99 95 90 87 86 86 92 84 84 89 90 93 103 103 104 103 105 109 129 140 143 142 140 146 147 145 142 127 126 125 122 122 119 116 114 112 111 113 113 112 113 116 120 117 118 124
66 72 69 73 74 78 77 82 81 77 76 75 78 73 81 79 81 80 83 83 85 89 90 81 81 81 76 75 81 86 96 99 96 104 104 105 102 99 90 97 103 102 96 94 88 86 86 88 84 84 89 95 92 102 104 105 105 106 112 126 139 146 144 143 149 150 149 148 141 135 129 118 115 114 114 114 111 111 111 114 114 118 116 116 115 116 123
62 70 72 78 83 85 82 82 82 79 75 74 74 77 82 84 81 80 84 85 83 80 85 84 84 82 80 79 82 86 92 90 92 102 98 95 92 93 88 94 107 111 106 98 90 91 92 88 84 85 86 90 97 97 105 100 104 105 111 124 140 146 149 145 148 153 151 149 146 141 130 119 118 117 115 116 118 118 121 120 118 117 117 116 115 115 123
65 70 76 81 85 87 88 80 76 75 79 78 78 83 83 86 86 88 84 88 85 82 81 81 80 82 80 79 86 97 93 88 88 91 88 98 87 86 91 102 110 115 107 99 90 88 92 89 84 94 94 96 97 96 105 106 107 109 125 134 139 137 147 147 149 152 151 148 141 137 133 124 119 117 118 119 121 121 121 120 118 117 116 114 114 122 122
63 72 79 85 94 91 80 79 76 76 75 77 77 81 91 88 88 86 82 84 84 85 78 83 83 82 83 87 94 94 96 92 86 90 89 93 83 84 84 103 107 107 108 95 90 92 93 88 93 85 89 96 92 105 101 105 115 119 128 136 137 144 145 146 145 151 151 148 145 134 127 122 119 118 122 123 121 121 123 119 120 120 119 117 115 122 112
66 71 77 92 91 90 83 79 74 81 78 84 83 87 86 81 77 79 79 81 80 84 80 80 79 79 75 84 95 90 96 91 88 89 82 83 81 79 87 106 100 88 91 87 85 85 85 88 88 89 94 96 91 101 99 101 108 115 123 131 137 142 141 144 147 147 143 142 135 131 127 121 118 118 120 119 119 124 128 124 129 126 123 119 117 122 121
62 71 72 88 91 80 77 77 75 81 84 83 85 86 83 82 83 82 79 78 79 77 79 82 78 79 79 84 87 90 90 86 89 85 82 86 85 87 86 105 102 85 82 82 83 84 83 85 84 89 95 90 93 100 97 100 106 112 121 129 135 142 137 137 138 137 135 132 129 123 124 122 122 119 119 118 119 123 126 127 127 125 124 120 116 116 112
66 69 73 85 91 86 82 77 79 81 84 81 82 84 87 82 79 83 76 76 76 78 78 78 83 80 77 80 82 85 88 84 84 90 82 85 80 86 85 92 95 85 81 81 82 85 85 85 88 89 89 92 96 103 96 98 104 111 119 127 138 141 136 135 136 131 129 127 125 120 124 126 125 127 120 115 116 119 124 125 127 123 119 119 114 121 116
65 71 81 87 97 91 83 80 79 79 79 83 84 87 87 89 83 85 83 80 80 80 83 76 82 88 84 83 84 79 86 83 84 89 86 79 81 83 83 85 86 92 81 75 76 84 85 84 84 90 90 92 95 103 96 97 100 111 118 137 144 145 140 140 132 131 125 124 121 125 125 126 125 127 126 115 114 117 126 125 126 126 127 123 122 116 114
67 72 82 91 91 87 82 81 83 85 83 81 79 80 88 85 93 86 81 84 83 83 84 82 84 82 77 83 80 84 85 82 86 88 81 81 82 87 87 88 83 89 80 81 81 83 83 88 88 94 95 92 94 99 94 97 101 115 124 134 143 143 133 137 126 127 126 121 126 121 125 125 126 127 125 117 113 119 126 130 123 129 119 115 112 115 114
64 71 82 91 93 87 83 87 89 90 83 82 80 85 83 81 89 86 88 94 98 94 85 78 76 81 80 80 84 78 76 76 77 80 80 79 80 82 82 83 83 83 84 81 81 82 83 93 94 94 90 92 95 98 98 97 99 110 120 126 133 132 122 121 119 122 124 121 119 119 124 127 125 127 129 121 113 113 119 121 123 128 114 111 113 115 118
68 70 84 92 92 87 89 90 89 88 85 83 80 77 82 86 86 95 92 89 88 83 80 79 81 76 76 80 81 78 79 79 80 84 85 81 81 83 82 83 82 89 89 91 82 86 87 87 94 95 95 90 91 94 98 99 98 101 111 118 120 121 115 114 115 117 123 125 123 118 120 120 117 126 123 124 114 118 126 124 117 117 114 115 122 123 125
69 75 75 72 73 76 84 96 90 86 86 81 75 79 77 83 95 98 86 81 81 79 74 81 79 75 74 76 77 78 78 79 80 87 85 82 82 82 86 82 83 89 89 85 85 86 92 94 94 94 96 90 91 92 99 99 96 99 100 102 108 109 107 110 112 115 119 118 121 123 121 114 115 119 117 117 114 122 122 116 115 111 111 117 124 126 129
68 71 68 69 69 79 85 97 95 90 83 83 80 78 80 84 94 98 90 77 77 77 74 81 75 73 78 74 75 76 81 78 80 84 85 81 81 81 87 87 83 89 84 80 85 91 87 95 90 89 96 90 97 92 94 100 105 97 100 103 106 106 107 109 109 115 124 122 116 119 123 111 112 116 123 117 116 117 123 113 111 114 112 117 124 126 129
66 64 65 68 73 77 85 95 91 91 91 92 91 82 80 81 84 91 82 78 77 77 81 78 75 75 78 79 80 76 81 77 80 80 80 81 80 86 87 87 83 83 84 82 84 83 83 88 90 95 95 97 91 92 92 95 101 104 97 101 103 104 106 108 108 115 119 120 117 116 119 120 119 119 117 116 113 118 120 112 111 112 117 113 117 125 127
66 67 66 68 69 78 87 90 93 94 95 99 96 90 85 79 82 83 77 76 73 80 79 73 78 79 74 80 75 76 81 82 77 80 80 81 85 86 81 82 88 84 83 76 84 86 85 89 89 91 90 97 93 93 93 94 101 103 99 100 102 103 104 106 108 115 115 114 117 114 115 115 119 123 122 120 121 120 111 111 112 116 126 114 115 127 126
66 67 67 77 85 89 90 94 95 92 92 89 95 92 83 76 73 78 72 70 73 73 76 80 77 80 76 80 75 76 81 77 83 83 79 79 86 81 81 82 78 87 85 82 86 87 85 89 88 87 86 91 99 94 100 101 99 98 99 100 101 103 104 106 109 112 112 110 113 116 110 114 118 117 118 113 113 112 118 118 122 116 117 119 117 117 118
68 69 71 78 88 85 90 90 89 87 84 84 84 83 79 76 72 77 70 75 75 76 78 78 79 83 78 80 80 81 76 77 83 83 84 84 85 81 77 82 79 82 83 92 92 88 91 88 90 91 96 97 93 96 100 104 100 98 99 100 100 102 107 110 112 110 110 110 109 112 112 114 118 117 110 110 119 118 119 112 115 117 120 128 123 119 120
71 70 71 77 80 77 80 77 82 77 75 80 80 72 73 69 74 69 74 75 75 76 76 77 78 86 84 81 75 81 82 82 83 83 79 85 85 81 87 82 83 84 87 95 94 89 99 99 91 98 91 91 93 100 101 103 100 99 102 102 101 102 104 108 109 109 108 108 108 111 112 110 115 117 110 111 111 118 117 122 115 119 129 124 121 121 118
74 68 70 68 74 76 76 76 75 73 72 71 70 70 68 73 69 69 76 77 74 78 80 84 86 82 81 78 78 78 77 78 78 84 75 85 85 86 87 82 83 83 86 87 88 89 90 99 92 92 94 94 95 100 101 101 102 98 104 103 103 102 103 104 106 107 109 108 110 110 110 113 117 109 107 108 109 119 122 122 116 128 129 126 123 122 118
72 76 70 70 71 73 75 72 72 71 68 66 71 67 72 73 73 74 77 79 82 86 82 87 86 84 87 79 80 79 77 77 84 85 79 85 81 87 87 88 88 90 92 94 96 91 93 92 93 98 98 100 102 102 103 103 107 111 104 102 101 102 103 103 104 105 108 107 107 108 110 118 116 108 112 111 113 120 125 124 114 128 127 123 122 119 119
80 80 77 76 72 70 70 65 69 65 61 64 62 67 67 64 67 75 79 86 84 86 85 90 92 95 85 80 80 79 77 83 84 84 85 86 81 81 88 88 89 85 86 89 89 97 96 96 96 96 97 97 98 98 95 96 106 111 110 103 102 102 103 104 105 106 107 106 108 107 108 116 111 109 119 111 112 117 119 116 118 129 125 125 121 122 123
84 82 82 80 73 68 64 69 67 70 67 67 66 67 72 69 68 75 82 84 87 79 85 91 95 94 89 86 87 83 83 81 81 80 86 86 81 81 82 89 84 90 91 92 93 98 95 92 97 98 99 98 95 98 97 99 104 110 107 104 108 110 105 104 105 104 110 107 113 118 114 117 111 110 109 110 115 120 118 116 129 123 126 125 124 125 126
95 95 92 85 69 64 68 65 74 74 77 67 67 68 72 71 70 73 77 76 75 79 91 92 89 92 87 83 87 84 87 87 82 81 82 81 81 82 83 83 85 86 94 87 90 97 95 96 103 101 98 97 97 97 97 99 101 104 104 103 110 107 105 104 104 107 110 114 115 110 109 110 113 109 109 110 123 127 127 125 123 125 124 125 130 128 129
96 92 88 77 69 64 65 69 72 78 68 69 70 72 77 75 79 83 77 77 75 79 88 87 87 88 88 90 85 89 84 82 82 81 81 82 87 84 84 84 90 91 91 88 93 95 100 111 107 107 102 99 97 97 95 97 100 101 102 103 107 107 103 106 105 104 110 113 109 108 109 109 112 110 112 113 116 126 124 121 118 123 126 128 133 135 138
86 80 71 69 67 68 72 71 73 76 70 70 75 76 82 81 87 84 80 81 80 82 85 82 84 85 93 89 87 86 84 80 78 80 85 86 87 87 88 89 94 92 91 92 92 96 106 107 103 104 102 101 97 98 100 100 102 100 102 104 111 108 105 111 105 112 111 113 109 108 109 111 112 112 110 114 126 128 125 122 123 125 129 132 137 140 140
