08 Ecocrop/raster/current/prec_12.asc
ncols        683
nrows        518
xllcorner    -87.691666666667
yllcorner    10.708333333333
cellsize     0.008333333333
NODATA_value  1.#QNAN
[rows 440 to 479 of 518, columns 270 to 359 of 683]
30 31 27 26 27 30 30 40 31 31 32 41 42 42 42 45 48 48 46 49 46 47 47 47 50 50 51 45 45 57 45 57 45 58 58 58 58 54 58 54 49 54 79 79 80 80 80 99 108 108 111 109 107 107 107 94 94 64 71 97 114 126 126 113 140 126 126 112 122 140 126 126 125 140 162 170 87 87 86 123 163 163 164 124 165 157 158 173 174 167
27 31 27 27 28 40 40 42 41 31 32 41 42 44 42 43 45 46 48 49 49 47 47 45 50 50 48 51 41 57 58 58 53 58 54 54 58 54 54 54 50 54 79 80 80 99 99 108 111 107 111 111 107 107 94 94 94 77 64 97 71 123 127 127 141 141 126 126 126 141 162 162 162 140 140 162 142 142 142 124 166 161 165 125 125 159 159 166 167 176
30 31 31 27 27 27 31 40 41 31 41 41 44 44 42 43 45 46 48 49 49 44 44 50 50 50 51 45 45 45 45 45 58 54 49 49 54 59 54 50 50 61 61 61 80 81 100 108 109 109 112 107 107 108 108 94 108 108 95 71 97 97 114 114 127 127 141 141 163 163 163 163 141 126 141 141 163 172 172 125 164 165 166 158 126 160 160 161 170 171
32 33 31 27 30 30 40 40 31 31 41 41 42 42 42 43 45 48 43 44 47 44 44 47 50 48 51 45 45 58 58 46 46 59 50 50 50 50 50 60 61 80 61 61 61 81 100 111 111 101 102 110 112 108 108 108 113 113 95 71 124 124 72 97 142 142 163 163 172 172 142 163 163 172 163 163 163 173 173 145 89 89 89 89 127 169 162 129 129 163
30 27 27 30 39 40 31 31 41 41 43 44 47 44 33 43 45 48 48 46 47 44 50 44 45 50 51 41 45 58 54 54 46 54 50 55 55 50 50 61 61 61 61 100 100 108 111 109 112 112 112 110 110 108 108 108 109 109 95 95 72 72 72 72 115 127 142 164 173 173 164 142 164 173 164 114 142 173 90 90 147 90 90 127 128 128 129 164 175 175
30 30 26 30 39 40 40 42 41 43 43 44 44 47 47 45 45 48 48 46 47 44 47 44 41 41 41 45 45 54 54 54 55 55 55 55 51 55 55 55 56 51 62 81 81 109 109 109 110 110 110 110 113 111 113 109 77 64 95 78 96 78 72 98 115 165 142 165 142 165 165 165 174 127 114 142 142 174 146 147 163 149 149 149 150 91 91 130 175 175
26 26 39 41 41 41 42 42 45 45 46 41 42 42 47 47 45 43 48 49 49 47 50 44 41 41 45 41 59 59 55 55 55 55 55 55 51 51 51 51 51 62 81 81 109 101 101 110 110 113 113 113 113 113 109 95 95 78 78 64 72 98 72 124 124 128 115 128 165 175 175 143 165 143 115 127 127 147 147 148 92 93 150 150 92 92 92 131 166 176
29 38 40 43 44 44 44 45 45 45 46 41 41 38 42 47 48 46 46 46 47 47 50 44 45 41 59 41 59 55 55 60 55 55 51 56 51 56 62 62 52 62 81 82 62 63 83 83 102 111 111 113 109 109 95 95 95 95 78 72 72 98 116 116 116 128 124 98 115 166 166 166 176 143 143 143 143 166 148 93 151 95 152 152 93 131 165 155 94 168
38 38 40 43 41 44 40 45 45 45 46 41 41 42 38 45 43 46 46 46 47 49 44 40 41 45 59 59 45 60 55 55 56 51 56 51 61 52 52 52 62 62 82 63 63 63 83 83 83 103 103 104 114 109 95 77 95 64 64 64 64 98 98 125 125 116 98 72 124 128 166 166 176 166 143 143 143 143 167 178 169 181 181 153 153 154 94 157 159 173
42 40 40 43 43 39 39 44 45 43 46 41 41 42 42 42 48 46 44 46 47 44 40 44 45 45 45 60 46 60 56 56 56 61 56 62 80 81 62 62 62 82 82 82 102 102 103 111 103 111 112 112 112 109 109 77 95 96 78 78 78 64 98 125 125 98 72 65 98 124 116 128 128 128 128 144 177 178 144 144 169 181 154 154 154 173 185 186 161 145
42 42 42 40 43 44 39 40 40 45 43 41 41 42 38 42 48 48 48 49 49 44 44 40 41 45 45 60 60 46 61 61 61 56 52 62 81 62 62 82 63 63 82 110 110 110 111 113 111 114 112 112 114 95 77 63 71 78 96 96 96 78 72 98 125 117 125 125 116 116 116 129 129 144 144 128 144 144 144 168 152 136 136 166 167 134 186 135 98 163
42 42 42 38 39 39 39 39 40 37 37 41 46 46 47 47 39 43 43 49 49 44 44 40 41 45 60 60 60 56 56 52 56 57 57 57 52 63 63 63 63 63 83 83 103 103 103 84 104 84 112 114 109 95 77 63 78 96 96 96 78 96 78 72 98 98 125 125 129 125 125 125 117 168 179 179 168 168 179 152 132 173 173 171 176 176 177 169 98 178
41 42 38 35 43 39 39 54 54 40 40 37 41 38 38 42 42 43 48 44 49 49 50 50 45 41 45 46 46 46 56 52 62 62 57 62 57 53 53 82 83 63 53 64 84 103 104 84 85 105 105 115 95 77 63 63 96 96 96 78 96 78 78 72 126 126 126 126 125 125 117 117 129 145 180 180 152 98 153 153 98 165 166 172 179 174 170 170 170 99
41 42 38 35 38 39 35 39 40 51 55 55 56 41 42 38 39 43 43 43 43 44 40 44 41 41 41 41 42 46 61 62 57 57 57 62 58 53 53 63 64 83 64 84 84 104 84 104 112 112 115 95 95 95 63 78 96 111 111 96 96 97 97 111 72 99 99 98 98 126 130 145 145 169 153 153 99 134 99 165 99 99 134 167 176 178 179 138 100 137
37 37 38 38 38 35 39 54 54 51 51 41 56 56 57 38 58 39 39 43 40 40 40 40 45 41 45 41 42 42 42 47 57 53 53 58 53 53 64 58 54 54 64 84 84 112 104 105 115 115 115 110 115 110 96 78 96 111 111 96 96 97 97 97 64 99 99 99 99 126 118 146 146 170 181 101 100 134 166 165 100 156 135 176 177 176 179 101 101 102
37 37 37 34 53 53 50 54 54 51 47 52 47 53 53 53 58 43 59 59 59 44 44 45 61 45 46 41 42 42 42 47 63 53 53 58 58 54 64 54 54 54 64 84 104 112 105 105 113 115 115 115 110 116 110 96 96 111 96 111 117 111 111 64 64 72 99 126 126 118 130 146 170 170 182 155 155 101 135 166 135 101 101 137 178 176 179 102 103 139
51 37 37 38 50 50 53 51 46 47 55 55 56 73 48 49 49 49 55 55 60 44 44 45 45 61 61 62 62 62 58 58 53 53 53 54 63 64 59 54 54 54 65 85 85 105 115 115 115 115 110 95 110 111 111 96 63 78 63 78 97 97 78 78 64 72 99 99 126 99 99 130 146 146 146 183 102 156 156 156 102 158 159 138 170 138 103 181 173 174
51 52 52 49 45 53 69 54 54 55 96 88 72 73 57 49 49 58 75 50 55 51 51 56 57 61 62 57 58 53 53 58 53 54 54 54 59 59 54 64 65 65 65 85 85 113 115 110 110 77 77 77 96 96 96 78 63 63 63 63 78 78 78 78 72 72 72 72 64 99 119 147 147 171 183 157 157 137 171 176 176 137 103 103 139 172 140 184 157 158
44 51 52 52 68 84 85 70 70 71 88 97 102 98 90 91 75 92 101 93 60 60 78 96 97 79 80 80 53 53 53 58 54 54 64 64 64 54 65 84 55 85 85 85 105 113 110 95 96 77 77 77 111 77 62 71 63 63 78 78 97 112 97 78 72 99 99 127 127 127 172 147 147 172 172 184 104 138 176 172 176 138 139 141 173 179 181 186 186 184
66 82 83 83 93 85 94 95 86 87 88 97 98 102 103 91 92 101 101 106 103 103 96 96 105 97 98 107 81 81 63 64 64 83 102 102 110 111 103 104 104 104 105 85 113 115 95 96 98 63 79 77 96 96 62 62 71 99 71 99 63 78 63 63 63 99 128 127 120 120 131 131 131 147 147 185 139 176 173 178 178 175 176 180 179 186 188 189 178 144
81 82 91 92 93 93 98 99 95 96 96 97 89 98 103 100 100 105 105 106 107 107 104 105 109 106 110 107 99 100 64 64 83 102 102 102 111 111 104 111 112 105 105 105 115 95 78 95 79 80 63 78 96 96 71 71 72 100 129 99 71 71 71 71 99 99 128 121 120 131 131 131 173 173 173 186 170 170 178 144 145 146 177 178 186 187 188 189 187 179
90 91 92 97 97 98 94 95 95 96 97 97 98 99 103 104 104 105 101 106 107 103 108 108 109 106 110 110 108 100 101 82 101 102 110 110 111 111 111 104 105 112 113 115 110 96 77 61 64 64 73 63 62 62 100 102 100 100 100 129 99 99 99 71 128 128 128 121 132 132 148 148 173 173 173 107 171 171 179 179 180 181 182 182 181 155 188 156 192 187
91 92 92 93 93 94 95 95 100 100 97 97 98 99 103 100 105 101 101 102 107 87 88 104 109 105 110 111 108 108 112 112 113 113 110 113 114 114 109 94 94 60 70 70 71 63 61 71 73 63 71 78 62 62 71 72 71 100 100 100 129 129 129 129 122 132 132 149 148 148 187 161 161 142 142 172 175 143 144 144 182 184 185 150 153 188 155 157 191 223
75 75 61 76 93 98 98 99 95 96 65 65 82 82 103 104 84 85 85 102 103 103 88 88 89 72 90 106 107 109 109 108 108 92 93 59 59 75 75 60 60 70 100 100 132 101 61 71 63 62 61 62 77 62 62 78 63 71 71 100 130 123 133 122 122 133 187 163 145 112 162 111 111 143 179 179 179 182 144 182 145 148 149 235 155 155 190 190 223 239
89 45 46 76 77 78 95 95 96 96 97 97 82 82 99 104 100 101 102 86 103 103 88 89 72 56 90 91 91 91 92 74 74 74 75 69 100 100 100 70 60 60 70 70 70 61 61 96 77 61 61 61 77 77 62 62 62 62 71 71 130 123 133 133 133 175 188 114 113 145 174 174 174 176 144 144 144 144 180 144 145 185 186 218 237 221 221 238 224 225
128 125 58 58 126 126 91 48 64 64 65 65 82 82 83 84 100 85 102 86 70 87 88 89 89 90 106 91 91 74 58 69 69 59 75 59 70 70 100 70 60 70 133 70 70 76 95 77 77 77 77 77 96 77 62 71 71 71 62 62 71 130 133 150 150 175 189 115 114 164 146 181 180 145 215 231 215 183 181 144 216 217 218 219 236 237 238 239 240 240
164 129 127 126 127 127 127 92 60 61 61 49 50 66 66 84 67 68 68 69 70 87 71 71 89 90 111 107 91 58 58 58 69 58 75 59 59 70 59 70 75 70 70 60 60 60 95 96 77 77 77 71 71 77 62 71 71 71 100 71 71 131 134 150 150 176 190 116 115 165 115 181 146 215 232 233 232 184 184 184 185 218 219 219 220 222 223 224 225 226
165 165 142 129 130 144 144 131 129 129 129 129 130 62 63 51 51 52 52 69 69 70 71 71 56 56 73 91 73 74 58 58 58 58 74 75 75 59 59 75 94 76 60 60 60 60 76 96 77 77 61 70 71 61 61 71 71 100 100 100 100 131 131 134 134 176 190 166 116 116 116 182 181 184 216 216 184 182 145 145 185 218 219 220 221 238 239 193 226 227
1.#QNAN 1.#QNAN 143 143 143 166 167 143 142 180 168 145 146 133 131 95 95 96 64 53 69 54 66 66 67 56 56 57 68 69 57 58 58 74 74 58 93 109 94 94 94 75 95 76 95 95 111 111 96 77 77 77 70 100 132 100 131 131 131 100 100 131 124 124 124 134 151 191 167 117 149 177 179 147 185 185 146 183 183 146 147 187 150 189 190 223 224 241 195 196
1.#QNAN 1.#QNAN 1.#QNAN 1.#QNAN 1.#QNAN 1.#QNAN 1.#QNAN 1.#QNAN 1.#QNAN 1.#QNAN 1.#QNAN 167 167 183 147 133 130 130 96 97 65 97 133 133 98 67 68 68 135 100 57 108 92 74 74 93 115 115 115 110 94 94 95 111 111 111 111 96 60 60 77 96 61 100 100 100 100 71 100 100 100 100 100 131 131 134 134 192 168 118 149 149 178 183 218 183 180 184 147 187 219 188 221 222 239 224 225 242 196 197
1.#QNAN 1.#QNAN 1.#QNAN 1.#QNAN 1.#QNAN 1.#QNAN 1.#QNAN 1.#QNAN 1.#QNAN 1.#QNAN 1.#QNAN 1.#QNAN 1.#QNAN 184 143 184 185 172 134 135 131 131 133 133 98 134 132 132 137 132 135 68 69 58 69 74 93 109 110 110 94 75 110 95 95 95 76 60 76 76 77 60 70 100 70 132 100 71 62 71 100 100 131 125 135 151 178 178 193 169 150 119 118 185 149 149 149 187 187 188 188 188 238 239 239 233 241 240 241 244
1.#QNAN 1.#QNAN 1.#QNAN 1.#QNAN 1.#QNAN 1.#QNAN 1.#QNAN 1.#QNAN 1.#QNAN 1.#QNAN 1.#QNAN 1.#QNAN 1.#QNAN 1.#QNAN 1.#QNAN 174 185 168 170 187 174 188 175 150 150 137 151 151 151 137 131 135 135 135 100 100 58 93 75 75 58 59 75 75 76 59 59 60 60 76 60 100 100 100 132 132 100 132 132 132 126 135 126 152 152 152 193 170 170 170 120 151 170 185 150 150 150 150 188 237 189 238 238 239 241 242 227 243 244 245
1.#QNAN 1.#QNAN 1.#QNAN 1.#QNAN 1.#QNAN 1.#QNAN 1.#QNAN 1.#QNAN 1.#QNAN 1.#QNAN 1.#QNAN 1.#QNAN 1.#QNAN 1.#QNAN 1.#QNAN 1.#QNAN 1.#QNAN 182 176 186 187 169 143 172 172 172 190 191 191 152 137 131 131 131 131 100 68 57 74 58 69 69 100 100 69 100 133 133 100 70 70 133 133 133 127 132 100 100 132 126 126 152 152 152 179 194 194 171 122 122 121 121 120 180 185 151 151 151 152 222 222 239 237 238 239 240 244 245 246 232
1.#QNAN 1.#QNAN 1.#QNAN 1.#QNAN 1.#QNAN 1.#QNAN 1.#QNAN 1.#QNAN 1.#QNAN 1.#QNAN 1.#QNAN 1.#QNAN 1.#QNAN 1.#QNAN 1.#QNAN 1.#QNAN 1.#QNAN 1.#QNAN 1.#QNAN 1.#QNAN 165 187 188 143 170 169 143 142 173 178 137 135 131 131 137 131 135 100 68 69 58 100 100 100 134 134 133 136 133 100 100 133 128 100 100 100 100 100 127 136 136 152 179 179 179 195 195 172 154 154 153 181 181 187 186 152 189 153 188 154 240 239 237 238 239 241 245 246 247 232
1.#QNAN 1.#QNAN 1.#QNAN 1.#QNAN 1.#QNAN 1.#QNAN 1.#QNAN 1.#QNAN 1.#QNAN 1.#QNAN 1.#QNAN 1.#QNAN 1.#QNAN 1.#QNAN 1.#QNAN 1.#QNAN 1.#QNAN 1.#QNAN 1.#QNAN 1.#QNAN 1.#QNAN 1.#QNAN 165 178 181 189 189 189 142 192 178 137 137 137 131 131 131 135 100 68 100 131 134 134 129 129 136 129 133 100 100 133 128 133 100 100 100 133 132 127 153 153 180 180 173 173 173 155 183 182 182 188 188 184 187 154 154 154 155 155 191 224 225 243 243 241 242 246 248 249
1.#QNAN 1.#QNAN 1.#QNAN 1.#QNAN 1.#QNAN 1.#QNAN 1.#QNAN 1.#QNAN 1.#QNAN 1.#QNAN 1.#QNAN 1.#QNAN 1.#QNAN 1.#QNAN 1.#QNAN 1.#QNAN 1.#QNAN 1.#QNAN 1.#QNAN 1.#QNAN 1.#QNAN 1.#QNAN 1.#QNAN 1.#QNAN 185 185 186 186 182 169 169 174 192 192 178 152 152 131 130 130 130 137 152 152 152 137 129 129 129 134 129 136 128 128 133 133 133 128 133 132 136 180 180 196 174 174 174 156 156 183 184 184 184 223 155 191 191 186 186 186 157 158 226 227 244 246 246 244 247 1.#QNAN
1.#QNAN 1.#QNAN 1.#QNAN 1.#QNAN 1.#QNAN 1.#QNAN 1.#QNAN 1.#QNAN 1.#QNAN 1.#QNAN 1.#QNAN 1.#QNAN 1.#QNAN 1.#QNAN 1.#QNAN 1.#QNAN 1.#QNAN 1.#QNAN 1.#QNAN 1.#QNAN 1.#QNAN 1.#QNAN 1.#QNAN 1.#QNAN 1.#QNAN 1.#QNAN 217 180 182 189 190 190 189 141 141 174 174 152 152 179 179 152 153 153 153 153 153 137 137 136 137 137 136 137 153 153 136 153 180 196 175 174 174 128 174 127 127 184 189 185 156 156 156 191 241 191 192 192 187 191 193 226 227 244 246 246 246 244 1.#QNAN 1.#QNAN
1.#QNAN 1.#QNAN 1.#QNAN 1.#QNAN 1.#QNAN 1.#QNAN 1.#QNAN 1.#QNAN 1.#QNAN 1.#QNAN 1.#QNAN 1.#QNAN 1.#QNAN 1.#QNAN 1.#QNAN 1.#QNAN 1.#QNAN 1.#QNAN 1.#QNAN 1.#QNAN 1.#QNAN 1.#QNAN 1.#QNAN 1.#QNAN 1.#QNAN 1.#QNAN 1.#QNAN 1.#QNAN 186 186 181 165 181 183 183 190 189 190 175 175 175 194 194 195 180 195 175 136 175 175 195 180 181 180 180 181 196 175 131 131 161 186 190 186 159 158 190 190 187 187 157 191 224 224 242 242 239 242 243 243 194 244 244 229 230 231 1.#QNAN 1.#QNAN 1.#QNAN 1.#QNAN
1.#QNAN 1.#QNAN 1.#QNAN 1.#QNAN 1.#QNAN 1.#QNAN 1.#QNAN 1.#QNAN 1.#QNAN 1.#QNAN 1.#QNAN 1.#QNAN 1.#QNAN 1.#QNAN 1.#QNAN 1.#QNAN 1.#QNAN 1.#QNAN 1.#QNAN 1.#QNAN 1.#QNAN 1.#QNAN 1.#QNAN 1.#QNAN 1.#QNAN 1.#QNAN 1.#QNAN 1.#QNAN 1.#QNAN 1.#QNAN 239 239 239 187 165 165 182 191 190 189 189 168 168 167 189 167 189 189 188 188 165 135 165 164 188 191 191 185 191 185 185 191 186 159 159 186 187 187 158 191 225 239 242 243 234 235 223 240 240 240 241 245 244 242 1.#QNAN 1.#QNAN 1.#QNAN 1.#QNAN 1.#QNAN 1.#QNAN
1.#QNAN 1.#QNAN 1.#QNAN 1.#QNAN 1.#QNAN 1.#QNAN 1.#QNAN 1.#QNAN 1.#QNAN 1.#QNAN 1.#QNAN 1.#QNAN 1.#QNAN 1.#QNAN 1.#QNAN 1.#QNAN 1.#QNAN 1.#QNAN 1.#QNAN 1.#QNAN 1.#QNAN 1.#QNAN 1.#QNAN 1.#QNAN 1.#QNAN 1.#QNAN 1.#QNAN 1.#QNAN 1.#QNAN 1.#QNAN 1.#QNAN 1.#QNAN 1.#QNAN 242 219 219 187 182 191 184 191 191 191 191 191 191 184 184 184 191 185 189 191 185 185 185 185 185 185 186 160 186 187 160 191 191 160 159 192 192 243 235 240 243 240 224 213 236 236 236 237 242 242 1.#QNAN 1.#QNAN 1.#QNAN 1.#QNAN 1.#QNAN 1.#QNAN 1.#QNAN
