08 Ecocrop/raster/current/prec_6.asc
ncols        683
nrows        518
xllcorner    -87.691666666667
yllcorner    10.708333333333
cellsize     0.008333333333
NODATA_value  1.#QNAN
[rows 370 to 406 of 518, columns 252 to 335 of 683]
229 229 229 233 233 229 233 241 248 265 277 277 277 256 257 261 276 293 298 286 287 287 287 287 288 273 273 273 289 289 302 303 299 300 304 301 305 293 277 278 278 269 295 306 307 291 308 308 298 282 273 264 274 274 302 302 303 286 304 288 288 288 289 289 290 290 307 321 321 304 305 306 306 306 307 324 312 313 315 328 318 303 293 290
234 234 246 234 234 229 233 233 241 265 276 265 276 257 257 258 262 268 277 278 278 295 300 288 288 289 273 274 274 274 275 275 291 292 292 292 306 306 307 295 295 296 296 307 307 311 311 311 311 283 283 265 285 275 276 286 287 304 318 319 289 289 289 279 280 280 291 321 320 322 324 324 323 306 325 325 312 313 314 327 313 328 330 319
246 246 246 230 230 234 234 234 242 249 266 266 278 257 258 258 262 268 269 269 270 270 279 289 301 289 274 274 266 275 275 275 276 276 277 277 294 294 304 308 309 309 310 310 308 311 311 299 299 283 274 275 285 286 276 276 287 288 319 318 289 290 307 280 291 280 281 309 323 324 311 324 324 307 324 326 313 327 327 329 312 313 329 331
259 247 235 235 230 234 242 242 242 249 277 266 277 272 272 259 269 269 270 270 270 271 280 302 298 298 266 266 267 267 267 267 276 268 268 269 278 279 295 309 309 297 310 298 311 312 312 300 284 301 275 275 303 303 287 277 288 288 306 318 321 290 290 291 309 292 292 309 323 324 325 312 312 325 324 326 328 314 315 316 329 329 329 330
248 247 247 247 231 231 231 235 235 250 267 267 279 280 273 273 259 270 270 270 280 280 280 281 281 299 291 291 292 292 292 277 268 252 252 252 269 261 270 280 280 297 298 298 299 283 283 284 301 301 285 276 303 317 304 277 268 269 279 321 321 290 291 291 281 281 282 282 324 311 295 284 295 296 313 328 315 329 328 329 330 331 331 315
261 260 260 248 236 236 236 231 231 235 243 243 250 278 280 280 281 264 271 270 271 272 272 272 282 291 304 300 304 292 293 277 278 269 246 253 253 262 271 281 310 311 308 312 300 300 284 285 285 302 303 276 287 304 305 278 269 269 269 270 270 270 271 281 292 310 310 310 311 312 295 274 265 274 297 298 330 315 328 311 332 332 333 334
269 269 272 268 268 248 236 232 232 235 231 235 268 250 268 279 281 274 265 275 275 263 263 276 273 274 268 274 274 293 277 278 294 303 295 279 262 262 271 298 308 308 283 283 293 311 315 315 316 303 303 287 304 305 305 289 289 279 261 256 262 271 281 281 293 311 324 324 312 284 274 265 261 261 275 298 329 311 312 330 332 334 320 320
273 273 273 273 272 261 249 248 237 237 237 236 236 251 243 250 250 280 280 269 269 280 269 269 281 283 277 269 275 302 269 269 295 303 304 305 297 271 281 298 308 309 283 283 311 294 312 302 286 276 304 277 288 305 306 289 290 270 256 265 256 262 282 293 311 311 325 325 327 285 266 261 261 262 286 298 316 330 330 318 301 319 335 321
273 274 275 274 274 273 261 249 261 261 232 232 236 244 244 236 244 251 251 244 243 250 250 243 250 250 281 266 267 276 307 279 286 304 287 309 297 281 282 282 309 313 310 293 301 312 295 303 304 277 277 277 278 289 289 290 307 291 262 262 262 263 282 294 311 312 313 313 327 285 266 261 262 262 287 298 317 318 277 300 302 319 334 336
274 275 274 274 274 273 262 250 262 261 249 238 237 237 244 237 233 233 236 232 244 236 232 236 244 250 270 278 285 279 271 277 287 287 288 306 310 272 273 299 309 292 293 311 315 316 313 317 317 288 277 289 306 306 290 280 291 292 281 272 282 283 283 294 295 284 296 285 297 286 276 276 267 277 288 299 300 319 319 319 335 334 335 337
275 275 275 275 275 275 271 250 250 250 262 250 233 238 238 233 233 238 238 238 233 237 233 233 237 244 251 271 251 251 286 280 272 279 279 279 280 308 283 300 310 284 285 285 303 303 304 304 288 278 289 289 289 279 291 291 292 293 282 263 273 283 283 284 265 274 296 297 297 297 298 299 287 288 288 301 331 334 320 335 335 335 322 323
275 275 275 276 276 275 275 274 271 263 263 250 239 239 239 238 250 261 249 237 237 237 233 233 245 251 251 251 251 251 272 284 281 281 273 271 271 282 291 310 293 284 285 285 313 287 277 278 306 289 279 279 280 291 280 271 272 272 264 272 272 283 283 312 295 297 297 297 286 316 330 300 288 301 319 320 320 334 320 302 291 304 338 338
276 276 277 276 276 276 276 275 275 275 271 263 251 251 239 250 250 250 239 234 239 234 238 238 245 245 238 272 252 272 272 272 284 285 282 280 281 291 310 311 293 284 316 317 317 277 260 260 279 279 270 270 280 281 281 282 293 283 283 283 325 324 312 312 313 275 276 287 299 299 299 288 301 289 302 302 321 321 321 336 322 338 338 339
278 277 277 277 277 277 277 276 272 272 272 264 264 251 251 251 251 240 239 239 235 235 235 238 238 238 238 246 246 252 273 285 273 273 288 275 282 283 314 293 285 312 316 304 305 260 255 255 261 261 261 271 262 281 282 282 283 312 312 313 325 325 326 328 315 286 276 277 268 268 278 278 279 270 279 280 303 321 337 336 319 320 320 339
278 277 278 278 277 277 277 277 273 273 273 272 264 252 240 252 252 252 251 240 240 235 235 235 235 239 239 239 235 239 253 273 253 286 286 275 282 292 311 294 285 313 304 305 289 269 264 261 262 262 262 271 263 272 273 273 312 313 327 314 313 313 296 297 297 299 287 288 269 269 289 278 279 270 280 280 291 304 336 337 319 338 339 340
278 275 275 274 274 274 277 278 274 266 265 253 253 253 265 265 252 241 241 241 241 240 240 240 240 236 236 239 235 235 274 274 253 274 287 284 277 283 284 294 295 314 318 305 306 270 256 257 262 262 263 263 272 264 273 274 284 296 314 314 314 313 314 316 299 288 288 278 269 270 279 279 280 271 271 280 280 305 337 319 338 339 340 341
268 275 275 275 275 275 275 275 274 266 266 242 254 253 265 253 242 241 241 253 253 241 241 236 241 241 241 236 236 240 254 254 275 275 290 285 275 278 279 286 296 315 319 306 290 271 257 263 272 282 282 273 283 273 274 265 275 297 297 315 329 314 328 287 300 289 269 264 270 270 270 271 271 280 272 305 305 324 338 320 339 307 307 308
276 268 279 268 276 276 275 275 267 267 254 254 243 238 242 237 237 237 253 253 242 242 242 253 265 264 241 241 237 241 255 275 288 255 291 285 278 279 279 285 287 288 316 320 308 322 309 292 293 293 311 311 284 274 275 275 286 328 315 298 316 326 327 288 289 289 270 270 280 271 271 266 281 305 305 305 306 306 339 339 340 308 295 295
269 277 277 277 268 268 268 276 268 268 267 255 255 243 243 243 243 243 266 274 254 254 254 254 253 253 265 242 242 237 249 276 276 289 292 292 290 277 278 278 281 282 287 318 309 309 310 282 283 294 284 284 296 296 285 297 329 329 330 330 331 330 330 318 301 302 290 280 280 291 292 292 281 293 324 338 339 339 339 340 341 308 294 283
270 269 269 269 269 269 277 277 276 276 276 276 268 268 255 255 244 243 255 255 255 266 274 274 274 274 266 266 243 238 249 249 249 256 277 278 278 291 278 279 289 290 281 290 319 323 294 311 324 312 295 284 285 297 315 329 327 327 328 329 332 332 318 302 320 320 321 321 304 304 281 282 282 293 306 325 340 340 326 326 308 295 274 284
270 270 257 270 270 278 278 277 269 277 277 280 277 276 268 244 244 244 256 255 255 267 267 278 278 275 274 266 255 239 243 243 239 243 257 291 279 294 295 289 295 290 291 285 291 302 325 325 303 322 326 296 297 315 316 327 328 309 329 329 330 333 320 302 333 332 332 335 322 305 293 293 282 294 307 326 326 326 295 309 296 296 284 284
258 271 258 258 258 270 278 278 278 278 278 281 277 277 257 257 245 245 256 256 256 256 268 276 276 267 275 255 255 240 240 240 240 244 251 279 292 292 292 296 296 297 297 283 290 293 294 304 304 326 314 297 297 316 299 317 328 329 329 330 331 334 320 321 335 333 334 332 321 305 293 283 283 294 295 326 308 327 309 309 296 296 296 284
272 272 247 246 259 271 279 279 279 282 282 282 281 278 270 257 241 246 257 257 245 245 257 276 280 256 256 256 256 245 240 245 240 241 241 244 259 280 281 281 281 297 292 286 286 291 292 293 295 327 298 316 329 327 317 318 301 319 333 331 332 335 335 322 304 292 305 322 335 306 307 294 307 308 326 327 309 309 328 328 327 328 309 309
272 272 259 247 272 280 280 280 279 283 282 279 282 271 270 270 246 241 241 246 246 246 246 257 269 257 241 241 246 246 246 257 246 246 246 245 245 253 253 253 253 261 293 284 294 286 288 289 296 328 298 316 330 331 331 332 333 290 320 334 335 322 336 305 323 305 306 293 306 307 324 295 308 327 309 309 297 310 328 310 327 341 341 327
284 284 281 284 281 284 284 284 284 284 284 284 283 279 279 271 271 247 247 247 258 258 270 278 270 258 246 242 246 242 246 242 247 246 242 247 242 242 254 254 254 262 296 284 297 297 287 290 290 295 326 327 331 332 329 319 290 280 291 304 304 304 337 337 324 306 307 307 284 308 308 308 309 296 310 310 297 311 329 330 329 297 297 297
285 285 285 285 285 285 285 285 285 284 281 280 284 284 280 272 272 259 248 248 259 259 259 259 259 247 247 247 242 243 247 247 246 246 243 248 243 243 247 262 262 263 284 284 297 301 301 302 297 292 299 331 332 332 333 320 291 291 304 304 305 305 324 306 294 307 307 326 326 327 327 296 310 310 310 311 344 330 312 312 298 298 287 312
286 286 286 286 285 286 286 286 285 285 285 281 273 273 260 273 272 260 248 248 248 260 248 248 248 243 243 248 248 247 247 243 243 243 244 259 244 248 255 255 255 256 285 264 285 298 299 299 300 300 291 300 310 329 330 331 321 304 305 293 293 294 306 284 284 308 340 341 341 327 310 310 310 311 311 311 312 331 312 313 299 313 313 332
287 286 286 286 287 286 287 286 286 286 285 274 282 274 249 261 273 261 249 261 261 249 249 249 249 244 244 249 249 249 248 248 244 244 244 249 249 256 249 256 264 256 264 286 286 286 300 300 300 301 304 300 295 302 302 312 332 322 337 294 274 284 295 295 284 296 327 327 328 328 329 311 298 298 330 312 299 313 300 300 288 300 314 332
288 287 288 287 287 287 287 287 275 275 283 275 274 262 250 250 262 250 245 250 274 250 250 250 245 245 248 245 245 245 248 245 249 250 250 250 250 250 246 246 257 257 257 265 266 266 287 288 288 288 288 305 293 299 300 304 313 333 337 307 307 308 308 308 309 309 328 328 328 329 329 312 299 299 299 300 300 300 300 288 300 300 299 300
288 288 288 288 284 287 284 284 284 284 284 283 275 263 245 245 249 245 249 245 262 250 245 245 250 250 250 249 250 250 246 246 250 273 273 273 273 262 246 251 247 247 251 251 258 258 267 267 268 268 302 306 302 300 304 304 314 334 335 336 339 326 340 341 341 342 342 343 343 330 330 331 331 313 300 279 279 279 289 289 289 313 287 274
285 277 285 285 285 288 288 285 264 284 276 284 284 251 246 246 246 251 251 246 246 246 246 246 246 246 251 251 251 262 262 262 274 282 282 282 282 274 263 252 252 252 248 248 252 248 268 260 268 269 290 290 304 303 298 298 302 315 335 340 327 341 327 328 342 342 343 329 330 344 331 331 300 279 279 301 300 280 276 276 275 288 287 288
289 286 278 278 277 286 285 285 277 285 285 285 285 277 276 264 276 264 247 252 250 250 250 250 250 247 252 247 247 247 247 252 263 283 275 275 275 275 263 253 253 248 252 252 252 260 260 260 260 261 261 291 304 305 309 304 300 336 339 340 341 310 310 342 329 311 330 330 330 313 313 300 289 280 280 289 301 290 276 281 281 290 316 316
278 287 265 253 253 265 278 286 286 278 286 286 286 285 277 277 265 265 253 247 247 247 251 251 251 251 248 248 248 248 248 253 253 276 276 264 264 264 253 253 253 254 249 249 253 253 253 254 254 254 261 292 292 305 304 298 307 340 327 328 328 311 311 311 330 330 312 313 300 300 300 289 280 280 286 276 281 281 277 281 291 290 317 316
287 287 279 266 266 266 253 279 287 287 278 286 290 290 290 286 253 265 265 253 248 253 252 248 248 248 248 253 253 248 248 253 249 277 285 277 265 277 265 254 254 254 254 266 255 254 250 251 251 251 262 292 306 306 310 306 301 338 341 329 329 311 311 312 312 312 312 345 314 314 314 289 281 277 277 277 277 277 282 291 282 281 318 303
280 280 280 267 254 254 254 267 279 279 279 279 287 287 287 287 278 266 266 254 254 266 254 249 249 249 249 254 254 254 254 254 249 266 277 278 278 278 278 255 255 255 251 255 255 251 251 251 251 252 252 263 293 307 311 299 302 309 342 329 312 330 312 312 312 313 313 331 315 301 301 290 291 291 282 278 278 282 292 292 304 304 304 305
267 267 267 280 267 255 255 267 267 280 280 288 280 279 279 279 267 267 255 255 249 267 255 267 255 255 266 278 266 266 255 255 266 278 286 286 286 286 278 278 267 267 256 256 256 256 256 252 252 257 257 256 294 311 306 300 302 309 310 343 330 343 331 313 314 313 313 314 290 281 277 281 291 282 283 283 283 292 305 293 293 305 320 320
281 268 281 281 268 268 268 255 268 268 280 280 280 268 280 280 268 267 267 250 250 255 255 255 279 279 287 291 291 267 279 279 287 287 287 279 279 287 268 279 268 268 268 257 252 252 253 257 257 253 253 264 308 307 300 302 303 303 302 303 320 344 301 301 301 301 289 314 301 302 303 291 292 283 283 305 305 305 305 293 284 293 293 320
