08 Ecocrop/raster/current/prec_3.asc
ncols        683
nrows        518
xllcorner    -87.691666666667
yllcorner    10.708333333333
cellsize     0.008333333333
NODATA_value  1.#QNAN
[rows 294 to 335 of 518, columns 282 to 375 of 683]
18 21 20 19 19 21 19 21 26 25 23 24 20 22 20 24 27 28 23 22 22 20 25 30 25 27 31 28 27 29 28 24 25 27 25 27 29 28 29 27 28 29 29 29 30 30 30 28 28 27 28 30 26 26 32 35 33 32 32 32 33 34 30 33 35 31 33 33 29 29 33 35 32 32 31 33 37 37 38 40 41 39 39 38 41 43 41 44 42 40 40 39 39 41
18 23 24 23 25 21 19 21 23 24 22 21 22 19 20 20 27 28 29 25 25 25 25 23 23 26 26 27 27 27 28 29 29 29 27 26 26 29 31 29 29 31 31 30 27 27 30 27 26 27 30 30 28 26 30 31 31 31 35 35 32 31 33 33 33 31 31 33 31 31 33 35 34 32 32 32 35 32 38 40 41 38 38 38 38 44 44 42 41 40 40 39 36 39
19 19 21 22 24 22 17 17 23 26 19 20 22 21 19 19 24 24 25 29 26 28 27 23 22 23 25 26 24 25 26 29 28 30 30 26 28 28 29 27 28 30 29 29 29 28 31 25 26 30 30 29 30 27 30 28 29 27 33 35 34 30 33 33 33 31 29 34 29 30 35 33 31 31 30 30 30 32 37 39 40 38 38 38 38 39 40 43 40 41 40 38 36 38
21 21 20 16 18 18 17 19 17 19 20 20 18 21 22 22 21 24 24 25 25 29 27 29 27 26 26 24 23 24 29 26 26 29 27 28 29 29 28 29 30 24 24 31 32 33 30 30 30 30 30 29 30 27 28 31 29 28 30 29 30 30 30 30 30 33 32 28 29 30 34 36 33 29 31 29 30 30 35 37 39 38 37 37 37 38 38 43 43 44 41 36 36 40
19 18 18 18 17 17 16 18 17 17 20 21 19 20 19 26 20 25 24 25 25 27 27 26 23 24 25 25 23 26 28 30 27 30 26 27 31 33 33 30 29 31 29 33 33 31 32 30 27 26 27 27 29 27 27 28 31 31 27 28 32 30 30 29 29 29 33 34 28 30 31 35 37 35 35 31 30 34 34 35 37 39 38 38 34 37 33 38 40 40 41 39 40 40
19 17 21 25 22 22 22 20 18 21 20 27 28 27 26 27 27 22 20 25 27 23 26 23 22 25 23 23 29 28 29 31 31 30 33 30 29 36 31 31 31 26 32 34 30 30 28 26 29 30 29 30 30 27 27 30 32 33 32 29 27 30 28 28 28 30 33 30 30 31 30 32 33 30 34 36 37 37 38 37 37 39 35 36 38 39 39 38 37 39 39 42 42 45
19 17 20 24 21 23 23 22 20 22 24 24 26 27 28 28 29 26 25 28 24 25 21 23 24 23 23 29 28 27 27 27 27 29 33 33 30 29 29 28 29 30 33 33 31 32 29 25 30 29 29 29 30 29 27 28 28 30 27 28 29 32 32 28 28 28 33 33 29 35 34 35 32 30 32 34 36 36 34 36 38 37 36 32 32 35 39 41 39 39 40 42 41 43
22 20 20 20 24 23 21 22 22 25 23 25 26 26 25 25 28 25 24 24 27 25 25 27 27 30 31 31 30 29 28 28 28 29 33 33 32 32 32 28 30 34 35 33 33 32 30 32 32 29 30 29 27 29 29 27 28 28 27 27 29 27 32 32 33 32 30 28 33 35 34 34 34 34 30 31 31 32 32 30 33 33 33 33 34 35 33 37 40 42 42 42 42 44
23 23 21 23 21 20 24 24 24 23 23 25 25 24 27 27 27 28 26 25 24 25 25 26 25 28 32 32 28 29 28 28 29 32 33 33 34 34 30 30 30 29 32 32 31 29 31 31 30 30 29 30 29 25 25 27 26 26 27 32 29 27 29 32 31 32 29 28 33 34 31 29 29 35 29 31 34 34 34 35 31 33 31 33 36 32 34 34 36 40 42 40 39 42
24 25 24 23 21 23 21 21 24 22 25 23 26 26 27 28 27 28 26 22 24 22 25 25 25 28 29 29 30 27 25 28 32 33 33 32 34 34 29 29 29 30 30 32 30 30 31 29 30 30 29 29 27 25 25 27 25 26 28 29 29 31 29 31 32 31 32 29 32 30 28 28 30 29 31 31 34 35 35 35 32 31 31 31 31 31 31 33 32 34 36 37 37 39
24 23 21 22 21 22 23 25 23 23 24 23 26 24 25 27 28 26 28 24 25 25 24 25 25 26 29 30 28 29 28 29 31 31 33 32 33 32 29 30 32 30 30 30 27 35 35 32 30 29 25 25 27 25 30 30 27 27 27 28 28 29 31 31 31 27 29 32 28 32 30 32 33 33 34 32 35 34 35 35 32 31 33 31 35 36 36 37 36 32 34 34 32 37
22 22 20 21 22 27 25 25 22 22 21 25 23 22 24 26 28 26 27 26 25 21 22 22 26 28 29 28 30 30 29 32 35 34 33 31 30 32 33 30 28 27 31 27 35 37 33 30 29 26 30 30 28 27 27 28 26 28 28 28 26 29 32 29 28 31 32 32 32 30 32 34 34 34 29 32 32 32 35 35 35 33 31 35 33 33 33 33 36 36 38 38 38 38
23 25 24 23 24 23 24 21 21 21 22 22 21 25 26 23 25 25 28 28 26 20 24 22 26 28 30 30 30 30 31 33 36 31 30 28 29 31 33 31 31 28 28 28 33 29 32 29 26 29 30 31 30 30 30 31 30 30 27 28 26 33 30 32 29 29 29 32 30 30 30 33 31 31 31 30 34 36 32 30 35 32 30 35 32 35 33 33 31 34 38 40 41 39
21 23 23 24 22 24 24 24 21 19 23 25 25 23 25 20 21 23 24 23 21 21 26 26 26 28 27 27 27 28 28 31 34 31 29 29 27 32 33 33 33 32 29 30 29 26 30 28 29 25 29 29 30 27 30 31 31 31 26 30 31 27 27 30 32 29 27 28 28 29 28 31 29 29 29 30 30 36 36 36 32 33 33 35 30 35 37 35 33 33 34 36 37 41
22 21 23 23 21 24 22 22 19 17 19 21 25 22 23 24 23 24 21 23 26 26 25 28 28 27 27 28 28 28 28 31 31 30 29 29 32 33 32 29 33 32 28 29 28 24 28 28 28 30 29 24 30 24 25 31 31 31 25 30 31 27 28 30 28 27 30 31 30 30 28 33 33 33 31 31 35 32 33 33 36 33 34 34 36 37 40 36 31 36 33 36 32 34
21 24 25 24 23 23 24 22 21 22 19 22 22 24 21 20 26 27 27 23 22 22 22 26 25 27 27 28 26 27 28 28 31 29 30 33 37 36 31 28 29 30 29 28 27 23 26 26 26 29 30 26 27 30 31 29 28 27 25 30 30 27 27 29 28 28 29 31 28 28 28 33 32 33 33 31 35 33 30 35 37 37 33 34 33 36 39 36 34 33 33 37 32 32
24 19 18 16 16 20 20 20 21 19 22 24 19 19 22 25 23 28 31 26 27 24 23 20 22 22 26 26 27 28 28 27 29 27 29 35 37 35 29 27 27 28 25 23 23 25 25 26 29 29 24 27 30 27 28 26 28 27 27 28 28 27 30 30 33 31 31 30 30 30 29 30 30 28 28 34 30 30 30 29 30 36 36 30 35 32 32 35 35 35 36 37 37 37
22 20 17 20 16 21 22 22 22 17 19 18 21 19 19 20 23 24 23 28 31 32 28 25 21 21 22 22 25 26 27 30 30 28 28 32 33 34 29 24 24 25 25 25 28 28 29 23 28 26 24 29 24 27 27 30 31 27 25 26 29 29 30 28 31 35 34 28 28 28 28 28 27 30 30 30 29 33 31 31 35 35 34 30 32 32 30 32 35 32 29 35 36 33
17 19 23 23 23 19 20 20 24 17 17 19 20 27 26 25 25 27 29 29 29 34 34 26 25 20 21 22 23 23 25 28 27 30 29 28 29 25 24 22 25 27 28 29 28 25 25 25 23 23 28 30 26 29 26 27 27 25 27 28 29 30 33 32 31 29 29 28 30 28 30 32 32 29 33 33 30 34 34 31 31 34 33 31 31 35 35 36 35 35 32 30 33 37
19 19 21 23 22 19 24 25 25 23 23 23 25 25 29 26 26 27 29 29 28 27 27 25 26 25 20 24 25 21 21 20 22 23 23 24 24 24 25 25 25 27 27 24 24 28 28 28 28 29 27 27 25 27 29 26 29 30 27 28 28 31 29 32 28 28 29 30 30 30 27 27 29 29 32 32 28 30 30 31 34 34 35 34 28 28 28 28 32 28 29 30 30 30
17 20 20 23 24 22 24 25 27 27 25 25 25 26 28 29 29 29 31 29 26 30 25 23 21 22 22 20 23 26 26 25 25 26 21 25 26 24 24 28 27 27 26 26 27 28 27 23 24 24 27 30 30 28 31 30 30 28 25 28 28 31 31 32 30 31 29 30 30 30 29 29 27 29 29 27 28 28 30 31 30 30 33 35 34 31 31 31 36 35 32 33 36 37
22 19 21 21 23 25 20 25 26 27 26 24 25 24 26 28 26 27 27 27 27 27 27 22 22 21 20 20 22 20 26 26 26 27 23 26 26 26 25 28 28 28 27 28 28 25 25 29 26 29 30 32 33 31 30 29 30 25 27 31 31 26 28 29 30 31 30 32 28 30 29 27 30 32 30 28 30 34 31 34 34 30 30 35 36 34 35 37 33 33 36 33 37 37
15 17 15 21 25 25 23 23 25 26 27 26 25 25 27 28 26 28 26 27 25 26 28 24 22 19 25 20 22 24 22 22 25 26 23 26 23 23 24 27 28 26 27 28 27 28 25 30 30 29 29 30 33 32 30 29 30 25 26 33 28 31 32 32 33 28 32 29 27 27 27 29 29 29 28 30 33 34 33 31 34 33 34 35 36 35 36 36 36 36 35 36 37 38
15 15 15 20 23 23 22 23 24 25 25 25 27 24 27 28 29 28 26 19 21 24 27 27 25 23 22 20 24 24 20 20 20 22 22 22 25 26 26 21 24 27 22 22 25 29 28 29 24 27 25 26 30 31 30 26 27 26 33 33 28 25 33 33 32 30 33 33 32 27 27 29 29 31 32 29 28 30 29 30 32 33 36 36 33 33 35 36 33 35 33 37 36 34
17 17 21 23 22 22 22 25 24 25 27 28 27 27 24 26 27 21 19 24 20 24 24 27 26 23 21 24 24 25 26 27 27 24 19 22 20 22 22 26 26 23 26 24 25 25 26 27 24 29 30 29 26 26 27 30 30 28 29 35 29 25 31 31 33 33 33 29 33 29 27 29 33 33 30 33 33 33 34 30 33 33 30 33 37 37 36 29 36 36 36 33 34 34
16 17 21 21 22 24 24 23 23 24 26 26 28 25 23 24 26 23 19 21 23 26 26 27 24 20 20 24 25 24 23 24 24 25 25 24 24 26 25 22 23 23 23 23 21 25 31 28 27 29 30 29 28 30 32 30 27 28 26 35 28 31 31 25 29 34 32 32 33 32 32 34 30 32 31 32 35 34 30 32 33 36 33 33 36 32 32 36 36 36 36 33 31 37
24 25 19 21 20 21 23 23 24 26 26 26 26 25 24 21 25 24 21 18 20 25 25 24 23 23 18 21 24 25 25 24 25 24 25 25 24 22 21 27 21 23 21 29 24 28 30 28 30 29 26 24 29 32 32 30 29 27 28 32 28 33 30 33 35 36 34 32 31 31 32 35 32 31 33 31 32 32 30 35 35 30 33 32 36 35 35 37 36 33 33 31 31 34
20 21 22 20 18 16 23 23 23 26 27 27 26 25 24 23 26 26 23 21 19 21 25 24 22 21 22 21 23 23 25 24 24 24 24 25 25 21 26 27 27 24 23 23 29 30 28 28 31 31 27 24 29 32 33 31 27 25 29 30 31 29 33 34 33 35 29 32 33 32 28 29 31 31 33 33 34 34 34 35 37 39 35 33 36 37 37 32 34 37 37 37 36 34
19 23 26 17 19 19 23 23 24 25 27 28 27 25 24 21 23 21 23 24 22 18 21 21 24 24 21 18 20 23 23 23 19 21 20 22 20 21 24 24 24 23 25 26 24 25 27 29 28 29 30 28 25 30 29 29 29 29 30 30 33 31 33 32 38 39 33 34 30 27 27 28 31 31 33 34 33 33 34 35 34 38 36 35 34 37 35 35 35 35 34 35 36 37
25 24 19 19 21 19 22 24 25 26 26 25 25 22 25 25 25 23 19 25 24 19 20 20 21 21 21 20 20 20 19 22 22 24 26 25 26 20 21 24 25 27 28 28 27 28 33 33 28 33 35 30 28 27 28 31 30 31 33 33 33 33 29 36 35 31 36 34 34 29 32 30 30 33 33 33 31 33 36 32 35 37 35 36 34 35 37 36 37 37 37 37 36 38
27 27 23 23 22 19 23 22 23 26 26 24 24 24 24 24 25 24 24 23 23 24 21 20 24 20 21 23 20 23 19 24 24 25 26 25 20 23 26 27 28 28 28 32 30 31 32 32 30 36 37 33 30 30 25 35 34 34 35 34 33 33 34 37 34 34 32 34 30 27 30 32 30 34 36 34 34 34 35 35 34 35 33 34 35 34 36 36 36 35 42 42 39 38
28 27 26 23 18 22 20 23 24 25 27 26 26 24 20 24 22 26 22 19 19 22 23 23 22 20 20 18 18 21 23 25 20 26 27 26 27 21 27 29 29 29 28 30 31 30 32 31 29 38 38 35 32 28 25 30 31 37 35 35 32 33 32 37 33 35 34 32 29 33 29 32 32 31 32 30 34 35 35 35 35 35 36 37 34 32 37 31 31 32 34 32 32 38
29 26 26 25 27 28 23 24 25 25 27 28 27 28 29 27 27 26 23 22 20 19 20 23 22 21 24 25 25 22 19 23 28 28 29 27 24 23 27 28 28 27 27 30 34 35 36 33 32 36 30 38 33 26 28 28 31 35 37 35 34 32 35 37 34 35 34 30 30 30 29 30 30 31 35 34 34 36 38 38 34 35 35 36 36 36 34 34 37 37 35 36 38 37
28 26 26 26 28 28 28 26 25 25 26 29 27 26 26 28 29 27 23 23 22 22 22 23 20 18 21 22 25 22 23 25 29 28 29 28 28 25 27 27 27 27 27 30 31 34 32 32 33 36 33 34 32 32 31 31 29 31 34 38 38 34 32 36 35 33 35 35 33 31 30 32 32 33 34 37 33 33 33 37 34 35 36 43 38 37 37 38 35 38 38 37 36 38
29 26 27 28 29 29 31 31 27 26 25 29 29 27 27 29 32 29 21 23 23 22 21 20 18 22 25 25 26 28 31 30 32 32 33 32 29 24 25 28 28 28 27 32 34 34 35 35 32 33 34 35 34 33 33 31 31 31 35 37 38 38 34 38 36 32 33 30 29 28 32 32 32 32 33 33 33 35 34 34 36 33 35 38 39 37 37 35 32 36 32 32 37 37
32 33 35 28 31 31 30 35 28 29 28 29 30 30 31 32 34 30 24 27 26 24 26 25 22 25 31 30 29 34 35 37 36 38 33 30 25 26 23 28 29 28 31 31 33 33 35 34 40 36 32 36 36 34 34 34 33 31 35 37 38 36 38 38 36 34 32 32 31 31 32 31 31 33 33 33 35 32 30 33 34 33 35 34 35 36 37 34 38 37 37 32 34 37
19 32 37 38 31 30 36 36 35 33 33 34 30 28 30 33 34 32 30 29 27 26 30 29 29 32 32 33 31 30 32 30 30 32 28 27 26 26 26 26 26 26 30 31 34 33 31 40 34 35 31 32 32 35 33 34 34 32 36 33 36 36 36 37 38 38 34 34 36 34 35 32 30 33 34 38 35 32 30 35 36 34 40 41 42 39 36 36 31 32 38 34 37 35
27 28 20 22 38 31 31 35 34 35 35 36 27 30 36 32 33 33 33 31 30 28 31 32 35 35 33 34 34 32 31 31 30 34 30 29 29 27 28 26 26 25 28 31 35 33 34 32 31 33 31 35 35 35 35 34 36 32 36 36 37 36 38 37 31 32 34 31 32 35 37 32 36 34 33 33 35 33 35 35 36 36 35 36 34 38 33 36 37 36 35 35 39 36
19 21 29 31 23 20 37 36 35 31 25 33 36 38 36 38 37 30 31 32 32 30 33 31 35 36 35 36 35 34 30 29 31 33 31 31 31 27 26 30 30 29 30 31 31 35 34 31 31 34 34 31 33 35 32 36 34 34 29 34 33 36 36 38 36 31 34 37 35 34 33 34 35 41 38 37 35 35 35 34 32 31 36 36 33 36 36 36 40 39 38 35 37 40
22 15 18 22 27 29 20 16 20 25 32 32 33 37 38 38 37 38 40 36 30 29 35 39 41 40 35 36 35 34 30 30 30 32 33 31 31 30 28 28 30 31 31 30 33 33 34 31 27 32 34 28 33 35 32 32 32 36 32 35 36 38 38 35 37 37 37 37 39 34 34 35 33 37 38 39 37 33 33 36 35 36 36 37 36 33 34 34 34 37 37 38 37 41
14 19 20 20 18 22 25 23 18 21 25 25 36 38 38 34 27 28 37 23 20 20 27 35 39 41 41 32 34 33 33 29 27 27 29 31 31 31 29 29 28 31 26 26 29 33 34 30 27 28 30 30 28 29 35 36 36 35 36 35 38 36 36 31 35 37 40 36 33 32 33 36 38 38 37 37 32 34 33 35 38 34 34 35 36 37 38 40 39 34 35 40 38 41
24 20 18 16 16 17 19 21 26 15 32 32 37 34 37 34 19 17 19 18 22 23 22 28 39 40 41 31 30 31 31 31 29 31 29 31 31 31 31 30 28 28 25 26 29 28 32 32 28 28 30 32 31 29 33 35 34 35 35 37 36 33 38 36 39 37 38 32 33 35 35 34 33 34 36 33 32 33 33 33 33 38 38 39 37 34 34 37 36 34 37 38 35 36
