08 Ecocrop/raster/current/prec_1.asc
ncols        683
nrows        518
xllcorner    -87.691666666667
yllcorner    10.708333333333
cellsize     0.008333333333
NODATA_value  1.#QNAN
[rows 400 to 439 of 518, columns 273 to 363 of 683]
18 16 16 21 21 21 21 22 22 30 32 32 41 41 32 25 41 25 25 33 26 27 27 32 50 71 85 85 85 36 50 67 37 60 60 60 87 88 87 87 51 38 60 60 60 52 68 68 64 64 64 64 66 66 64 64 64 64 66 66 64 70 64 70 64 64 66 63 63 63 64 67 67 38 136 155 155 124 65 125 157 158 165 160 167 36 68 170 171 164 146
16 18 18 19 21 21 19 19 20 22 22 30 31 22 41 41 33 33 33 27 26 27 35 50 71 71 71 86 86 87 86 60 86 86 86 87 87 88 87 60 61 38 39 39 68 68 69 69 69 64 67 64 64 64 64 69 64 64 64 64 69 70 69 67 71 69 64 64 64 64 64 65 64 65 58 123 123 124 125 125 126 126 166 127 168 168 169 170 142 164 143
16 16 16 19 22 22 19 20 20 23 22 23 22 22 23 23 41 33 26 27 27 32 32 35 35 51 72 72 72 72 72 87 73 73 88 73 61 88 61 39 52 52 52 53 69 65 65 65 65 65 67 58 58 58 67 65 64 64 69 64 65 70 65 64 64 64 64 64 64 64 73 70 65 65 64 60 124 124 164 164 66 66 36 67 168 169 170 163 146 140 146
16 16 16 16 16 22 22 20 20 20 23 23 22 23 23 23 33 33 26 26 26 32 35 35 35 40 35 52 52 52 41 88 52 88 61 88 61 61 39 68 53 40 53 69 66 66 65 65 68 68 68 58 67 58 58 67 65 70 71 70 70 65 58 64 67 68 58 58 58 64 67 70 64 64 72 66 36 157 164 165 165 66 36 36 141 163 142 142 141 147 144
14 14 16 16 19 22 22 17 17 20 20 23 23 31 31 23 42 34 34 34 34 26 27 28 28 32 36 52 41 41 53 53 53 41 89 89 74 89 62 40 69 54 54 66 68 68 59 59 59 59 68 68 58 68 68 68 68 70 71 70 70 65 65 68 58 59 68 67 64 70 64 64 71 65 65 65 68 66 126 66 66 127 128 67 169 142 143 144 142 149 150
14 12 14 15 17 20 17 17 17 17 21 24 24 24 23 24 23 32 42 32 32 34 42 42 42 35 28 36 41 41 41 41 41 42 42 54 75 90 89 90 41 70 54 70 67 42 42 42 64 59 69 66 59 59 68 68 68 65 71 71 70 70 70 65 65 65 38 68 68 64 65 71 71 65 65 65 69 69 37 60 60 66 169 169 164 143 143 144 149 151 151
12 12 15 17 17 20 17 17 15 18 18 21 24 24 24 24 24 24 24 33 42 42 42 42 25 42 28 33 36 36 42 36 37 42 42 33 37 42 42 76 91 91 64 42 55 67 65 60 60 59 69 59 59 66 59 59 68 66 71 56 72 72 72 71 65 65 65 65 65 65 65 65 74 65 65 65 65 65 69 36 36 66 67 129 171 172 166 145 143 151 145
14 15 12 17 17 17 15 15 16 16 18 16 18 22 25 24 24 24 25 24 33 33 33 25 33 34 28 28 33 42 54 37 42 42 37 37 37 37 37 91 64 64 55 43 43 72 67 70 70 69 60 41 69 69 69 59 59 69 66 66 66 69 66 57 71 65 59 59 68 59 65 65 65 69 65 65 65 65 70 70 128 129 129 35 35 131 68 174 168 146 148
12 15 15 15 15 12 9 9 13 16 16 16 16 19 19 22 25 25 23 26 25 25 26 34 34 43 28 29 29 37 37 42 37 42 43 55 55 55 55 91 92 92 55 71 72 68 72 67 70 70 42 42 60 60 69 69 69 66 69 40 60 69 66 66 66 69 59 38 59 69 65 65 69 69 60 60 60 70 66 70 70 70 35 36 35 36 36 69 133 69 170
12 12 9 15 9 9 9 9 16 16 16 16 16 19 22 19 19 23 23 23 26 25 25 43 43 35 28 28 33 37 37 43 37 55 55 55 76 92 77 92 92 92 42 71 72 68 72 68 61 65 65 42 42 65 60 60 60 70 60 60 40 66 66 66 60 39 39 39 60 69 60 60 60 60 38 37 66 60 70 70 61 61 61 62 35 62 69 69 134 135 136
15 15 12 12 9 9 9 13 13 16 16 19 19 19 22 23 23 23 23 23 26 25 25 34 35 28 36 28 29 37 37 37 55 76 77 56 77 77 56 56 77 92 65 43 72 68 73 68 71 61 61 61 42 42 61 70 70 67 70 60 60 60 40 60 60 39 39 39 39 38 60 70 70 60 61 61 61 70 70 70 61 61 61 71 61 62 36 35 69 69 135
15 12 12 9 9 9 13 16 16 18 18 19 19 19 23 26 23 26 26 24 20 26 26 34 43 43 36 28 37 37 38 38 38 77 77 77 77 56 57 57 57 93 43 72 72 73 73 68 68 71 61 68 42 71 71 71 71 71 70 70 41 40 40 61 40 61 60 60 39 39 60 66 66 61 70 66 37 61 71 61 71 66 66 62 62 35 36 35 68 69 34
8 12 9 12 16 13 16 18 22 18 22 19 19 19 19 19 26 26 26 24 27 27 27 34 35 35 28 29 29 34 43 43 38 44 77 93 93 93 94 78 94 94 66 73 73 57 57 58 68 68 68 68 68 68 68 61 61 61 61 61 61 123 40 40 67 67 67 66 61 61 61 66 66 71 61 38 66 66 71 71 62 62 62 71 62 72 35 62 34 34 64
8 9 9 9 13 16 16 16 18 22 22 25 25 23 23 26 26 25 34 25 26 26 44 36 36 28 28 34 34 29 34 38 38 78 94 66 94 78 94 94 44 73 57 69 69 69 69 69 69 69 73 73 68 68 62 71 42 42 42 124 124 66 41 40 61 71 71 61 39 65 38 38 38 39 71 67 67 67 67 62 67 67 67 67 72 67 67 63 34 72 72
9 9 13 13 13 16 18 22 22 19 25 25 26 26 26 26 26 26 25 26 26 35 44 36 28 29 29 29 29 34 30 44 44 57 94 95 95 95 95 95 44 73 73 73 45 45 69 72 63 63 63 63 62 43 43 124 162 158 158 163 124 124 41 41 66 66 165 125 165 125 126 126 127 39 62 62 62 62 62 62 67 67 72 72 72 72 72 72 63 63 63
9 15 13 13 13 18 18 22 22 22 23 23 23 26 26 26 26 26 26 27 35 44 44 44 36 44 44 37 30 38 38 44 57 95 79 79 67 44 58 58 45 58 74 45 58 74 74 70 70 70 73 72 63 67 124 162 163 140 163 125 66 125 66 62 41 126 165 126 126 166 161 167 127 66 67 38 67 67 131 67 37 37 36 36 36 36 63 69 34 63 64
9 13 16 13 9 16 19 19 22 23 23 23 26 26 25 26 26 26 27 27 35 35 44 35 44 36 36 29 30 39 45 57 79 95 79 79 96 74 74 74 74 45 59 46 68 59 75 70 75 76 70 63 63 44 67 125 125 164 164 42 42 66 165 41 72 66 126 126 166 161 141 141 169 128 129 67 67 131 173 67 132 133 133 134 69 69 64 35 70 35 73
9 13 16 13 13 16 19 19 23 23 23 20 23 26 26 26 25 26 26 27 26 35 44 44 44 44 45 37 39 39 45 79 96 96 80 96 97 45 74 59 46 59 46 68 97 46 46 60 60 76 70 44 44 44 125 164 164 165 160 165 126 42 126 67 41 67 67 41 167 141 141 142 164 164 165 130 39 68 68 132 68 133 147 171 178 179 136 137 181 182 35
9 9 13 16 16 16 22 23 19 19 20 17 24 26 26 26 27 26 26 35 35 35 36 37 37 45 30 30 39 45 39 58 96 97 97 97 69 69 46 59 59 75 46 47 69 47 60 60 47 70 71 64 44 64 44 67 165 161 142 166 67 127 167 127 127 127 67 63 67 142 163 140 143 165 171 67 131 68 68 68 133 177 171 172 172 149 149 149 149 175 175
9 9 13 18 16 19 19 14 17 17 20 24 24 24 24 27 27 27 27 26 27 36 45 45 45 37 30 30 39 45 39 59 97 97 98 69 98 98 46 60 60 75 76 76 71 76 60 61 48 76 76 71 71 71 70 44 127 68 127 127 67 128 163 163 168 128 163 128 164 164 143 170 171 141 144 173 174 168 169 133 134 178 172 149 150 150 150 150 147 150 147
13 13 13 16 17 19 17 17 17 17 20 24 24 24 24 25 27 27 27 27 27 27 36 45 45 37 35 45 46 46 46 59 98 99 69 60 47 47 47 76 76 76 76 76 61 76 77 76 71 76 76 77 71 71 75 44 68 68 44 65 128 128 164 169 129 129 169 143 164 143 141 141 147 142 149 143 144 175 134 69 69 179 179 149 150 175 176 151 148 151 186
16 16 13 13 17 19 17 17 17 17 20 24 26 27 27 27 26 26 27 27 27 27 27 45 37 37 35 40 40 59 59 81 98 81 98 47 47 70 70 61 61 48 61 61 61 61 61 61 75 72 71 71 75 75 75 44 68 128 128 44 129 169 129 170 170 165 144 144 144 142 147 142 148 149 149 149 149 147 170 171 135 179 136 181 182 183 151 151 177 177 153
18 22 16 10 14 17 17 14 20 20 24 26 26 35 35 35 35 45 36 28 28 28 28 45 37 38 35 40 40 40 60 60 82 82 99 100 71 71 48 48 48 48 71 100 62 62 62 77 72 72 78 77 72 72 72 45 129 169 169 165 165 170 130 130 68 171 171 142 142 142 143 148 143 144 145 150 150 145 149 150 179 180 181 182 182 183 176 185 178 178 179
13 16 17 10 14 17 20 20 20 20 24 27 26 35 35 35 27 36 45 36 27 36 37 45 30 30 35 40 40 40 47 47 61 82 99 100 100 101 71 71 101 71 49 49 49 49 77 72 72 76 72 72 76 67 67 67 69 170 166 166 171 166 166 171 171 172 172 146 144 148 144 149 144 145 145 145 148 145 149 173 173 181 182 175 176 176 152 178 178 179 180
9 13 13 10 14 19 17 20 24 24 27 27 26 35 35 45 27 28 36 36 45 45 46 38 30 31 31 36 40 47 47 47 41 48 83 61 48 62 100 100 100 100 102 50 63 63 73 77 77 77 77 77 77 67 46 46 69 171 167 167 167 167 146 144 131 131 173 173 147 148 146 150 144 145 149 148 148 178 173 147 147 150 151 176 177 177 178 178 150 154 181
13 9 10 10 14 17 17 20 27 27 27 28 26 27 36 36 36 36 27 37 37 37 37 46 30 31 31 31 41 41 41 41 41 36 36 36 36 41 48 62 84 84 84 102 63 63 78 73 73 77 77 73 73 47 46 131 131 131 168 172 168 168 168 147 147 168 174 169 148 171 171 170 148 172 172 149 172 149 150 147 147 153 155 149 149 153 179 179 180 189 145
17 10 14 14 14 17 20 20 27 27 28 28 27 36 45 36 27 27 28 37 46 46 46 46 46 38 30 36 41 36 36 41 36 31 32 32 32 37 49 84 85 63 85 103 51 64 79 73 74 74 78 73 73 47 172 172 172 148 148 148 145 145 145 150 145 148 175 175 170 150 148 149 147 173 178 135 173 174 150 151 148 152 155 157 151 157 157 157 157 155 191
17 14 14 14 17 20 24 24 25 25 25 28 28 27 27 28 27 37 37 46 46 46 46 38 46 38 31 31 31 31 31 32 32 32 32 37 37 37 42 63 85 102 102 104 51 64 80 79 79 79 78 78 78 47 70 70 173 146 152 149 148 148 170 148 148 170 148 148 149 149 149 154 155 152 179 179 174 148 175 148 149 150 151 157 157 155 152 152 152 153 184
19 19 17 17 17 18 24 20 25 25 21 25 28 28 28 29 29 28 46 46 38 37 46 46 46 46 39 31 31 31 31 31 32 32 32 37 37 42 42 64 85 104 74 104 52 52 80 74 74 74 79 48 79 69 48 71 174 149 148 152 153 153 152 149 149 134 176 171 172 177 178 149 149 174 179 174 148 154 149 152 149 150 152 158 158 153 157 157 145 184 185
19 23 20 17 18 20 20 25 21 25 21 21 26 29 29 29 29 29 37 38 38 46 46 46 47 39 39 39 47 47 47 39 32 32 32 37 37 42 42 50 64 86 103 105 75 52 53 81 74 80 75 70 70 71 48 71 133 150 154 154 154 153 153 150 150 150 148 172 173 150 135 179 174 152 151 151 151 154 155 153 153 151 157 152 153 155 156 159 185 193 186
26 26 24 20 20 24 25 25 21 21 26 29 26 26 27 30 29 28 28 29 46 46 38 38 38 47 39 39 47 47 47 40 32 37 32 32 37 42 50 50 50 50 87 87 104 106 106 106 81 80 75 75 80 71 134 176 176 176 148 153 148 153 153 151 149 174 151 173 179 179 70 136 174 175 175 176 152 177 178 157 180 155 153 160 183 183 158 158 185 194 187
26 24 20 20 20 25 28 25 21 21 26 29 29 29 29 29 29 29 28 38 29 38 47 38 47 39 31 47 47 32 32 32 32 32 32 43 43 43 50 65 65 51 43 43 51 106 105 106 54 82 81 75 81 80 71 49 72 177 173 151 151 151 149 152 175 136 136 136 136 136 180 136 180 137 176 176 153 154 179 152 159 155 155 157 154 154 185 158 158 159 160
20 17 18 20 24 25 25 21 21 26 29 28 29 29 28 29 28 30 30 38 38 38 38 47 47 39 39 47 40 32 32 32 40 32 43 50 50 51 51 65 87 51 66 66 88 105 76 76 76 67 81 67 55 83 81 72 72 135 136 48 72 72 71 71 136 137 137 181 137 181 152 152 152 176 177 153 154 155 156 153 157 157 154 157 159 154 155 156 157 165 165
17 14 14 10 15 15 18 21 26 29 28 28 29 28 29 30 30 30 29 38 39 47 39 47 47 47 31 40 40 40 32 40 32 37 38 43 43 38 38 43 51 51 66 106 106 106 106 55 68 68 83 81 82 76 76 76 49 49 49 49 137 72 48 47 137 47 137 182 177 153 177 177 177 154 152 158 161 159 153 160 159 157 157 160 162 155 161 156 188 189 161
17 14 14 15 15 15 18 26 26 29 29 29 28 28 28 30 30 29 29 38 47 39 47 47 47 47 48 40 32 40 32 32 33 38 38 38 38 33 33 33 38 44 67 89 67 52 89 108 68 83 82 76 76 82 82 82 82 73 49 82 73 72 72 72 72 72 183 183 178 154 154 154 154 179 152 158 159 161 162 164 156 160 160 155 161 163 163 196 189 190 162
18 18 14 15 18 18 21 26 26 26 29 29 28 28 28 28 29 29 38 29 39 47 47 47 47 48 40 48 32 32 40 40 40 33 33 38 38 38 38 33 34 38 67 89 67 44 89 109 78 84 82 76 77 82 82 50 50 50 50 77 82 49 49 49 48 72 184 184 139 178 178 178 154 154 152 160 153 160 157 158 157 162 155 155 159 163 164 161 198 199 159
18 18 14 10 15 19 19 26 29 29 29 29 29 29 28 29 30 30 39 47 39 47 47 39 48 40 48 31 32 32 40 33 33 33 38 38 38 38 44 34 38 34 52 67 68 53 90 110 78 69 83 77 77 74 51 51 138 138 138 50 74 50 73 49 74 74 48 139 185 180 155 155 152 153 152 153 159 161 162 163 161 161 156 156 159 162 163 162 199 191 192
10 18 15 10 15 19 21 29 29 29 28 28 29 30 29 29 29 30 39 39 47 39 31 32 32 32 40 48 40 32 33 33 33 33 33 38 52 52 44 39 39 39 44 53 68 68 108 57 57 70 83 77 78 74 51 74 74 74 139 183 139 139 49 74 49 74 73 185 180 154 158 153 156 186 186 157 157 156 155 155 158 192 186 160 160 188 161 159 163 160 164
10 10 10 15 15 19 19 26 29 29 29 37 30 31 30 29 30 31 30 39 39 48 32 32 40 40 40 32 32 33 33 33 33 33 33 33 44 52 52 53 44 39 45 53 108 111 79 57 70 85 83 78 78 75 78 75 51 51 75 74 140 184 185 74 74 73 141 181 154 156 153 156 181 181 157 182 183 158 160 159 159 186 187 160 161 158 164 165 163 193 194
14 15 18 15 15 15 19 22 29 28 29 30 30 31 31 31 32 30 30 39 39 40 48 40 40 32 32 33 38 41 33 33 33 33 33 38 44 53 68 53 53 68 91 69 109 80 112 58 58 84 86 86 78 78 75 75 75 84 51 74 140 141 141 141 186 186 186 181 157 154 157 157 154 182 182 157 154 155 156 158 162 187 195 188 189 190 165 165 166 193 203
