08 Ecocrop/raster/current/prec_6.asc
ncols        683
nrows        518
xllcorner    -87.691666666667
yllcorner    10.708333333333
cellsize     0.008333333333
NODATA_value  1.#QNAN
[rows 296 to 332 of 518, columns 252 to 335 of 683]
264 266 267 267 268 270 273 277 270 268 270 273 278 280 294 296 293 286 296 286 287 288 278 266 272 294 287 293 294 292 290 281 276 281 277 278 278 284 280 283 286 286 296 299 290 300 291 292 293 303 294 305 305 305 306 308 299 309 310 311 312 313 313 314 315 306 307 308 309 319 320 312 313 314 314 311 312 318 319 320 321 317 318 323
268 266 267 263 267 260 273 273 268 270 274 275 278 280 294 290 291 296 293 288 290 292 281 281 283 284 292 280 288 292 290 292 281 281 291 291 283 283 279 280 286 296 296 289 290 300 299 301 301 302 302 295 304 305 307 307 299 300 301 301 311 312 313 314 305 306 317 318 319 319 321 312 313 309 309 310 317 318 313 320 321 332 323 318
258 268 265 264 268 259 261 260 268 269 275 278 281 281 282 295 297 295 296 299 283 287 284 282 295 298 295 285 279 275 283 291 290 292 292 293 282 283 284 285 297 277 289 299 278 280 299 285 286 292 302 305 304 306 307 307 308 309 309 301 302 303 313 314 315 316 317 318 318 305 311 306 307 322 323 325 325 316 317 314 320 331 332 323
261 259 268 279 265 266 270 268 262 263 277 272 283 283 284 282 284 288 295 296 286 290 285 280 294 295 298 292 276 273 283 292 290 281 292 282 282 281 282 279 295 289 290 292 291 300 299 300 300 301 293 305 304 305 306 307 307 309 300 310 302 303 313 314 315 306 307 289 309 319 320 311 321 322 323 324 316 316 317 318 320 321 332 323
259 268 264 279 266 265 267 271 262 274 276 280 283 271 273 285 285 284 288 289 293 300 293 296 294 286 279 278 279 266 272 291 280 280 281 276 277 281 278 282 285 296 298 288 284 299 293 301 301 292 292 303 304 295 296 306 307 309 310 311 311 312 312 304 305 315 316 317 318 310 310 320 321 322 313 313 325 327 318 313 318 319 322 333
258 258 269 266 268 268 268 273 269 280 278 282 282 281 272 273 283 282 284 275 284 284 284 281 290 293 297 288 291 293 291 289 274 280 281 281 282 280 278 284 295 295 296 297 289 289 290 299 300 291 287 293 294 295 305 297 298 299 309 311 301 312 313 304 305 315 316 317 308 309 319 310 321 322 313 314 326 326 327 329 314 315 316 317
268 258 261 269 271 271 267 271 269 282 282 282 284 279 279 280 271 281 283 270 278 281 272 279 277 282 281 300 297 285 291 289 274 274 290 291 293 292 278 284 279 295 298 298 298 289 284 290 302 302 302 287 293 294 295 297 298 298 299 309 301 312 312 313 314 315 316 308 308 318 309 310 310 322 313 308 315 326 327 318 319 318 319 321
269 268 271 275 273 276 274 271 274 271 282 281 277 275 278 281 268 271 275 271 268 276 271 279 279 283 278 281 280 289 290 290 275 280 290 291 282 282 277 278 279 280 286 296 288 290 284 300 301 302 302 302 293 304 295 296 307 298 299 300 310 311 312 313 304 314 315 307 317 318 309 310 321 321 323 314 314 326 327 328 319 320 321 316
261 273 276 274 290 281 280 278 275 277 281 282 283 279 276 276 267 269 269 278 268 267 279 277 280 283 278 278 277 277 273 273 276 290 290 292 283 283 283 293 282 279 280 287 297 300 301 300 300 291 292 303 303 303 304 296 297 297 296 293 294 301 312 313 313 299 300 301 317 318 319 320 320 321 322 323 324 325 315 328 329 330 331 332
264 264 274 272 280 284 294 290 288 294 287 282 284 278 279 278 275 276 276 268 269 268 266 274 277 279 281 275 278 274 280 289 279 290 291 295 284 280 277 284 278 285 295 296 297 299 301 301 300 291 292 302 303 304 304 306 306 307 296 293 298 295 312 303 313 314 315 316 302 306 306 309 320 321 312 323 323 325 327 328 328 329 318 332
270 272 271 277 279 281 285 297 296 297 286 278 280 276 274 279 265 264 275 266 267 270 269 267 265 265 267 268 288 289 279 275 274 274 274 281 282 277 277 293 294 294 295 297 298 288 283 299 300 300 301 301 302 293 292 295 296 297 295 296 293 301 303 303 313 314 314 316 316 317 308 309 310 305 306 322 323 325 326 315 328 329 331 332
271 272 275 289 290 283 291 291 291 293 282 277 278 276 277 281 274 275 274 274 266 268 268 279 269 265 265 266 272 278 278 276 277 277 281 281 293 292 293 293 294 294 295 296 287 287 298 299 301 302 291 292 302 293 294 294 295 290 291 292 293 297 296 296 296 297 304 315 306 317 318 306 303 308 309 312 324 325 314 315 328 329 330 320
280 281 281 284 292 294 293 284 292 293 281 279 275 275 274 277 277 285 285 276 274 275 267 279 269 267 274 266 275 272 278 273 273 274 290 280 293 294 295 295 295 294 285 286 284 282 300 303 292 292 301 291 292 293 293 294 295 290 291 298 292 297 298 299 300 300 299 315 316 317 318 302 307 304 309 312 324 325 314 315 328 329 330 314
289 292 293 295 298 296 286 284 291 291 279 272 272 271 270 270 276 277 272 274 276 264 265 276 265 265 265 274 273 271 278 290 291 290 290 291 292 292 293 293 296 296 295 280 284 285 301 303 294 293 302 302 303 292 293 294 295 289 290 291 296 297 298 298 296 298 308 316 316 306 307 308 303 308 305 312 324 325 326 327 328 328 330 320
280 292 294 299 298 296 293 291 291 288 273 275 273 276 275 280 280 280 276 280 279 279 279 279 279 266 265 273 272 288 289 293 293 282 280 291 283 294 293 295 294 286 286 280 287 281 288 300 296 294 273 281 281 293 294 304 288 289 294 294 295 296 297 294 302 306 308 306 305 306 307 308 309 304 305 306 324 325 313 327 328 318 319 313
274 279 287 286 293 289 281 280 281 274 275 277 276 273 272 277 272 275 268 267 267 277 264 264 265 266 275 271 278 288 279 278 272 273 274 291 284 284 284 295 294 284 279 296 288 299 300 301 293 304 307 308 306 302 303 287 288 292 293 294 288 296 293 300 295 297 299 305 305 306 300 301 320 321 311 309 306 325 313 314 328 329 319 320
276 278 281 286 285 277 277 277 275 275 275 274 276 265 264 273 273 272 274 263 263 263 264 273 273 272 272 277 288 277 271 278 289 291 293 286 287 274 285 293 294 294 297 298 277 289 290 301 300 294 305 307 307 304 303 287 291 295 289 293 291 298 296 294 298 299 300 301 305 305 306 308 308 320 321 311 324 312 313 314 327 328 318 319
278 270 280 287 287 279 279 278 277 276 274 274 274 276 275 273 265 273 269 270 273 277 272 269 269 269 276 276 277 288 271 271 279 291 292 295 296 296 295 294 294 294 295 296 288 287 281 283 284 291 286 305 304 303 303 304 305 305 295 290 290 298 292 293 298 295 296 300 298 299 300 307 308 302 321 310 311 298 313 326 314 291 329 330
276 282 271 270 281 281 280 280 277 276 276 276 276 276 275 275 275 271 268 271 278 281 293 290 278 286 289 289 289 288 277 271 278 279 280 282 293 293 295 295 296 296 295 286 281 282 285 285 287 287 287 287 293 293 303 303 293 294 295 289 290 291 292 299 300 301 313 314 304 305 317 307 301 306 310 322 323 312 298 313 314 315 301 329
277 269 267 268 281 282 269 268 267 267 276 276 275 276 277 276 275 275 269 278 284 286 297 290 288 289 281 280 280 290 278 275 279 290 281 281 282 282 284 297 297 296 297 296 286 283 277 277 278 286 283 288 285 285 292 303 290 287 288 289 290 291 292 299 300 301 302 303 304 315 317 318 308 302 303 311 323 323 312 313 326 327 301 317
277 267 277 277 277 280 266 265 275 274 275 267 277 277 278 278 277 276 276 275 274 284 284 290 289 295 293 282 281 281 288 271 271 289 280 280 281 292 283 284 295 297 295 296 285 283 277 277 277 285 285 283 285 285 291 292 286 290 291 289 296 297 309 299 293 294 302 303 303 315 316 318 319 320 309 322 323 323 312 298 299 327 328 316
266 277 274 273 276 278 280 276 265 265 272 266 279 267 277 278 276 265 270 270 272 274 276 282 291 292 292 292 281 291 290 288 289 289 290 291 291 294 295 283 284 285 284 278 281 282 284 285 284 285 285 283 291 285 285 292 286 290 291 291 296 297 309 292 293 300 301 302 296 316 317 318 319 320 320 321 322 323 324 312 313 327 328 329
265 261 276 273 271 264 266 279 278 280 279 264 277 275 274 274 272 271 271 273 277 277 278 276 280 275 275 274 273 270 277 288 291 292 292 290 291 281 293 295 295 281 280 278 281 282 283 281 280 284 285 282 283 291 292 291 285 293 287 288 295 296 309 310 311 300 313 314 315 304 316 306 318 319 320 309 310 323 324 312 299 300 315 316
276 271 272 273 270 262 264 256 281 280 280 280 264 264 273 273 272 272 272 265 276 277 277 278 275 278 275 270 277 277 277 290 291 292 282 292 291 274 282 293 295 279 281 280 278 280 283 288 287 287 281 285 290 290 302 291 285 286 287 287 307 308 309 309 311 312 301 302 303 303 317 317 318 319 320 294 309 322 311 288 279 272 290 301
272 271 270 271 273 260 251 247 268 264 264 264 264 263 264 274 273 272 273 274 275 276 275 277 278 278 275 271 272 271 280 294 271 289 292 282 283 294 281 275 279 278 285 277 278 280 289 281 280 280 281 282 289 283 291 291 285 289 289 294 307 308 308 310 299 286 287 302 302 289 316 317 318 319 320 320 309 322 297 278 271 272 280 290
251 268 271 271 274 271 261 264 277 276 276 277 263 276 263 275 272 271 272 274 274 274 275 277 279 276 275 282 276 274 279 289 278 278 282 282 270 271 294 275 272 280 280 277 286 287 289 289 281 280 284 300 290 283 284 291 285 292 289 287 307 296 309 284 276 286 301 301 302 303 304 305 306 306 307 308 309 297 288 278 279 271 272 281
252 250 268 267 260 269 261 273 265 275 278 276 262 275 276 264 273 272 273 275 274 281 281 276 278 278 276 293 281 280 278 290 292 291 293 293 283 283 294 294 279 280 281 282 278 279 280 287 288 285 281 288 300 301 284 291 291 292 293 287 307 296 274 275 276 276 300 313 314 315 316 305 306 306 307 320 321 310 297 287 288 288 289 300
252 251 268 267 269 268 274 273 274 275 265 274 261 272 263 264 273 272 274 277 277 275 274 282 282 284 276 283 297 288 286 295 294 293 283 293 291 292 293 295 297 295 285 285 285 280 278 297 298 288 288 300 300 302 302 291 291 304 304 305 307 296 274 275 267 276 286 313 314 315 304 317 318 319 319 320 321 310 310 297 299 289 289 290
260 260 249 266 270 269 269 274 276 275 261 261 261 271 262 263 271 273 275 278 278 276 276 276 275 277 294 298 290 289 288 296 294 283 291 293 292 281 293 297 288 275 298 278 278 285 285 297 299 300 300 301 300 301 302 302 303 304 305 306 307 296 283 284 284 285 286 301 314 314 316 316 298 318 319 320 320 310 322 312 290 288 299 300
250 258 261 270 271 267 272 273 275 274 276 273 261 270 262 262 263 264 277 268 277 276 278 283 283 284 296 297 300 278 288 286 293 284 284 295 281 281 282 296 298 297 296 298 298 297 298 286 299 300 300 301 300 282 282 290 303 304 305 281 281 265 258 259 267 276 286 301 288 302 303 304 318 318 319 319 320 321 322 324 313 300 314 315
257 258 262 271 269 269 269 271 274 256 258 259 260 268 267 268 261 261 261 263 264 272 287 299 298 297 299 297 295 297 297 296 295 295 288 298 295 295 286 296 288 297 297 296 299 299 301 299 299 300 276 290 300 301 303 302 279 279 271 272 272 273 266 268 270 276 286 287 288 288 303 304 305 318 318 307 309 309 322 323 324 314 314 314
260 257 251 264 250 265 268 257 258 256 265 266 265 271 263 267 269 268 259 260 262 273 284 279 295 292 282 296 295 300 289 287 286 296 298 289 288 274 259 266 297 296 298 298 276 277 292 301 299 289 300 301 301 291 291 292 279 280 263 272 273 274 275 268 270 277 286 269 278 288 289 289 290 318 319 307 320 321 310 311 324 325 326 315
259 257 260 250 253 253 270 258 258 265 263 263 263 271 270 270 265 265 267 268 269 270 274 273 278 280 279 276 291 301 299 275 275 298 299 299 291 291 268 267 275 296 300 289 277 271 296 302 300 300 301 301 302 277 278 278 272 272 272 273 275 269 278 277 270 270 277 277 277 302 303 304 305 306 306 319 308 309 322 306 304 313 326 327
259 259 260 252 268 271 258 257 266 262 269 261 262 271 270 271 266 265 265 265 267 266 271 272 270 269 268 276 274 289 298 277 273 292 293 301 291 290 298 297 297 297 287 301 274 269 279 294 300 301 300 290 279 270 279 280 274 284 283 287 288 290 281 283 282 279 276 276 287 288 288 289 305 305 306 319 308 309 302 306 307 307 308 307
257 257 257 252 255 256 257 259 265 264 269 262 262 264 271 263 264 266 269 273 271 272 273 271 270 269 270 266 268 288 300 299 302 304 301 298 300 298 295 295 284 277 286 288 294 275 277 284 293 292 290 277 282 281 273 286 287 300 300 289 301 300 301 291 279 279 277 286 278 287 288 289 304 305 306 319 320 301 302 306 306 301 309 310
263 277 257 251 255 254 256 267 268 266 271 268 260 262 261 262 264 265 267 268 262 266 271 275 274 268 269 271 266 277 280 288 302 304 304 302 299 286 284 276 276 280 278 287 280 300 305 306 286 304 290 302 283 306 286 300 299 300 310 309 299 309 309 311 310 286 287 287 287 287 288 289 290 305 318 319 320 321 323 306 304 308 306 315
277 277 279 265 260 263 261 264 266 266 264 262 260 260 262 266 267 267 263 260 266 265 267 268 267 268 269 270 264 264 266 269 284 289 305 303 299 280 276 279 279 281 281 280 280 288 301 302 287 305 303 302 296 307 310 300 299 300 301 299 285 284 308 299 309 311 311 300 301 314 315 316 304 317 298 307 320 321 323 303 304 305 306 315
