08 Ecocrop/raster/current/prec_12.asc
ncols        683
nrows        518
xllcorner    -87.691666666667
yllcorner    10.708333333333
cellsize     0.008333333333
NODATA_value  1.#QNAN
[rows 200 to 239 of 518, columns 360 to 449 of 683]
121 115 122 111 111 113 113 117 118 109 117 118 114 110 115 111 116 116 119 121 113 118 118 114 114 115 119 119 120 120 124 117 122 122 127 133 129 130 137 135 131 121 136 136 131 139 139 139 140 140 138 139 141 141 124 135 135 124 117 122 124 117 122 125 125 125 125 125 125 125 143 142 143 136 125 144 136 144 144 144 143 143 143 144 143 138 133 129 131 138
115 122 115 111 111 108 113 118 116 114 117 124 118 114 115 111 116 116 120 121 113 121 114 114 114 119 119 123 120 116 121 122 122 118 127 136 129 130 114 130 131 131 131 131 136 137 137 133 140 140 138 138 123 134 134 134 134 135 124 116 124 124 122 116 124 124 116 143 116 116 136 142 136 136 143 143 142 142 142 137 137 142 142 144 144 144 143 138 138 143
114 115 115 111 111 116 112 109 116 114 114 114 114 110 119 119 112 112 116 121 113 113 114 118 118 119 115 123 123 124 117 117 126 122 123 136 129 130 114 130 137 131 131 131 136 136 139 132 139 140 140 140 134 123 116 116 127 121 124 116 116 124 116 116 116 116 116 124 143 143 143 143 142 142 136 136 132 136 137 132 132 137 142 137 137 144 137 143 143 143
124 114 115 115 108 111 112 113 118 118 118 110 110 115 115 120 116 116 116 119 117 113 118 114 119 119 115 119 118 122 116 117 117 126 127 133 136 136 136 137 137 121 131 138 138 132 139 132 132 133 133 123 116 116 127 127 132 132 127 116 116 116 116 124 135 124 135 135 141 141 141 143 143 136 131 131 131 136 142 136 137 137 137 137 142 144 136 143 143 143
118 115 110 111 116 116 108 109 109 114 119 119 115 110 119 120 120 120 121 121 117 122 122 122 114 115 115 119 123 123 120 124 120 122 126 123 123 128 128 134 137 130 131 131 121 138 132 132 139 122 120 131 131 131 131 131 131 131 127 123 123 135 123 123 124 124 135 142 141 141 143 143 141 131 131 141 143 143 136 142 143 143 136 113 113 113 113 136 144 144
114 121 110 115 122 116 112 112 109 109 110 110 114 114 111 116 120 119 121 117 117 122 122 122 132 132 130 115 119 120 121 116 121 126 133 133 136 136 136 134 134 124 137 121 121 121 132 132 132 115 126 126 131 131 134 131 131 131 131 127 127 127 121 115 123 123 123 135 140 141 135 142 141 135 131 136 141 135 123 143 143 113 113 113 112 120 112 123 123 123
121 115 115 116 116 111 112 112 112 113 110 110 114 114 111 116 116 116 121 121 117 122 122 118 118 119 123 119 115 120 120 125 132 132 135 135 119 119 114 114 130 130 137 131 119 119 114 119 121 115 120 120 130 130 134 139 134 134 134 131 135 121 121 121 121 121 115 123 140 142 142 141 135 141 141 135 141 142 142 143 141 123 123 112 112 123 125 119 125 124
122 122 115 116 123 116 117 112 113 113 110 110 110 114 115 111 115 112 116 117 113 113 118 114 118 119 123 130 120 116 120 121 132 132 128 129 129 119 119 120 137 137 137 120 114 114 114 114 114 115 125 125 130 126 134 139 143 130 134 130 130 126 120 130 126 126 120 114 142 142 142 142 135 135 142 123 113 123 123 123 142 135 135 123 112 135 119 124 124 124
110 122 126 123 123 123 117 117 117 113 115 114 110 119 119 115 115 112 112 112 113 113 118 114 114 114 115 133 130 125 125 121 121 126 132 129 129 119 113 120 130 137 120 114 124 119 114 114 119 125 125 130 133 133 133 138 139 130 130 130 126 126 126 126 120 120 120 126 120 123 134 142 142 140 140 140 142 122 122 122 122 142 142 135 135 135 111 124 119 119
115 115 123 123 116 117 112 112 113 113 110 114 114 114 115 115 116 112 116 116 117 113 114 118 114 114 119 119 131 125 125 125 121 121 126 135 113 113 123 120 120 130 130 114 118 121 121 121 114 129 129 129 129 129 133 133 129 129 129 129 129 114 114 120 120 129 129 129 125 125 125 125 120 113 142 134 134 134 122 122 122 142 141 134 134 135 122 111 119 122
122 122 116 116 111 123 117 112 113 125 125 119 126 114 120 116 112 117 121 113 117 113 118 114 114 123 123 124 124 124 125 132 132 135 132 133 136 136 129 134 134 130 130 120 131 120 114 121 119 125 119 125 119 119 129 129 129 129 129 129 129 125 114 114 114 114 114 128 128 125 128 128 127 127 122 119 122 122 142 142 134 135 142 135 134 122 122 110 122 110
116 123 111 108 116 124 112 109 113 110 110 110 114 115 116 116 121 119 121 121 117 117 114 114 114 123 117 112 117 112 127 134 132 118 112 129 136 136 136 129 120 130 113 120 131 131 131 114 124 124 119 129 124 125 119 119 125 128 125 114 114 119 125 119 119 125 125 120 129 129 129 127 124 127 126 126 124 126 112 142 122 122 111 111 122 135 134 122 122 122
115 116 116 116 112 117 117 112 113 110 115 114 110 111 120 119 121 117 117 122 113 117 122 118 118 130 126 112 112 112 131 132 135 128 118 129 129 119 119 136 130 130 120 113 120 120 120 121 119 121 114 119 119 119 119 114 121 119 119 113 122 122 122 122 113 113 113 113 113 119 124 124 124 119 119 119 112 112 112 119 119 119 119 119 119 122 122 122 110 110
116 116 123 124 124 124 124 124 128 125 113 114 119 114 111 111 112 112 112 113 117 122 122 122 129 133 133 133 134 134 125 125 125 135 128 128 117 122 117 113 113 113 118 113 113 118 124 118 118 114 119 114 121 114 119 113 121 121 113 133 121 122 122 122 122 122 134 134 122 122 122 113 112 112 141 122 122 134 122 112 112 123 119 111 118 111 111 122 122 122
116 123 127 124 124 128 124 125 113 122 125 126 129 126 115 115 115 112 112 113 122 129 129 122 129 126 126 130 131 131 125 125 132 135 132 126 113 127 117 117 123 123 123 123 118 118 123 127 124 113 113 113 121 113 113 121 121 121 113 138 133 133 133 122 133 141 134 134 122 113 134 134 112 112 134 134 134 134 134 134 142 134 122 134 122 110 122 122 122 122
116 124 127 128 117 118 113 118 122 122 129 126 126 126 115 112 116 112 112 113 117 122 129 122 129 133 133 133 131 131 131 132 135 132 132 135 129 117 122 122 122 123 123 118 123 118 118 118 118 113 113 113 113 119 119 113 119 113 121 140 138 133 140 122 133 133 141 134 134 122 113 122 122 122 134 140 141 134 122 122 140 140 142 134 134 122 134 134 134 110
113 113 128 125 112 118 118 129 122 123 129 130 120 130 120 115 128 116 117 113 113 113 122 123 123 133 133 124 127 127 127 128 112 128 132 128 119 119 117 117 122 122 123 123 123 123 118 113 113 113 123 123 118 118 132 121 113 139 139 132 121 138 138 133 133 140 141 139 139 133 122 134 134 141 141 141 140 134 134 134 134 141 141 134 122 110 110 122 121 122
109 128 124 125 112 118 109 129 114 130 130 130 127 120 127 120 131 132 122 113 117 122 117 117 123 133 133 124 134 118 112 116 112 112 116 119 136 136 136 119 113 117 117 117 123 118 131 131 120 120 113 113 123 113 132 139 139 139 139 132 121 133 133 127 138 140 133 133 133 133 133 122 139 133 139 141 141 134 140 141 141 134 141 122 122 110 110 122 122 110
127 117 117 118 118 110 113 119 126 126 127 127 120 115 112 117 121 128 128 116 118 113 117 114 118 130 130 119 124 124 131 128 118 116 112 119 119 129 133 129 119 119 119 120 113 120 130 138 120 120 120 131 131 132 121 113 113 137 132 132 132 140 138 127 132 127 138 140 139 141 141 141 133 139 133 139 140 140 141 122 134 134 140 141 110 121 121 118 118 110
121 128 129 118 112 110 111 111 114 127 127 127 120 115 112 117 117 112 116 113 117 117 122 123 123 123 130 131 124 134 134 132 135 118 128 119 129 129 129 129 129 119 113 113 120 130 120 120 131 138 131 131 113 121 118 121 113 121 121 121 140 140 138 138 132 127 132 127 133 133 139 139 141 141 141 141 128 140 141 141 139 140 140 140 134 134 141 122 118 118
122 114 114 122 126 119 119 119 119 127 127 127 120 115 115 115 117 116 116 122 117 122 122 130 130 130 123 134 131 134 127 132 135 118 128 119 119 129 136 136 129 130 113 117 118 118 120 113 120 136 136 138 121 121 121 132 132 121 132 132 132 139 138 132 138 132 138 132 127 133 141 139 141 121 133 141 133 133 139 139 141 139 134 134 140 141 140 142 118 118
113 110 114 114 126 126 114 114 114 114 115 115 115 121 115 121 121 121 121 129 129 122 129 123 118 118 130 131 131 131 131 125 125 135 135 135 129 136 136 136 136 130 119 113 113 118 118 113 118 120 131 131 120 121 113 121 121 121 121 137 137 137 140 140 140 138 140 140 140 133 141 139 141 141 133 141 141 141 133 141 141 141 139 140 140 141 140 134 110 118
122 110 123 126 118 119 119 111 111 114 111 111 115 115 121 128 132 132 132 129 129 129 118 123 123 123 123 124 119 119 115 115 120 120 132 133 136 129 129 119 113 113 120 130 130 130 120 118 113 120 131 120 118 113 125 118 122 118 121 132 139 131 126 140 140 138 138 140 138 121 121 140 141 141 133 133 134 121 118 110 121 141 139 140 140 134 134 141 109 109
112 126 130 130 113 110 111 116 114 114 127 120 120 132 125 125 125 132 111 116 117 113 114 123 133 134 134 134 124 124 132 132 120 120 132 129 129 119 117 117 117 122 120 130 137 135 137 131 131 131 113 113 113 124 124 122 113 121 113 139 137 140 138 131 126 138 124 138 140 139 132 133 121 141 141 133 121 121 110 117 117 133 141 139 141 141 141 121 109 122
129 130 126 126 126 119 119 114 114 120 131 116 116 125 125 132 128 121 122 129 117 113 130 130 134 131 127 127 127 134 135 118 118 128 128 129 119 136 119 119 119 119 120 130 130 130 120 131 131 131 113 118 122 118 126 125 122 113 121 132 132 137 126 131 138 132 126 138 133 140 132 132 141 121 121 133 121 121 122 121 110 133 139 141 141 134 134 142 142 135
117 112 126 126 130 127 119 120 114 114 115 128 132 116 116 132 132 132 129 116 117 117 117 134 134 131 131 134 128 118 118 112 113 119 113 119 129 136 136 136 136 120 120 113 120 130 120 120 138 120 131 120 131 121 113 118 132 132 132 121 132 139 138 140 131 132 132 140 121 112 121 121 140 121 118 111 121 121 111 118 121 121 133 134 121 121 122 110 135 135
112 118 110 119 119 124 131 128 114 115 112 121 132 125 125 129 129 129 129 117 117 123 114 123 123 131 131 131 124 128 113 113 117 119 113 119 133 126 127 134 134 130 130 113 120 113 120 131 131 120 131 120 121 121 132 132 137 132 121 131 139 139 131 140 138 132 126 140 112 112 133 133 133 133 121 111 111 111 110 118 110 121 140 141 141 142 122 110 122 135
111 112 118 119 127 127 127 120 111 111 115 115 129 129 132 129 129 129 122 117 117 114 114 114 114 118 124 131 124 132 119 113 119 129 136 129 129 127 134 137 137 137 120 120 130 113 113 120 120 120 113 120 121 113 132 132 132 132 121 139 139 137 140 140 140 140 138 133 122 112 121 133 133 133 133 111 111 110 110 110 118 121 141 134 141 141 142 134 135 142
117 118 126 126 124 131 131 128 128 111 114 115 121 121 121 121 129 122 113 123 124 124 119 119 119 114 124 124 135 135 132 129 136 136 126 133 136 134 134 120 113 130 120 130 120 120 113 120 120 118 118 118 122 122 118 118 121 132 121 113 121 133 133 133 133 122 122 122 122 133 121 139 139 133 121 121 121 121 121 141 133 133 109 109 134 140 134 140 140 128
117 125 126 131 124 131 131 132 128 128 128 132 132 129 129 121 122 122 116 118 117 117 114 119 114 114 124 124 135 132 135 133 133 133 133 136 119 113 130 130 130 120 113 113 120 120 118 113 121 113 113 113 113 118 122 122 113 113 113 113 113 113 113 121 113 133 140 119 122 133 139 140 133 121 121 111 141 121 121 121 141 141 134 121 134 134 134 128 134 134
112 112 112 118 119 131 127 114 115 112 111 111 121 129 133 129 122 113 122 117 123 131 118 134 134 124 132 132 125 125 129 129 119 136 129 129 130 120 130 130 120 120 120 114 118 122 118 118 122 118 114 132 121 114 114 121 132 132 121 119 113 113 122 119 113 121 133 113 112 112 112 121 133 121 121 111 118 110 110 110 121 134 122 141 134 134 134 134 123 123
119 126 126 126 119 127 119 120 114 112 117 115 112 122 130 129 130 129 122 122 117 134 134 124 131 131 124 125 125 133 133 136 133 136 136 130 120 137 137 130 120 120 118 114 114 114 114 121 114 114 114 114 132 119 114 121 121 132 140 121 122 122 113 113 113 119 122 122 122 121 121 121 121 121 121 118 111 111 118 118 118 122 141 140 134 128 128 128 124 128
127 115 111 124 131 131 120 120 120 120 121 121 121 121 130 130 122 130 133 123 117 123 123 114 124 124 124 125 125 129 133 133 133 133 136 130 120 130 130 134 120 120 114 114 114 121 131 121 114 121 121 114 122 114 114 114 133 140 133 133 133 122 122 113 113 112 112 122 122 121 121 121 121 121 111 111 111 110 111 110 110 122 134 140 140 134 127 128 128 128
126 115 111 115 131 124 128 120 114 114 115 115 112 122 130 130 122 122 134 123 117 117 117 114 131 124 132 136 132 136 136 133 130 137 120 130 130 130 120 130 131 121 121 114 114 114 121 114 114 121 132 114 114 114 114 114 122 138 133 133 133 122 140 133 119 119 112 112 112 121 112 112 122 122 122 111 111 118 118 110 110 122 122 141 142 140 127 127 127 128
130 115 111 111 111 116 125 128 129 129 128 120 112 130 130 122 122 130 130 131 131 117 123 117 118 132 135 119 119 119 120 129 130 137 130 120 120 120 118 114 121 114 114 121 121 121 121 114 119 119 114 122 114 114 114 114 122 133 122 122 113 113 133 122 113 113 119 119 119 119 122 112 112 122 122 122 134 134 122 134 134 134 141 134 140 127 122 122 122 128
123 115 111 115 111 116 125 125 117 113 117 132 133 130 122 130 130 134 127 127 127 118 134 131 132 135 119 120 120 118 118 121 114 130 130 137 120 114 114 114 121 121 138 138 132 139 132 122 122 122 122 122 114 122 122 122 122 122 114 114 113 113 133 119 119 113 119 122 122 122 113 134 134 134 122 122 112 119 122 142 127 133 133 140 133 122 127 124 123 123
131 132 116 117 114 112 124 125 126 118 117 126 126 133 127 127 134 130 127 118 127 118 128 135 135 128 114 129 129 120 120 120 120 120 114 121 121 121 121 115 119 121 138 139 136 122 119 115 115 115 133 115 115 114 120 120 120 122 114 122 122 114 113 113 113 113 113 122 122 122 122 123 135 123 113 112 123 134 134 111 140 140 127 140 127 127 127 122 123 141
132 132 116 116 116 112 125 116 113 113 113 115 115 126 133 127 127 127 127 127 118 113 113 114 117 114 129 136 136 129 130 120 120 120 115 115 115 115 122 119 121 138 132 132 132 115 115 115 115 115 120 120 115 123 133 133 123 114 123 123 134 123 123 123 123 123 113 122 121 124 124 120 113 123 123 123 140 123 123 135 135 135 134 134 141 141 134 134 141 142
117 125 116 115 116 112 125 125 117 117 116 116 118 114 119 118 127 127 113 119 128 119 119 119 119 114 132 132 125 136 130 130 115 121 115 115 119 115 115 122 115 132 139 139 136 122 115 115 122 115 115 115 120 120 115 123 123 115 123 134 134 123 123 134 134 135 123 120 122 122 122 114 114 120 124 135 135 143 123 141 123 136 135 143 135 135 134 135 142 143
117 113 115 112 115 115 115 132 132 117 117 117 119 117 119 127 127 135 119 114 119 128 128 119 120 120 125 136 125 125 130 130 115 121 115 121 121 119 121 122 115 122 132 136 136 137 122 122 140 133 123 123 120 123 123 123 123 123 123 141 142 134 135 135 142 135 135 121 114 122 114 124 124 114 114 143 143 143 136 143 136 136 136 124 136 143 142 128 142 142
