08 Ecocrop/raster/current/prec_5.asc
ncols        683
nrows        518
xllcorner    -87.691666666667
yllcorner    10.708333333333
cellsize     0.008333333333
NODATA_value  1.#QNAN
[rows 259 to 295 of 518, columns 420 to 503 of 683]
210 203 203 203 210 219 203 203 211 211 220 211 220 219 220 220 220 203 201 203 203 203 200 200 200 197 201 201 199 201 209 199 200 195 200 200 200 200 207 217 217 215 208 208 215 206 197 197 197 196 189 198 210 201 201 200 209 209 196 196 209 208 208 207 207 206 193 193 193 193 192 205 205 181 177 191 184 174 166 159 158 1.#QNAN 1.#QNAN 1.#QNAN
211 203 201 201 201 211 203 203 202 203 211 211 211 220 211 220 211 203 202 202 211 219 220 210 202 202 200 202 202 202 219 209 201 201 209 208 208 208 208 217 216 208 203 203 203 216 206 197 197 196 199 211 211 201 189 179 188 210 197 209 209 208 207 195 180 179 179 179 179 178 178 178 177 177 177 177 191 196 162 159 158 1.#QNAN 1.#QNAN 1.#QNAN
211 211 220 211 211 220 220 220 202 211 211 211 220 220 220 203 201 201 203 201 201 203 211 211 203 202 202 202 202 202 220 219 218 210 209 201 218 217 217 218 209 209 208 208 215 206 198 197 195 196 190 195 195 184 184 211 210 201 188 210 209 208 208 195 180 179 183 179 179 182 178 192 192 192 205 206 196 184 162 159 159 1.#QNAN 1.#QNAN 1.#QNAN
207 207 207 219 220 204 219 211 221 221 219 211 219 219 219 201 201 204 203 211 211 203 201 201 201 203 211 203 200 202 202 210 210 218 219 210 217 217 218 217 217 218 216 216 199 198 196 196 197 196 196 196 194 195 194 184 210 201 201 200 210 208 195 181 180 183 189 183 182 182 188 178 205 205 197 185 175 162 159 159 1.#QNAN 1.#QNAN 1.#QNAN 1.#QNAN
198 187 198 211 219 219 211 207 207 211 207 211 219 211 199 221 221 221 221 211 220 212 203 211 211 203 211 203 221 220 220 202 202 220 220 210 201 201 199 209 217 218 200 199 198 198 188 187 201 187 186 200 199 199 189 198 210 210 210 201 210 208 181 181 180 184 189 189 182 182 178 193 207 185 175 163 163 160 159 159 1.#QNAN 1.#QNAN 1.#QNAN 1.#QNAN
187 187 177 207 211 211 211 199 208 199 199 199 207 212 207 220 220 222 222 212 212 212 212 221 220 221 221 221 221 221 221 202 202 202 200 199 199 201 201 201 209 200 198 189 193 188 201 214 214 187 200 213 213 212 199 211 198 198 197 210 210 209 185 185 207 180 183 189 183 193 193 206 198 185 163 161 160 160 159 159 1.#QNAN 1.#QNAN 1.#QNAN 1.#QNAN
177 187 177 187 208 208 220 208 208 199 208 199 208 212 212 212 220 222 222 220 212 204 212 222 222 222 222 222 221 221 221 211 203 202 200 200 201 199 199 199 201 198 200 190 189 214 215 193 183 204 214 213 203 212 212 211 212 212 211 201 210 210 210 195 208 207 184 1.#QNAN 1.#QNAN 1.#QNAN 1.#QNAN 1.#QNAN 198 176 161 160 160 160 160 159 1.#QNAN 1.#QNAN 1.#QNAN 1.#QNAN
169 177 187 199 208 208 212 208 208 200 200 208 208 212 220 212 220 212 222 222 222 212 212 220 207 207 212 212 212 220 220 219 203 201 200 202 196 196 201 192 201 201 194 190 189 202 205 176 171 183 214 204 191 212 212 199 199 202 202 211 211 201 200 178 177 187 1.#QNAN 1.#QNAN 1.#QNAN 1.#QNAN 1.#QNAN 1.#QNAN 1.#QNAN 1.#QNAN 1.#QNAN 1.#QNAN 161 161 160 160 1.#QNAN 1.#QNAN 1.#QNAN 1.#QNAN
199 177 188 208 208 208 208 200 188 200 208 208 208 212 221 221 223 223 213 213 202 204 213 223 220 220 200 220 212 212 203 203 201 201 201 200 196 196 202 195 195 191 194 194 215 215 214 206 183 193 205 192 192 213 200 185 185 199 211 189 202 201 188 166 165 1.#QNAN 1.#QNAN 1.#QNAN 1.#QNAN 1.#QNAN 1.#QNAN 1.#QNAN 1.#QNAN 1.#QNAN 1.#QNAN 1.#QNAN 1.#QNAN 160 160 1.#QNAN 1.#QNAN 1.#QNAN 1.#QNAN 1.#QNAN
211 199 200 208 208 212 212 208 200 208 212 212 212 221 221 223 223 223 221 223 223 213 213 223 223 212 212 220 213 202 204 201 201 201 203 193 206 205 196 196 202 195 204 215 203 203 215 202 214 205 205 205 182 204 200 186 199 199 211 212 180 172 166 164 163 1.#QNAN 1.#QNAN 1.#QNAN 1.#QNAN 1.#QNAN 1.#QNAN 1.#QNAN 1.#QNAN 1.#QNAN 1.#QNAN 1.#QNAN 1.#QNAN 161 161 1.#QNAN 1.#QNAN 1.#QNAN 1.#QNAN 1.#QNAN
208 208 188 188 208 209 212 212 209 212 221 221 213 223 224 221 213 213 201 201 208 221 223 213 205 203 205 213 213 213 204 223 223 212 201 193 193 206 192 196 202 191 204 216 216 203 215 215 202 214 187 187 213 213 186 186 200 213 213 203 172 172 164 164 164 1.#QNAN 1.#QNAN 1.#QNAN 1.#QNAN 1.#QNAN 1.#QNAN 1.#QNAN 1.#QNAN 1.#QNAN 1.#QNAN 1.#QNAN 1.#QNAN 1.#QNAN 162 1.#QNAN 1.#QNAN 1.#QNAN 1.#QNAN 1.#QNAN
208 208 200 189 189 209 209 209 209 201 221 221 221 221 209 213 221 209 213 201 201 213 224 224 205 205 199 199 205 204 213 204 213 213 204 193 197 197 192 196 192 205 191 216 216 217 215 203 189 188 199 192 187 214 213 200 212 204 173 173 173 167 164 164 164 1.#QNAN 1.#QNAN 1.#QNAN 1.#QNAN 1.#QNAN 1.#QNAN 1.#QNAN 1.#QNAN 1.#QNAN 1.#QNAN 1.#QNAN 1.#QNAN 1.#QNAN 165 1.#QNAN 1.#QNAN 1.#QNAN 1.#QNAN 1.#QNAN
200 200 200 200 201 201 209 209 213 209 209 213 213 209 209 201 213 213 213 213 209 213 224 214 203 205 205 205 203 203 202 204 223 213 204 197 193 197 193 196 196 196 195 191 204 204 203 189 193 193 188 188 187 201 201 200 213 214 181 173 173 165 165 164 1.#QNAN 1.#QNAN 1.#QNAN 1.#QNAN 1.#QNAN 1.#QNAN 1.#QNAN 1.#QNAN 1.#QNAN 1.#QNAN 1.#QNAN 1.#QNAN 1.#QNAN 1.#QNAN 168 1.#QNAN 1.#QNAN 1.#QNAN 1.#QNAN 1.#QNAN
200 200 201 201 201 209 209 209 209 222 213 213 213 209 202 190 209 209 222 222 209 213 215 206 206 203 205 203 203 203 205 205 202 202 202 204 204 197 193 192 196 203 200 200 195 190 194 189 200 198 198 188 202 201 187 200 213 205 181 169 168 165 165 164 1.#QNAN 1.#QNAN 1.#QNAN 1.#QNAN 1.#QNAN 1.#QNAN 1.#QNAN 1.#QNAN 1.#QNAN 1.#QNAN 1.#QNAN 1.#QNAN 1.#QNAN 165 169 1.#QNAN 1.#QNAN 1.#QNAN 1.#QNAN 1.#QNAN
209 201 201 189 190 209 209 213 213 213 210 213 213 202 202 210 202 202 214 214 222 222 225 215 206 206 206 206 206 203 205 205 205 205 198 205 198 194 206 197 197 203 203 203 195 191 199 199 199 198 198 193 215 215 201 214 205 182 182 174 169 166 166 165 164 164 1.#QNAN 164 1.#QNAN 1.#QNAN 1.#QNAN 1.#QNAN 1.#QNAN 1.#QNAN 1.#QNAN 1.#QNAN 163 173 172 1.#QNAN 1.#QNAN 1.#QNAN 1.#QNAN 1.#QNAN
212 209 209 209 209 213 202 210 210 202 202 210 210 202 202 180 202 191 214 223 223 223 226 215 215 225 225 225 225 215 214 214 205 203 203 203 202 205 204 197 204 204 201 201 203 195 202 202 199 201 201 198 193 188 201 214 206 206 192 174 174 174 168 166 166 165 165 165 165 1.#QNAN 1.#QNAN 1.#QNAN 1.#QNAN 1.#QNAN 1.#QNAN 163 166 170 1.#QNAN 1.#QNAN 1.#QNAN 1.#QNAN 1.#QNAN 1.#QNAN
212 213 213 225 222 222 210 210 210 210 210 202 214 223 214 210 191 203 203 214 210 210 223 216 215 223 223 214 223 223 222 215 206 205 203 205 203 198 198 198 204 202 201 201 203 203 203 202 202 194 201 193 193 202 188 187 215 193 206 193 205 192 192 174 166 173 165 165 165 1.#QNAN 1.#QNAN 1.#QNAN 1.#QNAN 1.#QNAN 1.#QNAN 164 163 164 1.#QNAN 1.#QNAN 1.#QNAN 1.#QNAN 1.#QNAN 1.#QNAN
221 213 213 222 222 213 213 214 214 214 210 203 214 214 210 210 192 192 203 203 203 192 203 223 216 226 223 223 214 215 215 206 204 204 204 203 206 206 205 205 205 205 204 202 201 204 203 200 203 195 190 189 194 189 188 202 215 217 206 193 193 193 205 182 174 169 166 165 165 1.#QNAN 1.#QNAN 1.#QNAN 1.#QNAN 1.#QNAN 1.#QNAN 1.#QNAN 163 163 1.#QNAN 1.#QNAN 1.#QNAN 1.#QNAN 1.#QNAN 1.#QNAN
222 222 213 213 213 210 214 214 223 223 223 214 210 211 203 192 192 192 203 192 192 181 192 203 210 227 215 227 227 226 206 206 206 200 207 206 203 199 203 203 205 202 205 205 204 204 204 201 200 203 202 194 194 189 203 216 208 217 215 217 193 193 193 182 182 169 166 166 1.#QNAN 1.#QNAN 1.#QNAN 1.#QNAN 1.#QNAN 1.#QNAN 1.#QNAN 1.#QNAN 164 163 1.#QNAN 1.#QNAN 1.#QNAN 1.#QNAN 1.#QNAN 1.#QNAN
222 213 202 202 202 203 210 214 214 223 223 223 224 215 203 192 193 193 204 204 193 211 211 215 215 224 224 227 227 227 227 216 207 206 204 204 204 204 203 203 206 203 205 205 193 205 202 201 201 203 203 203 200 202 189 203 218 218 218 218 207 207 207 193 182 174 166 166 166 1.#QNAN 1.#QNAN 1.#QNAN 1.#QNAN 1.#QNAN 1.#QNAN 1.#QNAN 164 164 1.#QNAN 1.#QNAN 1.#QNAN 1.#QNAN 1.#QNAN 1.#QNAN
222 213 202 202 191 203 203 203 211 211 214 227 215 215 204 193 193 204 204 211 204 211 224 224 224 224 224 228 227 224 224 227 227 216 205 204 204 204 204 204 203 205 205 203 205 205 202 204 204 203 201 200 203 195 194 194 203 217 188 202 218 216 215 217 193 182 169 167 166 166 166 1.#QNAN 1.#QNAN 1.#QNAN 1.#QNAN 165 164 164 1.#QNAN 1.#QNAN 1.#QNAN 1.#QNAN 1.#QNAN 1.#QNAN
213 202 210 203 203 192 192 211 203 192 192 204 211 204 204 193 204 211 193 204 211 224 224 224 215 211 224 224 217 208 217 217 207 208 208 196 196 207 204 206 204 205 206 206 203 203 214 222 222 221 203 201 196 203 195 190 190 193 189 193 203 216 216 218 194 183 175 167 167 167 166 1.#QNAN 1.#QNAN 1.#QNAN 1.#QNAN 165 165 164 1.#QNAN 1.#QNAN 1.#QNAN 1.#QNAN 1.#QNAN 1.#QNAN
202 202 191 214 214 214 211 211 215 211 204 204 211 211 193 182 182 204 193 194 194 216 211 225 216 225 228 228 217 208 208 217 207 209 208 201 200 200 208 207 206 215 205 203 203 203 205 204 204 204 202 201 201 204 195 195 195 190 204 203 203 203 216 216 216 208 183 183 175 169 166 1.#QNAN 1.#QNAN 1.#QNAN 166 166 165 165 1.#QNAN 1.#QNAN 1.#QNAN 1.#QNAN 1.#QNAN 1.#QNAN
202 210 191 203 203 211 211 211 204 211 215 215 225 212 205 205 194 194 205 183 194 205 205 205 205 216 229 208 208 208 208 217 217 208 217 205 205 205 207 204 204 206 206 203 205 203 203 205 202 202 202 213 225 225 201 196 195 195 194 194 189 203 203 203 202 219 208 207 207 207 174 1.#QNAN 1.#QNAN 1.#QNAN 166 165 166 165 1.#QNAN 1.#QNAN 1.#QNAN 1.#QNAN 1.#QNAN 1.#QNAN
203 210 203 214 203 192 181 193 204 204 215 215 225 212 205 205 194 183 194 194 205 205 205 205 212 216 225 209 209 207 208 208 217 229 225 228 217 217 216 207 204 206 204 206 206 203 203 205 205 206 206 204 214 225 213 196 191 205 195 194 202 202 189 203 220 209 208 218 208 207 1.#QNAN 1.#QNAN 1.#QNAN 1.#QNAN 1.#QNAN 166 166 165 1.#QNAN 1.#QNAN 1.#QNAN 1.#QNAN 1.#QNAN 1.#QNAN
203 211 211 203 204 192 181 182 182 193 212 215 225 216 205 194 194 183 183 195 205 205 212 216 226 226 230 209 207 207 209 208 218 229 229 229 217 217 217 207 205 205 204 204 204 204 203 205 205 205 202 204 204 204 204 201 204 204 203 203 203 202 202 189 203 220 209 208 194 175 1.#QNAN 1.#QNAN 1.#QNAN 1.#QNAN 1.#QNAN 166 166 166 1.#QNAN 1.#QNAN 1.#QNAN 1.#QNAN 1.#QNAN 1.#QNAN
191 180 203 192 181 182 182 173 182 182 212 212 212 212 194 183 206 195 195 195 195 195 212 226 230 230 226 219 211 209 209 207 209 218 218 208 217 217 207 207 207 216 207 206 206 206 204 215 205 205 205 214 202 202 204 202 213 203 203 203 200 202 202 189 189 218 220 195 176 171 170 1.#QNAN 1.#QNAN 1.#QNAN 1.#QNAN 167 166 167 1.#QNAN 1.#QNAN 1.#QNAN 1.#QNAN 1.#QNAN 1.#QNAN
211 192 172 192 204 205 212 205 173 182 205 205 205 194 206 206 206 213 213 184 195 213 213 213 217 217 219 210 219 209 209 209 218 230 218 206 208 218 217 207 217 228 224 228 228 227 227 227 215 203 206 206 197 206 206 205 204 204 201 200 203 203 203 190 204 218 210 185 169 169 168 1.#QNAN 1.#QNAN 1.#QNAN 1.#QNAN 1.#QNAN 166 166 1.#QNAN 1.#QNAN 1.#QNAN 1.#QNAN 1.#QNAN 1.#QNAN
203 192 165 181 193 212 215 205 194 194 194 194 194 206 206 217 231 217 226 227 217 217 213 217 227 220 210 210 210 208 219 231 230 230 230 209 208 206 206 208 217 217 217 207 207 206 228 215 227 215 205 205 203 206 197 202 205 205 205 191 205 205 190 204 221 221 196 170 169 169 171 1.#QNAN 1.#QNAN 1.#QNAN 1.#QNAN 1.#QNAN 168 167 1.#QNAN 1.#QNAN 1.#QNAN 1.#QNAN 1.#QNAN 1.#QNAN
204 204 172 181 173 173 182 194 205 205 194 194 206 206 206 217 232 227 227 227 227 217 213 217 232 220 210 210 220 210 220 231 226 231 209 207 211 207 208 208 208 217 217 217 228 216 216 216 227 227 215 205 203 203 206 206 206 192 192 192 206 205 205 219 211 211 197 172 169 169 1.#QNAN 1.#QNAN 1.#QNAN 1.#QNAN 1.#QNAN 1.#QNAN 167 168 1.#QNAN 1.#QNAN 1.#QNAN 1.#QNAN 1.#QNAN 1.#QNAN
211 211 193 193 173 173 182 183 206 194 183 195 206 206 206 227 232 232 217 214 227 214 214 227 221 221 211 220 220 210 210 220 227 231 209 207 209 209 218 218 218 218 229 229 229 207 216 228 216 215 215 205 205 203 207 207 197 197 196 196 196 191 220 220 211 211 178 170 170 1.#QNAN 1.#QNAN 1.#QNAN 1.#QNAN 1.#QNAN 1.#QNAN 1.#QNAN 168 167 1.#QNAN 1.#QNAN 1.#QNAN 1.#QNAN 1.#QNAN 1.#QNAN
204 204 205 182 182 173 183 183 183 183 183 184 195 207 207 217 232 227 227 218 227 218 218 227 221 233 233 232 221 220 210 210 232 232 220 209 219 209 219 218 208 218 230 229 217 207 207 206 206 206 206 206 203 203 207 207 197 193 193 196 196 196 191 220 212 186 178 170 1.#QNAN 1.#QNAN 1.#QNAN 1.#QNAN 1.#QNAN 1.#QNAN 1.#QNAN 1.#QNAN 168 168 1.#QNAN 1.#QNAN 1.#QNAN 1.#QNAN 1.#QNAN 1.#QNAN
193 193 182 194 173 173 173 183 183 174 174 195 195 207 214 217 227 228 218 233 222 212 212 212 221 233 233 233 221 221 221 220 220 220 220 232 219 209 207 211 209 230 230 230 217 207 205 207 204 204 204 206 206 203 208 207 207 207 197 197 196 192 206 205 198 178 1.#QNAN 1.#QNAN 1.#QNAN 1.#QNAN 1.#QNAN 1.#QNAN 1.#QNAN 1.#QNAN 1.#QNAN 169 169 168 1.#QNAN 1.#QNAN 1.#QNAN 1.#QNAN 1.#QNAN 1.#QNAN
182 173 166 173 173 173 183 206 195 184 184 184 196 207 207 218 218 218 218 228 234 222 210 210 222 228 228 228 228 233 228 233 233 233 232 232 227 210 207 203 212 209 218 230 208 207 210 210 207 206 206 199 199 199 208 203 203 203 206 206 206 221 221 213 187 1.#QNAN 1.#QNAN 1.#QNAN 1.#QNAN 1.#QNAN 1.#QNAN 1.#QNAN 1.#QNAN 1.#QNAN 1.#QNAN 169 169 168 1.#QNAN 1.#QNAN 1.#QNAN 1.#QNAN 1.#QNAN 1.#QNAN
193 182 182 173 173 183 183 183 195 207 196 196 196 207 214 214 214 214 214 218 234 212 210 222 222 228 228 214 218 228 228 218 208 228 228 233 232 220 208 198 198 207 219 208 206 206 206 205 205 207 206 204 199 195 208 203 198 207 222 222 225 225 224 198 1.#QNAN 1.#QNAN 1.#QNAN 1.#QNAN 1.#QNAN 1.#QNAN 1.#QNAN 1.#QNAN 1.#QNAN 1.#QNAN 1.#QNAN 169 170 170 1.#QNAN 1.#QNAN 1.#QNAN 1.#QNAN 1.#QNAN 1.#QNAN
194 194 194 195 183 174 174 184 184 207 207 196 185 208 214 218 218 215 218 234 213 213 213 223 229 234 222 229 219 215 215 198 208 219 218 233 221 210 210 213 212 207 207 207 206 206 208 207 207 207 204 206 199 208 223 199 208 208 214 199 188 180 180 1.#QNAN 1.#QNAN 1.#QNAN 1.#QNAN 171 1.#QNAN 1.#QNAN 1.#QNAN 1.#QNAN 1.#QNAN 1.#QNAN 170 169 171 169 1.#QNAN 1.#QNAN 1.#QNAN 1.#QNAN 1.#QNAN 1.#QNAN
214 215 215 213 206 183 184 174 207 207 208 197 197 208 208 215 229 229 235 223 211 211 223 235 235 235 235 229 219 219 229 219 219 228 228 234 221 211 210 208 208 213 212 207 209 218 218 208 207 210 210 200 195 208 208 223 226 215 215 200 1.#QNAN 1.#QNAN 1.#QNAN 1.#QNAN 1.#QNAN 1.#QNAN 174 180 1.#QNAN 180 179 1.#QNAN 1.#QNAN 1.#QNAN 170 170 170 169 1.#QNAN 1.#QNAN 1.#QNAN 1.#QNAN 1.#QNAN 1.#QNAN
