08 Ecocrop/raster/current/prec_3.asc
ncols        683
nrows        518
xllcorner    -87.691666666667
yllcorner    10.708333333333
cellsize     0.008333333333
NODATA_value  1.#QNAN
[rows 378 to 419 of 518, columns 282 to 375 of 683]
15 19 19 12 12 11 16 19 19 12 12 15 15 12 15 16 15 18 18 17 17 18 19 20 24 23 23 22 23 23 20 20 24 25 19 19 17 20 24 16 25 26 21 20 25 27 24 18 26 31 30 34 36 35 33 19 19 19 23 28 35 33 20 20 29 35 32 34 35 32 32 36 36 31 31 26 27 36 38 36 34 37 39 35 40 34 43 36 42 43 40 44 40 41
22 17 19 16 16 11 11 11 15 20 19 11 15 20 16 16 15 18 16 19 17 17 20 18 18 14 23 22 19 19 19 19 15 20 19 19 22 19 17 17 20 16 25 16 21 19 24 20 30 26 30 33 31 33 19 19 22 23 19 32 32 33 28 29 35 36 39 31 31 39 39 37 38 37 31 32 21 38 38 39 39 37 37 37 40 34 40 42 41 43 43 44 41 42
19 30 15 19 11 16 16 15 17 17 17 17 18 16 16 16 15 16 16 19 17 17 20 20 18 19 18 18 19 23 23 14 18 19 19 19 22 22 22 18 20 20 26 16 20 20 25 21 23 24 30 30 32 31 27 25 25 19 28 29 45 37 33 33 31 52 50 38 34 34 32 38 36 35 35 39 32 33 39 38 21 38 39 39 40 29 29 35 35 39 37 45 46 39
9 13 30 21 19 22 23 22 22 19 15 20 18 18 12 16 17 12 16 19 19 17 18 18 19 17 17 18 23 15 22 19 19 21 20 15 15 22 21 23 20 21 16 19 19 20 21 22 27 20 21 30 32 43 29 21 25 19 27 32 36 43 43 47 50 50 39 38 39 35 35 35 38 36 36 39 38 39 23 33 28 27 33 34 40 23 33 41 39 40 38 57 46 39
6 9 19 31 23 22 19 19 15 16 17 15 15 15 17 16 16 16 19 19 19 14 20 16 18 20 20 14 20 20 23 19 26 29 18 19 19 22 16 20 20 21 25 25 17 25 17 21 21 21 25 28 34 46 44 31 31 29 29 45 43 37 37 37 39 50 36 37 35 32 36 36 33 40 51 36 33 33 34 29 32 31 28 32 29 34 35 23 39 44 56 46 46 58
11 9 14 20 21 15 18 17 15 16 18 12 17 17 12 13 17 17 18 18 13 14 18 17 17 20 17 20 18 18 19 20 18 24 19 16 21 16 21 21 21 26 20 15 21 15 26 23 17 25 30 41 35 35 46 28 29 36 36 42 30 30 31 37 44 51 40 37 37 38 38 32 33 33 36 41 38 33 34 23 28 31 26 31 33 34 24 24 36 44 37 38 57 58
11 5 5 6 34 17 16 18 23 15 15 21 22 22 17 17 21 21 18 22 23 14 18 16 16 17 20 20 20 18 19 21 23 23 21 20 19 23 19 22 20 16 26 20 21 21 27 21 17 31 32 43 46 35 35 41 35 45 42 36 30 37 43 37 48 49 41 35 35 35 21 39 38 37 39 33 40 33 34 22 29 33 28 28 30 31 24 31 24 38 41 38 46 46
8 8 5 5 14 22 11 18 15 23 18 21 22 23 21 17 21 21 22 22 22 18 18 16 22 20 14 14 18 14 15 24 23 21 20 24 22 16 23 24 19 20 20 26 26 26 17 20 17 30 25 30 34 35 46 47 35 45 48 48 43 38 38 45 52 53 40 33 36 39 32 32 32 32 36 33 37 40 39 34 22 34 22 35 35 42 24 31 24 43 45 41 42 39
5 5 8 8 5 27 21 23 23 26 23 16 17 18 12 17 12 13 22 22 18 22 23 22 14 17 14 14 14 24 20 25 18 21 19 19 19 21 23 30 28 24 17 22 20 23 20 17 25 25 25 17 32 30 31 28 35 47 48 48 37 43 38 32 45 51 32 37 36 37 40 37 38 40 36 39 37 40 41 41 34 29 22 22 41 42 42 23 24 43 37 41 45 38
11 11 8 8 8 9 27 35 35 28 28 36 24 20 15 21 21 15 17 17 18 19 23 14 22 23 19 14 19 24 15 17 28 16 23 27 16 21 18 16 24 28 17 30 29 23 21 22 23 17 17 17 31 32 31 45 45 45 49 44 43 37 44 38 48 49 51 41 36 42 35 34 53 42 36 37 37 40 39 40 34 29 29 30 23 23 36 23 43 43 40 41 41 46
10 16 16 15 5 8 27 27 21 21 15 22 28 37 27 27 24 26 21 17 13 14 20 23 23 23 23 19 19 14 20 19 17 16 16 18 23 25 26 22 19 19 19 19 24 17 23 23 24 20 20 20 33 33 33 31 36 36 37 37 37 31 37 44 51 39 39 35 36 38 38 34 34 37 39 34 34 40 39 34 34 22 22 22 22 30 22 36 43 43 40 38 45 45
9 12 12 15 16 15 5 15 15 15 10 16 34 37 35 35 23 25 21 20 14 14 14 14 20 16 22 26 26 27 27 18 23 27 29 29 28 22 26 22 24 16 22 16 20 19 25 17 20 20 20 31 33 17 17 32 29 47 49 37 37 25 44 44 51 52 46 51 34 33 36 37 36 37 40 38 35 37 40 40 40 21 21 34 42 42 39 39 43 43 44 45 38 42
9 9 9 10 15 15 15 7 15 15 22 22 22 22 37 38 28 25 22 18 18 15 18 20 16 26 28 28 27 28 28 27 27 25 31 32 32 28 19 22 24 29 16 16 26 23 19 19 19 30 26 31 26 18 17 17 32 47 47 49 37 31 45 38 52 52 46 53 41 42 34 36 33 34 37 41 42 38 41 22 21 34 40 38 38 44 36 36 43 43 44 44 41 41
9 9 9 10 15 13 17 9 7 10 16 22 22 22 34 34 35 23 17 19 14 14 14 14 16 26 26 26 23 23 29 29 25 31 40 41 41 42 30 19 24 29 24 21 22 21 23 16 17 31 31 31 26 27 27 27 35 48 50 37 50 51 51 45 52 50 53 50 40 42 42 33 33 39 40 41 41 38 41 22 29 21 40 42 38 36 36 43 43 39 44 44 40 41
8 9 9 10 12 13 16 12 5 5 6 10 22 29 17 23 29 35 25 19 19 16 22 20 18 26 25 28 23 23 16 27 31 40 32 26 26 33 32 29 24 23 23 23 23 21 23 17 17 17 26 26 32 34 28 27 35 33 36 36 34 34 33 31 50 32 32 39 35 33 55 41 33 38 32 32 20 40 34 21 28 33 21 42 34 38 41 42 43 43 36 43 44 45
8 8 8 9 9 10 13 16 16 16 13 10 10 16 29 29 30 30 30 20 14 16 28 28 22 27 27 27 27 29 29 31 38 43 43 32 32 28 30 24 25 23 22 21 30 31 30 32 32 26 27 18 32 33 36 33 18 19 25 19 18 18 34 36 31 34 32 32 40 52 55 41 40 40 40 39 32 20 33 31 28 28 20 20 41 42 41 41 21 36 36 36 22 37
11 14 8 8 8 10 11 11 11 16 16 18 9 17 11 11 10 10 8 26 14 22 26 28 30 28 23 27 27 16 23 26 43 38 33 39 44 41 27 31 29 23 16 23 16 28 28 34 44 28 31 21 17 28 35 36 34 19 19 29 18 25 27 29 37 34 37 34 34 51 54 41 39 32 39 38 39 40 33 19 33 32 28 20 20 34 42 38 39 39 43 30 36 31
11 11 12 12 9 8 9 10 10 10 13 14 17 17 17 17 19 19 10 18 24 28 25 25 25 23 16 16 23 23 16 29 26 32 41 41 33 44 42 33 29 24 25 19 25 28 44 35 35 28 26 20 26 27 32 32 35 36 29 27 26 27 27 17 17 17 37 39 40 35 33 36 36 39 39 39 38 40 33 20 27 33 33 33 28 34 41 35 42 35 29 35 30 36
11 11 14 14 14 8 8 9 9 10 10 10 10 17 17 17 17 18 18 10 12 31 30 27 28 16 16 16 28 29 26 32 26 30 30 26 44 44 33 31 29 31 30 25 16 30 28 28 32 32 17 17 31 33 31 32 32 36 36 18 22 21 27 27 22 17 37 32 32 32 38 36 36 39 39 39 40 32 33 19 27 19 19 27 33 41 34 35 20 35 33 34 30 38
10 11 14 14 14 14 9 8 9 9 10 10 10 18 17 18 19 19 14 10 10 14 30 27 27 23 16 16 23 23 32 32 32 26 30 30 33 33 29 24 16 30 25 16 19 16 30 30 25 16 24 24 33 32 31 30 30 33 35 17 27 26 27 27 27 17 29 34 40 40 38 30 37 36 38 38 39 32 33 41 40 28 28 27 27 34 34 28 34 29 35 20 36 31
10 10 14 14 14 14 13 9 9 9 10 11 11 14 17 17 19 14 14 10 10 7 31 23 18 19 22 16 24 24 28 26 26 28 30 29 31 27 31 16 16 25 25 19 23 22 16 25 16 20 20 20 17 21 21 33 33 27 17 22 21 26 17 17 26 22 29 34 40 40 32 38 37 39 39 39 40 40 40 37 37 40 34 28 28 19 19 28 29 29 29 20 21 31
10 10 11 11 10 10 15 13 9 9 10 10 11 11 12 14 17 19 19 10 10 12 12 42 27 18 22 16 22 28 28 26 30 24 24 16 16 29 30 16 16 23 19 16 19 24 16 16 19 20 17 27 35 22 21 27 21 22 17 26 25 20 26 28 22 29 37 32 40 40 32 32 38 38 39 40 37 36 34 34 37 41 42 19 27 41 38 35 35 42 42 20 30 36
10 10 10 10 10 10 14 13 9 9 9 10 11 12 12 17 18 14 10 10 7 7 11 12 38 43 26 24 19 18 24 24 24 29 31 29 29 25 25 23 19 19 23 19 19 32 31 26 16 20 20 27 30 28 33 32 28 27 17 27 34 17 26 28 30 30 17 40 52 38 34 35 30 24 31 31 40 39 36 37 40 40 55 44 42 35 36 36 42 42 19 36 30 35
11 11 11 10 12 12 14 13 13 9 9 10 10 10 12 14 18 14 7 7 10 11 8 11 11 11 32 32 30 26 41 28 28 29 29 31 23 21 22 16 23 23 16 24 24 19 31 26 19 23 18 23 33 34 34 48 35 34 35 30 32 31 37 37 38 36 36 37 38 31 17 17 17 17 38 18 40 40 32 18 40 41 41 41 44 44 38 42 35 35 28 29 35 35
11 11 11 10 12 14 12 15 15 13 9 13 10 9 9 11 12 18 18 14 14 7 8 7 7 9 9 44 41 33 27 28 31 31 31 31 21 16 22 24 22 17 17 24 19 19 19 26 19 18 18 24 33 35 35 35 28 28 27 35 35 37 35 36 36 36 31 37 18 29 22 30 23 30 17 31 18 25 25 26 33 40 41 41 41 35 36 38 19 28 28 19 36 20
13 13 10 10 10 12 14 12 12 15 15 15 16 14 9 9 11 12 15 18 18 11 7 7 9 9 20 39 41 33 16 22 25 30 30 30 20 22 19 20 20 23 17 22 22 22 19 26 16 18 25 19 33 33 27 28 29 35 36 33 31 34 28 22 22 30 36 37 22 29 34 34 23 24 24 31 25 25 32 26 18 27 40 40 41 42 36 38 28 34 35 29 36 44
13 13 12 10 10 10 11 12 12 15 15 13 16 14 10 9 11 15 18 18 14 7 7 9 13 20 20 33 42 29 23 23 17 23 26 31 31 17 24 24 25 18 17 24 17 17 24 19 16 19 25 23 20 27 27 35 33 31 31 31 31 33 28 28 21 17 37 34 22 29 34 34 23 17 31 32 25 39 33 26 33 32 33 18 18 41 41 42 35 18 18 19 44 45
18 14 13 10 12 10 11 11 12 15 15 15 14 9 9 10 11 15 19 7 7 8 9 7 7 13 20 20 40 29 16 28 28 28 22 26 32 26 24 23 18 29 29 17 22 19 19 16 32 34 34 31 32 34 34 35 33 39 39 39 39 39 33 28 28 29 35 17 27 30 27 30 28 31 32 39 32 39 41 18 34 33 33 34 41 41 34 28 35 18 29 29 36 44
13 14 12 12 13 12 11 11 11 12 13 13 16 10 10 10 10 12 15 14 11 7 9 7 13 9 13 13 13 40 30 24 28 24 23 20 18 26 20 19 23 24 25 16 19 33 32 26 26 32 32 30 30 48 49 49 38 33 39 39 33 33 33 31 34 35 29 27 29 30 28 23 30 28 17 31 25 18 40 40 34 28 18 34 41 34 18 28 28 18 36 19 36 30
18 18 18 13 14 13 11 11 11 12 13 13 16 16 16 14 10 11 12 18 20 20 15 9 13 13 33 33 21 14 40 25 17 25 19 19 27 18 25 24 23 18 17 19 19 19 19 16 20 20 17 35 30 38 30 52 38 31 31 31 39 31 33 35 35 21 22 28 27 23 30 38 39 39 36 39 32 26 33 33 41 42 42 41 42 42 28 28 18 36 20 19 19 30
18 18 18 18 14 12 12 11 11 11 11 13 16 16 14 14 9 10 11 15 20 20 15 20 13 20 21 21 40 40 43 34 30 22 18 30 19 21 21 25 18 23 26 19 19 17 17 17 27 17 17 35 35 35 35 32 35 31 39 51 39 31 35 27 27 28 28 16 30 38 41 54 54 34 40 34 41 42 42 41 41 42 42 34 18 18 18 18 19 45 44 44 19 30
21 21 21 22 13 12 11 12 12 11 11 15 16 16 14 14 10 11 11 13 19 19 15 40 20 20 21 27 27 28 34 44 34 19 17 18 18 26 19 25 25 25 26 19 19 17 27 33 33 17 17 32 38 38 35 35 34 31 31 33 33 40 37 27 27 28 28 36 35 41 56 48 55 43 36 37 40 42 44 35 38 38 34 42 18 28 36 35 35 36 40 46 46 38
21 21 21 18 14 14 13 12 11 11 11 13 16 16 16 14 10 11 11 11 13 19 20 9 20 27 34 41 41 34 46 44 35 17 24 23 24 26 26 25 27 18 25 19 20 17 17 17 33 17 17 33 31 31 35 34 16 16 34 36 36 34 37 27 28 16 36 38 35 35 33 57 42 43 34 36 40 41 44 57 44 38 42 42 42 35 36 36 35 43 40 41 41 46
21 18 18 18 18 14 14 14 12 12 11 13 16 16 14 14 14 10 10 11 13 19 19 19 9 13 27 34 34 47 34 35 28 31 25 23 23 26 24 24 27 26 18 25 17 33 17 20 17 27 27 35 34 35 35 34 28 26 25 20 16 16 29 16 21 16 34 35 38 39 35 57 58 58 43 43 34 42 35 57 57 35 36 38 43 43 43 44 36 35 44 45 46 39
13 18 18 18 18 18 14 14 12 12 11 13 13 16 14 9 10 10 10 11 12 12 12 19 15 14 21 41 41 47 47 35 35 30 19 23 25 18 25 20 24 24 24 19 27 33 27 27 27 20 26 34 32 28 28 28 36 35 20 27 26 20 21 21 36 29 21 22 30 31 38 36 34 34 34 40 35 37 41 35 45 36 59 45 45 37 36 46 36 44 44 46 46 48
13 13 18 18 14 13 13 14 12 13 13 11 11 11 16 10 10 10 11 11 12 12 13 19 15 8 14 41 44 47 35 29 42 29 26 17 20 25 20 17 27 24 26 20 17 34 27 27 27 26 24 25 20 28 28 20 36 36 35 17 27 27 28 17 29 28 21 22 31 38 31 17 38 38 39 39 35 35 41 41 42 42 41 41 36 36 45 46 46 47 41 46 47 47
21 21 18 18 14 13 14 14 14 13 11 11 11 13 13 14 10 10 10 12 12 13 19 19 15 11 14 28 28 35 48 48 48 46 29 17 20 24 26 26 20 20 20 17 17 17 17 26 24 25 19 17 26 28 35 35 36 34 36 28 35 17 21 21 17 36 30 38 39 39 38 38 31 31 31 40 37 37 40 41 41 41 17 26 42 38 46 46 46 37 48 41 45 47
18 21 18 13 13 13 14 14 14 13 11 11 11 12 12 16 14 15 10 10 12 16 20 19 19 11 9 14 35 42 35 48 42 43 46 31 32 25 18 19 24 24 18 27 24 20 24 18 20 25 25 17 34 28 35 35 35 34 32 37 37 29 29 17 17 17 17 17 17 38 31 17 30 31 23 17 40 40 40 17 17 25 16 16 34 34 34 35 35 17 44 44 45 45
18 18 14 12 12 14 14 14 14 13 11 11 11 12 12 13 17 17 15 15 12 16 19 21 21 20 12 14 14 35 35 35 49 43 43 47 30 33 18 27 20 19 31 31 30 27 18 25 26 26 19 20 36 36 33 33 36 34 40 32 37 29 17 29 37 17 30 17 17 23 17 17 23 31 31 17 33 33 33 33 17 25 33 16 34 34 16 26 16 16 16 45 44 37
18 18 13 13 13 14 14 14 14 14 14 11 11 12 12 13 17 17 15 11 10 12 13 13 17 21 16 8 10 22 22 23 23 23 36 43 47 37 27 19 19 31 24 20 25 31 27 25 27 27 20 28 35 33 36 36 34 32 32 41 37 29 21 28 17 17 17 29 29 29 33 31 31 31 17 17 17 17 24 31 25 33 33 27 25 16 27 26 16 35 16 37 16 37
18 18 13 13 12 13 14 18 14 11 11 11 11 11 13 13 17 17 15 10 10 11 12 12 12 17 20 16 12 16 16 9 17 9 10 15 30 30 51 35 19 32 25 20 20 30 19 17 17 20 28 36 35 40 52 55 52 32 33 37 29 17 28 28 21 30 17 29 31 32 29 17 32 40 33 17 33 41 17 33 26 27 27 36 36 33 34 26 17 27 27 45 36 17
13 13 13 13 14 14 14 14 14 11 13 13 11 11 13 17 17 17 17 17 15 11 11 12 13 13 13 22 20 22 21 22 17 10 10 9 11 16 31 31 18 27 19 19 28 32 27 28 35 36 36 35 35 37 32 40 41 33 36 17 27 30 34 34 29 21 30 22 30 29 23 17 40 37 44 45 36 36 38 25 33 33 33 33 34 33 35 17 44 36 36 44 17 37
