08 Ecocrop/raster/current/prec_10.asc
ncols        683
nrows        518
xllcorner    -87.691666666667
yllcorner    10.708333333333
cellsize     0.008333333333
NODATA_value  1.#QNAN
[rows 407 to 443 of 518, columns 168 to 251 of 683]
293 290 292 338 330 276 281 301 337 335 295 277 266 288 288 333 337 298 298 277 339 339 337 337 318 330 330 334 293 332 325 325 325 312 328 290 290 290 289 288 288 280 302 332 331 330 310 296 295 326 297 297 296 296 285 319 319 349 319 360 360 349 319 319 319 348 348 348 319 359 358 348 348 358 358 343 343 337 343 337 337 336 342 342
343 294 341 291 283 279 304 301 339 273 280 277 271 288 288 336 295 281 279 278 297 340 339 320 332 336 277 277 276 275 274 292 292 291 291 328 327 326 325 324 288 273 303 329 329 320 320 329 328 325 313 312 286 286 293 319 319 319 319 319 349 319 349 349 319 319 349 349 359 359 354 359 321 321 349 354 359 354 344 343 343 343 343 337
359 343 361 339 286 285 283 299 290 271 279 266 336 334 338 297 342 301 281 279 299 300 340 333 337 336 336 296 295 333 282 277 277 292 329 292 291 327 326 320 279 288 300 334 333 328 328 330 329 314 314 313 297 294 294 320 320 294 294 294 320 320 320 360 360 320 349 360 355 360 360 360 321 321 360 355 354 354 354 354 354 344 344 354
369 359 362 339 290 288 304 300 343 347 296 272 338 336 336 343 299 344 343 301 342 281 298 333 339 298 337 335 294 334 333 277 277 293 330 292 328 327 326 325 289 273 280 304 314 313 312 299 310 319 314 298 298 294 294 351 351 320 320 294 294 320 350 350 361 350 350 361 360 360 360 360 350 360 360 360 360 355 355 355 355 355 345 355
1.#QNAN 364 359 357 356 338 335 284 281 350 344 335 336 335 345 346 345 283 343 344 343 300 279 339 339 338 337 334 329 334 294 276 293 293 330 292 274 289 311 309 290 273 300 299 299 298 301 300 311 320 288 295 295 287 287 320 351 320 320 320 320 320 320 361 361 361 350 350 361 361 361 361 361 356 351 323 351 351 351 351 361 356 361 352
1.#QNAN 1.#QNAN 1.#QNAN 362 355 360 365 351 351 288 278 298 298 296 280 283 283 304 283 303 300 279 277 277 297 296 296 318 329 329 333 294 277 276 275 291 273 290 290 290 325 301 300 305 316 315 298 298 297 311 320 288 295 295 321 321 287 321 295 295 295 321 321 350 351 351 351 351 351 296 322 351 351 323 298 296 296 290 290 297 290 300 300 300
1.#QNAN 1.#QNAN 1.#QNAN 1.#QNAN 1.#QNAN 350 360 353 359 352 348 285 325 277 281 284 304 346 302 300 299 299 279 278 337 332 331 330 318 329 317 329 333 332 291 291 329 291 274 290 274 273 301 299 305 304 303 298 297 297 332 315 315 314 314 288 298 312 288 287 287 295 296 296 321 322 358 351 322 323 289 298 323 289 297 319 298 298 285 298 285 287 297 308
1.#QNAN 1.#QNAN 1.#QNAN 1.#QNAN 1.#QNAN 370 369 354 353 359 352 332 349 348 348 346 286 290 284 282 280 298 297 298 339 333 336 336 336 330 330 329 328 327 327 292 293 292 274 277 279 303 302 300 275 299 299 279 279 297 300 332 327 326 314 288 288 288 288 288 296 296 288 288 296 297 297 297 323 289 289 298 298 309 318 287 279 310 277 277 289 310 289 281
1.#QNAN 1.#QNAN 1.#QNAN 1.#QNAN 1.#QNAN 1.#QNAN 1.#QNAN 1.#QNAN 356 368 368 352 332 347 347 331 331 287 286 344 300 298 299 341 340 333 337 338 336 336 336 297 329 332 331 330 293 275 279 277 279 303 277 273 273 278 278 273 273 273 279 296 311 310 326 299 289 288 296 296 296 296 289 298 298 298 298 298 298 311 315 315 321 320 288 276 289 312 312 309 309 308 311 311
1.#QNAN 1.#QNAN 1.#QNAN 1.#QNAN 1.#QNAN 1.#QNAN 1.#QNAN 1.#QNAN 1.#QNAN 356 369 368 334 349 330 331 293 292 285 303 280 280 302 342 335 322 321 333 296 332 299 335 329 328 331 327 327 330 280 280 280 280 274 274 278 273 289 289 273 273 279 296 296 311 332 315 300 289 289 289 297 297 299 312 312 317 323 317 316 316 322 303 321 323 279 313 299 313 305 309 314 309 309 307
1.#QNAN 1.#QNAN 1.#QNAN 1.#QNAN 1.#QNAN 1.#QNAN 1.#QNAN 1.#QNAN 1.#QNAN 1.#QNAN 1.#QNAN 369 354 352 348 332 332 291 287 285 304 304 303 343 341 341 321 321 332 332 331 330 318 317 328 317 316 330 275 279 280 280 304 280 274 274 323 322 290 279 279 279 296 299 299 327 315 300 300 289 289 299 299 313 318 324 324 324 304 292 292 291 279 279 313 299 302 305 316 323 290 295 294 273
1.#QNAN 1.#QNAN 1.#QNAN 1.#QNAN 1.#QNAN 1.#QNAN 1.#QNAN 1.#QNAN 1.#QNAN 1.#QNAN 1.#QNAN 1.#QNAN 360 353 351 350 348 346 327 286 346 339 344 343 323 336 342 340 340 320 319 298 284 299 298 300 313 312 330 294 275 275 292 275 292 324 324 318 322 274 273 297 279 273 273 299 320 315 320 319 314 319 326 325 328 306 306 294 293 293 282 291 290 310 299 272 276 295 307 295 300 326 284 300
1.#QNAN 1.#QNAN 1.#QNAN 1.#QNAN 1.#QNAN 1.#QNAN 1.#QNAN 1.#QNAN 1.#QNAN 1.#QNAN 1.#QNAN 1.#QNAN 1.#QNAN 354 353 369 369 331 287 286 304 344 344 337 337 323 302 315 321 320 299 285 285 285 290 290 298 311 315 326 330 293 329 293 310 308 307 323 322 322 321 290 273 289 273 279 311 310 327 327 331 330 326 329 307 295 281 282 277 292 316 296 298 287 287 273 303 308 298 299 307 325 303 303
1.#QNAN 1.#QNAN 1.#QNAN 1.#QNAN 1.#QNAN 1.#QNAN 1.#QNAN 1.#QNAN 1.#QNAN 1.#QNAN 1.#QNAN 1.#QNAN 1.#QNAN 1.#QNAN 361 360 358 348 292 285 285 306 305 304 338 324 289 288 301 314 301 314 314 320 301 315 314 297 315 331 327 327 329 328 328 322 320 319 318 322 321 321 320 290 279 279 296 299 311 310 298 298 309 309 297 277 291 292 317 317 297 291 304 304 305 275 294 306 307 307 296 305 306 306
1.#QNAN 1.#QNAN 1.#QNAN 1.#QNAN 1.#QNAN 1.#QNAN 1.#QNAN 1.#QNAN 1.#QNAN 1.#QNAN 1.#QNAN 1.#QNAN 1.#QNAN 1.#QNAN 1.#QNAN 353 359 370 350 290 287 306 306 345 345 324 303 302 302 301 315 315 315 315 315 301 299 297 316 326 327 314 316 329 328 293 326 303 301 305 304 321 321 320 290 290 279 296 300 299 299 299 298 295 282 277 292 318 312 300 286 302 295 296 302 306 289 303 292 278 278 277 303 301
1.#QNAN 1.#QNAN 1.#QNAN 1.#QNAN 1.#QNAN 1.#QNAN 1.#QNAN 1.#QNAN 1.#QNAN 1.#QNAN 1.#QNAN 1.#QNAN 1.#QNAN 1.#QNAN 373 353 347 351 351 330 287 287 340 340 339 325 324 317 316 302 302 317 317 321 314 315 313 285 319 309 308 309 316 314 325 328 326 309 301 305 317 321 321 320 290 290 274 280 300 280 296 311 299 296 282 278 293 318 313 300 298 274 302 296 302 304 289 302 302 303 303 302 311 284
1.#QNAN 1.#QNAN 1.#QNAN 1.#QNAN 1.#QNAN 1.#QNAN 1.#QNAN 1.#QNAN 1.#QNAN 1.#QNAN 1.#QNAN 1.#QNAN 1.#QNAN 1.#QNAN 1.#QNAN 362 347 346 371 348 289 309 341 340 326 338 324 337 323 322 316 303 302 321 314 315 300 301 315 316 309 316 326 312 313 312 309 304 302 301 305 317 316 321 320 291 291 291 275 280 281 301 300 296 278 293 294 319 313 301 288 288 275 293 275 275 301 313 313 313 301 301 312 288
1.#QNAN 1.#QNAN 1.#QNAN 1.#QNAN 1.#QNAN 1.#QNAN 1.#QNAN 1.#QNAN 1.#QNAN 1.#QNAN 1.#QNAN 1.#QNAN 1.#QNAN 1.#QNAN 1.#QNAN 1.#QNAN 362 353 361 352 294 349 341 347 347 345 344 337 337 342 335 303 302 288 303 288 302 302 299 311 309 315 314 312 295 295 305 304 304 302 288 288 299 303 315 302 302 302 314 314 320 293 277 278 294 320 320 320 320 314 302 300 320 296 297 314 320 298 298 285 298 286 297 325
1.#QNAN 1.#QNAN 1.#QNAN 1.#QNAN 1.#QNAN 1.#QNAN 1.#QNAN 1.#QNAN 1.#QNAN 1.#QNAN 1.#QNAN 1.#QNAN 1.#QNAN 1.#QNAN 1.#QNAN 1.#QNAN 1.#QNAN 362 362 361 348 290 349 289 288 308 345 338 343 337 336 316 289 303 303 303 290 288 286 285 284 297 297 307 295 282 292 278 278 290 289 288 274 287 287 273 273 298 286 302 321 277 294 294 321 321 321 296 321 321 297 297 301 332 332 301 300 298 300 300 328 325 325 319
1.#QNAN 1.#QNAN 1.#QNAN 1.#QNAN 1.#QNAN 1.#QNAN 1.#QNAN 1.#QNAN 1.#QNAN 1.#QNAN 1.#QNAN 1.#QNAN 1.#QNAN 1.#QNAN 1.#QNAN 1.#QNAN 1.#QNAN 1.#QNAN 1.#QNAN 1.#QNAN 291 290 296 311 348 347 346 339 343 324 317 304 304 323 315 290 291 316 286 286 284 284 283 282 296 295 279 304 278 292 292 276 274 274 273 273 273 287 287 299 321 278 295 295 303 322 296 297 286 286 283 299 334 326 326 332 332 331 332 330 326 309 302 311
1.#QNAN 1.#QNAN 1.#QNAN 1.#QNAN 1.#QNAN 1.#QNAN 1.#QNAN 1.#QNAN 1.#QNAN 1.#QNAN 1.#QNAN 1.#QNAN 1.#QNAN 1.#QNAN 1.#QNAN 1.#QNAN 1.#QNAN 1.#QNAN 1.#QNAN 1.#QNAN 1.#QNAN 291 312 290 290 348 340 326 325 325 305 305 292 304 304 305 291 288 289 287 285 284 284 283 284 295 293 293 278 279 281 280 275 274 273 274 274 274 288 299 295 279 284 284 280 281 286 286 304 304 300 314 327 309 309 322 322 333 333 333 327 321 310 311
1.#QNAN 1.#QNAN 1.#QNAN 1.#QNAN 1.#QNAN 1.#QNAN 1.#QNAN 1.#QNAN 1.#QNAN 1.#QNAN 1.#QNAN 1.#QNAN 1.#QNAN 1.#QNAN 1.#QNAN 1.#QNAN 1.#QNAN 1.#QNAN 1.#QNAN 1.#QNAN 1.#QNAN 1.#QNAN 291 296 330 294 311 326 319 325 294 294 292 291 291 292 292 291 291 289 299 285 285 284 296 282 281 281 281 280 281 283 308 289 288 288 273 275 275 276 296 279 285 285 286 286 286 306 305 301 301 315 334 310 310 328 323 328 333 334 334 328 322 328
1.#QNAN 1.#QNAN 1.#QNAN 1.#QNAN 1.#QNAN 1.#QNAN 1.#QNAN 1.#QNAN 1.#QNAN 1.#QNAN 1.#QNAN 1.#QNAN 1.#QNAN 1.#QNAN 1.#QNAN 1.#QNAN 1.#QNAN 1.#QNAN 1.#QNAN 1.#QNAN 1.#QNAN 1.#QNAN 1.#QNAN 1.#QNAN 331 345 289 289 340 319 307 307 293 293 304 304 304 320 319 289 287 316 285 298 297 282 282 285 286 284 282 281 308 306 307 304 306 276 276 301 324 285 285 301 301 287 301 317 341 301 301 306 336 324 324 335 335 335 335 334 314 334 329 329
1.#QNAN 1.#QNAN 1.#QNAN 1.#QNAN 1.#QNAN 1.#QNAN 1.#QNAN 1.#QNAN 1.#QNAN 1.#QNAN 1.#QNAN 1.#QNAN 1.#QNAN 1.#QNAN 1.#QNAN 1.#QNAN 1.#QNAN 1.#QNAN 1.#QNAN 1.#QNAN 1.#QNAN 1.#QNAN 1.#QNAN 1.#QNAN 1.#QNAN 295 326 325 311 340 326 325 318 294 294 326 325 325 323 324 301 317 299 316 284 284 284 286 285 283 281 283 295 310 263 299 264 290 275 305 297 285 286 302 302 288 302 319 342 318 308 318 340 330 330 330 336 337 336 335 306 315 315 306
1.#QNAN 1.#QNAN 1.#QNAN 1.#QNAN 1.#QNAN 1.#QNAN 1.#QNAN 1.#QNAN 1.#QNAN 1.#QNAN 1.#QNAN 1.#QNAN 1.#QNAN 1.#QNAN 1.#QNAN 1.#QNAN 1.#QNAN 1.#QNAN 1.#QNAN 1.#QNAN 1.#QNAN 1.#QNAN 1.#QNAN 1.#QNAN 1.#QNAN 1.#QNAN 344 327 295 347 319 295 295 294 293 326 323 312 326 325 319 300 300 286 287 287 292 288 287 296 294 295 313 308 296 239 275 275 291 306 319 282 287 303 310 320 310 345 338 331 326 326 332 338 332 338 338 337 337 337 308 307 303 292
1.#QNAN 1.#QNAN 1.#QNAN 1.#QNAN 1.#QNAN 1.#QNAN 1.#QNAN 1.#QNAN 1.#QNAN 1.#QNAN 1.#QNAN 1.#QNAN 1.#QNAN 1.#QNAN 1.#QNAN 1.#QNAN 1.#QNAN 1.#QNAN 1.#QNAN 1.#QNAN 1.#QNAN 1.#QNAN 1.#QNAN 1.#QNAN 1.#QNAN 1.#QNAN 353 344 344 296 312 326 319 295 295 305 327 326 313 312 324 323 319 322 318 299 300 301 319 296 313 312 311 313 311 291 276 292 307 307 327 300 288 304 311 311 321 346 333 327 314 314 314 327 333 339 339 340 339 309 304 309 304 293
1.#QNAN 1.#QNAN 1.#QNAN 1.#QNAN 1.#QNAN 1.#QNAN 1.#QNAN 1.#QNAN 1.#QNAN 1.#QNAN 1.#QNAN 1.#QNAN 1.#QNAN 1.#QNAN 1.#QNAN 1.#QNAN 1.#QNAN 1.#QNAN 1.#QNAN 1.#QNAN 1.#QNAN 1.#QNAN 1.#QNAN 1.#QNAN 1.#QNAN 1.#QNAN 1.#QNAN 1.#QNAN 298 297 312 347 346 326 296 296 294 323 326 323 325 324 323 323 318 318 317 323 320 318 314 313 312 312 311 281 308 321 322 328 301 284 313 313 323 323 349 334 334 328 328 328 328 315 334 340 342 320 320 305 310 305 305 296
1.#QNAN 1.#QNAN 1.#QNAN 1.#QNAN 1.#QNAN 1.#QNAN 1.#QNAN 1.#QNAN 1.#QNAN 1.#QNAN 1.#QNAN 1.#QNAN 1.#QNAN 1.#QNAN 1.#QNAN 1.#QNAN 1.#QNAN 1.#QNAN 1.#QNAN 1.#QNAN 1.#QNAN 1.#QNAN 1.#QNAN 1.#QNAN 1.#QNAN 1.#QNAN 1.#QNAN 1.#QNAN 1.#QNAN 1.#QNAN 348 347 341 340 326 320 309 305 305 304 322 321 321 321 324 301 300 318 323 319 297 283 287 281 297 296 311 329 323 323 302 285 307 325 352 351 351 342 335 335 329 316 316 329 342 341 341 343 312 312 306 311 306 319
1.#QNAN 1.#QNAN 1.#QNAN 1.#QNAN 1.#QNAN 1.#QNAN 1.#QNAN 1.#QNAN 1.#QNAN 1.#QNAN 1.#QNAN 1.#QNAN 1.#QNAN 1.#QNAN 1.#QNAN 1.#QNAN 1.#QNAN 1.#QNAN 1.#QNAN 1.#QNAN 1.#QNAN 1.#QNAN 1.#QNAN 1.#QNAN 1.#QNAN 1.#QNAN 1.#QNAN 1.#QNAN 1.#QNAN 1.#QNAN 1.#QNAN 342 328 328 321 326 320 294 324 324 323 327 304 322 321 301 287 300 319 321 298 288 288 287 312 286 309 325 325 325 331 304 308 326 326 353 344 336 337 337 331 317 331 336 343 343 342 344 313 313 321 321 321 320
1.#QNAN 1.#QNAN 1.#QNAN 1.#QNAN 1.#QNAN 1.#QNAN 1.#QNAN 1.#QNAN 1.#QNAN 1.#QNAN 1.#QNAN 1.#QNAN 1.#QNAN 1.#QNAN 1.#QNAN 1.#QNAN 1.#QNAN 1.#QNAN 1.#QNAN 1.#QNAN 1.#QNAN 1.#QNAN 1.#QNAN 1.#QNAN 1.#QNAN 1.#QNAN 1.#QNAN 1.#QNAN 1.#QNAN 1.#QNAN 1.#QNAN 315 349 342 328 328 328 298 297 306 305 324 291 304 304 322 322 321 320 320 300 289 301 301 303 312 311 326 326 305 306 288 309 328 356 345 345 345 345 338 332 332 332 338 344 348 324 324 323 323 314 322 342 342
1.#QNAN 1.#QNAN 1.#QNAN 1.#QNAN 1.#QNAN 1.#QNAN 1.#QNAN 1.#QNAN 1.#QNAN 1.#QNAN 1.#QNAN 1.#QNAN 1.#QNAN 1.#QNAN 1.#QNAN 1.#QNAN 1.#QNAN 1.#QNAN 1.#QNAN 1.#QNAN 1.#QNAN 1.#QNAN 1.#QNAN 1.#QNAN 1.#QNAN 1.#QNAN 1.#QNAN 1.#QNAN 1.#QNAN 1.#QNAN 1.#QNAN 330 292 349 348 342 324 313 299 294 326 325 305 305 292 305 323 322 302 293 292 291 291 291 313 313 312 312 335 293 293 293 310 319 329 357 357 347 339 333 339 346 339 339 350 317 317 325 347 324 345 344 338 332
1.#QNAN 1.#QNAN 1.#QNAN 1.#QNAN 1.#QNAN 1.#QNAN 1.#QNAN 1.#QNAN 1.#QNAN 1.#QNAN 1.#QNAN 1.#QNAN 1.#QNAN 1.#QNAN 1.#QNAN 1.#QNAN 1.#QNAN 1.#QNAN 1.#QNAN 1.#QNAN 1.#QNAN 1.#QNAN 1.#QNAN 1.#QNAN 1.#QNAN 1.#QNAN 1.#QNAN 1.#QNAN 1.#QNAN 1.#QNAN 1.#QNAN 1.#QNAN 1.#QNAN 1.#QNAN 299 315 348 330 311 295 327 327 293 294 299 306 292 291 290 289 306 305 305 293 314 304 304 317 330 309 290 294 312 341 349 348 348 341 321 334 341 354 347 340 340 346 340 346 348 347 347 345 339 333
1.#QNAN 1.#QNAN 1.#QNAN 1.#QNAN 1.#QNAN 1.#QNAN 1.#QNAN 1.#QNAN 1.#QNAN 1.#QNAN 1.#QNAN 1.#QNAN 1.#QNAN 1.#QNAN 1.#QNAN 1.#QNAN 1.#QNAN 1.#QNAN 1.#QNAN 1.#QNAN 1.#QNAN 1.#QNAN 1.#QNAN 1.#QNAN 1.#QNAN 1.#QNAN 1.#QNAN 1.#QNAN 1.#QNAN 1.#QNAN 1.#QNAN 1.#QNAN 1.#QNAN 1.#QNAN 299 294 315 331 322 300 300 299 311 323 314 302 295 292 305 305 290 317 317 334 333 316 316 315 315 338 291 295 313 323 322 350 336 336 336 336 342 342 342 335 322 348 347 335 335 341 340 323 323 322
1.#QNAN 1.#QNAN 1.#QNAN 1.#QNAN 1.#QNAN 1.#QNAN 1.#QNAN 1.#QNAN 1.#QNAN 1.#QNAN 1.#QNAN 1.#QNAN 1.#QNAN 1.#QNAN 1.#QNAN 1.#QNAN 1.#QNAN 1.#QNAN 1.#QNAN 1.#QNAN 1.#QNAN 1.#QNAN 1.#QNAN 1.#QNAN 1.#QNAN 1.#QNAN 1.#QNAN 1.#QNAN 1.#QNAN 1.#QNAN 1.#QNAN 1.#QNAN 1.#QNAN 1.#QNAN 1.#QNAN 1.#QNAN 294 317 343 343 328 328 322 322 325 303 309 294 307 327 306 298 297 319 319 322 321 321 320 313 313 313 293 298 315 364 337 323 337 343 343 337 337 337 336 336 336 336 324 336 324 316 323 316
1.#QNAN 1.#QNAN 1.#QNAN 1.#QNAN 1.#QNAN 1.#QNAN 1.#QNAN 1.#QNAN 1.#QNAN 1.#QNAN 1.#QNAN 1.#QNAN 1.#QNAN 1.#QNAN 1.#QNAN 1.#QNAN 1.#QNAN 1.#QNAN 1.#QNAN 1.#QNAN 1.#QNAN 1.#QNAN 1.#QNAN 1.#QNAN 1.#QNAN 1.#QNAN 1.#QNAN 1.#QNAN 1.#QNAN 1.#QNAN 1.#QNAN 1.#QNAN 1.#QNAN 1.#QNAN 1.#QNAN 1.#QNAN 1.#QNAN 1.#QNAN 351 350 343 330 330 314 315 315 297 330 329 328 328 293 299 320 324 323 323 336 335 335 295 294 314 316 299 336 345 339 339 345 345 344 344 338 338 337 325 325 337 343 337 325 347 324
1.#QNAN 1.#QNAN 1.#QNAN 1.#QNAN 1.#QNAN 1.#QNAN 1.#QNAN 1.#QNAN 1.#QNAN 1.#QNAN 1.#QNAN 1.#QNAN 1.#QNAN 1.#QNAN 1.#QNAN 1.#QNAN 1.#QNAN 1.#QNAN 1.#QNAN 1.#QNAN 1.#QNAN 1.#QNAN 1.#QNAN 1.#QNAN 1.#QNAN 1.#QNAN 1.#QNAN 1.#QNAN 1.#QNAN 1.#QNAN 1.#QNAN 1.#QNAN 1.#QNAN 1.#QNAN 1.#QNAN 1.#QNAN 1.#QNAN 1.#QNAN 1.#QNAN 1.#QNAN 351 345 344 326 329 315 305 311 310 309 295 309 295 302 326 325 325 324 337 343 343 316 296 300 328 337 367 347 354 353 346 339 339 345 345 339 338 326 338 344 338 337 318 325
1.#QNAN 1.#QNAN 1.#QNAN 1.#QNAN 1.#QNAN 1.#QNAN 1.#QNAN 1.#QNAN 1.#QNAN 1.#QNAN 1.#QNAN 1.#QNAN 1.#QNAN 1.#QNAN 1.#QNAN 1.#QNAN 1.#QNAN 1.#QNAN 1.#QNAN 1.#QNAN 1.#QNAN 1.#QNAN 1.#QNAN 1.#QNAN 1.#QNAN 1.#QNAN 1.#QNAN 1.#QNAN 1.#QNAN 1.#QNAN 1.#QNAN 1.#QNAN 1.#QNAN 1.#QNAN 1.#QNAN 1.#QNAN 1.#QNAN 1.#QNAN 1.#QNAN 1.#QNAN 1.#QNAN 345 333 345 325 316 316 306 317 306 305 315 304 304 303 314 326 326 325 338 318 318 318 298 318 329 370 368 367 348 347 341 327 327 327 327 340 339 327 339 339 338 338 319
