08 Ecocrop/raster/current/prec_4.asc
ncols        683
nrows        518
xllcorner    -87.691666666667
yllcorner    10.708333333333
cellsize     0.008333333333
NODATA_value  1.#QNAN
[rows 320 to 359 of 518, columns 182 to 272 of 683]
15 17 17 19 19 16 18 21 18 19 18 21 20 18 16 16 14 15 24 25 24 25 23 28 29 20 22 22 22 25 21 27 29 30 23 22 23 24 32 26 22 22 29 28 26 26 28 28 28 30 30 29 31 31 29 31 31 35 36 33 26 26 26 27 30 28 25 30 32 32 26 25 25 31 27 25 31 36 28 36 36 36 36 36 36 32 37 36 28 28 29
15 17 17 21 18 20 23 19 24 18 19 22 18 18 16 16 16 15 20 24 21 30 30 28 29 20 22 21 21 22 24 30 26 28 22 24 24 25 25 24 30 28 28 23 24 25 25 25 27 29 29 31 32 32 31 30 32 36 35 33 28 26 27 27 29 23 31 32 30 26 23 31 30 31 33 25 26 34 32 32 36 36 29 36 36 37 32 32 32 29 29
16 21 17 16 17 25 27 25 19 18 17 17 18 18 16 16 18 17 19 25 20 24 26 21 27 28 20 21 21 22 22 23 26 30 27 25 26 25 24 23 21 25 28 24 25 24 24 26 28 27 28 29 30 30 31 31 32 36 34 30 24 21 19 23 26 24 28 29 25 23 29 24 27 30 31 25 26 27 32 32 29 32 32 36 36 32 36 36 37 29 29
17 18 22 19 24 25 30 24 24 16 24 19 22 18 19 19 18 17 17 20 21 23 22 22 25 21 20 25 23 25 22 23 24 27 21 21 21 27 24 22 21 22 22 25 33 34 31 33 28 28 28 31 29 28 32 34 32 32 30 36 26 20 19 21 22 22 23 25 30 25 19 21 22 29 31 24 25 27 27 28 28 27 28 28 32 32 33 33 33 33 34
21 22 25 30 31 31 31 32 27 16 18 19 20 18 19 21 18 17 19 15 18 21 24 23 25 25 24 25 26 25 25 26 22 22 25 20 20 26 30 22 21 22 23 26 32 30 25 34 28 27 28 27 30 25 26 32 34 32 31 32 38 32 26 20 23 29 24 31 24 20 24 25 18 27 24 24 24 25 27 28 28 26 27 26 27 29 32 36 29 38 35
17 25 32 38 38 37 35 33 26 16 22 22 18 16 16 14 19 19 23 23 20 20 20 20 21 23 25 25 26 25 21 22 21 18 18 26 30 28 23 26 26 26 26 23 23 32 26 31 27 27 28 31 26 28 24 26 29 33 27 28 30 32 25 18 21 27 29 27 20 19 24 24 22 31 31 23 25 25 25 27 27 27 27 27 26 28 32 36 28 37 38
27 32 38 38 37 37 37 32 24 19 21 18 18 14 14 18 19 19 23 15 20 16 18 25 24 24 25 25 20 24 26 21 20 29 21 27 23 23 27 19 20 21 26 27 24 24 29 30 25 27 28 30 26 29 30 23 28 34 28 26 27 36 28 21 18 20 28 26 22 24 24 24 23 30 25 27 32 31 27 25 30 32 32 27 25 25 27 28 28 32 27
30 38 39 38 37 35 35 32 28 20 18 17 14 22 18 14 19 17 15 18 18 20 20 20 20 21 20 25 20 22 26 26 25 23 29 24 23 22 23 20 18 22 27 23 23 24 23 24 24 26 27 24 25 29 29 23 26 29 27 24 26 33 29 26 22 22 25 27 21 22 23 23 21 19 20 29 31 32 32 31 26 27 27 30 29 30 25 25 26 26 30
30 38 38 38 36 35 35 32 28 20 18 16 14 23 22 19 15 17 18 18 18 20 25 20 21 22 20 25 20 18 20 20 24 21 23 27 21 26 24 20 20 22 28 22 22 23 23 23 22 26 26 25 31 31 24 26 25 27 31 26 24 30 23 21 28 28 22 21 19 24 25 25 24 19 25 29 33 33 31 29 24 21 24 30 29 26 31 25 23 25 26
39 40 39 36 34 35 32 31 23 19 22 18 23 22 24 19 15 17 18 18 20 20 21 24 20 25 26 24 16 16 16 16 20 26 21 21 25 26 26 26 28 28 27 27 27 27 23 23 26 30 34 34 28 28 26 26 28 33 29 24 22 28 22 22 28 30 21 20 17 20 20 21 18 21 27 34 35 32 24 22 20 21 26 27 26 24 27 29 31 24 25
39 41 38 36 32 32 31 31 24 15 20 22 22 22 24 23 17 23 20 18 20 16 21 25 20 25 25 26 18 16 18 20 22 26 26 24 20 21 21 26 22 22 27 24 22 28 26 32 33 29 32 28 32 26 25 25 23 22 22 24 26 24 21 21 21 22 18 20 23 20 20 20 21 23 31 34 34 35 26 23 20 20 30 30 30 30 30 32 31 27 26
41 40 38 34 32 31 31 30 26 23 18 19 19 19 22 14 24 20 23 23 20 24 16 25 22 21 22 22 25 20 22 24 24 26 24 25 25 25 24 25 26 26 22 20 18 26 25 22 25 31 23 28 25 24 24 26 24 30 28 28 30 30 27 21 18 19 17 20 24 20 24 25 26 19 32 32 32 34 33 34 21 22 22 29 25 24 30 30 24 24 27
41 40 37 34 31 31 30 28 27 22 18 19 19 19 22 14 24 19 23 18 20 25 24 21 22 22 28 20 26 21 26 24 22 22 20 25 20 20 20 24 24 21 18 16 20 23 23 28 28 24 22 21 22 24 31 29 27 25 24 22 26 28 30 23 22 24 25 22 20 25 20 21 22 18 25 24 26 27 31 33 32 21 18 20 23 30 34 26 29 26 28
37 37 34 31 31 30 24 24 25 18 22 19 22 23 14 22 23 24 18 25 25 23 24 16 25 21 22 29 26 22 21 26 26 26 26 22 26 20 20 20 24 20 18 20 24 27 24 25 23 23 22 23 22 24 29 26 26 29 24 23 27 23 20 20 26 25 23 24 31 30 31 29 28 26 25 22 21 23 23 29 29 22 19 25 30 32 35 37 35 32 33
33 35 31 30 27 30 22 23 23 19 18 19 19 16 18 24 24 24 17 25 25 24 26 20 22 21 22 22 20 21 20 25 20 21 21 24 24 25 20 20 24 20 20 21 26 26 23 28 22 26 22 23 24 23 28 21 20 22 25 26 25 20 19 17 27 30 24 23 31 26 28 34 33 33 25 22 21 23 24 28 23 18 18 23 25 27 33 33 25 25 29
29 30 30 29 24 30 23 22 20 18 18 22 22 18 14 20 20 17 19 25 23 23 25 16 16 22 25 20 21 20 21 20 20 20 21 26 21 24 24 24 25 21 20 20 26 22 24 31 23 23 23 24 27 26 26 22 20 16 22 25 27 20 23 19 23 27 26 30 25 26 27 28 29 32 35 29 22 19 20 20 23 20 21 19 22 22 25 23 22 20 19
30 30 30 21 22 23 22 25 18 17 19 19 22 24 23 14 17 19 25 23 25 25 24 16 16 20 22 22 25 21 21 21 22 29 22 20 26 24 24 24 24 21 24 21 24 20 22 23 22 24 28 23 27 22 22 24 20 23 19 18 18 18 16 16 16 19 22 31 25 26 28 27 27 27 27 25 26 19 20 19 19 22 19 21 21 20 23 20 25 22 22
30 29 29 21 22 22 24 18 15 20 23 21 22 24 22 23 23 19 23 23 24 24 24 20 20 16 18 18 21 24 20 20 22 21 20 24 25 24 20 25 20 20 18 20 21 21 24 26 21 27 30 22 24 21 25 27 24 20 23 23 23 24 23 16 18 23 24 27 24 30 30 26 32 32 31 27 22 24 25 23 20 23 21 23 21 19 19 20 24 21 21
29 29 30 26 21 21 27 14 14 17 21 19 21 22 24 24 24 23 23 19 15 15 18 15 15 20 16 18 20 24 20 22 26 21 21 21 21 21 22 20 18 18 20 21 21 20 26 26 21 20 21 21 24 24 25 24 21 17 23 22 22 18 24 19 16 18 21 28 29 30 30 31 31 26 23 22 19 24 25 23 19 20 17 22 25 22 21 23 22 25 21
29 29 29 21 22 21 27 20 23 22 22 19 23 18 18 22 18 18 23 17 19 19 19 20 20 18 15 20 21 25 21 27 28 19 21 19 26 26 21 21 25 26 21 24 26 25 22 21 21 19 21 20 26 24 26 26 21 16 24 18 18 21 23 23 18 18 16 18 21 22 29 30 22 18 18 21 21 21 26 22 22 17 24 18 19 20 18 22 20 19 24
29 29 29 23 22 21 26 21 17 17 22 22 22 13 16 18 13 13 14 17 20 22 20 19 21 21 20 21 21 25 19 27 28 21 21 20 21 29 21 19 21 25 24 21 21 26 20 22 26 21 20 20 25 25 24 25 24 16 23 22 18 21 16 16 18 22 19 19 17 18 22 22 18 21 21 24 24 17 23 22 18 17 24 25 21 21 21 21 23 17 24
29 22 23 23 21 21 24 21 18 16 18 22 22 22 13 18 18 18 16 18 22 24 22 23 25 25 25 23 25 25 20 25 21 21 26 26 27 23 22 21 26 19 21 25 25 24 24 19 20 19 21 20 24 25 24 25 21 19 23 24 22 22 16 24 26 31 31 30 27 22 20 19 21 25 24 24 20 25 20 20 24 19 22 22 26 25 20 21 17 19 23
28 21 21 21 22 22 26 20 19 15 22 22 19 22 13 19 23 22 23 22 23 22 19 23 24 24 24 19 20 20 20 25 27 23 28 18 16 20 27 23 20 17 19 21 20 20 20 20 20 20 20 19 20 19 23 24 24 19 23 24 24 23 19 28 25 23 24 24 24 30 26 19 21 17 25 24 24 25 25 25 18 18 17 21 23 23 24 24 24 23 23
24 22 26 26 26 26 23 13 15 19 19 19 19 22 18 23 18 19 17 19 20 19 19 19 19 19 19 20 25 28 16 19 27 23 23 16 22 16 28 23 24 29 20 17 24 19 20 20 21 29 22 20 19 21 20 20 20 24 15 19 19 17 23 22 23 20 24 25 26 24 26 32 20 17 20 20 20 19 20 23 20 20 19 19 22 22 24 24 23 24 23
16 12 16 17 18 21 19 16 18 19 19 19 24 22 16 20 18 18 18 18 24 26 20 20 20 20 25 25 26 18 22 24 23 23 28 27 28 27 18 24 30 30 30 26 27 26 17 23 21 21 23 29 28 19 23 22 21 23 24 17 17 21 24 25 27 25 21 25 31 27 27 24 29 22 17 17 17 26 18 19 20 18 19 22 21 17 20 24 23 22 22
14 20 15 15 16 21 16 19 18 22 20 22 22 23 13 21 23 23 21 19 19 16 25 25 27 27 15 26 26 19 24 23 29 23 27 27 28 27 22 21 21 24 27 27 27 23 24 29 21 21 28 26 23 19 26 20 20 24 19 17 17 21 24 22 25 29 22 25 28 26 24 26 32 30 21 18 18 20 20 23 19 19 19 16 18 17 24 24 24 23 22
21 17 10 16 19 21 17 12 23 23 20 20 20 22 22 19 23 21 23 21 19 24 20 20 20 25 17 27 21 18 19 23 31 29 23 19 18 22 22 21 20 27 24 27 27 27 27 24 17 18 18 18 17 23 21 19 25 24 17 19 19 21 24 24 27 27 24 25 24 23 26 27 27 24 30 19 19 17 24 24 19 19 19 17 20 19 23 23 24 24 19
17 22 21 11 14 15 17 24 23 23 20 20 20 23 24 21 17 23 23 23 19 20 21 25 21 14 18 20 21 22 24 23 31 32 30 27 16 18 22 21 19 28 26 30 24 27 30 30 21 28 22 17 21 17 29 20 19 19 26 17 19 21 26 26 26 26 23 24 21 23 26 25 28 25 33 27 24 20 22 17 17 20 19 19 19 16 23 19 25 21 20
17 22 24 11 11 11 22 23 24 24 24 24 23 23 23 21 19 16 21 18 22 24 26 27 30 30 27 22 26 23 22 22 30 29 30 30 28 23 16 22 22 16 24 26 29 27 32 27 29 17 18 21 27 17 18 18 21 21 19 24 24 26 26 26 24 27 22 28 21 22 23 23 25 26 26 26 31 34 31 25 30 26 16 16 16 17 16 20 18 23 23
24 22 22 17 17 12 18 19 24 24 24 24 26 26 25 23 20 23 18 21 19 19 27 27 34 33 30 28 31 29 22 24 26 29 23 23 28 28 28 28 22 30 32 32 31 31 34 33 32 24 30 27 25 22 26 21 21 20 25 21 24 27 25 26 20 18 25 24 26 26 21 21 21 24 24 22 23 26 27 24 24 24 23 20 20 17 19 17 27 29 29
23 23 25 17 15 12 13 14 27 27 26 24 24 24 24 24 21 19 25 23 17 21 16 26 33 33 24 25 28 23 27 20 27 21 19 23 30 30 30 26 27 33 28 26 28 26 26 26 27 32 30 27 18 28 29 29 18 25 26 15 16 20 27 29 29 28 21 20 17 16 16 26 22 22 22 21 23 24 25 22 20 20 20 21 27 20 23 23 16 19 17
19 23 18 23 23 25 27 25 26 27 27 22 21 21 21 24 24 23 19 18 24 19 15 26 27 24 27 28 27 25 18 20 20 21 23 28 31 29 29 28 28 28 29 30 26 26 26 27 29 32 31 31 26 31 27 17 29 18 19 25 15 17 23 27 25 31 24 19 25 24 19 16 24 30 30 25 21 24 26 25 21 21 20 20 20 21 25 21 24 19 18
19 16 16 12 24 25 26 28 28 26 26 28 25 22 21 21 20 19 19 13 16 13 20 28 27 27 27 21 18 24 18 19 19 25 30 34 36 36 37 37 35 35 34 32 30 28 27 27 27 29 34 33 33 33 31 22 27 21 19 19 19 17 17 25 23 30 23 16 24 20 20 19 18 25 25 26 29 22 24 24 22 23 25 22 22 24 25 17 16 21 24
19 13 18 18 19 26 27 27 27 29 28 28 26 25 21 21 21 24 20 13 16 24 25 24 28 28 25 21 17 20 24 20 19 25 29 34 35 35 35 36 35 35 34 29 29 32 26 27 27 27 27 27 33 32 32 27 22 29 19 19 21 17 17 17 27 30 24 18 24 23 23 23 19 20 24 18 24 26 20 20 20 25 26 23 24 24 25 17 17 21 23
25 24 18 23 19 21 27 27 29 29 29 29 27 26 26 22 21 21 14 18 23 24 21 24 21 25 22 17 25 27 16 16 15 23 26 35 35 36 35 35 37 37 36 35 29 29 30 26 28 27 29 27 27 34 33 32 33 30 26 21 19 25 25 26 30 30 27 20 17 15 15 15 15 22 20 16 20 18 22 27 22 27 28 27 32 28 24 17 16 16 24
14 17 22 19 23 18 22 22 16 16 16 22 22 27 26 25 22 21 24 17 19 18 16 19 19 20 18 19 24 25 21 23 31 27 36 36 36 38 36 35 35 37 36 36 34 34 34 30 30 30 28 27 26 29 34 33 33 34 27 24 28 28 17 21 21 21 21 22 20 21 25 26 24 19 17 20 25 25 16 19 32 26 26 28 27 24 25 21 23 16 21
18 20 24 18 23 18 22 22 16 20 19 21 21 27 27 28 22 25 21 24 18 19 20 15 18 18 18 18 27 14 21 25 34 38 42 41 41 41 38 36 36 35 37 39 37 36 36 36 35 30 28 26 26 29 29 27 26 27 34 34 34 33 27 18 31 19 19 23 19 18 18 23 25 24 19 18 24 19 17 22 30 23 24 27 32 28 24 24 20 25 24
21 24 25 18 21 18 22 22 17 22 20 20 22 19 19 15 26 27 25 24 23 18 24 24 24 18 20 24 14 25 25 34 42 42 44 42 43 41 38 36 38 39 36 39 39 36 35 36 36 37 35 35 34 32 26 28 30 30 27 27 27 33 34 24 28 28 28 21 27 33 22 29 20 18 19 24 24 19 17 27 30 21 20 24 34 29 28 23 32 19 21
25 19 20 17 19 25 19 16 16 22 23 22 25 25 22 21 18 21 26 25 20 22 16 21 20 21 20 19 17 30 34 40 44 45 45 44 44 43 41 38 38 38 39 36 39 43 43 41 36 36 37 37 37 37 34 30 32 32 30 28 30 30 28 29 35 27 27 27 33 35 35 35 29 29 30 19 26 19 23 17 20 25 28 21 25 28 28 27 22 30 18
20 21 21 17 19 24 21 19 19 22 23 22 26 25 22 21 18 15 21 27 25 20 17 17 21 29 26 21 17 28 35 42 44 45 44 44 45 45 41 38 38 41 41 41 41 43 46 45 41 36 37 37 37 35 35 34 32 30 30 28 32 32 32 30 27 32 30 29 29 33 35 35 21 20 27 18 26 17 24 20 18 24 27 23 24 25 28 27 25 23 18
