08 Ecocrop/raster/current/prec_6.asc
ncols        683
nrows        518
xllcorner    -87.691666666667
yllcorner    10.708333333333
cellsize     0.008333333333
NODATA_value  1.#QNAN
[rows 74 to 110 of 518, columns 336 to 419 of 683]
325 324 324 325 332 329 332 330 335 332 333 331 338 338 343 345 345 341 341 342 339 340 341 345 339 337 338 337 340 338 339 338 339 339 340 341 343 346 351 347 343 342 343 344 345 360 363 363 363 360 361 364 364 364 365 365 363 363 363 363 363 367 367 368 365 366 365 365 368 356 353 353 355 355 356 361 366 361 366 362 362 361 361 366
326 324 323 323 328 326 332 328 332 330 329 331 335 343 348 350 345 344 341 342 344 345 341 342 346 336 338 337 337 338 338 339 341 340 339 340 341 347 351 357 348 346 344 345 348 356 364 367 370 357 357 353 362 367 368 372 363 359 358 359 355 360 357 366 369 361 372 369 369 372 356 361 360 361 366 367 362 362 367 371 371 367 357 367
323 327 328 324 326 329 327 329 332 333 331 331 339 339 346 350 348 340 337 342 337 341 341 339 339 339 338 337 338 339 338 341 341 342 340 340 341 348 352 348 346 345 345 347 351 352 357 365 365 363 358 354 353 366 366 367 367 365 367 359 352 352 353 354 353 356 366 366 361 372 369 366 370 373 373 374 372 372 363 368 363 362 358 357
331 324 323 324 325 326 331 340 340 337 342 345 335 340 340 353 352 347 339 337 336 341 341 339 340 343 340 341 344 344 338 343 342 342 341 340 342 345 348 349 349 351 352 356 362 357 353 363 364 367 370 359 359 364 354 355 360 365 365 365 356 350 351 351 351 351 354 367 367 370 370 370 374 370 377 378 375 373 364 368 363 363 368 368
338 336 332 333 329 329 331 332 336 341 340 346 347 345 346 341 343 350 343 345 338 339 339 340 340 344 348 339 341 342 339 339 340 343 342 342 343 343 346 346 347 349 352 353 362 363 354 354 358 359 368 360 350 350 352 355 352 353 356 353 356 356 356 354 352 351 354 358 357 362 362 367 368 368 364 364 370 373 369 369 363 363 363 352
331 328 332 336 336 337 334 336 337 334 330 339 340 337 347 342 336 336 342 349 341 342 352 352 353 345 341 341 340 339 340 341 341 341 342 348 349 344 354 360 355 351 349 353 363 354 354 366 363 364 365 366 366 360 356 356 356 357 354 357 353 356 357 362 363 359 364 368 363 368 368 368 368 369 364 359 364 364 369 369 369 369 363 355
336 328 337 340 339 339 338 336 338 334 335 334 333 337 338 336 339 340 335 338 341 342 348 353 347 349 345 342 343 343 346 346 344 344 352 353 359 354 355 364 365 357 352 353 363 359 360 359 359 358 371 367 367 370 370 373 372 362 357 357 357 357 357 358 363 363 368 375 369 369 363 369 373 370 371 365 370 370 369 369 364 369 370 364
332 325 333 333 333 338 334 335 334 339 335 332 333 332 338 336 336 337 337 336 342 342 352 356 354 344 346 340 341 346 346 347 348 348 361 364 359 360 361 362 366 363 357 359 364 352 352 360 355 360 366 362 362 370 376 373 376 374 368 368 362 357 358 358 358 363 372 372 363 363 369 364 373 374 365 370 370 377 377 370 364 364 370 370
328 333 327 333 333 339 341 342 338 339 340 336 337 335 338 344 335 335 336 336 342 342 348 354 355 345 346 342 340 341 342 347 353 353 359 362 366 367 365 363 367 366 358 360 360 352 351 361 357 361 362 358 358 368 371 371 377 378 371 369 368 363 358 358 353 364 369 370 364 359 359 359 365 371 371 365 377 374 374 365 360 360 371 371
323 327 337 341 342 343 346 344 346 347 340 334 334 343 349 344 340 336 336 337 338 340 348 345 342 343 341 341 340 340 341 341 343 349 349 360 367 367 368 366 364 359 365 365 366 356 356 362 362 357 358 358 351 358 368 368 371 375 375 372 369 355 364 364 359 359 364 356 359 365 360 360 365 366 361 360 378 378 375 371 365 357 371 371
324 337 340 340 344 344 346 340 339 340 346 347 342 343 344 344 350 351 342 347 343 341 339 342 343 343 347 351 343 340 341 342 345 349 354 355 365 373 373 367 364 365 360 366 369 367 367 362 368 368 369 369 369 369 369 354 363 369 369 373 373 364 364 370 371 365 365 371 365 357 357 360 361 361 358 372 378 378 375 372 366 366 361 357
339 343 340 340 344 346 345 345 347 346 346 342 343 343 344 340 351 354 355 356 348 341 342 340 341 342 344 348 352 348 348 348 349 349 355 365 367 363 364 368 366 366 359 361 361 362 371 368 369 363 359 359 373 373 369 364 364 364 370 370 370 374 374 371 371 371 372 372 372 366 361 366 372 361 357 366 372 372 372 372 361 357 358 358
341 344 344 342 345 343 345 343 340 341 342 342 343 343 337 345 341 342 343 343 341 348 350 346 343 344 344 349 353 354 349 346 349 361 362 364 358 354 365 366 368 365 356 357 368 368 369 372 364 364 364 364 374 371 374 370 370 370 377 374 375 371 372 366 361 361 367 367 362 361 357 357 362 367 361 358 361 366 366 361 366 361 356 356
339 334 341 342 343 337 334 335 332 333 337 338 339 336 340 341 346 339 340 338 341 345 356 346 347 341 341 349 354 355 349 350 350 361 362 358 353 350 359 369 376 367 368 357 363 368 372 380 370 370 364 365 365 365 365 374 374 365 378 375 376 379 376 373 362 362 362 362 367 362 362 359 363 359 358 362 367 373 367 366 357 367 358 358
338 338 341 342 345 339 336 339 336 333 337 338 339 336 337 338 339 339 343 341 341 342 343 347 340 343 343 346 354 355 350 347 347 356 357 357 353 350 352 361 367 368 362 363 358 373 373 373 370 359 359 359 360 371 365 371 371 371 375 376 372 383 377 374 374 374 368 368 369 369 369 368 363 359 358 362 367 362 362 362 361 361 361 358
337 338 339 340 339 339 336 339 336 334 332 333 336 334 334 335 336 337 354 349 345 340 340 341 338 343 345 349 350 355 351 351 347 348 348 349 350 354 355 367 362 357 363 363 364 373 377 377 365 356 356 354 360 357 361 376 366 372 376 376 373 377 381 378 381 378 378 379 376 375 379 368 368 368 358 356 356 356 356 356 354 358 361 358
340 343 342 331 331 333 344 346 341 341 330 333 334 333 334 335 337 343 357 356 345 346 342 339 338 341 349 350 356 351 356 356 351 352 349 348 347 349 350 350 351 357 368 358 359 365 365 371 372 366 365 360 354 355 355 358 361 357 373 373 367 368 378 374 382 379 379 378 363 370 369 375 375 374 368 368 358 354 354 356 358 362 358 359
335 339 343 336 328 333 340 341 342 336 336 335 340 337 337 339 339 344 344 356 351 350 350 350 336 341 344 345 345 345 345 348 352 352 353 354 351 350 352 350 354 358 370 370 365 355 365 366 357 357 357 360 361 361 358 368 362 362 362 368 362 368 379 382 384 387 380 376 370 364 370 369 375 375 368 363 363 362 362 368 368 362 362 358
340 340 341 344 343 339 339 346 350 349 336 335 340 337 342 348 343 340 341 342 343 341 340 339 336 341 344 344 343 344 344 345 346 345 346 350 355 355 352 351 352 351 364 359 360 365 360 361 357 355 353 355 358 361 362 368 375 362 368 378 375 375 383 387 388 383 381 380 378 381 380 376 380 379 369 369 363 369 375 375 375 379 368 368
340 344 343 343 345 333 340 350 350 350 343 340 340 335 336 339 340 341 345 351 347 345 343 342 339 343 345 344 343 344 346 345 349 349 348 348 349 352 353 354 352 351 353 359 356 360 360 366 361 361 357 358 358 355 355 358 375 375 382 387 383 380 384 388 385 381 377 378 385 381 377 377 369 376 377 370 370 369 380 383 369 375 375 362
342 344 343 343 346 339 335 349 347 348 343 345 341 338 339 339 340 344 342 346 352 343 340 348 344 343 347 343 345 346 346 345 347 350 351 349 349 353 353 358 352 353 353 360 360 356 360 366 367 358 368 362 362 362 362 358 363 375 387 388 384 378 379 377 381 380 379 382 384 385 378 378 364 377 371 370 370 369 369 380 369 369 369 363
347 346 348 349 348 350 345 340 342 344 351 351 346 342 339 340 340 345 345 358 358 353 340 343 343 344 344 344 345 346 346 349 347 354 351 352 350 353 354 352 355 355 353 356 366 357 354 357 358 358 359 357 356 363 363 363 359 376 384 384 384 372 378 379 379 378 384 387 387 390 378 379 372 371 377 370 377 370 370 376 381 369 376 359
346 349 350 347 349 350 350 334 341 344 345 351 353 342 339 338 338 339 351 352 347 339 337 343 344 347 345 344 344 346 346 349 350 350 355 356 357 357 364 355 353 352 352 353 353 355 358 355 362 363 363 357 363 363 363 363 360 360 370 381 382 378 371 384 380 388 388 384 388 385 379 383 366 365 370 370 370 370 377 377 370 377 376 376
342 343 349 348 349 349 348 346 352 350 351 354 341 341 339 338 338 340 340 341 341 337 340 343 345 347 345 344 345 345 345 347 348 355 356 353 354 354 359 359 360 354 357 357 358 355 363 363 363 364 364 360 364 377 370 370 370 360 371 372 378 383 372 377 381 386 385 383 377 374 377 379 373 371 371 370 377 370 370 377 377 370 370 385
341 345 347 348 347 346 347 354 350 349 351 346 338 335 339 341 341 339 343 343 341 340 342 342 343 343 345 348 346 347 347 348 355 362 362 357 354 371 372 366 366 367 367 368 368 358 359 363 363 360 360 361 365 377 377 385 382 378 383 383 379 379 380 380 380 373 373 373 366 364 365 363 362 372 371 378 378 370 377 377 382 382 382 382
343 346 346 345 345 346 336 339 340 342 345 347 348 342 339 344 345 346 347 343 342 342 343 342 343 344 346 349 349 354 360 351 356 362 373 374 371 375 376 376 377 374 368 368 363 363 359 359 370 361 361 361 361 378 382 386 386 383 383 384 387 388 380 380 373 373 362 362 363 363 367 373 367 366 372 378 378 382 382 382 377 382 382 382
344 345 344 347 344 345 342 336 338 339 336 335 361 348 337 344 346 347 347 347 342 345 343 343 344 344 345 353 350 354 368 362 356 363 370 374 378 380 380 373 378 375 362 369 376 363 359 360 364 365 365 361 359 366 383 383 387 387 384 384 384 393 381 367 366 372 372 366 372 366 366 372 366 362 361 378 383 378 383 382 386 382 386 386
341 345 348 350 341 338 342 338 333 333 337 335 339 337 335 341 352 347 347 347 344 346 344 347 345 344 344 349 350 350 355 356 357 363 371 375 384 384 380 378 378 379 376 363 364 370 370 371 371 365 362 361 361 372 384 388 384 384 388 388 388 393 385 367 367 372 380 380 380 385 380 365 372 372 365 371 371 379 383 383 386 370 383 378
343 349 347 350 345 343 348 338 333 333 333 334 335 333 337 342 342 347 343 344 344 350 350 347 345 345 344 349 348 351 356 353 353 357 364 379 376 377 378 379 379 383 380 370 364 365 365 379 383 379 380 379 370 369 384 380 381 381 373 385 373 367 381 373 373 373 380 380 372 373 373 379 388 392 387 383 379 379 379 383 378 383 378 378
344 345 341 344 347 346 349 344 335 332 333 334 335 336 336 339 352 353 347 348 349 356 356 347 345 348 349 350 352 352 356 353 353 364 358 359 360 367 368 383 383 384 381 370 371 371 358 365 372 380 380 384 380 373 374 374 381 385 381 373 381 385 381 385 373 367 367 367 374 374 367 367 384 392 390 393 380 372 379 384 379 383 387 383
338 345 345 346 349 347 342 336 331 333 334 335 335 336 337 337 339 347 344 344 349 350 346 343 344 350 350 351 348 350 352 357 357 358 359 355 353 357 368 376 369 384 378 378 379 379 383 380 373 367 373 389 385 385 386 374 364 368 368 386 386 390 386 381 374 374 367 381 375 368 368 374 373 380 385 381 381 380 379 372 379 372 384 384
340 340 343 347 347 345 332 334 332 332 335 336 343 344 341 342 347 343 341 342 342 350 344 345 346 346 347 347 348 350 348 353 354 355 352 353 354 357 357 358 363 377 378 372 378 364 366 373 373 381 381 382 374 382 390 382 368 374 382 386 390 386 386 374 374 367 367 374 382 367 374 385 389 394 394 390 386 389 388 385 380 380 379 379
340 337 341 349 351 347 333 332 333 334 338 343 344 351 345 352 364 361 344 342 342 346 348 345 346 348 347 347 348 348 349 351 354 355 351 352 352 362 368 369 364 371 383 371 372 377 372 374 382 374 374 375 382 383 375 375 368 363 386 390 395 395 386 374 374 367 367 367 381 381 373 386 386 392 391 395 389 385 385 385 380 385 385 380
335 333 334 342 353 351 349 335 336 337 335 343 350 345 346 353 360 354 348 342 346 344 345 345 346 348 347 347 347 348 350 351 352 352 353 352 353 358 377 378 378 383 384 381 380 383 385 385 382 375 374 367 375 375 383 375 374 375 386 387 396 391 387 382 375 368 367 367 374 382 374 381 390 396 396 395 390 395 386 386 386 381 380 380
331 326 331 342 353 351 352 344 344 337 335 336 340 351 360 352 359 362 349 345 351 352 353 348 349 346 346 347 348 348 351 359 352 353 353 357 362 370 377 382 383 387 389 382 381 376 376 383 381 382 373 368 369 369 375 387 391 383 391 396 396 396 387 383 383 375 375 375 368 375 374 374 387 387 396 395 395 390 390 390 381 381 381 372
337 329 333 341 352 356 344 346 346 341 342 343 340 345 346 345 363 363 349 342 344 348 348 346 347 346 347 349 350 353 358 366 366 367 368 368 377 381 382 380 379 377 376 367 368 370 368 365 361 363 375 388 384 376 384 387 391 393 387 391 392 393 389 397 392 392 398 392 388 391 387 387 382 382 391 393 396 391 391 395 390 373 373 373
338 332 337 341 352 354 345 340 341 348 349 350 344 345 353 352 353 349 350 346 343 345 345 346 347 347 347 348 349 354 358 355 367 377 369 380 381 385 380 378 377 379 382 376 367 380 380 381 375 376 388 384 384 387 387 388 391 392 388 392 393 393 398 398 394 389 376 377 376 388 392 388 388 388 388 388 388 374 382 382 381 386 381 386
