08 Ecocrop/raster/current/prec_2.asc
ncols        683
nrows        518
xllcorner    -87.691666666667
yllcorner    10.708333333333
cellsize     0.008333333333
NODATA_value  1.#QNAN
[rows 42 to 83 of 518, columns 282 to 375 of 683]
1.#QNAN 1.#QNAN 1.#QNAN 1.#QNAN 1.#QNAN 1.#QNAN 1.#QNAN 1.#QNAN 1.#QNAN 1.#QNAN 1.#QNAN 1.#QNAN 1.#QNAN 1.#QNAN 1.#QNAN 1.#QNAN 1.#QNAN 1.#QNAN 1.#QNAN 1.#QNAN 1.#QNAN 1.#QNAN 1.#QNAN 1.#QNAN 1.#QNAN 1.#QNAN 1.#QNAN 1.#QNAN 1.#QNAN 1.#QNAN 1.#QNAN 1.#QNAN 1.#QNAN 1.#QNAN 1.#QNAN 84 85 85 86 84 81 84 84 84 84 84 85 85 85 86 87 87 87 88 88 87 88 88 90 91 89 89 89 89 91 91 90 90 90 90 89 89 90 90 90 90 90 89 90 90 90 90 90 90 90 1.#QNAN 1.#QNAN 1.#QNAN 1.#QNAN 1.#QNAN 1.#QNAN 1.#QNAN 1.#QNAN 1.#QNAN
1.#QNAN 1.#QNAN 1.#QNAN 1.#QNAN 1.#QNAN 1.#QNAN 1.#QNAN 1.#QNAN 1.#QNAN 1.#QNAN 1.#QNAN 1.#QNAN 1.#QNAN 1.#QNAN 1.#QNAN 1.#QNAN 1.#QNAN 1.#QNAN 1.#QNAN 1.#QNAN 1.#QNAN 1.#QNAN 1.#QNAN 1.#QNAN 1.#QNAN 1.#QNAN 1.#QNAN 1.#QNAN 1.#QNAN 1.#QNAN 1.#QNAN 1.#QNAN 1.#QNAN 1.#QNAN 82 84 82 83 83 82 82 84 83 83 84 83 85 85 86 87 87 87 87 87 87 87 88 88 88 89 88 88 88 89 92 91 89 89 89 89 88 89 89 90 89 89 90 89 90 90 90 90 90 90 90 89 89 90 1.#QNAN 1.#QNAN 1.#QNAN 1.#QNAN 1.#QNAN 1.#QNAN
1.#QNAN 1.#QNAN 1.#QNAN 1.#QNAN 1.#QNAN 1.#QNAN 1.#QNAN 1.#QNAN 1.#QNAN 1.#QNAN 1.#QNAN 1.#QNAN 1.#QNAN 1.#QNAN 1.#QNAN 1.#QNAN 1.#QNAN 1.#QNAN 1.#QNAN 1.#QNAN 1.#QNAN 1.#QNAN 1.#QNAN 1.#QNAN 1.#QNAN 1.#QNAN 1.#QNAN 1.#QNAN 1.#QNAN 1.#QNAN 1.#QNAN 1.#QNAN 1.#QNAN 1.#QNAN 82 84 83 83 83 83 84 83 84 84 84 84 85 85 85 84 86 86 86 88 88 87 87 87 88 88 88 87 88 88 88 89 89 89 89 89 89 89 89 89 89 90 89 89 89 90 90 90 90 90 90 90 90 90 90 90 90 91 92 92
1.#QNAN 1.#QNAN 1.#QNAN 1.#QNAN 1.#QNAN 1.#QNAN 1.#QNAN 1.#QNAN 1.#QNAN 1.#QNAN 1.#QNAN 1.#QNAN 1.#QNAN 1.#QNAN 1.#QNAN 1.#QNAN 1.#QNAN 1.#QNAN 1.#QNAN 1.#QNAN 1.#QNAN 1.#QNAN 1.#QNAN 1.#QNAN 1.#QNAN 1.#QNAN 1.#QNAN 1.#QNAN 1.#QNAN 1.#QNAN 1.#QNAN 1.#QNAN 1.#QNAN 1.#QNAN 1.#QNAN 84 87 85 85 86 84 83 85 84 84 83 86 85 85 84 84 85 85 86 88 86 87 86 87 88 88 87 86 87 88 88 88 88 88 89 89 90 89 89 89 89 89 89 89 89 89 89 89 89 90 90 89 90 91 90 90 90 91 92
1.#QNAN 1.#QNAN 1.#QNAN 1.#QNAN 1.#QNAN 1.#QNAN 1.#QNAN 1.#QNAN 1.#QNAN 1.#QNAN 1.#QNAN 1.#QNAN 1.#QNAN 1.#QNAN 1.#QNAN 1.#QNAN 1.#QNAN 1.#QNAN 1.#QNAN 1.#QNAN 1.#QNAN 1.#QNAN 1.#QNAN 1.#QNAN 1.#QNAN 1.#QNAN 1.#QNAN 1.#QNAN 1.#QNAN 1.#QNAN 1.#QNAN 1.#QNAN 1.#QNAN 1.#QNAN 1.#QNAN 1.#QNAN 83 85 85 85 82 84 85 83 83 83 83 83 86 83 84 85 84 84 85 85 85 86 86 86 87 86 86 87 88 89 88 89 88 90 91 89 89 89 89 88 89 88 88 88 89 89 89 89 89 89 89 89 89 90 90 90 92 92
1.#QNAN 1.#QNAN 1.#QNAN 1.#QNAN 1.#QNAN 1.#QNAN 1.#QNAN 1.#QNAN 1.#QNAN 1.#QNAN 1.#QNAN 1.#QNAN 1.#QNAN 1.#QNAN 1.#QNAN 1.#QNAN 1.#QNAN 1.#QNAN 1.#QNAN 1.#QNAN 1.#QNAN 1.#QNAN 1.#QNAN 1.#QNAN 1.#QNAN 1.#QNAN 1.#QNAN 1.#QNAN 1.#QNAN 1.#QNAN 1.#QNAN 1.#QNAN 1.#QNAN 1.#QNAN 1.#QNAN 1.#QNAN 1.#QNAN 84 84 84 84 84 84 82 84 84 83 82 84 85 85 84 84 85 86 86 85 84 84 85 85 86 86 86 87 88 87 87 88 90 91 91 90 88 88 88 88 88 88 88 88 89 89 90 90 89 89 89 89 89 90 91 92 92
1.#QNAN 1.#QNAN 1.#QNAN 1.#QNAN 1.#QNAN 1.#QNAN 1.#QNAN 1.#QNAN 1.#QNAN 1.#QNAN 1.#QNAN 1.#QNAN 1.#QNAN 1.#QNAN 1.#QNAN 1.#QNAN 1.#QNAN 1.#QNAN 1.#QNAN 1.#QNAN 1.#QNAN 1.#QNAN 1.#QNAN 1.#QNAN 1.#QNAN 1.#QNAN 1.#QNAN 1.#QNAN 1.#QNAN 1.#QNAN 1.#QNAN 1.#QNAN 1.#QNAN 1.#QNAN 1.#QNAN 1.#QNAN 82 81 81 83 81 81 83 82 83 82 84 82 83 86 84 84 84 86 86 86 85 85 84 85 85 85 86 86 87 87 87 87 87 87 88 89 88 88 88 88 87 88 88 88 88 88 88 88 89 90 90 90 89 89 90 90 89 88
1.#QNAN 1.#QNAN 1.#QNAN 1.#QNAN 1.#QNAN 1.#QNAN 1.#QNAN 1.#QNAN 1.#QNAN 1.#QNAN 1.#QNAN 1.#QNAN 1.#QNAN 1.#QNAN 1.#QNAN 1.#QNAN 1.#QNAN 1.#QNAN 1.#QNAN 1.#QNAN 1.#QNAN 1.#QNAN 1.#QNAN 1.#QNAN 1.#QNAN 1.#QNAN 1.#QNAN 1.#QNAN 1.#QNAN 1.#QNAN 1.#QNAN 1.#QNAN 1.#QNAN 1.#QNAN 1.#QNAN 84 83 81 81 81 81 81 81 82 81 82 83 83 83 85 84 85 84 85 84 84 84 86 86 86 85 85 85 86 86 87 87 87 87 86 87 89 88 88 89 88 87 87 87 88 88 88 88 88 88 88 89 91 88 88 88 89 88 88
1.#QNAN 1.#QNAN 1.#QNAN 1.#QNAN 1.#QNAN 1.#QNAN 1.#QNAN 1.#QNAN 1.#QNAN 1.#QNAN 1.#QNAN 1.#QNAN 1.#QNAN 1.#QNAN 1.#QNAN 1.#QNAN 1.#QNAN 1.#QNAN 1.#QNAN 1.#QNAN 1.#QNAN 1.#QNAN 1.#QNAN 1.#QNAN 1.#QNAN 1.#QNAN 1.#QNAN 1.#QNAN 1.#QNAN 1.#QNAN 1.#QNAN 1.#QNAN 1.#QNAN 1.#QNAN 1.#QNAN 1.#QNAN 81 81 81 81 81 81 82 83 83 83 83 84 83 84 84 84 84 83 84 84 84 85 85 85 85 85 85 85 85 86 86 86 88 86 87 87 87 87 90 89 87 87 87 87 87 87 87 88 88 87 88 87 88 87 87 88 87 87
1.#QNAN 1.#QNAN 1.#QNAN 1.#QNAN 1.#QNAN 1.#QNAN 1.#QNAN 1.#QNAN 1.#QNAN 1.#QNAN 1.#QNAN 1.#QNAN 1.#QNAN 1.#QNAN 1.#QNAN 1.#QNAN 1.#QNAN 1.#QNAN 1.#QNAN 1.#QNAN 1.#QNAN 1.#QNAN 1.#QNAN 1.#QNAN 1.#QNAN 1.#QNAN 1.#QNAN 1.#QNAN 1.#QNAN 1.#QNAN 1.#QNAN 1.#QNAN 1.#QNAN 1.#QNAN 1.#QNAN 1.#QNAN 1.#QNAN 81 81 81 81 82 84 84 82 83 83 84 84 83 83 83 82 83 83 84 84 84 84 85 85 84 84 85 85 86 85 84 86 86 86 87 88 87 87 88 87 87 87 86 87 87 87 87 87 87 87 87 88 88 87 87 87 87
1.#QNAN 1.#QNAN 1.#QNAN 1.#QNAN 1.#QNAN 1.#QNAN 1.#QNAN 1.#QNAN 1.#QNAN 1.#QNAN 1.#QNAN 1.#QNAN 1.#QNAN 1.#QNAN 1.#QNAN 1.#QNAN 1.#QNAN 1.#QNAN 1.#QNAN 1.#QNAN 1.#QNAN 1.#QNAN 1.#QNAN 1.#QNAN 1.#QNAN 1.#QNAN 1.#QNAN 1.#QNAN 1.#QNAN 1.#QNAN 1.#QNAN 1.#QNAN 1.#QNAN 1.#QNAN 1.#QNAN 1.#QNAN 79 80 81 81 80 80 81 82 81 80 82 83 84 83 83 82 82 83 83 83 84 84 84 84 84 84 85 85 85 86 87 85 85 85 86 86 86 86 86 87 87 87 86 86 86 86 87 86 87 87 87 87 87 87 87 86 86 86
1.#QNAN 1.#QNAN 1.#QNAN 1.#QNAN 1.#QNAN 1.#QNAN 1.#QNAN 1.#QNAN 1.#QNAN 1.#QNAN 1.#QNAN 1.#QNAN 1.#QNAN 1.#QNAN 1.#QNAN 1.#QNAN 1.#QNAN 1.#QNAN 1.#QNAN 1.#QNAN 1.#QNAN 1.#QNAN 1.#QNAN 1.#QNAN 75 77 80 1.#QNAN 1.#QNAN 1.#QNAN 1.#QNAN 1.#QNAN 1.#QNAN 1.#QNAN 1.#QNAN 81 81 79 80 80 81 82 81 82 82 83 82 81 83 81 82 83 82 82 83 83 82 84 84 84 83 83 84 84 84 84 86 87 88 86 87 88 87 87 86 86 86 86 86 86 86 86 85 86 86 86 86 86 86 86 86 86 86 86
1.#QNAN 1.#QNAN 1.#QNAN 1.#QNAN 1.#QNAN 1.#QNAN 1.#QNAN 1.#QNAN 1.#QNAN 1.#QNAN 1.#QNAN 1.#QNAN 1.#QNAN 1.#QNAN 1.#QNAN 1.#QNAN 1.#QNAN 1.#QNAN 1.#QNAN 1.#QNAN 1.#QNAN 1.#QNAN 74 74 74 74 76 80 1.#QNAN 1.#QNAN 1.#QNAN 1.#QNAN 1.#QNAN 1.#QNAN 78 79 80 81 80 80 80 80 80 81 83 81 83 82 83 82 81 81 82 82 82 82 83 83 83 82 83 83 83 84 84 84 85 85 85 85 85 86 87 87 87 86 86 86 86 86 86 86 86 86 86 86 86 86 86 86 86 86 86 86
1.#QNAN 1.#QNAN 1.#QNAN 1.#QNAN 1.#QNAN 1.#QNAN 1.#QNAN 1.#QNAN 1.#QNAN 1.#QNAN 1.#QNAN 1.#QNAN 1.#QNAN 1.#QNAN 1.#QNAN 1.#QNAN 1.#QNAN 1.#QNAN 1.#QNAN 1.#QNAN 1.#QNAN 1.#QNAN 73 73 75 74 73 76 75 1.#QNAN 1.#QNAN 1.#QNAN 1.#QNAN 77 78 80 79 79 79 79 78 79 79 81 82 82 82 79 79 80 80 81 81 82 82 83 82 81 82 82 83 83 83 83 83 84 84 84 84 85 85 85 86 85 85 86 86 87 88 87 89 89 89 88 86 85 86 86 86 86 87 87 85 85
1.#QNAN 1.#QNAN 1.#QNAN 1.#QNAN 1.#QNAN 1.#QNAN 1.#QNAN 1.#QNAN 1.#QNAN 1.#QNAN 1.#QNAN 1.#QNAN 1.#QNAN 1.#QNAN 1.#QNAN 1.#QNAN 1.#QNAN 1.#QNAN 1.#QNAN 1.#QNAN 1.#QNAN 1.#QNAN 1.#QNAN 73 73 74 74 75 74 75 76 76 76 77 76 80 80 79 79 80 78 78 78 79 80 81 81 80 79 80 81 81 81 81 81 81 81 82 81 82 84 83 83 83 83 83 83 84 83 87 84 85 86 85 85 85 85 85 85 87 89 89 89 89 87 85 85 85 85 86 86 88 85 85
1.#QNAN 1.#QNAN 1.#QNAN 1.#QNAN 1.#QNAN 1.#QNAN 1.#QNAN 1.#QNAN 1.#QNAN 1.#QNAN 1.#QNAN 1.#QNAN 1.#QNAN 1.#QNAN 1.#QNAN 1.#QNAN 1.#QNAN 1.#QNAN 1.#QNAN 1.#QNAN 1.#QNAN 1.#QNAN 1.#QNAN 72 73 76 73 73 74 74 77 75 76 77 78 78 79 77 76 80 80 77 78 78 79 81 78 82 80 80 80 80 80 82 81 81 81 82 81 82 82 82 82 83 83 82 83 83 84 83 84 84 87 88 87 87 86 85 85 85 87 88 88 88 88 86 85 85 85 85 85 85 85 85
1.#QNAN 1.#QNAN 1.#QNAN 1.#QNAN 1.#QNAN 1.#QNAN 1.#QNAN 1.#QNAN 1.#QNAN 1.#QNAN 1.#QNAN 1.#QNAN 1.#QNAN 1.#QNAN 1.#QNAN 1.#QNAN 1.#QNAN 1.#QNAN 1.#QNAN 1.#QNAN 1.#QNAN 1.#QNAN 1.#QNAN 73 74 75 74 77 75 77 76 75 77 78 79 78 77 78 79 79 79 80 79 78 79 80 79 79 79 79 80 80 80 80 80 83 83 83 82 82 83 83 83 83 83 82 82 83 84 84 85 86 87 89 88 87 87 88 87 87 87 88 88 85 84 84 86 85 85 85 85 85 86 85
1.#QNAN 1.#QNAN 1.#QNAN 1.#QNAN 1.#QNAN 1.#QNAN 1.#QNAN 1.#QNAN 1.#QNAN 1.#QNAN 1.#QNAN 1.#QNAN 1.#QNAN 1.#QNAN 1.#QNAN 1.#QNAN 1.#QNAN 1.#QNAN 1.#QNAN 1.#QNAN 1.#QNAN 1.#QNAN 1.#QNAN 72 72 74 76 76 76 75 75 75 75 77 76 75 74 75 78 77 78 79 82 83 81 80 78 81 79 79 79 79 80 79 80 81 82 82 83 84 84 83 81 82 86 89 86 84 83 83 84 83 86 84 84 85 84 85 88 87 87 86 85 84 85 85 85 84 84 84 85 84 84 84
1.#QNAN 1.#QNAN 1.#QNAN 1.#QNAN 1.#QNAN 1.#QNAN 1.#QNAN 1.#QNAN 1.#QNAN 1.#QNAN 1.#QNAN 1.#QNAN 1.#QNAN 1.#QNAN 1.#QNAN 1.#QNAN 1.#QNAN 1.#QNAN 1.#QNAN 1.#QNAN 1.#QNAN 1.#QNAN 1.#QNAN 1.#QNAN 73 73 74 75 73 71 73 76 75 74 73 74 74 76 76 76 76 78 81 81 80 80 80 78 79 78 79 79 80 82 80 80 81 81 82 83 84 85 84 85 86 90 89 86 86 85 86 86 86 85 86 87 86 83 86 86 85 87 85 85 84 85 84 84 84 84 83 83 82 83
1.#QNAN 1.#QNAN 1.#QNAN 1.#QNAN 1.#QNAN 1.#QNAN 1.#QNAN 1.#QNAN 1.#QNAN 1.#QNAN 1.#QNAN 1.#QNAN 1.#QNAN 1.#QNAN 1.#QNAN 1.#QNAN 1.#QNAN 1.#QNAN 1.#QNAN 1.#QNAN 1.#QNAN 1.#QNAN 1.#QNAN 71 72 73 73 74 73 72 74 75 75 75 73 71 76 75 75 77 76 78 78 76 77 79 78 77 78 78 78 79 79 81 82 80 80 80 81 81 81 84 84 83 83 84 86 87 89 91 91 90 90 87 84 85 86 84 85 83 85 85 85 85 85 85 83 84 83 83 83 83 83 84
1.#QNAN 1.#QNAN 1.#QNAN 1.#QNAN 1.#QNAN 1.#QNAN 1.#QNAN 1.#QNAN 1.#QNAN 1.#QNAN 1.#QNAN 1.#QNAN 1.#QNAN 1.#QNAN 1.#QNAN 1.#QNAN 1.#QNAN 1.#QNAN 1.#QNAN 1.#QNAN 1.#QNAN 1.#QNAN 1.#QNAN 71 73 72 72 72 73 75 75 76 77 76 76 74 76 76 75 75 77 77 78 77 77 78 79 77 77 78 78 78 79 79 80 81 80 79 79 82 80 82 85 82 82 83 83 85 87 90 90 90 89 86 86 85 86 84 84 84 86 85 86 84 84 83 83 83 83 83 83 83 83 83
1.#QNAN 1.#QNAN 1.#QNAN 1.#QNAN 1.#QNAN 1.#QNAN 1.#QNAN 1.#QNAN 1.#QNAN 1.#QNAN 1.#QNAN 1.#QNAN 1.#QNAN 1.#QNAN 1.#QNAN 1.#QNAN 1.#QNAN 1.#QNAN 1.#QNAN 1.#QNAN 1.#QNAN 1.#QNAN 1.#QNAN 71 73 73 72 73 74 75 75 74 76 76 76 76 74 77 75 76 75 75 77 76 78 78 77 77 77 76 78 78 78 78 78 79 79 80 79 81 80 82 82 80 82 83 84 84 85 87 86 87 88 86 86 85 86 86 85 85 85 86 84 84 83 84 84 84 83 83 83 83 83 83
1.#QNAN 1.#QNAN 1.#QNAN 1.#QNAN 1.#QNAN 1.#QNAN 1.#QNAN 1.#QNAN 1.#QNAN 1.#QNAN 1.#QNAN 1.#QNAN 1.#QNAN 1.#QNAN 1.#QNAN 1.#QNAN 1.#QNAN 1.#QNAN 1.#QNAN 1.#QNAN 1.#QNAN 1.#QNAN 71 73 72 74 72 71 74 74 76 76 76 76 75 75 75 76 76 76 74 75 75 76 76 76 77 76 77 77 77 77 77 77 76 79 78 81 79 81 84 85 86 81 82 84 86 87 87 87 84 83 85 85 87 87 87 87 86 86 86 85 86 84 85 86 86 84 85 84 85 86 84 82
1.#QNAN 1.#QNAN 1.#QNAN 1.#QNAN 1.#QNAN 1.#QNAN 1.#QNAN 1.#QNAN 1.#QNAN 1.#QNAN 1.#QNAN 1.#QNAN 1.#QNAN 1.#QNAN 1.#QNAN 1.#QNAN 1.#QNAN 1.#QNAN 1.#QNAN 1.#QNAN 1.#QNAN 72 71 71 72 72 72 73 74 75 75 78 78 77 74 74 74 74 75 78 78 78 77 78 76 77 76 76 77 76 77 76 77 77 78 79 81 82 81 81 85 82 85 82 84 86 88 87 83 88 84 84 84 84 84 86 87 85 86 86 86 86 84 83 85 85 86 85 83 82 85 86 83 82
1.#QNAN 1.#QNAN 1.#QNAN 1.#QNAN 1.#QNAN 1.#QNAN 1.#QNAN 1.#QNAN 1.#QNAN 1.#QNAN 1.#QNAN 1.#QNAN 1.#QNAN 1.#QNAN 1.#QNAN 1.#QNAN 1.#QNAN 1.#QNAN 1.#QNAN 1.#QNAN 71 72 71 70 69 70 72 73 76 73 73 79 79 79 78 74 75 73 74 73 74 75 75 76 76 76 76 76 76 76 77 79 79 79 79 80 80 82 82 81 83 84 82 81 84 88 86 85 84 85 86 84 83 83 84 84 85 85 85 84 85 85 86 83 82 82 84 85 83 82 82 83 82 82
1.#QNAN 1.#QNAN 1.#QNAN 1.#QNAN 1.#QNAN 1.#QNAN 1.#QNAN 1.#QNAN 1.#QNAN 1.#QNAN 1.#QNAN 1.#QNAN 1.#QNAN 1.#QNAN 1.#QNAN 1.#QNAN 1.#QNAN 1.#QNAN 1.#QNAN 70 73 76 75 73 69 71 72 72 76 78 77 78 79 80 79 76 74 72 72 73 73 74 74 75 76 76 76 76 75 76 77 78 78 81 79 79 78 83 85 84 85 82 81 84 87 87 86 82 82 83 87 84 83 85 84 84 81 82 81 83 84 84 83 82 83 82 82 82 82 82 82 82 82 81
1.#QNAN 1.#QNAN 1.#QNAN 1.#QNAN 1.#QNAN 1.#QNAN 1.#QNAN 1.#QNAN 1.#QNAN 1.#QNAN 1.#QNAN 1.#QNAN 1.#QNAN 1.#QNAN 1.#QNAN 1.#QNAN 1.#QNAN 1.#QNAN 1.#QNAN 70 76 75 75 73 69 69 72 72 72 77 78 78 78 80 76 75 75 71 72 72 72 73 74 74 74 74 76 76 75 76 77 75 76 78 80 79 80 82 84 86 86 83 82 84 86 86 85 83 83 85 86 85 87 89 85 84 83 84 84 84 84 83 83 81 82 82 82 82 81 82 81 80 80 81
1.#QNAN 1.#QNAN 1.#QNAN 1.#QNAN 1.#QNAN 1.#QNAN 1.#QNAN 1.#QNAN 1.#QNAN 1.#QNAN 1.#QNAN 1.#QNAN 1.#QNAN 1.#QNAN 1.#QNAN 1.#QNAN 1.#QNAN 1.#QNAN 67 69 71 74 74 72 70 70 72 72 73 76 77 75 78 79 79 78 74 71 71 71 72 72 74 74 74 75 74 74 74 74 76 76 76 75 75 79 84 84 80 85 84 83 82 85 86 85 84 83 83 85 86 85 84 86 85 84 83 84 82 82 81 81 81 83 81 82 82 82 82 82 82 81 81 80
1.#QNAN 1.#QNAN 1.#QNAN 1.#QNAN 1.#QNAN 1.#QNAN 1.#QNAN 1.#QNAN 1.#QNAN 1.#QNAN 1.#QNAN 1.#QNAN 1.#QNAN 1.#QNAN 1.#QNAN 1.#QNAN 1.#QNAN 1.#QNAN 66 68 68 69 70 70 70 71 74 76 75 76 76 74 73 74 75 72 72 70 71 72 72 73 73 74 75 77 76 75 73 75 77 75 76 77 77 79 78 81 80 84 85 82 82 85 85 84 82 83 86 87 84 84 84 86 83 83 83 84 82 80 80 81 81 81 81 81 84 84 81 83 81 81 81 81
1.#QNAN 1.#QNAN 1.#QNAN 1.#QNAN 1.#QNAN 1.#QNAN 1.#QNAN 1.#QNAN 1.#QNAN 1.#QNAN 1.#QNAN 1.#QNAN 1.#QNAN 1.#QNAN 1.#QNAN 1.#QNAN 1.#QNAN 64 66 66 68 72 74 74 75 71 72 72 74 72 76 71 71 69 69 70 70 70 71 72 72 72 73 74 74 76 75 75 75 76 76 76 77 76 77 77 73 78 77 79 83 80 79 81 83 81 76 79 80 82 83 83 88 82 83 83 83 83 81 83 83 82 81 81 81 81 81 81 84 81 81 81 81 81
1.#QNAN 1.#QNAN 1.#QNAN 1.#QNAN 1.#QNAN 1.#QNAN 1.#QNAN 1.#QNAN 1.#QNAN 1.#QNAN 1.#QNAN 1.#QNAN 1.#QNAN 1.#QNAN 1.#QNAN 1.#QNAN 1.#QNAN 63 65 68 67 67 69 72 75 71 73 74 70 71 70 70 71 68 71 72 71 70 71 71 72 72 73 76 75 76 76 75 75 72 74 74 74 74 73 72 74 77 76 77 80 82 82 81 81 80 76 78 78 79 81 82 84 86 86 83 82 83 84 84 84 83 83 82 80 81 81 81 81 81 81 81 82 81
1.#QNAN 1.#QNAN 1.#QNAN 1.#QNAN 1.#QNAN 1.#QNAN 1.#QNAN 1.#QNAN 1.#QNAN 1.#QNAN 1.#QNAN 1.#QNAN 1.#QNAN 1.#QNAN 1.#QNAN 1.#QNAN 1.#QNAN 65 65 67 69 68 69 70 75 74 74 74 71 70 69 69 70 68 69 69 70 70 71 71 71 73 75 76 75 77 75 74 75 73 73 74 73 74 71 72 75 78 83 84 79 78 78 78 78 78 77 79 79 81 85 85 82 83 82 82 80 82 85 83 83 84 84 83 82 82 81 81 81 81 80 80 81 81
1.#QNAN 1.#QNAN 1.#QNAN 1.#QNAN 1.#QNAN 1.#QNAN 1.#QNAN 1.#QNAN 1.#QNAN 1.#QNAN 1.#QNAN 1.#QNAN 1.#QNAN 1.#QNAN 1.#QNAN 1.#QNAN 64 64 64 66 68 73 74 74 73 73 74 74 70 69 69 69 68 69 69 68 69 70 71 71 71 75 75 75 75 75 75 73 74 73 73 73 74 73 73 76 75 76 80 81 76 78 78 78 79 80 79 79 79 81 82 84 80 82 81 82 83 83 83 82 81 81 81 83 80 80 80 80 80 80 80 80 80 80
1.#QNAN 1.#QNAN 1.#QNAN 1.#QNAN 1.#QNAN 1.#QNAN 1.#QNAN 1.#QNAN 1.#QNAN 1.#QNAN 1.#QNAN 1.#QNAN 1.#QNAN 1.#QNAN 1.#QNAN 1.#QNAN 64 63 64 66 67 71 74 74 73 73 74 73 68 67 70 70 69 69 69 70 70 70 70 70 70 72 74 73 72 75 75 74 73 75 74 73 73 72 72 76 77 76 78 80 75 77 77 78 78 79 80 78 78 80 80 82 79 81 84 86 84 84 83 83 81 79 80 82 80 80 80 80 80 80 80 80 80 81
1.#QNAN 1.#QNAN 1.#QNAN 1.#QNAN 1.#QNAN 1.#QNAN 1.#QNAN 1.#QNAN 1.#QNAN 1.#QNAN 1.#QNAN 1.#QNAN 1.#QNAN 1.#QNAN 1.#QNAN 63 63 63 63 64 68 71 74 75 75 74 74 73 67 69 72 72 72 68 68 68 69 70 70 70 70 73 75 75 73 73 74 74 75 74 75 75 73 74 76 76 76 77 80 78 78 79 80 79 79 79 80 78 78 79 81 81 79 79 81 82 83 86 84 83 82 79 79 80 81 80 79 80 80 80 80 81 81 83
1.#QNAN 1.#QNAN 1.#QNAN 1.#QNAN 1.#QNAN 1.#QNAN 1.#QNAN 1.#QNAN 1.#QNAN 1.#QNAN 1.#QNAN 1.#QNAN 1.#QNAN 1.#QNAN 62 63 63 64 63 64 65 68 73 74 73 74 74 72 72 72 69 69 69 68 68 68 69 69 69 70 70 72 73 75 74 74 72 71 74 76 76 75 76 76 77 76 76 77 79 81 80 81 77 79 81 85 86 83 79 79 80 81 84 81 80 79 80 84 83 83 83 82 82 81 82 79 81 80 80 81 80 82 85 90
1.#QNAN 1.#QNAN 1.#QNAN 1.#QNAN 1.#QNAN 1.#QNAN 1.#QNAN 1.#QNAN 1.#QNAN 1.#QNAN 1.#QNAN 1.#QNAN 1.#QNAN 61 61 62 63 66 66 65 67 67 67 73 70 70 69 69 68 69 69 69 69 67 68 68 68 68 69 69 70 70 68 72 73 73 75 71 73 75 76 76 75 75 78 83 77 77 75 76 80 84 83 83 82 80 83 81 81 80 81 79 79 80 80 81 81 82 88 82 80 79 79 79 79 79 79 79 79 79 79 81 83 87
1.#QNAN 1.#QNAN 1.#QNAN 1.#QNAN 1.#QNAN 1.#QNAN 1.#QNAN 1.#QNAN 1.#QNAN 1.#QNAN 1.#QNAN 1.#QNAN 1.#QNAN 61 62 62 62 63 63 65 67 72 72 72 70 70 66 68 67 68 66 65 67 67 67 68 68 69 68 69 69 69 68 71 70 71 71 71 71 72 72 72 74 73 75 77 79 78 77 77 75 79 77 77 76 77 81 79 79 79 80 79 75 78 80 82 85 83 81 82 81 78 79 79 79 79 79 79 79 79 79 79 80 83
1.#QNAN 1.#QNAN 1.#QNAN 1.#QNAN 1.#QNAN 1.#QNAN 1.#QNAN 1.#QNAN 1.#QNAN 1.#QNAN 1.#QNAN 1.#QNAN 1.#QNAN 1.#QNAN 1.#QNAN 61 62 62 63 63 66 72 72 68 67 67 66 65 67 65 65 66 66 66 66 67 67 67 67 69 69 69 69 70 71 71 71 71 71 71 72 72 72 72 72 76 79 81 77 80 74 76 77 77 78 77 78 79 80 79 78 78 76 77 79 80 81 81 80 80 81 81 78 79 79 79 79 78 79 79 79 79 82 82
1.#QNAN 1.#QNAN 1.#QNAN 1.#QNAN 1.#QNAN 1.#QNAN 1.#QNAN 1.#QNAN 1.#QNAN 1.#QNAN 1.#QNAN 1.#QNAN 1.#QNAN 1.#QNAN 1.#QNAN 1.#QNAN 62 63 62 63 63 67 69 66 65 65 65 66 68 66 64 65 66 65 67 68 69 70 70 68 68 69 69 69 70 70 70 71 71 71 72 71 72 72 73 76 82 78 78 75 74 75 77 78 77 75 77 81 79 77 76 77 76 77 78 78 80 81 80 79 81 82 78 79 79 78 79 78 78 78 78 79 82 83
1.#QNAN 1.#QNAN 1.#QNAN 1.#QNAN 1.#QNAN 1.#QNAN 1.#QNAN 1.#QNAN 1.#QNAN 1.#QNAN 1.#QNAN 1.#QNAN 1.#QNAN 1.#QNAN 1.#QNAN 1.#QNAN 61 61 61 62 62 64 67 66 66 65 65 68 67 65 64 68 67 66 69 69 69 68 69 69 67 68 68 69 69 71 71 70 71 72 72 71 71 75 75 75 77 77 77 76 73 75 76 78 78 77 78 79 79 79 75 76 75 76 79 78 79 78 78 77 79 79 78 78 78 79 79 78 79 79 81 81 83 83
1.#QNAN 1.#QNAN 1.#QNAN 1.#QNAN 1.#QNAN 1.#QNAN 1.#QNAN 1.#QNAN 1.#QNAN 1.#QNAN 1.#QNAN 1.#QNAN 1.#QNAN 1.#QNAN 1.#QNAN 1.#QNAN 1.#QNAN 61 61 63 61 64 67 69 67 66 66 65 65 64 64 66 66 67 68 69 70 68 66 66 67 69 68 69 69 72 73 74 71 74 74 74 74 75 75 74 75 75 74 75 72 71 77 78 77 77 77 78 76 77 75 75 76 76 79 77 76 77 80 76 77 78 78 78 78 78 78 78 78 78 82 84 84 82
