08 Ecocrop/raster/current/prec_9.asc
ncols        683
nrows        518
xllcorner    -87.691666666667
yllcorner    10.708333333333
cellsize     0.008333333333
NODATA_value  1.#QNAN
[rows 259 to 295 of 518, columns 0 to 83 of 683]
1.#QNAN 1.#QNAN 1.#QNAN 1.#QNAN 1.#QNAN 1.#QNAN 1.#QNAN 1.#QNAN 391 391 397 405 401 406 428 428 431 421 405 404 420 421 421 405 335 393 415 422 417 409 409 385 395 397 396 395 403 377 402 403 409 399 379 385 375 370 397 368 368 380 380 391 392 393 394 393 391 380 371 364 364 370 364 363 363 363 370 370 370 369 362 375 362 369 380 390 370 364 368 368 363 362 362 376
1.#QNAN 1.#QNAN 1.#QNAN 1.#QNAN 1.#QNAN 1.#QNAN 1.#QNAN 1.#QNAN 1.#QNAN 407 397 408 407 406 399 429 430 422 431 421 430 430 431 423 375 417 423 421 418 417 411 411 390 389 384 384 385 383 380 383 389 389 399 386 386 379 385 383 383 382 381 381 383 383 383 374 367 384 395 399 399 407 380 364 364 381 371 364 363 363 378 372 379 391 381 380 370 364 369 364 363 362 369 369
1.#QNAN 1.#QNAN 1.#QNAN 1.#QNAN 1.#QNAN 1.#QNAN 1.#QNAN 1.#QNAN 1.#QNAN 1.#QNAN 1.#QNAN 391 396 397 418 402 402 430 427 422 1.#QNAN 1.#QNAN 1.#QNAN 376 406 418 428 421 422 420 419 415 416 414 414 412 409 408 406 385 392 404 382 400 389 402 389 398 399 388 399 384 383 375 384 369 409 409 396 409 400 408 382 372 372 372 379 379 378 381 380 375 376 375 373 379 378 363 370 377 377 363 362 377
1.#QNAN 1.#QNAN 1.#QNAN 1.#QNAN 1.#QNAN 1.#QNAN 1.#QNAN 1.#QNAN 1.#QNAN 1.#QNAN 1.#QNAN 1.#QNAN 1.#QNAN 418 406 407 407 401 431 428 1.#QNAN 1.#QNAN 376 406 377 433 405 376 420 420 427 420 419 417 416 421 412 421 420 411 380 376 378 377 382 381 389 390 389 401 388 398 396 396 377 376 370 376 375 374 368 383 383 367 373 382 372 372 365 382 380 382 369 369 369 380 364 391 370 363 363 363 369 377
1.#QNAN 1.#QNAN 1.#QNAN 1.#QNAN 1.#QNAN 1.#QNAN 1.#QNAN 1.#QNAN 1.#QNAN 1.#QNAN 1.#QNAN 1.#QNAN 1.#QNAN 1.#QNAN 429 407 419 403 401 401 431 1.#QNAN 407 407 407 377 377 376 422 431 420 428 420 391 389 423 414 396 421 420 382 385 384 382 391 382 374 372 381 381 402 401 400 399 399 400 388 378 386 385 385 384 374 368 367 373 373 383 383 393 380 392 380 374 375 373 379 379 378 390 378 378 377 377
1.#QNAN 1.#QNAN 1.#QNAN 1.#QNAN 1.#QNAN 1.#QNAN 1.#QNAN 1.#QNAN 1.#QNAN 1.#QNAN 1.#QNAN 1.#QNAN 1.#QNAN 1.#QNAN 1.#QNAN 1.#QNAN 410 419 403 403 1.#QNAN 433 425 424 425 378 377 375 431 431 429 402 427 391 419 424 415 329 396 422 408 387 386 385 392 393 382 389 374 380 391 403 391 390 402 402 401 380 389 388 397 396 396 394 384 368 382 374 373 384 393 381 380 381 381 380 379 391 391 362 373 372 369 377
1.#QNAN 1.#QNAN 1.#QNAN 1.#QNAN 1.#QNAN 1.#QNAN 1.#QNAN 1.#QNAN 1.#QNAN 1.#QNAN 1.#QNAN 1.#QNAN 1.#QNAN 1.#QNAN 1.#QNAN 1.#QNAN 1.#QNAN 1.#QNAN 404 409 402 430 433 433 424 408 406 337 405 430 429 420 418 417 426 416 416 330 367 423 423 385 388 380 385 385 392 377 388 373 379 391 391 391 391 391 391 390 380 379 377 396 395 375 395 375 369 368 374 374 384 393 381 381 380 380 380 382 371 363 393 392 372 369
1.#QNAN 1.#QNAN 1.#QNAN 1.#QNAN 1.#QNAN 1.#QNAN 1.#QNAN 1.#QNAN 1.#QNAN 1.#QNAN 1.#QNAN 1.#QNAN 1.#QNAN 1.#QNAN 1.#QNAN 1.#QNAN 1.#QNAN 1.#QNAN 1.#QNAN 433 403 1.#QNAN 1.#QNAN 432 433 407 406 338 374 404 403 402 419 401 370 369 368 331 367 398 424 408 389 387 382 379 406 418 415 391 377 384 383 383 383 382 382 381 391 390 378 387 396 384 385 396 386 387 369 382 381 374 393 393 384 383 392 392 371 375 412 412 393 392
1.#QNAN 1.#QNAN 1.#QNAN 1.#QNAN 1.#QNAN 1.#QNAN 1.#QNAN 1.#QNAN 1.#QNAN 1.#QNAN 1.#QNAN 1.#QNAN 1.#QNAN 1.#QNAN 1.#QNAN 1.#QNAN 1.#QNAN 1.#QNAN 1.#QNAN 1.#QNAN 1.#QNAN 403 430 1.#QNAN 429 433 406 339 337 336 335 334 371 401 401 370 400 400 417 417 416 403 388 389 389 387 399 410 416 377 384 379 421 420 408 377 394 393 376 402 389 387 385 385 376 369 384 377 386 369 368 385 382 374 367 366 366 396 396 376 395 414 413 393
1.#QNAN 1.#QNAN 1.#QNAN 1.#QNAN 1.#QNAN 1.#QNAN 1.#QNAN 1.#QNAN 1.#QNAN 1.#QNAN 1.#QNAN 1.#QNAN 1.#QNAN 1.#QNAN 1.#QNAN 1.#QNAN 1.#QNAN 1.#QNAN 1.#QNAN 1.#QNAN 1.#QNAN 1.#QNAN 433 432 1.#QNAN 406 424 423 374 336 372 372 421 403 371 402 428 419 414 389 385 384 390 386 385 403 413 412 395 397 379 379 379 398 396 408 421 421 377 376 375 390 373 373 377 370 385 371 385 384 384 383 375 381 416 408 392 360 392 415 407 360 359 359
1.#QNAN 1.#QNAN 1.#QNAN 1.#QNAN 1.#QNAN 1.#QNAN 1.#QNAN 1.#QNAN 1.#QNAN 1.#QNAN 1.#QNAN 1.#QNAN 1.#QNAN 1.#QNAN 1.#QNAN 1.#QNAN 1.#QNAN 1.#QNAN 1.#QNAN 1.#QNAN 1.#QNAN 1.#QNAN 1.#QNAN 402 430 1.#QNAN 406 424 1.#QNAN 336 336 336 373 404 403 421 420 427 423 408 406 410 388 410 409 415 424 415 413 412 378 386 397 397 410 398 397 378 378 395 419 419 391 379 379 378 418 402 402 410 393 393 409 361 332 361 339 353 338 393 397 377 407 407
1.#QNAN 1.#QNAN 1.#QNAN 1.#QNAN 1.#QNAN 1.#QNAN 1.#QNAN 1.#QNAN 1.#QNAN 1.#QNAN 1.#QNAN 1.#QNAN 1.#QNAN 1.#QNAN 1.#QNAN 1.#QNAN 1.#QNAN 1.#QNAN 1.#QNAN 1.#QNAN 1.#QNAN 1.#QNAN 1.#QNAN 1.#QNAN 402 1.#QNAN 1.#QNAN 424 405 337 375 359 359 373 403 403 420 401 397 415 389 389 412 388 387 416 425 398 397 424 398 387 381 398 423 411 410 397 397 408 395 395 419 375 391 419 363 411 403 411 333 333 333 340 356 340 340 339 339 361 398 374 377 397
1.#QNAN 1.#QNAN 1.#QNAN 1.#QNAN 1.#QNAN 1.#QNAN 1.#QNAN 1.#QNAN 1.#QNAN 1.#QNAN 1.#QNAN 1.#QNAN 1.#QNAN 1.#QNAN 1.#QNAN 1.#QNAN 1.#QNAN 1.#QNAN 1.#QNAN 1.#QNAN 1.#QNAN 1.#QNAN 1.#QNAN 1.#QNAN 1.#QNAN 1.#QNAN 425 1.#QNAN 423 406 361 359 337 337 373 422 421 430 417 429 416 414 390 389 412 411 416 417 398 415 412 383 383 401 400 412 411 410 410 397 422 396 421 406 406 412 363 359 333 395 363 363 363 341 357 338 340 340 362 393 418 375 374 375
1.#QNAN 1.#QNAN 1.#QNAN 1.#QNAN 1.#QNAN 1.#QNAN 1.#QNAN 1.#QNAN 1.#QNAN 1.#QNAN 1.#QNAN 1.#QNAN 1.#QNAN 1.#QNAN 1.#QNAN 1.#QNAN 1.#QNAN 1.#QNAN 1.#QNAN 1.#QNAN 1.#QNAN 1.#QNAN 1.#QNAN 1.#QNAN 1.#QNAN 1.#QNAN 1.#QNAN 434 424 428 374 376 359 359 336 373 404 403 402 420 429 421 420 419 413 412 417 427 417 426 426 426 425 425 425 416 416 424 424 411 410 397 397 414 396 334 344 361 334 343 396 396 396 364 335 321 338 335 362 409 408 366 385 371
1.#QNAN 1.#QNAN 1.#QNAN 1.#QNAN 1.#QNAN 1.#QNAN 1.#QNAN 1.#QNAN 1.#QNAN 1.#QNAN 1.#QNAN 1.#QNAN 1.#QNAN 1.#QNAN 1.#QNAN 1.#QNAN 1.#QNAN 1.#QNAN 1.#QNAN 1.#QNAN 1.#QNAN 1.#QNAN 1.#QNAN 1.#QNAN 1.#QNAN 1.#QNAN 1.#QNAN 1.#QNAN 433 428 427 374 337 337 373 337 373 372 403 403 421 421 429 428 428 428 428 427 418 417 398 426 426 417 399 417 398 398 398 425 425 398 366 365 397 365 345 362 344 335 365 335 335 342 342 341 335 335 334 418 416 394 367 352
1.#QNAN 1.#QNAN 1.#QNAN 1.#QNAN 1.#QNAN 1.#QNAN 1.#QNAN 1.#QNAN 1.#QNAN 1.#QNAN 1.#QNAN 1.#QNAN 1.#QNAN 1.#QNAN 1.#QNAN 1.#QNAN 1.#QNAN 1.#QNAN 1.#QNAN 1.#QNAN 1.#QNAN 1.#QNAN 1.#QNAN 1.#QNAN 1.#QNAN 1.#QNAN 1.#QNAN 1.#QNAN 1.#QNAN 428 399 427 405 405 373 337 337 337 372 371 403 402 420 334 369 401 369 335 369 400 427 427 417 418 367 367 399 416 417 417 416 367 367 335 335 335 335 345 345 344 336 344 360 334 333 355 335 334 336 331 354 399 385 355
1.#QNAN 1.#QNAN 1.#QNAN 1.#QNAN 1.#QNAN 1.#QNAN 1.#QNAN 1.#QNAN 1.#QNAN 1.#QNAN 1.#QNAN 1.#QNAN 1.#QNAN 1.#QNAN 1.#QNAN 1.#QNAN 1.#QNAN 1.#QNAN 1.#QNAN 1.#QNAN 1.#QNAN 1.#QNAN 1.#QNAN 1.#QNAN 1.#QNAN 1.#QNAN 1.#QNAN 1.#QNAN 1.#QNAN 1.#QNAN 433 427 427 426 423 337 357 404 372 371 371 355 335 335 335 369 369 352 352 369 419 419 419 418 367 400 399 399 367 399 399 367 365 347 367 366 336 346 337 362 342 341 334 322 321 354 338 351 326 323 337 321 318 385
1.#QNAN 1.#QNAN 1.#QNAN 1.#QNAN 1.#QNAN 1.#QNAN 1.#QNAN 1.#QNAN 1.#QNAN 1.#QNAN 1.#QNAN 1.#QNAN 1.#QNAN 1.#QNAN 1.#QNAN 1.#QNAN 1.#QNAN 1.#QNAN 1.#QNAN 1.#QNAN 1.#QNAN 1.#QNAN 1.#QNAN 1.#QNAN 1.#QNAN 1.#QNAN 1.#QNAN 1.#QNAN 1.#QNAN 1.#QNAN 1.#QNAN 427 398 425 425 423 404 372 337 356 355 354 371 335 335 335 335 335 335 351 335 401 368 335 335 368 400 426 418 417 400 367 347 347 336 347 346 364 364 363 335 335 322 318 329 327 323 320 315 312 301 308 311 308
1.#QNAN 1.#QNAN 1.#QNAN 1.#QNAN 1.#QNAN 1.#QNAN 1.#QNAN 1.#QNAN 1.#QNAN 1.#QNAN 1.#QNAN 1.#QNAN 1.#QNAN 1.#QNAN 1.#QNAN 1.#QNAN 1.#QNAN 1.#QNAN 1.#QNAN 1.#QNAN 1.#QNAN 1.#QNAN 1.#QNAN 1.#QNAN 1.#QNAN 1.#QNAN 1.#QNAN 1.#QNAN 1.#QNAN 1.#QNAN 1.#QNAN 1.#QNAN 398 403 403 424 432 404 357 356 336 372 352 371 370 402 370 402 369 335 351 401 401 401 401 368 368 418 427 400 400 400 368 337 337 347 347 347 336 336 323 322 318 330 328 323 326 321 306 307 301 290 306 305
1.#QNAN 1.#QNAN 1.#QNAN 1.#QNAN 1.#QNAN 1.#QNAN 1.#QNAN 1.#QNAN 1.#QNAN 1.#QNAN 1.#QNAN 1.#QNAN 1.#QNAN 1.#QNAN 1.#QNAN 1.#QNAN 1.#QNAN 1.#QNAN 1.#QNAN 1.#QNAN 1.#QNAN 1.#QNAN 1.#QNAN 1.#QNAN 1.#QNAN 1.#QNAN 1.#QNAN 1.#QNAN 1.#QNAN 1.#QNAN 1.#QNAN 1.#QNAN 1.#QNAN 403 411 397 425 422 337 373 353 353 372 372 337 421 430 429 402 335 335 368 401 335 350 350 336 368 419 401 401 419 419 401 368 338 338 338 365 343 323 319 331 327 332 343 328 321 321 314 310 297 307 307
1.#QNAN 1.#QNAN 1.#QNAN 1.#QNAN 1.#QNAN 1.#QNAN 1.#QNAN 1.#QNAN 1.#QNAN 1.#QNAN 1.#QNAN 1.#QNAN 1.#QNAN 1.#QNAN 1.#QNAN 1.#QNAN 1.#QNAN 1.#QNAN 1.#QNAN 1.#QNAN 1.#QNAN 1.#QNAN 1.#QNAN 1.#QNAN 1.#QNAN 1.#QNAN 1.#QNAN 1.#QNAN 1.#QNAN 1.#QNAN 1.#QNAN 1.#QNAN 1.#QNAN 1.#QNAN 1.#QNAN 396 402 425 422 356 355 355 403 371 403 403 403 421 402 336 370 369 369 336 369 348 350 401 428 419 427 427 419 401 401 368 368 368 343 343 323 331 328 350 348 338 328 315 326 329 319 318 304 291
1.#QNAN 1.#QNAN 1.#QNAN 1.#QNAN 1.#QNAN 1.#QNAN 1.#QNAN 1.#QNAN 1.#QNAN 1.#QNAN 1.#QNAN 1.#QNAN 1.#QNAN 1.#QNAN 1.#QNAN 1.#QNAN 1.#QNAN 1.#QNAN 1.#QNAN 1.#QNAN 1.#QNAN 1.#QNAN 1.#QNAN 1.#QNAN 1.#QNAN 1.#QNAN 1.#QNAN 1.#QNAN 1.#QNAN 1.#QNAN 1.#QNAN 1.#QNAN 1.#QNAN 1.#QNAN 1.#QNAN 1.#QNAN 401 410 432 404 337 371 371 371 403 403 336 336 336 369 369 336 336 401 402 402 369 350 369 401 369 369 402 402 369 339 348 367 336 324 335 331 326 334 325 346 337 332 337 328 316 312 293 290
1.#QNAN 1.#QNAN 1.#QNAN 1.#QNAN 1.#QNAN 1.#QNAN 1.#QNAN 1.#QNAN 1.#QNAN 1.#QNAN 1.#QNAN 1.#QNAN 1.#QNAN 1.#QNAN 1.#QNAN 1.#QNAN 1.#QNAN 1.#QNAN 1.#QNAN 1.#QNAN 1.#QNAN 1.#QNAN 1.#QNAN 1.#QNAN 1.#QNAN 1.#QNAN 1.#QNAN 1.#QNAN 1.#QNAN 1.#QNAN 1.#QNAN 1.#QNAN 1.#QNAN 1.#QNAN 1.#QNAN 1.#QNAN 410 385 400 422 422 371 371 370 371 370 369 369 369 402 402 369 336 402 402 402 402 402 337 337 349 349 346 338 346 339 339 367 343 336 363 321 320 328 326 324 321 320 317 314 304 314 315 322
1.#QNAN 1.#QNAN 1.#QNAN 1.#QNAN 1.#QNAN 1.#QNAN 1.#QNAN 1.#QNAN 1.#QNAN 1.#QNAN 1.#QNAN 1.#QNAN 1.#QNAN 1.#QNAN 1.#QNAN 1.#QNAN 1.#QNAN 1.#QNAN 1.#QNAN 1.#QNAN 1.#QNAN 1.#QNAN 1.#QNAN 1.#QNAN 1.#QNAN 1.#QNAN 1.#QNAN 1.#QNAN 1.#QNAN 1.#QNAN 1.#QNAN 1.#QNAN 1.#QNAN 1.#QNAN 1.#QNAN 1.#QNAN 1.#QNAN 385 385 410 394 420 423 430 403 421 402 402 420 402 421 369 402 402 402 402 402 369 369 369 346 337 332 340 323 349 348 348 367 335 342 363 339 338 337 336 328 326 346 344 328 326 348 345
1.#QNAN 1.#QNAN 1.#QNAN 1.#QNAN 1.#QNAN 1.#QNAN 1.#QNAN 1.#QNAN 1.#QNAN 1.#QNAN 1.#QNAN 1.#QNAN 1.#QNAN 1.#QNAN 1.#QNAN 1.#QNAN 1.#QNAN 1.#QNAN 1.#QNAN 1.#QNAN 1.#QNAN 1.#QNAN 1.#QNAN 1.#QNAN 1.#QNAN 1.#QNAN 1.#QNAN 1.#QNAN 1.#QNAN 1.#QNAN 1.#QNAN 1.#QNAN 1.#QNAN 1.#QNAN 1.#QNAN 1.#QNAN 1.#QNAN 399 389 385 408 394 393 392 422 430 402 369 402 402 402 402 421 429 420 402 402 337 337 369 346 349 358 333 358 338 369 368 347 343 335 341 362 361 359 357 335 353 333 333 332 329 352 326
1.#QNAN 1.#QNAN 1.#QNAN 1.#QNAN 1.#QNAN 1.#QNAN 1.#QNAN 1.#QNAN 1.#QNAN 1.#QNAN 1.#QNAN 1.#QNAN 1.#QNAN 1.#QNAN 1.#QNAN 1.#QNAN 1.#QNAN 1.#QNAN 1.#QNAN 1.#QNAN 1.#QNAN 1.#QNAN 1.#QNAN 1.#QNAN 1.#QNAN 1.#QNAN 1.#QNAN 1.#QNAN 1.#QNAN 1.#QNAN 1.#QNAN 1.#QNAN 1.#QNAN 1.#QNAN 1.#QNAN 1.#QNAN 1.#QNAN 1.#QNAN 399 384 398 394 393 392 422 430 421 369 421 421 369 430 420 419 419 429 429 402 369 338 346 333 355 333 350 326 337 337 336 343 334 341 363 339 341 340 339 337 392 391 390 388 386 353
1.#QNAN 1.#QNAN 1.#QNAN 1.#QNAN 1.#QNAN 1.#QNAN 1.#QNAN 1.#QNAN 1.#QNAN 1.#QNAN 1.#QNAN 1.#QNAN 1.#QNAN 1.#QNAN 1.#QNAN 1.#QNAN 1.#QNAN 1.#QNAN 1.#QNAN 1.#QNAN 1.#QNAN 1.#QNAN 1.#QNAN 1.#QNAN 1.#QNAN 1.#QNAN 1.#QNAN 1.#QNAN 1.#QNAN 1.#QNAN 1.#QNAN 1.#QNAN 1.#QNAN 1.#QNAN 1.#QNAN 1.#QNAN 1.#QNAN 1.#QNAN 1.#QNAN 398 384 397 399 392 418 421 421 369 369 369 402 402 420 411 388 419 402 369 337 349 369 337 322 336 340 336 336 332 330 329 322 341 364 339 341 337 336 362 412 411 410 390 389 405
1.#QNAN 1.#QNAN 1.#QNAN 1.#QNAN 1.#QNAN 1.#QNAN 1.#QNAN 1.#QNAN 1.#QNAN 1.#QNAN 1.#QNAN 1.#QNAN 1.#QNAN 1.#QNAN 1.#QNAN 1.#QNAN 1.#QNAN 1.#QNAN 1.#QNAN 1.#QNAN 1.#QNAN 1.#QNAN 1.#QNAN 1.#QNAN 1.#QNAN 1.#QNAN 1.#QNAN 1.#QNAN 1.#QNAN 1.#QNAN 1.#QNAN 1.#QNAN 1.#QNAN 1.#QNAN 1.#QNAN 1.#QNAN 1.#QNAN 1.#QNAN 1.#QNAN 395 387 397 393 398 392 422 430 402 402 336 337 337 369 421 420 402 369 369 345 345 345 369 336 337 322 349 335 331 355 328 321 341 343 342 365 397 396 413 395 394 393 392 391 417
1.#QNAN 1.#QNAN 1.#QNAN 1.#QNAN 1.#QNAN 1.#QNAN 1.#QNAN 1.#QNAN 1.#QNAN 1.#QNAN 1.#QNAN 1.#QNAN 1.#QNAN 1.#QNAN 1.#QNAN 1.#QNAN 1.#QNAN 1.#QNAN 1.#QNAN 1.#QNAN 1.#QNAN 1.#QNAN 1.#QNAN 1.#QNAN 1.#QNAN 1.#QNAN 1.#QNAN 1.#QNAN 1.#QNAN 1.#QNAN 1.#QNAN 1.#QNAN 1.#QNAN 1.#QNAN 1.#QNAN 1.#QNAN 1.#QNAN 1.#QNAN 1.#QNAN 1.#QNAN 399 406 1.#QNAN 392 392 391 416 421 421 430 421 369 369 337 368 368 369 345 336 336 345 336 324 321 334 352 351 392 343 349 329 365 366 338 365 397 415 414 396 336 361 411 411 410
1.#QNAN 1.#QNAN 1.#QNAN 1.#QNAN 1.#QNAN 1.#QNAN 1.#QNAN 1.#QNAN 1.#QNAN 1.#QNAN 1.#QNAN 1.#QNAN 1.#QNAN 1.#QNAN 1.#QNAN 1.#QNAN 1.#QNAN 1.#QNAN 1.#QNAN 1.#QNAN 1.#QNAN 1.#QNAN 1.#QNAN 1.#QNAN 1.#QNAN 1.#QNAN 1.#QNAN 1.#QNAN 1.#QNAN 1.#QNAN 1.#QNAN 1.#QNAN 1.#QNAN 1.#QNAN 1.#QNAN 1.#QNAN 1.#QNAN 1.#QNAN 1.#QNAN 1.#QNAN 1.#QNAN 425 1.#QNAN 1.#QNAN 391 397 391 422 422 422 430 429 402 336 336 401 368 336 348 368 348 368 323 323 320 338 328 345 342 349 349 319 343 338 338 364 397 397 337 396 413 412 421 420
1.#QNAN 1.#QNAN 1.#QNAN 1.#QNAN 1.#QNAN 1.#QNAN 1.#QNAN 1.#QNAN 1.#QNAN 1.#QNAN 1.#QNAN 1.#QNAN 1.#QNAN 1.#QNAN 1.#QNAN 1.#QNAN 1.#QNAN 1.#QNAN 1.#QNAN 1.#QNAN 1.#QNAN 1.#QNAN 1.#QNAN 1.#QNAN 1.#QNAN 1.#QNAN 1.#QNAN 1.#QNAN 1.#QNAN 1.#QNAN 1.#QNAN 1.#QNAN 1.#QNAN 1.#QNAN 1.#QNAN 1.#QNAN 1.#QNAN 1.#QNAN 1.#QNAN 1.#QNAN 1.#QNAN 1.#QNAN 424 405 404 404 397 391 390 421 402 401 368 367 367 420 401 336 336 337 367 367 368 334 322 331 336 349 345 344 327 314 318 364 337 341 337 363 363 363 414 413 404 421
1.#QNAN 1.#QNAN 1.#QNAN 1.#QNAN 1.#QNAN 1.#QNAN 1.#QNAN 1.#QNAN 1.#QNAN 1.#QNAN 1.#QNAN 1.#QNAN 1.#QNAN 1.#QNAN 1.#QNAN 1.#QNAN 1.#QNAN 1.#QNAN 1.#QNAN 1.#QNAN 1.#QNAN 1.#QNAN 1.#QNAN 1.#QNAN 1.#QNAN 1.#QNAN 1.#QNAN 1.#QNAN 1.#QNAN 1.#QNAN 1.#QNAN 1.#QNAN 1.#QNAN 1.#QNAN 1.#QNAN 1.#QNAN 1.#QNAN 1.#QNAN 1.#QNAN 1.#QNAN 1.#QNAN 420 1.#QNAN 1.#QNAN 397 396 396 390 415 420 368 367 367 401 401 401 400 336 347 347 347 367 346 342 333 320 329 330 325 314 318 330 337 364 363 362 335 361 339 363 414 414 421 404
1.#QNAN 1.#QNAN 1.#QNAN 1.#QNAN 1.#QNAN 1.#QNAN 1.#QNAN 1.#QNAN 1.#QNAN 1.#QNAN 1.#QNAN 1.#QNAN 1.#QNAN 1.#QNAN 1.#QNAN 1.#QNAN 1.#QNAN 1.#QNAN 1.#QNAN 1.#QNAN 1.#QNAN 1.#QNAN 1.#QNAN 1.#QNAN 1.#QNAN 1.#QNAN 1.#QNAN 1.#QNAN 1.#QNAN 1.#QNAN 1.#QNAN 1.#QNAN 1.#QNAN 1.#QNAN 1.#QNAN 1.#QNAN 1.#QNAN 1.#QNAN 1.#QNAN 1.#QNAN 1.#QNAN 1.#QNAN 1.#QNAN 1.#QNAN 1.#QNAN 1.#QNAN 422 390 389 421 429 420 367 367 400 366 400 336 336 336 346 336 345 341 319 331 331 331 336 398 336 336 336 363 363 362 362 327 327 337 396 396 413 413
1.#QNAN 1.#QNAN 1.#QNAN 1.#QNAN 1.#QNAN 1.#QNAN 1.#QNAN 1.#QNAN 1.#QNAN 1.#QNAN 1.#QNAN 1.#QNAN 1.#QNAN 1.#QNAN 1.#QNAN 1.#QNAN 1.#QNAN 1.#QNAN 1.#QNAN 1.#QNAN 1.#QNAN 1.#QNAN 1.#QNAN 1.#QNAN 1.#QNAN 1.#QNAN 1.#QNAN 1.#QNAN 1.#QNAN 1.#QNAN 1.#QNAN 1.#QNAN 1.#QNAN 1.#QNAN 1.#QNAN 1.#QNAN 1.#QNAN 1.#QNAN 1.#QNAN 1.#QNAN 1.#QNAN 1.#QNAN 1.#QNAN 1.#QNAN 1.#QNAN 1.#QNAN 1.#QNAN 420 389 394 413 428 419 419 400 346 346 335 366 335 366 366 319 318 330 330 330 338 342 363 363 363 363 335 362 335 336 338 338 333 337 362 336 362
1.#QNAN 1.#QNAN 1.#QNAN 1.#QNAN 1.#QNAN 1.#QNAN 1.#QNAN 1.#QNAN 1.#QNAN 1.#QNAN 1.#QNAN 1.#QNAN 1.#QNAN 1.#QNAN 1.#QNAN 1.#QNAN 1.#QNAN 1.#QNAN 1.#QNAN 1.#QNAN 1.#QNAN 1.#QNAN 1.#QNAN 1.#QNAN 1.#QNAN 1.#QNAN 1.#QNAN 1.#QNAN 1.#QNAN 1.#QNAN 1.#QNAN 1.#QNAN 1.#QNAN 1.#QNAN 1.#QNAN 1.#QNAN 1.#QNAN 1.#QNAN 1.#QNAN 1.#QNAN 1.#QNAN 1.#QNAN 1.#QNAN 1.#QNAN 1.#QNAN 1.#QNAN 1.#QNAN 1.#QNAN 1.#QNAN 414 394 388 387 419 418 335 366 366 345 335 365 340 314 317 329 337 337 328 334 362 339 339 334 334 361 414 413 332 321 317 319 331 337 361
1.#QNAN 1.#QNAN 1.#QNAN 1.#QNAN 1.#QNAN 1.#QNAN 1.#QNAN 1.#QNAN 1.#QNAN 1.#QNAN 1.#QNAN 1.#QNAN 1.#QNAN 1.#QNAN 1.#QNAN 1.#QNAN 1.#QNAN 1.#QNAN 1.#QNAN 1.#QNAN 1.#QNAN 1.#QNAN 1.#QNAN 1.#QNAN 1.#QNAN 1.#QNAN 1.#QNAN 1.#QNAN 1.#QNAN 1.#QNAN 1.#QNAN 1.#QNAN 1.#QNAN 1.#QNAN 1.#QNAN 1.#QNAN 1.#QNAN 1.#QNAN 1.#QNAN 1.#QNAN 1.#QNAN 1.#QNAN 1.#QNAN 1.#QNAN 1.#QNAN 1.#QNAN 1.#QNAN 1.#QNAN 1.#QNAN 1.#QNAN 388 399 399 392 386 426 365 345 365 340 339 364 364 328 328 341 362 362 339 333 333 395 395 395 360 394 395 360 325 341 337 324 361 361
1.#QNAN 1.#QNAN 1.#QNAN 1.#QNAN 1.#QNAN 1.#QNAN 1.#QNAN 1.#QNAN 1.#QNAN 1.#QNAN 1.#QNAN 1.#QNAN 1.#QNAN 1.#QNAN 1.#QNAN 1.#QNAN 1.#QNAN 1.#QNAN 1.#QNAN 1.#QNAN 1.#QNAN 1.#QNAN 1.#QNAN 1.#QNAN 1.#QNAN 1.#QNAN 1.#QNAN 1.#QNAN 1.#QNAN 1.#QNAN 1.#QNAN 1.#QNAN 1.#QNAN 1.#QNAN 1.#QNAN 1.#QNAN 1.#QNAN 1.#QNAN 1.#QNAN 1.#QNAN 1.#QNAN 1.#QNAN 1.#QNAN 1.#QNAN 1.#QNAN 1.#QNAN 1.#QNAN 1.#QNAN 1.#QNAN 1.#QNAN 1.#QNAN 1.#QNAN 386 386 391 409 426 398 344 343 334 333 333 341 362 335 334 334 361 332 394 394 394 359 333 394 394 335 303 315 316 335 361 395
