08 Ecocrop/raster/current/prec_12.asc
ncols        683
nrows        518
xllcorner    -87.691666666667
yllcorner    10.708333333333
cellsize     0.008333333333
NODATA_value  1.#QNAN
[rows 440 to 479 of 518, columns 360 to 449 of 683]
126 126 161 162 163 174 175 165 166 166 130 131 161 89 90 91 136 137 190 177 139 180 141 142 100 102 187 205 206 214 217 239 242 244 222 250 272 272 265 276 258 233 243 263 283 280 268 270 272 249 251 278 280 302 283 262 264 310 299 301 303 291 296 296 295 295 300 300 301 303 324 355 341 360 357 355 330 319 328 338 339 351 353 341 357 359 372 374 350 351
171 162 162 173 174 175 176 177 167 89 89 132 194 91 134 174 188 190 191 192 139 181 197 198 200 183 148 189 207 209 210 240 243 219 249 223 251 227 229 231 278 234 236 265 281 281 269 271 293 250 252 271 281 302 285 263 265 267 306 303 307 301 299 311 312 314 304 308 307 306 326 353 359 377 366 322 319 318 320 339 340 352 354 367 343 349 361 363 365 352
170 171 172 173 175 176 178 178 131 160 162 91 92 93 136 137 189 190 192 193 141 198 184 205 202 188 190 206 208 192 212 213 218 220 223 226 229 232 262 238 260 262 264 266 286 288 289 291 294 251 253 280 282 304 286 288 291 294 308 303 307 312 301 302 316 319 327 351 327 310 325 353 375 380 355 345 321 325 319 328 340 364 354 356 370 349 351 352 355 368
173 181 182 174 177 177 179 179 169 92 92 93 136 174 175 189 190 177 179 195 196 199 200 206 208 227 212 232 216 218 221 223 225 227 230 222 234 260 236 233 235 237 266 285 281 283 291 274 276 277 279 281 303 285 288 291 294 318 309 303 307 310 306 301 303 323 332 337 329 313 313 355 376 368 332 327 319 334 335 337 339 353 355 346 359 361 350 353 355 357
166 167 168 185 177 178 179 169 170 171 94 135 174 177 176 190 195 196 198 196 198 199 200 224 200 204 205 207 210 239 242 224 226 229 226 226 255 274 276 279 263 278 280 281 277 284 292 275 295 291 281 302 284 262 264 292 268 270 312 305 308 302 307 304 320 324 329 327 310 352 354 334 378 373 332 337 335 335 318 328 322 342 356 347 360 350 352 365 380 355
173 176 176 186 187 189 191 182 183 172 95 174 187 176 177 139 196 198 196 183 183 200 207 209 211 230 206 208 215 217 218 219 249 251 225 227 273 268 269 275 279 280 286 282 283 291 274 289 291 300 294 296 280 263 291 294 320 312 303 305 308 314 303 306 311 314 329 307 308 308 311 317 324 335 330 337 335 326 318 332 379 336 327 336 348 351 352 379 381 383
177 176 160 188 189 190 164 166 188 185 186 175 189 190 191 179 180 196 184 184 145 202 224 210 229 231 216 236 212 218 220 221 223 225 227 272 274 276 279 283 285 285 287 288 290 292 276 290 285 288 290 290 294 303 305 302 305 306 305 295 312 310 325 314 315 318 319 312 323 325 328 332 336 337 336 325 317 316 332 362 339 341 328 330 339 351 353 367 355 357
178 177 161 162 164 187 187 188 168 198 189 202 192 193 192 197 198 183 199 199 221 207 199 228 213 215 217 238 240 219 221 222 251 254 256 260 278 278 282 284 275 281 288 290 292 275 296 291 286 290 278 292 296 299 300 305 307 307 296 294 304 309 314 316 318 315 312 312 322 325 319 324 332 332 334 334 324 319 323 341 365 342 342 331 333 352 353 381 382 340
173 182 188 190 167 168 166 218 169 188 190 191 205 195 193 195 200 198 199 201 207 224 200 229 214 216 236 239 214 244 247 229 231 234 235 234 264 265 286 285 282 278 284 285 287 289 286 287 287 290 281 295 298 303 304 306 305 307 310 315 320 322 324 324 314 309 305 311 321 323 326 330 329 331 332 335 335 338 330 325 327 328 330 332 334 354 354 368 383 359
177 141 185 182 187 194 195 197 198 172 194 204 206 196 197 184 201 202 204 193 223 225 228 214 216 235 238 240 243 246 220 222 223 226 239 263 242 244 239 241 271 285 286 287 288 290 293 288 290 291 293 286 284 303 305 305 307 307 312 316 305 321 320 321 322 311 301 320 321 322 324 326 329 331 332 335 337 338 340 342 344 345 347 340 351 353 354 357 384 386
164 165 105 184 103 189 187 188 191 201 195 225 207 197 198 213 202 200 220 235 237 200 229 231 234 237 239 242 217 219 250 232 234 236 211 234 235 236 273 249 254 282 258 248 250 252 281 302 298 295 297 300 303 304 307 308 307 299 295 303 301 306 308 319 308 306 307 308 320 324 327 328 329 331 344 336 338 340 341 341 334 345 348 350 352 353 381 383 385 387
192 193 168 105 146 180 190 191 193 193 204 178 196 210 212 186 204 191 193 208 210 200 203 205 209 238 222 220 250 224 231 233 235 238 240 169 213 271 238 252 247 257 258 261 251 267 270 273 277 290 314 318 322 313 308 308 309 297 345 349 306 306 304 300 307 306 307 308 303 313 326 328 329 332 345 347 339 340 342 335 342 337 349 341 353 355 355 358 386 362
163 164 167 169 105 182 182 184 196 147 195 209 185 212 213 216 204 192 194 224 227 241 214 215 245 218 214 217 219 222 252 227 230 232 236 243 234 236 238 253 255 258 288 291 294 254 256 274 260 311 307 304 306 307 307 309 292 297 317 321 324 310 319 316 304 305 307 301 304 314 315 328 330 333 335 327 330 341 343 334 329 331 350 352 366 368 369 358 373 344
138 140 143 104 105 148 182 182 184 183 196 209 213 204 215 217 191 193 197 198 212 213 244 208 210 219 215 223 224 226 225 256 259 233 234 268 235 237 239 254 256 286 260 293 296 269 272 259 288 314 308 304 307 296 290 292 294 317 319 304 303 304 303 315 306 299 297 300 312 306 319 318 320 322 326 328 321 341 343 344 346 348 350 352 354 355 370 359 373 364
102 175 178 145 106 146 147 193 182 183 184 198 215 217 217 218 191 194 224 212 213 214 216 236 239 224 222 252 267 227 257 258 239 263 238 269 248 250 252 255 257 287 290 294 267 300 272 306 291 317 319 304 307 290 291 293 298 302 344 297 295 294 295 297 305 307 303 305 305 306 319 318 322 324 338 328 328 342 345 346 347 349 377 365 353 355 370 359 361 376
140 141 144 106 174 106 145 193 194 195 197 200 206 190 205 206 208 223 225 213 203 215 208 210 213 242 245 222 226 225 228 230 240 236 237 238 273 276 250 253 256 259 292 295 298 272 304 278 263 295 312 305 308 309 296 292 300 300 302 296 303 294 305 306 301 304 308 308 315 308 310 312 318 320 339 321 329 342 345 346 338 349 351 352 354 347 358 360 375 392
175 142 106 171 174 108 181 194 205 197 199 212 193 237 251 251 238 211 209 214 216 207 211 220 221 223 256 226 228 229 236 238 263 236 241 243 246 243 245 255 258 260 263 254 256 303 288 291 317 299 300 314 307 309 309 290 303 297 296 302 303 304 319 322 313 314 307 306 314 316 312 323 337 324 330 330 331 345 328 329 331 331 332 336 338 357 359 373 390 348
176 143 146 181 183 147 193 195 196 197 199 213 193 207 207 192 195 225 228 215 206 210 213 214 217 221 227 227 229 271 260 274 263 265 266 240 247 244 246 248 250 262 281 255 257 260 262 317 298 299 325 327 316 308 307 308 311 294 293 316 319 321 322 313 312 318 312 309 307 309 320 316 323 384 382 364 341 327 340 347 349 340 334 337 346 357 359 361 376 393
185 178 179 190 200 193 194 196 196 198 183 214 206 204 207 222 224 226 215 199 234 219 220 241 226 223 227 228 230 260 273 275 277 266 280 283 271 283 276 258 251 253 282 299 286 260 263 266 269 270 299 300 310 311 306 308 311 314 318 308 321 322 311 323 313 310 315 316 313 313 314 333 365 383 384 388 368 327 327 337 340 351 353 354 356 357 349 362 362 365
178 180 190 191 201 203 195 206 197 151 202 205 206 204 205 208 209 210 212 214 216 222 240 242 227 228 258 258 231 261 274 264 266 267 269 271 287 289 277 250 252 282 284 301 287 278 263 294 299 270 272 302 324 312 313 316 312 314 318 308 321 320 321 322 349 329 316 322 320 322 333 335 343 375 379 374 369 343 330 339 340 352 353 344 346 357 350 352 354 364
178 180 181 192 201 172 196 197 199 153 158 200 208 208 209 208 209 197 214 218 235 211 240 244 223 226 229 260 273 274 263 274 278 268 242 244 246 291 250 251 282 283 284 286 296 262 264 295 296 320 272 273 299 322 325 309 311 321 339 320 319 320 330 345 325 330 324 319 327 326 346 337 370 377 355 351 348 330 332 351 340 341 353 344 346 359 361 362 364 356
188 189 181 192 194 204 206 198 200 201 204 205 206 220 210 208 196 200 215 219 236 239 226 228 230 233 227 232 262 263 264 277 279 270 272 274 247 294 280 263 283 299 285 287 304 308 283 267 268 298 317 301 276 305 325 328 330 335 339 325 318 319 329 332 326 333 326 327 329 331 328 346 353 352 351 354 352 333 339 339 350 352 353 355 356 358 360 362 364 365
196 190 192 193 195 196 198 199 201 203 204 217 192 221 223 209 199 200 219 217 237 240 242 228 230 250 227 233 234 235 265 278 269 282 284 287 281 282 284 290 297 298 292 302 290 264 283 286 269 271 273 318 320 312 325 328 333 286 288 317 326 319 324 352 331 323 326 329 324 321 322 348 353 333 331 331 331 330 329 338 350 352 354 355 357 372 374 376 378 380
240 195 200 202 204 197 208 178 204 206 216 188 209 207 208 210 229 218 217 236 223 225 243 220 248 233 253 230 264 236 238 239 270 272 245 275 286 286 288 289 290 297 286 288 291 306 294 268 270 272 301 302 322 307 309 319 335 336 338 339 326 320 324 328 328 333 340 330 319 317 327 323 343 330 348 346 346 348 329 338 351 341 343 356 358 373 375 394 396 381
226 166 201 195 205 175 202 179 213 215 206 208 221 211 213 227 217 218 234 209 224 241 217 221 222 234 236 238 240 262 265 268 244 284 275 286 289 287 288 286 297 286 300 289 291 306 294 296 298 273 275 304 323 315 310 313 314 322 324 318 319 319 322 326 330 333 333 334 336 335 336 340 340 339 369 343 345 346 336 338 340 342 335 345 357 359 375 378 380 399
241 228 198 199 200 202 234 180 204 215 217 219 211 194 197 199 231 233 235 210 225 242 218 220 230 225 255 258 233 235 245 247 245 274 247 248 286 287 289 290 291 299 300 290 292 308 295 313 300 302 304 306 308 329 311 313 316 317 317 318 319 320 321 324 334 337 330 333 334 335 335 338 340 340 352 343 345 346 348 350 351 342 344 357 348 350 362 364 365 369
242 243 230 200 232 234 248 205 214 185 188 190 212 214 246 247 203 234 222 224 241 216 219 248 251 253 229 259 242 244 217 217 251 249 252 254 290 293 294 291 298 287 261 291 293 300 297 271 301 321 325 326 327 329 331 313 316 317 317 318 322 322 330 323 333 330 354 334 358 360 334 336 349 341 341 342 344 346 351 332 341 354 344 346 338 356 345 365 357 359
228 229 231 232 202 203 236 237 207 209 189 212 213 214 216 218 204 207 209 211 214 227 228 249 252 237 239 260 262 265 237 238 274 276 277 279 287 288 290 287 292 300 291 293 295 296 269 271 302 304 307 310 329 330 333 321 314 315 317 319 323 310 323 325 327 355 354 341 359 361 334 336 338 339 341 343 344 346 351 335 334 343 356 358 348 343 345 355 367 369
198 199 200 173 203 204 205 238 239 210 211 243 245 247 249 261 220 207 210 212 215 218 229 261 232 229 231 234 239 241 269 272 248 277 278 280 287 285 287 291 293 294 304 293 295 269 289 272 303 305 307 309 315 330 332 313 314 322 325 319 325 324 324 326 329 330 329 331 334 336 335 336 338 340 343 343 344 348 352 336 332 334 356 357 348 350 353 355 368 370
198 196 205 206 208 179 181 239 209 241 212 213 215 249 261 258 263 208 239 214 243 246 232 224 263 265 266 261 269 241 243 245 276 278 279 290 253 293 295 287 290 291 306 295 284 269 271 273 323 315 326 328 311 311 319 314 316 323 326 322 310 325 333 327 328 338 330 334 335 334 335 336 345 352 342 344 345 350 334 374 332 344 356 358 360 361 344 347 349 359
245 232 202 175 177 206 238 240 210 209 192 214 216 249 218 204 221 209 212 226 217 220 231 225 228 257 259 262 245 268 244 275 247 254 256 252 283 284 297 299 291 296 293 295 285 315 272 274 325 317 309 310 315 316 316 318 317 318 318 320 322 323 325 328 331 330 319 326 317 324 337 340 342 342 343 344 346 336 338 351 341 343 357 338 340 351 344 345 349 350
246 247 248 249 237 238 252 253 242 212 193 215 216 218 219 251 253 224 225 227 228 230 232 233 235 232 234 244 266 243 246 276 278 250 281 282 288 287 292 294 296 297 294 296 298 317 304 275 331 318 308 309 314 315 299 314 316 317 326 328 329 323 351 333 329 331 323 322 369 384 367 366 321 329 344 345 346 348 349 339 353 354 357 347 349 343 345 355 349 351
233 234 203 236 237 239 208 210 243 191 214 247 217 218 251 264 265 255 226 258 261 262 273 275 266 237 269 241 242 244 247 247 249 251 282 291 286 287 289 291 293 297 299 300 302 305 306 322 328 326 325 314 320 313 315 316 316 318 320 328 329 323 326 331 332 336 320 348 392 389 391 385 332 318 322 333 347 348 349 350 353 355 345 340 351 363 354 356 358 371
201 203 204 205 238 240 185 217 244 213 194 216 249 251 252 265 264 265 227 228 261 232 274 271 267 238 270 241 243 245 247 248 280 281 290 292 287 288 293 291 293 294 295 296 297 300 301 307 307 279 310 329 334 317 345 326 318 319 320 321 330 325 327 328 331 334 320 348 395 348 391 387 335 319 330 332 334 335 349 351 352 356 358 349 352 364 354 356 358 372
202 1.#QNAN 177 179 240 241 186 189 191 193 195 198 219 203 205 223 255 226 259 260 262 263 275 271 276 279 241 242 244 276 277 279 280 282 291 289 291 292 294 292 293 293 299 297 297 300 302 308 309 280 308 283 332 322 330 348 328 328 322 322 331 327 331 318 311 315 321 346 389 387 389 386 364 321 332 345 334 337 350 352 354 356 358 349 353 352 354 356 349 352
1.#QNAN 1.#QNAN 1.#QNAN 1.#QNAN 255 256 258 190 192 223 215 199 220 221 222 209 225 227 217 272 273 274 273 272 273 277 275 277 275 276 285 287 281 283 255 256 296 297 294 296 304 295 296 297 299 300 306 303 322 324 282 284 333 334 317 321 330 322 325 326 326 334 320 313 316 321 325 343 383 384 385 363 362 321 343 345 347 336 338 340 353 344 359 349 341 342 345 368 350 352
1.#QNAN 1.#QNAN 1.#QNAN 1.#QNAN 1.#QNAN 248 253 259 247 261 217 200 220 222 255 210 258 227 271 272 273 275 266 278 279 278 279 281 284 285 281 280 286 290 292 287 296 261 299 295 297 299 297 298 300 301 302 303 304 312 313 315 332 334 318 319 320 308 306 315 316 321 317 319 312 324 339 316 316 315 316 318 328 342 330 322 327 328 339 355 356 358 347 339 341 352 366 368 358 372
1.#QNAN 1.#QNAN 1.#QNAN 1.#QNAN 1.#QNAN 1.#QNAN 1.#QNAN 255 256 260 251 263 266 266 262 269 258 271 230 262 274 273 274 278 270 272 277 279 279 280 282 286 284 291 292 258 260 261 292 296 294 296 297 299 299 301 304 305 306 308 315 331 331 335 322 317 320 324 326 325 310 327 327 327 332 334 334 334 336 324 326 341 340 342 331 333 337 350 353 356 344 335 347 361 350 364 366 368 370 372
1.#QNAN 1.#QNAN 1.#QNAN 1.#QNAN 1.#QNAN 1.#QNAN 1.#QNAN 1.#QNAN 1.#QNAN 255 259 263 1.#QNAN 1.#QNAN 266 267 260 261 262 264 276 271 275 278 271 272 280 281 282 283 282 286 290 291 293 288 260 262 264 304 298 296 296 298 300 301 303 306 305 307 309 315 333 335 338 325 321 333 312 309 329 327 313 329 330 316 332 333 334 336 339 339 339 342 345 346 348 350 352 332 333 344 346 339 350 364 366 347 349 361
1.#QNAN 1.#QNAN 1.#QNAN 1.#QNAN 1.#QNAN 1.#QNAN 1.#QNAN 1.#QNAN 1.#QNAN 1.#QNAN 1.#QNAN 1.#QNAN 1.#QNAN 1.#QNAN 1.#QNAN 271 269 230 231 275 277 278 269 270 272 274 284 282 280 282 283 287 290 289 291 295 291 263 264 295 305 300 298 300 300 301 285 302 304 307 309 310 311 321 321 318 327 328 305 302 310 312 313 316 330 317 331 334 338 336 339 338 340 343 344 357 347 353 351 340 333 344 359 361 360 362 364 347 348 351
