08 Ecocrop/raster/current/prec_9.asc
ncols        683
nrows        518
xllcorner    -87.691666666667
yllcorner    10.708333333333
cellsize     0.008333333333
NODATA_value  1.#QNAN
[rows 74 to 110 of 518, columns 336 to 419 of 683]
266 268 268 268 269 269 269 271 272 272 275 274 275 277 274 277 279 277 277 277 279 280 280 281 281 280 282 282 282 282 283 282 282 282 284 283 284 285 285 285 285 285 286 285 287 286 287 287 287 287 286 287 288 286 288 291 289 289 289 289 289 289 289 289 292 292 295 294 298 298 291 294 297 297 294 291 291 291 288 287 287 286 286 287
266 268 269 269 269 268 268 279 272 273 273 276 277 279 275 276 281 280 276 276 279 280 281 281 281 281 281 281 282 283 283 283 282 282 284 284 283 285 285 285 284 285 285 285 287 287 286 287 286 288 288 288 288 287 288 291 291 290 289 289 289 292 291 290 290 290 298 298 298 298 291 298 297 297 297 298 298 298 291 289 289 287 286 286
267 268 268 269 270 270 269 271 273 273 274 275 275 277 275 277 277 276 276 277 279 280 281 281 281 282 282 280 281 283 283 283 282 283 284 285 285 284 284 284 284 286 286 287 286 287 287 287 287 288 289 288 287 287 288 289 288 289 288 291 288 288 290 290 289 290 299 298 292 295 294 294 294 298 298 295 298 300 295 295 294 290 288 293
268 269 270 269 270 271 271 272 272 272 273 273 275 275 276 275 276 276 277 278 280 281 281 282 282 282 282 281 281 283 283 284 284 284 284 284 285 284 284 284 285 287 287 287 289 291 288 289 289 288 289 288 288 289 288 289 288 288 289 290 289 290 289 293 293 290 292 299 299 291 295 295 299 298 297 299 298 300 299 291 288 288 288 290
269 268 269 268 269 270 270 272 272 273 272 273 274 276 275 275 276 276 277 279 278 279 281 280 282 283 281 281 283 283 284 284 284 285 285 285 286 284 284 286 286 289 289 289 294 291 292 295 295 292 291 289 288 289 288 288 288 288 288 292 292 292 292 292 296 293 296 296 295 295 295 298 297 299 297 297 296 300 297 298 288 287 287 286
267 268 269 268 269 269 270 273 273 273 271 273 274 276 275 277 277 277 276 278 279 279 281 282 282 283 283 283 284 283 284 284 284 285 285 284 284 285 286 286 287 293 294 291 291 299 297 296 296 299 296 291 293 290 289 290 289 289 288 288 288 288 288 289 291 294 294 296 300 296 295 295 295 296 293 292 296 295 295 299 291 288 288 288
267 269 269 269 269 269 270 272 273 272 273 273 275 275 276 277 277 277 276 276 279 280 281 282 281 283 283 284 284 284 284 285 285 285 285 284 284 285 285 285 288 289 288 289 289 295 296 299 295 294 291 291 290 291 293 290 290 291 290 288 289 288 288 288 289 289 290 296 296 296 292 292 296 299 297 300 300 299 299 295 289 289 289 287
269 269 270 268 268 270 270 271 273 273 274 273 276 275 276 278 277 278 278 278 280 279 281 282 282 282 284 284 284 284 284 285 285 285 283 284 284 285 285 286 288 289 289 290 290 292 291 293 293 291 293 294 290 289 291 290 288 290 290 288 288 288 289 289 288 289 290 296 292 292 296 292 293 300 299 298 300 292 297 298 291 289 289 286
269 269 269 269 268 270 272 272 272 274 275 276 277 277 277 277 277 278 278 278 281 281 281 281 281 282 284 284 284 285 285 285 285 286 284 285 287 287 288 288 288 289 288 290 293 293 291 291 290 291 291 292 291 289 288 288 289 288 289 289 288 289 291 293 289 289 289 293 296 296 296 296 300 297 299 299 298 297 297 298 299 291 291 291
267 268 267 268 270 271 271 271 274 275 276 277 277 278 278 277 278 279 280 279 281 281 282 283 283 283 284 284 284 284 285 285 286 286 284 289 293 293 291 295 292 296 296 300 301 297 291 291 291 291 291 291 290 290 289 289 290 289 289 291 290 290 290 293 291 291 291 290 297 301 301 301 301 301 301 299 298 298 300 296 296 295 299 299
268 269 268 268 270 270 270 271 273 276 276 277 277 278 279 279 280 280 281 281 281 282 282 283 284 284 285 285 284 283 285 285 286 284 285 293 294 289 289 292 300 296 292 293 297 293 289 290 290 291 290 290 290 289 289 290 289 288 289 289 290 290 289 289 290 290 289 291 294 293 291 293 293 300 300 301 300 299 296 296 296 292 298 297
269 272 269 269 271 271 270 270 275 274 276 277 278 278 279 279 280 281 281 282 282 282 281 282 284 284 283 283 285 284 283 284 284 285 287 290 295 299 297 298 294 296 300 297 297 294 291 290 290 290 290 291 290 290 290 290 290 289 289 289 289 289 289 289 290 290 290 290 290 290 289 291 298 297 293 301 301 296 292 292 292 289 290 296
272 273 270 269 271 271 272 272 274 274 275 275 276 276 279 279 280 281 281 282 281 282 283 284 284 285 285 285 283 286 286 284 285 284 287 289 295 296 298 298 297 296 291 291 294 294 291 292 295 291 290 290 291 290 290 290 290 290 289 290 290 290 290 290 290 290 290 291 290 290 294 294 298 294 297 297 297 290 288 288 290 288 289 292
272 270 270 269 271 272 273 275 275 275 276 277 276 277 278 280 279 280 281 282 282 282 284 284 284 285 285 286 286 287 286 286 286 285 285 287 295 300 301 296 299 293 291 290 292 294 291 291 295 292 290 292 292 290 290 290 289 290 290 290 291 290 290 291 291 291 290 292 291 292 303 301 302 298 294 293 293 290 290 288 288 288 290 290
269 270 270 271 269 270 271 275 276 276 274 277 277 278 279 280 280 281 281 282 282 283 284 284 283 285 285 286 286 287 287 287 287 287 286 286 291 295 301 302 302 294 292 291 291 292 293 291 291 291 290 290 291 290 290 290 290 289 290 291 290 290 292 296 296 295 295 296 300 296 300 303 304 303 294 291 293 290 293 292 288 288 288 289
271 272 271 270 270 270 270 274 276 277 277 276 277 276 276 278 280 281 282 283 283 282 281 284 281 285 285 286 287 287 287 287 287 288 285 288 289 292 297 297 298 294 291 290 291 291 291 293 290 291 290 291 292 293 291 290 290 290 291 291 293 293 293 305 305 304 303 304 299 301 302 302 302 303 294 289 289 289 289 289 290 292 289 290
271 270 271 271 270 272 274 275 276 276 275 277 279 277 277 281 281 281 282 283 281 282 282 283 282 282 284 284 287 287 288 287 286 286 286 288 292 293 293 302 299 300 298 292 293 291 291 291 293 293 292 291 290 291 291 291 291 290 293 295 296 296 293 300 303 303 304 306 301 302 296 302 302 298 298 293 297 297 293 290 290 296 296 301
273 271 271 271 272 271 273 274 275 273 274 278 279 280 279 281 281 282 282 281 283 283 285 280 278 285 287 287 287 287 288 288 288 288 287 289 292 291 291 294 303 304 304 293 290 291 290 291 292 291 291 291 291 291 292 292 291 292 293 300 305 305 305 306 302 297 303 304 306 305 302 305 302 301 303 303 301 302 297 290 290 290 289 292
271 270 271 271 273 274 275 276 276 275 275 277 279 280 280 279 281 282 281 282 284 288 281 278 280 285 287 288 287 287 288 288 288 288 289 287 288 288 289 292 299 305 299 293 290 292 291 291 291 291 293 291 291 292 292 293 291 296 300 305 303 303 302 292 289 293 303 303 304 304 305 303 302 302 300 303 298 298 302 297 293 292 287 289
270 272 273 271 274 276 275 275 275 275 276 277 279 280 281 279 280 280 281 283 283 281 280 283 282 285 287 287 287 288 288 288 288 289 289 288 287 288 289 292 295 292 291 291 291 292 292 293 293 293 293 293 291 294 293 293 294 300 303 303 297 297 289 289 289 291 293 294 303 304 306 300 304 302 302 301 302 301 303 302 297 293 290 289
270 274 273 273 273 274 277 274 276 276 276 277 280 281 281 282 282 280 282 283 283 280 279 285 285 286 288 287 288 288 288 289 289 289 288 288 289 289 290 291 295 291 291 290 290 293 293 293 293 294 292 293 291 292 296 294 296 304 297 297 293 286 286 283 290 291 301 303 306 302 307 306 305 303 303 296 301 301 298 303 302 302 297 292
270 273 273 274 273 274 274 274 275 275 277 279 280 281 281 282 282 281 282 283 286 280 280 284 286 287 288 288 288 288 288 289 289 289 288 289 289 288 290 290 293 292 291 291 291 291 293 293 293 292 294 295 292 293 297 297 301 304 303 293 299 284 285 287 294 301 301 298 298 302 298 302 304 302 302 302 302 302 298 298 298 298 293 297
276 281 281 276 277 276 273 274 275 275 277 279 280 281 281 282 282 281 282 283 284 279 281 286 286 288 288 288 288 288 288 289 290 290 290 290 291 289 289 293 291 290 291 291 291 292 294 292 292 293 293 292 291 291 293 294 294 302 305 304 305 305 305 293 300 297 302 302 302 302 295 301 306 303 304 302 301 304 299 298 294 298 293 293
277 277 273 266 268 280 282 278 277 277 277 277 280 280 281 282 283 284 282 283 283 279 284 287 287 288 287 288 288 289 289 290 290 288 288 289 290 290 290 290 290 291 294 294 294 294 294 292 292 293 293 292 292 293 292 293 293 297 298 303 299 305 305 305 302 299 308 294 295 293 295 298 297 293 305 304 299 298 298 303 294 293 293 293
276 278 281 280 278 283 276 275 275 276 277 278 278 277 281 283 283 284 284 282 282 283 286 287 287 287 287 288 288 289 289 290 290 288 288 290 290 290 291 292 290 293 293 294 294 295 295 292 294 295 295 294 294 293 293 302 302 298 299 303 307 306 300 300 307 309 298 294 294 293 293 295 294 301 295 294 291 291 298 293 298 298 293 297
271 277 280 278 284 285 282 280 281 274 277 278 278 280 281 282 283 283 285 285 286 287 287 287 287 288 288 288 288 289 289 290 291 289 289 290 291 291 291 291 291 294 292 293 292 293 293 292 293 299 299 295 295 294 298 303 309 310 304 299 304 307 305 305 305 298 292 292 293 294 293 292 293 292 291 290 289 289 289 293 298 303 298 298
262 276 279 279 283 285 276 275 277 277 276 278 281 279 280 282 284 285 285 285 285 286 287 287 287 288 288 289 289 288 289 290 291 291 288 290 291 292 293 290 292 292 292 293 293 294 293 294 296 299 304 297 295 299 299 303 310 308 310 304 304 304 310 310 309 302 291 291 290 294 292 290 291 292 289 288 288 288 289 293 298 303 301 301
267 268 280 284 279 281 278 277 277 278 277 278 279 279 278 283 284 285 285 285 285 286 286 287 287 288 288 289 289 289 290 291 292 288 289 289 289 291 291 291 291 292 293 293 292 293 293 295 299 296 297 297 296 304 304 305 305 304 311 311 304 304 304 304 303 294 290 293 293 294 291 291 290 291 290 288 288 287 289 290 293 298 302 303
271 277 282 281 282 275 278 280 281 278 279 279 278 276 279 284 284 285 285 285 284 285 286 286 287 287 287 289 290 290 290 291 289 289 289 292 290 291 291 292 293 292 292 295 295 294 293 299 304 299 300 299 309 308 305 297 305 305 304 311 304 303 298 294 294 292 291 291 293 293 293 292 290 290 291 288 289 289 289 290 293 290 293 303
266 277 277 281 276 272 274 275 275 276 277 281 281 280 282 283 283 283 284 285 285 285 286 286 287 288 289 290 292 291 291 292 291 289 290 289 291 292 293 293 294 294 293 295 295 295 297 304 312 312 312 312 311 305 300 297 299 299 304 307 307 310 306 298 293 292 291 292 293 291 291 292 291 290 290 289 295 300 294 290 298 293 290 289
270 278 275 283 285 275 275 274 275 279 280 282 282 282 284 283 283 284 284 285 285 285 286 286 287 289 289 291 292 292 292 292 292 293 290 292 290 293 295 295 295 294 294 296 300 297 297 300 305 305 300 301 305 305 305 305 300 305 305 311 308 307 307 303 295 295 292 294 295 292 292 291 291 290 289 289 292 291 291 291 305 298 304 293
271 274 277 279 277 272 274 275 278 279 281 282 280 280 284 285 285 285 285 285 285 285 286 288 288 289 289 290 291 292 291 292 291 292 293 294 291 292 293 293 295 296 299 300 304 310 313 297 297 298 296 296 298 298 305 312 305 300 299 304 304 304 310 298 295 295 295 294 294 297 294 301 301 295 290 290 289 288 288 291 291 288 288 293
276 274 276 279 280 276 275 278 280 280 281 282 282 280 284 285 285 285 286 285 285 286 287 288 289 288 289 289 290 292 292 293 292 292 293 293 293 291 293 295 294 299 297 304 308 310 300 301 298 298 301 298 298 298 306 306 297 296 299 299 299 304 303 298 297 294 294 292 292 293 296 296 296 301 290 290 290 291 291 294 291 287 287 288
273 272 274 279 286 274 273 278 280 280 281 282 282 281 281 285 285 286 286 287 287 288 289 289 289 289 289 289 290 291 293 293 293 294 293 291 294 293 293 303 312 312 313 309 309 308 313 306 306 306 301 300 298 298 298 300 299 299 304 304 296 299 304 303 298 294 294 292 291 293 293 293 291 293 293 290 292 300 294 294 294 289 288 286
273 262 269 277 278 274 274 278 278 281 281 282 282 283 284 281 284 286 286 287 288 289 289 289 290 290 289 289 290 291 292 293 290 290 290 291 292 294 298 311 313 308 293 286 288 295 304 308 313 314 305 306 306 307 301 300 305 305 312 311 311 304 298 310 310 303 298 294 292 294 292 293 290 290 293 290 290 295 295 294 294 291 290 288
270 272 275 279 278 275 278 280 280 281 282 282 283 284 284 282 281 286 286 288 288 289 289 290 290 290 289 290 290 292 293 293 293 290 291 291 291 292 296 313 306 294 277 274 273 278 287 300 295 310 307 302 307 314 310 312 312 308 312 296 296 293 304 308 311 311 304 304 295 292 293 293 291 291 296 295 295 295 295 300 299 290 287 286
275 274 276 278 275 275 279 280 281 281 282 283 280 281 282 281 282 286 287 288 289 289 289 290 290 291 292 292 292 292 293 290 293 292 293 292 292 295 309 297 283 282 282 277 271 281 301 313 307 307 307 306 306 313 313 301 301 301 309 300 297 295 299 309 309 312 304 305 298 292 292 292 302 308 306 308 301 300 294 289 289 290 293 289
