08 Ecocrop/raster/current/prec_7.asc
ncols        683
nrows        518
xllcorner    -87.691666666667
yllcorner    10.708333333333
cellsize     0.008333333333
NODATA_value  1.#QNAN
[rows 152 to 189 of 518, columns 420 to 503 of 683]
454 462 453 448 453 453 453 453 450 450 447 452 450 457 457 456 456 455 455 454 453 453 446 446 445 444 449 448 448 439 421 420 437 436 438 434 422 432 431 430 430 429 432 417 404 403 402 402 401 412 411 410 423 418 418 421 420 419 415 414 403 402 401 389 388 388 398 398 397 396 395 394 372 359 382 372 372 371 356 360 359 359 331 1.#QNAN
439 453 453 461 453 453 438 438 438 450 449 449 451 457 445 450 449 449 443 443 453 453 446 451 442 439 443 448 447 447 438 420 419 443 438 433 422 432 431 438 437 436 431 426 415 425 414 423 422 421 420 419 418 418 417 417 419 418 414 403 390 390 389 388 387 387 386 385 396 404 403 402 393 370 357 371 370 360 359 359 368 377 341 1.#QNAN
426 426 439 426 426 426 425 438 425 437 446 450 450 449 457 456 456 448 448 447 447 452 446 440 440 439 443 448 437 436 440 445 444 443 442 432 431 431 434 433 432 432 427 426 415 414 413 412 421 420 420 420 419 417 406 406 393 392 403 380 379 389 400 399 398 386 366 365 383 383 393 392 392 361 361 355 359 369 368 377 358 357 340 1.#QNAN
414 451 451 438 425 438 438 425 437 437 449 445 450 457 450 444 449 448 448 447 441 452 444 443 439 443 443 448 441 441 435 439 443 443 442 434 440 434 429 429 428 431 426 425 414 413 413 422 421 420 419 418 417 416 394 393 392 380 379 379 369 377 387 386 397 396 384 372 372 382 381 380 391 368 355 359 368 377 358 357 329 328 1.#QNAN 1.#QNAN
438 438 438 425 425 413 413 424 424 449 448 448 435 447 444 443 445 448 454 453 446 446 444 443 444 438 437 447 447 440 445 444 443 442 441 441 435 434 429 428 427 427 426 425 424 413 412 411 420 420 418 395 395 394 393 381 380 379 379 378 377 376 386 397 396 384 364 371 393 381 380 379 360 355 354 368 376 357 357 1.#QNAN 356 327 1.#QNAN 1.#QNAN
446 446 446 425 425 412 403 412 424 436 448 447 447 447 446 449 443 442 447 446 446 445 451 450 442 438 438 436 446 445 438 437 436 435 441 433 434 438 433 428 427 426 415 424 423 412 411 398 410 419 418 395 394 393 392 391 379 378 377 377 387 386 385 396 384 372 363 362 380 380 379 378 359 353 353 367 1.#QNAN 1.#QNAN 1.#QNAN 1.#QNAN 355 337 1.#QNAN 1.#QNAN
450 450 446 450 412 412 424 424 401 436 435 435 435 434 446 443 442 447 453 446 445 440 444 444 442 448 442 441 446 438 444 437 443 442 434 440 429 433 432 427 426 425 424 413 412 412 411 397 409 408 407 394 382 392 371 391 390 389 388 399 398 385 373 383 382 362 362 361 368 379 367 366 366 352 351 1.#QNAN 1.#QNAN 1.#QNAN 1.#QNAN 1.#QNAN 1.#QNAN 325 1.#QNAN 1.#QNAN
446 449 449 424 412 411 411 423 436 436 435 447 444 446 445 442 442 441 446 440 442 441 439 450 442 441 440 440 439 420 419 436 435 435 415 433 433 438 427 426 426 425 424 413 422 422 420 419 408 395 382 393 392 391 403 390 377 411 410 409 408 396 372 363 370 357 356 355 355 354 353 357 357 356 365 374 1.#QNAN 1.#QNAN 1.#QNAN 1.#QNAN 1.#QNAN 335 1.#QNAN 1.#QNAN
424 411 411 424 424 449 436 445 448 435 447 444 443 449 448 448 442 443 441 440 439 439 450 449 442 448 440 439 445 445 444 436 435 394 415 392 413 437 436 426 425 414 423 422 422 430 420 419 408 394 381 405 415 414 402 401 410 409 408 407 406 396 371 357 370 360 360 354 353 352 357 357 340 339 355 355 326 1.#QNAN 1.#QNAN 1.#QNAN 1.#QNAN 323 1.#QNAN 1.#QNAN
449 437 436 436 436 448 448 448 447 422 434 443 443 448 442 447 454 446 446 452 452 451 450 449 448 441 440 446 445 444 443 442 435 393 415 432 413 431 436 425 425 424 423 422 411 420 419 418 418 417 405 404 403 412 411 410 400 386 398 373 363 363 370 361 355 354 353 353 367 366 1.#QNAN 1.#QNAN 1.#QNAN 1.#QNAN 354 1.#QNAN 1.#QNAN 1.#QNAN 1.#QNAN 1.#QNAN 1.#QNAN 1.#QNAN 1.#QNAN 1.#QNAN
452 445 445 445 436 448 422 435 422 421 434 446 433 442 448 447 447 446 445 445 444 451 450 442 448 441 447 439 438 397 418 417 416 434 439 439 431 412 429 429 429 433 432 426 420 419 419 422 417 416 414 413 413 411 410 400 386 374 385 372 358 357 361 355 354 353 367 366 366 1.#QNAN 1.#QNAN 1.#QNAN 1.#QNAN 1.#QNAN 1.#QNAN 1.#QNAN 1.#QNAN 1.#QNAN 322 322 321 1.#QNAN 1.#QNAN 1.#QNAN
451 451 445 448 423 422 435 447 421 421 398 420 445 442 447 447 454 446 439 445 451 443 443 436 441 440 440 439 419 394 394 394 393 415 439 438 437 430 429 428 433 432 431 424 425 424 423 426 421 415 414 403 412 411 410 409 374 373 372 371 362 361 360 354 353 367 356 355 364 1.#QNAN 1.#QNAN 1.#QNAN 1.#QNAN 1.#QNAN 1.#QNAN 1.#QNAN 1.#QNAN 1.#QNAN 1.#QNAN 332 332 1.#QNAN 1.#QNAN 1.#QNAN
451 444 436 436 447 435 435 435 434 434 407 420 433 442 455 454 446 445 445 452 444 443 449 442 435 440 446 445 419 418 395 417 416 415 433 432 437 430 435 428 427 432 431 430 424 423 422 421 420 414 403 390 389 401 400 386 373 372 357 361 356 355 354 353 352 356 355 364 363 1.#QNAN 1.#QNAN 1.#QNAN 1.#QNAN 1.#QNAN 334 322 1.#QNAN 1.#QNAN 332 331 348 1.#QNAN 1.#QNAN 1.#QNAN
461 444 436 422 435 447 435 434 434 434 433 433 432 441 447 446 446 445 445 451 444 450 436 436 441 440 446 445 444 443 442 416 440 433 432 431 437 429 434 423 427 422 421 420 424 418 417 421 415 404 390 377 366 387 386 385 363 357 356 355 359 358 357 352 351 355 364 372 371 370 1.#QNAN 1.#QNAN 1.#QNAN 334 322 1.#QNAN 1.#QNAN 1.#QNAN 1.#QNAN 310 330 1.#QNAN 1.#QNAN 1.#QNAN
461 447 447 447 447 447 446 446 434 433 433 419 444 447 447 446 446 441 452 443 443 442 442 441 440 446 439 445 433 443 435 429 434 439 432 426 425 424 423 422 422 426 425 424 418 417 417 416 414 413 389 366 365 364 373 372 372 371 360 354 353 357 367 366 355 354 364 348 347 346 345 1.#QNAN 350 1.#QNAN 1.#QNAN 1.#QNAN 1.#QNAN 1.#QNAN 318 304 317 1.#QNAN 1.#QNAN 1.#QNAN
451 447 435 422 421 421 434 446 445 433 433 432 443 440 440 439 439 438 438 437 427 437 435 435 434 439 438 437 436 430 429 429 428 427 426 425 425 424 423 422 421 425 419 408 417 393 405 414 390 389 388 387 374 364 385 384 371 370 369 359 353 352 351 350 350 349 353 347 346 346 345 349 358 1.#QNAN 1.#QNAN 1.#QNAN 1.#QNAN 1.#QNAN 309 316 327 1.#QNAN 1.#QNAN 1.#QNAN
443 443 435 447 435 434 420 434 445 442 442 441 443 443 442 430 429 428 428 427 426 412 425 434 434 433 438 437 431 430 429 428 428 427 426 414 413 424 412 398 410 420 419 418 406 392 405 414 389 388 401 410 409 385 384 383 382 369 359 358 352 351 350 350 348 348 347 351 345 345 349 358 1.#QNAN 1.#QNAN 1.#QNAN 1.#QNAN 1.#QNAN 1.#QNAN 328 327 1.#QNAN 1.#QNAN 1.#QNAN 1.#QNAN
451 443 435 443 443 446 434 445 445 444 444 443 443 431 430 429 429 428 427 413 399 398 425 435 433 433 432 432 430 429 434 428 433 427 415 400 413 412 411 410 410 420 418 417 416 415 404 413 412 412 411 409 408 398 384 383 369 368 353 357 351 350 349 349 348 352 351 346 349 349 358 357 1.#QNAN 1.#QNAN 1.#QNAN 1.#QNAN 1.#QNAN 363 326 326 1.#QNAN 1.#QNAN 1.#QNAN 1.#QNAN
454 451 446 434 443 450 442 442 444 444 441 441 440 416 430 429 428 439 427 412 412 397 424 423 434 433 431 431 431 430 434 427 426 431 425 424 413 412 422 420 420 419 418 417 416 415 403 413 412 411 410 399 408 384 370 369 368 367 357 356 355 349 363 352 352 351 345 345 343 343 342 356 1.#QNAN 1.#QNAN 1.#QNAN 1.#QNAN 362 362 343 342 1.#QNAN 1.#QNAN 1.#QNAN 1.#QNAN
454 454 450 446 443 450 452 452 449 441 441 443 442 430 429 440 428 427 427 412 411 425 410 409 408 407 420 420 419 429 417 416 426 425 436 429 428 427 426 425 419 418 418 417 416 415 414 412 412 410 409 398 397 383 359 359 358 352 351 355 355 349 352 362 351 350 344 344 343 342 341 345 355 344 1.#QNAN 1.#QNAN 361 361 360 360 1.#QNAN 1.#QNAN 1.#QNAN 1.#QNAN
454 461 460 460 460 450 459 458 458 448 440 440 439 439 438 438 439 427 412 426 435 435 409 408 408 421 431 419 418 428 427 432 431 430 424 428 427 428 427 431 424 418 417 416 415 414 414 413 412 411 409 408 397 369 369 352 357 366 355 355 348 353 351 361 360 349 348 343 342 346 355 340 344 353 361 360 342 342 341 341 1.#QNAN 1.#QNAN 1.#QNAN 1.#QNAN
436 454 436 435 435 453 459 458 458 448 440 442 441 441 438 444 444 443 436 437 436 434 433 422 407 392 391 405 418 417 427 426 425 424 423 423 427 426 425 419 418 417 416 405 404 403 413 412 410 409 408 397 396 382 381 380 366 365 364 364 353 352 345 350 344 344 343 347 346 340 340 339 343 342 352 342 341 341 358 322 1.#QNAN 1.#QNAN 1.#QNAN 1.#QNAN
437 415 414 414 435 453 453 452 458 457 456 446 446 445 445 437 436 446 442 441 440 433 432 433 421 420 430 418 418 416 426 426 425 424 423 428 434 426 419 418 418 416 416 415 403 388 401 411 411 410 408 408 407 395 380 380 379 378 377 363 388 387 386 385 371 358 357 356 368 344 339 338 337 336 341 351 340 358 357 357 1.#QNAN 1.#QNAN 1.#QNAN 1.#QNAN
437 415 436 436 435 435 434 434 458 451 450 456 455 454 453 447 452 451 442 434 440 439 432 432 421 420 419 418 403 402 426 415 399 413 423 422 421 420 419 418 417 416 415 414 403 402 401 400 410 409 408 407 407 404 393 379 378 390 390 389 398 397 397 395 394 383 392 391 380 354 343 337 336 341 340 350 349 1.#QNAN 1.#QNAN 356 1.#QNAN 1.#QNAN 1.#QNAN 1.#QNAN
437 437 436 436 454 435 434 434 452 451 450 455 449 429 429 428 446 426 450 434 433 434 432 432 420 405 404 403 402 387 415 414 399 398 411 421 420 420 419 418 416 416 420 414 413 401 400 399 398 408 413 407 406 404 403 402 377 390 376 388 397 396 397 394 384 392 391 390 390 379 342 336 341 340 339 339 338 337 337 1.#QNAN 1.#QNAN 1.#QNAN 1.#QNAN 1.#QNAN
437 437 436 436 435 412 434 434 433 432 450 431 430 405 404 428 446 445 450 449 448 439 431 430 420 419 418 417 402 401 400 399 384 372 397 410 420 419 418 417 416 404 413 413 418 411 410 409 409 407 413 405 404 403 379 401 390 390 389 388 387 386 394 400 395 393 393 390 389 379 364 341 334 334 333 338 337 337 346 335 1.#QNAN 1.#QNAN 1.#QNAN 1.#QNAN
412 412 414 413 413 412 411 410 410 409 432 407 404 403 402 403 427 450 450 449 448 447 437 430 419 404 417 402 401 386 399 413 423 422 411 410 409 418 417 406 405 403 402 413 412 411 410 410 408 408 407 405 380 379 392 377 400 401 398 387 396 396 396 395 399 391 393 392 389 388 364 350 333 332 337 337 336 336 354 353 1.#QNAN 1.#QNAN 1.#QNAN 1.#QNAN
406 406 411 410 413 435 453 434 409 408 408 450 449 448 447 428 402 401 444 449 443 447 430 429 419 388 417 401 401 400 384 383 412 411 410 395 408 418 423 416 415 413 402 412 412 416 416 415 407 406 406 411 403 402 401 400 400 399 399 396 395 394 393 382 382 353 353 366 378 377 363 349 333 332 336 354 354 345 345 1.#QNAN 1.#QNAN 1.#QNAN 1.#QNAN 1.#QNAN
408 411 414 436 409 409 411 434 409 432 450 431 430 448 443 442 441 450 444 443 447 447 430 430 429 403 402 401 400 399 398 412 422 421 410 409 408 418 423 415 414 413 418 412 411 410 410 409 408 412 411 410 409 409 408 400 401 400 398 402 401 395 392 392 391 380 366 379 378 377 362 348 332 331 335 345 334 334 333 1.#QNAN 1.#QNAN 1.#QNAN 1.#QNAN 1.#QNAN
408 407 407 413 409 409 408 407 433 432 431 449 449 448 447 451 441 440 439 439 431 430 430 429 429 417 401 400 384 399 398 412 422 427 420 419 418 417 416 415 403 402 411 417 417 410 415 414 413 412 411 405 404 408 407 401 405 399 398 402 401 395 392 381 381 380 365 364 363 376 348 347 330 330 329 334 333 333 1.#QNAN 1.#QNAN 1.#QNAN 1.#QNAN 1.#QNAN 1.#QNAN
411 411 407 410 406 408 404 404 409 432 431 454 454 453 447 451 440 432 433 431 431 431 430 429 428 416 416 385 399 398 397 411 421 427 419 418 424 417 416 415 413 412 412 417 416 422 414 420 412 418 405 404 409 408 407 406 405 404 398 397 396 394 382 391 380 389 378 377 376 348 337 336 330 329 328 333 332 332 1.#QNAN 1.#QNAN 1.#QNAN 1.#QNAN 1.#QNAN 1.#QNAN
411 414 406 409 409 408 407 409 408 451 450 449 453 442 452 433 432 422 421 421 420 419 418 428 417 416 415 399 383 382 412 421 420 426 419 418 417 416 415 414 413 412 412 417 416 415 414 420 415 414 417 409 415 408 407 406 399 398 402 396 395 394 393 392 389 378 377 363 348 347 346 335 328 333 333 332 342 342 1.#QNAN 1.#QNAN 1.#QNAN 1.#QNAN 1.#QNAN 1.#QNAN
414 410 406 409 435 435 434 433 451 451 450 430 404 448 447 441 432 433 406 405 419 418 418 417 401 400 399 414 370 381 396 421 435 430 425 417 416 416 415 414 413 418 417 416 409 409 408 407 412 411 410 409 408 407 399 388 387 397 384 394 395 398 393 392 396 390 387 363 362 361 346 329 327 332 332 342 341 341 1.#QNAN 1.#QNAN 1.#QNAN 1.#QNAN 1.#QNAN 1.#QNAN
456 455 436 436 435 435 453 433 433 455 431 449 429 429 428 450 432 431 421 420 404 387 417 416 416 415 425 424 423 422 421 420 426 434 433 417 416 415 414 420 413 412 411 409 409 408 406 395 405 405 410 409 408 413 405 397 396 395 395 406 406 399 398 403 391 389 394 386 375 374 359 344 327 331 341 340 340 1.#QNAN 1.#QNAN 1.#QNAN 1.#QNAN 1.#QNAN 1.#QNAN 1.#QNAN
460 439 459 454 458 453 434 433 432 455 450 449 453 428 428 446 445 444 420 404 388 387 402 401 426 399 424 423 422 422 410 409 419 425 433 423 422 415 420 413 412 411 399 398 397 407 395 395 394 403 403 408 413 408 404 396 395 394 395 394 399 405 400 402 395 377 388 398 386 383 358 333 326 330 340 340 1.#QNAN 1.#QNAN 1.#QNAN 1.#QNAN 1.#QNAN 1.#QNAN 1.#QNAN 1.#QNAN
448 440 447 447 437 439 436 445 455 455 454 449 452 402 447 446 445 448 437 430 387 402 417 416 400 398 413 422 421 421 410 419 419 418 424 416 422 421 413 412 401 410 399 383 382 396 395 404 403 402 401 407 413 412 404 398 397 394 383 382 393 398 403 402 395 389 386 375 383 373 358 332 325 330 340 340 339 1.#QNAN 1.#QNAN 1.#QNAN 1.#QNAN 1.#QNAN 1.#QNAN 1.#QNAN
447 438 437 437 437 438 438 437 444 454 442 442 452 447 446 446 449 448 447 428 418 417 427 426 414 398 397 412 422 421 394 393 418 406 416 415 414 414 412 401 400 410 398 382 381 365 364 405 403 403 414 413 413 412 398 403 397 396 393 391 391 390 403 402 389 386 375 374 373 358 343 342 324 329 329 346 1.#QNAN 1.#QNAN 1.#QNAN 1.#QNAN 1.#QNAN 1.#QNAN 1.#QNAN 1.#QNAN
437 439 439 436 445 436 437 437 436 434 442 441 441 440 450 439 430 429 428 428 417 416 426 425 424 413 381 422 421 420 409 392 407 391 416 404 403 413 412 400 399 409 397 396 396 395 393 403 402 402 407 406 405 405 398 397 396 393 392 393 390 389 388 387 386 375 374 345 358 343 331 325 324 329 328 338 1.#QNAN 1.#QNAN 1.#QNAN 1.#QNAN 1.#QNAN 1.#QNAN 1.#QNAN 1.#QNAN
