08 Ecocrop/raster/current/prec_1.asc
ncols        683
nrows        518
xllcorner    -87.691666666667
yllcorner    10.708333333333
cellsize     0.008333333333
NODATA_value  1.#QNAN
[rows 120 to 159 of 518, columns 364 to 454 of 683]
152 156 161 162 163 165 183 182 183 185 176 167 164 162 161 157 157 159 151 156 156 155 150 157 157 160 159 155 157 155 153 153 156 157 158 150 150 149 149 149 152 139 146 146 139 135 135 139 139 135 146 151 146 139 146 151 151 146 146 146 151 149 149 150 151 151 151 151 151 151 155 155 151 159 155 156 159 152 151 151 156 151 147 140 133 133 133 135 133 133 133
153 158 160 157 165 168 179 173 182 180 167 179 166 167 163 155 155 156 157 158 159 149 149 151 149 158 156 158 157 155 154 149 152 157 158 157 153 157 149 148 151 145 139 145 145 132 132 134 145 145 138 138 138 138 145 134 138 151 145 145 145 151 149 149 139 151 150 149 149 149 149 149 150 151 151 155 155 158 151 151 151 150 151 151 151 134 139 151 139 139 133
152 161 166 161 161 161 174 166 165 168 166 165 180 173 170 161 154 153 154 156 152 147 150 150 150 150 149 132 140 139 139 140 145 157 153 149 153 153 153 151 150 138 147 150 144 138 138 138 138 131 131 138 131 144 133 133 138 138 138 145 145 145 150 150 150 149 145 150 150 150 150 149 150 145 138 149 150 155 151 149 150 150 151 151 151 151 150 146 138 138 138
156 166 157 156 156 156 159 163 159 176 168 172 171 181 180 159 156 156 156 154 154 147 150 152 145 140 139 138 139 132 132 133 137 139 150 144 138 138 149 150 143 143 146 146 146 146 149 149 143 143 149 137 133 144 137 137 144 144 149 148 147 144 149 148 149 149 148 144 144 150 150 149 150 150 150 149 149 150 154 149 145 145 151 158 151 151 149 151 150 138 145
157 156 158 156 152 151 154 164 163 164 159 164 161 173 177 163 158 156 155 155 149 150 157 148 134 134 137 149 138 130 128 125 130 129 133 133 137 137 142 132 136 132 142 142 136 142 142 136 136 136 148 143 132 132 132 136 149 149 147 147 147 152 152 152 152 147 149 147 147 148 153 156 149 153 148 148 148 148 149 150 150 149 149 149 149 149 149 151 158 145 145
154 154 154 153 150 153 158 161 156 160 158 157 156 157 174 161 155 153 154 150 148 150 155 147 137 133 142 149 148 136 130 129 126 127 131 129 129 131 132 129 131 135 135 131 129 129 131 135 131 129 142 142 129 136 131 136 146 146 147 146 148 151 152 146 148 148 147 148 148 147 156 156 153 148 148 147 149 149 149 148 148 144 144 148 148 148 148 149 150 150 149
154 152 151 150 148 161 165 157 157 154 154 153 152 156 176 160 159 152 155 154 142 145 145 145 142 135 141 145 145 144 136 129 130 127 128 128 128 128 128 130 134 141 130 130 130 130 134 134 135 130 130 135 130 130 135 147 147 145 145 145 145 146 151 146 146 146 146 146 147 146 147 152 147 152 148 147 148 147 147 147 147 148 148 148 149 148 148 148 148 148 148
151 161 159 148 149 149 152 151 150 163 150 148 151 152 157 157 157 153 153 151 143 146 142 143 145 142 144 146 144 149 147 135 130 125 125 127 125 125 125 125 133 133 129 140 129 129 129 140 140 134 128 128 128 130 134 141 144 145 145 146 147 145 147 147 146 151 147 145 147 147 147 147 147 147 147 147 142 135 135 142 148 148 148 148 148 148 147 147 148 148 143
150 147 141 143 143 147 143 143 146 148 149 148 144 145 146 148 150 150 144 142 144 145 140 141 141 141 142 145 142 143 140 133 138 133 121 124 138 138 124 124 132 145 133 139 139 133 133 127 127 129 127 127 127 126 126 127 140 140 140 146 146 141 141 146 146 145 145 146 151 153 154 146 146 145 146 147 147 146 146 147 146 148 148 147 147 147 147 149 148 135 142
145 146 147 144 142 143 143 144 148 150 150 147 148 146 144 145 151 148 141 141 142 143 142 142 142 137 143 143 143 131 132 128 131 131 137 143 137 131 127 127 127 132 138 138 132 126 124 132 126 124 126 125 126 126 133 133 140 140 140 146 144 144 144 144 144 144 144 145 150 154 154 154 154 145 145 145 145 147 152 147 147 147 155 148 148 153 148 146 146 142 134
159 160 150 144 141 142 144 147 144 145 146 146 150 151 146 143 149 141 139 141 140 138 138 138 138 141 130 130 130 136 142 143 130 126 142 144 140 137 130 137 143 137 137 131 125 125 125 125 124 124 127 132 124 124 128 132 139 145 145 145 132 139 143 143 144 144 144 145 144 144 144 144 150 150 146 144 145 146 145 145 151 155 152 147 146 146 146 146 134 129 129
149 150 151 150 141 142 145 149 148 147 143 147 152 144 144 147 146 144 140 137 137 137 140 140 137 137 129 130 130 135 138 142 138 141 142 144 148 139 136 142 142 143 137 130 122 123 123 123 123 127 125 131 127 131 138 125 127 144 144 139 139 139 145 143 143 149 145 143 143 145 145 132 144 144 144 150 145 144 146 146 151 153 151 151 145 146 145 141 141 127 127
145 146 147 148 145 140 144 152 151 149 145 143 150 147 142 143 145 147 136 136 136 136 136 136 136 136 133 134 134 140 137 137 138 137 137 138 146 143 138 138 139 139 142 136 125 130 126 126 124 124 126 126 124 126 126 131 131 138 138 131 131 138 138 144 142 143 143 143 143 139 139 132 145 143 145 143 145 144 144 145 145 154 151 146 146 145 145 145 140 128 127
144 145 145 146 148 149 160 161 162 150 147 143 141 149 143 143 146 145 143 139 135 135 144 143 140 135 135 135 136 136 139 139 139 136 137 146 146 143 138 138 143 144 139 138 129 142 136 125 125 125 130 124 122 122 124 126 130 137 137 143 137 138 138 143 143 142 143 143 144 131 138 126 138 139 144 143 144 139 139 139 139 144 144 139 139 139 132 132 132 126 127
144 145 144 145 146 147 150 148 158 159 150 144 143 144 141 142 145 134 142 142 138 138 139 139 134 139 134 138 135 135 140 135 139 136 139 140 136 136 137 137 143 143 141 134 135 128 135 124 123 121 125 123 121 122 123 125 130 125 125 130 137 137 143 141 137 143 143 124 126 130 138 138 143 143 144 144 144 138 138 138 138 131 139 131 127 131 127 127 131 126 126
143 143 145 146 145 145 145 146 148 155 157 145 140 142 140 144 141 139 141 137 137 141 142 142 139 143 143 143 143 143 140 143 144 135 138 138 135 139 136 136 136 133 140 123 127 137 134 120 117 120 128 128 122 121 124 129 136 129 136 136 129 129 129 136 129 129 125 130 130 137 130 143 141 143 137 138 143 143 143 142 143 138 130 130 131 126 131 144 144 139 126
141 142 142 143 143 144 144 144 147 157 149 150 147 156 142 141 143 143 140 140 137 141 141 142 141 142 142 142 139 139 139 143 134 134 135 134 135 135 138 132 132 133 133 133 133 140 134 121 117 117 127 128 128 124 124 124 139 141 135 141 142 142 142 142 136 129 129 136 129 129 125 137 137 137 142 142 143 143 143 142 137 137 125 124 124 124 130 138 143 145 138
141 141 142 149 149 149 148 145 153 146 141 145 146 157 147 138 138 136 139 139 136 140 140 140 140 140 141 141 141 141 142 138 133 133 133 139 140 135 138 131 125 121 121 126 139 126 120 120 120 119 119 123 120 121 123 134 141 138 141 141 141 141 141 139 141 136 136 140 142 142 129 129 129 129 136 136 124 129 137 142 128 124 124 124 123 121 129 143 142 144 143
133 136 132 135 138 136 142 143 153 144 140 156 146 146 149 143 139 135 139 139 139 139 139 139 136 140 137 140 137 140 141 137 142 138 133 139 139 139 133 131 131 120 121 132 132 125 115 115 120 118 119 116 116 116 122 134 140 139 138 134 134 140 140 139 128 141 141 141 139 141 141 135 124 136 124 128 128 124 136 141 128 124 124 124 124 124 129 142 142 144 144
129 129 130 130 131 132 135 136 136 139 139 144 147 145 145 147 157 156 136 138 138 138 138 135 139 139 139 136 139 137 137 140 141 141 138 132 138 139 133 136 124 120 124 131 137 120 117 117 118 119 120 118 118 119 120 126 133 139 137 137 139 138 138 139 140 140 138 139 140 139 141 135 122 122 122 122 122 128 128 141 135 135 136 123 124 124 142 141 142 142 144
131 128 129 132 132 133 131 135 135 133 138 143 153 146 144 144 147 145 142 137 133 137 137 128 134 139 135 129 129 135 140 140 140 140 141 132 142 142 133 132 133 123 136 134 137 131 120 118 114 114 114 112 115 118 121 133 139 133 139 138 138 137 139 139 145 149 139 138 138 127 127 134 127 121 123 123 122 122 123 127 134 140 141 135 123 128 141 141 141 143 141
146 147 131 128 129 129 130 131 135 137 137 135 136 152 145 149 141 141 138 136 132 136 136 136 137 137 138 134 128 129 130 130 140 140 140 131 131 132 138 132 133 135 129 129 130 123 123 124 113 114 114 114 114 120 119 121 136 136 137 136 136 138 137 139 138 137 145 139 139 139 134 134 140 134 134 122 120 118 118 122 122 134 127 122 121 121 122 135 135 123 123
127 131 130 127 128 130 131 131 130 133 133 134 135 135 133 137 137 134 134 136 131 135 135 132 136 136 136 137 128 138 129 135 135 136 140 130 130 134 134 134 131 132 138 129 129 136 130 130 117 113 113 113 117 118 124 135 135 135 142 136 143 137 138 136 136 138 133 133 121 139 137 138 139 134 122 121 120 120 120 120 121 121 126 126 121 122 127 122 122 127 127
123 128 128 129 127 129 130 130 132 132 128 134 134 134 135 131 136 126 132 131 130 134 125 125 125 126 132 127 133 137 138 134 129 129 135 135 130 130 131 137 141 132 132 138 133 132 129 117 123 117 116 116 119 130 131 137 131 134 136 136 137 135 136 138 137 132 132 125 125 138 137 139 139 139 126 121 126 133 126 133 133 133 133 134 126 121 121 122 122 134 139
118 117 119 119 119 130 128 130 129 132 122 133 133 132 130 124 124 123 134 133 133 130 124 125 128 128 132 132 127 137 133 128 131 131 128 129 129 129 130 136 140 137 131 138 132 131 135 122 118 118 117 118 118 130 134 134 119 136 134 123 131 131 131 124 124 123 131 124 138 138 138 144 139 137 120 120 121 125 125 133 138 139 121 121 121 125 121 121 120 126 126
116 117 117 119 119 120 131 131 130 131 120 119 125 130 120 121 121 121 127 131 129 132 133 124 130 125 131 131 132 136 136 137 127 127 131 131 128 128 140 140 140 141 141 137 130 134 128 128 121 117 122 122 122 122 122 133 123 118 123 119 123 119 119 117 118 117 118 119 119 120 132 138 138 138 132 120 120 125 125 138 138 138 138 138 138 133 133 120 125 125 133
115 116 123 118 118 118 118 119 118 118 117 118 118 118 119 122 119 120 120 127 129 130 129 133 123 134 134 135 131 131 135 136 133 133 133 134 127 134 135 135 136 129 136 137 133 127 133 127 134 117 134 128 135 135 122 122 122 116 112 116 117 117 117 116 111 111 117 119 118 119 131 137 137 137 131 132 119 119 120 124 138 132 137 137 137 137 137 138 138 138 138
115 122 128 129 118 118 108 108 108 114 120 118 126 120 126 131 119 120 127 128 130 130 129 132 132 130 130 130 124 131 136 132 125 126 133 126 127 130 118 118 118 125 129 130 136 130 133 120 116 113 116 128 128 128 128 121 117 116 112 112 115 115 113 113 116 117 123 130 123 136 136 137 135 131 131 131 123 131 124 119 119 124 137 137 139 139 137 138 132 138 138
126 128 129 130 118 114 114 119 119 119 118 118 120 119 124 125 119 130 131 131 132 133 132 122 132 133 133 134 133 130 135 136 125 129 129 123 112 113 113 117 118 112 118 125 125 115 113 115 114 113 114 116 120 120 116 128 121 117 117 117 117 129 117 116 115 118 130 134 136 134 136 137 130 130 118 123 123 123 123 123 123 131 131 137 136 136 137 137 137 137 131
128 129 125 117 118 109 113 119 119 114 113 118 114 114 119 118 119 119 119 120 130 131 131 132 128 121 122 122 129 123 126 127 124 132 132 125 129 110 109 113 117 117 113 125 125 118 119 115 113 115 114 114 115 116 116 116 116 128 134 132 132 132 134 117 117 122 129 135 135 135 134 134 122 122 122 136 130 130 122 123 130 135 138 136 138 139 136 131 123 137 131
129 124 117 108 106 99 105 116 103 108 111 112 106 103 115 120 116 121 119 119 127 131 130 127 132 120 121 121 122 129 113 120 126 125 125 125 126 128 112 112 129 130 117 117 117 131 112 114 114 113 115 115 119 126 127 120 120 120 133 133 132 144 140 121 128 134 133 129 129 121 135 129 129 122 117 129 134 130 130 137 135 137 144 144 138 138 135 130 130 136 136
115 110 109 105 102 97 99 98 95 96 101 110 106 103 106 107 108 109 106 121 119 120 126 131 127 123 123 120 121 121 125 125 126 123 123 124 124 128 115 116 122 123 116 112 117 124 117 113 112 111 111 114 114 119 126 132 126 127 132 133 139 140 140 128 128 134 132 134 128 128 134 134 121 121 121 135 134 136 135 134 137 135 137 137 144 135 135 135 130 136 130
100 92 88 87 90 90 88 90 89 89 98 96 101 105 99 98 98 100 102 103 105 115 115 121 122 122 122 123 124 124 118 119 119 113 126 123 114 121 115 122 128 128 129 112 111 111 113 117 117 118 112 118 118 125 129 131 131 130 130 130 139 139 140 133 133 134 132 132 132 120 128 128 128 134 134 136 133 136 136 143 147 143 143 144 148 144 137 138 138 138 138
91 86 86 86 87 87 87 89 89 90 91 92 99 96 99 94 94 95 93 94 96 102 104 103 105 109 110 122 123 123 124 112 112 107 113 113 109 106 108 114 124 125 128 111 109 109 112 112 113 117 117 124 125 125 130 137 132 131 132 132 139 143 142 133 133 131 133 127 133 132 132 128 128 132 133 133 133 135 142 142 145 147 143 143 143 144 144 144 134 144 134
94 93 92 89 83 85 85 87 89 88 90 90 91 92 96 94 93 97 92 94 96 94 96 100 101 103 105 116 110 110 111 111 104 106 112 107 107 109 120 120 114 109 109 109 110 110 116 116 112 112 124 124 124 124 117 131 131 129 129 131 143 139 143 142 144 140 132 127 127 131 141 141 132 133 135 135 146 146 142 142 135 136 133 128 136 136 136 137 137 137 137
96 100 95 89 85 85 85 84 86 88 88 89 89 89 95 90 91 91 92 94 95 93 96 96 100 100 105 103 105 106 105 107 107 106 112 112 112 109 113 113 109 110 109 107 111 122 115 122 116 123 116 116 117 117 117 117 117 131 129 131 138 138 139 139 132 139 133 131 132 126 133 143 145 134 132 134 134 146 146 135 135 142 135 133 143 143 143 133 136 136 134
91 98 95 91 91 89 83 85 85 87 86 86 88 91 90 89 91 91 92 94 94 93 95 95 99 96 101 101 103 104 106 104 106 107 117 124 123 122 125 113 113 113 108 110 114 127 125 128 122 115 123 123 129 123 116 124 124 124 130 130 138 138 138 131 143 130 132 139 144 140 131 140 131 131 141 134 134 131 141 146 142 144 146 142 142 135 143 136 136 133 136
95 91 92 89 88 94 87 85 85 86 87 88 88 90 90 88 89 91 92 92 91 93 94 95 99 96 94 97 101 105 103 104 110 110 110 122 122 121 122 119 119 113 109 109 120 124 125 126 125 128 128 126 128 129 123 129 130 128 128 128 142 140 142 143 141 143 132 139 137 142 132 133 133 130 140 140 141 131 141 143 146 146 146 142 142 132 135 143 135 132 132
90 87 91 89 87 88 89 84 85 84 86 87 88 86 88 89 89 92 92 91 91 93 94 94 95 93 96 94 97 102 104 105 105 116 122 120 120 124 121 112 108 108 109 109 113 126 124 126 127 121 128 126 126 128 129 127 136 136 137 128 137 140 140 136 140 143 131 131 143 141 144 144 140 130 140 140 133 133 145 145 145 141 141 134 131 135 135 144 147 147 147
96 90 91 88 81 86 90 89 88 91 84 86 86 86 88 89 89 89 90 90 92 92 93 94 98 98 99 101 103 102 102 104 109 109 109 119 120 122 121 111 107 118 107 108 109 126 125 133 126 138 138 134 127 126 128 135 136 136 136 127 129 135 136 136 135 140 138 131 143 139 143 137 144 144 144 144 140 145 138 142 145 141 134 134 131 131 146 146 144 144 139
