08 Ecocrop/raster/current/prec_5.asc
ncols        683
nrows        518
xllcorner    -87.691666666667
yllcorner    10.708333333333
cellsize     0.008333333333
NODATA_value  1.#QNAN
[rows 37 to 73 of 518, columns 336 to 419 of 683]
166 166 167 167 167 166 166 167 167 167 167 168 168 168 169 169 169 169 1.#QNAN 1.#QNAN 1.#QNAN 1.#QNAN 1.#QNAN 1.#QNAN 1.#QNAN 1.#QNAN 1.#QNAN 1.#QNAN 1.#QNAN 1.#QNAN 1.#QNAN 1.#QNAN 1.#QNAN 1.#QNAN 1.#QNAN 1.#QNAN 1.#QNAN 1.#QNAN 1.#QNAN 1.#QNAN 1.#QNAN 1.#QNAN 1.#QNAN 1.#QNAN 1.#QNAN 1.#QNAN 1.#QNAN 1.#QNAN 1.#QNAN 1.#QNAN 1.#QNAN 1.#QNAN 1.#QNAN 1.#QNAN 1.#QNAN 1.#QNAN 1.#QNAN 1.#QNAN 1.#QNAN 1.#QNAN 1.#QNAN 1.#QNAN 188 185 1.#QNAN 1.#QNAN 1.#QNAN 1.#QNAN 1.#QNAN 1.#QNAN 1.#QNAN 1.#QNAN 1.#QNAN 1.#QNAN 189 188 189 189 189 190 191 190 191 193
166 167 168 168 167 167 167 168 168 168 168 168 168 169 169 170 170 170 170 1.#QNAN 1.#QNAN 1.#QNAN 1.#QNAN 1.#QNAN 1.#QNAN 1.#QNAN 1.#QNAN 1.#QNAN 1.#QNAN 1.#QNAN 1.#QNAN 1.#QNAN 1.#QNAN 1.#QNAN 1.#QNAN 1.#QNAN 1.#QNAN 1.#QNAN 1.#QNAN 1.#QNAN 1.#QNAN 1.#QNAN 1.#QNAN 1.#QNAN 1.#QNAN 1.#QNAN 1.#QNAN 1.#QNAN 1.#QNAN 1.#QNAN 1.#QNAN 1.#QNAN 1.#QNAN 1.#QNAN 1.#QNAN 1.#QNAN 1.#QNAN 1.#QNAN 1.#QNAN 1.#QNAN 1.#QNAN 1.#QNAN 185 184 185 187 1.#QNAN 1.#QNAN 1.#QNAN 1.#QNAN 1.#QNAN 1.#QNAN 1.#QNAN 1.#QNAN 1.#QNAN 189 190 190 190 190 190 191 192 193
167 167 167 168 167 168 168 168 169 169 168 169 169 169 170 170 170 171 171 171 171 1.#QNAN 1.#QNAN 1.#QNAN 1.#QNAN 1.#QNAN 1.#QNAN 1.#QNAN 1.#QNAN 1.#QNAN 1.#QNAN 1.#QNAN 1.#QNAN 1.#QNAN 1.#QNAN 1.#QNAN 1.#QNAN 1.#QNAN 1.#QNAN 1.#QNAN 1.#QNAN 1.#QNAN 1.#QNAN 1.#QNAN 1.#QNAN 1.#QNAN 1.#QNAN 1.#QNAN 1.#QNAN 1.#QNAN 1.#QNAN 1.#QNAN 1.#QNAN 1.#QNAN 1.#QNAN 1.#QNAN 1.#QNAN 1.#QNAN 1.#QNAN 1.#QNAN 1.#QNAN 184 185 185 185 186 1.#QNAN 1.#QNAN 1.#QNAN 1.#QNAN 1.#QNAN 1.#QNAN 1.#QNAN 1.#QNAN 1.#QNAN 189 191 190 191 191 191 192 192 193
168 168 168 168 168 169 169 169 170 169 169 169 170 170 170 171 171 171 172 172 172 172 1.#QNAN 1.#QNAN 1.#QNAN 173 1.#QNAN 1.#QNAN 1.#QNAN 1.#QNAN 1.#QNAN 1.#QNAN 1.#QNAN 1.#QNAN 1.#QNAN 1.#QNAN 1.#QNAN 1.#QNAN 1.#QNAN 1.#QNAN 1.#QNAN 1.#QNAN 1.#QNAN 1.#QNAN 1.#QNAN 1.#QNAN 1.#QNAN 1.#QNAN 1.#QNAN 1.#QNAN 1.#QNAN 1.#QNAN 1.#QNAN 1.#QNAN 1.#QNAN 1.#QNAN 1.#QNAN 1.#QNAN 1.#QNAN 1.#QNAN 1.#QNAN 185 185 185 186 186 1.#QNAN 1.#QNAN 1.#QNAN 1.#QNAN 1.#QNAN 1.#QNAN 1.#QNAN 1.#QNAN 1.#QNAN 190 192 191 191 191 192 192 192 193
168 169 169 169 169 170 171 170 170 170 170 171 171 170 170 171 172 172 172 173 174 174 173 1.#QNAN 173 174 174 1.#QNAN 1.#QNAN 1.#QNAN 1.#QNAN 1.#QNAN 1.#QNAN 1.#QNAN 1.#QNAN 1.#QNAN 1.#QNAN 1.#QNAN 1.#QNAN 1.#QNAN 1.#QNAN 1.#QNAN 1.#QNAN 1.#QNAN 1.#QNAN 1.#QNAN 1.#QNAN 1.#QNAN 1.#QNAN 1.#QNAN 1.#QNAN 1.#QNAN 1.#QNAN 1.#QNAN 1.#QNAN 1.#QNAN 1.#QNAN 1.#QNAN 1.#QNAN 1.#QNAN 185 186 186 186 186 186 1.#QNAN 1.#QNAN 188 188 188 1.#QNAN 1.#QNAN 1.#QNAN 1.#QNAN 191 192 191 192 193 193 193 194 194
170 170 170 170 170 170 171 171 171 172 172 171 171 171 171 172 172 172 172 173 174 173 173 173 173 174 175 175 175 175 175 1.#QNAN 1.#QNAN 1.#QNAN 1.#QNAN 1.#QNAN 1.#QNAN 1.#QNAN 1.#QNAN 1.#QNAN 1.#QNAN 1.#QNAN 1.#QNAN 1.#QNAN 1.#QNAN 1.#QNAN 1.#QNAN 1.#QNAN 1.#QNAN 1.#QNAN 1.#QNAN 1.#QNAN 1.#QNAN 1.#QNAN 1.#QNAN 1.#QNAN 1.#QNAN 1.#QNAN 1.#QNAN 186 185 186 186 187 187 187 188 188 188 189 188 1.#QNAN 1.#QNAN 1.#QNAN 1.#QNAN 190 192 192 192 193 194 194 193 194
169 171 170 171 171 170 171 172 172 172 172 171 171 171 172 172 173 173 172 173 174 174 173 173 174 175 175 175 175 175 176 177 177 177 1.#QNAN 1.#QNAN 1.#QNAN 1.#QNAN 1.#QNAN 1.#QNAN 1.#QNAN 1.#QNAN 1.#QNAN 1.#QNAN 1.#QNAN 1.#QNAN 1.#QNAN 1.#QNAN 1.#QNAN 1.#QNAN 1.#QNAN 1.#QNAN 1.#QNAN 1.#QNAN 1.#QNAN 1.#QNAN 1.#QNAN 1.#QNAN 185 188 186 186 187 187 188 188 188 189 189 189 189 189 189 1.#QNAN 190 191 193 193 193 193 193 193 193 194
170 171 171 171 171 171 172 172 172 172 172 172 171 172 172 172 172 173 173 174 174 174 174 174 174 175 175 176 176 176 177 177 177 178 178 178 178 178 179 180 180 181 180 181 182 1.#QNAN 1.#QNAN 1.#QNAN 1.#QNAN 1.#QNAN 1.#QNAN 1.#QNAN 1.#QNAN 1.#QNAN 1.#QNAN 1.#QNAN 1.#QNAN 186 186 187 187 187 187 188 188 188 189 189 189 189 189 190 190 190 191 191 192 192 192 193 193 193 194 194
172 171 171 171 171 171 172 174 173 173 173 172 172 173 173 172 173 173 174 174 174 175 174 174 175 176 176 176 176 177 177 178 178 178 178 179 179 179 180 180 180 180 181 181 181 1.#QNAN 1.#QNAN 1.#QNAN 1.#QNAN 1.#QNAN 1.#QNAN 1.#QNAN 1.#QNAN 1.#QNAN 1.#QNAN 1.#QNAN 1.#QNAN 186 186 188 188 189 188 189 189 189 190 189 189 190 190 190 190 191 191 192 192 192 193 193 193 194 194 195
170 172 173 172 172 172 173 174 174 174 174 173 173 174 174 173 174 174 174 176 175 176 176 177 176 177 176 177 178 177 178 178 178 179 179 180 180 181 180 181 181 181 181 1.#QNAN 1.#QNAN 182 183 1.#QNAN 1.#QNAN 1.#QNAN 1.#QNAN 1.#QNAN 1.#QNAN 1.#QNAN 1.#QNAN 185 186 186 187 188 191 192 190 191 191 189 190 191 190 190 192 191 191 191 192 192 192 193 193 194 194 194 194 195
171 172 172 172 172 172 172 173 173 174 173 173 174 173 174 174 174 174 175 175 175 176 176 177 177 177 177 178 177 178 178 179 179 180 180 181 181 181 182 181 181 181 182 182 183 183 184 1.#QNAN 1.#QNAN 1.#QNAN 1.#QNAN 184 185 185 186 186 186 186 188 188 190 192 190 191 191 191 191 191 191 191 192 193 193 192 193 193 193 193 194 194 194 195 195 195
172 173 172 172 173 173 172 173 174 174 174 174 174 174 174 174 174 174 174 175 176 176 177 177 178 178 178 177 178 179 179 180 180 181 180 181 181 182 182 182 182 183 183 183 183 183 184 184 184 184 1.#QNAN 185 185 186 186 186 187 187 188 188 189 189 189 189 190 191 192 192 191 192 193 191 192 193 194 194 194 194 194 194 195 196 195 195
173 173 173 172 172 173 173 173 174 174 174 174 175 175 174 175 175 174 175 176 176 177 177 178 178 178 179 178 178 179 180 180 181 181 181 182 182 182 183 183 183 183 183 183 183 183 184 184 184 185 185 186 186 187 187 187 187 188 188 189 189 189 190 190 190 191 192 192 192 193 193 192 193 193 193 193 195 195 195 195 196 195 196 196
173 174 173 172 172 172 173 173 174 174 174 174 175 176 175 176 176 175 175 176 177 177 177 178 178 178 179 179 180 180 180 181 181 181 182 182 182 183 184 184 183 183 183 183 184 184 185 185 185 186 185 186 187 187 187 187 188 188 188 189 189 190 191 192 193 192 193 193 195 192 193 193 193 194 194 194 194 195 196 196 196 197 196 197
173 173 172 172 172 172 173 173 173 174 174 174 176 178 178 176 176 176 176 176 178 178 178 178 179 179 180 180 181 180 181 181 182 183 182 183 183 183 183 183 183 184 184 184 185 185 185 186 186 186 187 188 188 188 188 187 188 189 189 189 191 192 194 195 194 194 195 193 194 194 194 193 193 193 194 196 195 195 198 197 197 197 197 198
173 174 174 174 174 173 173 173 174 174 177 176 177 179 178 178 177 177 177 178 179 179 178 179 179 179 180 181 180 181 182 182 182 183 183 183 183 184 185 185 184 184 186 187 185 185 185 186 186 186 187 189 189 188 188 188 189 189 189 190 191 192 193 193 195 196 194 193 193 194 193 194 193 194 194 195 196 197 197 198 199 199 198 199
174 174 174 174 173 174 174 175 175 176 177 178 177 178 179 177 178 178 178 178 179 179 179 179 179 180 180 180 181 181 182 182 182 183 183 184 184 185 186 186 185 184 185 185 185 186 186 186 187 187 188 187 187 188 188 188 189 190 191 191 192 193 192 192 193 194 195 196 195 194 195 195 194 194 195 196 197 198 199 199 198 198 199 200
174 174 174 174 174 175 174 175 174 176 177 178 177 178 179 178 179 179 180 179 180 180 180 180 179 180 180 180 181 182 182 183 183 183 183 184 185 185 185 186 186 185 185 185 186 186 186 187 187 187 188 188 188 188 188 189 189 190 191 191 192 192 192 192 194 194 197 197 197 196 196 195 195 195 196 198 198 199 200 200 200 200 200 199
173 174 174 175 175 175 176 176 176 177 177 177 179 178 179 179 180 180 180 179 180 180 180 179 180 180 181 181 182 182 183 184 184 185 185 185 185 185 187 186 186 185 186 186 186 186 187 187 187 187 188 188 188 189 189 189 191 190 190 191 192 192 192 192 193 195 196 197 197 196 196 195 196 196 196 197 198 197 198 198 199 200 200 199
173 174 175 175 175 175 176 176 177 177 177 178 180 179 180 179 180 180 180 179 180 180 180 180 180 181 182 182 182 183 184 185 185 187 187 186 186 186 187 187 186 186 186 186 187 187 187 188 188 189 189 188 189 189 189 190 191 192 191 191 191 192 192 194 193 194 195 195 195 195 195 195 196 196 196 196 197 197 197 197 198 201 199 199
173 174 174 175 175 175 176 177 178 178 179 179 179 180 180 181 180 179 180 180 181 181 180 180 180 181 181 182 183 183 184 185 186 187 187 188 188 187 187 187 187 187 187 188 188 189 188 188 189 190 189 190 190 190 190 190 190 191 191 191 191 192 192 193 193 194 194 195 195 196 196 196 196 196 196 196 197 197 197 198 197 198 200 199
173 173 174 174 175 175 178 179 179 179 179 180 181 181 179 181 181 181 181 181 181 183 182 181 181 181 182 182 182 184 185 186 187 187 188 188 188 188 188 187 187 188 188 188 188 189 189 189 189 189 190 190 190 190 191 192 191 191 192 191 192 193 193 193 193 193 195 196 196 195 196 196 197 197 197 197 198 197 197 197 197 198 198 198
175 175 174 174 175 176 177 180 180 181 181 180 180 181 181 181 181 182 183 183 183 184 184 182 182 182 182 184 184 184 185 186 187 187 187 187 188 190 190 188 187 187 188 188 188 189 189 190 191 191 191 192 191 192 194 194 192 191 192 192 194 194 194 194 194 194 195 196 196 196 196 198 197 197 197 197 197 197 197 199 201 201 199 199
175 175 175 176 175 176 177 178 179 179 179 179 179 180 180 180 181 182 183 184 184 183 183 183 184 183 183 184 185 185 185 186 186 187 187 187 188 190 191 190 188 188 188 188 188 189 189 190 190 192 191 191 191 192 193 193 192 192 193 194 193 193 194 194 195 194 194 195 195 195 196 197 197 198 198 198 197 197 197 200 202 201 201 200
174 174 175 176 177 177 178 178 179 181 182 182 181 180 180 181 182 183 184 185 185 184 184 184 184 184 183 184 184 185 186 188 187 187 188 189 188 189 189 190 188 189 189 189 190 190 191 190 190 191 191 192 193 193 193 193 193 193 193 195 194 196 194 194 196 195 196 195 195 196 197 198 196 197 199 199 197 197 199 199 200 201 201 201
175 175 175 176 178 178 180 179 180 182 182 182 183 182 181 182 183 184 184 186 185 184 184 184 184 184 184 184 184 185 186 189 187 187 188 189 188 188 188 189 189 190 190 189 190 191 192 192 192 191 191 192 193 193 193 193 193 193 194 195 194 195 194 194 195 196 196 196 196 196 196 197 197 197 197 198 197 197 198 202 202 203 204 202
176 176 176 177 179 179 180 181 182 183 182 182 183 183 182 183 182 185 184 185 185 184 183 184 184 184 185 186 185 186 186 187 188 188 189 189 188 188 189 189 190 191 190 190 191 190 191 192 192 192 192 192 193 193 194 193 193 193 193 193 194 194 194 194 195 197 197 196 196 196 197 197 197 197 199 198 197 198 198 200 201 204 204 204
178 177 176 176 178 178 179 180 182 182 182 182 182 182 182 182 183 185 184 184 185 184 184 185 184 184 185 186 186 187 187 187 187 189 191 191 189 189 191 192 191 191 190 190 191 190 191 191 192 192 192 193 193 192 194 194 194 193 193 193 194 194 195 195 195 195 200 198 197 197 197 197 197 197 197 197 198 198 198 198 200 203 202 207
177 176 176 177 177 178 178 180 182 182 182 182 182 184 185 185 186 184 185 185 186 186 186 186 185 185 186 186 187 187 186 187 187 188 190 192 190 190 190 192 193 193 193 193 191 191 192 191 191 193 193 192 193 194 194 194 193 193 194 194 195 195 196 196 195 196 197 197 197 198 198 198 198 198 198 198 198 198 198 199 198 202 202 203
177 177 178 178 179 182 181 183 183 185 182 182 183 186 186 186 188 188 187 185 185 186 186 187 187 188 186 187 187 187 187 188 188 188 190 192 190 190 191 192 193 193 192 192 191 191 191 191 191 192 192 192 193 193 193 193 194 194 195 195 195 196 196 197 197 196 197 197 197 197 198 198 198 198 198 199 199 199 199 199 199 199 201 202
179 179 180 180 179 181 181 183 183 183 184 182 184 185 187 187 187 186 187 185 186 186 187 188 187 188 188 187 188 189 189 189 189 189 190 191 191 190 192 192 193 192 192 192 191 191 191 191 192 192 193 195 194 194 193 194 195 195 195 196 197 196 197 197 197 198 197 197 198 198 198 198 198 198 199 199 199 199 200 199 199 199 199 199
182 182 179 179 180 179 180 184 183 184 183 185 185 187 189 187 186 186 186 186 186 187 188 188 189 188 189 189 189 189 189 190 191 189 190 190 191 191 191 191 192 191 192 192 192 191 191 192 192 192 193 194 195 195 194 194 195 196 196 197 197 197 197 197 198 197 198 197 198 198 198 199 199 199 199 199 199 200 200 200 200 199 200 200
183 183 181 181 181 180 182 183 183 183 183 186 186 187 188 188 186 186 187 186 186 187 188 189 190 189 189 188 189 189 191 191 192 192 192 191 191 191 191 192 192 192 191 192 192 192 192 192 193 193 193 193 194 196 195 195 195 196 197 197 197 197 198 198 198 198 198 198 198 198 198 199 199 199 199 199 200 200 200 200 200 200 200 200
182 181 182 184 183 181 182 183 182 183 184 186 188 187 186 187 186 187 188 188 187 188 189 189 189 190 189 189 189 190 191 192 191 191 191 191 192 192 192 192 192 192 192 192 193 193 193 194 193 193 194 194 194 196 196 196 196 196 197 197 197 197 198 198 198 198 199 198 199 199 199 199 199 199 199 199 200 200 201 201 201 200 202 201
179 180 182 181 181 182 181 182 183 184 184 185 185 186 185 185 186 186 188 188 188 189 190 189 189 189 189 190 190 192 191 191 190 190 191 191 191 192 193 193 193 193 193 192 193 193 193 194 194 194 194 194 196 196 197 197 196 196 197 197 198 198 198 199 199 199 200 200 199 200 199 199 199 199 199 199 200 200 201 201 201 200 201 200
180 182 182 182 182 182 182 184 184 184 183 185 186 186 187 187 186 187 188 188 189 189 190 190 189 189 189 190 190 191 191 190 190 191 191 191 191 191 191 192 193 193 193 193 193 194 194 194 194 194 194 195 195 196 198 196 197 197 197 196 197 198 198 199 199 200 200 200 200 200 200 200 201 200 200 200 199 200 202 201 201 200 200 201
180 180 180 180 181 182 182 184 184 185 185 186 187 187 187 187 187 188 188 189 189 190 190 190 190 190 191 190 190 190 190 191 191 191 192 192 192 192 192 191 192 192 194 194 194 194 195 195 196 195 195 195 196 198 198 197 198 197 197 198 198 198 198 199 199 200 200 200 200 200 200 200 200 200 200 201 201 200 201 201 201 201 200 201
