08 Ecocrop/raster/current/prec_1.asc
ncols        683
nrows        518
xllcorner    -87.691666666667
yllcorner    10.708333333333
cellsize     0.008333333333
NODATA_value  1.#QNAN
[rows 240 to 279 of 518, columns 182 to 272 of 683]
6 12 6 5 5 5 6 6 7 8 12 17 15 12 14 22 32 36 36 38 37 46 36 31 31 33 35 37 44 48 54 65 87 88 88 89 91 94 95 92 97 104 88 65 80 74 64 66 75 85 74 69 73 85 92 104 108 98 108 100 110 108 97 90 84 85 87 91 89 91 93 93 93 98 93 94 99 100 94 91 93 89 90 89 91 93 94 97 95 91 91
8 10 8 5 5 11 6 6 6 7 10 15 11 17 20 24 31 32 32 33 38 37 34 38 36 33 30 32 36 45 55 62 84 88 89 93 87 93 94 94 97 94 78 68 70 53 44 48 62 75 79 71 80 97 98 103 111 106 112 112 113 113 106 89 87 88 90 87 87 91 92 93 99 96 94 88 89 97 91 89 92 92 86 90 91 94 94 90 96 96 96
9 12 9 11 5 11 6 6 6 6 8 12 17 17 18 23 24 29 31 29 29 35 33 35 39 34 33 33 35 38 53 63 64 88 101 103 100 81 81 84 73 70 72 51 67 50 51 53 75 71 76 76 87 79 101 106 112 113 112 112 113 112 106 98 87 88 90 88 86 87 90 89 91 88 91 92 89 91 90 92 90 90 93 98 100 104 102 97 95 98 99
8 9 8 6 5 5 11 6 6 6 7 8 10 13 18 23 26 26 28 29 28 36 34 31 35 36 36 37 38 39 45 49 52 65 89 101 99 89 78 77 55 51 53 65 72 73 71 54 57 82 90 84 81 94 99 102 115 114 113 113 112 109 98 89 86 83 84 83 84 88 88 88 92 89 91 95 93 90 92 89 91 95 100 101 101 98 98 95 93 91 94
7 7 9 7 6 6 6 5 6 5 6 7 9 16 20 26 23 22 28 30 31 34 33 32 37 41 37 38 38 39 45 58 61 61 91 91 94 92 83 83 62 54 52 70 78 85 76 71 72 80 87 98 95 85 95 100 103 115 115 113 112 120 110 101 88 88 83 85 88 88 87 88 86 89 92 97 89 89 94 99 98 98 98 98 98 93 92 90 89 91 93
6 7 9 8 7 7 7 6 7 8 7 8 15 20 23 24 22 20 24 26 31 33 33 32 33 33 35 37 38 39 45 59 49 60 66 76 93 93 92 73 63 77 75 88 81 90 82 80 79 90 88 100 100 89 101 106 104 103 116 114 113 128 125 120 102 100 96 97 105 95 91 89 89 90 95 93 85 92 95 105 107 101 94 93 96 93 90 92 94 90 94
6 7 8 7 7 6 6 6 6 8 9 11 19 25 23 19 19 24 23 22 30 34 35 32 26 29 33 36 38 38 41 45 52 50 54 67 69 79 94 91 79 80 79 90 91 86 91 95 93 92 103 112 114 110 111 114 107 108 116 114 112 116 116 121 118 113 113 108 109 100 96 91 92 91 91 92 89 95 99 99 99 99 95 93 92 92 94 104 109 112 102
5 6 6 5 6 5 6 5 6 7 7 7 14 20 20 17 18 21 21 18 25 33 40 39 26 25 31 35 37 37 38 45 45 48 55 59 60 65 70 81 73 74 82 99 100 91 98 99 111 112 114 115 111 111 111 114 115 116 115 114 115 115 114 109 108 113 115 115 112 94 93 93 89 91 87 88 82 91 96 95 96 96 96 107 112 127 127 134 139 158 130
5 4 5 7 7 5 5 5 7 7 6 6 9 15 16 17 17 19 18 17 19 28 38 32 23 19 26 33 35 35 37 35 39 41 43 66 55 65 66 70 72 72 72 75 84 99 102 102 101 100 101 112 101 114 113 117 114 112 114 117 105 101 92 89 89 100 106 103 103 92 81 85 86 86 86 86 83 85 94 94 93 96 104 129 156 153 163 162 162 176 148
5 4 6 8 7 5 5 6 7 10 12 12 9 13 15 17 17 20 23 20 17 25 25 31 28 18 22 34 36 32 36 31 37 40 48 45 48 51 53 62 66 64 73 100 101 99 100 100 101 103 103 87 75 74 87 104 105 108 118 115 117 105 84 65 60 52 66 69 95 89 88 86 90 92 87 83 87 88 92 91 96 100 131 158 183 185 187 190 181 181 155
5 4 5 8 5 11 6 8 7 12 6 6 7 12 15 21 17 26 29 26 16 27 23 18 21 22 28 30 36 39 33 33 36 40 44 45 47 49 71 57 39 61 49 74 74 76 101 102 84 74 74 77 72 55 63 76 78 77 89 107 107 109 88 78 61 56 58 58 62 94 90 90 93 93 90 85 86 92 92 93 105 121 149 150 159 170 171 171 171 162 120
11 4 4 6 5 4 11 7 6 5 12 12 7 11 12 17 23 20 22 24 21 20 17 23 19 18 26 28 36 39 28 30 41 44 46 47 49 43 38 38 34 33 62 75 60 69 73 74 72 74 74 76 67 54 49 77 63 66 79 79 79 78 81 79 63 56 53 47 55 60 70 102 93 89 86 85 89 89 96 96 100 108 121 117 137 141 140 150 151 132 107
8 4 4 6 4 4 5 7 5 5 5 5 7 12 9 17 19 13 15 22 20 13 13 21 20 18 30 30 28 29 27 57 44 46 55 52 66 49 50 47 35 32 36 47 68 75 61 71 65 61 72 72 62 45 67 77 68 68 61 71 76 72 70 80 67 50 44 39 45 59 64 100 95 86 88 89 91 88 102 108 103 106 116 110 108 112 113 121 122 118 109
3 3 5 5 4 4 4 4 5 5 5 5 6 9 8 13 20 11 17 16 27 19 13 22 23 24 21 20 21 32 40 61 61 50 51 59 51 52 50 33 34 33 36 45 73 73 61 58 58 72 69 65 50 56 49 52 47 46 54 67 70 50 58 73 49 45 46 50 49 41 56 61 58 58 61 86 92 98 96 94 65 94 109 102 99 108 117 116 113 112 108
10 3 11 4 4 4 4 4 5 12 12 5 6 7 8 10 14 17 11 14 16 12 13 16 23 18 17 19 22 29 38 45 46 54 50 59 51 61 43 26 26 29 29 43 53 68 47 74 74 61 53 69 62 41 38 38 39 41 40 47 45 52 49 54 48 42 45 46 48 45 39 43 55 57 59 64 72 68 63 59 56 62 67 62 71 74 68 66 78 75 74
3 3 8 4 4 4 4 5 4 9 12 5 6 7 9 13 12 10 17 18 12 12 17 21 19 19 24 24 26 31 37 46 47 57 50 60 60 48 40 39 36 27 41 42 53 46 42 41 54 50 49 66 53 51 37 34 39 39 34 42 44 40 45 53 36 33 42 41 46 47 49 47 42 60 64 70 74 62 57 55 40 43 52 53 60 73 71 70 57 67 56
4 4 4 4 4 4 4 5 5 12 9 13 7 8 9 10 8 8 10 11 11 14 19 27 32 34 38 38 39 42 44 45 50 49 59 64 62 42 40 38 28 29 46 43 47 40 42 42 32 33 46 52 51 48 47 42 29 32 32 32 45 49 52 47 48 33 33 46 41 43 45 45 47 54 61 55 51 58 57 49 47 53 57 52 56 68 52 57 57 66 71
4 4 4 4 4 4 4 5 4 5 5 6 7 7 10 9 8 12 13 15 15 20 24 29 33 50 47 48 41 57 45 52 48 49 63 69 68 34 31 31 29 28 45 47 46 41 32 43 44 44 45 53 61 58 54 51 46 29 31 33 42 49 49 44 32 47 47 46 47 45 47 49 54 59 55 58 59 56 53 52 52 52 36 44 44 47 45 51 67 60 64
4 4 4 4 4 4 4 5 5 5 5 6 8 7 12 9 9 14 17 16 17 16 19 21 27 45 39 39 47 50 44 44 49 48 55 55 48 43 35 44 28 28 37 28 29 35 31 35 44 47 48 45 46 52 59 51 53 46 38 43 50 49 49 45 35 32 41 44 29 44 48 34 47 54 51 54 53 51 35 45 49 51 36 42 49 41 41 48 48 55 54
4 4 4 4 4 4 4 5 4 5 5 7 7 10 11 7 7 14 14 15 17 19 26 36 36 34 41 45 44 57 42 59 49 63 59 42 40 29 30 29 28 29 38 28 35 35 30 31 41 46 51 44 47 48 51 52 43 44 44 50 56 50 49 42 33 42 34 41 46 33 37 35 43 44 51 51 45 45 44 45 45 49 35 37 45 41 40 43 42 55 51
4 4 4 4 4 4 4 5 5 5 5 8 11 10 6 7 11 9 16 22 26 23 25 28 30 49 44 44 45 44 45 46 62 51 49 37 36 35 35 37 32 32 30 36 35 45 36 37 40 30 41 27 28 42 42 29 40 43 42 42 55 54 55 47 37 34 34 34 34 34 41 42 35 36 43 44 35 36 44 50 50 49 45 34 37 38 37 39 52 59 43
4 4 3 3 4 4 4 9 12 12 13 6 7 7 8 8 9 17 21 18 25 34 36 41 50 35 39 42 54 55 56 66 50 43 43 46 43 41 44 32 45 39 41 45 46 39 37 36 36 33 33 39 43 42 43 28 26 26 26 29 34 34 49 55 36 41 33 34 34 41 46 50 51 51 50 51 52 43 36 34 45 35 45 50 33 46 36 47 54 38 54
3 3 3 3 4 4 4 9 12 13 9 12 8 12 12 13 24 22 11 26 26 28 28 31 35 40 44 41 43 45 57 66 55 49 39 38 37 35 41 42 44 48 52 51 55 43 31 29 32 37 53 50 49 43 40 40 38 37 37 26 28 28 45 36 36 40 45 45 46 49 48 50 50 50 51 50 50 48 36 34 34 34 50 49 45 50 46 37 47 41 48
3 3 4 4 4 4 4 12 5 8 12 12 9 14 12 23 28 24 19 15 41 28 28 30 23 28 33 40 45 47 56 58 50 62 44 40 39 31 41 25 28 31 49 40 45 44 41 35 29 41 50 47 46 42 45 49 33 32 41 39 39 39 39 34 38 41 48 49 49 50 50 50 49 49 50 50 48 50 43 34 44 44 45 51 51 51 46 36 40 47 48
4 4 4 4 4 4 4 13 7 10 12 13 11 18 15 24 35 26 28 16 30 33 30 32 30 28 44 36 43 45 54 63 56 60 65 52 42 40 26 27 41 37 47 48 50 44 41 41 30 31 45 43 38 27 40 40 34 36 35 33 34 41 32 30 41 46 49 49 47 48 50 49 50 49 47 47 42 48 36 36 36 34 44 44 45 51 35 36 37 47 41
4 4 4 4 4 5 5 13 7 7 8 9 11 15 19 26 23 23 31 41 34 34 43 31 32 29 34 39 42 40 44 50 44 42 60 63 58 38 38 26 28 40 60 61 65 49 42 35 28 30 46 40 37 38 44 39 33 32 32 38 40 39 39 39 39 40 50 50 47 49 50 50 49 41 50 50 50 42 43 33 34 34 34 44 51 51 45 46 46 47 48
2 4 4 5 5 5 4 5 6 5 6 7 9 14 12 13 17 24 43 38 39 40 54 51 47 48 39 53 59 61 44 26 27 25 44 51 60 43 41 25 39 43 61 70 71 51 46 41 27 37 43 37 38 41 44 44 45 38 38 39 32 44 45 39 45 48 50 50 47 47 48 50 50 47 47 47 51 47 42 33 50 44 44 34 34 35 35 36 46 52 55
2 4 4 4 4 4 4 9 13 5 6 7 16 17 17 28 30 30 35 47 42 55 57 55 51 60 51 57 52 42 34 40 38 31 24 34 43 41 37 33 31 62 70 70 71 65 48 43 29 43 47 43 37 37 41 25 25 38 42 38 31 38 39 44 48 49 49 56 47 56 50 50 50 50 50 51 47 42 33 43 43 33 34 44 34 35 38 46 54 55 54
3 4 4 4 4 9 9 5 5 6 11 13 22 21 19 22 29 21 25 37 48 43 38 49 48 40 41 53 52 30 31 37 36 37 39 40 40 40 40 33 33 48 55 68 57 48 46 44 29 33 33 38 30 37 43 38 28 38 44 39 31 47 48 48 50 48 78 80 72 56 56 48 48 48 50 51 51 50 35 35 36 36 36 37 37 45 53 51 55 56 54
3 4 4 13 4 12 5 5 10 14 16 19 24 26 24 19 13 13 19 27 34 43 35 37 34 47 49 43 41 54 53 51 43 46 42 44 42 39 40 32 32 30 32 58 52 42 43 43 27 27 30 31 30 37 30 37 43 46 47 47 47 48 70 72 78 72 77 72 56 47 47 48 48 50 50 50 50 47 42 33 36 36 44 44 44 45 54 53 54 55 54
5 5 5 13 12 12 12 13 13 10 8 20 27 27 19 9 10 12 19 24 28 32 40 30 36 32 37 28 44 54 63 52 29 37 42 40 42 38 40 41 27 44 30 47 45 41 38 42 29 27 27 27 27 36 42 45 46 46 45 45 54 54 55 79 78 72 76 76 48 49 48 48 50 50 50 51 51 51 42 43 36 36 44 44 50 50 54 55 54 55 57
5 5 5 9 5 12 13 14 13 10 15 11 16 20 18 18 19 10 15 16 19 21 23 17 28 29 26 20 38 37 62 46 33 26 40 39 40 39 38 41 25 41 23 38 41 38 29 36 30 27 26 27 29 42 43 47 47 47 46 46 77 78 55 73 79 79 79 74 57 49 49 49 48 50 51 50 47 48 48 35 36 43 44 44 52 50 54 52 56 56 56
5 14 9 5 12 12 13 15 13 5 14 16 17 16 12 19 19 9 9 9 20 20 21 17 18 20 21 19 31 51 47 45 27 32 37 40 40 41 41 41 34 21 21 36 41 41 37 28 26 36 27 29 30 46 47 45 45 48 49 75 77 78 77 76 77 79 73 82 59 50 50 59 57 50 50 47 42 35 43 48 51 49 49 52 53 54 55 55 55 56 55
6 10 5 5 12 12 13 14 11 13 5 10 15 16 17 11 17 18 17 18 10 22 14 22 23 24 25 20 24 37 27 53 32 29 44 43 45 46 45 43 43 27 35 26 37 36 36 28 27 27 28 28 30 45 46 47 46 82 83 81 91 84 75 80 82 84 74 78 58 57 48 48 57 50 50 48 42 32 43 48 51 52 53 52 54 55 56 57 51 55 56
14 10 12 5 5 5 5 5 5 11 14 14 14 15 7 17 10 9 9 10 21 17 26 30 15 29 24 30 30 26 31 56 52 46 36 38 53 54 48 47 46 44 28 25 25 26 27 29 29 30 31 43 48 50 49 59 58 82 83 96 101 94 84 80 89 88 75 57 48 50 50 50 50 51 51 50 48 48 48 51 52 52 53 53 54 55 53 58 55 54 55
15 6 11 6 22 19 9 5 5 9 11 11 12 16 16 9 13 18 14 15 12 22 26 29 18 22 25 38 26 21 37 25 47 54 56 36 53 51 47 46 43 45 35 36 35 37 39 30 31 31 46 43 49 49 60 88 82 90 95 104 90 87 89 87 93 87 81 82 57 48 48 49 48 51 51 51 49 51 52 52 52 52 53 54 54 54 53 52 53 55 56
15 15 6 13 6 6 9 9 9 6 9 12 15 16 17 8 17 9 14 25 25 39 28 16 18 21 22 23 26 37 18 30 32 34 58 54 51 55 56 50 46 42 28 26 36 46 48 34 37 42 39 48 49 63 89 108 99 89 93 99 86 86 95 93 87 87 81 78 77 75 59 60 75 49 51 49 49 49 51 49 58 50 53 54 54 54 54 52 61 80 53
10 12 8 6 13 11 13 14 12 6 10 12 13 16 17 17 13 10 13 32 31 32 27 24 23 36 33 35 20 28 22 39 28 28 46 54 46 63 58 56 49 46 28 26 38 51 58 39 43 47 45 50 65 90 105 108 107 96 103 105 99 101 91 97 96 98 91 91 89 80 88 85 79 60 49 48 48 49 52 49 76 49 50 51 54 54 52 52 53 81 81
12 12 11 16 7 17 15 14 12 10 11 13 13 14 17 17 14 11 15 24 35 36 43 37 32 36 38 39 37 26 31 29 22 37 36 31 51 55 58 57 48 42 28 38 44 51 56 62 47 47 50 48 61 104 107 105 108 103 110 110 107 100 99 99 102 104 105 99 94 90 84 84 85 81 48 48 58 58 49 49 77 51 59 50 50 51 51 53 54 53 63
12 10 8 10 12 20 14 7 7 15 14 16 16 14 15 15 14 11 14 23 28 29 33 34 44 24 17 17 22 28 18 19 17 35 41 36 40 59 57 44 43 38 43 23 25 27 31 36 57 38 49 53 60 102 104 111 101 105 109 110 108 102 99 92 92 91 93 93 91 91 86 85 78 76 57 49 58 76 58 85 85 60 52 80 78 78 61 53 53 54 64
