08 Ecocrop/raster/current/prec_4.asc
ncols        683
nrows        518
xllcorner    -87.691666666667
yllcorner    10.708333333333
cellsize     0.008333333333
NODATA_value  1.#QNAN
[rows 80 to 119 of 518, columns 364 to 454 of 683]
88 87 86 88 89 90 91 91 90 91 93 93 93 92 91 92 91 92 93 95 94 93 94 94 92 90 89 89 88 89 90 88 88 87 87 86 84 84 83 85 86 84 84 84 84 83 83 83 82 81 80 80 81 81 81 81 81 80 80 80 79 77 79 79 79 77 77 77 79 80 78 79 72 72 72 77 77 72 74 70 70 70 70 75 72 72 72 71 74 74 73
87 87 87 87 90 90 91 93 92 92 91 94 95 93 91 92 93 93 95 95 94 93 93 94 93 88 89 90 89 89 89 88 86 87 87 87 86 84 83 84 85 85 85 84 83 82 82 82 82 80 80 80 80 82 81 80 81 81 78 80 82 79 78 78 82 78 78 80 80 74 76 76 76 72 71 75 77 77 77 71 70 70 69 75 75 75 74 71 74 73 73
86 87 87 88 89 92 91 91 91 91 93 94 95 92 92 94 96 98 96 96 98 96 96 94 92 90 89 89 88 89 88 88 87 87 87 86 86 84 84 83 84 85 83 83 84 82 82 82 82 81 81 82 81 82 82 81 80 81 80 80 81 80 79 79 81 80 79 80 80 80 79 79 79 75 73 72 75 77 75 75 74 71 70 75 75 75 72 72 72 74 71
86 86 87 87 89 90 92 90 91 91 92 99 95 94 93 92 94 93 96 96 94 96 95 94 92 90 89 88 89 88 87 88 86 87 88 87 86 84 84 83 83 84 83 83 83 82 82 82 82 81 82 83 83 83 82 81 79 78 79 79 81 83 82 79 82 81 80 80 80 80 77 79 78 78 73 72 75 72 77 75 76 76 76 73 73 72 75 73 72 72 74
87 87 89 89 89 90 90 91 94 90 91 98 95 97 95 93 91 93 93 94 96 98 96 95 94 92 90 88 88 88 87 86 87 88 88 89 90 87 86 85 84 86 86 85 82 82 83 81 80 80 80 82 83 82 82 82 80 78 77 78 80 82 82 81 81 79 79 78 80 80 79 79 78 78 78 77 75 72 74 74 77 76 74 73 75 70 74 73 72 74 69
91 91 90 89 89 90 91 96 94 92 92 95 99 95 96 95 95 94 97 99 94 98 94 96 98 93 91 94 90 90 93 88 87 88 88 88 89 88 85 88 87 87 86 85 85 83 82 81 80 79 79 80 80 85 83 83 83 82 79 80 79 81 80 81 78 77 77 78 78 77 79 76 79 79 73 71 72 74 77 77 76 74 74 76 75 75 74 72 74 74 74
93 94 90 91 91 94 92 92 92 95 95 95 99 95 95 94 94 94 95 99 95 92 95 99 98 96 94 94 94 94 91 91 91 91 89 89 91 91 90 89 90 87 86 85 86 85 84 82 81 80 80 79 80 81 82 82 82 81 80 80 79 79 79 79 77 75 75 75 76 75 75 77 78 76 75 72 72 75 74 77 76 74 73 73 75 75 73 73 74 69 71
92 92 91 90 89 90 94 95 97 90 94 94 100 98 92 94 95 94 95 96 94 95 92 92 94 97 93 93 93 92 92 90 92 94 91 90 92 92 89 89 90 90 86 85 87 86 85 83 81 80 79 79 80 79 80 80 81 79 77 79 78 78 77 76 77 76 75 74 74 74 74 75 76 78 79 78 75 71 76 77 71 74 70 76 73 76 75 75 69 67 67
92 95 92 90 89 90 90 94 92 97 99 97 98 96 95 95 95 94 94 94 94 95 97 97 97 96 95 93 91 92 92 92 92 90 94 90 92 91 89 90 92 91 91 87 87 86 86 85 81 80 79 80 80 80 80 79 79 79 79 80 80 80 78 78 78 76 75 74 74 75 74 75 76 76 79 78 75 75 77 75 74 77 73 73 75 74 75 72 68 67 67
92 93 92 90 90 90 90 94 95 95 96 94 95 96 96 96 97 94 94 94 95 94 92 95 94 97 92 93 93 92 90 92 90 89 92 90 90 89 90 94 96 95 92 89 87 86 85 84 83 80 81 80 82 82 81 80 82 81 81 80 80 78 76 76 77 76 75 76 75 75 74 75 76 76 76 76 76 76 78 75 75 75 76 76 76 74 75 69 68 68 67
93 92 93 91 90 91 91 98 95 96 99 96 97 99 96 96 95 96 94 97 95 94 92 92 95 94 95 92 88 91 87 92 91 90 94 89 94 89 90 93 96 92 92 87 86 88 84 85 82 81 81 81 82 81 80 82 85 85 81 81 80 78 77 77 76 78 78 77 76 76 77 78 80 75 77 75 76 75 76 76 76 75 72 73 74 75 75 75 71 71 73
92 95 94 94 92 91 91 92 93 94 94 95 95 97 96 96 96 93 94 96 96 95 92 91 91 91 92 97 97 91 94 91 90 90 90 90 95 92 90 91 91 86 93 92 90 89 87 84 83 83 83 83 82 81 82 82 82 82 81 82 83 78 78 79 78 77 78 78 79 78 78 77 80 77 77 75 76 76 76 74 74 74 73 74 74 72 75 74 74 71 70
91 92 95 93 93 91 92 97 93 93 94 98 95 96 92 93 94 94 93 93 92 93 92 91 91 90 92 95 97 91 90 87 90 90 90 86 92 95 93 95 96 91 92 87 86 85 86 85 84 82 81 83 82 83 81 82 81 80 81 80 81 80 79 79 76 76 78 79 79 78 79 80 80 79 79 77 76 75 75 74 75 76 76 74 73 75 72 74 71 74 73
89 91 92 92 94 94 95 93 89 96 97 96 98 95 93 93 92 93 92 93 93 92 91 91 91 91 91 94 88 95 91 86 87 87 87 89 90 97 92 92 96 91 85 83 83 86 88 86 85 84 82 83 83 83 82 81 80 79 80 80 79 80 79 79 76 75 77 77 78 78 78 78 79 79 79 78 77 76 75 75 75 76 76 75 72 73 72 74 71 68 67
90 90 91 94 92 97 98 98 91 95 97 99 95 100 95 92 93 93 93 93 93 90 91 92 92 93 94 96 88 96 91 87 90 90 90 90 88 93 93 95 95 96 91 84 83 83 86 87 87 85 83 84 87 82 84 84 82 80 79 78 77 79 79 77 77 78 77 76 78 80 78 80 80 79 79 76 78 78 74 74 75 75 76 74 72 72 72 72 74 71 67
92 92 91 94 97 95 98 99 95 97 97 99 95 100 97 95 97 100 95 95 97 94 93 94 90 92 95 97 96 94 94 87 90 89 90 89 88 92 94 93 92 95 95 90 85 82 82 89 89 87 83 84 85 83 86 84 84 81 80 78 77 78 79 79 78 78 77 78 79 78 77 78 79 79 77 79 79 78 76 75 77 76 76 74 74 73 73 73 74 68 67
95 95 91 95 93 92 92 94 93 95 95 94 96 98 98 98 100 100 95 97 92 96 97 96 94 95 92 89 94 91 94 89 88 89 89 98 90 93 95 95 95 92 94 90 84 83 89 88 88 88 84 83 83 85 86 85 85 83 83 80 79 82 82 82 82 78 77 78 81 81 77 77 76 76 76 79 79 78 77 75 75 76 76 75 75 72 72 73 74 73 73
91 92 91 95 93 93 94 94 94 95 95 95 96 96 98 101 96 98 98 96 100 101 96 96 99 98 93 92 89 97 94 90 90 89 89 89 94 89 95 97 95 93 92 90 93 82 85 84 84 79 78 78 79 85 84 82 82 83 83 84 79 82 79 81 78 81 79 81 77 77 78 80 76 73 79 77 76 75 78 77 77 76 74 74 74 73 72 74 71 71 73
91 94 93 96 99 96 96 97 98 95 95 99 101 102 96 96 98 101 98 95 100 97 97 93 91 89 88 88 88 88 90 89 88 89 88 88 88 88 91 95 97 97 96 95 91 86 81 80 80 79 79 78 79 82 86 84 82 81 81 84 79 83 81 82 75 78 73 73 74 77 74 76 76 76 72 75 79 78 78 78 74 76 74 76 75 73 73 74 71 71 74
93 94 96 100 99 95 99 100 96 96 93 92 93 92 93 97 99 97 96 96 101 97 98 92 91 90 89 89 90 91 91 90 91 90 86 87 87 85 90 86 90 90 91 86 91 84 82 79 79 79 78 78 77 77 77 77 81 81 81 79 79 79 75 75 74 74 74 75 74 73 74 76 80 76 76 75 75 78 78 78 74 73 73 73 72 72 75 75 68 68 67
93 94 99 100 95 100 100 95 91 92 93 93 92 93 93 103 100 102 96 93 96 96 97 94 93 91 89 89 91 91 90 90 89 91 89 96 95 85 85 93 84 84 83 87 83 83 81 79 79 79 79 78 77 77 78 78 77 83 80 82 79 79 75 74 74 76 73 74 74 74 73 72 80 73 72 72 79 78 77 76 77 77 73 70 69 68 67 68 71 67 66
92 93 97 97 95 95 100 100 92 91 91 93 92 94 94 94 98 98 97 95 97 96 94 94 93 92 90 91 91 90 90 89 88 87 87 87 85 88 84 88 88 85 87 90 82 82 80 80 80 83 83 82 77 77 78 81 81 84 83 82 76 79 79 75 74 74 74 73 73 73 72 72 72 80 80 79 79 79 75 74 76 77 70 68 68 68 69 71 71 71 66
94 95 95 101 97 95 92 92 101 93 93 97 98 98 95 100 103 98 98 103 98 93 94 94 97 101 93 92 91 89 91 88 87 86 85 85 85 85 83 83 82 84 91 82 81 81 79 79 78 79 87 78 78 78 76 77 80 77 83 84 79 83 82 83 74 74 74 74 76 74 73 72 76 73 76 77 78 79 75 73 74 77 77 70 69 72 72 75 74 71 67
99 95 97 95 95 95 95 95 96 99 97 103 98 94 98 94 95 95 98 102 97 104 103 103 98 94 92 90 89 89 88 87 86 87 86 87 84 84 83 83 86 84 83 81 81 83 80 84 87 86 77 77 77 78 76 76 80 75 75 74 74 74 74 74 74 75 73 74 74 74 73 74 80 80 76 76 75 79 75 78 77 74 70 77 70 68 68 67 67 68 70
96 96 94 94 94 96 96 96 91 97 100 94 94 93 93 93 95 100 99 103 98 100 100 100 100 97 91 90 91 92 90 89 89 87 86 85 84 84 83 83 86 84 83 81 81 82 82 79 87 86 87 79 77 78 77 76 78 77 76 74 74 75 74 74 74 73 74 74 78 81 81 74 81 80 73 80 80 78 75 70 70 71 70 69 68 69 69 67 68 67 66
94 94 94 95 95 98 97 96 96 99 99 102 92 93 94 95 96 101 102 100 100 100 104 94 92 92 91 93 90 90 89 88 86 86 86 85 84 85 85 82 83 81 81 80 80 79 79 80 84 88 87 82 82 77 76 76 76 75 76 74 75 75 76 75 74 73 75 74 73 74 74 77 77 80 73 73 76 75 72 71 72 70 69 69 69 68 69 67 67 67 66
94 95 95 95 102 102 97 99 97 99 99 97 94 93 95 97 103 99 100 102 101 95 94 93 93 92 92 92 89 87 89 89 86 86 89 85 83 83 84 84 82 83 82 80 80 81 87 84 78 83 82 79 78 86 81 76 75 75 75 79 74 73 74 74 74 73 73 73 73 73 72 72 73 76 80 76 76 76 79 70 71 71 71 71 69 68 68 68 68 67 68
93 95 99 99 103 103 103 103 103 98 93 93 94 94 95 96 101 103 100 102 105 99 95 95 93 92 92 88 87 87 88 88 87 90 84 83 84 85 83 84 82 81 82 80 80 80 85 89 79 78 79 79 78 82 81 76 75 75 75 74 74 73 73 74 74 73 75 75 74 73 73 72 73 77 73 73 76 80 80 72 71 70 71 74 70 69 71 69 68 68 68
94 95 98 97 97 97 97 92 92 94 92 96 99 100 96 94 91 95 103 104 96 94 95 93 94 92 90 87 88 86 88 86 86 84 84 85 85 85 84 84 82 82 80 80 81 81 79 84 83 78 78 77 77 77 81 76 75 75 75 76 75 75 78 82 82 77 72 73 72 72 72 72 72 74 83 78 79 82 77 76 75 72 71 71 70 70 73 72 70 69 69
97 98 96 99 97 103 104 92 92 95 94 96 97 93 91 90 87 88 92 99 105 94 95 98 93 92 89 89 88 89 85 86 85 88 87 86 87 85 86 86 84 81 80 80 79 79 79 78 78 78 77 77 77 76 81 76 75 80 84 82 83 78 74 74 77 77 72 73 74 72 72 72 72 72 83 83 82 75 73 71 71 73 71 69 70 69 70 71 69 70 69
102 102 92 93 92 100 99 93 94 96 98 96 93 90 93 90 88 90 94 96 96 96 94 91 90 88 87 89 90 90 89 86 86 85 85 85 84 84 85 86 83 83 81 81 80 80 81 79 78 78 77 77 78 81 81 77 75 80 74 74 75 74 73 74 76 76 76 76 76 76 76 75 72 71 71 73 80 72 70 70 73 74 73 70 69 69 74 72 69 72 72
98 96 92 92 97 97 95 96 97 94 98 95 95 96 96 88 85 87 91 94 95 100 94 94 90 88 88 88 87 89 93 90 89 89 88 86 86 86 85 86 85 85 83 81 82 81 80 81 80 78 77 77 76 77 85 76 85 74 75 75 73 77 77 76 75 76 74 75 75 75 75 75 75 75 74 73 71 70 72 73 73 76 73 71 72 73 74 73 73 72 72
93 90 91 94 97 97 98 98 99 97 96 100 99 98 93 89 89 85 87 92 106 95 94 90 90 88 93 86 88 89 91 90 89 89 87 89 88 86 86 87 87 84 81 81 81 81 82 80 78 78 77 77 77 77 75 75 80 80 74 74 74 76 78 76 77 73 72 71 73 73 72 73 74 73 74 75 73 73 73 72 71 71 70 70 71 74 74 73 72 71 71
92 90 91 94 100 98 95 97 99 99 96 99 101 98 92 91 89 86 89 94 95 94 92 91 90 89 88 87 87 88 88 89 88 88 88 89 88 85 84 83 82 82 82 83 81 81 80 78 78 78 77 77 77 78 78 75 75 76 74 74 73 76 75 76 76 74 72 72 71 73 75 71 71 72 74 73 75 73 75 72 72 70 70 69 70 70 71 72 72 71 71
97 91 92 94 98 100 97 97 100 102 97 99 100 98 93 90 90 91 93 95 94 94 93 91 92 90 88 88 87 88 89 89 89 87 86 88 86 86 83 84 83 84 84 83 82 80 80 80 79 81 81 80 79 79 79 79 78 75 76 77 76 74 73 73 76 74 71 71 72 72 73 74 74 74 74 73 73 73 72 71 71 71 73 73 73 72 70 72 71 70 71
99 96 94 98 95 96 99 100 99 98 98 96 98 94 89 92 89 93 101 99 93 92 93 93 92 89 87 87 86 87 86 85 85 85 86 85 85 84 82 85 85 84 82 83 82 78 78 79 79 81 80 79 78 78 78 78 78 78 78 78 77 77 73 72 73 75 75 75 74 74 71 72 72 72 73 72 71 71 71 70 69 71 71 71 70 72 72 72 72 71 70
93 95 97 97 95 97 98 99 94 97 101 98 94 101 96 93 90 106 103 98 97 90 90 92 90 87 87 87 87 85 85 86 84 83 84 86 84 82 81 84 84 80 81 82 82 78 78 78 77 77 80 78 78 77 78 78 78 78 78 77 78 77 72 73 73 74 75 75 73 70 70 69 74 73 73 73 72 71 69 71 71 70 71 72 69 68 71 71 71 71 70
95 96 97 96 96 99 100 95 91 94 99 101 98 102 103 97 92 101 106 99 95 89 89 89 91 87 87 87 86 85 84 88 85 83 83 82 85 85 84 83 82 82 82 80 80 82 81 82 80 78 80 79 79 78 77 77 78 78 77 76 76 76 77 75 74 74 74 75 74 71 71 70 73 70 70 69 71 72 71 71 70 70 71 72 71 71 70 70 70 70 70
93 94 94 95 98 99 98 96 91 92 101 98 100 95 110 98 94 92 92 91 96 90 89 89 89 90 90 87 89 88 86 87 88 85 85 84 86 86 82 83 82 83 82 81 82 81 79 79 79 79 81 78 77 78 77 76 78 78 78 76 76 76 75 75 75 75 75 75 75 74 72 72 72 69 70 68 71 73 72 72 71 71 70 70 69 71 71 69 69 70 66
94 94 95 95 97 99 100 101 100 106 100 96 98 94 91 91 91 91 93 90 90 89 87 88 88 90 93 93 92 90 91 92 90 87 83 83 83 85 81 84 82 82 82 81 80 79 79 79 78 78 81 76 75 75 74 74 76 78 78 76 76 75 75 75 75 75 76 75 74 72 69 70 72 69 68 68 69 69 68 70 72 72 72 71 70 71 70 69 69 69 69
