08 Ecocrop/raster/current/prec_4.asc
ncols        683
nrows        518
xllcorner    -87.691666666667
yllcorner    10.708333333333
cellsize     0.008333333333
NODATA_value  1.#QNAN
[rows 280 to 319 of 518, columns 273 to 363 of 683]
27 27 26 27 27 27 27 30 39 35 36 33 40 40 37 37 37 35 40 45 35 36 36 40 40 45 45 42 39 39 43 43 40 40 41 41 48 42 40 37 37 37 38 37 37 38 39 39 42 39 38 39 42 42 43 46 50 54 51 51 55 52 55 55 48 56 56 52 50 50 54 51 51 51 51 56 57 54 52 52 51 54 58 58 55 58 55 56 49 56 56
27 27 26 27 26 27 27 28 30 30 33 33 37 40 37 37 34 34 35 35 36 36 40 41 40 45 38 41 42 39 47 43 43 43 44 48 45 49 42 40 37 37 37 39 39 39 42 39 39 42 39 38 39 41 42 43 46 50 47 50 51 55 52 52 55 51 49 53 55 50 53 50 53 58 56 54 52 52 54 52 57 54 51 58 55 55 56 56 59 56 56
27 27 27 27 27 27 27 27 28 28 30 28 30 34 37 33 37 39 34 35 36 43 39 36 37 40 45 37 38 39 47 47 43 43 40 44 41 39 40 39 39 39 37 41 42 41 41 42 42 40 38 38 38 39 41 42 43 54 50 47 47 55 51 52 51 51 52 56 55 53 52 53 56 54 51 51 51 52 54 58 58 58 55 58 58 55 56 59 59 56 56
26 28 26 27 27 29 29 29 27 29 30 30 30 31 40 37 37 33 34 42 35 43 43 40 40 44 45 40 41 42 42 47 43 47 40 40 48 40 40 39 40 40 37 37 39 41 39 42 39 40 38 38 38 41 41 41 43 50 46 50 51 47 47 51 47 48 51 54 54 49 49 52 53 51 51 50 55 52 54 52 54 58 56 58 55 49 52 56 55 55 56
29 28 28 29 29 29 29 29 29 30 33 30 31 31 40 41 41 41 42 42 42 43 43 39 37 40 45 37 41 41 43 42 47 43 43 43 44 48 39 40 40 39 38 37 37 37 39 42 39 38 38 38 38 38 41 41 43 46 46 43 44 44 43 44 44 44 55 48 52 49 49 52 53 50 51 50 51 52 51 51 57 58 58 56 55 52 56 59 56 53 56
29 28 28 31 35 32 27 27 30 32 33 36 31 38 41 37 37 41 32 32 35 39 43 36 39 36 40 40 44 44 43 42 39 43 43 40 41 41 48 39 40 40 39 38 38 37 37 38 38 38 38 37 39 38 39 41 42 42 41 40 40 40 41 44 41 40 44 51 48 49 49 52 49 50 50 50 50 51 51 57 54 55 55 55 58 58 55 52 52 59 56
28 28 31 34 30 34 28 27 30 39 39 30 33 38 37 38 41 41 35 32 39 38 35 39 39 39 41 37 42 41 41 42 43 43 43 40 40 41 44 42 39 39 39 40 40 40 41 39 40 40 37 37 42 38 38 38 42 42 42 41 40 47 47 47 48 44 47 51 51 51 55 52 51 49 49 50 50 50 54 51 54 50 58 58 54 55 58 56 56 52 56
28 29 35 38 38 35 35 34 32 36 33 33 31 40 41 41 38 38 35 32 32 42 40 36 33 34 37 44 40 45 46 42 39 43 42 43 43 48 48 42 39 38 40 40 40 41 47 39 39 40 40 37 37 37 39 37 37 38 41 41 43 46 47 47 52 52 51 44 44 44 44 44 55 49 52 49 50 50 50 53 50 47 45 46 55 54 48 52 52 52 56
28 31 32 29 29 29 32 32 30 29 30 30 31 34 40 41 41 41 38 32 31 33 33 31 30 33 34 41 38 35 35 35 36 46 47 47 43 43 44 44 45 42 39 40 40 39 40 41 41 44 44 41 40 37 37 37 37 37 42 46 50 54 54 51 44 44 47 43 40 40 43 44 48 55 52 45 45 46 46 45 47 45 45 45 47 48 48 44 48 48 52
37 35 37 29 29 29 38 36 30 28 30 30 29 31 34 34 32 35 32 31 30 31 33 30 30 31 33 33 34 34 34 34 36 39 46 47 47 47 48 41 41 44 46 39 40 40 40 41 41 48 44 47 44 36 38 36 37 37 40 41 46 50 47 54 43 42 47 42 40 40 44 44 44 52 45 45 45 44 41 40 45 45 45 41 45 51 51 46 46 48 52
33 37 31 29 32 33 33 32 33 30 29 29 29 30 31 34 32 32 32 31 30 31 32 30 30 31 32 32 31 32 35 38 35 36 43 47 47 47 43 40 40 41 45 49 46 43 40 44 48 44 47 51 48 41 41 36 36 37 36 40 42 53 50 49 43 44 48 44 43 44 44 51 47 48 48 45 45 43 41 40 39 44 44 42 45 48 51 48 46 48 49
34 32 29 29 32 33 33 33 31 30 29 30 30 30 33 34 31 30 29 31 29 31 30 30 30 30 30 31 31 32 32 35 35 35 36 36 47 43 43 40 40 41 44 46 46 46 40 47 50 50 48 48 48 44 41 41 36 36 37 41 41 49 46 42 43 43 44 47 44 43 44 44 44 44 44 45 43 40 39 39 41 40 40 40 41 41 47 51 48 52 53
36 29 29 30 30 36 36 36 30 29 29 30 30 30 31 34 31 29 29 29 29 29 29 29 34 31 30 31 31 31 32 31 32 35 36 36 43 47 43 43 40 44 45 45 42 39 39 43 47 44 48 51 51 51 44 40 37 37 39 41 40 38 42 42 42 50 43 41 42 39 47 47 44 44 42 40 38 38 39 39 39 40 41 41 42 42 42 47 47 51 56
39 30 31 33 31 36 38 33 29 28 28 30 30 30 31 31 30 31 29 29 30 30 29 29 30 31 31 33 31 31 31 32 33 35 39 39 39 40 44 40 41 41 41 38 39 39 39 43 40 40 40 40 40 40 44 40 37 35 36 37 37 37 39 36 37 40 43 43 43 43 47 51 47 48 42 42 40 38 38 41 39 39 39 40 40 42 40 42 47 51 58
32 38 37 39 40 36 37 34 33 30 30 31 31 31 31 31 30 31 32 31 31 31 29 29 29 30 31 34 33 34 31 31 32 32 34 35 35 36 37 37 40 38 37 38 38 39 46 49 47 40 40 40 40 40 38 40 40 36 36 35 39 36 36 36 36 37 41 41 43 47 52 47 51 48 44 39 40 43 42 44 43 41 41 41 41 40 40 45 47 51 48
37 34 39 37 35 33 39 39 35 39 37 38 37 33 34 30 30 31 38 34 31 31 31 29 29 29 30 37 37 34 33 31 31 32 32 36 36 35 35 36 36 36 38 38 41 46 49 49 42 50 47 47 43 39 38 43 40 39 35 35 36 36 36 37 38 38 40 42 41 43 47 47 43 44 44 40 40 44 44 48 52 43 43 39 39 40 40 40 45 47 45
35 38 36 39 36 32 32 32 35 39 39 33 39 30 30 30 31 31 38 31 31 31 31 30 30 29 29 36 40 41 38 33 32 31 32 35 35 36 35 34 36 36 38 38 45 46 45 45 45 49 49 50 47 50 47 43 40 40 36 36 36 38 41 38 36 38 36 41 41 42 43 43 43 37 39 42 42 48 55 48 55 44 43 40 38 40 40 40 42 42 40
41 41 41 35 39 38 41 38 36 33 39 36 30 30 30 30 30 29 31 31 31 31 32 32 32 30 29 33 36 39 37 37 34 34 32 34 36 35 35 36 37 37 37 41 48 46 49 41 49 44 45 45 45 46 50 50 43 38 36 36 35 38 38 35 36 36 38 42 36 37 37 37 37 37 37 37 39 39 52 48 48 45 43 45 38 38 40 40 39 40 42
37 35 41 36 41 43 39 40 37 33 29 29 29 29 30 30 30 29 31 30 32 32 32 32 30 30 30 30 33 37 44 44 44 38 38 35 35 35 35 40 40 44 45 40 41 41 41 42 41 46 45 49 46 46 50 48 47 34 35 35 35 36 35 35 36 36 38 38 37 37 38 37 37 37 41 41 39 39 44 44 44 40 40 43 38 38 40 40 39 44 46
39 36 37 38 39 37 41 37 36 30 29 27 36 29 30 30 29 29 31 34 31 32 37 36 33 31 33 32 32 34 34 34 41 38 35 35 35 43 43 44 44 47 39 39 40 45 49 48 48 45 49 42 46 47 50 48 39 36 38 35 35 37 37 35 35 41 41 36 36 37 37 38 39 41 43 43 39 39 37 38 43 39 43 45 39 39 39 39 41 46 47
42 35 33 39 39 40 41 35 29 29 27 27 28 29 29 29 29 27 28 31 31 32 32 33 33 34 33 32 33 33 31 31 33 38 42 42 45 41 38 46 42 42 42 39 40 44 41 41 42 42 45 43 46 43 43 46 50 43 39 38 35 38 36 36 36 39 39 41 38 36 39 37 38 43 41 39 39 38 38 39 38 40 38 40 49 45 45 45 46 46 51
39 34 32 35 35 33 40 40 31 28 28 28 28 28 27 27 27 27 28 28 31 31 32 32 32 30 30 32 32 30 30 30 33 35 42 42 43 43 43 46 42 42 47 40 40 44 47 49 46 46 46 45 47 50 50 49 42 50 43 39 39 39 39 38 36 39 40 39 37 36 39 42 36 36 36 36 37 37 37 38 38 40 38 38 40 43 43 43 46 46 46
36 32 35 30 31 37 41 33 31 29 29 29 28 29 28 27 27 28 27 28 29 32 31 35 33 31 31 32 32 29 30 29 33 37 38 39 39 43 43 43 46 41 42 45 45 47 46 49 48 42 42 41 47 39 42 47 47 47 39 39 43 39 39 40 38 38 39 39 37 36 37 39 42 37 37 36 37 36 37 37 39 37 37 41 38 38 38 43 43 46 44
34 31 31 31 37 36 38 34 32 29 29 29 28 28 28 27 27 28 27 28 30 31 31 35 40 33 30 32 31 30 30 30 33 33 34 35 35 35 43 39 41 37 38 43 44 45 45 45 45 42 41 45 49 42 46 47 42 38 37 35 39 39 39 35 38 38 36 35 35 35 39 39 36 36 36 36 36 38 36 36 39 37 37 38 39 38 38 39 39 38 44
29 31 30 31 33 36 34 29 33 32 28 26 26 28 30 30 29 27 27 28 27 28 31 32 35 33 30 30 31 33 33 33 33 33 33 35 34 35 42 42 41 37 38 43 46 44 48 52 53 46 44 49 44 44 50 50 50 38 35 34 34 35 35 35 34 35 36 34 35 35 39 38 37 40 37 37 35 41 41 41 38 38 37 37 40 40 42 42 40 43 39
30 33 33 30 30 30 33 29 34 36 32 36 36 36 35 34 30 27 27 27 27 27 27 28 29 30 32 33 32 30 30 31 33 33 37 38 34 34 34 42 38 47 51 45 39 51 47 47 45 45 45 41 40 45 44 43 42 42 38 39 35 34 35 39 39 40 34 34 34 39 37 35 40 41 40 37 40 35 36 36 36 36 37 42 38 38 39 39 39 40 39
31 30 33 35 37 37 37 37 33 29 34 33 36 29 29 29 27 27 27 27 27 27 28 31 30 29 30 33 33 33 32 33 32 32 37 44 41 37 38 40 42 47 43 42 38 39 40 52 41 45 47 40 41 42 42 45 44 46 42 38 35 33 33 38 39 39 38 40 44 41 39 35 40 41 40 35 35 36 36 38 36 36 36 38 42 39 38 39 38 38 40
36 34 38 30 28 37 35 35 32 32 36 36 29 29 27 27 27 27 27 27 27 27 28 29 30 35 39 32 32 32 36 37 33 33 33 43 41 41 37 44 36 43 42 42 41 43 39 40 47 49 40 48 43 43 44 46 38 38 42 38 37 35 35 35 39 38 38 40 44 40 41 37 42 46 41 40 38 36 39 38 36 36 36 39 37 37 43 45 45 45 38
29 33 33 34 33 36 36 28 31 28 35 35 28 29 29 26 27 27 27 27 27 28 28 28 30 40 41 40 40 32 32 33 33 36 40 43 37 37 41 34 36 36 37 36 37 44 45 39 39 52 46 39 45 45 48 45 36 34 36 36 35 39 39 39 40 38 38 50 48 49 45 41 50 50 42 40 41 41 38 38 43 39 36 39 39 39 45 46 54 50 38
28 37 32 32 32 32 35 28 28 28 32 29 29 28 29 29 27 26 27 27 27 28 28 28 28 37 43 43 40 32 32 32 32 33 33 33 33 32 33 33 42 45 45 36 38 42 46 39 42 43 44 38 47 41 41 45 36 36 36 36 34 37 39 40 40 39 39 44 48 49 52 49 50 52 46 41 38 40 41 41 47 43 38 36 39 43 43 45 45 45 44
38 36 33 38 33 32 31 27 26 26 29 29 27 28 27 29 29 29 29 30 31 31 34 30 30 32 37 42 34 33 33 32 31 32 32 33 32 31 30 32 37 42 44 42 46 47 41 42 46 41 38 42 47 47 41 41 37 36 33 38 38 38 38 39 39 48 39 43 40 49 51 52 46 46 42 41 35 36 37 42 47 47 38 38 39 44 44 42 44 45 45
37 27 27 28 28 28 27 26 26 26 26 26 28 28 28 29 28 26 26 29 30 34 38 38 31 32 36 40 43 43 37 35 32 29 29 32 31 32 33 33 37 34 42 37 46 44 44 44 43 46 44 40 36 36 41 41 37 35 33 32 33 42 47 41 41 46 50 44 44 51 49 41 41 46 47 42 40 40 37 37 42 40 40 38 41 36 38 42 42 44 40
27 28 28 25 25 28 27 27 25 25 25 25 29 30 30 30 30 28 29 33 33 38 32 32 31 32 39 37 34 39 40 40 40 40 32 31 32 33 33 33 33 41 38 42 45 46 45 45 43 39 35 35 36 36 40 36 36 31 31 36 34 38 38 42 43 43 47 43 48 44 45 41 46 42 42 42 46 47 40 42 37 40 40 38 38 38 37 38 38 38 38
34 37 35 31 25 25 25 27 27 25 25 25 26 29 30 30 29 31 30 33 33 37 35 32 36 40 36 37 34 42 44 38 37 36 36 31 29 32 33 33 31 32 32 34 38 43 43 39 40 35 35 34 35 35 40 36 36 35 35 37 34 38 42 47 47 43 48 37 39 40 40 40 45 46 41 46 42 42 42 41 37 34 35 40 37 35 38 36 37 45 44
37 37 29 36 27 25 25 25 26 25 27 28 28 29 33 37 37 34 31 30 28 30 38 40 36 39 39 42 37 41 41 33 33 31 30 30 31 33 33 32 32 31 32 33 44 44 42 41 36 35 35 35 35 40 44 36 36 36 37 37 38 38 43 38 38 38 39 39 37 35 38 38 39 39 40 40 40 41 41 37 36 37 34 36 36 36 36 36 37 41 44
32 36 36 28 29 26 26 25 25 25 28 28 28 36 37 38 38 34 34 28 27 27 30 38 38 31 32 41 41 35 33 33 30 28 30 28 30 31 32 32 36 41 37 37 42 44 42 43 35 35 35 34 35 35 35 36 36 35 33 36 38 38 47 38 38 38 37 37 37 35 33 34 36 34 37 36 41 40 37 39 39 40 36 36 36 36 37 36 37 42 46
38 38 40 32 34 30 26 26 25 25 25 27 31 37 38 38 38 37 38 30 29 27 29 34 35 31 32 31 35 31 31 30 30 28 30 30 32 32 31 32 32 32 37 41 39 42 42 38 34 33 34 34 35 35 40 44 47 41 35 33 34 38 46 37 38 38 37 37 38 33 35 34 33 36 34 35 36 39 39 39 41 42 40 35 37 37 35 37 38 41 46
42 42 37 33 38 34 30 28 25 26 25 25 27 32 36 36 36 29 29 30 34 30 29 34 40 35 35 35 30 31 39 36 32 31 30 31 36 36 32 36 36 36 32 37 41 41 42 38 34 32 33 34 33 35 40 36 45 37 35 35 33 38 42 42 38 43 43 39 45 39 39 33 35 39 41 39 34 39 41 41 36 40 42 48 38 36 41 42 36 38 46
30 37 37 36 30 33 29 27 25 24 24 25 27 35 31 32 32 29 29 34 31 30 29 30 38 35 40 38 40 36 36 36 40 32 30 28 31 31 31 30 32 32 32 32 32 41 37 42 38 34 42 39 35 35 35 36 36 35 35 35 35 37 46 48 48 49 49 50 51 45 39 39 40 40 41 45 39 39 39 41 33 42 43 43 41 35 35 42 42 38 40
30 30 30 30 38 29 25 25 25 25 26 25 25 25 27 27 28 29 29 30 31 30 33 38 38 35 40 38 38 40 41 35 39 31 30 30 31 35 31 31 31 32 28 32 31 32 33 33 34 38 38 34 34 35 35 41 41 36 35 35 35 36 48 39 41 40 49 50 46 49 39 39 40 40 41 40 40 39 33 41 40 36 41 38 43 39 38 36 39 36 38
