08 Ecocrop/raster/current/prec_2.asc
ncols        683
nrows        518
xllcorner    -87.691666666667
yllcorner    10.708333333333
cellsize     0.008333333333
NODATA_value  1.#QNAN
[rows 336 to 377 of 518, columns 376 to 469 of 683]
95 97 99 100 100 100 101 100 98 96 93 92 93 93 92 88 87 83 65 67 89 89 89 84 86 84 80 70 88 81 82 87 88 84 84 85 90 93 96 95 97 94 98 98 91 97 92 98 97 96 101 102 100 100 98 99 99 102 100 95 96 96 72 72 84 72 73 103 103 98 99 85 86 86 75 106 101 102 102 102 77 77 76 77 77 103 104 77 78 79 86 92 92 94
95 96 97 97 100 101 101 102 101 98 100 96 82 82 82 94 94 88 82 67 78 82 89 89 90 91 92 91 88 87 89 93 93 94 95 95 92 86 93 90 94 98 98 95 99 92 98 93 94 100 102 100 101 100 101 101 100 100 101 96 83 72 97 97 73 98 105 105 104 74 72 74 86 101 87 108 109 107 102 102 103 103 89 109 109 104 90 79 79 79 86 79 79 87
86 97 97 93 100 102 101 100 95 93 96 92 88 93 88 83 86 83 76 85 89 89 85 86 92 88 86 88 89 89 93 93 87 88 88 95 95 89 97 96 96 97 97 97 99 98 98 99 101 99 95 100 103 104 96 101 102 102 103 103 104 104 104 105 84 103 105 106 99 74 75 72 75 76 87 107 111 112 108 108 110 110 110 111 110 78 79 79 78 78 79 80 80 88
80 82 83 83 83 88 90 92 98 98 98 92 87 87 93 88 82 87 87 83 83 84 84 85 91 91 93 92 92 93 93 87 88 94 95 96 96 93 92 94 97 97 97 98 100 99 93 99 101 100 100 96 102 102 102 104 105 106 106 105 105 105 108 108 104 85 85 85 105 100 100 87 87 101 88 88 103 108 108 110 103 104 109 104 90 79 79 80 80 79 80 79 81 81
80 77 75 78 82 83 84 90 100 100 101 97 96 87 88 82 88 84 88 85 84 84 84 85 85 91 91 91 92 93 90 94 88 94 89 95 93 93 92 94 95 97 98 99 95 97 97 98 98 102 101 96 102 105 104 102 102 106 106 107 105 105 109 109 99 85 74 75 100 86 107 101 88 102 108 89 75 77 103 110 109 104 90 90 91 79 79 79 79 79 79 81 81 80
81 82 83 79 85 86 84 93 97 95 97 96 93 90 83 83 90 91 89 88 84 84 89 89 90 85 91 89 89 90 91 84 95 95 90 90 97 92 94 95 99 92 92 98 97 95 96 96 92 93 100 101 104 101 100 102 105 103 107 108 105 105 104 106 105 75 75 86 86 101 106 88 76 88 89 78 75 78 104 113 111 105 91 91 79 80 79 79 80 81 81 81 81 81
82 82 84 88 86 79 89 88 94 87 88 90 87 85 87 83 88 89 84 83 88 89 89 89 90 90 92 92 87 88 88 94 96 90 96 96 96 94 92 95 93 99 99 98 99 101 98 92 92 98 93 100 101 104 103 103 103 104 107 104 104 104 99 86 86 75 75 101 101 87 76 77 77 77 77 78 109 104 90 105 105 105 91 79 80 92 92 81 81 80 81 81 82 82
83 85 86 89 88 79 82 88 90 85 87 90 82 86 86 82 83 88 88 87 87 88 88 90 87 88 92 92 93 91 91 95 96 90 96 97 97 96 98 98 98 99 96 95 95 98 92 92 97 98 100 101 102 102 98 103 101 102 104 103 104 99 100 100 105 101 75 76 87 102 77 89 77 77 75 78 104 104 90 111 111 111 91 78 80 79 79 93 94 89 89 81 89 81
61 73 82 74 62 80 81 88 86 89 89 88 88 86 85 86 86 87 86 87 87 88 88 84 90 88 86 61 90 91 95 90 96 96 101 96 96 97 97 92 98 99 97 96 96 98 98 97 99 103 103 104 101 105 101 83 97 84 84 85 73 74 86 86 106 87 106 107 102 102 108 108 78 78 105 105 110 110 110 112 111 106 80 79 87 94 93 94 95 94 95 95 95 96
49 50 51 55 53 72 86 82 89 81 83 83 87 85 86 85 86 86 82 88 83 84 89 85 91 92 93 93 94 89 89 96 97 102 102 97 91 91 97 102 92 99 100 102 96 102 100 101 103 103 100 100 105 102 83 83 84 73 73 74 86 75 75 76 76 101 102 107 107 108 109 109 104 90 105 105 111 79 91 92 80 80 79 88 94 95 94 89 89 89 90 96 96 96
43 40 44 50 44 50 74 79 79 80 88 82 81 85 85 85 85 82 93 93 89 89 86 91 92 93 89 93 94 89 100 90 96 106 102 97 91 92 98 106 92 93 94 101 102 99 95 95 103 103 101 100 105 101 96 97 84 73 74 99 86 86 75 75 76 88 88 103 77 77 109 109 109 90 91 106 91 79 80 92 81 79 79 94 95 107 94 95 81 81 82 82 91 91
43 43 44 50 61 62 81 78 78 81 85 81 84 84 82 85 85 85 86 87 88 89 87 92 88 93 89 93 89 95 96 97 97 98 102 97 92 93 98 98 92 93 99 100 101 103 104 103 103 100 99 100 100 96 83 97 102 85 69 86 75 87 87 87 102 88 88 89 103 104 109 109 110 110 79 91 92 92 80 78 93 79 79 95 94 94 95 96 81 82 82 91 97 96
42 43 43 49 71 75 75 79 80 85 82 78 82 86 92 99 88 83 83 84 89 90 87 93 94 87 93 94 94 90 96 97 98 91 97 102 92 92 92 98 98 104 100 95 95 103 104 99 95 95 100 95 96 71 97 103 104 98 74 86 86 87 76 87 88 88 88 103 110 113 113 110 111 110 106 111 112 92 78 79 81 94 94 82 89 95 90 96 90 83 91 91 96 98
48 43 50 44 62 71 61 51 71 76 82 82 81 93 88 85 89 89 89 90 85 90 91 88 89 93 94 89 95 96 102 98 92 97 98 91 97 99 99 92 93 99 100 102 101 102 104 101 101 101 104 105 101 97 102 104 103 104 104 104 105 101 87 88 88 76 77 78 90 105 91 91 91 91 92 107 107 93 108 113 109 80 80 81 83 81 82 83 82 91 83 84 97 98
38 39 42 49 61 61 59 50 51 72 80 86 82 87 81 88 85 85 92 96 85 91 94 83 90 93 93 94 95 90 96 92 97 98 97 98 98 98 98 99 96 99 94 102 99 104 103 97 97 97 103 103 106 103 102 103 105 101 109 109 105 107 102 88 77 103 77 78 90 110 105 110 91 80 112 107 112 113 113 114 82 82 81 81 95 96 111 96 83 83 83 92 92 97
58 59 42 40 50 68 69 70 76 77 85 86 87 83 85 90 89 90 88 88 90 87 88 86 87 94 94 94 96 91 97 106 102 97 98 94 95 97 92 98 95 97 100 101 99 99 103 105 102 103 98 98 106 104 107 108 108 109 106 105 106 107 102 102 103 103 108 90 90 105 114 111 107 115 112 108 113 114 114 109 83 95 83 84 111 116 116 112 85 84 84 84 98 98
52 54 57 56 37 46 47 49 62 77 86 88 90 91 82 89 89 85 92 92 91 88 85 86 71 88 90 96 96 91 97 102 106 98 97 95 93 95 99 98 101 97 98 101 103 100 104 105 103 104 104 98 104 104 105 105 104 100 100 101 106 106 108 107 112 112 110 109 105 110 111 112 112 115 113 93 108 114 114 110 83 111 116 96 96 112 112 85 85 85 93 99 100 112
58 52 60 53 49 38 38 43 53 63 79 81 86 85 78 82 85 86 92 89 89 89 92 82 61 72 88 90 91 95 95 96 106 102 97 97 93 93 95 99 101 100 97 99 102 102 102 105 99 104 107 105 104 104 107 100 109 106 106 101 102 102 103 107 108 109 109 105 106 91 106 111 112 116 116 94 94 94 95 95 81 84 116 112 97 97 98 86 84 85 99 98 113 131
51 58 59 53 57 50 38 39 44 51 64 80 84 86 82 82 90 86 88 95 96 93 93 94 89 83 84 88 96 96 97 95 97 96 96 96 98 98 95 96 99 100 98 99 99 100 101 103 102 107 107 107 105 107 104 108 109 105 106 106 106 107 107 108 108 109 109 110 110 111 107 107 108 108 109 109 95 82 83 83 84 84 97 97 97 85 85 84 84 85 94 94 99 113
54 52 52 57 54 57 58 60 61 62 44 56 68 79 78 79 90 91 95 91 94 88 86 89 89 94 94 95 96 97 91 96 90 91 98 94 94 98 95 90 100 100 99 98 99 95 82 100 102 102 98 107 105 108 108 108 105 101 106 102 102 108 108 108 90 105 105 106 106 112 112 108 108 109 78 82 83 82 80 84 84 97 85 85 86 85 86 87 85 85 94 100 99 99
58 58 52 53 61 61 76 56 57 61 62 63 64 43 47 54 82 83 86 85 82 86 86 94 94 95 95 95 90 98 96 97 95 92 97 98 98 92 92 93 94 101 97 94 81 99 71 83 100 84 72 102 103 103 106 104 105 101 106 106 107 107 108 109 109 105 106 110 111 112 108 93 82 94 94 95 83 96 84 84 84 82 82 85 83 84 84 87 88 100 1.#QNAN 86 87 95
80 81 60 60 60 75 62 59 61 62 59 62 55 53 66 54 57 79 80 59 60 60 83 87 87 94 95 95 96 91 92 92 92 91 91 92 98 92 94 100 101 97 98 98 94 99 82 83 101 83 98 103 104 103 108 107 106 105 107 110 107 111 109 109 110 110 110 111 107 107 81 81 116 117 114 110 83 96 96 112 97 85 113 86 84 84 87 85 86 86 88 88 88 87
58 59 59 53 60 75 55 56 60 59 59 63 64 42 47 47 57 67 68 58 57 57 70 71 88 94 94 90 90 96 94 95 95 96 93 93 91 92 96 96 97 98 97 97 94 99 99 82 102 102 98 108 105 108 108 109 109 107 110 111 108 112 108 105 110 110 110 107 81 93 108 109 114 114 115 118 115 111 97 97 98 85 85 86 84 85 85 86 86 86 86 87 88 87
57 52 52 57 56 54 57 55 60 58 66 66 60 65 47 47 53 55 55 58 56 56 70 83 89 95 89 94 95 90 91 90 98 97 97 97 91 103 94 95 97 98 98 98 98 95 100 100 102 102 84 103 108 101 106 105 109 102 103 108 108 108 105 110 110 110 111 111 93 93 113 113 109 95 115 118 116 112 112 113 85 83 83 84 93 94 94 86 86 95 89 89 88 88
51 54 55 56 58 61 61 55 56 58 58 58 63 41 42 42 53 67 58 69 58 56 56 59 83 89 90 94 90 91 97 91 98 98 98 92 92 98 98 98 101 103 99 98 98 99 95 96 101 102 98 99 103 106 101 106 109 102 103 103 104 108 112 109 106 106 111 112 112 94 94 109 110 110 111 112 97 85 98 98 86 86 84 93 85 85 86 86 86 87 87 88 97 103
55 56 55 49 49 61 54 57 55 64 61 61 63 55 45 46 53 66 57 56 69 56 56 58 83 86 87 84 95 96 97 97 97 93 93 93 98 99 94 93 99 101 99 99 99 100 96 100 97 102 100 105 104 104 109 109 107 110 111 111 108 112 109 91 78 92 111 108 108 109 109 95 95 111 111 97 85 85 82 86 86 87 99 84 84 88 88 86 86 96 102 103 117 117
33 33 34 35 49 35 49 36 56 56 56 60 53 63 55 46 46 47 47 55 57 69 70 56 86 83 71 88 85 73 87 91 98 98 98 99 98 93 108 109 101 101 104 95 99 104 104 105 102 106 104 105 104 104 105 105 106 110 107 108 112 112 109 110 92 111 108 108 109 109 114 114 111 96 97 112 84 85 98 99 99 99 86 84 88 88 89 89 87 102 116 135 135 109
43 33 48 49 53 49 35 36 36 41 41 52 39 54 55 55 55 56 42 54 48 56 58 82 85 70 70 87 72 73 86 95 96 97 93 93 99 104 104 104 109 112 111 108 103 103 98 103 106 104 100 100 108 105 105 106 110 108 111 108 112 109 109 110 111 111 112 113 113 82 83 96 96 112 116 116 85 98 99 114 99 100 87 87 88 101 117 102 87 101 116 135 137 109
56 37 47 48 34 38 46 46 40 41 41 42 43 39 44 45 45 45 53 53 54 55 57 81 85 83 84 88 89 89 90 95 96 98 94 93 93 105 104 109 110 106 111 103 98 105 104 98 99 99 100 108 108 104 105 106 110 111 108 108 109 110 114 111 111 108 109 113 113 114 96 84 84 85 85 85 86 85 86 99 87 87 100 87 89 102 86 86 96 101 137 124 110 79
46 67 47 33 38 45 48 46 36 41 37 41 42 38 43 44 40 45 66 67 56 56 68 69 87 84 84 88 90 94 93 96 97 93 98 97 93 109 105 106 105 95 96 97 103 98 104 109 99 99 105 104 104 105 105 102 107 103 112 108 109 109 110 111 112 112 113 114 114 114 115 96 83 80 84 85 85 99 99 100 100 88 116 88 89 102 86 103 103 117 137 137 110 79
46 57 37 33 33 58 48 48 47 41 41 41 49 50 50 44 51 52 77 55 79 80 84 85 87 87 84 89 94 94 93 94 95 92 98 98 104 104 109 109 105 100 101 102 103 98 103 104 104 99 105 104 108 109 109 106 107 104 104 110 113 110 110 115 112 113 113 114 114 115 97 116 97 85 85 98 99 99 100 100 100 88 101 88 85 90 89 101 103 136 125 110 110 110
45 46 56 44 37 45 48 49 49 48 50 51 49 52 63 53 76 80 82 87 88 84 90 92 93 93 93 92 89 89 95 95 96 91 92 103 108 108 109 110 101 97 102 107 103 103 108 98 106 104 105 108 102 106 110 110 107 109 109 105 106 106 115 115 112 110 114 114 118 118 119 116 116 117 114 114 99 86 86 87 84 84 84 85 96 86 87 103 103 137 138 110 110 111
55 66 72 68 44 45 45 49 60 61 72 73 74 75 78 81 85 85 85 86 87 88 86 93 93 88 88 92 92 100 101 101 101 102 97 107 108 106 98 100 100 101 101 97 112 115 113 104 100 108 105 108 106 107 106 103 108 109 109 105 110 114 93 108 116 117 111 111 115 119 119 116 116 120 120 114 99 100 87 88 87 85 85 85 96 103 97 103 137 137 139 63 111 63
45 56 68 71 57 58 48 70 74 77 75 78 79 75 79 81 83 96 96 88 86 93 92 89 91 99 91 92 89 89 94 95 90 94 91 103 92 93 93 98 97 102 98 104 110 118 118 114 105 107 104 104 106 107 103 108 109 109 113 110 106 111 111 112 95 114 114 84 84 112 116 117 114 118 117 118 115 119 101 88 89 88 89 89 86 97 103 117 103 118 139 80 63 80
55 67 72 72 71 74 72 70 74 81 75 77 78 86 87 88 88 85 87 96 89 90 86 86 103 98 87 92 88 92 89 89 96 102 91 92 98 93 94 106 102 103 100 100 108 108 107 100 105 101 103 103 107 107 103 104 109 112 113 110 111 111 115 112 110 111 96 112 84 85 85 85 86 115 118 119 116 116 101 89 88 85 85 86 86 87 101 117 139 140 111 111 63 1.#QNAN
55 55 67 71 71 72 70 48 59 75 76 78 80 87 88 88 88 86 87 90 94 93 86 92 87 88 91 93 88 93 94 90 91 96 97 97 98 98 95 102 109 114 102 101 105 106 101 103 104 107 106 112 107 104 104 109 105 110 110 111 111 115 112 113 118 114 114 115 113 85 84 85 115 115 118 119 116 116 101 85 85 85 96 96 101 101 103 139 126 111 81 81 1.#QNAN 1.#QNAN
55 55 56 68 69 58 59 61 49 60 76 78 81 82 82 82 89 91 92 92 91 88 93 93 92 86 90 93 88 93 89 90 74 91 91 93 95 101 104 110 109 115 104 98 105 104 100 107 108 102 106 111 108 106 105 110 110 113 114 111 115 111 112 113 113 114 111 119 116 98 86 86 118 115 116 120 101 89 117 89 84 102 100 101 101 117 118 111 81 111 81 1.#QNAN 1.#QNAN 1.#QNAN
35 45 57 57 46 49 51 61 60 75 76 86 81 80 82 81 82 87 88 87 90 91 90 90 91 92 91 92 88 93 94 94 91 91 97 97 95 97 105 105 98 98 109 116 98 98 105 106 105 101 107 112 114 107 106 110 105 109 110 111 115 111 110 113 114 114 115 116 114 114 114 115 117 118 88 117 102 88 89 88 85 96 103 101 101 117 118 126 81 64 64 1.#QNAN 1.#QNAN 1.#QNAN
57 58 70 47 44 46 50 60 75 83 85 78 80 80 80 80 81 89 89 89 89 87 87 99 86 89 90 92 92 92 89 90 96 96 97 93 94 102 99 105 99 102 104 111 105 99 99 104 104 105 107 108 105 105 109 106 110 109 110 111 111 109 110 114 112 115 115 116 117 116 120 113 117 118 118 117 102 89 88 84 85 85 97 103 104 117 140 127 111 64 59 1.#QNAN 1.#QNAN 1.#QNAN
47 58 47 47 45 48 72 73 78 85 78 75 64 76 65 77 81 82 83 89 88 94 87 95 94 93 94 90 88 106 96 93 95 97 92 96 98 95 97 98 98 104 100 104 105 108 106 104 105 106 112 104 116 115 114 110 106 109 110 110 112 116 113 110 115 115 115 115 116 120 120 113 113 118 118 120 121 102 90 90 91 86 86 97 102 118 111 63 59 1.#QNAN 1.#QNAN 1.#QNAN 1.#QNAN 1.#QNAN
70 71 72 72 74 75 76 78 79 79 79 78 76 76 79 77 78 88 82 84 90 89 89 90 86 86 87 92 89 95 90 90 96 95 92 93 98 95 95 96 99 105 105 109 115 114 108 101 101 107 106 112 106 104 109 115 110 111 110 111 116 116 117 110 118 114 115 116 120 120 121 121 122 122 119 119 120 103 90 89 86 86 102 117 139 141 64 1.#QNAN 1.#QNAN 1.#QNAN 1.#QNAN 1.#QNAN 1.#QNAN 1.#QNAN
71 73 83 76 83 84 84 86 78 74 74 77 79 76 79 77 78 88 81 79 80 81 82 82 83 86 71 86 89 93 94 97 92 98 98 93 93 95 98 105 106 105 105 110 119 118 119 115 105 110 103 109 111 111 112 111 111 110 107 112 109 113 117 118 114 115 115 116 120 121 117 114 118 118 119 119 120 103 89 89 86 97 102 117 127 127 1.#QNAN 1.#QNAN 1.#QNAN 1.#QNAN 1.#QNAN 1.#QNAN 1.#QNAN 1.#QNAN
