08 Ecocrop/raster/current/prec_9.asc
ncols        683
nrows        518
xllcorner    -87.691666666667
yllcorner    10.708333333333
cellsize     0.008333333333
NODATA_value  1.#QNAN
[rows 296 to 332 of 518, columns 336 to 419 of 683]
233 234 234 233 238 235 234 234 236 236 237 235 236 241 238 237 239 243 240 244 245 239 239 241 246 242 257 257 257 257 280 280 286 280 258 246 249 249 251 244 248 249 249 249 246 247 251 251 252 256 252 257 257 258 259 259 259 260 260 261 262 262 263 263 264 264 264 265 265 266 267 259 269 269 269 269 271 272 271 270 270 272 270 271
237 237 237 233 238 238 235 235 236 240 240 237 237 236 242 239 239 243 240 240 240 239 241 246 246 240 280 257 241 257 257 257 242 258 243 243 251 249 251 253 253 254 249 246 250 255 256 256 256 256 258 257 257 258 259 259 260 260 261 260 261 262 262 264 263 265 265 265 265 267 268 259 269 269 269 270 270 269 269 271 271 271 271 272
237 237 237 238 238 235 235 239 236 240 240 241 237 236 242 242 243 239 239 238 255 255 255 246 242 242 240 257 257 257 280 249 250 242 243 246 247 247 252 248 245 245 246 250 250 254 254 255 255 256 256 257 258 257 250 258 260 260 261 261 262 262 263 264 264 264 265 266 266 267 268 269 270 270 270 269 270 269 271 271 271 266 267 272
233 237 234 234 234 234 235 234 234 240 240 241 235 236 242 242 242 243 239 238 279 279 255 279 256 240 240 285 285 257 241 249 250 250 246 246 247 247 244 259 288 260 246 250 255 255 254 255 256 257 257 257 256 257 251 253 259 260 261 262 263 262 263 264 264 265 265 265 267 266 268 260 269 270 269 269 270 270 270 271 272 272 273 273
237 237 237 234 238 233 233 234 234 234 253 236 237 241 242 238 238 238 243 240 255 279 283 283 284 284 280 280 285 280 280 244 249 250 246 246 247 252 244 281 259 245 245 246 250 256 255 257 256 248 249 249 257 250 258 251 259 261 261 262 262 264 259 259 259 266 260 261 261 262 268 269 269 270 272 272 270 271 266 271 271 272 272 273
237 237 237 238 238 234 252 233 234 234 236 237 237 237 238 242 238 239 243 244 240 255 279 279 279 256 256 240 240 257 257 241 249 250 242 243 259 244 253 248 245 249 249 250 256 254 256 256 254 250 251 257 252 257 258 260 260 261 261 262 263 258 259 259 260 260 261 261 262 262 268 268 268 270 270 270 270 271 272 271 272 272 275 276
236 237 237 237 238 238 238 235 240 236 236 236 237 237 238 242 243 243 244 244 240 240 255 283 279 256 256 256 243 244 241 257 242 245 242 246 247 244 248 253 254 249 250 250 256 254 253 256 248 255 255 257 258 258 258 260 261 260 262 262 264 264 265 265 266 260 255 267 267 268 268 268 270 270 270 270 271 273 272 273 273 273 274 276
236 237 237 238 238 238 235 239 240 240 236 236 237 237 235 238 238 239 239 240 237 238 238 279 256 256 256 256 240 241 241 241 258 242 242 243 243 244 244 253 254 249 255 256 255 256 253 254 255 251 257 258 252 251 259 260 261 261 262 262 264 264 265 265 266 266 261 261 267 262 269 269 264 264 271 270 271 273 272 273 273 274 274 277
236 233 231 237 234 234 234 239 240 236 252 253 253 237 235 236 238 244 239 237 237 237 241 238 239 242 248 248 243 244 244 250 245 251 242 246 247 247 253 254 254 255 254 254 255 256 256 254 255 249 249 250 252 251 259 260 261 262 262 263 258 259 259 260 266 267 267 268 268 269 269 264 270 270 272 271 271 272 274 275 278 276 274 274
232 250 231 231 251 251 232 251 252 277 277 277 277 235 253 243 243 243 244 244 245 255 240 246 241 247 247 248 242 246 250 250 250 251 252 247 252 250 251 254 249 255 256 250 251 257 257 256 255 249 256 257 252 251 259 261 261 262 262 264 264 253 265 266 266 255 267 267 268 269 270 269 270 272 263 273 273 272 275 266 266 279 277 278
230 250 276 250 251 251 234 232 232 252 277 252 234 253 253 242 243 243 239 244 245 245 239 243 247 247 242 248 248 246 247 249 250 248 249 251 247 252 254 253 254 255 256 256 257 257 258 258 257 257 259 259 259 260 260 262 262 262 263 264 259 265 254 260 261 267 268 267 268 269 270 269 270 272 274 275 274 274 277 266 266 279 277 275
235 230 275 275 250 276 251 234 234 233 235 236 236 237 237 242 243 243 244 244 244 242 239 239 246 247 248 248 249 244 249 250 250 248 246 251 250 252 253 252 255 254 250 246 251 247 252 257 257 258 259 259 259 260 262 261 262 262 263 264 259 253 260 260 261 268 268 267 269 270 269 270 265 271 273 275 276 277 266 278 279 267 278 276
234 231 230 250 276 251 251 234 232 234 240 240 234 234 234 242 243 243 243 244 238 238 243 239 246 247 247 248 248 249 249 247 248 249 249 250 250 248 249 249 252 255 245 260 261 261 252 257 258 259 258 260 260 262 262 261 262 263 263 265 259 265 254 260 267 268 267 268 268 270 271 271 271 271 275 274 274 275 278 266 279 267 281 277
235 229 230 230 231 250 251 231 251 234 239 240 235 233 234 242 243 243 244 245 245 245 245 239 244 247 247 248 249 249 247 250 250 251 249 250 250 251 243 244 250 255 250 246 246 247 252 259 257 258 259 260 261 262 256 262 262 264 265 265 259 253 260 267 261 268 268 268 269 270 271 270 270 271 274 276 275 276 278 267 267 268 278 277
230 231 249 250 231 250 231 231 231 232 240 240 240 241 242 243 240 244 239 236 236 237 246 243 240 244 245 248 249 247 239 240 245 246 249 252 250 248 249 244 244 253 255 256 257 258 259 258 258 258 259 259 260 261 263 262 262 264 264 264 265 265 266 266 268 268 269 270 270 270 272 273 274 273 274 274 275 278 266 267 267 268 282 282
228 229 231 230 250 250 250 250 231 231 239 236 237 241 242 242 243 244 244 245 245 237 241 247 247 247 248 243 249 239 244 248 248 249 247 247 248 248 253 244 250 251 252 255 255 257 258 258 258 258 260 260 262 262 261 262 263 263 264 264 265 266 266 267 268 259 269 269 260 272 271 272 273 274 276 277 277 278 267 267 268 268 269 283
231 231 236 232 237 237 233 233 231 239 239 236 240 236 236 242 243 238 239 245 245 246 241 238 248 247 249 249 250 247 244 248 248 246 247 247 242 249 252 254 255 254 254 253 253 256 257 258 258 258 260 255 262 263 262 262 253 263 264 265 265 266 257 267 268 259 259 261 261 262 262 262 275 275 276 277 266 279 279 280 268 269 269 280
230 229 231 231 237 234 238 238 239 236 236 232 237 241 242 243 238 238 245 245 245 246 247 247 247 245 245 246 246 243 244 240 243 241 241 245 242 249 249 250 251 245 252 255 256 256 257 257 256 259 259 262 261 261 261 261 262 264 264 265 265 266 267 268 258 269 269 271 261 261 272 274 263 264 265 265 266 267 268 268 276 269 283 284
235 235 236 236 237 229 234 238 239 236 229 232 241 241 242 242 243 244 245 245 245 246 246 247 248 241 241 238 238 239 239 245 240 244 244 242 242 243 243 244 251 245 246 246 256 258 258 259 259 259 259 261 263 262 262 262 263 264 265 265 266 266 257 258 258 259 260 271 272 262 262 263 263 264 265 266 267 267 276 276 277 269 270 270
235 235 236 228 229 229 234 235 235 236 236 236 241 233 242 242 244 244 239 235 240 246 246 247 248 248 245 238 238 239 239 245 245 246 241 242 248 246 247 247 251 252 246 246 254 258 260 260 259 261 260 261 263 263 264 262 263 264 265 265 266 257 259 260 261 259 262 260 272 262 264 264 264 275 277 267 267 267 276 277 277 269 270 270
235 232 232 226 226 228 229 235 235 236 240 234 235 242 242 243 243 244 245 239 239 246 246 247 248 245 242 238 238 239 248 248 249 249 247 248 251 246 247 247 251 254 252 246 247 250 255 258 260 260 261 261 262 262 263 263 264 264 265 256 256 257 258 258 259 259 262 262 261 263 264 263 265 265 265 266 267 267 268 277 270 270 270 270
226 227 236 232 233 226 235 227 230 231 240 234 232 236 243 235 235 240 241 245 235 240 241 244 247 247 241 237 238 243 248 245 245 253 252 253 251 249 244 244 245 254 252 246 247 247 248 249 249 258 260 261 261 252 263 263 263 264 265 265 256 257 268 268 269 261 262 263 261 264 272 265 274 274 275 267 268 267 268 269 278 279 271 271
231 227 236 236 225 228 229 236 231 231 236 237 241 242 234 235 235 236 236 244 245 240 240 247 248 248 248 249 249 247 244 248 245 250 252 253 255 254 250 244 248 255 249 253 257 255 248 252 259 258 259 259 260 261 263 263 264 264 265 266 266 267 268 269 269 270 271 271 273 272 264 265 266 265 265 266 267 276 279 269 279 279 280 271
226 232 232 232 233 237 228 236 236 231 228 231 237 242 242 239 240 240 240 244 245 246 240 241 248 245 241 242 243 243 248 248 249 250 247 251 252 252 253 250 245 245 246 253 247 255 248 259 257 258 261 262 262 263 263 264 265 265 265 266 267 268 268 269 270 270 270 261 273 274 275 276 277 277 266 266 280 276 280 269 279 279 280 272
231 231 232 225 227 233 234 234 230 235 236 231 237 241 242 239 235 235 236 236 237 238 243 244 244 248 248 246 247 247 248 249 249 246 247 251 252 252 250 251 254 252 246 256 257 259 258 259 260 260 259 261 263 263 263 264 265 264 265 267 267 268 269 269 270 271 270 271 271 272 275 276 277 265 279 280 280 277 282 269 271 271 271 272
235 232 232 225 225 228 234 238 235 230 231 237 241 242 242 239 240 235 241 233 234 234 243 244 244 245 248 250 250 243 244 245 245 244 241 251 254 254 253 251 251 255 253 253 260 260 261 260 260 261 261 261 261 264 264 264 265 265 265 267 268 268 269 269 269 272 271 273 271 272 274 264 265 267 266 267 281 282 283 284 270 271 272 272
231 226 227 232 227 233 234 238 235 236 238 238 241 241 238 234 235 235 241 236 233 238 239 239 244 248 249 250 250 243 244 239 245 246 247 247 252 253 255 254 254 252 253 254 259 259 260 260 260 260 262 262 261 263 264 264 265 266 266 267 268 268 269 270 270 270 272 272 272 272 273 275 277 278 275 280 281 268 283 270 271 272 272 273
225 225 226 236 233 237 238 234 239 236 236 236 237 238 233 234 235 235 236 236 242 238 243 247 248 249 242 250 250 243 239 239 245 241 241 248 249 253 250 254 251 255 256 257 257 258 259 257 258 250 251 260 252 262 264 265 264 266 266 267 268 268 258 259 270 270 271 273 273 274 267 275 274 275 278 280 281 282 269 270 271 281 282 272
235 235 232 236 237 237 234 229 239 240 230 231 242 238 233 234 235 235 236 236 245 246 243 247 248 249 249 249 250 243 244 239 240 246 247 246 242 249 250 254 257 255 246 254 255 255 248 249 250 259 259 252 252 262 263 265 266 266 266 257 268 269 269 270 271 271 272 272 273 274 275 276 276 277 278 267 268 270 271 280 281 272 272 273
225 236 236 232 233 233 228 229 235 240 236 231 229 233 243 239 240 241 241 245 246 246 247 247 245 245 241 242 247 248 239 239 245 246 251 248 249 247 247 244 245 249 250 250 251 248 249 257 258 259 260 252 261 264 263 264 264 265 266 267 257 261 270 271 271 271 271 272 274 273 274 276 277 279 278 279 270 270 280 281 272 272 273 274
225 225 232 235 237 237 237 238 239 239 240 237 238 242 236 244 244 244 241 242 242 246 247 248 245 240 237 242 247 243 244 240 244 241 247 248 243 243 244 244 245 249 250 250 259 259 252 257 258 261 251 252 252 253 257 254 265 256 256 257 257 258 270 271 271 272 273 274 275 276 277 265 265 279 278 279 268 270 271 272 272 273 273 274
231 225 226 237 237 231 231 228 229 229 233 241 242 235 236 243 240 241 241 242 237 243 247 249 240 241 237 247 248 248 249 250 246 247 247 242 243 250 251 251 252 246 250 254 257 258 258 253 250 259 255 256 253 257 257 264 265 256 260 257 258 258 270 271 272 272 273 274 275 276 277 265 268 266 277 282 268 271 281 272 271 273 274 273
231 224 224 227 233 238 239 232 229 250 230 234 235 231 251 244 244 236 242 237 237 238 244 248 240 236 237 238 238 244 239 245 246 247 252 248 243 250 251 252 256 253 247 255 259 260 261 261 254 255 263 261 256 257 258 255 266 266 267 257 261 259 271 260 263 261 273 275 275 274 276 278 268 269 267 268 270 271 272 272 273 273 274 274
223 224 224 227 227 228 235 239 233 233 230 242 231 231 232 244 245 241 236 237 238 244 244 245 240 241 242 243 243 244 240 240 241 245 255 255 250 250 245 249 253 246 247 248 260 258 259 259 260 263 261 265 262 262 267 255 256 256 257 258 261 259 271 263 264 262 275 275 275 274 278 266 268 269 270 280 281 271 272 283 272 284 285 275
236 237 233 233 225 226 228 229 240 241 234 242 238 239 236 237 241 236 237 246 247 240 249 249 246 247 242 243 244 249 250 246 241 246 248 253 247 248 245 245 246 247 259 252 258 259 259 260 260 260 265 265 265 262 263 268 268 264 267 267 265 272 263 264 264 265 274 276 276 278 279 280 281 281 282 281 271 272 273 273 274 285 275 274
232 232 237 238 238 239 235 236 240 237 237 238 233 234 234 244 235 232 242 247 244 244 248 249 250 251 248 248 244 239 240 245 241 242 242 249 250 251 249 250 250 251 251 252 261 261 262 260 263 264 265 265 262 263 267 268 269 261 270 271 271 263 263 267 265 262 263 264 277 265 266 266 281 282 271 269 270 286 271 272 274 273 274 275
237 237 233 234 238 239 235 227 230 237 237 232 233 234 234 231 232 242 246 247 238 244 245 246 250 251 242 243 244 245 240 241 247 248 243 247 256 249 249 250 250 259 258 260 261 259 260 264 261 261 269 266 263 263 268 269 269 270 261 262 272 273 264 264 265 266 266 267 267 268 269 269 267 268 271 282 272 271 273 274 285 275 276 275
