08 Ecocrop/raster/current/prec_8.asc
ncols        683
nrows        518
xllcorner    -87.691666666667
yllcorner    10.708333333333
cellsize     0.008333333333
NODATA_value  1.#QNAN
[rows 148 to 184 of 518, columns 336 to 419 of 683]
273 275 284 279 277 273 273 279 281 284 283 291 294 294 283 287 296 295 297 308 312 311 308 309 306 312 335 328 328 339 339 340 341 331 342 333 333 319 325 321 320 323 322 338 348 336 328 338 354 330 341 336 345 346 338 348 335 336 342 338 344 340 345 345 345 339 342 342 343 348 348 357 349 358 358 350 350 350 346 351 342 340 344 346
272 276 280 276 279 278 280 282 280 288 290 286 288 286 286 292 295 298 294 304 312 315 309 307 323 324 336 338 339 339 330 331 331 331 330 324 325 324 319 324 325 325 326 328 348 351 337 353 342 343 356 355 345 356 358 359 358 349 341 343 343 337 335 344 345 338 339 342 347 366 348 357 366 367 368 367 367 359 359 350 351 351 346 344
271 272 271 281 279 280 286 295 286 282 284 288 281 282 288 290 288 291 297 306 314 321 315 318 322 336 323 324 329 330 321 321 329 318 315 321 312 316 322 323 323 333 325 327 338 351 336 351 332 333 334 354 336 346 356 357 348 359 361 351 342 338 338 353 339 338 336 337 342 342 347 348 348 357 368 368 368 367 359 350 345 350 351 346
275 272 271 279 277 279 279 285 286 286 287 286 282 285 288 291 289 290 300 302 302 306 320 328 332 335 336 324 328 328 326 318 319 316 314 318 311 312 315 317 318 334 334 335 337 350 351 340 332 333 343 356 355 356 343 358 358 349 349 350 337 335 336 336 339 339 338 338 339 339 342 342 348 357 368 368 355 367 367 359 345 345 345 351
274 272 274 277 276 278 280 285 286 295 285 285 286 300 292 296 294 298 304 303 309 310 320 298 297 326 319 323 308 304 306 303 309 307 307 306 307 308 312 314 315 333 324 325 326 337 329 325 326 327 328 343 356 342 332 343 344 360 359 350 336 337 336 334 332 337 337 338 341 339 339 342 347 357 357 358 367 367 368 368 350 350 359 359
276 277 276 273 277 277 280 306 305 306 305 306 286 299 301 317 320 328 326 318 318 318 322 297 293 300 298 297 300 298 299 300 300 306 302 306 303 304 309 310 314 317 318 319 320 327 323 324 325 323 324 328 334 356 342 333 334 345 349 335 341 336 337 336 336 338 337 335 338 338 339 347 356 367 367 367 367 367 367 367 358 359 359 359
277 280 280 279 279 279 305 291 305 305 305 306 308 284 297 311 315 324 306 314 314 316 308 289 289 295 301 299 307 304 297 294 296 300 301 303 304 303 305 307 312 314 313 314 312 318 327 323 329 325 326 327 333 344 357 358 357 358 348 334 340 336 336 335 335 338 336 335 340 355 355 356 366 356 366 366 368 358 355 358 358 368 368 368
284 294 306 294 279 284 293 290 290 290 305 294 298 292 295 309 310 313 318 304 294 294 302 293 295 299 300 300 298 303 303 296 299 299 298 299 301 303 304 308 312 316 312 313 317 317 321 320 321 322 325 326 328 334 335 346 346 347 338 339 334 335 336 334 334 337 338 339 345 364 365 365 365 367 353 366 354 354 354 354 367 358 368 359
294 294 284 284 305 305 305 305 290 290 290 305 306 293 307 307 302 293 303 306 297 302 297 292 294 299 312 302 296 294 294 296 299 299 297 299 300 306 303 305 306 310 311 312 314 315 316 317 318 317 318 319 324 333 334 356 356 358 358 339 339 350 335 333 334 335 343 344 354 365 351 352 352 353 353 353 353 354 354 354 354 367 368 368
294 294 284 279 306 305 305 305 305 280 290 304 292 292 293 306 297 311 289 305 305 299 295 292 294 312 313 301 301 294 294 295 297 300 294 296 300 304 305 307 308 309 312 309 315 319 315 316 315 314 317 318 319 325 334 345 357 358 358 338 339 360 350 351 334 334 352 363 364 365 341 341 352 352 353 353 367 367 343 367 354 368 367 368
294 306 294 294 294 305 305 305 305 290 280 305 293 292 292 294 305 305 307 312 314 305 286 287 289 298 301 294 296 296 293 292 294 295 297 295 302 308 314 308 307 309 307 313 310 314 315 313 315 316 319 320 321 326 333 328 335 346 347 358 338 349 350 350 351 342 352 363 364 350 340 339 341 342 366 342 353 343 343 343 354 368 368 355
306 306 306 306 294 294 306 306 305 305 290 305 306 293 282 297 311 306 308 309 310 289 285 284 288 290 289 288 292 297 295 289 291 292 293 295 302 307 314 308 309 303 304 306 309 308 309 313 316 315 319 324 331 326 343 333 329 346 346 347 348 349 334 332 351 362 362 349 337 346 338 346 347 339 352 352 342 343 343 343 350 350 344 354
306 294 294 306 305 294 306 281 290 290 306 305 306 283 283 294 297 296 296 297 299 289 283 287 288 306 307 309 297 296 297 296 296 297 296 297 299 303 304 300 301 303 304 308 313 314 314 317 316 317 318 321 330 331 332 343 355 357 357 358 359 345 360 350 361 362 352 363 349 339 338 338 347 339 347 340 340 342 343 341 341 341 342 342
294 294 294 294 307 307 291 291 291 306 294 283 284 284 284 295 308 296 281 287 289 290 291 285 294 295 297 298 294 293 297 304 300 297 298 300 305 307 304 302 306 307 309 312 313 322 334 335 320 321 328 329 330 331 342 343 334 345 342 332 331 334 333 361 362 347 337 338 349 363 364 365 340 347 347 348 342 340 341 341 350 350 350 350
307 309 308 294 294 294 306 306 306 307 307 284 284 279 279 280 285 297 286 288 300 301 302 304 305 295 297 298 300 301 302 298 305 299 300 301 303 304 308 306 301 302 303 309 313 314 324 335 325 321 338 339 340 330 342 355 355 345 346 346 358 344 345 346 361 347 337 335 336 338 339 350 338 338 339 341 341 349 340 340 341 341 350 343
308 296 295 295 308 284 308 308 307 308 308 308 284 285 296 286 280 286 311 312 313 314 315 304 305 296 291 309 311 324 302 298 300 301 303 304 298 306 313 306 307 307 306 309 315 311 314 318 319 320 327 328 340 341 353 339 356 356 357 346 347 359 360 345 346 347 347 348 336 338 337 339 338 347 339 352 352 349 349 349 340 343 341 343
295 309 308 308 308 308 307 295 307 307 309 296 296 297 297 297 282 288 289 300 303 307 293 304 306 307 297 311 326 325 314 304 299 301 308 309 300 304 307 306 310 311 310 311 314 321 317 318 319 320 321 328 329 341 342 355 355 356 341 342 359 344 333 334 346 347 347 348 337 336 349 339 339 338 338 339 341 339 349 349 350 350 350 343
309 309 309 309 295 309 308 308 308 308 309 285 285 286 298 298 288 283 283 284 286 294 289 294 306 308 322 311 315 327 318 316 316 306 308 309 310 303 303 308 310 328 329 330 320 332 333 323 325 337 321 328 339 340 353 354 340 356 357 358 358 359 360 360 361 361 362 362 363 349 349 350 339 347 348 347 348 349 349 349 350 350 340 343
309 308 308 309 308 309 293 309 296 310 296 310 286 281 281 280 283 283 284 282 283 285 291 289 295 321 323 330 330 333 324 320 317 318 319 320 334 323 307 308 309 311 309 310 320 344 322 346 347 336 349 351 352 340 330 331 355 356 357 342 343 343 359 360 360 350 362 363 363 348 338 349 337 347 347 348 324 324 349 349 340 342 367 367
310 308 310 296 310 308 310 310 310 314 299 280 278 279 299 300 300 289 290 291 292 287 286 287 296 297 298 311 317 308 310 317 330 331 308 309 322 306 304 314 327 316 341 342 331 321 333 334 348 349 349 351 351 352 341 342 343 344 357 342 342 332 333 333 334 361 351 363 348 348 338 338 338 337 348 348 348 351 352 349 341 342 340 342
296 296 296 285 285 297 311 310 311 301 288 281 279 279 280 283 283 290 290 285 284 285 285 286 290 297 298 300 295 298 306 306 317 332 320 309 310 312 313 325 327 328 329 330 343 332 333 334 347 349 350 334 351 352 330 342 355 356 356 357 346 359 360 344 334 346 362 363 348 348 336 346 347 346 348 348 348 352 352 349 350 340 342 342
280 311 297 285 280 280 311 312 287 282 289 281 282 288 280 286 284 290 302 292 284 283 282 287 288 298 310 300 301 305 305 298 317 319 309 310 311 312 304 314 327 328 317 312 331 314 322 346 335 348 350 350 339 340 323 338 339 356 344 334 335 359 359 344 332 334 346 362 336 335 345 345 346 347 347 347 351 352 348 349 339 341 342 342
286 297 286 297 280 280 298 312 287 281 288 288 282 280 283 285 290 291 292 292 284 285 287 290 297 298 299 294 295 296 303 305 318 333 333 322 305 312 313 325 327 341 329 318 319 332 322 323 324 336 349 350 339 340 341 354 355 356 356 334 346 347 348 360 345 334 346 347 336 336 345 346 346 346 347 348 348 352 348 349 339 339 339 341
287 298 280 280 286 287 298 299 287 299 300 314 301 283 284 302 318 317 304 293 294 295 308 297 297 298 299 300 293 303 304 305 307 334 334 321 322 324 325 338 340 328 317 312 313 320 321 334 335 336 337 338 339 340 341 342 355 356 356 345 346 347 359 360 333 332 334 335 334 334 335 335 347 347 347 348 349 349 338 339 350 350 339 339
313 286 281 281 281 279 279 277 282 288 315 314 315 316 302 317 299 317 318 320 306 321 322 323 324 325 312 301 302 297 304 317 306 320 334 317 336 324 325 339 340 341 342 343 319 320 333 334 348 349 349 350 351 340 353 342 355 355 340 341 358 359 359 348 344 342 342 333 334 345 345 345 336 347 348 347 337 340 340 352 367 350 339 339
298 313 287 279 274 274 277 282 282 280 283 316 316 317 317 303 318 318 318 319 321 321 323 323 324 311 313 326 328 328 316 331 332 332 334 336 336 324 325 314 315 316 329 330 331 320 315 347 348 336 350 334 351 352 341 342 355 355 332 357 358 330 329 332 332 333 334 343 344 345 345 346 347 336 348 348 348 349 340 352 340 350 350 350
287 281 281 287 282 282 282 288 301 301 283 302 315 316 316 318 318 306 321 321 322 321 323 310 311 300 313 328 315 316 330 318 319 320 309 322 337 337 338 339 327 328 329 343 344 345 333 316 348 336 350 350 351 352 353 354 342 355 356 357 358 330 331 332 332 361 345 343 346 344 344 345 349 350 347 339 351 351 340 352 338 350 339 339
287 287 288 300 300 300 301 301 301 290 290 316 299 300 317 318 321 322 320 321 322 322 323 325 325 325 326 310 329 316 331 332 333 308 303 311 323 338 339 340 327 316 317 343 344 345 346 334 335 336 350 350 351 352 336 354 324 343 344 357 358 342 331 331 332 345 345 332 344 344 348 349 350 350 351 347 337 339 338 338 338 338 338 341
282 288 282 282 316 316 316 317 317 302 303 316 300 289 301 319 304 321 323 321 322 306 308 307 326 328 327 310 330 331 332 332 333 334 309 310 337 338 339 340 341 328 317 344 344 332 333 347 348 349 350 351 351 352 324 354 330 331 356 357 358 358 343 331 341 333 361 346 344 344 346 347 348 350 351 349 348 349 350 350 350 350 340 340
288 300 288 282 301 314 315 315 318 318 318 317 300 301 301 302 291 291 304 304 305 308 330 327 330 330 329 329 312 330 332 319 320 321 336 323 338 338 326 327 328 309 330 318 332 332 333 348 335 336 350 351 351 352 336 325 338 343 356 357 357 342 342 331 332 332 361 346 344 344 345 345 346 347 349 336 336 353 353 349 350 355 350 350
316 316 317 289 302 317 315 299 316 319 319 320 318 319 319 302 303 304 293 322 325 326 327 328 329 331 332 316 330 313 332 319 320 321 309 323 338 325 313 314 315 316 330 331 332 333 329 330 331 336 325 351 352 353 353 354 355 339 356 357 357 342 330 329 360 361 361 346 334 333 335 336 335 337 348 336 322 337 337 338 352 352 339 353
317 317 317 317 318 318 318 316 300 300 318 318 319 319 320 322 321 324 324 323 326 329 310 326 309 328 329 311 330 331 319 307 308 321 322 311 324 306 326 340 341 342 343 326 327 346 315 316 319 349 350 351 339 327 354 329 355 355 356 357 328 329 342 331 360 344 345 333 334 333 335 364 348 349 337 347 336 351 349 349 352 353 355 353
289 289 283 290 318 319 319 320 320 320 301 301 302 320 323 308 324 324 306 306 326 328 330 327 309 328 311 304 318 319 306 320 308 309 310 311 305 325 340 340 341 342 343 345 345 328 329 347 348 332 350 351 352 327 341 341 355 355 327 340 341 329 330 343 331 330 331 333 346 334 335 334 347 346 348 348 351 351 352 352 352 353 339 353
289 290 290 303 317 299 320 300 289 289 301 290 290 291 303 304 322 323 324 325 325 326 309 327 328 331 332 332 333 319 319 320 321 302 303 304 312 326 341 327 342 342 343 344 327 328 329 348 348 332 333 352 352 352 353 341 355 355 356 327 328 329 329 343 343 332 332 333 344 334 333 333 347 346 347 348 349 351 352 323 323 338 324 339
290 290 290 320 300 318 318 289 293 293 294 288 291 303 292 290 294 324 327 312 329 308 327 328 328 303 333 317 318 306 300 321 321 299 323 311 312 340 340 341 342 343 320 344 328 328 329 316 326 318 320 351 334 335 336 354 355 356 339 325 337 338 329 330 360 344 332 333 333 332 333 333 347 351 352 352 349 349 354 338 323 338 354 354
290 303 304 317 288 288 289 289 289 288 288 295 295 290 290 291 292 306 328 312 313 309 309 328 331 316 317 333 306 307 307 321 309 310 324 339 325 340 342 342 342 344 326 346 345 328 329 330 317 317 320 333 322 335 353 354 355 356 357 340 326 327 327 328 330 344 344 345 333 332 332 333 334 346 352 348 348 354 352 353 353 353 356 356
320 304 321 321 321 287 293 287 290 290 291 289 290 292 293 293 294 325 312 312 327 330 331 329 316 303 317 318 321 336 336 335 337 338 324 338 339 340 342 328 343 330 331 346 347 316 329 330 318 319 350 351 352 353 353 354 356 343 357 357 340 328 327 339 340 329 344 345 333 332 334 346 333 347 348 348 349 349 349 338 353 356 350 350
