08 Ecocrop/raster/current/prec_9.asc
ncols        683
nrows        518
xllcorner    -87.691666666667
yllcorner    10.708333333333
cellsize     0.008333333333
NODATA_value  1.#QNAN
[rows 74 to 110 of 518, columns 420 to 503 of 683]
287 289 288 295 291 288 288 286 284 284 285 285 283 283 286 293 292 292 292 292 291 290 291 291 290 290 289 290 290 290 290 289 285 285 285 285 278 278 281 277 275 275 275 273 273 272 271 272 273 272 271 271 270 270 270 270 270 270 270 270 270 269 269 270 270 272 273 273 274 272 270 270 270 270 270 270 269 270 271 272 273 273 274 278
286 287 287 292 292 286 288 285 284 285 285 285 283 283 286 289 293 292 292 292 292 290 290 290 291 286 285 290 287 288 290 284 290 289 285 285 281 278 281 289 285 280 277 275 274 272 271 270 271 271 271 271 270 270 270 270 271 270 270 270 270 270 270 270 270 270 272 273 274 273 270 271 270 270 272 270 269 270 272 272 274 273 274 278
286 287 286 287 289 292 289 288 285 284 284 285 284 283 283 286 290 290 292 292 291 291 290 290 291 288 290 291 288 291 290 290 290 290 290 291 290 285 286 286 285 281 281 277 275 274 272 270 270 270 272 272 271 270 270 270 270 270 270 270 270 270 270 270 270 270 270 271 272 274 273 271 270 271 272 271 271 273 273 273 275 278 275 282
288 287 290 293 287 285 286 285 285 285 286 283 283 283 282 284 290 286 290 289 289 286 292 292 289 285 285 288 291 288 288 284 287 291 290 289 290 289 290 291 286 286 285 280 280 274 272 271 270 270 270 272 272 271 271 270 270 271 270 270 270 270 270 270 270 270 270 272 271 273 276 273 272 271 272 272 274 274 274 274 275 278 275 282
290 293 290 287 287 287 287 285 286 288 286 284 283 282 282 283 285 284 286 293 289 284 282 281 282 285 283 285 282 285 285 282 282 282 282 287 290 290 289 290 290 286 281 277 275 275 274 272 272 272 271 271 271 270 271 270 270 270 270 270 270 270 270 270 270 270 270 270 269 270 273 274 274 273 273 273 273 274 274 278 282 282 286 286
290 294 293 286 286 287 287 285 284 286 284 284 283 283 283 283 287 290 293 293 290 286 281 281 281 281 281 280 280 283 281 281 281 281 281 280 290 290 290 290 282 282 282 281 276 275 275 273 272 272 272 272 272 271 270 270 270 270 270 270 270 270 270 270 270 270 270 270 271 270 272 273 274 274 274 273 273 274 278 287 287 287 287 286
290 290 294 290 287 286 285 284 285 286 286 284 285 284 283 287 287 287 287 287 287 286 284 281 281 282 283 281 280 283 281 281 281 282 283 282 284 287 289 280 278 278 281 278 276 275 274 274 273 273 272 273 273 272 272 271 272 272 271 270 270 270 270 270 270 270 270 270 272 272 273 274 274 276 276 274 275 275 278 283 287 287 287 287
287 291 288 297 290 289 287 285 287 286 285 283 283 284 284 288 291 285 283 285 283 284 287 283 282 281 282 286 283 283 286 283 283 283 285 285 288 289 291 285 277 277 285 281 281 275 275 274 274 274 274 274 274 272 271 271 272 271 270 270 270 271 272 271 270 270 269 270 274 274 274 276 279 279 276 276 279 276 276 275 287 287 287 287
289 288 290 294 294 290 293 287 287 285 284 286 286 284 285 285 287 287 283 283 283 283 287 287 283 281 282 282 284 283 283 283 283 283 285 283 285 290 289 291 290 290 290 285 285 280 275 275 274 274 274 274 274 272 271 270 270 270 270 270 270 270 273 272 272 271 271 270 273 274 274 276 288 284 283 276 279 279 279 276 279 283 287 287
299 288 287 288 290 287 294 287 287 287 287 289 288 288 288 288 285 288 287 287 285 283 282 283 282 282 283 284 284 284 283 286 286 284 286 284 284 284 283 285 288 288 287 285 286 285 280 277 277 276 274 274 274 273 272 272 271 271 271 271 272 272 272 273 274 274 274 274 274 274 274 276 288 289 284 284 284 279 279 279 279 283 279 278
298 291 288 290 288 285 285 286 287 289 289 284 289 288 284 285 288 288 288 285 285 287 285 283 283 283 282 284 282 286 286 290 286 286 284 286 286 284 283 286 285 288 285 291 291 290 285 281 277 280 285 280 276 274 272 273 272 273 274 274 274 275 274 274 276 276 276 276 276 279 279 279 284 288 279 288 284 279 279 279 284 288 288 275
296 295 289 287 288 286 286 285 285 289 286 285 285 284 283 283 285 288 285 283 283 287 288 285 282 282 283 287 286 284 284 284 286 286 287 284 287 286 286 286 289 288 289 292 291 285 292 284 279 281 280 277 275 275 274 274 273 273 274 275 275 276 280 280 284 284 276 276 276 276 279 284 284 289 288 288 284 279 279 279 279 283 276 274
292 295 289 291 288 287 288 286 284 284 285 285 285 285 283 283 284 286 285 284 285 288 292 288 283 285 284 287 284 284 282 284 286 286 284 284 287 290 293 292 292 292 291 291 292 291 292 289 279 281 280 280 277 277 276 275 275 274 273 273 273 274 274 276 280 280 276 274 274 274 274 274 274 274 279 279 279 288 279 279 284 279 274 274
292 291 289 291 295 291 288 288 286 286 285 287 287 289 289 283 283 283 284 285 285 285 292 292 285 282 282 287 287 284 284 282 284 290 286 282 283 286 293 292 292 292 292 292 292 292 292 292 287 278 281 280 285 285 280 285 285 280 274 273 273 273 275 280 284 284 284 274 273 273 274 274 274 274 276 276 274 279 289 288 276 284 274 274
289 289 289 291 291 288 287 287 288 286 290 290 289 289 286 284 284 284 283 286 285 285 288 296 288 282 282 283 285 284 284 284 282 286 286 282 283 286 289 293 293 292 292 292 293 292 292 292 287 282 276 281 281 281 281 280 281 280 277 274 274 275 276 280 285 285 285 284 275 274 274 273 273 273 273 274 274 276 279 279 276 275 275 274
294 297 296 300 295 287 287 287 286 288 287 287 290 293 289 289 284 284 284 284 284 284 285 288 288 285 285 285 285 283 281 282 281 281 280 280 281 283 290 293 293 292 291 282 292 292 291 292 292 292 282 286 286 281 281 286 285 285 285 285 285 285 277 280 285 290 290 290 285 285 274 274 270 271 271 272 272 274 274 274 274 274 274 274
295 303 301 295 295 300 291 291 291 288 290 287 286 285 285 285 285 286 284 286 286 284 288 288 292 295 285 288 287 284 284 282 286 282 282 281 283 286 293 293 293 293 293 292 292 293 292 292 292 286 291 291 293 292 291 291 290 286 286 281 280 285 285 280 280 280 275 276 280 285 285 274 272 270 271 271 272 272 272 273 273 272 272 273
302 302 302 301 300 291 288 286 288 288 290 286 286 285 287 287 285 284 284 289 289 293 293 292 292 292 292 288 287 284 287 287 286 282 283 283 283 293 290 289 285 285 290 289 293 292 293 292 292 286 291 291 292 286 287 291 291 291 281 277 277 277 275 275 275 273 272 272 274 275 280 276 273 272 272 273 272 269 271 270 270 270 270 270
292 292 293 297 296 296 291 291 295 295 295 290 287 285 285 287 286 285 284 286 289 293 288 285 296 296 295 296 292 284 287 287 286 286 286 290 290 294 293 293 286 290 290 285 285 289 293 293 293 287 281 291 292 291 291 291 292 291 286 276 275 275 274 273 272 272 273 273 273 274 275 275 275 274 274 273 273 273 270 272 271 271 270 270
292 289 289 292 296 300 300 300 295 295 295 294 290 290 287 287 287 289 289 289 289 293 297 297 296 296 295 295 296 295 295 294 295 294 290 286 286 290 294 293 294 294 293 289 289 293 292 292 292 292 292 292 292 286 286 286 286 286 286 275 277 275 275 273 272 273 274 274 274 275 280 276 276 275 274 273 272 273 271 272 273 273 272 271
289 289 292 296 291 300 300 300 300 295 290 294 287 294 290 294 290 294 294 294 298 298 296 296 295 295 292 296 295 295 295 295 294 295 291 286 286 286 290 294 293 293 293 293 293 293 292 287 281 281 281 286 292 292 281 281 281 281 287 281 276 275 275 274 272 273 275 274 275 276 280 285 280 275 274 274 272 272 271 271 272 273 273 272
289 292 289 292 291 300 299 300 300 295 295 295 287 287 287 290 294 294 294 289 294 298 298 297 297 290 292 296 295 295 294 288 294 294 295 294 286 286 286 290 294 293 293 293 293 293 292 281 278 277 281 281 292 292 287 281 277 277 282 278 277 276 275 275 274 273 273 274 275 276 280 280 285 285 276 274 273 274 273 273 273 275 275 273
289 287 292 296 296 291 300 299 299 295 295 295 290 287 290 299 298 291 298 298 289 298 289 288 288 297 292 296 295 289 289 294 288 294 294 294 294 294 294 294 294 293 287 287 293 293 293 281 287 292 293 293 292 287 292 287 278 276 276 281 281 276 275 275 275 274 275 274 274 275 275 277 285 291 285 285 274 274 275 274 274 275 275 274
292 289 287 296 299 299 295 300 295 291 295 295 299 295 290 287 290 290 290 294 294 298 297 293 293 292 296 296 295 289 283 289 289 294 295 288 288 288 294 294 288 282 287 288 293 293 293 287 292 281 281 293 287 287 281 287 278 278 276 277 281 281 277 277 275 274 274 274 274 273 273 274 275 280 285 280 280 275 275 276 275 274 272 272
297 297 296 292 296 296 296 295 295 300 299 299 295 290 287 290 294 286 284 289 289 298 293 293 293 293 297 297 295 295 295 295 294 295 291 295 295 295 295 294 294 293 293 282 282 282 293 293 293 287 281 287 293 287 287 288 288 282 287 277 275 275 275 275 275 274 273 273 274 273 273 273 274 274 280 276 276 286 276 276 275 274 274 273
297 292 292 292 291 291 296 296 291 296 295 300 300 290 287 287 287 290 289 289 294 294 289 284 284 283 288 297 296 296 296 296 296 295 295 295 295 295 295 295 294 294 294 293 293 293 293 287 287 293 293 293 293 293 293 293 287 287 287 287 281 275 275 274 274 275 274 274 275 274 274 273 272 274 274 276 280 286 280 276 275 274 273 273
303 289 289 292 291 288 296 301 288 291 291 295 295 300 300 290 285 290 290 289 286 289 286 283 282 282 288 297 297 297 296 295 296 296 295 295 295 294 295 295 295 294 294 293 294 293 287 282 282 293 293 293 294 293 293 293 293 293 293 281 281 277 275 274 274 274 274 274 274 274 273 273 273 274 274 275 286 280 276 276 275 275 272 272
303 297 289 292 291 288 288 296 291 288 288 291 291 300 295 295 290 290 295 294 289 294 289 284 283 283 285 288 292 292 296 296 295 295 295 295 295 289 295 294 295 295 294 294 288 288 282 278 277 282 288 288 287 287 293 293 293 293 293 282 281 277 275 275 275 275 275 274 274 274 274 273 273 274 275 275 274 276 275 274 274 274 274 273
303 302 297 292 291 286 285 286 288 292 291 296 296 296 301 300 300 295 295 294 289 289 294 286 286 289 288 288 288 297 297 289 289 283 283 283 295 295 295 294 295 295 294 294 294 294 288 275 276 278 278 277 282 281 287 287 287 281 282 282 277 276 276 277 277 277 275 275 275 274 273 273 274 274 274 280 276 274 274 274 274 273 274 274
289 292 297 302 296 288 288 288 288 291 291 301 300 301 291 296 295 300 299 290 295 298 298 294 299 289 288 298 293 298 296 296 296 296 296 296 295 295 295 288 288 295 294 288 277 277 277 277 277 277 278 277 277 281 293 281 277 281 277 275 282 277 278 278 277 275 275 275 274 274 274 274 274 274 275 280 280 276 276 274 270 270 272 272
289 292 292 288 291 292 288 288 288 288 291 296 301 301 296 300 301 300 300 299 299 299 298 298 298 299 289 288 288 293 293 292 297 297 296 296 297 296 295 295 295 294 295 288 288 282 277 281 281 287 282 277 277 277 287 281 281 275 275 277 276 276 277 277 275 275 275 275 274 274 274 280 280 276 286 292 292 280 276 274 273 272 272 273
293 289 289 288 291 296 302 297 291 288 285 286 288 288 288 288 295 300 300 300 295 300 298 292 298 297 299 298 298 298 297 297 297 297 296 297 296 296 295 295 294 288 295 288 288 294 294 288 288 281 287 287 287 287 281 277 274 274 274 275 275 275 275 275 275 275 275 275 274 274 276 276 276 280 286 286 286 274 273 274 273 270 273 274
289 289 289 292 296 296 302 300 302 291 286 284 284 286 285 290 290 295 300 295 300 300 295 299 298 299 295 290 299 298 298 297 298 297 297 298 297 296 291 295 295 288 294 295 294 288 282 282 288 277 275 277 287 287 277 274 274 274 274 274 274 274 274 275 274 274 274 274 274 272 280 276 280 286 292 286 280 276 273 273 274 273 274 274
289 292 292 292 297 296 302 302 301 301 290 287 287 288 286 290 296 301 301 301 300 300 300 299 292 299 300 294 299 298 298 298 298 298 297 297 298 296 296 295 295 295 294 294 288 282 282 282 282 277 274 274 274 275 274 273 273 274 273 274 274 274 274 274 274 274 280 280 274 274 274 276 276 276 286 292 286 276 274 274 274 274 274 274
289 293 292 286 291 296 291 296 301 301 295 286 285 287 286 290 290 297 303 302 303 302 301 287 293 293 299 299 298 285 291 298 298 292 292 292 291 284 278 289 288 288 295 282 282 275 277 275 275 275 275 275 274 275 274 274 274 274 274 274 274 274 276 276 274 274 274 274 280 286 286 280 276 280 286 286 280 286 276 274 274 274 274 274
289 292 289 289 288 288 287 287 285 286 295 295 286 286 286 286 290 291 297 298 297 303 302 293 286 288 282 292 292 292 292 299 293 300 298 291 291 279 290 289 282 278 283 290 279 276 275 275 276 276 277 276 275 275 274 275 275 275 275 274 274 274 274 274 273 272 273 273 274 274 274 274 274 274 274 276 274 280 275 274 274 274 276 276
289 289 292 292 288 288 287 287 286 286 289 295 295 300 299 300 300 301 301 291 290 290 289 300 302 301 300 286 280 285 300 300 295 299 298 297 297 290 290 296 296 283 283 278 279 278 277 277 278 279 278 279 276 275 278 282 278 278 278 275 274 274 274 272 272 272 273 273 273 271 269 268 269 273 273 273 274 274 274 275 285 286 280 280
