08 Ecocrop/raster/current/prec_10.asc
ncols        683
nrows        518
xllcorner    -87.691666666667
yllcorner    10.708333333333
cellsize     0.008333333333
NODATA_value  1.#QNAN
[rows 222 to 258 of 518, columns 336 to 419 of 683]
258 261 259 261 261 262 262 266 275 261 263 264 268 276 276 269 269 277 277 277 278 278 266 267 267 268 273 281 280 281 270 270 275 275 275 282 282 276 272 276 270 270 273 271 272 280 270 270 271 282 274 273 276 276 275 275 276 277 285 277 280 279 279 279 279 280 290 290 282 283 283 284 284 285 285 285 291 288 287 288 298 289 289 291
270 264 265 265 261 262 262 262 262 267 267 276 276 264 269 269 270 270 278 270 278 271 265 267 268 267 269 269 274 270 268 268 275 269 275 279 279 280 277 270 272 270 272 272 274 272 273 281 271 272 282 276 274 275 277 278 277 277 276 286 278 280 279 279 280 281 268 280 282 282 284 284 286 284 294 286 287 287 288 288 289 290 299 290
274 275 274 274 275 260 275 275 275 275 276 276 264 268 264 265 278 279 275 275 270 264 265 265 266 267 267 274 267 269 270 268 268 271 271 276 282 276 283 277 270 271 271 274 274 279 275 273 273 274 275 283 284 275 275 282 278 286 286 287 278 279 280 280 289 280 290 282 283 283 284 284 284 285 285 286 288 287 288 289 299 299 290 300
262 266 266 261 266 266 275 267 276 276 267 268 268 264 269 277 278 279 279 278 270 267 265 272 272 280 273 274 270 276 276 270 270 271 270 272 277 272 272 277 273 271 274 274 274 275 275 276 280 275 275 277 275 282 282 283 283 284 279 287 277 277 288 289 289 289 281 281 283 284 284 286 285 294 286 286 286 287 288 298 290 300 291 292
266 261 262 262 260 261 263 263 268 268 268 268 268 277 277 269 270 271 279 278 278 265 267 268 272 273 281 281 279 270 270 271 271 278 278 273 273 271 271 273 273 284 274 272 273 273 276 276 281 274 276 277 276 278 278 279 277 280 280 278 287 266 278 289 289 282 282 282 292 283 284 284 284 294 286 286 287 297 288 298 290 300 290 301
261 266 262 262 260 261 263 261 262 268 268 268 269 269 269 265 270 270 271 271 267 265 267 266 272 273 273 274 275 268 269 269 271 277 278 270 271 273 271 271 271 278 278 273 273 276 276 281 277 277 276 275 276 277 286 280 279 279 278 279 280 289 279 289 290 282 283 282 284 283 284 284 287 287 286 286 288 288 288 298 290 290 300 300
260 260 260 262 261 263 263 268 269 270 278 265 265 278 269 266 266 279 279 271 265 265 268 266 268 268 274 267 268 268 276 277 277 271 270 272 272 273 272 271 273 278 279 275 273 276 280 281 277 275 277 276 276 278 276 276 277 277 277 280 288 289 289 282 282 283 282 284 283 284 286 290 287 285 288 287 288 289 289 288 289 290 290 291
262 262 262 262 267 267 264 262 269 265 266 265 265 270 269 264 267 267 279 271 267 265 280 277 273 273 267 268 268 268 276 255 267 267 278 272 272 279 280 271 272 278 279 275 280 280 287 281 277 282 278 278 279 278 276 265 266 266 288 280 289 267 268 280 291 281 283 283 284 284 290 287 286 295 287 288 297 298 288 288 290 290 291 292
262 260 266 263 267 268 264 264 263 271 265 263 265 270 265 266 267 265 272 272 267 266 266 268 268 267 267 269 268 268 270 271 272 271 272 270 274 272 272 274 278 274 286 286 276 276 281 276 277 278 288 289 283 278 287 265 277 280 280 281 289 289 280 281 291 292 292 284 284 293 285 286 287 287 287 297 288 297 289 299 291 291 291 292
262 262 263 263 261 268 268 269 265 265 266 265 265 266 270 270 267 272 272 272 266 266 268 274 268 267 267 275 268 270 271 271 272 272 272 271 273 275 279 279 279 279 279 286 287 287 281 275 276 275 283 279 280 278 279 280 278 281 281 280 289 290 282 291 291 292 284 285 293 285 285 286 287 287 287 297 288 298 290 290 291 291 292 293
262 262 263 261 262 268 278 279 280 266 266 270 266 266 266 266 272 272 273 273 268 273 281 282 274 269 274 275 268 269 270 270 272 272 271 273 278 285 279 279 279 286 280 280 287 281 281 275 276 277 278 277 278 278 281 280 280 281 280 280 282 290 282 283 292 284 285 285 285 286 287 286 286 287 288 288 298 289 289 291 292 292 293 294
262 261 262 262 268 269 276 280 277 282 271 270 264 264 264 265 265 280 272 273 273 273 277 281 282 274 274 275 271 269 271 271 270 270 273 271 274 279 286 286 280 286 276 281 287 281 281 282 276 284 275 278 278 278 279 279 286 280 283 281 290 290 283 283 292 284 285 285 285 287 288 288 288 288 297 298 289 278 279 292 293 293 293 304
262 263 261 263 264 279 265 265 277 275 269 264 266 266 266 265 267 271 272 268 268 272 273 273 281 274 274 274 275 271 269 270 271 273 277 273 271 275 275 275 276 275 273 277 287 281 281 278 276 284 278 279 279 279 282 279 282 280 281 281 283 280 291 283 284 285 285 285 294 288 292 292 287 288 288 290 299 278 279 291 302 293 294 296
267 267 263 262 264 279 279 276 278 284 271 267 266 266 265 272 265 272 266 266 268 268 266 267 267 274 282 274 282 275 270 270 272 271 271 273 271 274 275 273 274 274 274 277 287 277 281 282 276 276 277 277 279 279 279 279 282 282 281 283 291 283 283 284 292 285 293 285 288 288 292 288 290 290 289 289 292 290 292 293 293 294 295 296
277 278 278 264 279 264 275 281 273 274 269 273 271 265 265 266 267 261 261 272 268 268 267 270 268 275 280 271 271 283 271 271 272 280 278 271 279 272 280 281 274 274 273 275 276 274 276 276 275 276 279 280 279 280 279 281 281 280 281 285 282 283 283 284 284 284 286 285 296 292 292 286 290 294 299 296 292 291 294 294 293 294 304 305
267 268 279 279 276 270 280 273 274 270 270 269 267 265 265 266 268 266 266 266 267 267 274 274 270 269 269 276 276 270 269 270 267 279 273 271 271 272 273 280 281 271 281 274 277 275 276 277 276 283 289 284 278 280 280 282 280 281 282 283 283 284 284 283 286 291 291 288 288 296 293 293 290 291 296 296 296 297 294 293 294 295 295 296
274 279 280 276 275 279 280 273 284 285 275 270 267 268 267 268 268 266 268 267 268 269 274 275 270 270 270 276 271 271 270 272 272 272 273 273 273 281 281 280 273 274 281 282 275 275 277 276 276 279 280 280 278 279 279 280 280 282 283 291 283 284 283 286 290 291 291 291 288 292 294 294 294 291 296 296 297 291 292 293 294 295 294 305
263 275 276 276 280 275 280 271 269 271 271 268 265 265 272 267 268 266 268 268 269 269 275 270 269 269 270 276 276 271 270 272 270 272 271 271 273 270 282 275 274 274 275 283 277 284 277 276 279 280 278 280 278 279 280 280 280 281 284 291 284 285 286 290 291 291 292 292 292 298 298 294 295 295 296 301 292 294 293 294 303 295 295 305
275 275 276 276 279 280 270 266 266 268 268 267 267 268 268 268 268 266 266 273 263 275 270 270 271 272 270 271 277 278 270 271 273 273 271 272 273 281 275 274 274 275 276 283 284 278 277 277 279 278 280 278 279 280 280 288 288 281 283 283 284 285 286 291 291 287 287 292 293 298 299 295 295 296 292 297 294 293 293 303 295 296 297 296
269 269 270 270 280 270 270 266 264 267 267 272 267 266 268 268 268 268 269 268 263 264 270 270 270 272 270 271 273 273 272 271 271 278 274 275 275 276 274 275 276 282 282 277 276 277 278 277 279 279 278 286 277 266 278 288 290 282 282 290 284 292 284 290 291 291 285 286 287 288 290 291 289 291 293 291 292 294 293 293 295 296 298 306
269 279 269 265 265 270 266 266 271 272 272 272 272 268 282 269 267 266 267 268 268 274 270 271 272 277 277 271 272 273 274 271 273 272 272 273 273 281 277 277 275 276 277 276 277 284 278 277 280 281 279 280 265 288 282 281 283 290 282 290 291 284 283 290 291 285 286 288 288 289 289 291 290 291 300 300 293 301 302 293 304 295 296 299
263 264 263 265 266 264 264 281 282 282 273 272 267 266 267 269 269 269 267 268 268 268 269 270 272 282 282 271 272 278 280 268 268 279 274 280 274 275 277 277 277 283 277 276 279 284 277 279 278 278 279 281 281 278 289 283 283 280 290 283 284 284 285 284 287 286 287 295 296 297 288 289 292 290 292 291 292 292 293 295 304 305 306 306
264 264 268 265 264 264 267 282 283 273 283 283 273 269 267 269 274 269 269 270 270 269 270 271 270 278 286 274 273 268 268 278 279 275 275 275 275 275 276 277 272 273 284 284 278 277 280 279 280 280 280 281 288 278 279 290 290 290 280 291 283 286 286 287 288 286 287 287 296 289 298 298 290 293 293 293 293 295 299 297 304 296 296 298
264 268 265 264 264 270 266 282 272 273 273 273 273 268 267 269 269 269 269 268 268 269 272 272 273 278 274 272 273 279 279 279 279 275 276 274 277 282 282 277 283 261 274 278 278 278 278 281 280 277 277 288 289 289 279 290 290 280 281 270 291 284 284 288 288 288 288 290 289 297 298 291 291 291 292 293 293 293 296 304 296 305 306 297
265 263 266 266 266 270 281 271 272 272 268 268 268 268 269 269 273 269 270 268 268 269 269 272 277 287 274 273 274 274 275 274 279 274 273 274 275 278 275 277 283 273 274 285 275 275 286 280 287 265 266 267 279 279 279 290 280 281 270 270 282 285 286 286 287 288 296 289 289 297 298 299 290 292 292 293 294 302 294 297 295 305 298 297
269 265 270 271 271 271 266 271 267 265 272 268 268 273 269 273 269 270 268 269 270 274 269 270 277 286 278 272 273 273 279 280 270 270 275 274 275 282 283 276 284 284 262 274 275 263 276 276 277 265 266 279 267 267 280 283 290 291 281 292 292 286 286 294 295 295 286 289 290 288 288 289 299 300 291 293 302 302 295 297 298 296 297 297
263 263 263 264 265 265 264 264 265 265 268 273 269 273 273 267 267 268 268 269 270 270 271 272 273 273 271 273 273 273 279 269 270 275 275 275 276 282 282 278 280 278 274 262 263 264 264 275 277 277 266 267 267 267 268 290 281 291 292 285 285 285 285 294 295 295 289 289 289 290 298 299 300 300 301 301 302 303 295 295 295 297 297 298
263 264 265 266 266 264 266 266 267 265 270 267 273 269 266 268 273 268 268 268 269 270 272 272 271 271 274 273 278 279 273 273 274 275 275 271 282 271 277 277 277 274 274 263 263 264 276 265 265 278 278 289 289 268 268 269 291 285 285 282 271 293 294 294 295 286 288 291 290 298 299 291 300 291 292 292 302 303 296 296 295 296 306 299
267 264 263 266 264 264 264 265 266 270 271 267 273 273 267 272 262 273 274 274 269 270 270 270 271 271 271 272 273 274 273 276 276 281 277 275 275 276 278 279 283 274 262 275 278 281 279 280 287 278 278 278 279 268 268 269 281 282 270 271 271 272 284 285 295 296 289 290 298 298 299 292 300 291 292 302 294 295 296 304 284 285 285 297
264 264 265 264 264 271 271 267 267 267 267 269 279 284 269 272 251 251 251 263 264 275 271 271 272 271 272 272 272 274 273 275 276 277 290 290 283 275 277 277 278 284 274 275 285 281 282 280 288 288 278 267 267 268 268 281 281 270 271 271 272 272 285 273 285 286 297 297 298 277 290 278 279 291 280 302 297 301 301 296 284 285 306 297
264 264 263 266 268 266 267 265 265 266 266 269 284 274 274 268 262 263 264 264 264 265 271 271 272 271 272 272 274 274 273 274 277 277 283 283 283 276 277 283 284 274 285 275 275 279 279 280 281 288 288 279 279 280 268 269 281 270 283 283 272 272 273 273 274 274 287 288 277 277 278 290 300 301 302 302 294 301 302 298 305 296 306 307
265 265 264 265 268 258 266 266 270 267 266 267 269 268 268 250 250 263 270 274 264 265 270 273 271 272 273 278 278 274 274 273 275 275 275 278 275 276 279 273 273 274 274 285 286 286 287 283 283 282 282 279 268 268 269 291 291 292 283 283 284 285 273 282 274 275 275 276 277 289 290 300 293 293 293 294 294 295 295 296 296 306 307 299
265 265 270 265 269 269 258 259 259 271 260 260 272 272 272 250 262 269 271 271 270 271 271 271 272 274 272 272 278 279 274 280 275 281 281 276 276 277 276 278 278 285 274 285 279 280 281 280 282 282 289 289 290 280 281 269 270 292 283 283 284 295 285 274 274 275 276 276 289 299 300 301 293 294 294 294 294 296 295 298 299 306 307 286
263 264 268 268 269 269 258 267 270 271 271 271 272 269 269 274 250 274 269 270 270 270 271 272 273 279 275 272 279 268 279 280 275 275 275 283 277 277 273 284 278 278 285 285 280 286 276 287 282 288 289 289 290 280 281 281 270 271 271 272 273 288 289 286 275 275 276 276 277 278 278 291 301 294 302 295 293 303 296 298 296 298 297 298
265 264 265 268 269 269 246 259 259 267 271 268 268 272 269 273 269 269 271 269 271 271 272 271 272 271 273 278 279 268 258 257 275 277 283 283 279 276 273 284 278 279 285 286 276 276 276 277 288 282 283 283 290 280 269 281 282 271 271 284 284 285 286 286 275 276 287 288 277 287 288 279 300 294 295 295 303 303 296 297 298 298 306 299
263 264 264 265 268 266 269 267 266 266 267 269 267 268 269 269 274 270 271 270 271 270 270 271 272 277 277 268 268 279 269 269 280 276 278 278 276 277 283 261 274 285 285 275 276 286 287 287 278 278 289 279 284 290 281 281 282 283 272 284 288 288 296 286 287 276 276 277 277 278 279 279 280 301 302 295 295 304 304 305 305 298 299 307
264 264 266 264 257 266 265 266 268 269 269 269 267 269 268 271 269 274 270 270 270 273 273 271 271 272 273 273 274 273 279 269 280 281 276 277 277 278 278 273 274 274 275 286 276 287 277 277 266 266 267 268 280 290 269 282 292 292 293 284 294 295 289 287 275 276 276 288 278 299 279 280 292 302 302 294 296 296 304 305 306 306 298 299
