08 Ecocrop/raster/current/prec_2.asc
ncols        683
nrows        518
xllcorner    -87.691666666667
yllcorner    10.708333333333
cellsize     0.008333333333
NODATA_value  1.#QNAN
[rows 252 to 293 of 518, columns 282 to 375 of 683]
35 38 41 35 34 28 33 33 33 34 37 32 37 31 31 35 36 33 34 35 38 43 44 46 42 46 53 55 55 56 56 51 55 59 62 62 63 65 68 63 66 68 72 71 74 72 70 67 71 76 70 68 64 61 60 64 65 65 65 66 62 61 61 62 65 66 63 63 62 62 64 63 65 61 61 58 61 61 62 63 63 63 54 49 54 60 60 60 65 65 66 67 67 56
39 40 39 38 33 27 32 30 37 33 34 38 35 36 31 33 36 35 31 36 39 39 40 39 39 42 46 54 50 50 56 57 55 50 51 56 56 59 60 61 69 67 71 75 75 70 63 61 61 64 66 62 64 59 67 67 65 66 68 66 67 67 67 62 63 63 63 65 64 65 62 64 65 61 61 62 62 58 58 59 59 59 59 54 54 55 66 66 67 66 66 65 65 56
39 44 40 40 30 28 31 29 31 36 36 36 34 31 34 35 35 33 33 36 39 42 53 49 49 42 46 42 43 40 44 49 59 51 54 47 51 54 55 59 60 64 65 69 74 68 66 67 67 62 67 62 60 62 65 66 66 61 62 61 64 62 64 63 60 63 63 63 63 64 63 61 67 65 65 62 58 53 53 54 66 66 59 66 66 66 65 65 65 66 66 65 65 67
38 40 35 34 31 28 32 28 33 33 34 36 35 30 33 32 35 33 33 34 39 47 55 54 50 47 43 37 42 40 41 39 46 51 54 60 61 61 58 58 55 59 62 65 67 67 71 68 60 59 63 67 65 65 68 70 69 61 62 64 62 68 65 63 63 63 64 64 57 59 65 63 65 65 58 58 58 58 58 48 59 66 66 66 66 66 67 67 68 66 67 61 56 56
33 30 32 28 28 29 30 31 31 32 35 37 35 33 33 32 36 36 36 31 35 40 45 43 55 48 43 44 47 43 45 45 51 60 61 63 63 63 61 67 59 61 70 67 66 66 67 72 66 64 68 65 62 63 63 60 61 61 62 62 62 63 66 66 63 60 57 61 64 65 70 68 64 58 65 65 65 62 58 54 49 60 60 60 55 60 66 65 68 68 66 68 66 66
29 28 29 29 30 34 33 31 28 29 30 33 31 33 31 31 32 32 35 35 36 38 45 45 48 49 52 58 51 51 49 49 55 61 62 62 60 61 63 61 60 60 58 58 56 54 58 66 66 66 71 68 65 68 69 66 66 61 61 64 63 64 65 64 64 60 64 64 64 67 70 70 64 65 65 65 65 65 62 62 59 64 64 60 55 55 64 56 65 67 65 68 68 68
36 27 28 29 33 38 35 33 32 31 30 34 31 33 30 34 34 34 35 33 33 34 40 40 43 48 51 58 57 47 52 53 54 53 52 60 61 61 64 60 59 55 48 49 50 49 59 60 68 67 70 70 63 70 71 67 67 64 64 63 64 67 66 64 64 57 57 65 65 68 68 68 66 66 64 65 65 64 58 58 65 68 70 66 60 46 65 61 56 61 61 68 68 66
29 27 27 31 31 31 35 34 32 31 29 30 30 31 31 33 34 31 32 32 36 36 36 38 38 39 44 48 55 55 57 57 59 61 57 60 59 59 60 60 60 54 47 43 44 52 58 61 69 65 66 67 66 69 72 70 68 65 62 64 65 67 66 65 64 61 62 65 66 68 68 67 65 64 65 65 64 65 62 59 65 66 68 67 66 60 65 67 67 68 68 66 68 66
26 32 31 31 35 34 36 33 29 32 29 32 35 33 30 31 31 31 32 35 38 33 34 32 32 32 33 39 44 47 56 59 59 60 57 56 62 63 63 59 59 54 47 44 43 51 55 64 67 66 73 72 71 72 72 71 70 68 66 63 67 70 67 69 71 66 65 64 65 68 67 68 66 65 67 67 67 67 65 63 65 66 66 66 67 67 66 68 68 68 68 66 68 68
26 29 30 32 32 33 34 32 29 31 29 31 29 30 30 33 34 31 31 35 38 39 33 36 31 32 33 34 33 37 51 48 49 57 60 60 62 66 65 59 53 59 59 47 43 51 56 64 64 66 70 75 70 71 70 76 76 76 77 74 72 75 72 68 70 67 65 64 64 66 68 68 68 68 67 73 67 65 65 59 54 59 63 66 68 74 66 68 70 68 66 66 66 66
30 30 28 26 27 29 30 29 27 28 32 29 32 33 32 33 31 31 34 35 33 36 33 33 36 37 32 36 32 41 41 51 56 59 62 66 67 64 66 59 54 50 47 47 47 46 52 53 61 64 68 70 72 70 70 72 73 74 75 77 78 77 76 69 68 67 69 64 61 62 66 66 68 72 73 67 67 65 65 65 59 59 59 66 66 68 67 68 68 68 68 68 66 69
30 25 25 25 26 33 34 34 34 28 27 30 30 27 27 28 28 28 31 32 36 36 36 36 36 36 33 36 36 44 39 40 52 58 54 61 62 60 52 52 51 54 52 51 42 43 47 52 61 64 68 68 67 69 66 65 67 68 69 73 74 77 77 73 69 71 67 64 61 61 58 65 66 65 66 65 63 59 59 59 54 54 59 66 67 66 67 68 67 67 67 68 68 67
27 24 25 31 30 32 37 33 34 27 27 30 32 32 30 33 27 31 28 28 29 30 30 30 34 31 31 37 36 45 45 41 48 49 57 55 52 60 54 54 42 50 50 50 50 52 48 52 63 63 67 67 71 71 70 66 64 65 69 70 72 74 68 73 66 64 67 64 65 67 57 64 66 72 65 62 54 48 49 54 49 49 54 64 64 68 67 65 65 65 67 67 67 68
26 27 25 29 31 33 41 41 40 37 35 32 32 32 32 31 31 33 31 32 32 33 29 30 30 31 31 36 36 39 45 40 48 56 57 58 47 56 51 42 42 42 46 46 55 59 60 60 62 66 67 65 71 72 71 67 64 65 67 67 67 68 67 66 65 65 64 65 66 67 61 61 65 65 66 59 63 54 49 49 49 60 49 64 60 67 67 61 65 68 66 68 68 68
27 28 27 26 30 37 47 49 56 56 46 42 41 37 37 30 33 38 35 33 36 34 35 33 38 39 43 42 37 43 47 43 44 49 49 49 45 50 46 39 41 45 50 50 55 61 66 62 63 67 72 67 69 69 69 65 65 65 65 66 67 63 62 53 61 65 61 61 62 66 61 61 62 62 66 59 49 54 60 64 64 60 64 66 64 67 67 67 68 65 62 68 69 67
28 28 30 26 31 33 48 58 52 58 47 55 46 49 51 45 42 51 51 46 51 47 44 40 41 39 55 54 54 50 47 43 48 48 49 52 57 53 45 45 46 42 43 51 59 60 63 63 65 70 72 67 67 70 73 75 72 66 66 69 72 72 68 61 47 52 57 61 57 61 64 61 58 58 62 63 59 54 55 55 64 64 66 66 66 67 67 66 68 62 66 69 69 67
26 25 28 30 31 30 35 47 54 53 48 54 51 51 49 50 51 51 53 54 53 54 58 53 52 41 41 42 43 56 56 56 56 51 52 57 52 49 45 50 50 46 47 52 46 51 57 59 61 65 66 65 66 76 76 75 77 69 68 66 66 69 65 64 64 57 58 65 62 57 61 64 65 62 65 49 54 54 54 64 67 67 66 71 74 66 66 66 68 56 66 62 63 67
28 29 30 28 28 31 36 43 45 47 51 46 46 46 41 41 53 51 55 64 61 58 58 55 54 48 45 42 43 55 57 57 48 48 48 48 49 52 49 57 58 55 48 48 51 54 47 49 64 64 65 66 66 70 71 69 72 68 65 65 65 68 65 67 65 65 63 67 67 65 65 64 65 65 65 67 65 66 59 64 60 60 67 67 66 66 66 68 65 66 66 69 67 67
26 29 28 27 24 33 45 52 56 49 54 51 51 47 51 50 56 54 53 66 67 58 58 55 58 56 53 50 51 53 53 52 48 51 51 52 52 49 49 53 51 51 60 49 47 47 51 48 54 59 64 66 66 67 71 68 74 67 64 64 64 65 65 64 65 66 66 67 67 62 64 61 61 62 62 63 63 66 63 63 64 66 67 64 67 67 65 65 68 62 69 69 69 70
26 23 23 24 24 31 37 46 44 46 46 50 45 45 54 54 53 54 52 61 67 61 58 56 59 59 57 55 56 49 52 58 57 52 51 52 52 44 52 53 50 47 56 49 49 44 49 43 48 54 55 64 66 66 69 68 71 70 64 63 63 63 64 61 65 66 67 68 67 62 61 57 61 65 65 62 62 66 66 63 63 66 66 67 67 64 56 61 65 65 66 69 69 69
23 26 23 24 27 27 26 33 34 35 38 41 41 41 52 54 57 54 54 55 60 60 58 59 58 55 55 56 56 57 58 62 62 51 56 56 52 48 52 53 50 43 48 53 49 50 54 53 53 52 58 65 66 70 70 69 74 68 65 63 64 63 61 62 65 65 67 68 67 61 57 65 65 62 62 62 65 65 66 66 60 63 66 67 67 64 56 56 61 66 68 69 69 69
23 25 27 27 29 24 28 25 27 32 35 41 41 50 54 54 58 61 54 55 53 60 62 59 56 55 55 56 58 58 52 52 58 52 40 48 52 53 52 49 54 50 47 53 53 58 58 58 54 61 63 59 65 69 70 69 71 71 65 63 64 65 66 67 69 66 58 67 67 62 64 64 64 65 62 62 65 65 65 66 66 66 66 66 67 61 65 68 68 69 68 67 67 67
27 26 28 30 28 29 24 25 30 34 37 51 53 58 61 58 55 55 58 58 58 59 59 59 56 54 56 55 50 47 48 44 49 59 56 56 58 57 57 49 53 46 47 52 48 53 63 64 65 64 62 62 63 67 77 72 71 74 71 65 68 65 66 69 73 73 69 70 74 73 74 64 64 64 65 62 65 66 63 63 66 67 66 67 65 61 61 65 68 70 67 69 69 70
27 25 27 29 29 27 28 30 33 37 38 54 63 58 59 63 62 59 69 66 61 62 63 63 59 59 55 51 46 47 47 57 59 59 59 59 58 56 49 49 53 50 51 52 56 53 57 64 64 62 65 69 70 64 72 76 75 74 71 68 72 68 69 69 70 73 66 70 70 74 76 76 73 73 67 65 65 66 59 59 66 66 66 67 66 66 68 68 69 70 73 68 70 70
24 25 26 26 25 29 24 28 31 44 51 54 64 66 62 65 67 64 68 67 63 61 58 55 57 60 60 59 59 51 51 59 62 65 63 61 57 56 57 57 57 54 51 51 56 61 63 62 65 68 70 63 66 67 72 76 73 73 69 67 69 73 73 73 73 73 67 67 68 67 74 76 75 76 73 67 68 65 63 63 66 66 66 66 69 68 68 67 68 68 74 71 70 70
27 31 25 25 25 26 30 25 24 40 49 52 58 68 68 66 62 59 61 62 60 63 58 56 59 61 64 60 61 60 59 69 66 66 62 59 57 57 57 57 59 53 50 55 56 61 65 69 72 69 67 63 64 58 65 73 77 74 68 68 70 71 74 73 73 73 70 67 67 67 70 77 76 76 76 69 66 68 63 66 67 69 66 69 76 67 68 68 68 69 74 79 71 68
28 27 25 27 25 26 30 24 23 35 44 44 54 62 66 62 66 61 63 63 63 62 62 59 61 68 69 64 71 76 75 77 75 69 70 62 59 58 57 57 57 58 59 61 62 64 69 73 75 72 71 67 64 64 63 69 74 75 71 69 69 69 75 76 73 70 75 70 70 71 74 77 76 74 76 74 66 66 66 66 67 73 77 76 73 68 69 68 69 70 72 71 71 71
28 27 25 29 29 29 27 24 29 33 33 35 40 49 53 54 59 63 65 61 64 62 60 63 63 66 70 68 73 74 75 78 77 74 69 66 67 60 59 57 53 54 54 59 63 64 68 72 72 68 68 64 68 64 59 60 66 68 67 67 67 64 69 74 74 79 80 78 77 74 75 73 71 77 69 74 67 66 67 66 69 69 74 75 68 71 69 69 70 71 71 70 70 70
25 24 28 27 28 29 26 27 32 29 34 36 37 40 50 52 55 63 65 68 66 61 67 69 62 62 71 75 74 76 75 74 75 73 72 72 66 63 62 59 58 57 54 55 56 56 61 64 72 66 65 66 65 60 56 56 66 66 68 67 67 70 73 75 75 70 75 80 78 78 77 72 68 70 66 70 66 67 65 68 65 68 68 69 71 70 69 70 63 47 52 64 71 72
21 28 28 25 22 23 26 29 31 30 28 33 32 41 41 46 50 52 52 55 58 62 66 68 67 69 66 70 76 76 75 75 74 73 72 72 73 71 69 70 63 59 58 59 51 55 60 57 55 55 54 55 59 60 56 56 51 52 53 67 67 67 67 63 64 68 73 79 76 77 75 77 76 73 67 67 70 68 70 66 61 68 65 70 71 71 70 72 71 71 68 64 72 72
21 25 25 25 22 27 22 30 30 29 31 35 33 34 35 42 37 45 41 47 48 54 53 57 63 61 65 72 76 76 77 77 76 75 74 72 73 73 70 70 69 59 53 50 47 42 52 52 54 57 57 58 59 64 65 58 56 46 47 58 66 61 65 59 68 63 68 70 72 80 72 70 78 69 68 67 68 70 70 66 65 68 68 66 67 68 72 72 73 71 71 64 72 72
21 26 27 30 21 26 28 28 26 31 32 33 34 31 31 33 38 41 37 45 47 47 53 54 60 64 65 73 79 77 76 78 77 76 75 75 73 73 67 60 62 60 59 50 47 47 42 43 52 53 62 63 64 64 55 58 59 41 51 52 53 61 65 63 60 60 63 65 70 72 72 73 74 71 70 75 69 69 69 69 69 69 65 70 68 68 72 71 70 72 71 71 72 72
21 21 25 28 31 33 37 35 32 29 31 32 32 33 32 36 43 45 37 34 34 51 51 54 56 59 65 74 75 78 77 77 78 77 77 77 76 74 75 69 70 62 58 58 55 51 51 51 56 61 63 63 64 63 51 50 55 50 51 52 48 47 57 61 60 62 60 60 62 69 71 71 71 69 71 70 69 69 70 70 70 69 66 70 67 71 71 73 66 74 71 69 71 72
21 21 25 26 33 37 34 35 36 32 29 31 29 28 28 34 31 45 41 42 42 43 43 49 54 61 59 63 67 74 78 78 77 77 77 76 75 75 74 77 77 75 68 64 60 59 59 59 60 62 63 58 59 64 51 42 41 45 50 52 47 42 36 42 44 55 49 42 44 56 64 68 68 65 69 70 70 69 70 70 71 69 69 66 63 64 69 73 66 76 74 70 70 70
25 20 21 22 29 29 36 31 30 30 30 23 28 25 23 23 33 37 41 38 33 33 46 53 55 57 58 58 59 62 67 71 77 77 77 77 77 76 75 75 78 77 74 68 54 60 61 61 61 61 62 64 64 59 56 52 51 50 55 55 56 51 42 35 36 41 42 37 42 50 56 55 49 65 65 69 69 70 66 69 70 71 69 70 71 72 73 74 71 73 71 72 73 70
29 36 33 32 30 31 36 32 32 30 30 27 22 24 23 30 36 40 44 38 39 39 42 39 42 42 50 59 67 71 71 67 77 77 78 78 79 79 76 75 76 78 77 66 54 50 51 51 55 60 62 63 63 63 66 58 62 46 55 59 59 59 56 42 35 36 36 37 41 44 43 49 55 56 56 56 56 57 51 62 63 67 71 70 71 65 69 73 69 69 72 73 73 72
29 29 30 34 35 33 32 35 35 31 31 29 27 22 24 24 30 37 46 44 48 47 38 43 48 45 56 70 70 71 67 63 70 77 78 77 79 79 78 78 77 77 75 75 68 61 60 60 61 56 63 65 68 67 66 66 70 64 60 56 51 51 45 45 35 42 40 41 43 44 44 49 55 49 45 43 45 50 51 62 63 58 64 65 65 66 66 73 72 73 72 73 73 71
30 30 27 37 39 38 29 33 37 32 29 32 27 23 27 28 31 38 52 53 48 47 46 43 53 49 56 72 74 70 70 67 75 77 77 78 78 79 79 79 80 80 79 75 72 65 64 61 64 61 62 68 71 69 65 64 69 67 65 65 56 55 45 41 42 46 46 47 43 41 41 44 42 42 38 39 46 46 44 51 58 46 52 59 60 66 70 71 73 72 69 69 70 73
43 38 30 33 33 34 33 30 41 39 36 33 32 27 30 30 37 35 42 46 48 46 42 43 48 55 55 59 69 70 65 66 71 75 76 76 77 79 80 80 81 80 80 80 74 65 64 60 61 60 60 61 63 67 64 64 68 75 66 67 65 65 51 45 51 46 52 53 47 40 36 41 37 42 38 39 44 46 46 46 62 59 59 52 53 60 66 66 74 74 74 71 73 73
50 41 42 41 41 28 29 27 29 31 29 30 35 39 51 54 52 52 45 53 52 52 46 51 53 53 54 56 62 62 60 61 61 64 72 71 75 78 79 79 82 79 79 80 76 65 60 60 60 54 59 52 48 57 57 63 66 67 65 69 68 66 64 63 63 56 52 52 52 53 42 36 41 37 38 38 44 44 46 57 63 65 64 59 52 60 65 69 70 71 74 73 73 73
41 42 47 50 42 28 22 29 29 26 29 35 39 48 56 57 61 62 59 53 58 64 51 51 55 53 54 60 73 74 61 62 62 63 63 63 67 75 78 76 75 77 77 72 76 71 61 60 60 55 47 47 53 57 57 62 63 68 64 64 72 64 63 55 60 64 52 52 52 58 43 48 48 44 44 43 43 45 45 50 63 64 63 67 52 52 52 47 48 61 48 66 70 67
53 38 34 39 42 39 32 35 26 32 33 41 52 52 64 66 65 64 57 55 58 62 60 62 68 55 58 58 59 61 64 65 62 70 71 74 75 75 76 80 80 79 76 72 71 62 61 61 54 55 55 51 52 56 61 61 62 63 64 64 64 64 63 60 66 60 57 52 52 53 53 42 43 41 49 49 61 56 50 45 57 58 46 46 47 52 41 45 47 47 48 48 54 54
