08 Ecocrop/raster/current/prec_11.asc
ncols        683
nrows        518
xllcorner    -87.691666666667
yllcorner    10.708333333333
cellsize     0.008333333333
NODATA_value  1.#QNAN
[rows 117 to 155 of 518, columns 435 to 521 of 683]
213 214 213 214 214 215 217 223 218 218 219 220 221 220 220 223 223 222 223 223 224 226 227 227 228 227 229 230 240 236 236 241 240 241 241 237 238 243 246 237 243 243 239 245 245 246 246 247 252 253 252 254 250 255 255 250 255 256 252 249 254 260 260 259 260 260 257 251 251 250 250 250 250 250 257 257 266 262 263 267 262 261 263 262 264 1.#QNAN 1.#QNAN
218 214 213 213 216 216 222 217 218 223 224 219 220 219 222 220 221 223 223 223 223 224 226 226 232 233 228 229 239 238 239 241 242 240 241 242 238 243 241 237 237 238 243 244 245 245 250 249 252 252 251 247 254 251 255 254 255 253 257 253 253 258 258 260 256 252 253 250 251 249 249 249 250 251 256 257 265 267 266 267 265 261 263 258 1.#QNAN 1.#QNAN 1.#QNAN
224 213 215 213 216 214 221 217 223 228 224 219 220 220 221 220 221 221 223 224 229 230 231 231 232 232 233 228 239 240 238 234 239 240 242 241 237 243 240 236 237 238 243 244 244 249 250 249 245 246 246 240 252 254 255 250 246 257 257 252 249 253 254 255 255 252 249 246 248 247 249 249 250 252 260 264 265 263 264 267 265 261 263 1.#QNAN 1.#QNAN 1.#QNAN 1.#QNAN
218 213 214 214 215 214 221 227 228 228 229 229 219 220 221 222 222 222 222 229 229 225 235 234 234 237 232 233 234 237 238 239 239 235 235 236 237 237 245 235 237 237 243 248 244 249 249 244 240 241 242 239 240 244 248 249 246 246 251 256 248 249 254 254 251 248 249 247 253 253 248 248 249 255 259 264 264 263 260 264 260 260 1.#QNAN 1.#QNAN 1.#QNAN 1.#QNAN 1.#QNAN
218 212 213 214 220 215 221 221 222 226 218 229 224 219 219 219 220 222 222 223 229 229 225 230 231 237 232 233 233 237 233 233 234 234 235 235 243 242 240 235 241 242 247 241 242 248 247 248 249 251 250 251 243 243 241 245 245 246 247 244 245 245 249 254 247 251 248 246 252 253 247 248 251 264 261 261 262 262 259 259 1.#QNAN 1.#QNAN 1.#QNAN 1.#QNAN 1.#QNAN 1.#QNAN 1.#QNAN
210 218 218 224 223 223 224 221 216 228 226 217 217 219 220 220 221 227 227 223 223 234 224 225 224 227 228 232 233 237 232 238 238 239 234 242 240 238 244 243 240 246 237 247 247 246 248 248 244 249 245 241 251 243 243 241 242 240 239 246 240 241 245 246 247 247 245 245 245 245 246 247 257 262 264 261 261 262 257 1.#QNAN 1.#QNAN 1.#QNAN 1.#QNAN 1.#QNAN 1.#QNAN 1.#QNAN 1.#QNAN
217 217 218 224 225 225 218 219 221 222 222 223 218 219 219 219 219 221 227 227 228 229 225 225 224 224 225 227 233 233 239 239 240 240 239 241 237 238 239 244 244 245 246 245 245 246 246 242 243 248 244 241 246 251 247 252 248 249 245 241 241 247 248 245 246 247 247 245 246 248 249 257 261 253 263 256 256 256 1.#QNAN 1.#QNAN 1.#QNAN 1.#QNAN 1.#QNAN 1.#QNAN 1.#QNAN 1.#QNAN 1.#QNAN
211 223 216 224 222 223 223 226 219 225 228 228 223 218 219 225 225 220 221 222 222 223 224 223 224 226 220 225 227 228 238 234 234 240 236 236 232 237 238 239 244 245 245 246 246 247 246 247 247 248 249 251 251 250 247 247 254 254 255 242 246 255 256 252 253 1.#QNAN 1.#QNAN 1.#QNAN 251 251 252 256 261 257 262 252 252 247 1.#QNAN 1.#QNAN 1.#QNAN 1.#QNAN 1.#QNAN 1.#QNAN 1.#QNAN 1.#QNAN 1.#QNAN
209 217 221 216 222 222 223 226 226 224 227 222 217 218 219 225 230 231 220 222 227 228 228 229 223 226 219 220 226 226 236 233 229 235 235 231 231 231 233 238 244 242 243 244 242 242 245 246 242 243 243 250 247 247 246 251 253 254 254 245 250 255 255 257 1.#QNAN 1.#QNAN 1.#QNAN 1.#QNAN 1.#QNAN 1.#QNAN 251 251 256 260 258 251 246 1.#QNAN 1.#QNAN 1.#QNAN 1.#QNAN 1.#QNAN 1.#QNAN 1.#QNAN 1.#QNAN 1.#QNAN 1.#QNAN
209 211 217 221 222 224 225 225 226 224 227 222 217 218 224 230 225 228 226 221 222 228 228 234 224 225 226 224 227 226 227 233 228 228 230 230 236 231 237 243 239 242 244 245 245 246 245 237 237 242 235 239 240 245 245 246 251 252 254 253 249 254 256 257 1.#QNAN 1.#QNAN 1.#QNAN 1.#QNAN 1.#QNAN 1.#QNAN 254 250 255 257 258 254 251 1.#QNAN 1.#QNAN 1.#QNAN 1.#QNAN 1.#QNAN 1.#QNAN 1.#QNAN 1.#QNAN 1.#QNAN 1.#QNAN
210 210 211 217 224 218 213 214 214 215 227 227 222 228 226 222 228 225 225 226 227 227 228 233 229 223 226 224 227 225 228 227 233 234 229 230 235 239 241 240 243 243 244 243 239 235 235 236 233 237 238 243 239 240 245 241 246 251 252 252 249 254 252 252 1.#QNAN 1.#QNAN 1.#QNAN 1.#QNAN 1.#QNAN 1.#QNAN 256 260 256 253 252 250 1.#QNAN 1.#QNAN 1.#QNAN 1.#QNAN 1.#QNAN 1.#QNAN 1.#QNAN 1.#QNAN 1.#QNAN 1.#QNAN 1.#QNAN
210 210 211 223 223 218 212 212 215 220 226 227 227 222 217 223 229 228 225 231 229 232 227 233 233 225 225 226 226 225 226 227 228 238 234 230 230 238 239 235 236 241 243 242 243 239 235 235 233 233 242 242 243 244 250 249 251 251 253 253 254 254 255 248 1.#QNAN 253 249 251 1.#QNAN 1.#QNAN 1.#QNAN 252 253 248 254 249 1.#QNAN 1.#QNAN 1.#QNAN 1.#QNAN 1.#QNAN 1.#QNAN 1.#QNAN 1.#QNAN 1.#QNAN 1.#QNAN 1.#QNAN
208 209 216 217 215 221 218 219 214 220 220 215 219 220 228 223 224 222 230 228 220 221 220 222 223 223 224 224 224 225 227 226 232 233 234 239 235 230 241 234 230 236 241 243 237 234 239 231 232 236 241 246 249 249 250 250 251 247 246 251 252 250 250 251 252 252 252 253 248 1.#QNAN 1.#QNAN 247 242 242 243 1.#QNAN 1.#QNAN 1.#QNAN 1.#QNAN 1.#QNAN 1.#QNAN 1.#QNAN 1.#QNAN 1.#QNAN 1.#QNAN 1.#QNAN 1.#QNAN
209 215 216 217 223 223 216 224 225 225 223 224 224 225 228 228 223 227 228 228 229 231 230 222 228 223 222 223 226 226 225 225 227 227 233 234 229 230 238 239 235 235 231 232 229 230 234 234 231 235 241 241 242 242 248 246 242 251 251 248 249 244 245 245 247 251 256 1.#QNAN 1.#QNAN 1.#QNAN 1.#QNAN 1.#QNAN 241 241 242 1.#QNAN 1.#QNAN 1.#QNAN 1.#QNAN 1.#QNAN 1.#QNAN 1.#QNAN 1.#QNAN 1.#QNAN 1.#QNAN 1.#QNAN 1.#QNAN
221 215 216 210 210 217 221 222 222 214 225 226 224 225 225 226 226 221 222 222 223 223 231 221 227 228 228 223 223 226 224 225 226 227 228 228 229 234 235 238 234 235 235 228 236 237 230 230 231 235 235 241 246 246 244 240 241 246 251 243 248 248 253 245 245 250 247 1.#QNAN 1.#QNAN 1.#QNAN 1.#QNAN 1.#QNAN 1.#QNAN 241 1.#QNAN 1.#QNAN 1.#QNAN 1.#QNAN 1.#QNAN 1.#QNAN 1.#QNAN 1.#QNAN 1.#QNAN 1.#QNAN 1.#QNAN 1.#QNAN 1.#QNAN
215 209 210 210 210 211 212 218 213 213 225 220 226 227 227 228 228 226 221 222 228 231 226 226 227 227 228 223 223 223 224 225 227 226 227 228 228 234 234 240 233 229 230 227 225 232 229 233 234 231 231 229 236 241 248 248 240 241 250 247 247 248 248 244 244 245 245 246 1.#QNAN 1.#QNAN 239 234 240 246 1.#QNAN 1.#QNAN 1.#QNAN 1.#QNAN 1.#QNAN 1.#QNAN 1.#QNAN 1.#QNAN 1.#QNAN 1.#QNAN 1.#QNAN 1.#QNAN 1.#QNAN
208 208 208 210 216 210 213 213 211 212 219 226 220 221 216 222 228 228 223 229 230 225 225 220 221 221 222 222 223 224 224 225 225 225 237 232 228 233 234 239 240 233 234 230 227 228 228 226 227 230 231 229 229 232 233 237 248 249 245 246 246 242 243 244 244 244 246 242 237 232 238 244 233 239 1.#QNAN 1.#QNAN 1.#QNAN 1.#QNAN 1.#QNAN 1.#QNAN 1.#QNAN 1.#QNAN 1.#QNAN 1.#QNAN 1.#QNAN 1.#QNAN 1.#QNAN
208 207 211 211 209 211 211 213 214 212 212 220 214 215 215 216 222 222 223 218 229 230 230 220 221 220 222 222 224 224 223 224 225 236 229 232 232 233 236 232 237 233 233 234 226 227 225 225 226 229 233 234 228 232 236 233 237 242 249 241 246 246 242 243 248 243 246 242 242 237 232 237 233 1.#QNAN 1.#QNAN 1.#QNAN 1.#QNAN 1.#QNAN 1.#QNAN 1.#QNAN 1.#QNAN 1.#QNAN 1.#QNAN 1.#QNAN 1.#QNAN 1.#QNAN 1.#QNAN
209 208 209 209 211 209 210 217 211 211 213 213 214 215 215 227 222 228 228 229 229 230 219 220 220 226 227 222 221 224 222 223 235 235 234 234 230 222 238 233 237 224 225 225 229 226 227 223 228 229 233 230 230 231 231 232 233 241 246 247 247 245 246 250 247 243 243 244 245 236 236 237 232 1.#QNAN 1.#QNAN 1.#QNAN 1.#QNAN 1.#QNAN 1.#QNAN 1.#QNAN 1.#QNAN 1.#QNAN 1.#QNAN 1.#QNAN 1.#QNAN 1.#QNAN 1.#QNAN
208 210 210 211 211 209 211 223 223 221 222 219 219 226 226 227 227 227 226 221 229 229 230 225 231 231 229 227 227 228 223 223 229 235 233 236 236 237 237 233 236 227 228 228 225 221 230 230 231 231 228 229 233 234 231 235 235 236 241 246 248 249 249 248 246 242 242 243 244 243 241 236 231 1.#QNAN 1.#QNAN 1.#QNAN 1.#QNAN 1.#QNAN 1.#QNAN 1.#QNAN 1.#QNAN 1.#QNAN 1.#QNAN 1.#QNAN 1.#QNAN 1.#QNAN 1.#QNAN
209 207 208 209 209 210 216 220 221 217 218 225 219 214 220 226 225 225 225 228 229 224 229 228 230 231 231 221 221 227 228 233 234 232 235 230 234 234 232 232 233 231 232 232 233 225 229 230 230 227 231 236 232 238 233 239 239 240 245 247 243 246 247 247 245 243 241 244 242 243 243 235 236 1.#QNAN 1.#QNAN 1.#QNAN 1.#QNAN 1.#QNAN 1.#QNAN 1.#QNAN 1.#QNAN 1.#QNAN 1.#QNAN 1.#QNAN 1.#QNAN 1.#QNAN 1.#QNAN
209 208 210 210 211 209 210 220 215 217 218 219 225 214 213 220 227 227 225 226 228 229 229 222 222 225 226 221 222 221 222 233 233 232 234 230 235 234 236 237 237 236 231 232 227 228 233 234 234 230 230 236 236 242 237 244 238 239 246 242 242 245 241 242 240 241 242 243 243 242 242 240 235 1.#QNAN 1.#QNAN 1.#QNAN 1.#QNAN 1.#QNAN 1.#QNAN 1.#QNAN 1.#QNAN 1.#QNAN 1.#QNAN 1.#QNAN 1.#QNAN 1.#QNAN 1.#QNAN
207 209 210 210 208 208 210 216 223 211 212 212 225 219 213 214 221 227 227 222 228 228 229 222 222 228 231 226 221 221 222 227 233 232 227 232 235 233 234 229 229 230 230 231 231 227 232 238 233 234 235 230 231 236 236 237 244 244 241 241 242 242 243 243 244 240 242 240 243 241 244 239 240 1.#QNAN 1.#QNAN 1.#QNAN 1.#QNAN 1.#QNAN 1.#QNAN 1.#QNAN 1.#QNAN 1.#QNAN 1.#QNAN 1.#QNAN 1.#QNAN 1.#QNAN 1.#QNAN
208 207 207 207 209 209 210 210 217 223 217 218 224 217 219 214 215 221 216 222 222 217 223 224 229 230 225 225 231 226 232 232 233 221 226 227 227 233 233 229 224 229 235 235 236 231 227 237 238 238 229 229 235 240 236 236 243 239 240 236 241 242 238 238 239 244 240 240 241 241 242 243 1.#QNAN 1.#QNAN 1.#QNAN 1.#QNAN 1.#QNAN 1.#QNAN 1.#QNAN 1.#QNAN 1.#QNAN 1.#QNAN 1.#QNAN 1.#QNAN 1.#QNAN 1.#QNAN 1.#QNAN
205 206 209 208 209 208 208 216 222 211 223 224 222 225 219 220 220 220 215 221 225 226 228 223 218 219 219 230 223 231 230 220 220 214 221 221 232 227 223 220 224 229 225 235 225 231 238 237 232 233 222 222 223 230 240 240 238 234 235 240 245 241 241 242 242 243 239 240 239 242 242 1.#QNAN 1.#QNAN 1.#QNAN 1.#QNAN 1.#QNAN 1.#QNAN 1.#QNAN 1.#QNAN 1.#QNAN 1.#QNAN 1.#QNAN 1.#QNAN 1.#QNAN 1.#QNAN 1.#QNAN 1.#QNAN
206 206 207 214 208 209 209 210 216 217 217 215 211 222 219 219 223 224 224 225 219 225 220 228 229 224 219 230 223 231 224 216 216 216 217 221 221 227 219 223 228 224 224 221 225 225 226 231 232 224 224 224 225 225 226 235 240 242 234 243 235 236 236 236 237 237 238 238 239 231 216 1.#QNAN 1.#QNAN 1.#QNAN 1.#QNAN 1.#QNAN 1.#QNAN 1.#QNAN 1.#QNAN 1.#QNAN 1.#QNAN 1.#QNAN 1.#QNAN 1.#QNAN 1.#QNAN 1.#QNAN 1.#QNAN
206 205 209 207 214 208 209 208 209 210 211 217 218 224 219 223 223 223 218 213 225 225 215 220 221 229 229 230 230 229 218 212 213 216 216 221 221 222 218 216 219 220 220 220 221 221 230 236 231 223 227 224 224 225 225 239 240 242 242 241 242 240 235 236 237 237 238 238 238 230 1.#QNAN 1.#QNAN 1.#QNAN 1.#QNAN 1.#QNAN 1.#QNAN 1.#QNAN 1.#QNAN 1.#QNAN 1.#QNAN 1.#QNAN 1.#QNAN 1.#QNAN 1.#QNAN 1.#QNAN 1.#QNAN 1.#QNAN
206 205 206 206 208 207 210 211 210 212 212 210 223 224 222 222 217 212 213 213 219 225 227 226 220 226 227 224 224 230 223 215 212 216 225 225 226 231 227 222 219 216 220 220 217 225 230 235 226 231 223 223 224 224 233 239 236 240 242 242 241 239 234 235 240 236 241 237 239 229 1.#QNAN 1.#QNAN 1.#QNAN 1.#QNAN 1.#QNAN 1.#QNAN 1.#QNAN 1.#QNAN 1.#QNAN 1.#QNAN 1.#QNAN 1.#QNAN 1.#QNAN 1.#QNAN 1.#QNAN 1.#QNAN 1.#QNAN
205 206 205 207 214 207 209 209 209 210 212 210 217 224 216 222 217 217 218 224 224 227 227 220 215 221 227 227 227 230 223 223 218 219 219 225 231 226 217 227 227 222 219 219 220 224 225 230 235 236 231 227 227 227 233 238 240 241 235 235 240 238 234 239 240 236 236 237 237 239 1.#QNAN 1.#QNAN 1.#QNAN 1.#QNAN 1.#QNAN 1.#QNAN 1.#QNAN 1.#QNAN 1.#QNAN 1.#QNAN 1.#QNAN 1.#QNAN 1.#QNAN 1.#QNAN 1.#QNAN 1.#QNAN 1.#QNAN
204 205 212 213 207 208 207 211 208 210 212 210 211 223 224 224 222 223 225 223 226 226 225 214 215 220 226 227 221 217 217 228 229 229 224 224 225 220 217 221 222 218 227 223 223 229 229 235 237 235 222 226 231 237 239 233 228 238 239 234 235 242 234 234 235 235 235 236 236 238 1.#QNAN 1.#QNAN 1.#QNAN 1.#QNAN 1.#QNAN 1.#QNAN 1.#QNAN 1.#QNAN 1.#QNAN 1.#QNAN 1.#QNAN 1.#QNAN 1.#QNAN 1.#QNAN 1.#QNAN 1.#QNAN 1.#QNAN
204 206 212 219 213 214 214 210 209 209 209 209 210 217 217 224 222 222 225 225 224 224 219 225 225 226 226 226 221 216 230 222 223 218 224 219 219 230 220 221 231 227 232 234 228 228 234 229 229 235 235 231 238 238 232 227 228 233 238 240 241 241 237 238 234 234 234 237 236 1.#QNAN 1.#QNAN 1.#QNAN 1.#QNAN 1.#QNAN 1.#QNAN 1.#QNAN 1.#QNAN 1.#QNAN 1.#QNAN 1.#QNAN 1.#QNAN 1.#QNAN 1.#QNAN 1.#QNAN 1.#QNAN 1.#QNAN 1.#QNAN
218 212 206 213 219 213 214 208 208 208 209 216 222 221 223 218 224 224 222 223 218 213 213 224 219 225 228 220 221 216 216 217 222 228 229 219 219 224 225 225 221 221 234 234 234 233 228 229 224 229 230 230 236 236 223 220 220 232 238 240 239 236 237 232 238 233 234 234 235 1.#QNAN 1.#QNAN 1.#QNAN 1.#QNAN 1.#QNAN 1.#QNAN 1.#QNAN 1.#QNAN 1.#QNAN 1.#QNAN 1.#QNAN 1.#QNAN 1.#QNAN 1.#QNAN 1.#QNAN 1.#QNAN 1.#QNAN 1.#QNAN
211 218 218 219 213 217 220 208 207 209 219 222 222 223 217 217 218 222 222 225 225 223 224 224 225 227 227 228 228 228 227 216 217 222 223 218 212 215 225 225 225 226 233 234 234 233 228 228 224 224 224 235 237 236 231 226 227 232 232 233 233 238 240 237 233 233 235 236 236 1.#QNAN 1.#QNAN 1.#QNAN 1.#QNAN 1.#QNAN 1.#QNAN 1.#QNAN 1.#QNAN 1.#QNAN 1.#QNAN 1.#QNAN 1.#QNAN 1.#QNAN 1.#QNAN 1.#QNAN 1.#QNAN 1.#QNAN 1.#QNAN
211 218 216 216 219 211 220 220 207 209 219 213 222 216 217 217 211 218 222 225 225 225 226 215 226 225 221 227 228 223 226 227 222 217 210 211 209 209 210 225 225 231 233 228 234 232 233 223 223 223 224 229 235 235 235 226 236 231 232 227 232 233 238 236 232 232 232 235 1.#QNAN 1.#QNAN 1.#QNAN 1.#QNAN 1.#QNAN 1.#QNAN 1.#QNAN 1.#QNAN 1.#QNAN 1.#QNAN 1.#QNAN 1.#QNAN 1.#QNAN 1.#QNAN 1.#QNAN 1.#QNAN 1.#QNAN 1.#QNAN 1.#QNAN
211 218 218 218 219 217 217 214 208 208 221 219 216 210 216 217 223 224 222 224 225 225 225 220 220 226 221 221 225 228 228 221 221 209 208 208 208 211 211 215 215 225 231 231 226 226 227 227 228 223 219 224 229 229 230 225 231 231 236 232 232 237 238 238 236 231 234 234 1.#QNAN 1.#QNAN 1.#QNAN 1.#QNAN 1.#QNAN 1.#QNAN 1.#QNAN 1.#QNAN 1.#QNAN 1.#QNAN 1.#QNAN 1.#QNAN 1.#QNAN 1.#QNAN 1.#QNAN 1.#QNAN 1.#QNAN 1.#QNAN 1.#QNAN
204 211 211 212 219 217 211 220 220 220 221 221 215 210 216 223 223 215 215 222 218 219 225 225 226 226 226 225 219 220 220 226 227 212 207 207 208 208 208 209 212 224 230 225 221 226 217 218 218 219 219 219 224 224 220 221 225 230 236 236 236 232 232 239 235 230 233 233 1.#QNAN 1.#QNAN 1.#QNAN 1.#QNAN 1.#QNAN 1.#QNAN 1.#QNAN 1.#QNAN 1.#QNAN 1.#QNAN 1.#QNAN 1.#QNAN 1.#QNAN 1.#QNAN 1.#QNAN 1.#QNAN 1.#QNAN 1.#QNAN 1.#QNAN
210 204 215 209 210 216 217 217 213 214 214 215 221 219 222 222 220 221 215 216 224 224 217 212 217 218 224 219 219 219 220 226 220 212 212 209 210 208 208 209 209 219 215 216 216 216 217 226 214 215 215 219 219 223 220 220 225 230 230 237 236 238 238 238 239 232 221 228 1.#QNAN 1.#QNAN 1.#QNAN 1.#QNAN 1.#QNAN 1.#QNAN 1.#QNAN 1.#QNAN 1.#QNAN 1.#QNAN 1.#QNAN 1.#QNAN 1.#QNAN 1.#QNAN 1.#QNAN 1.#QNAN 1.#QNAN 1.#QNAN 1.#QNAN
217 204 218 215 216 216 210 211 220 207 208 208 215 219 222 220 220 220 217 223 218 218 222 217 212 205 205 203 206 206 210 220 226 215 216 212 212 210 210 208 208 211 215 215 210 216 211 214 217 222 222 222 219 213 219 224 224 224 225 235 230 231 238 229 229 229 221 210 1.#QNAN 1.#QNAN 1.#QNAN 1.#QNAN 1.#QNAN 1.#QNAN 1.#QNAN 1.#QNAN 1.#QNAN 1.#QNAN 1.#QNAN 1.#QNAN 1.#QNAN 1.#QNAN 1.#QNAN 1.#QNAN 1.#QNAN 1.#QNAN 1.#QNAN
210 210 217 209 204 216 210 211 219 207 207 208 214 219 221 219 222 222 221 221 221 224 222 216 211 212 208 209 209 206 206 210 214 211 208 208 212 209 210 217 218 218 211 209 212 212 210 210 211 214 214 215 215 215 213 223 224 229 229 235 237 232 228 228 228 226 226 1.#QNAN 1.#QNAN 1.#QNAN 1.#QNAN 1.#QNAN 1.#QNAN 1.#QNAN 1.#QNAN 1.#QNAN 1.#QNAN 1.#QNAN 1.#QNAN 1.#QNAN 1.#QNAN 1.#QNAN 1.#QNAN 1.#QNAN 1.#QNAN 1.#QNAN 1.#QNAN
