08 Ecocrop/raster/current/prec_11.asc
ncols        683
nrows        518
xllcorner    -87.691666666667
yllcorner    10.708333333333
cellsize     0.008333333333
NODATA_value  1.#QNAN
[rows 351 to 389 of 518, columns 261 to 347 of 683]
95 96 103 102 111 110 109 112 101 100 100 100 100 101 101 102 102 78 78 95 114 113 113 107 115 111 110 113 106 124 132 136 127 128 121 122 122 120 120 121 125 125 125 127 127 128 128 129 128 131 128 138 141 132 122 123 124 125 126 139 140 121 142 144 152 155 161 162 164 156 156 146 145 163 165 166 166 164 168 169 169 165 157 168 167 166 158
98 93 100 107 108 107 104 99 99 101 98 99 103 100 101 102 102 99 103 113 106 114 116 117 114 110 112 110 105 111 119 130 124 119 118 118 119 120 121 121 123 124 127 133 134 134 137 136 139 140 141 142 132 122 123 123 134 135 125 126 120 140 150 154 154 156 155 157 160 160 161 164 154 155 156 165 167 168 160 161 161 170 170 170 170 169 170
90 89 95 114 112 108 104 99 102 103 98 99 99 99 100 100 101 102 100 104 114 115 108 108 107 109 112 111 105 112 108 108 122 119 117 119 120 121 122 124 126 127 127 133 134 138 130 132 141 132 122 133 122 114 133 124 136 126 118 118 139 149 150 157 157 158 159 155 156 159 163 164 156 147 145 157 159 168 159 150 160 170 152 152 162 152 151
85 93 101 111 116 109 105 103 109 99 102 109 102 99 99 99 101 101 110 111 111 112 115 108 117 115 111 112 107 102 108 112 121 118 120 120 119 120 123 124 124 126 125 126 135 138 139 132 123 115 145 135 135 116 116 116 119 118 147 151 149 140 150 153 154 154 156 157 155 156 156 164 157 146 139 159 168 168 160 140 143 151 152 145 152 161 161
89 95 105 120 119 114 105 105 100 100 101 99 99 99 101 103 100 100 104 104 114 107 113 107 114 115 111 110 112 116 121 113 112 113 122 121 117 117 118 120 123 123 128 134 138 129 120 114 135 116 145 148 135 137 147 147 150 154 154 156 152 141 142 142 143 152 144 155 155 155 147 160 164 139 137 142 139 140 144 144 141 140 144 145 152 145 152
91 97 100 113 116 117 124 121 115 103 104 103 101 100 102 102 101 105 105 105 112 115 106 109 105 105 107 109 113 111 113 122 122 122 122 119 129 131 128 121 129 121 124 126 137 138 140 141 122 133 125 134 115 149 150 155 155 155 155 156 153 153 151 142 152 152 153 157 161 155 162 163 146 139 137 138 141 141 140 142 141 140 144 145 145 143 146
88 92 90 90 99 116 122 119 114 106 104 104 101 101 101 103 104 113 106 112 112 113 104 108 110 109 110 102 104 102 107 111 116 125 123 122 122 133 124 123 123 120 119 121 128 136 140 141 142 134 124 134 116 150 150 156 148 157 157 153 153 153 153 154 142 142 143 156 153 153 144 137 135 140 149 138 140 163 163 190 163 141 144 144 152 154 154
87 88 87 89 93 100 111 122 116 110 106 104 104 100 101 102 104 103 102 103 105 103 105 111 108 108 113 111 105 100 101 108 114 126 117 124 122 125 121 123 122 122 121 121 124 127 127 130 143 136 125 117 117 137 148 152 157 158 157 154 154 153 153 153 151 152 155 160 153 153 154 146 139 140 137 138 139 162 141 163 189 189 141 142 146 146 146
87 90 90 89 94 106 105 107 122 114 105 104 110 110 104 101 103 105 102 105 104 105 107 106 107 109 108 109 111 100 100 108 123 120 119 110 113 118 120 124 124 121 120 112 124 123 127 126 139 132 134 114 136 118 140 152 160 154 158 159 151 150 153 157 154 155 156 157 153 143 154 157 147 140 137 139 140 141 141 162 190 190 191 142 145 146 165
88 88 89 96 98 108 103 109 120 115 104 110 104 101 101 104 104 103 104 104 104 106 99 107 107 107 108 109 110 100 101 102 104 105 109 115 112 111 118 119 119 120 120 113 116 122 122 123 134 129 132 134 136 118 121 130 121 150 140 140 149 152 157 158 159 161 162 162 163 154 144 146 147 137 138 161 162 186 187 191 165 165 191 165 144 144 165
88 89 89 95 103 99 98 113 113 115 107 101 104 101 103 103 104 105 105 105 106 106 99 100 108 107 109 102 103 99 99 101 102 103 109 114 111 107 110 118 118 119 118 120 122 121 130 132 133 140 134 144 126 127 139 138 138 138 127 118 149 153 158 140 133 153 163 155 145 137 133 134 158 137 160 161 189 187 187 188 165 143 189 193 195 190 189
88 95 96 90 90 94 93 98 95 111 103 102 96 104 97 97 92 93 106 106 106 99 100 108 108 101 108 102 103 104 101 103 101 105 109 107 118 109 110 117 117 117 117 120 119 123 132 135 138 134 136 142 137 137 136 144 137 116 148 152 153 153 151 141 130 135 136 136 133 181 179 156 185 186 187 188 186 190 188 192 165 193 190 198 198 199 199
88 89 90 90 86 91 91 100 108 105 104 96 92 92 92 92 93 93 98 105 104 106 108 96 97 97 102 103 103 100 100 102 102 104 109 118 118 116 116 115 119 120 117 128 128 132 132 136 140 139 136 135 135 143 141 141 142 124 148 153 159 159 152 130 130 152 131 132 155 181 181 184 183 183 187 188 190 163 141 142 193 192 190 191 193 193 194
89 90 89 89 91 91 90 96 103 103 102 103 92 92 93 93 93 94 100 107 106 100 96 97 97 97 102 99 99 100 101 102 103 106 109 122 120 115 116 119 126 126 121 122 119 122 125 134 131 130 132 139 132 141 142 132 133 124 148 160 162 153 141 130 152 178 179 180 181 155 183 184 185 185 187 139 140 140 164 164 191 192 194 191 191 195 192
86 88 86 87 90 91 91 96 104 102 104 102 92 93 93 93 94 107 96 108 106 100 101 97 98 97 103 99 100 100 106 106 105 106 106 108 117 117 117 116 116 126 127 122 119 121 123 126 126 129 135 130 136 139 132 132 122 114 150 155 163 154 134 130 152 178 178 180 179 156 157 191 185 185 184 161 139 140 191 191 190 192 194 195 194 144 194
86 87 91 91 91 87 92 91 96 104 104 102 93 93 93 94 94 95 96 102 110 101 97 97 98 98 103 99 100 101 101 102 104 104 105 105 110 117 117 117 116 120 121 122 129 124 121 122 126 134 136 134 129 136 133 132 134 117 138 150 161 162 164 145 132 131 179 180 180 182 182 185 183 183 184 189 162 163 191 191 190 190 166 195 194 195 196
84 91 91 91 92 87 92 92 97 97 97 105 98 94 94 95 95 95 96 103 103 109 98 98 99 103 110 104 100 101 102 102 103 105 109 109 107 117 110 119 116 121 127 128 133 116 103 126 126 127 129 130 137 130 120 121 123 143 117 120 141 141 157 159 143 143 131 155 156 135 157 159 183 184 187 161 139 140 191 188 191 191 192 191 193 190 196
75 76 85 87 87 92 92 92 97 103 104 98 98 94 94 95 100 96 96 98 100 103 103 110 103 99 100 104 101 102 101 103 103 103 109 109 110 110 117 117 118 121 127 128 132 134 125 125 126 127 128 137 138 136 138 139 123 136 128 121 127 130 141 159 162 164 157 138 134 157 181 137 137 185 186 188 161 190 162 163 164 164 189 190 194 189 167
87 87 85 92 92 88 88 93 93 105 103 104 99 94 99 95 96 96 97 98 100 109 110 103 103 104 100 101 100 101 101 102 103 108 108 116 116 117 117 116 121 127 130 130 114 125 132 130 131 126 133 135 136 136 138 137 140 135 137 147 144 146 142 142 151 158 166 165 139 141 136 137 138 159 159 160 161 189 189 163 141 141 142 142 143 139 143
85 76 76 85 88 88 88 93 93 94 98 99 95 95 96 96 96 96 97 109 103 102 103 99 100 101 101 102 101 103 103 104 104 104 105 109 110 116 116 120 121 130 123 123 124 125 125 130 126 126 124 125 129 135 135 131 138 142 144 147 143 126 127 119 141 143 159 163 145 148 161 150 142 138 137 137 138 152 153 166 175 166 176 173 152 150 172
71 70 77 86 88 88 94 94 94 98 94 95 96 96 96 97 96 97 97 109 102 99 99 100 100 100 102 101 101 102 104 104 105 105 105 109 106 111 119 119 123 129 130 122 123 131 132 131 131 126 126 127 128 129 130 136 137 133 144 146 145 143 137 140 123 130 124 144 159 162 170 171 150 162 172 172 172 173 169 155 137 156 153 161 170 161 172
70 71 77 86 89 94 94 94 95 95 95 95 96 96 97 97 97 97 98 102 99 100 100 101 100 102 102 103 103 102 104 105 105 104 106 110 107 108 112 119 122 127 128 120 121 132 125 131 131 132 132 127 125 129 130 131 139 133 139 140 140 140 144 146 129 122 142 130 142 156 161 169 161 171 162 163 163 154 137 134 140 131 131 149 169 161 161
71 77 86 86 89 94 95 95 95 95 96 96 96 97 97 97 97 98 98 103 99 99 101 101 101 101 103 103 103 104 104 104 106 104 107 110 111 108 112 118 118 121 119 120 121 121 130 133 126 132 127 127 125 129 130 130 131 133 134 141 143 140 143 145 140 131 129 120 141 154 159 158 158 150 133 133 136 151 137 147 147 130 148 159 163 170 170
71 71 86 89 95 95 95 95 96 96 96 90 91 98 98 98 98 99 100 99 99 104 100 102 112 111 106 112 107 104 105 106 105 106 110 107 107 111 118 117 119 118 120 120 120 121 125 131 126 134 127 127 125 129 131 127 128 129 140 140 141 140 142 138 145 138 138 128 140 145 149 134 134 153 153 152 158 151 151 153 146 146 129 158 169 170 161
77 87 78 78 87 87 88 90 90 90 97 97 98 98 99 98 99 99 99 101 101 102 101 101 112 112 112 111 113 114 115 106 106 110 110 107 111 118 118 119 119 118 120 120 123 124 125 126 133 126 124 125 125 126 128 128 137 140 134 144 135 134 135 135 138 138 137 137 130 146 146 122 143 149 149 153 152 150 144 135 135 129 163 162 160 142 142
87 78 87 87 95 90 88 79 80 80 89 89 89 90 81 82 92 99 100 100 101 101 103 102 107 103 103 114 114 113 114 115 109 110 117 116 118 118 119 119 118 119 119 120 124 121 125 127 134 127 124 124 125 126 130 137 137 140 143 142 141 141 134 125 137 136 137 127 122 131 141 130 130 142 143 150 144 133 133 145 146 147 162 168 160 150 142
78 78 78 88 90 79 79 80 80 80 74 75 75 75 82 82 92 93 93 101 101 101 102 104 107 107 104 114 108 114 114 115 116 110 116 116 116 117 121 118 119 120 120 120 121 125 125 131 134 134 127 134 137 137 136 138 139 133 135 133 133 114 124 124 125 127 129 128 130 122 129 140 123 131 123 124 124 125 144 161 146 157 168 169 159 160 150
78 78 79 79 79 73 80 80 80 89 74 78 75 75 76 91 100 100 93 94 101 94 95 104 106 114 112 113 114 115 114 115 116 117 116 120 120 117 121 122 123 123 120 124 121 126 126 132 134 128 135 129 130 130 135 138 139 132 122 122 113 134 124 134 135 126 120 119 138 151 122 139 132 125 154 123 142 132 144 160 161 161 162 159 159 160 151
78 79 88 73 79 73 80 80 74 81 75 75 78 76 82 91 93 93 94 94 94 94 103 105 106 108 115 115 114 115 115 110 110 111 117 120 120 117 121 122 119 121 121 121 125 122 124 132 117 118 128 129 129 130 131 132 132 112 133 133 133 134 134 134 124 125 118 119 137 150 120 139 130 131 141 153 153 142 143 160 167 168 167 169 169 171 165
79 79 88 79 80 74 80 74 74 75 78 75 76 82 91 93 94 92 94 94 94 93 95 105 104 108 116 117 115 116 116 117 117 117 117 117 118 118 119 120 114 115 116 125 133 127 133 127 117 135 129 119 129 130 131 121 131 145 146 146 153 159 158 115 124 116 117 119 118 137 119 138 139 129 152 164 164 164 165 160 166 167 168 159 159 162 143
73 79 79 89 80 74 74 74 75 78 80 75 76 76 76 92 92 92 93 95 103 95 94 104 106 105 105 110 115 116 115 117 116 117 118 119 113 118 114 120 121 122 123 123 122 128 105 106 128 135 136 121 130 131 113 122 111 144 147 146 134 152 146 114 135 135 116 136 149 155 140 128 138 128 121 153 165 165 142 154 159 166 167 169 169 170 162
73 73 73 80 74 74 74 75 75 75 75 76 76 83 77 84 92 84 93 85 95 95 104 104 105 107 108 109 110 107 111 111 117 118 118 110 114 114 119 120 121 121 123 122 125 132 132 132 127 133 129 120 113 114 113 113 144 150 132 112 113 114 114 147 135 116 135 136 149 154 150 127 119 120 139 157 164 164 153 153 159 166 168 159 170 172 164
73 73 74 74 74 74 78 78 75 75 76 76 76 77 77 77 84 84 93 94 96 96 94 105 97 97 107 107 110 110 111 111 118 119 118 119 119 119 119 119 120 124 122 122 125 131 126 126 134 135 133 137 122 111 111 111 144 151 151 158 152 133 134 114 135 115 116 154 154 154 149 119 119 120 120 140 152 158 153 153 154 160 168 159 148 148 162
73 74 74 81 81 74 78 78 79 79 76 76 76 77 84 84 84 85 85 85 86 95 95 97 97 96 98 107 111 108 111 109 118 120 119 110 119 119 120 123 124 124 125 122 122 126 131 134 134 129 135 136 133 132 132 132 144 151 151 158 159 152 134 114 135 153 154 161 163 155 155 137 127 120 120 140 152 140 153 142 143 160 168 168 159 170 162
73 74 74 74 74 75 75 75 75 76 76 77 77 84 84 93 93 85 94 94 95 95 95 97 96 96 98 110 108 108 112 109 112 113 115 114 120 119 119 120 124 124 130 126 126 131 132 134 128 129 119 130 133 134 131 131 144 151 160 159 161 159 134 134 134 147 154 154 154 155 149 149 137 138 120 139 157 158 158 153 153 160 168 170 161 172 173
74 74 78 78 78 75 75 75 79 79 76 77 77 84 84 85 85 94 96 96 95 106 97 87 96 96 98 108 108 109 109 109 110 113 114 114 118 128 123 129 124 121 130 133 127 128 128 128 119 119 108 109 123 133 144 151 151 151 159 161 161 160 134 115 134 135 148 148 148 137 137 137 127 119 120 139 157 164 165 165 166 168 168 169 170 161 149
74 77 78 78 79 78 79 79 81 79 80 84 77 78 78 85 85 94 95 95 87 96 97 98 96 82 97 108 111 109 109 110 110 111 119 120 120 119 128 123 129 130 130 133 133 128 134 128 129 119 108 130 111 132 131 144 151 159 161 161 160 160 160 147 134 116 116 125 136 117 118 137 137 120 120 151 151 164 165 166 167 168 146 169 169 160 149
77 78 80 79 81 81 81 79 79 76 77 77 78 78 85 79 86 86 86 95 97 98 107 107 97 89 99 99 111 112 112 110 111 119 114 120 121 121 120 124 124 121 122 122 131 134 128 134 119 119 120 120 131 111 131 145 152 159 160 153 153 153 147 147 134 116 116 136 125 136 149 155 137 120 121 121 121 151 152 153 154 160 167 167 168 168 171
80 80 80 79 81 79 81 81 80 80 77 77 78 85 94 78 86 86 87 87 87 96 96 97 89 99 109 112 109 112 113 111 114 119 119 119 120 120 120 124 122 122 125 126 131 128 134 134 129 135 120 120 110 131 131 152 152 152 152 153 153 153 147 134 134 148 135 116 117 117 136 137 137 138 138 139 139 122 142 152 159 154 160 167 161 168 169
