08 Ecocrop/raster/current/prec_3.asc
ncols        683
nrows        518
xllcorner    -87.691666666667
yllcorner    10.708333333333
cellsize     0.008333333333
NODATA_value  1.#QNAN
[rows 252 to 293 of 518, columns 282 to 375 of 683]
28 29 28 29 29 28 29 31 34 35 34 35 28 27 28 34 34 35 35 34 34 34 34 31 31 31 33 31 34 34 35 35 35 31 30 31 31 31 34 32 32 33 33 35 33 34 36 34 37 37 32 32 34 32 31 32 34 34 31 35 36 35 35 38 39 37 34 36 35 34 34 37 40 40 40 42 43 41 43 44 45 43 41 43 45 43 42 42 42 44 43 44 43 45
29 30 30 30 28 28 28 29 33 34 33 34 33 34 34 24 24 35 35 35 35 34 35 34 34 34 31 31 33 31 34 34 38 33 31 32 31 32 32 34 31 31 32 34 34 33 33 32 32 33 33 33 34 32 32 32 34 34 32 33 33 32 34 34 37 35 34 36 35 34 33 37 41 43 41 41 40 38 43 42 42 42 43 42 45 45 45 43 43 43 43 46 43 42
26 30 30 30 29 28 30 30 32 32 32 34 30 33 33 28 28 35 35 35 35 36 36 34 34 34 34 34 36 36 34 34 35 35 30 33 33 30 31 32 34 32 33 33 36 34 33 35 36 34 32 33 32 32 32 32 34 33 33 35 33 33 34 34 33 35 34 34 33 34 35 40 42 42 42 42 40 38 41 44 43 43 41 42 45 43 43 43 43 46 43 43 42 40
31 30 29 29 27 28 30 30 32 31 33 34 33 32 33 34 34 34 33 33 33 33 34 33 34 34 31 36 36 33 33 30 32 38 33 30 30 33 30 31 32 32 34 38 37 36 33 33 33 33 32 33 32 33 34 32 33 32 32 36 34 33 33 33 33 39 35 35 42 43 40 37 40 40 40 40 36 40 42 44 44 42 41 39 42 43 43 43 46 44 44 40 42 38
25 26 28 27 28 28 29 29 30 31 33 33 32 33 33 33 34 35 34 34 33 34 32 33 31 34 32 34 34 36 37 29 31 35 35 31 30 30 30 33 30 36 40 41 38 41 39 37 32 33 34 33 31 31 31 37 37 35 32 34 32 33 34 34 37 33 35 34 37 40 40 40 41 42 40 40 38 42 41 41 42 42 42 42 42 42 41 43 43 43 43 43 44 44
24 24 28 28 29 28 30 28 29 31 31 33 32 33 27 34 34 34 34 34 35 35 34 35 34 34 32 33 36 33 31 29 31 31 31 32 30 30 31 31 31 32 37 37 39 38 37 38 39 40 41 35 36 32 32 32 31 32 32 32 34 33 37 37 39 37 35 36 35 38 40 41 40 42 40 40 40 40 42 41 44 44 44 45 45 44 44 45 43 43 43 40 38 40
25 26 27 29 30 31 33 30 28 30 31 29 30 32 21 27 34 34 34 35 29 35 36 35 35 35 31 34 33 31 29 30 30 31 31 30 32 31 31 31 30 32 39 36 40 39 39 39 37 40 41 35 39 31 31 34 33 32 33 33 34 33 40 39 39 35 34 36 38 42 42 42 41 37 40 42 41 40 42 40 44 45 42 45 45 45 45 44 43 43 43 42 36 40
27 26 27 28 31 31 33 31 28 28 31 29 30 32 33 27 34 34 34 35 35 35 35 34 35 34 33 32 34 36 31 30 30 30 31 31 30 31 30 30 31 31 35 39 36 38 38 39 40 40 33 32 34 34 31 31 33 33 34 35 36 36 34 34 37 34 37 36 34 36 36 39 35 35 40 42 42 40 41 41 44 45 45 45 45 45 45 45 43 43 43 43 44 40
27 28 28 30 32 32 33 29 28 29 29 29 30 30 30 33 33 33 34 35 35 35 35 34 34 34 35 33 31 29 28 29 30 32 38 35 33 30 31 32 31 35 39 36 35 36 35 37 41 38 36 33 32 35 31 33 33 34 35 33 34 36 37 33 34 37 35 34 35 36 35 36 36 35 38 40 35 38 42 43 44 46 44 44 44 45 45 43 43 41 42 43 43 43
25 28 29 30 24 21 25 28 28 30 31 31 30 29 29 30 33 34 34 34 33 33 33 35 33 34 33 35 36 29 37 29 30 34 38 31 30 30 30 33 38 35 38 38 35 35 36 38 40 38 41 38 31 35 34 36 36 34 36 36 37 37 38 36 36 36 37 36 37 36 39 39 36 37 35 40 42 42 35 42 40 44 42 43 45 45 45 43 47 44 39 42 40 43
27 28 28 29 30 31 32 31 30 30 29 29 28 29 29 30 31 33 34 34 34 33 32 30 30 30 33 33 33 36 34 33 31 32 35 33 29 30 34 36 37 37 39 38 35 38 39 38 37 38 38 36 35 33 31 32 36 37 37 34 35 36 36 38 37 34 35 33 34 37 38 36 36 36 35 37 37 42 42 41 42 41 44 42 45 44 43 43 45 41 41 42 37 40
27 27 29 29 29 29 30 30 29 28 28 28 29 29 29 30 30 31 31 31 31 32 32 31 35 35 35 36 30 33 34 33 33 32 32 30 30 30 39 36 38 37 38 35 35 36 36 37 37 40 38 34 33 33 33 32 34 36 35 35 35 35 38 38 35 34 34 34 38 39 37 35 34 34 34 37 42 40 37 38 40 40 42 42 42 42 41 41 42 41 39 39 40 40
24 24 28 28 29 29 29 27 27 28 27 27 27 28 26 30 30 30 31 30 30 29 30 30 35 29 29 30 30 33 36 31 29 29 30 31 30 30 35 35 37 38 40 37 36 37 37 39 38 40 35 32 33 35 33 33 32 34 35 34 36 35 36 37 37 36 36 34 39 42 36 34 35 38 37 37 42 41 41 34 40 42 40 40 38 38 39 39 39 36 39 43 43 39
24 25 28 29 29 29 29 30 29 28 28 28 27 28 28 28 30 30 30 30 33 31 34 26 29 29 29 30 28 31 36 33 33 33 32 32 34 38 36 34 37 37 38 37 35 37 37 39 39 40 35 32 34 34 36 33 32 34 35 35 34 35 35 37 35 35 35 34 39 36 34 36 36 37 35 34 40 41 41 40 38 42 41 40 40 42 42 41 39 41 39 43 43 41
26 27 27 28 28 27 28 30 28 26 27 28 25 28 28 25 28 28 29 28 27 25 34 30 28 29 35 30 28 28 30 31 37 37 33 33 35 35 34 37 37 36 37 37 36 37 37 37 40 40 38 33 34 34 34 35 33 33 36 37 35 35 33 33 33 33 33 34 37 35 36 35 36 36 35 37 37 40 42 42 40 38 41 42 42 42 42 42 38 41 43 41 41 41
27 28 21 22 27 27 28 30 32 29 28 30 30 26 30 27 25 26 26 27 27 27 30 30 26 29 31 31 28 28 28 27 33 33 33 33 29 38 34 37 36 36 38 37 38 36 35 35 38 38 36 33 33 33 34 36 36 33 34 36 33 33 34 33 33 33 34 34 36 38 36 36 36 36 35 35 39 41 42 41 41 40 41 41 41 41 40 40 36 41 41 39 37 41
27 28 28 22 22 30 28 25 29 30 30 26 23 22 27 27 24 23 23 26 29 29 28 25 26 27 27 26 30 32 27 28 27 29 28 28 28 29 33 35 35 38 34 36 30 35 36 35 34 34 34 34 38 36 37 33 36 36 36 33 33 33 34 33 33 36 36 33 36 32 34 34 36 34 34 37 35 37 41 37 37 41 41 41 41 34 38 40 34 35 36 36 39 40
17 17 17 18 18 29 27 25 27 29 24 25 23 25 30 30 27 24 24 24 29 29 29 26 26 29 26 29 32 30 27 29 29 29 31 31 28 29 31 38 35 38 36 35 38 32 38 39 37 40 40 40 36 36 37 36 34 33 32 32 32 34 32 33 35 36 35 34 34 33 33 38 36 36 37 38 36 35 33 35 34 40 41 44 41 41 41 38 38 36 36 39 37 37
27 21 21 28 18 29 30 27 30 31 24 24 21 23 27 25 31 31 26 24 23 25 25 26 28 28 29 30 31 35 31 30 36 34 33 33 37 33 37 38 38 38 35 38 36 33 33 35 34 37 40 39 38 34 35 40 36 33 32 35 35 35 35 32 32 34 34 35 34 33 32 33 34 40 40 39 33 37 36 34 33 41 41 44 44 41 41 40 41 34 37 36 37 35
27 27 28 28 29 29 29 27 29 30 29 29 26 26 27 27 31 31 28 26 25 24 24 24 28 28 31 32 33 33 30 30 32 32 34 34 37 37 33 35 38 34 38 36 37 34 34 35 33 32 37 40 37 32 38 37 37 31 32 33 35 35 35 35 35 34 35 35 34 36 35 32 33 36 38 36 34 33 33 34 34 39 41 41 44 41 41 41 40 38 38 41 42 39
26 26 27 28 28 29 30 28 28 29 24 27 28 27 30 30 28 26 28 24 27 24 25 24 28 26 34 30 32 35 32 32 32 30 34 37 34 37 37 33 34 35 36 36 39 36 34 34 33 31 34 35 32 34 34 36 32 35 32 31 31 31 32 34 33 34 34 37 34 35 35 32 32 33 32 32 36 32 33 37 37 39 41 41 44 44 44 44 42 38 40 40 36 35
26 25 27 27 28 28 29 29 28 27 28 27 27 29 27 30 28 28 29 32 27 24 27 27 24 30 34 33 30 31 35 36 33 32 32 37 37 33 37 37 37 35 34 38 37 37 39 36 34 31 31 37 35 35 34 32 33 35 31 34 31 32 32 33 34 33 34 35 35 35 33 33 36 32 32 32 36 34 34 34 37 37 40 41 41 39 41 41 41 42 36 38 36 36
24 23 24 25 25 25 26 26 26 27 27 28 27 29 24 25 27 25 24 26 24 23 27 27 28 26 30 34 31 31 32 32 36 28 30 32 31 28 29 29 29 28 32 35 35 35 36 34 32 32 31 38 37 37 38 31 33 37 35 35 33 35 36 36 33 38 34 37 37 35 34 33 35 38 33 35 34 36 35 34 39 40 39 41 41 37 41 40 41 41 40 40 36 41
26 26 25 25 25 25 26 27 26 27 27 28 25 29 26 25 23 23 23 28 32 26 29 29 33 30 34 29 29 27 29 32 30 30 30 28 27 31 28 31 30 32 29 30 29 29 33 34 32 31 31 35 37 38 38 37 35 37 35 33 32 32 33 34 37 37 34 35 35 37 34 32 35 33 32 32 33 36 36 34 38 36 39 41 39 41 44 42 42 40 40 41 42 42
24 24 27 27 27 28 28 29 27 26 24 24 25 29 24 27 25 26 27 24 28 28 30 29 29 29 30 27 27 27 27 27 32 30 27 31 28 28 26 26 31 31 31 32 30 33 33 34 34 34 34 38 39 39 37 39 39 37 32 33 35 32 34 32 36 37 33 32 34 34 33 33 33 33 33 33 33 33 36 35 34 37 37 39 41 41 44 43 45 42 40 38 42 43
23 24 24 25 25 28 28 29 29 27 27 28 29 30 24 25 27 25 26 29 26 28 28 27 28 24 30 29 26 29 29 30 27 32 28 28 28 26 25 25 31 31 32 31 32 31 33 34 32 36 36 38 37 36 39 38 40 38 32 34 36 34 34 36 34 34 34 34 34 34 34 36 35 31 33 32 32 33 35 35 34 37 37 37 39 39 41 44 43 42 42 41 40 39
23 23 27 25 25 25 28 28 26 26 27 27 28 27 26 30 30 30 31 27 28 28 32 28 25 27 25 25 26 31 31 32 29 28 28 28 27 26 26 26 28 30 31 31 33 30 32 36 34 38 38 38 37 39 39 37 37 38 36 34 35 33 38 40 36 38 33 33 33 33 34 34 35 33 32 34 32 33 32 36 38 40 39 39 37 39 39 41 45 45 42 43 42 39
23 24 27 27 25 25 29 28 29 26 26 27 26 24 28 28 29 29 26 26 26 29 32 28 25 26 27 27 27 26 28 30 29 31 29 29 27 25 25 28 31 31 29 29 32 31 35 36 36 35 36 38 36 36 34 35 37 38 38 36 34 37 41 40 40 38 33 33 34 33 33 34 35 37 38 37 40 38 34 36 40 39 40 40 40 41 41 41 43 43 43 43 45 42
23 24 27 24 25 25 25 25 26 29 27 27 24 27 31 29 29 30 30 30 26 31 32 29 32 33 33 29 28 28 30 30 28 29 25 29 29 31 30 30 28 32 33 29 30 32 34 38 37 36 38 37 39 37 39 35 37 37 38 40 40 40 41 40 40 40 39 34 33 39 40 37 37 40 40 38 38 40 40 37 37 40 42 42 43 43 44 41 42 41 42 43 44 44
23 24 23 24 24 25 25 25 25 26 26 28 30 28 31 29 28 29 29 30 30 27 27 30 32 33 31 29 28 28 31 24 27 27 33 24 24 24 27 25 30 30 28 29 28 28 30 35 37 37 38 36 37 37 37 36 34 37 37 39 40 40 39 39 41 39 41 41 39 38 34 33 40 40 38 40 40 41 41 41 37 39 41 44 45 44 44 45 41 40 40 41 44 43
23 23 23 20 21 21 21 26 26 25 26 27 28 28 29 28 28 28 28 26 27 30 30 28 29 31 33 29 28 27 28 26 26 31 31 35 33 30 31 27 26 30 31 28 28 28 31 28 31 33 33 31 34 36 34 33 32 36 39 38 37 36 39 39 40 38 40 41 40 38 41 38 37 41 39 38 40 41 41 41 40 43 43 43 43 44 44 43 43 42 41 41 43 42
19 20 24 20 21 24 24 25 28 25 26 27 27 27 27 28 25 25 25 30 31 26 30 28 32 28 26 31 31 28 27 32 30 25 27 28 35 35 31 27 26 26 28 30 32 32 32 29 28 30 30 30 29 30 31 31 31 31 37 38 39 35 32 36 40 40 34 41 41 39 41 39 36 41 41 39 35 39 40 40 40 41 42 43 44 44 46 43 42 45 42 41 41 42
20 20 20 21 21 21 24 25 26 26 26 26 26 27 28 29 26 25 25 25 26 29 30 29 32 27 30 28 28 27 29 31 30 28 25 28 34 35 32 31 28 26 28 31 30 31 31 28 29 29 29 29 29 33 32 31 31 33 38 39 39 36 34 37 40 41 40 40 41 40 40 40 40 40 41 41 39 39 41 41 41 43 43 42 43 45 43 43 43 44 41 40 36 38
24 24 23 24 22 25 24 24 22 22 25 27 26 26 27 28 27 28 25 26 28 28 26 29 32 32 33 31 26 31 31 30 30 28 25 25 25 32 27 25 26 29 26 28 30 31 31 27 29 32 30 31 31 30 31 34 33 33 37 37 38 37 37 38 41 40 40 40 40 43 42 41 41 40 40 40 39 39 40 41 42 44 41 41 41 41 43 44 44 43 39 36 36 40
19 19 23 25 23 27 26 25 25 25 23 26 23 24 23 24 26 25 25 28 28 28 28 31 30 31 29 26 30 30 30 31 30 30 28 32 25 25 25 27 29 26 26 25 28 30 31 29 27 29 30 30 31 31 34 32 30 29 33 35 38 37 37 37 40 39 39 40 39 42 41 42 42 43 40 40 40 40 39 37 41 44 44 40 40 41 41 43 44 42 40 40 40 39
21 20 20 24 22 25 25 26 26 25 23 26 23 26 25 24 28 26 29 27 30 27 30 30 28 32 27 26 27 26 28 30 31 31 31 31 32 29 28 28 28 26 26 30 30 31 27 27 29 29 28 32 32 33 31 31 33 30 29 33 35 37 37 37 37 39 40 40 40 41 39 39 39 40 42 40 40 40 40 39 40 40 42 41 41 45 44 44 43 42 41 44 44 41
21 24 24 23 26 26 22 22 25 23 26 23 24 24 22 23 28 26 26 25 30 28 28 30 29 28 30 32 30 32 31 26 28 31 32 32 31 31 31 33 31 31 26 25 30 30 30 30 32 31 29 29 33 32 31 30 32 31 31 31 33 35 33 37 37 40 38 38 40 41 41 39 39 39 39 39 40 40 40 39 38 40 42 42 42 42 43 42 45 41 41 42 42 42
22 23 20 23 24 21 22 25 23 25 26 27 22 22 20 21 24 29 29 27 26 28 29 30 30 31 32 32 32 32 32 30 27 28 28 27 32 33 30 33 33 33 32 26 30 30 31 30 30 28 31 30 33 33 30 31 31 30 33 29 35 33 30 35 37 37 40 40 38 40 38 39 39 39 39 38 40 40 41 40 40 40 44 42 40 41 42 41 39 43 40 42 39 39
21 22 24 24 23 25 23 23 27 26 20 24 24 22 19 19 21 29 26 24 25 29 27 30 27 31 28 30 30 31 30 31 28 27 28 28 29 29 33 33 34 33 33 32 32 30 30 30 30 28 29 29 33 36 34 30 32 35 31 32 29 30 33 30 36 37 37 40 38 37 37 36 37 38 39 39 40 40 40 40 41 41 41 41 40 41 42 42 41 41 41 43 39 39
18 18 22 25 22 21 24 26 19 18 20 19 22 22 24 23 21 21 20 22 21 22 25 26 30 27 27 31 30 30 31 29 29 30 28 28 27 31 31 33 33 33 30 33 31 28 26 28 30 28 35 35 35 35 35 34 35 30 31 31 30 31 29 30 35 36 37 37 35 35 32 36 37 38 39 38 38 40 40 38 39 40 39 40 41 42 41 41 42 39 41 39 40 41
18 19 17 22 20 22 21 22 21 19 19 20 22 22 22 23 23 25 21 20 22 25 24 25 28 30 29 29 30 32 32 29 29 29 29 30 28 32 31 29 31 33 31 29 31 27 26 27 28 26 28 27 31 35 33 32 32 29 30 29 30 30 32 33 33 31 33 31 31 34 36 36 35 37 38 37 39 39 40 40 41 42 39 39 40 40 41 40 41 39 39 36 34 41
21 17 17 19 21 21 21 23 23 20 20 21 22 22 20 22 23 22 24 22 24 24 25 30 30 30 30 29 31 29 25 28 25 27 27 30 31 28 29 29 29 30 32 32 27 28 27 30 26 26 28 32 28 31 35 35 27 30 30 28 31 33 33 35 37 36 31 31 33 29 32 37 36 35 35 33 37 39 40 40 43 40 40 37 40 41 44 44 42 42 40 39 37 39
