08 Ecocrop/raster/current/prec_7.asc
ncols        683
nrows        518
xllcorner    -87.691666666667
yllcorner    10.708333333333
cellsize     0.008333333333
NODATA_value  1.#QNAN
[rows 114 to 151 of 518, columns 336 to 419 of 683]
382 366 366 380 383 379 395 397 406 399 400 391 390 393 397 391 390 407 414 410 412 419 421 422 433 427 423 420 421 427 428 431 434 435 433 428 433 442 444 444 449 457 446 428 422 425 439 450 451 450 457 452 453 458 453 458 467 456 457 468 457 461 462 461 457 458 462 458 463 459 469 463 463 469 447 446 469 446 468 468 468 458 467 467
384 368 367 370 374 393 389 397 388 383 384 378 375 383 386 381 376 384 401 415 411 413 429 431 431 432 429 423 426 429 430 436 434 441 443 438 437 439 449 438 442 437 419 425 425 434 443 453 451 456 452 452 457 465 466 466 467 460 468 468 461 461 461 462 461 462 462 458 459 459 463 463 469 469 469 463 463 459 459 468 463 459 467 458
376 378 379 395 390 400 388 404 382 375 371 363 364 373 380 378 371 375 392 402 425 419 420 421 410 413 417 415 415 421 430 432 439 439 431 452 437 443 449 441 428 427 427 420 411 444 449 450 453 453 454 455 465 443 434 444 456 467 457 457 445 458 458 469 462 458 462 462 463 463 463 463 463 463 459 463 463 468 468 463 468 445 445 434
367 372 373 379 383 385 394 403 386 381 377 372 365 369 375 373 370 381 387 395 424 417 415 416 406 423 420 417 425 433 435 437 449 439 423 416 428 436 446 449 433 416 432 437 437 440 451 462 463 463 464 456 452 454 434 434 444 444 444 445 457 457 468 461 462 462 458 462 462 458 462 463 463 459 459 459 469 468 459 468 462 458 458 467
366 377 378 378 378 381 387 394 374 376 384 381 376 381 380 384 384 383 387 392 396 399 415 423 427 421 415 421 425 443 433 435 426 420 410 415 419 418 447 450 449 437 446 449 450 450 450 451 454 449 455 455 456 457 466 443 456 456 444 435 435 457 457 445 469 469 462 458 458 458 458 469 469 446 446 446 446 459 459 445 468 445 458 467
361 377 379 377 379 384 385 394 376 373 383 389 391 380 389 391 402 395 396 400 396 397 415 427 415 417 418 422 430 442 422 416 418 417 418 424 444 459 456 448 444 446 445 446 448 449 450 451 448 453 448 450 456 466 457 453 438 451 441 432 429 435 445 445 458 458 469 462 458 458 462 462 469 459 446 459 459 459 434 445 468 467 458 444
352 366 376 376 381 384 385 393 396 381 384 384 394 382 389 402 402 414 398 400 400 395 401 425 414 417 419 427 439 430 421 423 426 412 422 430 442 458 460 442 438 446 445 445 447 448 449 451 448 448 448 454 450 465 452 438 439 442 426 419 431 442 458 435 435 458 462 462 458 463 462 462 469 468 459 445 459 459 458 445 458 467 467 467
359 365 365 377 382 397 391 392 396 398 394 403 394 397 390 386 384 385 405 405 409 409 408 424 419 432 434 426 426 429 426 411 434 427 437 430 454 452 447 453 444 444 445 444 445 446 444 446 451 452 453 455 443 447 446 451 455 455 439 427 434 449 456 468 461 469 469 469 469 469 469 458 459 458 434 445 468 468 468 445 444 433 467 467
363 370 360 372 373 374 383 384 383 391 395 397 398 399 400 390 385 384 391 395 407 396 410 414 418 420 421 430 421 435 411 425 408 409 413 426 417 452 451 451 456 449 442 442 442 442 449 448 448 446 449 455 455 454 451 452 453 458 458 459 457 455 454 464 456 458 458 444 458 459 458 458 462 445 445 459 468 445 445 444 467 467 467 461
374 375 370 379 378 368 359 360 370 382 386 388 389 398 391 406 390 393 406 413 416 410 411 424 428 430 417 417 410 410 404 402 395 395 404 414 417 426 427 433 458 458 446 448 446 447 459 443 447 450 451 435 443 436 436 445 446 446 447 447 459 453 456 456 454 458 458 469 459 459 469 469 468 468 468 445 445 433 445 444 458 467 461 457
382 385 378 378 380 378 368 364 370 377 378 387 380 388 387 400 402 402 402 404 407 409 411 413 405 404 416 419 409 402 402 390 391 395 398 409 412 425 418 415 422 425 421 434 448 450 450 444 443 449 433 421 434 435 428 436 445 457 458 446 438 439 460 453 453 456 461 461 469 458 458 458 468 458 458 469 469 445 444 458 468 461 457 457
383 383 386 386 388 381 379 368 369 385 383 385 379 385 385 391 394 395 397 399 401 403 412 422 401 394 414 417 407 399 392 386 388 396 404 405 401 410 416 404 402 416 427 433 458 438 444 436 436 449 425 426 433 434 443 444 456 451 458 451 458 438 447 461 456 461 461 457 462 458 458 433 458 444 433 445 469 468 468 468 468 467 457 457
384 382 385 385 387 389 382 379 380 382 383 384 385 386 387 391 393 396 397 399 400 409 420 421 411 400 402 416 417 394 389 386 386 399 404 404 405 398 402 397 393 404 442 444 454 439 445 447 435 439 431 425 433 433 443 455 451 457 456 446 457 447 448 461 460 455 455 462 456 461 468 458 433 432 429 444 458 468 458 467 467 461 461 449
374 371 374 377 377 379 381 381 383 384 385 383 377 379 374 376 390 391 396 398 399 400 417 418 420 398 401 415 417 417 415 410 389 393 408 414 403 404 403 400 399 417 428 427 428 441 437 441 446 438 437 431 439 451 454 443 450 456 465 458 453 459 453 454 460 454 454 459 460 460 461 468 444 432 432 458 468 458 461 461 461 461 461 448
370 371 370 366 374 376 376 376 382 382 383 381 370 385 380 375 382 383 372 393 398 407 408 419 410 400 402 414 427 412 420 426 406 418 423 423 429 442 431 429 406 409 409 414 440 453 447 438 435 447 436 437 438 450 448 454 450 456 451 452 452 459 459 454 453 459 459 459 459 460 455 456 461 456 456 461 467 443 443 461 461 460 456 456
388 372 369 371 372 366 357 362 365 365 365 368 364 378 379 380 381 383 394 395 397 405 407 407 409 400 402 415 427 428 414 421 432 425 437 423 443 435 435 408 423 420 416 420 439 444 445 437 439 446 446 446 437 430 431 441 448 455 444 445 435 435 459 452 459 453 460 447 447 447 461 461 448 461 461 467 467 467 467 467 467 460 461 448
379 372 362 362 359 365 361 360 362 362 366 375 383 384 389 398 408 400 401 412 392 393 405 406 397 398 412 402 404 398 408 421 410 412 428 417 419 420 413 413 436 418 426 439 449 454 442 454 454 456 447 441 442 448 444 446 453 454 455 458 457 443 457 444 458 459 453 454 454 454 454 455 455 455 455 460 460 467 457 457 467 466 460 456
371 368 354 355 357 358 357 366 371 375 378 374 394 395 385 386 388 399 400 402 402 385 386 393 405 396 391 400 402 403 406 399 402 403 404 415 413 431 419 412 435 441 437 435 440 453 441 441 442 443 444 456 457 457 460 462 463 462 462 457 455 450 456 451 444 445 459 453 453 459 467 467 459 467 457 457 467 460 457 457 467 466 460 460
373 371 362 353 360 361 356 366 369 376 381 381 392 394 395 379 380 381 389 401 391 392 386 387 395 396 388 395 409 401 404 406 399 402 400 405 412 416 409 411 421 445 431 433 440 441 451 452 442 443 455 455 446 447 448 460 462 451 461 452 463 463 464 465 457 444 445 453 458 460 459 457 467 467 467 467 467 455 467 457 466 466 460 455
371 369 365 359 359 366 369 370 361 370 382 389 401 403 404 396 380 380 399 400 391 403 393 386 387 396 397 397 397 400 401 403 398 400 410 403 404 413 417 408 432 446 446 446 449 451 440 451 452 453 454 444 446 447 448 443 444 460 450 451 438 463 464 465 451 451 458 466 466 457 456 442 442 442 442 457 457 467 466 466 459 459 459 455
353 345 357 363 357 365 371 370 371 376 378 378 400 392 392 404 396 397 408 400 401 402 403 393 394 417 418 396 387 387 387 392 397 397 399 422 422 423 406 407 419 442 441 443 437 431 438 439 440 441 453 444 444 456 441 442 443 450 450 450 437 463 449 452 451 457 457 465 456 456 442 442 442 457 442 466 459 459 466 459 459 459 454 459
334 332 340 346 343 351 353 361 370 375 378 377 378 389 391 393 395 388 398 399 400 411 403 413 414 416 400 409 408 381 373 379 391 386 384 405 406 418 409 428 416 443 426 430 429 448 448 448 437 434 436 438 445 447 441 448 443 444 444 450 451 462 455 432 449 450 451 457 455 456 456 441 458 466 466 466 466 459 454 459 435 446 446 446
340 333 342 337 354 356 358 360 368 373 376 376 375 387 388 390 391 394 397 389 391 393 394 403 414 405 415 408 401 408 397 397 400 387 387 391 404 422 424 437 429 429 431 444 445 436 447 448 439 434 435 437 444 440 446 447 448 443 444 438 461 462 453 448 449 455 456 456 465 465 465 466 458 453 466 466 441 456 446 446 459 459 459 458
345 338 344 345 346 348 350 369 353 360 369 372 373 385 395 386 399 393 388 397 398 400 401 394 396 405 414 416 409 409 387 395 396 388 394 399 426 434 424 437 439 441 417 418 419 421 422 436 438 433 441 442 443 438 445 446 441 448 449 444 445 452 462 462 463 449 455 464 465 465 465 457 452 458 452 458 458 458 459 458 453 458 453 445
356 339 337 337 352 348 351 356 347 352 365 368 370 372 373 395 377 391 393 395 397 409 401 412 403 396 414 407 408 419 388 386 389 390 396 392 405 433 423 425 425 426 413 417 419 420 435 447 437 425 440 441 442 443 444 445 447 457 448 449 451 451 451 462 453 448 455 449 454 456 451 451 451 444 458 452 458 453 453 453 458 458 453 434
348 348 329 330 339 347 351 345 343 342 348 356 369 369 372 396 391 394 396 397 407 399 389 402 412 412 413 406 407 408 420 411 422 423 413 403 403 431 409 411 400 398 405 410 430 433 410 422 436 437 449 451 452 443 437 438 456 446 433 448 450 450 452 461 447 448 448 455 455 455 450 456 464 457 457 458 433 444 444 452 458 458 458 453
327 346 340 335 328 328 330 333 333 341 355 355 365 370 377 390 402 404 385 378 378 380 380 382 383 401 401 414 398 399 409 410 422 424 425 415 403 395 398 395 394 391 386 388 402 417 419 410 435 437 448 450 441 441 442 438 445 446 446 448 435 436 461 452 452 452 462 454 449 464 464 464 454 464 456 457 433 444 457 457 452 452 455 464
337 333 332 339 340 329 331 329 327 332 354 363 364 370 376 387 401 394 385 378 379 388 408 410 409 403 406 413 397 398 400 409 411 412 413 401 402 391 393 397 396 407 388 382 389 396 401 434 421 422 448 438 440 440 429 443 455 445 447 448 450 444 461 461 462 452 462 462 454 455 455 455 455 454 464 456 457 443 457 452 457 452 457 452
332 331 330 324 325 325 325 327 343 350 351 359 365 379 382 388 382 403 404 405 398 407 397 399 401 393 393 395 397 406 399 400 410 402 411 420 414 404 395 406 405 397 392 383 390 397 394 433 434 435 436 437 432 440 441 442 454 444 439 447 449 450 444 451 452 445 453 440 440 441 455 455 455 464 456 450 450 451 451 451 456 456 456 456
329 330 323 323 324 325 326 332 333 340 349 358 369 373 379 380 387 383 395 387 387 386 387 388 390 392 393 394 395 396 397 399 401 419 419 410 401 403 404 416 429 422 406 413 406 402 403 418 433 434 446 448 431 439 451 442 453 444 445 446 448 449 443 443 444 438 428 410 418 411 440 448 449 455 449 450 455 456 456 456 456 456 431 443
327 321 322 322 328 330 330 331 331 331 340 353 371 377 374 377 383 393 386 386 385 385 383 387 388 390 391 393 394 396 398 399 400 410 411 411 390 391 403 404 430 432 432 430 436 414 400 402 407 434 446 447 437 431 433 441 452 443 444 439 440 434 442 443 450 437 409 409 410 410 429 448 463 463 449 455 442 455 450 450 450 456 442 431
326 326 327 334 334 328 335 329 329 337 347 362 366 372 371 368 372 401 383 384 384 385 384 384 388 389 391 392 394 396 397 398 408 400 418 421 413 391 403 417 430 431 433 423 425 427 415 404 417 433 445 428 436 431 432 451 452 453 444 444 432 433 447 442 443 450 416 416 417 417 428 440 463 463 449 449 455 449 450 450 450 455 430 420
339 332 333 334 342 327 327 334 327 335 346 365 366 365 362 364 370 379 383 384 405 387 387 388 388 389 390 392 393 414 405 397 398 400 420 411 423 424 425 415 417 418 432 434 435 437 438 429 431 443 444 427 436 437 431 432 451 442 453 445 445 440 446 441 448 436 425 416 426 438 452 453 453 448 448 448 449 449 449 441 441 442 430 419
323 332 343 343 333 337 325 333 342 343 347 359 367 361 358 377 386 402 403 396 403 396 388 407 387 397 390 401 393 403 405 397 398 399 400 401 401 411 413 406 416 429 431 421 434 425 427 402 402 415 433 434 428 436 438 431 440 442 443 444 438 439 457 441 448 448 449 437 437 438 452 452 452 453 454 448 448 454 455 449 454 441 429 419
345 341 354 346 336 325 317 324 340 344 334 336 357 359 357 363 371 383 400 396 396 386 404 406 392 394 389 401 412 413 403 412 406 398 408 420 421 423 424 405 406 417 430 407 423 425 426 427 413 414 432 444 434 447 437 449 440 426 428 444 444 455 457 457 447 448 442 443 444 445 445 446 452 447 447 447 454 454 453 454 441 441 441 441
344 352 349 344 339 330 322 322 339 331 343 351 358 352 358 365 367 372 376 394 395 405 390 388 396 388 399 401 392 392 391 393 396 407 398 400 400 422 423 404 406 416 429 420 408 397 436 437 419 428 442 444 435 436 437 438 440 426 427 428 444 444 439 446 457 448 449 459 459 450 460 451 446 452 452 452 453 448 453 440 453 440 440 440
343 345 330 349 347 345 337 329 346 346 348 351 352 350 355 358 353 348 376 393 394 382 376 379 388 389 390 390 390 388 394 395 396 395 396 398 395 397 403 398 390 415 428 430 420 408 409 424 417 419 426 431 444 435 437 438 449 440 442 443 428 454 445 439 440 447 441 459 450 460 451 451 445 451 438 439 439 447 454 453 440 453 448 448
343 346 337 346 344 344 344 337 345 348 349 359 349 352 357 359 362 359 378 379 375 373 369 378 384 387 389 388 380 380 378 393 390 379 383 391 382 385 402 403 399 405 428 429 419 432 432 414 416 418 420 430 443 445 436 438 439 450 441 442 428 454 444 445 439 440 448 448 449 450 450 451 451 445 452 452 446 453 453 453 452 452 448 452
