08 Ecocrop/raster/current/tmax_4.asc
ncols        683
nrows        518
xllcorner    -87.691666666667
yllcorner    10.708333333333
cellsize     0.008333333333
NODATA_value  1.#QNAN
[rows 259 to 295 of 518, columns 0 to 83 of 683]
1.#QNAN 1.#QNAN 1.#QNAN 1.#QNAN 1.#QNAN 1.#QNAN 1.#QNAN 1.#QNAN 341 342 343 343 343 344 344 345 344 344 343 343 343 343 343 343 339 335 335 342 340 337 338 340 340 339 340 340 345 348 347 346 346 343 341 342 345 345 345 345 346 347 348 348 348 347 346 348 349 350 350 350 349 348 347 347 346 346 347 347 347 347 347 348 348 348 349 349 349 349 350 350 351 352 353 354
1.#QNAN 1.#QNAN 1.#QNAN 1.#QNAN 1.#QNAN 1.#QNAN 1.#QNAN 1.#QNAN 1.#QNAN 343 343 343 342 343 344 344 341 342 342 341 341 341 341 341 339 337 334 339 338 339 337 339 340 340 341 345 348 348 344 340 344 342 343 344 343 340 341 344 344 345 347 348 347 348 346 348 349 349 350 350 349 348 347 347 346 346 346 347 347 347 347 346 347 347 349 349 349 350 350 351 351 352 353 353
1.#QNAN 1.#QNAN 1.#QNAN 1.#QNAN 1.#QNAN 1.#QNAN 1.#QNAN 1.#QNAN 1.#QNAN 1.#QNAN 1.#QNAN 343 343 342 342 341 341 341 340 340 1.#QNAN 1.#QNAN 1.#QNAN 340 338 335 336 337 339 339 340 340 342 342 344 347 348 348 342 340 340 335 341 343 341 334 334 340 338 336 340 345 348 348 347 348 348 349 349 349 349 348 348 347 346 346 346 346 346 346 346 340 339 342 346 349 350 350 351 351 352 352 353 353
1.#QNAN 1.#QNAN 1.#QNAN 1.#QNAN 1.#QNAN 1.#QNAN 1.#QNAN 1.#QNAN 1.#QNAN 1.#QNAN 1.#QNAN 1.#QNAN 1.#QNAN 341 340 339 339 339 338 338 1.#QNAN 1.#QNAN 338 338 338 338 337 340 339 340 340 341 344 344 346 348 347 345 344 343 338 329 334 332 333 330 323 332 336 335 341 344 346 347 346 347 347 347 349 349 348 348 348 347 346 346 346 346 346 346 346 344 341 340 340 347 350 350 351 352 352 353 353 353
1.#QNAN 1.#QNAN 1.#QNAN 1.#QNAN 1.#QNAN 1.#QNAN 1.#QNAN 1.#QNAN 1.#QNAN 1.#QNAN 1.#QNAN 1.#QNAN 1.#QNAN 1.#QNAN 338 337 337 337 336 336 336 1.#QNAN 336 337 337 337 337 339 339 340 342 343 345 345 346 347 348 346 344 344 341 335 333 329 327 328 325 322 330 329 337 339 342 342 343 341 343 346 347 348 347 348 348 347 347 346 346 346 346 346 346 347 347 344 343 348 350 351 352 352 353 353 353 352
1.#QNAN 1.#QNAN 1.#QNAN 1.#QNAN 1.#QNAN 1.#QNAN 1.#QNAN 1.#QNAN 1.#QNAN 1.#QNAN 1.#QNAN 1.#QNAN 1.#QNAN 1.#QNAN 1.#QNAN 1.#QNAN 335 335 335 335 1.#QNAN 335 335 336 335 334 337 339 340 341 342 343 345 346 346 347 348 348 345 344 343 341 337 335 327 331 327 324 325 324 331 332 335 336 338 338 338 342 343 345 347 347 346 347 347 347 346 346 346 346 347 347 348 348 348 350 351 351 352 353 354 353 353 352
1.#QNAN 1.#QNAN 1.#QNAN 1.#QNAN 1.#QNAN 1.#QNAN 1.#QNAN 1.#QNAN 1.#QNAN 1.#QNAN 1.#QNAN 1.#QNAN 1.#QNAN 1.#QNAN 1.#QNAN 1.#QNAN 1.#QNAN 1.#QNAN 335 334 334 334 335 335 335 335 337 338 339 340 342 343 344 345 346 346 347 347 345 343 344 343 341 333 330 332 327 329 324 324 324 332 332 333 339 336 341 343 342 345 348 348 348 348 347 347 347 347 347 348 348 349 350 350 351 352 352 353 353 354 354 354 353 353
1.#QNAN 1.#QNAN 1.#QNAN 1.#QNAN 1.#QNAN 1.#QNAN 1.#QNAN 1.#QNAN 1.#QNAN 1.#QNAN 1.#QNAN 1.#QNAN 1.#QNAN 1.#QNAN 1.#QNAN 1.#QNAN 1.#QNAN 1.#QNAN 1.#QNAN 334 334 1.#QNAN 1.#QNAN 335 335 335 336 337 338 339 341 342 343 344 345 346 346 346 346 344 343 339 337 334 334 329 328 330 325 328 332 337 339 340 341 338 343 344 343 346 349 349 348 348 347 347 347 346 347 349 350 351 352 353 353 354 354 354 354 354 354 354 354 354
1.#QNAN 1.#QNAN 1.#QNAN 1.#QNAN 1.#QNAN 1.#QNAN 1.#QNAN 1.#QNAN 1.#QNAN 1.#QNAN 1.#QNAN 1.#QNAN 1.#QNAN 1.#QNAN 1.#QNAN 1.#QNAN 1.#QNAN 1.#QNAN 1.#QNAN 1.#QNAN 1.#QNAN 334 334 1.#QNAN 334 334 335 335 337 339 340 341 342 343 344 344 345 344 343 342 338 332 332 338 338 333 333 335 326 330 333 337 341 343 344 342 345 345 344 345 348 349 349 348 348 349 349 349 350 351 352 353 354 354 355 356 356 355 355 355 354 353 353 353
1.#QNAN 1.#QNAN 1.#QNAN 1.#QNAN 1.#QNAN 1.#QNAN 1.#QNAN 1.#QNAN 1.#QNAN 1.#QNAN 1.#QNAN 1.#QNAN 1.#QNAN 1.#QNAN 1.#QNAN 1.#QNAN 1.#QNAN 1.#QNAN 1.#QNAN 1.#QNAN 1.#QNAN 1.#QNAN 334 334 1.#QNAN 334 334 335 336 337 339 340 340 340 342 343 341 338 338 338 333 331 335 340 340 335 337 337 331 334 334 335 339 343 342 345 346 345 346 347 349 349 349 348 349 349 350 351 352 352 353 354 355 356 357 357 357 356 355 355 354 353 353 353
1.#QNAN 1.#QNAN 1.#QNAN 1.#QNAN 1.#QNAN 1.#QNAN 1.#QNAN 1.#QNAN 1.#QNAN 1.#QNAN 1.#QNAN 1.#QNAN 1.#QNAN 1.#QNAN 1.#QNAN 1.#QNAN 1.#QNAN 1.#QNAN 1.#QNAN 1.#QNAN 1.#QNAN 1.#QNAN 1.#QNAN 333 333 1.#QNAN 333 333 1.#QNAN 336 337 338 339 337 339 341 341 336 330 332 332 336 338 340 340 340 340 341 339 338 333 340 338 339 342 346 346 344 345 348 350 350 349 349 349 350 351 352 353 353 354 355 357 358 359 358 357 356 355 354 353 352 353 352
1.#QNAN 1.#QNAN 1.#QNAN 1.#QNAN 1.#QNAN 1.#QNAN 1.#QNAN 1.#QNAN 1.#QNAN 1.#QNAN 1.#QNAN 1.#QNAN 1.#QNAN 1.#QNAN 1.#QNAN 1.#QNAN 1.#QNAN 1.#QNAN 1.#QNAN 1.#QNAN 1.#QNAN 1.#QNAN 1.#QNAN 1.#QNAN 332 1.#QNAN 1.#QNAN 334 335 336 337 338 339 340 341 341 337 338 333 330 336 337 340 341 342 340 342 343 342 339 335 342 340 340 344 346 347 345 347 348 350 349 350 349 349 350 351 352 353 354 354 355 356 356 357 356 354 353 351 350 349 348 350 348
1.#QNAN 1.#QNAN 1.#QNAN 1.#QNAN 1.#QNAN 1.#QNAN 1.#QNAN 1.#QNAN 1.#QNAN 1.#QNAN 1.#QNAN 1.#QNAN 1.#QNAN 1.#QNAN 1.#QNAN 1.#QNAN 1.#QNAN 1.#QNAN 1.#QNAN 1.#QNAN 1.#QNAN 1.#QNAN 1.#QNAN 1.#QNAN 1.#QNAN 1.#QNAN 332 1.#QNAN 334 335 336 338 339 340 341 342 338 340 334 338 341 339 342 344 344 343 341 344 343 343 337 343 343 341 342 344 347 348 349 348 348 348 350 349 350 351 352 352 353 354 354 354 355 355 354 353 351 350 347 345 344 342 342 341
1.#QNAN 1.#QNAN 1.#QNAN 1.#QNAN 1.#QNAN 1.#QNAN 1.#QNAN 1.#QNAN 1.#QNAN 1.#QNAN 1.#QNAN 1.#QNAN 1.#QNAN 1.#QNAN 1.#QNAN 1.#QNAN 1.#QNAN 1.#QNAN 1.#QNAN 1.#QNAN 1.#QNAN 1.#QNAN 1.#QNAN 1.#QNAN 1.#QNAN 1.#QNAN 1.#QNAN 333 334 335 336 337 339 340 341 342 342 343 340 338 343 343 342 344 346 345 344 346 345 343 341 343 344 344 344 343 346 347 348 348 348 349 349 350 350 351 352 353 353 354 353 353 353 353 352 350 347 346 343 340 338 336 335 332
1.#QNAN 1.#QNAN 1.#QNAN 1.#QNAN 1.#QNAN 1.#QNAN 1.#QNAN 1.#QNAN 1.#QNAN 1.#QNAN 1.#QNAN 1.#QNAN 1.#QNAN 1.#QNAN 1.#QNAN 1.#QNAN 1.#QNAN 1.#QNAN 1.#QNAN 1.#QNAN 1.#QNAN 1.#QNAN 1.#QNAN 1.#QNAN 1.#QNAN 1.#QNAN 1.#QNAN 1.#QNAN 334 335 336 337 338 339 341 342 342 343 341 342 343 345 345 346 347 347 346 348 347 343 342 342 344 346 347 346 348 348 348 346 346 348 349 350 351 351 352 353 354 354 353 352 351 350 349 347 344 342 339 335 332 329 325 319
1.#QNAN 1.#QNAN 1.#QNAN 1.#QNAN 1.#QNAN 1.#QNAN 1.#QNAN 1.#QNAN 1.#QNAN 1.#QNAN 1.#QNAN 1.#QNAN 1.#QNAN 1.#QNAN 1.#QNAN 1.#QNAN 1.#QNAN 1.#QNAN 1.#QNAN 1.#QNAN 1.#QNAN 1.#QNAN 1.#QNAN 1.#QNAN 1.#QNAN 1.#QNAN 1.#QNAN 1.#QNAN 1.#QNAN 335 335 336 338 339 340 342 342 343 343 344 345 347 348 349 349 348 349 349 348 344 343 344 341 344 347 347 348 348 348 347 348 348 349 350 351 352 353 353 354 354 353 351 350 348 346 341 340 337 332 329 325 322 318 313
1.#QNAN 1.#QNAN 1.#QNAN 1.#QNAN 1.#QNAN 1.#QNAN 1.#QNAN 1.#QNAN 1.#QNAN 1.#QNAN 1.#QNAN 1.#QNAN 1.#QNAN 1.#QNAN 1.#QNAN 1.#QNAN 1.#QNAN 1.#QNAN 1.#QNAN 1.#QNAN 1.#QNAN 1.#QNAN 1.#QNAN 1.#QNAN 1.#QNAN 1.#QNAN 1.#QNAN 1.#QNAN 1.#QNAN 1.#QNAN 335 336 337 338 340 340 341 343 343 344 346 347 349 349 349 349 350 350 350 347 343 347 346 347 348 348 348 348 348 349 349 349 349 350 351 352 352 353 354 354 352 350 348 345 343 337 336 332 327 321 317 313 309 308
1.#QNAN 1.#QNAN 1.#QNAN 1.#QNAN 1.#QNAN 1.#QNAN 1.#QNAN 1.#QNAN 1.#QNAN 1.#QNAN 1.#QNAN 1.#QNAN 1.#QNAN 1.#QNAN 1.#QNAN 1.#QNAN 1.#QNAN 1.#QNAN 1.#QNAN 1.#QNAN 1.#QNAN 1.#QNAN 1.#QNAN 1.#QNAN 1.#QNAN 1.#QNAN 1.#QNAN 1.#QNAN 1.#QNAN 1.#QNAN 1.#QNAN 335 336 337 339 339 340 341 341 344 346 347 348 349 348 349 349 349 349 349 348 348 348 348 348 348 348 348 348 348 349 349 349 350 350 351 351 352 352 352 350 348 346 343 339 334 328 324 317 313 307 298 293 293
1.#QNAN 1.#QNAN 1.#QNAN 1.#QNAN 1.#QNAN 1.#QNAN 1.#QNAN 1.#QNAN 1.#QNAN 1.#QNAN 1.#QNAN 1.#QNAN 1.#QNAN 1.#QNAN 1.#QNAN 1.#QNAN 1.#QNAN 1.#QNAN 1.#QNAN 1.#QNAN 1.#QNAN 1.#QNAN 1.#QNAN 1.#QNAN 1.#QNAN 1.#QNAN 1.#QNAN 1.#QNAN 1.#QNAN 1.#QNAN 1.#QNAN 1.#QNAN 335 337 338 338 340 340 341 343 345 347 348 348 348 348 348 348 349 349 349 348 348 348 348 347 347 347 347 348 348 349 349 350 350 350 350 351 351 351 349 346 344 340 336 330 321 312 309 304 295 278 267 273
1.#QNAN 1.#QNAN 1.#QNAN 1.#QNAN 1.#QNAN 1.#QNAN 1.#QNAN 1.#QNAN 1.#QNAN 1.#QNAN 1.#QNAN 1.#QNAN 1.#QNAN 1.#QNAN 1.#QNAN 1.#QNAN 1.#QNAN 1.#QNAN 1.#QNAN 1.#QNAN 1.#QNAN 1.#QNAN 1.#QNAN 1.#QNAN 1.#QNAN 1.#QNAN 1.#QNAN 1.#QNAN 1.#QNAN 1.#QNAN 1.#QNAN 1.#QNAN 1.#QNAN 336 336 337 339 339 341 342 344 346 347 347 347 346 346 348 348 348 348 348 348 348 348 347 347 347 347 347 348 348 349 349 350 350 350 350 351 350 347 345 342 338 332 323 307 290 296 298 285 260 244 259
1.#QNAN 1.#QNAN 1.#QNAN 1.#QNAN 1.#QNAN 1.#QNAN 1.#QNAN 1.#QNAN 1.#QNAN 1.#QNAN 1.#QNAN 1.#QNAN 1.#QNAN 1.#QNAN 1.#QNAN 1.#QNAN 1.#QNAN 1.#QNAN 1.#QNAN 1.#QNAN 1.#QNAN 1.#QNAN 1.#QNAN 1.#QNAN 1.#QNAN 1.#QNAN 1.#QNAN 1.#QNAN 1.#QNAN 1.#QNAN 1.#QNAN 1.#QNAN 1.#QNAN 1.#QNAN 1.#QNAN 337 337 338 340 342 343 345 347 347 345 345 347 348 347 347 347 348 348 347 347 345 346 346 346 347 347 348 348 349 349 350 350 350 350 349 346 343 340 336 330 323 311 296 301 298 287 270 260 267
1.#QNAN 1.#QNAN 1.#QNAN 1.#QNAN 1.#QNAN 1.#QNAN 1.#QNAN 1.#QNAN 1.#QNAN 1.#QNAN 1.#QNAN 1.#QNAN 1.#QNAN 1.#QNAN 1.#QNAN 1.#QNAN 1.#QNAN 1.#QNAN 1.#QNAN 1.#QNAN 1.#QNAN 1.#QNAN 1.#QNAN 1.#QNAN 1.#QNAN 1.#QNAN 1.#QNAN 1.#QNAN 1.#QNAN 1.#QNAN 1.#QNAN 1.#QNAN 1.#QNAN 1.#QNAN 1.#QNAN 1.#QNAN 335 337 339 341 342 345 346 346 345 345 347 347 347 347 347 348 348 348 347 346 346 346 345 346 347 347 348 348 349 349 349 349 349 349 346 343 339 335 331 326 318 311 309 305 300 292 285 285
1.#QNAN 1.#QNAN 1.#QNAN 1.#QNAN 1.#QNAN 1.#QNAN 1.#QNAN 1.#QNAN 1.#QNAN 1.#QNAN 1.#QNAN 1.#QNAN 1.#QNAN 1.#QNAN 1.#QNAN 1.#QNAN 1.#QNAN 1.#QNAN 1.#QNAN 1.#QNAN 1.#QNAN 1.#QNAN 1.#QNAN 1.#QNAN 1.#QNAN 1.#QNAN 1.#QNAN 1.#QNAN 1.#QNAN 1.#QNAN 1.#QNAN 1.#QNAN 1.#QNAN 1.#QNAN 1.#QNAN 1.#QNAN 336 337 338 339 342 343 345 345 344 344 345 345 345 345 346 346 347 348 347 347 346 345 345 346 346 347 347 348 348 348 349 349 349 348 346 343 341 338 334 331 326 322 317 314 311 307 304 301
1.#QNAN 1.#QNAN 1.#QNAN 1.#QNAN 1.#QNAN 1.#QNAN 1.#QNAN 1.#QNAN 1.#QNAN 1.#QNAN 1.#QNAN 1.#QNAN 1.#QNAN 1.#QNAN 1.#QNAN 1.#QNAN 1.#QNAN 1.#QNAN 1.#QNAN 1.#QNAN 1.#QNAN 1.#QNAN 1.#QNAN 1.#QNAN 1.#QNAN 1.#QNAN 1.#QNAN 1.#QNAN 1.#QNAN 1.#QNAN 1.#QNAN 1.#QNAN 1.#QNAN 1.#QNAN 1.#QNAN 1.#QNAN 1.#QNAN 336 337 338 340 342 343 343 342 343 342 342 343 343 345 345 347 347 347 346 346 345 345 345 346 346 347 347 348 348 348 349 349 349 347 345 343 341 338 335 332 328 325 322 319 316 314 311
1.#QNAN 1.#QNAN 1.#QNAN 1.#QNAN 1.#QNAN 1.#QNAN 1.#QNAN 1.#QNAN 1.#QNAN 1.#QNAN 1.#QNAN 1.#QNAN 1.#QNAN 1.#QNAN 1.#QNAN 1.#QNAN 1.#QNAN 1.#QNAN 1.#QNAN 1.#QNAN 1.#QNAN 1.#QNAN 1.#QNAN 1.#QNAN 1.#QNAN 1.#QNAN 1.#QNAN 1.#QNAN 1.#QNAN 1.#QNAN 1.#QNAN 1.#QNAN 1.#QNAN 1.#QNAN 1.#QNAN 1.#QNAN 1.#QNAN 336 337 337 339 340 341 341 341 341 340 340 341 342 343 345 346 347 347 346 345 345 344 345 346 346 347 347 348 348 348 349 349 349 348 346 345 343 341 339 336 333 330 328 326 323 321 318
1.#QNAN 1.#QNAN 1.#QNAN 1.#QNAN 1.#QNAN 1.#QNAN 1.#QNAN 1.#QNAN 1.#QNAN 1.#QNAN 1.#QNAN 1.#QNAN 1.#QNAN 1.#QNAN 1.#QNAN 1.#QNAN 1.#QNAN 1.#QNAN 1.#QNAN 1.#QNAN 1.#QNAN 1.#QNAN 1.#QNAN 1.#QNAN 1.#QNAN 1.#QNAN 1.#QNAN 1.#QNAN 1.#QNAN 1.#QNAN 1.#QNAN 1.#QNAN 1.#QNAN 1.#QNAN 1.#QNAN 1.#QNAN 1.#QNAN 1.#QNAN 336 337 338 339 340 339 339 339 338 337 338 340 342 344 346 347 346 346 345 344 344 345 345 346 346 347 347 348 348 349 349 349 348 347 346 345 344 342 340 337 335 333 331 328 326 323
1.#QNAN 1.#QNAN 1.#QNAN 1.#QNAN 1.#QNAN 1.#QNAN 1.#QNAN 1.#QNAN 1.#QNAN 1.#QNAN 1.#QNAN 1.#QNAN 1.#QNAN 1.#QNAN 1.#QNAN 1.#QNAN 1.#QNAN 1.#QNAN 1.#QNAN 1.#QNAN 1.#QNAN 1.#QNAN 1.#QNAN 1.#QNAN 1.#QNAN 1.#QNAN 1.#QNAN 1.#QNAN 1.#QNAN 1.#QNAN 1.#QNAN 1.#QNAN 1.#QNAN 1.#QNAN 1.#QNAN 1.#QNAN 1.#QNAN 1.#QNAN 1.#QNAN 336 336 337 338 337 337 336 336 335 336 338 340 343 345 346 346 345 345 344 343 344 345 345 346 347 347 348 348 349 350 350 349 349 348 347 346 345 343 341 339 338 336 333 331 329
1.#QNAN 1.#QNAN 1.#QNAN 1.#QNAN 1.#QNAN 1.#QNAN 1.#QNAN 1.#QNAN 1.#QNAN 1.#QNAN 1.#QNAN 1.#QNAN 1.#QNAN 1.#QNAN 1.#QNAN 1.#QNAN 1.#QNAN 1.#QNAN 1.#QNAN 1.#QNAN 1.#QNAN 1.#QNAN 1.#QNAN 1.#QNAN 1.#QNAN 1.#QNAN 1.#QNAN 1.#QNAN 1.#QNAN 1.#QNAN 1.#QNAN 1.#QNAN 1.#QNAN 1.#QNAN 1.#QNAN 1.#QNAN 1.#QNAN 1.#QNAN 1.#QNAN 335 335 335 336 336 335 335 334 334 335 337 339 342 344 345 345 345 344 344 343 344 345 345 346 347 347 348 348 349 349 350 349 349 348 348 347 346 345 343 342 341 339 337 336 334
1.#QNAN 1.#QNAN 1.#QNAN 1.#QNAN 1.#QNAN 1.#QNAN 1.#QNAN 1.#QNAN 1.#QNAN 1.#QNAN 1.#QNAN 1.#QNAN 1.#QNAN 1.#QNAN 1.#QNAN 1.#QNAN 1.#QNAN 1.#QNAN 1.#QNAN 1.#QNAN 1.#QNAN 1.#QNAN 1.#QNAN 1.#QNAN 1.#QNAN 1.#QNAN 1.#QNAN 1.#QNAN 1.#QNAN 1.#QNAN 1.#QNAN 1.#QNAN 1.#QNAN 1.#QNAN 1.#QNAN 1.#QNAN 1.#QNAN 1.#QNAN 1.#QNAN 1.#QNAN 335 335 1.#QNAN 335 334 334 334 333 334 337 339 341 343 345 345 344 344 343 343 344 345 345 346 347 347 348 348 349 349 349 349 349 348 348 348 347 345 344 344 343 342 340 339 337
1.#QNAN 1.#QNAN 1.#QNAN 1.#QNAN 1.#QNAN 1.#QNAN 1.#QNAN 1.#QNAN 1.#QNAN 1.#QNAN 1.#QNAN 1.#QNAN 1.#QNAN 1.#QNAN 1.#QNAN 1.#QNAN 1.#QNAN 1.#QNAN 1.#QNAN 1.#QNAN 1.#QNAN 1.#QNAN 1.#QNAN 1.#QNAN 1.#QNAN 1.#QNAN 1.#QNAN 1.#QNAN 1.#QNAN 1.#QNAN 1.#QNAN 1.#QNAN 1.#QNAN 1.#QNAN 1.#QNAN 1.#QNAN 1.#QNAN 1.#QNAN 1.#QNAN 1.#QNAN 1.#QNAN 334 1.#QNAN 1.#QNAN 333 333 333 332 334 336 338 340 342 344 344 344 343 343 343 344 345 345 346 347 348 348 348 348 349 349 349 349 348 348 348 347 346 346 346 346 345 343 342 341
1.#QNAN 1.#QNAN 1.#QNAN 1.#QNAN 1.#QNAN 1.#QNAN 1.#QNAN 1.#QNAN 1.#QNAN 1.#QNAN 1.#QNAN 1.#QNAN 1.#QNAN 1.#QNAN 1.#QNAN 1.#QNAN 1.#QNAN 1.#QNAN 1.#QNAN 1.#QNAN 1.#QNAN 1.#QNAN 1.#QNAN 1.#QNAN 1.#QNAN 1.#QNAN 1.#QNAN 1.#QNAN 1.#QNAN 1.#QNAN 1.#QNAN 1.#QNAN 1.#QNAN 1.#QNAN 1.#QNAN 1.#QNAN 1.#QNAN 1.#QNAN 1.#QNAN 1.#QNAN 1.#QNAN 1.#QNAN 332 332 332 332 332 332 333 335 337 339 342 343 343 343 343 343 343 344 345 345 346 347 348 348 348 348 348 349 349 348 348 348 348 348 347 348 348 348 347 346 345 344
1.#QNAN 1.#QNAN 1.#QNAN 1.#QNAN 1.#QNAN 1.#QNAN 1.#QNAN 1.#QNAN 1.#QNAN 1.#QNAN 1.#QNAN 1.#QNAN 1.#QNAN 1.#QNAN 1.#QNAN 1.#QNAN 1.#QNAN 1.#QNAN 1.#QNAN 1.#QNAN 1.#QNAN 1.#QNAN 1.#QNAN 1.#QNAN 1.#QNAN 1.#QNAN 1.#QNAN 1.#QNAN 1.#QNAN 1.#QNAN 1.#QNAN 1.#QNAN 1.#QNAN 1.#QNAN 1.#QNAN 1.#QNAN 1.#QNAN 1.#QNAN 1.#QNAN 1.#QNAN 1.#QNAN 332 1.#QNAN 1.#QNAN 331 331 331 331 332 334 337 339 341 343 343 343 343 342 342 343 344 345 346 347 348 348 348 348 348 348 348 348 348 348 348 349 349 349 350 350 350 349 348 347
1.#QNAN 1.#QNAN 1.#QNAN 1.#QNAN 1.#QNAN 1.#QNAN 1.#QNAN 1.#QNAN 1.#QNAN 1.#QNAN 1.#QNAN 1.#QNAN 1.#QNAN 1.#QNAN 1.#QNAN 1.#QNAN 1.#QNAN 1.#QNAN 1.#QNAN 1.#QNAN 1.#QNAN 1.#QNAN 1.#QNAN 1.#QNAN 1.#QNAN 1.#QNAN 1.#QNAN 1.#QNAN 1.#QNAN 1.#QNAN 1.#QNAN 1.#QNAN 1.#QNAN 1.#QNAN 1.#QNAN 1.#QNAN 1.#QNAN 1.#QNAN 1.#QNAN 1.#QNAN 1.#QNAN 1.#QNAN 1.#QNAN 1.#QNAN 1.#QNAN 1.#QNAN 331 331 332 334 336 338 340 342 342 342 342 342 342 343 344 346 347 348 348 348 348 348 348 348 348 348 348 348 348 349 350 350 351 351 351 350 349 349
1.#QNAN 1.#QNAN 1.#QNAN 1.#QNAN 1.#QNAN 1.#QNAN 1.#QNAN 1.#QNAN 1.#QNAN 1.#QNAN 1.#QNAN 1.#QNAN 1.#QNAN 1.#QNAN 1.#QNAN 1.#QNAN 1.#QNAN 1.#QNAN 1.#QNAN 1.#QNAN 1.#QNAN 1.#QNAN 1.#QNAN 1.#QNAN 1.#QNAN 1.#QNAN 1.#QNAN 1.#QNAN 1.#QNAN 1.#QNAN 1.#QNAN 1.#QNAN 1.#QNAN 1.#QNAN 1.#QNAN 1.#QNAN 1.#QNAN 1.#QNAN 1.#QNAN 1.#QNAN 1.#QNAN 1.#QNAN 1.#QNAN 1.#QNAN 1.#QNAN 1.#QNAN 1.#QNAN 331 332 334 335 337 339 340 341 341 342 342 343 344 345 346 347 348 348 348 348 348 348 348 348 348 348 348 348 348 349 349 350 350 350 350 349 349
1.#QNAN 1.#QNAN 1.#QNAN 1.#QNAN 1.#QNAN 1.#QNAN 1.#QNAN 1.#QNAN 1.#QNAN 1.#QNAN 1.#QNAN 1.#QNAN 1.#QNAN 1.#QNAN 1.#QNAN 1.#QNAN 1.#QNAN 1.#QNAN 1.#QNAN 1.#QNAN 1.#QNAN 1.#QNAN 1.#QNAN 1.#QNAN 1.#QNAN 1.#QNAN 1.#QNAN 1.#QNAN 1.#QNAN 1.#QNAN 1.#QNAN 1.#QNAN 1.#QNAN 1.#QNAN 1.#QNAN 1.#QNAN 1.#QNAN 1.#QNAN 1.#QNAN 1.#QNAN 1.#QNAN 1.#QNAN 1.#QNAN 1.#QNAN 1.#QNAN 1.#QNAN 1.#QNAN 1.#QNAN 1.#QNAN 333 335 336 337 339 340 340 341 342 343 344 345 346 346 347 348 348 348 348 348 348 348 347 347 347 347 347 348 348 349 349 350 350 349 349
1.#QNAN 1.#QNAN 1.#QNAN 1.#QNAN 1.#QNAN 1.#QNAN 1.#QNAN 1.#QNAN 1.#QNAN 1.#QNAN 1.#QNAN 1.#QNAN 1.#QNAN 1.#QNAN 1.#QNAN 1.#QNAN 1.#QNAN 1.#QNAN 1.#QNAN 1.#QNAN 1.#QNAN 1.#QNAN 1.#QNAN 1.#QNAN 1.#QNAN 1.#QNAN 1.#QNAN 1.#QNAN 1.#QNAN 1.#QNAN 1.#QNAN 1.#QNAN 1.#QNAN 1.#QNAN 1.#QNAN 1.#QNAN 1.#QNAN 1.#QNAN 1.#QNAN 1.#QNAN 1.#QNAN 1.#QNAN 1.#QNAN 1.#QNAN 1.#QNAN 1.#QNAN 1.#QNAN 1.#QNAN 1.#QNAN 1.#QNAN 334 335 336 338 339 340 341 342 343 344 345 346 347 347 347 347 347 347 347 347 347 347 346 346 346 346 347 348 348 349 349 349 349 349
1.#QNAN 1.#QNAN 1.#QNAN 1.#QNAN 1.#QNAN 1.#QNAN 1.#QNAN 1.#QNAN 1.#QNAN 1.#QNAN 1.#QNAN 1.#QNAN 1.#QNAN 1.#QNAN 1.#QNAN 1.#QNAN 1.#QNAN 1.#QNAN 1.#QNAN 1.#QNAN 1.#QNAN 1.#QNAN 1.#QNAN 1.#QNAN 1.#QNAN 1.#QNAN 1.#QNAN 1.#QNAN 1.#QNAN 1.#QNAN 1.#QNAN 1.#QNAN 1.#QNAN 1.#QNAN 1.#QNAN 1.#QNAN 1.#QNAN 1.#QNAN 1.#QNAN 1.#QNAN 1.#QNAN 1.#QNAN 1.#QNAN 1.#QNAN 1.#QNAN 1.#QNAN 1.#QNAN 1.#QNAN 1.#QNAN 1.#QNAN 1.#QNAN 1.#QNAN 335 336 338 339 341 342 343 344 345 346 347 347 347 347 347 347 347 347 346 346 346 345 345 345 346 347 347 348 348 348 349 349
