08 Ecocrop/raster/current/tmax_4.asc
ncols        683
nrows        518
xllcorner    -87.691666666667
yllcorner    10.708333333333
cellsize     0.008333333333
NODATA_value  1.#QNAN
[rows 148 to 184 of 518, columns 252 to 335 of 683]
279 275 267 265 268 273 281 286 295 300 305 306 307 309 313 311 316 318 318 319 318 317 316 317 311 310 312 310 306 308 304 307 307 307 305 304 300 297 296 296 302 305 305 302 299 296 292 291 285 281 280 285 291 296 301 301 301 301 304 305 305 302 299 292 282 262 276 286 286 291 297 301 308 310 310 307 309 314 316 316 316 316 316 317
263 267 276 271 269 275 278 281 292 301 306 308 309 313 313 312 316 317 318 318 319 319 319 318 315 314 313 311 308 307 301 305 306 307 307 303 302 298 296 298 300 303 304 301 299 297 293 287 278 287 283 290 293 298 301 302 302 304 303 302 299 298 297 285 274 260 263 271 279 279 284 291 301 307 309 311 313 315 315 316 317 316 317 317
262 269 279 279 273 273 274 276 285 298 307 308 312 314 313 317 317 318 318 318 318 319 319 318 316 315 313 313 311 308 304 305 307 307 307 304 304 301 299 299 299 302 303 301 298 296 292 285 281 281 293 291 296 300 300 300 301 301 300 298 290 292 293 288 272 248 240 254 263 262 270 284 295 304 309 312 314 315 314 314 316 317 316 317
267 269 281 285 276 272 275 278 287 297 308 310 313 310 311 316 317 318 318 318 319 318 319 318 317 316 314 314 312 312 306 305 306 309 307 307 304 302 302 302 300 301 301 300 298 295 289 291 287 284 293 298 295 298 300 301 301 298 296 293 287 284 284 283 274 258 253 257 265 270 275 283 292 298 305 312 313 314 315 315 316 317 317 317
277 270 275 286 282 282 280 283 289 300 308 310 313 305 311 314 317 318 318 318 319 319 318 318 317 316 315 313 312 311 308 306 307 307 306 305 302 304 304 303 301 299 298 297 296 293 291 293 295 287 287 298 298 299 300 302 300 297 292 287 279 271 264 264 271 270 266 266 260 259 262 271 280 291 301 310 313 314 315 316 317 317 317 318
277 276 275 282 291 286 280 288 296 299 306 310 312 305 309 315 316 317 318 318 319 318 318 317 317 316 315 314 311 311 310 309 307 305 305 305 305 303 302 303 301 300 297 292 291 295 298 294 298 296 292 295 301 297 303 302 299 295 289 280 271 260 248 251 258 268 275 276 272 261 259 259 269 288 299 305 312 314 315 316 317 317 317 318
282 279 279 280 290 293 287 282 295 299 305 310 310 305 308 313 315 317 318 318 318 318 317 317 316 315 315 314 312 311 310 306 307 304 304 303 304 304 300 300 302 300 296 291 289 295 297 300 302 301 301 296 303 305 304 301 296 292 283 272 258 249 237 241 252 260 273 281 279 272 271 265 271 283 293 301 309 313 315 316 317 317 317 318
288 283 282 283 289 297 288 285 291 296 305 309 304 301 310 315 316 317 318 318 317 317 317 316 316 315 314 313 311 310 308 306 306 305 304 301 299 298 298 301 301 300 296 291 290 295 299 301 305 300 300 304 303 306 304 299 293 288 278 268 261 253 244 246 253 262 270 280 286 281 279 271 273 282 291 299 307 312 315 315 316 317 317 317
288 281 280 279 286 297 292 289 289 297 306 306 300 305 311 314 316 316 318 318 317 316 316 316 315 314 313 312 308 309 308 306 306 305 303 299 292 292 299 303 300 294 295 288 283 289 295 299 304 305 304 305 306 307 305 297 289 281 273 260 250 245 245 250 254 262 273 281 287 288 282 274 280 284 289 298 309 313 315 315 316 317 317 317
292 287 281 279 288 293 298 292 289 298 304 307 303 307 310 315 316 313 317 317 316 315 314 313 309 304 303 307 307 307 307 305 305 304 301 294 287 292 298 304 297 294 290 288 283 288 292 299 301 302 307 307 308 307 302 294 289 283 271 255 244 241 241 245 248 253 266 279 287 290 283 284 284 291 299 304 309 313 315 315 316 317 317 317
292 292 286 287 293 295 296 291 291 294 304 305 306 308 311 315 316 317 317 317 315 314 313 310 304 293 296 302 307 305 306 305 302 298 294 291 291 296 302 302 299 292 286 285 292 289 290 302 306 306 306 309 309 307 303 294 288 282 274 265 255 252 247 252 260 263 271 283 289 290 286 291 294 293 295 302 310 313 315 316 317 317 317 317
284 291 288 288 295 299 299 297 295 295 305 307 306 309 311 315 316 316 315 316 313 312 310 311 304 296 294 300 305 303 304 305 298 296 296 295 297 301 304 300 303 297 288 288 290 299 296 302 306 308 308 309 309 307 303 294 286 281 269 259 257 259 260 261 261 271 278 287 292 289 289 293 296 301 304 305 312 314 315 316 317 317 317 318
277 284 290 288 289 298 302 299 298 303 309 310 309 309 314 315 316 316 316 315 312 308 308 308 304 299 297 299 302 299 301 307 301 297 304 301 304 305 305 306 304 298 292 295 286 299 302 303 305 309 309 310 308 305 305 295 288 280 266 254 251 258 263 267 271 271 278 288 295 292 292 293 293 301 307 310 313 313 314 316 317 317 317 317
279 277 291 297 290 300 305 296 302 307 310 311 307 310 314 315 316 316 314 309 310 307 298 299 301 298 298 301 300 300 304 307 305 303 305 304 307 307 309 307 303 294 291 301 293 298 303 305 306 310 311 311 308 305 302 297 287 279 268 261 254 251 253 261 275 281 286 292 293 293 288 288 291 300 307 310 312 311 313 316 316 317 317 317
281 280 286 299 300 304 304 297 304 309 311 311 307 310 314 316 316 314 310 307 307 304 290 288 292 293 300 303 299 303 307 308 309 307 308 308 309 309 308 306 298 290 291 298 303 305 304 308 307 310 311 309 308 305 303 299 289 282 270 261 254 256 263 265 272 282 292 297 293 298 289 285 292 300 306 311 311 312 311 315 316 317 317 317
284 284 287 295 303 307 304 298 307 310 308 311 313 314 315 315 314 313 311 308 306 301 288 283 287 295 299 304 304 306 309 308 310 310 310 310 311 310 306 305 301 292 286 289 299 306 307 308 310 311 311 307 307 305 304 297 288 286 279 271 266 263 268 277 280 288 295 300 301 302 296 295 301 306 309 312 313 313 313 315 316 316 317 317
290 290 293 297 293 303 308 303 305 310 306 309 313 313 312 315 314 313 310 305 302 292 282 276 285 295 298 302 306 309 310 310 311 312 312 312 312 311 306 301 303 298 294 294 304 305 306 308 310 312 310 308 304 304 305 298 286 289 289 284 279 280 281 283 291 295 296 296 301 305 304 304 304 307 310 311 311 314 313 315 316 316 317 317
292 296 300 301 296 303 307 309 307 309 309 310 314 314 311 314 314 309 305 307 291 284 284 285 284 294 301 302 305 308 309 311 312 312 312 312 312 309 308 308 308 306 304 302 303 307 308 310 312 311 308 309 305 307 303 296 289 287 291 293 293 294 296 298 298 300 301 299 302 307 305 305 307 310 312 311 310 312 315 315 315 316 316 317
296 299 302 302 294 296 304 307 310 311 312 314 312 309 309 313 313 311 310 305 294 289 284 290 290 290 298 301 304 307 309 311 313 313 314 313 311 307 304 309 309 309 308 302 300 302 304 310 313 310 308 309 306 308 305 298 290 287 286 292 299 302 303 303 304 305 303 306 307 306 305 308 311 312 312 312 311 311 313 315 316 316 316 317
299 297 300 301 301 306 308 305 307 304 309 315 311 309 311 312 313 312 311 308 302 294 291 292 296 294 293 299 300 302 308 312 313 314 314 313 309 302 302 306 310 310 307 303 296 296 306 312 314 311 310 308 307 306 300 297 295 295 293 292 299 303 306 305 306 306 304 305 308 308 310 311 313 313 311 312 313 313 315 315 316 316 316 316
299 302 302 304 305 300 304 307 305 303 311 314 313 312 312 311 311 310 309 310 307 300 297 301 299 293 290 295 291 297 308 312 314 314 314 313 311 311 311 311 311 309 307 306 297 302 309 313 314 312 311 306 302 299 300 292 297 301 298 299 303 305 306 307 307 306 305 306 309 310 312 313 313 312 312 313 313 313 315 315 316 316 316 316
302 301 304 304 297 294 300 307 307 308 311 312 312 311 309 309 307 307 306 308 308 306 304 304 299 298 293 295 291 298 308 313 314 315 314 314 313 313 314 312 311 305 307 307 304 307 310 313 314 313 311 309 300 292 291 289 293 301 303 303 305 304 303 303 307 305 308 309 310 311 312 313 313 313 313 312 311 313 314 314 316 316 316 314
303 301 301 295 298 300 302 304 307 310 312 310 311 308 305 309 305 305 308 308 304 307 306 304 300 301 297 298 300 305 310 313 314 315 315 314 315 315 314 312 308 307 308 304 305 309 312 314 315 314 311 308 305 299 293 289 287 295 300 301 304 302 296 302 307 309 309 309 307 310 312 313 313 313 313 311 313 314 313 314 316 316 316 316
289 291 294 296 298 299 302 306 309 309 312 309 308 305 302 303 303 303 305 307 306 307 299 303 300 303 303 305 308 310 311 309 312 315 315 315 316 315 313 310 304 307 306 297 302 308 313 315 315 312 312 306 302 300 298 295 296 298 301 302 298 297 294 303 305 308 310 309 306 308 312 313 313 313 313 314 314 314 315 316 316 316 316 315
287 289 292 295 298 302 305 308 309 311 311 311 309 304 302 299 301 302 305 309 307 306 297 303 305 302 304 306 308 305 304 295 305 313 315 316 316 314 310 310 305 310 303 292 299 306 313 315 314 312 312 311 306 302 303 303 300 300 297 295 288 289 295 304 302 302 306 309 308 308 310 313 313 314 314 315 315 315 315 316 316 316 316 314
286 290 291 292 293 296 304 308 310 311 309 310 307 301 297 299 304 304 302 308 305 306 303 306 308 306 305 306 307 301 293 294 308 312 315 316 316 315 313 313 311 310 303 295 303 310 314 314 309 309 310 308 302 306 302 299 301 301 298 288 279 284 296 303 300 302 306 309 310 310 311 313 313 313 314 315 315 315 315 316 316 316 316 315
277 283 284 282 286 292 300 305 310 310 307 307 305 304 297 301 305 307 307 304 299 303 302 304 308 309 308 307 302 299 299 303 308 313 315 315 316 315 315 314 313 311 304 303 308 313 315 312 304 306 308 307 300 296 295 289 290 289 293 296 287 288 290 299 291 299 303 309 311 312 311 312 312 313 313 314 315 315 315 315 315 315 316 316
280 279 278 284 287 293 299 306 309 308 305 305 305 301 295 299 306 307 307 300 293 296 295 301 300 305 310 304 297 304 308 309 311 314 314 314 314 314 315 315 313 310 307 310 313 315 313 307 299 303 306 302 297 288 286 281 279 282 288 292 299 298 296 292 285 299 304 309 310 311 312 313 313 313 313 314 314 315 315 315 316 315 315 315
282 281 281 285 291 295 303 308 307 304 298 299 300 300 292 296 306 308 305 299 293 295 294 294 299 304 309 308 301 301 308 311 312 311 311 313 313 311 312 313 315 313 313 314 315 312 305 299 302 305 294 287 282 283 276 273 280 287 291 289 294 300 302 296 291 294 302 307 308 311 311 312 312 314 314 314 315 314 315 315 315 315 315 315
281 282 282 286 292 301 307 304 305 305 303 303 299 298 297 300 306 306 303 302 294 290 290 299 300 303 306 311 311 305 309 311 311 303 302 310 306 301 305 308 312 315 315 315 315 310 299 299 296 292 286 275 268 274 272 267 272 282 289 296 295 299 301 303 302 301 303 305 308 310 309 309 312 312 313 314 315 315 314 314 315 315 315 315
285 285 285 289 293 305 307 301 304 303 304 303 299 300 302 303 303 306 305 303 299 294 298 300 306 308 310 311 312 312 312 312 310 304 297 302 304 298 299 306 310 315 316 316 310 305 306 300 291 288 281 270 267 267 265 265 272 283 289 294 293 295 298 300 297 304 306 307 309 308 306 308 312 312 312 313 314 315 314 314 314 315 315 315
290 288 292 292 299 308 305 301 302 299 296 298 293 302 300 295 301 302 301 299 297 290 292 296 304 308 308 309 312 313 313 309 305 304 304 302 303 302 302 309 311 315 316 314 305 307 309 296 289 283 275 270 269 271 271 275 277 282 286 286 289 292 295 300 296 302 306 308 308 307 307 310 311 312 313 314 312 314 314 314 314 315 315 315
293 293 297 298 307 306 304 304 300 291 291 295 297 299 297 294 298 300 298 297 292 288 293 296 302 307 309 311 312 313 314 312 311 311 309 309 305 303 307 308 313 315 315 314 311 309 305 294 291 283 277 275 277 279 280 285 287 287 290 288 289 292 296 302 303 304 308 309 310 309 309 310 310 312 313 314 314 314 314 314 315 313 314 315
298 299 302 306 308 301 300 301 294 292 285 291 293 293 292 294 289 297 291 297 289 290 294 299 305 307 309 311 312 313 314 314 315 314 312 312 305 306 311 312 314 316 314 314 312 303 297 299 292 280 273 280 286 283 278 283 293 296 291 292 296 296 296 300 306 308 309 310 311 311 311 309 309 311 312 313 313 313 313 313 314 313 313 315
302 302 308 308 308 303 301 298 292 290 285 279 287 285 287 289 287 291 284 292 290 293 296 301 301 306 309 311 312 313 314 315 315 315 314 311 302 308 314 314 314 315 315 314 310 301 291 291 288 280 274 280 291 290 286 281 288 297 298 293 296 303 300 301 305 309 310 311 311 312 312 311 309 309 311 313 312 311 311 311 312 312 314 315
304 304 308 308 302 306 304 299 296 292 283 277 278 281 278 282 281 281 277 285 289 291 293 291 296 304 309 311 312 313 313 314 315 315 315 315 309 307 314 314 315 315 315 314 309 302 297 299 294 289 282 285 290 295 292 284 286 291 299 297 299 301 305 305 308 309 310 311 312 312 313 312 311 309 312 312 308 303 308 312 313 312 313 315
305 308 307 300 296 304 302 300 297 293 284 279 281 286 281 277 274 274 278 281 281 280 282 275 282 295 307 311 312 313 313 314 314 314 311 314 314 313 315 315 315 315 315 313 308 303 303 300 289 281 277 286 293 297 293 291 290 293 299 300 302 304 306 307 309 310 310 311 311 312 313 312 312 312 312 308 305 306 311 312 313 313 314 315
