08 Ecocrop/raster/current/tmax_2.asc
ncols        683
nrows        518
xllcorner    -87.691666666667
yllcorner    10.708333333333
cellsize     0.008333333333
NODATA_value  1.#QNAN
[rows 333 to 369 of 518, columns 252 to 335 of 683]
297 298 298 296 293 294 296 297 296 294 295 299 300 298 294 293 289 286 288 294 288 286 295 294 293 293 290 289 289 286 282 281 273 264 263 264 266 269 270 271 270 270 268 267 267 267 266 263 264 261 260 261 266 264 264 262 263 260 260 262 265 269 270 268 269 270 270 272 276 277 276 278 275 276 276 275 274 276 278 276 277 277 277 276
290 291 292 291 292 293 295 297 298 297 298 301 302 299 298 294 293 290 293 298 295 291 294 297 294 292 290 291 290 289 286 273 265 267 272 270 269 269 270 269 269 270 268 268 268 267 265 264 267 265 264 266 267 267 266 264 262 261 264 264 265 268 271 272 271 271 270 269 276 278 278 278 277 278 277 276 275 277 278 277 277 278 277 276
285 285 286 288 288 289 294 297 298 299 298 298 302 301 301 299 295 294 295 297 300 298 294 295 297 292 289 293 289 286 279 272 274 277 278 275 271 271 271 270 270 270 267 267 267 268 266 267 268 269 268 268 269 268 266 264 262 265 267 267 268 269 273 273 272 271 271 271 276 278 278 279 279 278 276 275 275 275 276 277 278 278 277 277
287 284 282 286 287 294 296 297 296 298 301 301 301 299 298 299 294 298 301 302 302 302 300 300 298 295 293 295 286 285 282 286 283 282 284 279 277 272 271 272 271 269 267 264 266 268 269 268 269 269 270 270 271 269 267 267 266 268 270 270 269 271 274 273 272 271 273 273 277 278 278 278 279 278 277 276 276 277 277 277 278 278 278 277
294 291 290 293 295 299 300 300 298 299 301 303 302 298 298 300 298 297 301 304 303 303 302 301 298 300 299 292 287 290 287 290 285 286 284 281 279 276 272 273 270 268 266 266 266 266 267 267 269 269 270 270 271 269 269 269 267 267 269 272 273 272 274 274 272 273 275 276 278 278 278 278 278 278 277 276 276 275 275 275 277 277 278 279
299 297 297 297 299 300 302 302 300 299 302 304 303 301 299 297 298 298 300 301 305 305 303 300 300 301 300 292 294 295 293 292 290 286 282 279 278 277 275 274 272 269 265 263 262 264 268 269 270 269 269 271 272 273 272 270 271 269 267 270 271 274 275 275 275 274 276 276 277 276 276 277 277 277 276 275 275 275 274 275 277 277 279 279
298 295 301 301 302 302 302 303 302 301 302 304 304 301 299 298 301 296 299 300 304 305 303 303 300 302 300 298 298 293 293 290 288 286 282 278 276 276 274 273 271 268 266 266 265 269 269 271 271 270 271 272 273 273 272 272 271 271 271 270 269 274 275 275 275 274 275 276 277 275 276 277 276 276 275 274 274 273 273 274 276 276 278 278
301 301 302 302 303 303 303 303 303 302 304 304 304 302 301 302 303 298 300 303 304 305 305 304 302 302 302 299 293 291 289 288 285 285 286 277 273 272 273 272 272 271 270 269 271 272 272 273 274 273 271 272 274 274 273 273 272 274 274 273 274 275 275 274 274 272 274 274 275 275 276 276 275 275 273 273 273 272 273 274 275 276 277 276
301 301 302 302 303 303 303 304 304 304 302 302 301 301 300 304 304 302 303 305 305 306 304 303 304 303 300 300 298 295 295 293 290 290 288 282 274 269 265 270 271 268 268 270 272 273 273 274 275 275 275 275 275 276 274 275 274 275 276 276 276 276 276 275 275 275 275 274 273 274 274 273 273 273 272 272 272 273 273 274 275 275 276 275
296 299 301 302 302 302 303 304 303 304 305 305 303 301 298 302 305 305 305 306 306 307 306 305 303 303 303 302 300 297 297 295 296 295 291 283 270 265 260 262 267 268 268 267 271 271 271 273 274 275 273 276 278 276 276 276 275 275 277 277 277 276 277 276 276 276 274 274 273 271 269 267 269 270 268 269 271 272 273 274 274 273 274 274
287 293 299 301 302 302 301 301 304 304 305 304 303 301 301 301 303 306 306 306 307 308 307 305 305 306 306 304 303 302 298 299 300 298 293 284 274 270 264 263 263 267 265 266 268 267 267 273 275 277 270 273 274 278 278 278 276 275 275 276 277 277 276 277 277 276 275 275 273 270 266 263 264 265 263 264 268 270 272 272 272 272 273 273
285 290 295 298 301 301 302 301 304 304 305 304 303 301 302 302 304 305 307 307 308 308 308 307 307 307 307 306 305 302 302 303 302 299 295 284 275 278 272 266 256 258 262 265 266 268 269 272 276 278 274 273 273 277 279 279 278 276 275 275 276 277 276 277 277 276 275 274 271 270 266 267 264 262 262 262 262 266 270 271 271 274 275 276
287 285 292 297 300 300 301 302 303 304 305 305 305 305 303 302 304 306 306 306 308 308 308 308 308 308 307 307 307 305 305 304 303 300 297 285 278 282 278 266 263 261 266 269 271 274 274 275 278 278 279 278 278 277 278 280 279 277 276 275 276 277 277 277 278 277 275 274 272 272 268 270 264 263 265 266 263 265 270 271 272 274 276 278
288 285 288 295 297 299 301 302 302 304 304 305 305 305 304 305 305 306 305 305 307 307 308 308 308 308 308 308 307 307 306 305 303 301 299 292 290 287 279 278 270 268 271 273 275 276 277 278 280 280 280 281 280 279 279 280 280 278 276 275 274 274 274 276 278 278 276 275 275 274 270 271 267 265 266 268 263 263 268 272 273 273 277 279
291 287 287 289 291 294 295 298 300 302 302 302 304 305 305 306 306 306 303 302 303 305 307 307 308 308 308 308 308 307 306 305 304 302 299 294 282 284 285 282 275 273 272 275 277 277 278 279 281 281 282 282 282 281 280 281 281 279 278 277 276 275 278 278 279 278 277 276 276 275 273 273 270 270 271 269 267 264 268 273 275 278 279 279
295 291 290 287 286 289 289 289 293 298 294 296 302 304 304 305 306 305 303 299 299 300 304 307 307 308 308 308 307 307 306 305 303 302 300 294 286 277 276 274 271 267 268 272 277 279 280 280 282 282 282 282 282 282 281 281 281 280 278 277 277 276 275 275 279 279 277 277 278 276 275 275 271 273 272 266 265 264 269 275 276 275 277 280
303 299 298 292 292 297 295 286 282 291 290 294 302 303 304 305 305 305 305 302 302 300 303 307 306 305 306 307 308 307 306 304 303 303 297 294 291 285 280 270 264 267 272 276 277 279 281 281 283 283 282 281 281 282 282 281 281 281 280 279 277 278 278 278 279 280 279 279 279 278 278 276 272 275 274 269 269 267 270 272 273 274 278 280
307 305 302 296 298 302 295 289 287 293 297 297 299 301 302 304 305 305 306 306 306 305 305 307 305 306 306 306 307 306 302 302 304 302 300 296 292 288 282 274 266 273 278 280 281 282 282 284 283 283 283 282 282 283 283 282 282 281 281 280 280 280 281 281 281 280 279 280 280 279 279 277 275 276 276 274 273 267 270 273 274 276 280 278
308 307 303 298 298 303 299 292 287 291 297 296 295 298 300 302 304 305 306 306 307 307 307 307 306 306 306 307 307 306 304 304 303 301 298 294 294 287 281 272 268 276 282 283 283 283 283 285 284 283 283 283 282 283 282 282 282 280 279 281 281 281 281 281 281 281 280 281 280 280 280 279 276 278 277 274 271 268 268 271 274 277 280 278
306 308 305 300 301 304 300 295 290 289 293 290 290 293 294 300 303 303 304 305 305 305 307 308 306 306 306 308 307 306 306 304 303 303 299 293 289 288 282 277 275 280 283 285 284 284 285 283 284 283 281 282 283 283 282 279 281 281 280 279 279 281 281 281 281 281 281 282 281 281 281 281 278 280 278 276 273 272 273 273 277 280 279 278
307 308 307 305 301 305 302 300 300 298 296 289 284 288 292 299 302 303 303 305 304 306 307 308 308 307 307 308 307 307 305 305 306 304 302 296 289 289 286 285 286 284 284 286 287 286 287 286 284 282 282 282 283 283 282 280 278 279 279 278 279 280 281 281 280 279 279 281 282 282 282 282 281 280 280 279 278 277 277 277 277 277 277 280
307 307 307 307 305 307 306 303 303 301 294 283 279 282 291 296 301 303 304 305 306 307 307 308 308 308 308 308 307 307 306 306 306 305 303 299 293 293 293 291 287 286 286 287 286 289 287 285 285 285 283 282 281 281 281 281 278 277 278 277 278 279 279 280 280 278 280 282 281 281 282 281 281 281 281 280 280 280 280 279 278 276 279 279
306 307 307 307 307 304 306 305 304 299 291 279 277 277 285 293 296 300 301 304 305 306 307 307 306 307 307 308 308 308 307 307 306 305 304 300 297 297 293 288 287 287 287 285 287 289 290 289 288 288 285 282 282 282 281 280 277 276 276 276 278 278 277 278 278 279 281 281 280 280 280 280 280 280 282 281 279 280 280 280 279 279 278 277
304 304 305 305 305 303 304 305 303 297 288 285 288 282 281 281 286 294 298 302 304 306 306 305 305 306 305 306 308 308 307 306 303 303 304 302 300 296 290 288 286 286 287 287 288 287 288 289 291 290 287 287 286 283 282 280 279 278 278 276 279 279 278 277 277 277 280 280 279 279 280 280 280 281 282 281 280 280 281 281 280 279 278 277
301 302 302 303 302 299 298 303 303 298 294 297 297 293 286 277 280 287 294 300 301 304 303 305 305 304 304 304 307 308 307 306 300 300 303 302 301 298 296 295 291 285 285 287 287 287 286 286 289 290 290 292 290 284 282 281 280 278 277 278 279 279 278 278 277 276 274 276 277 278 280 281 282 282 282 282 281 281 281 281 280 279 277 277
299 299 300 300 300 300 299 302 302 302 301 302 300 295 287 280 280 282 290 299 303 305 306 306 303 303 305 306 308 308 307 306 300 301 301 298 300 299 299 298 295 288 284 285 287 289 286 288 286 288 290 292 293 289 284 284 284 278 275 276 277 278 278 276 275 274 274 276 276 278 280 282 283 283 282 282 282 282 282 281 279 279 278 277
296 296 297 297 298 297 299 300 301 302 298 300 300 294 287 288 280 281 286 296 303 305 306 307 306 306 306 307 307 307 307 306 304 304 301 301 303 302 301 300 295 288 291 291 288 291 294 293 289 290 293 295 296 291 290 289 289 281 282 279 281 279 277 273 269 269 273 275 274 277 281 282 283 282 282 282 281 282 282 281 279 279 278 278
293 294 294 295 295 295 297 299 301 302 303 304 300 297 295 290 284 283 284 297 304 306 307 307 307 307 307 307 307 307 307 307 306 305 305 305 304 304 302 300 298 296 294 294 288 287 294 295 294 295 295 296 296 292 294 292 292 289 288 284 281 279 278 275 272 275 276 277 278 281 282 282 282 282 280 280 280 280 281 281 280 278 278 278
292 292 293 293 293 293 295 297 300 302 303 305 302 300 296 291 290 290 287 294 303 306 307 307 307 307 307 307 307 307 307 307 307 307 306 306 305 305 304 302 299 300 298 296 290 289 294 298 297 297 297 298 297 294 295 295 292 291 285 281 280 279 277 275 276 278 278 281 282 282 282 282 282 280 278 279 279 279 280 281 280 278 277 278
292 292 293 293 293 293 294 297 300 302 300 300 303 303 296 297 292 296 294 299 305 307 307 307 306 306 307 307 307 307 307 307 307 307 307 306 306 306 304 302 298 300 297 291 294 295 298 299 299 300 300 299 298 298 297 294 289 289 282 280 279 279 279 278 279 281 284 282 282 282 281 281 279 278 277 278 279 278 279 280 280 277 276 277
292 292 292 293 293 293 294 297 299 302 304 303 305 305 302 302 296 297 301 304 306 307 307 307 307 307 307 306 307 307 307 307 306 307 307 306 306 306 305 304 300 301 299 292 287 295 300 300 300 301 301 300 299 299 298 294 288 283 285 281 283 284 284 284 285 286 286 284 282 280 280 279 277 278 277 278 278 277 280 278 276 276 274 274
292 292 292 292 292 292 293 296 299 301 301 305 306 305 305 305 303 303 304 306 306 307 307 307 307 307 305 304 306 307 307 307 306 307 307 307 307 307 306 304 303 301 297 292 292 294 301 301 302 302 302 301 301 300 298 296 293 289 290 288 286 289 288 287 289 288 287 284 278 272 277 279 275 275 277 276 277 278 278 275 273 272 272 274
292 292 292 292 292 292 293 296 299 301 300 306 306 306 306 306 306 307 307 306 307 307 306 306 306 306 304 303 305 306 307 307 307 307 307 307 307 307 306 304 304 300 297 298 296 299 301 302 303 303 303 302 302 301 300 298 294 295 293 293 292 292 292 290 290 290 288 282 278 271 274 278 276 273 275 274 274 271 274 275 269 267 269 269
292 292 292 292 292 292 293 295 298 301 304 307 307 307 307 307 307 307 307 307 306 306 306 306 306 306 305 303 301 303 306 306 307 307 307 307 307 307 307 305 304 301 301 299 300 300 301 303 303 304 303 303 303 301 300 301 298 298 295 296 295 294 293 291 293 289 286 285 282 277 274 273 269 270 277 274 271 269 273 267 265 262 266 272
292 292 292 292 292 292 292 295 297 299 303 305 305 305 306 306 306 306 306 306 306 306 306 306 306 306 305 304 301 302 304 304 307 307 307 307 307 307 306 306 304 303 302 300 302 299 301 303 303 304 303 303 302 298 298 301 300 299 299 296 294 296 295 294 294 292 289 287 283 280 281 277 272 277 279 276 269 268 269 268 263 266 268 273
292 292 292 292 292 292 292 294 297 299 301 303 304 304 304 305 305 305 305 305 306 306 306 306 306 307 306 305 302 300 303 305 305 306 307 307 307 306 306 305 305 304 302 302 303 301 303 304 304 304 304 303 303 300 299 301 301 301 300 298 296 295 295 296 295 292 289 285 284 286 282 283 275 282 277 272 274 268 264 262 263 265 272 273
292 292 292 292 292 292 292 294 296 298 300 302 302 303 303 303 304 304 304 305 305 306 306 306 307 307 307 307 305 301 304 305 306 306 306 306 306 306 306 305 304 304 304 303 303 303 304 304 303 303 303 304 303 301 300 302 302 301 301 299 297 296 297 297 296 293 292 288 286 288 286 282 283 284 280 277 278 272 263 264 265 264 267 269
