08 Ecocrop/raster/current/tmax_9.asc
ncols        683
nrows        518
xllcorner    -87.691666666667
yllcorner    10.708333333333
cellsize     0.008333333333
NODATA_value  1.#QNAN
[rows 370 to 406 of 518, columns 252 to 335 of 683]
299 299 299 299 299 299 299 299 299 299 300 300 300 301 301 301 302 302 302 302 302 301 301 302 301 302 301 301 301 298 300 300 300 300 300 299 300 300 300 300 300 300 300 299 299 299 299 298 297 297 296 299 299 299 298 298 299 296 298 297 296 295 296 296 294 293 291 289 285 289 290 290 289 287 284 282 285 283 276 272 273 273 271 277
299 299 299 299 299 299 299 299 299 299 299 300 300 300 301 301 301 301 301 301 301 301 301 301 301 301 302 302 301 301 301 301 301 300 300 299 300 300 300 300 300 300 300 299 299 299 299 296 294 294 296 299 299 300 299 299 299 298 298 298 298 297 296 296 295 294 293 289 287 290 292 291 286 285 286 285 283 285 281 272 273 274 276 276
299 299 299 299 299 299 299 299 299 299 299 299 299 300 300 301 301 301 301 301 301 301 301 301 301 301 301 301 301 301 301 300 300 300 300 300 300 300 300 300 300 299 299 299 299 299 298 297 297 297 298 299 299 299 299 299 298 298 299 299 298 298 296 296 295 294 294 293 293 293 294 291 289 288 286 286 287 287 284 272 277 279 281 278
299 299 299 299 299 299 299 299 299 298 298 299 299 299 300 300 300 300 301 301 301 301 301 301 301 301 301 301 301 300 300 300 300 300 300 300 300 300 300 299 299 299 299 299 299 299 298 298 298 298 299 299 299 299 298 299 299 298 299 298 298 297 296 295 296 295 294 292 291 292 294 293 291 287 286 289 289 289 286 277 282 285 281 280
299 299 299 299 299 299 299 298 298 298 298 298 299 299 299 300 300 300 300 300 300 300 300 300 300 300 300 300 300 300 300 300 300 300 300 300 300 300 300 300 299 299 299 299 299 299 299 299 299 297 299 299 299 299 299 298 299 299 299 298 298 296 296 294 295 295 294 291 292 292 294 294 290 291 291 291 291 289 284 277 287 287 286 285
299 299 299 298 298 298 298 298 298 298 298 298 298 299 299 299 299 299 299 300 300 300 300 300 300 300 300 299 299 299 300 300 300 300 300 300 300 300 300 300 299 299 299 299 299 299 299 299 299 299 299 299 299 299 299 299 299 299 298 298 298 297 297 296 294 294 294 292 290 293 294 294 294 290 291 293 292 289 283 283 290 289 289 289
298 298 298 298 298 298 298 298 298 298 298 298 298 298 298 299 299 299 299 299 299 299 299 299 299 299 300 299 299 299 298 299 299 297 298 299 300 300 300 300 299 299 299 299 299 299 299 299 299 299 299 299 299 299 299 299 298 297 297 297 298 297 296 295 294 295 293 290 292 295 295 295 294 292 293 293 292 288 288 289 292 291 290 290
298 298 298 298 298 298 298 298 298 298 298 298 298 298 298 298 298 299 298 299 299 299 299 299 299 299 299 299 299 299 299 298 299 297 297 298 299 299 300 300 299 299 299 299 299 299 299 299 299 298 299 298 298 297 297 298 298 298 298 298 297 295 296 295 295 295 294 291 295 296 296 295 296 295 292 290 291 290 289 292 293 291 291 292
298 298 298 298 298 298 298 298 298 298 298 298 298 298 298 298 298 298 298 298 298 298 298 298 298 298 298 298 298 298 299 297 298 296 295 298 298 299 299 299 299 299 299 299 299 299 299 299 299 297 298 297 297 297 294 296 297 298 298 298 296 296 297 296 295 296 296 295 296 296 296 295 296 296 294 290 293 293 292 290 293 289 290 292
298 298 298 298 298 298 298 298 298 298 298 298 298 298 298 298 298 298 298 298 298 298 298 298 298 298 298 298 298 298 298 298 298 296 297 298 298 299 299 299 299 299 299 299 299 299 299 299 298 298 296 297 296 297 296 297 297 298 298 298 298 298 297 296 295 296 295 296 296 296 297 297 297 296 296 293 293 295 294 293 294 292 291 294
298 298 298 298 298 298 298 298 298 298 298 298 298 298 298 298 297 297 297 297 297 297 297 297 297 297 297 297 297 297 298 298 298 297 297 294 295 298 299 299 299 299 299 299 299 299 299 299 299 299 298 297 296 296 297 297 298 298 298 298 297 298 297 296 296 297 296 294 295 293 294 297 296 297 296 296 292 296 295 295 295 294 294 295
298 298 298 298 298 298 298 298 298 298 298 298 298 297 297 297 297 297 297 297 297 297 297 297 297 297 297 297 297 297 297 297 297 297 297 297 295 298 299 299 299 299 299 299 298 298 299 299 299 299 297 296 296 297 294 297 298 298 298 296 293 295 294 291 293 297 297 292 294 295 295 297 297 297 297 297 296 297 296 292 295 296 296 296
298 298 298 298 298 298 298 298 298 298 298 297 297 297 297 297 297 297 297 297 297 297 297 297 297 297 296 296 296 296 296 297 297 297 297 297 298 298 298 299 299 298 299 298 298 296 299 299 298 299 298 296 295 297 294 297 298 298 298 297 294 290 288 291 292 296 297 297 297 297 296 297 298 297 297 298 298 297 297 296 296 296 296 296
298 298 298 298 298 298 298 298 298 297 297 297 297 297 297 297 297 297 297 297 297 297 297 297 297 296 296 296 296 296 296 296 296 297 297 296 296 298 298 298 298 297 297 298 297 297 298 299 298 298 297 296 296 297 298 298 298 298 298 297 294 292 293 295 296 296 297 298 298 297 297 297 298 298 298 298 297 297 297 297 297 297 297 297
297 297 297 297 297 298 297 297 297 297 297 297 297 297 297 297 297 297 297 297 297 297 297 297 296 296 296 296 296 296 296 296 296 296 296 296 296 296 297 297 297 297 295 296 297 298 298 298 298 297 296 297 296 297 298 298 299 298 298 298 296 291 292 294 294 298 297 298 298 298 298 297 298 298 298 298 297 296 297 297 297 297 297 297
297 297 297 297 297 297 297 297 297 297 297 297 297 297 297 297 297 297 297 297 297 297 297 297 296 296 296 296 296 296 296 296 296 296 296 296 296 295 296 297 297 297 295 293 297 297 298 298 297 296 297 297 296 297 297 298 299 299 299 298 297 290 290 297 298 298 297 298 298 298 298 298 298 298 298 298 296 297 297 297 297 297 297 297
297 297 297 297 297 297 297 297 297 297 297 297 297 297 297 297 297 297 297 297 297 297 297 296 296 296 296 296 296 296 296 296 296 296 296 296 296 296 296 296 296 296 296 294 296 297 297 297 297 297 297 297 297 297 297 298 299 299 299 298 297 291 292 297 298 298 298 299 299 299 298 298 298 298 298 298 297 298 297 297 297 297 297 297
297 297 297 297 297 297 297 297 297 297 297 297 297 297 297 297 297 297 297 297 297 297 296 296 296 296 296 296 296 296 296 296 296 296 296 296 296 296 296 296 296 296 296 296 296 296 297 297 297 297 297 297 297 297 298 299 299 298 299 299 298 294 295 298 298 299 299 299 299 299 299 298 298 298 298 298 298 298 298 297 298 297 296 297
297 297 297 297 297 297 297 297 297 297 297 297 297 297 297 297 297 297 297 297 297 296 296 296 296 296 296 296 296 296 296 296 296 296 296 296 296 296 296 296 296 296 296 296 296 295 296 296 296 296 297 297 298 298 298 299 299 299 299 299 298 296 295 298 299 299 299 299 298 298 299 299 299 299 298 298 298 298 297 298 298 297 295 294
297 297 297 297 297 297 297 297 297 297 297 297 297 297 297 297 297 297 297 296 296 296 296 296 296 296 296 296 296 296 296 296 296 296 296 296 296 296 296 296 296 296 296 296 296 296 296 296 296 295 296 296 297 298 298 298 299 299 299 299 299 299 298 299 299 299 299 299 299 299 299 299 299 299 299 299 298 298 298 298 297 297 296 295
297 297 297 297 297 297 297 297 297 297 297 297 297 297 297 297 297 297 296 296 296 296 296 296 296 296 296 296 296 296 296 296 296 296 296 296 296 296 296 296 296 296 296 296 296 296 296 296 295 295 294 294 297 297 298 298 299 299 299 299 299 299 299 299 299 298 297 296 298 299 299 299 299 299 299 299 298 298 298 298 297 296 295 294
297 297 297 297 297 297 297 297 297 297 297 297 297 297 297 297 296 296 296 296 296 296 296 296 296 296 296 296 296 296 296 296 296 296 296 296 296 296 296 296 296 296 295 295 296 296 296 296 295 295 295 296 295 297 298 298 299 299 299 299 299 299 299 299 299 298 298 294 295 298 299 299 299 299 299 299 298 298 298 297 297 296 295 293
297 297 297 297 297 297 297 297 297 297 297 297 297 297 296 296 296 296 296 296 296 296 296 296 296 296 296 296 296 296 296 296 296 296 296 296 296 296 296 296 296 296 296 295 295 296 296 296 295 295 295 296 296 297 298 298 298 299 299 299 299 299 299 299 299 299 299 296 293 299 299 299 299 299 299 299 298 298 297 296 295 295 293 291
297 297 297 297 297 297 297 297 297 297 296 296 296 296 296 296 296 296 296 296 296 296 296 296 296 296 296 296 296 296 296 296 296 296 296 296 296 296 296 296 296 296 296 295 295 296 296 296 296 295 295 296 297 297 298 298 298 299 299 299 299 299 299 299 299 299 299 298 298 298 295 298 298 298 299 299 299 298 298 295 293 292 293 289
297 297 297 297 297 297 297 296 296 296 296 296 296 296 296 296 296 296 296 296 296 296 296 296 296 296 296 296 296 296 296 296 296 296 296 296 296 296 296 296 296 296 296 296 296 296 296 296 296 296 295 296 296 297 297 298 298 298 299 299 299 299 299 299 299 299 299 299 299 299 297 298 299 299 299 299 299 299 298 298 297 295 294 292
296 296 296 296 296 296 296 296 296 296 296 296 296 296 296 296 296 296 296 296 296 296 296 296 296 296 296 296 296 296 296 296 296 296 296 296 296 296 296 296 296 296 296 296 296 296 296 296 296 296 296 296 296 296 297 297 297 298 298 299 299 299 299 299 299 299 299 299 299 299 299 299 299 299 299 299 299 299 299 298 297 297 297 296
296 296 296 296 296 296 296 296 296 296 296 296 296 296 296 296 296 296 296 296 296 296 296 296 296 296 296 296 296 296 296 296 296 296 296 296 296 296 296 296 296 296 296 296 296 296 296 296 296 296 296 296 296 295 296 297 296 297 298 299 299 299 299 299 299 299 299 299 299 299 299 299 299 299 299 299 299 299 299 299 298 298 298 297
296 296 296 296 296 296 296 296 296 296 296 296 296 296 296 296 296 296 296 296 296 296 296 296 296 296 296 296 296 296 296 296 296 296 296 296 296 296 296 296 296 296 296 296 296 296 296 296 296 296 296 296 296 296 296 296 295 296 298 298 299 299 299 299 299 299 299 299 299 299 299 299 299 299 299 299 299 299 299 299 299 298 298 297
296 296 296 296 296 296 296 296 296 296 296 296 296 296 296 296 296 296 296 296 296 296 296 296 296 296 296 296 296 296 296 296 296 296 296 296 296 296 296 296 296 296 296 296 296 296 296 296 296 296 296 296 296 296 296 296 295 296 297 298 298 299 299 298 299 299 299 299 299 299 299 299 299 299 299 300 300 300 299 299 298 297 294 296
296 296 296 296 296 296 296 296 296 296 296 296 296 296 296 296 296 296 296 296 296 296 296 296 296 296 296 296 296 296 296 296 296 296 296 296 296 296 296 296 296 296 296 296 296 296 296 296 296 296 296 296 296 296 296 296 296 297 296 298 298 298 299 299 299 299 299 299 299 299 299 299 299 299 300 300 299 300 299 299 298 294 289 294
296 296 296 296 296 296 296 296 296 296 296 296 296 296 296 296 296 296 296 296 296 296 296 296 296 296 296 296 296 296 296 296 296 296 296 296 296 296 296 296 296 296 296 296 296 296 296 296 296 296 296 296 296 296 296 296 296 296 296 298 298 298 298 299 299 299 299 298 298 299 299 299 299 299 299 299 298 299 299 299 298 294 290 294
296 296 296 296 296 296 296 296 296 296 296 296 296 296 296 296 296 296 296 296 296 296 296 296 296 296 296 296 296 296 296 296 296 296 296 296 296 296 296 296 296 296 296 296 296 296 296 296 296 296 296 296 296 296 296 296 296 297 296 297 298 298 298 299 299 299 299 298 297 299 299 299 299 299 299 299 299 299 300 299 299 298 296 296
296 296 296 296 296 296 296 296 296 296 296 296 296 296 296 296 296 296 296 296 296 296 296 296 296 296 296 296 296 296 296 296 296 296 296 296 296 296 296 296 296 296 296 296 296 296 296 296 296 296 296 296 296 296 296 296 296 296 297 297 297 297 298 298 298 298 298 299 298 298 298 298 299 299 299 299 299 300 300 299 299 296 298 295
296 296 296 296 296 296 296 296 296 296 296 296 296 296 296 296 296 296 296 296 296 296 296 296 296 296 296 296 296 296 296 296 296 296 296 296 296 296 296 296 296 296 296 296 296 296 296 296 296 296 296 296 296 296 296 296 296 296 296 297 297 295 295 297 298 297 296 298 298 296 295 296 299 299 300 300 300 300 300 300 299 297 298 297
296 296 296 296 296 296 296 296 296 296 296 296 296 296 296 296 296 296 296 296 296 296 296 296 296 296 296 296 296 296 296 296 296 296 296 296 296 296 296 296 296 296 296 296 296 296 296 296 296 296 296 296 296 296 296 296 296 296 296 297 296 296 295 294 295 296 296 296 298 297 295 297 298 299 300 300 300 300 300 300 300 299 298 299
296 296 296 296 296 296 296 296 296 296 296 296 296 296 296 296 296 296 296 296 296 296 296 296 296 296 296 296 296 296 296 296 296 296 296 296 296 296 296 296 296 296 296 296 296 296 296 296 296 296 296 296 296 296 296 296 296 296 296 296 296 295 295 297 296 295 293 295 297 297 297 297 298 299 300 300 300 300 300 300 300 300 299 299
296 296 296 296 296 296 296 296 296 296 296 296 296 296 296 296 296 296 296 296 296 296 296 296 296 296 296 296 296 296 296 296 296 296 296 296 296 296 296 296 296 296 296 296 296 296 296 296 296 296 296 296 296 296 296 296 296 297 297 297 295 294 295 295 294 296 293 293 293 294 297 296 298 299 300 300 300 300 300 299 299 299 299 299
