08 Ecocrop/raster/current/tmax_11.asc
ncols        683
nrows        518
xllcorner    -87.691666666667
yllcorner    10.708333333333
cellsize     0.008333333333
NODATA_value  1.#QNAN
[rows 444 to 480 of 518, columns 336 to 419 of 683]
288 288 288 288 288 289 289 289 290 290 290 290 290 290 288 290 291 291 291 290 289 288 285 286 287 287 286 285 287 290 290 290 289 289 289 289 288 285 287 288 288 288 288 288 286 286 287 286 284 283 284 285 286 286 286 285 285 285 285 284 283 282 281 280 280 280 280 281 281 281 281 282 282 282 281 283 282 279 276 275 273 273 274 276
288 288 288 288 288 289 289 289 289 290 290 290 290 290 287 289 290 291 291 291 290 289 287 287 286 283 284 286 288 289 290 290 290 289 289 289 289 288 288 289 288 288 287 287 287 287 286 285 283 284 285 286 286 286 286 286 286 285 285 284 283 279 281 280 278 279 280 281 281 282 282 281 280 279 281 282 279 278 278 275 272 272 275 277
288 288 287 288 288 288 289 289 289 289 290 290 290 290 289 286 289 290 291 291 290 289 289 288 287 286 285 284 287 286 290 290 289 289 289 289 289 289 289 288 288 287 286 286 287 286 285 285 285 284 286 286 286 287 286 286 286 285 284 283 283 282 281 278 278 279 280 281 281 281 280 280 280 279 279 280 278 276 276 273 270 270 273 275
288 288 287 287 288 288 288 289 289 289 290 290 290 290 287 285 288 290 290 291 290 289 288 288 288 286 285 285 285 284 288 289 289 289 289 289 289 289 289 289 288 287 287 288 288 287 285 286 286 285 286 287 286 287 286 286 286 285 281 278 279 281 279 278 279 279 280 280 280 279 279 279 279 277 277 278 276 274 274 270 269 271 272 269
288 288 288 288 288 288 288 288 289 289 289 289 290 290 288 287 288 289 290 290 289 288 286 285 285 285 284 284 283 283 287 289 289 289 289 289 289 289 289 289 289 288 287 288 287 285 286 286 286 285 284 286 287 287 286 286 284 282 278 276 276 277 276 278 278 277 279 280 279 279 278 279 279 277 274 273 272 270 270 270 272 272 269 267
288 288 288 288 288 288 288 288 288 289 289 289 289 290 289 288 288 289 290 290 290 289 285 281 283 285 284 284 284 283 285 287 289 289 289 289 289 289 289 289 289 289 288 289 288 286 287 287 286 282 280 284 286 287 286 285 285 284 277 277 277 276 278 277 277 277 278 279 279 278 277 278 277 275 274 272 270 270 269 271 270 272 269 266
288 288 288 288 288 288 288 288 288 288 289 289 289 290 289 286 286 289 289 290 290 290 287 285 285 284 281 283 283 284 285 285 285 288 288 289 288 287 288 289 289 289 289 288 288 285 287 287 284 281 283 285 286 287 286 285 284 283 282 279 280 281 281 279 277 275 279 280 280 279 280 279 276 273 272 270 268 268 268 269 271 269 269 269
288 288 288 288 288 288 288 288 288 288 289 289 289 290 290 289 290 290 289 289 290 290 290 289 288 287 284 282 284 284 284 285 284 284 287 287 287 285 286 288 289 289 289 287 286 288 288 287 285 285 286 286 287 287 287 285 284 281 282 284 284 284 282 279 277 280 281 282 282 280 280 279 276 274 273 270 268 268 268 270 270 266 264 262
288 288 288 288 288 288 288 288 288 288 288 289 289 290 290 290 290 290 290 290 289 290 291 291 291 290 287 285 284 284 285 283 282 285 285 281 283 283 286 287 289 289 288 287 287 288 287 288 287 285 286 286 287 287 287 286 285 284 285 285 285 284 283 282 281 282 283 283 282 281 280 279 277 275 270 269 267 268 269 270 269 268 266 266
288 288 288 288 288 288 288 288 288 288 288 289 289 290 290 290 290 290 291 290 289 289 291 291 291 289 287 286 285 284 286 287 285 286 286 283 279 279 284 288 288 288 285 287 288 287 287 287 287 286 286 286 286 287 288 287 286 285 285 286 285 284 284 284 283 283 284 284 283 282 281 280 278 273 270 269 268 268 269 269 268 266 266 266
289 288 288 288 288 288 288 288 288 288 288 289 289 289 290 290 290 291 291 291 291 291 291 291 291 289 287 287 286 286 286 286 288 288 288 286 279 278 283 288 288 288 288 288 287 286 287 287 286 286 285 286 287 286 287 287 286 286 285 285 285 285 284 284 284 284 283 282 282 282 282 279 274 271 270 269 269 268 269 269 266 264 267 271
289 288 288 288 288 288 288 288 288 288 288 289 289 289 290 290 290 290 291 291 291 291 291 291 291 290 287 287 285 289 289 288 289 289 288 285 277 283 286 288 288 288 288 288 287 286 286 286 286 285 285 282 285 287 287 287 286 286 285 285 285 285 285 285 285 285 283 283 282 281 280 279 277 273 269 268 269 269 271 270 265 266 268 272
289 289 288 288 288 288 288 288 288 288 288 288 289 289 289 290 290 290 290 291 291 291 291 291 291 290 289 289 287 288 290 290 289 289 288 286 280 283 287 288 288 287 288 287 287 285 283 285 285 283 280 280 284 286 286 287 287 285 284 286 285 284 285 284 284 284 283 282 281 280 278 276 272 268 268 269 269 270 271 273 269 270 272 275
289 289 289 288 288 288 288 288 288 288 288 288 289 289 289 289 290 290 290 290 290 288 290 290 291 290 288 288 287 288 290 290 289 289 288 285 281 284 287 288 288 287 286 287 286 283 282 284 283 281 280 283 284 286 287 286 286 285 286 286 284 283 283 284 283 283 284 283 279 278 276 272 269 269 269 268 269 272 274 275 273 273 274 274
289 289 289 288 288 288 288 288 288 288 288 288 289 289 289 289 289 288 289 289 289 287 288 289 290 290 290 290 289 288 290 290 289 289 287 284 283 287 288 288 287 288 286 287 285 285 285 282 279 280 284 285 285 286 287 287 285 287 286 284 285 283 281 282 280 281 282 283 281 278 274 270 268 270 273 275 276 277 277 278 274 272 270 270
289 289 289 288 288 288 288 288 288 288 288 288 289 289 289 289 289 289 289 288 287 289 289 289 290 289 289 290 289 289 290 289 289 288 287 285 284 288 289 287 288 288 287 287 286 285 284 282 278 279 282 284 285 286 287 286 286 286 285 283 283 283 281 283 281 281 281 282 280 277 277 276 271 271 271 273 275 278 279 276 273 273 270 270
289 289 289 288 288 288 288 288 288 288 288 288 289 288 289 289 289 289 287 287 289 290 289 289 290 290 289 289 290 290 290 289 288 288 284 281 283 287 288 289 289 288 286 287 287 286 285 280 280 279 283 284 285 286 287 287 287 285 284 283 282 282 280 281 280 281 282 282 281 281 279 276 277 274 275 277 278 279 279 276 276 274 271 270
289 289 289 289 288 288 288 288 288 288 288 288 289 288 288 289 289 288 286 288 289 290 290 289 290 290 289 290 290 290 289 289 289 288 286 286 286 288 287 289 288 286 285 287 286 284 284 283 284 281 281 280 284 286 287 287 286 284 283 282 281 280 280 279 279 282 283 283 282 280 277 277 279 279 280 280 280 280 280 278 278 275 273 274
289 289 289 289 288 288 288 288 288 288 288 288 289 288 288 287 288 288 288 288 289 290 290 289 289 290 290 290 290 290 290 289 289 289 289 287 289 289 289 289 287 286 288 287 286 286 286 286 285 285 284 281 285 286 287 287 286 286 285 284 283 284 283 282 283 284 285 284 281 280 281 280 281 282 281 282 282 281 280 279 276 274 274 277
289 289 289 289 289 288 288 288 288 288 288 288 289 289 288 287 288 288 287 288 289 290 289 289 290 290 290 290 290 290 290 289 289 288 289 288 289 289 289 289 288 288 286 286 287 287 287 285 286 286 285 285 285 286 287 287 286 285 284 284 282 285 284 284 285 286 286 285 283 284 283 282 283 283 283 282 281 279 278 276 275 276 276 277
289 289 289 289 289 289 289 288 288 288 288 288 289 289 289 288 289 288 287 289 290 290 289 289 289 290 290 290 290 290 290 289 288 289 289 289 289 289 289 289 289 288 287 288 288 288 286 284 287 287 285 286 286 285 287 288 286 285 284 282 280 284 285 285 285 286 286 286 285 285 284 284 284 282 281 280 280 277 278 275 274 277 277 276
289 289 289 289 289 289 289 289 289 288 288 288 289 289 289 289 289 289 289 289 290 290 290 290 290 290 290 290 290 290 290 290 289 289 290 289 289 289 289 289 288 288 287 288 289 288 287 288 288 287 287 287 287 286 287 288 286 285 285 285 286 286 285 285 286 286 286 286 285 284 284 283 282 280 278 277 278 277 277 276 274 275 277 278
289 289 289 289 289 289 289 289 289 289 288 288 288 289 289 288 289 290 290 290 290 290 290 290 291 291 291 290 290 290 290 290 290 290 290 289 289 289 289 289 288 287 288 289 289 288 288 288 288 288 288 287 287 286 287 288 287 286 286 286 286 285 285 285 285 287 284 284 284 284 282 282 281 278 276 277 277 278 277 276 274 276 278 278
289 289 289 289 289 289 289 289 289 289 288 288 288 288 289 289 289 290 290 290 290 290 291 291 291 291 291 291 291 290 290 290 290 290 290 290 289 289 289 288 289 288 289 289 289 289 289 289 289 288 288 287 287 287 288 288 287 286 286 286 286 286 286 286 286 286 283 282 282 282 282 281 280 278 276 273 276 277 276 275 277 278 279 277
289 289 289 289 289 289 289 289 289 289 289 288 288 288 289 289 289 290 290 290 290 290 291 291 291 290 291 291 291 290 290 290 290 290 290 289 289 287 287 289 289 289 289 289 289 289 289 289 288 287 288 288 288 288 288 288 286 287 287 287 287 286 286 287 286 286 285 284 283 282 282 281 279 278 277 277 278 278 277 278 279 279 277 277
290 289 289 289 289 289 289 289 289 289 289 289 289 289 289 289 289 290 290 290 290 291 291 291 291 291 291 291 291 291 291 290 290 290 289 289 287 285 287 289 290 289 289 289 289 289 290 289 288 288 288 288 289 289 289 288 287 287 288 288 287 287 287 286 284 283 284 281 283 283 282 281 277 274 277 278 277 277 277 276 277 278 277 276
290 290 289 289 289 289 289 289 289 289 289 289 289 289 289 289 290 290 290 290 290 290 291 291 291 291 291 291 291 291 291 291 290 290 290 288 287 288 289 290 290 289 289 289 289 290 289 289 288 288 289 289 289 288 288 288 288 286 287 288 288 288 286 286 285 285 285 285 284 282 281 280 277 272 276 276 272 273 274 273 277 277 279 278
290 290 290 289 289 289 289 289 289 289 289 289 289 289 289 290 290 290 290 289 290 290 291 291 291 291 291 291 291 291 291 291 291 291 290 289 289 290 290 290 290 290 290 289 290 289 289 288 288 288 288 289 289 288 288 287 287 287 288 288 288 287 286 285 284 284 285 284 283 279 277 278 273 272 278 279 273 274 278 278 278 278 278 278
289 290 290 290 289 289 289 289 289 289 289 289 290 290 290 290 290 290 290 289 290 290 291 291 291 291 292 292 291 291 291 291 291 291 290 290 291 291 290 290 291 290 290 290 288 288 288 288 288 288 289 289 289 288 288 287 288 289 288 289 288 288 286 285 284 285 284 284 284 281 281 279 276 278 281 280 275 276 275 278 279 278 277 278
290 290 290 290 290 289 289 289 289 289 289 290 290 290 290 290 290 290 291 290 290 290 291 291 292 292 292 292 292 292 291 291 291 291 291 291 290 290 290 290 291 290 290 290 289 289 289 288 288 288 289 289 289 288 289 288 288 289 288 289 288 287 286 286 286 285 285 285 284 283 284 282 280 281 281 280 277 271 270 273 275 277 277 277
290 290 290 290 290 290 289 289 289 290 290 290 290 290 291 291 291 291 291 290 290 290 291 291 292 1.#QNAN 292 291 291 291 291 291 290 291 291 291 290 290 290 291 291 291 290 290 289 289 289 288 288 288 289 289 288 288 289 289 289 289 289 289 288 287 287 286 286 286 286 286 285 284 283 282 282 282 280 281 279 275 268 269 273 275 274 277
290 290 290 290 290 290 290 290 290 290 290 290 291 291 291 291 291 291 291 291 291 291 291 1.#QNAN 1.#QNAN 1.#QNAN 1.#QNAN 1.#QNAN 291 291 290 291 291 291 291 291 290 290 291 291 291 291 290 290 290 289 289 289 288 288 289 289 288 289 289 289 289 289 289 288 287 288 287 286 286 286 285 285 284 284 284 283 283 283 281 280 279 279 275 270 272 273 270 275
291 291 290 290 290 290 290 290 291 290 291 291 291 291 291 291 291 291 291 291 291 291 1.#QNAN 1.#QNAN 1.#QNAN 1.#QNAN 1.#QNAN 1.#QNAN 1.#QNAN 291 291 291 291 290 291 290 290 290 290 290 290 291 291 290 290 290 289 289 289 288 289 288 288 289 289 289 289 289 289 288 288 288 288 287 286 286 285 285 284 283 284 284 284 282 278 278 280 280 274 274 276 276 272 272
291 291 291 291 291 291 291 291 291 291 291 291 292 292 292 292 292 292 291 291 1.#QNAN 1.#QNAN 1.#QNAN 1.#QNAN 1.#QNAN 1.#QNAN 1.#QNAN 1.#QNAN 1.#QNAN 1.#QNAN 1.#QNAN 291 291 290 290 290 290 291 291 290 290 290 290 290 290 290 290 289 289 289 289 287 288 289 289 289 289 289 289 288 288 288 287 287 287 286 285 285 284 285 282 283 283 281 279 280 282 281 278 278 277 274 273 277
292 292 292 292 292 292 292 291 292 292 292 292 292 292 292 292 292 292 1.#QNAN 1.#QNAN 1.#QNAN 1.#QNAN 1.#QNAN 1.#QNAN 1.#QNAN 1.#QNAN 1.#QNAN 1.#QNAN 1.#QNAN 1.#QNAN 1.#QNAN 1.#QNAN 1.#QNAN 290 290 290 1.#QNAN 1.#QNAN 291 290 290 289 290 290 289 289 290 290 290 289 289 289 289 289 289 289 289 289 288 288 288 287 287 286 286 286 285 285 284 284 281 281 284 283 281 282 281 281 280 276 274 269 274 278
292 292 292 292 292 292 292 292 292 292 292 292 292 293 292 292 292 1.#QNAN 1.#QNAN 1.#QNAN 1.#QNAN 1.#QNAN 1.#QNAN 1.#QNAN 1.#QNAN 1.#QNAN 1.#QNAN 1.#QNAN 1.#QNAN 1.#QNAN 1.#QNAN 1.#QNAN 1.#QNAN 1.#QNAN 1.#QNAN 1.#QNAN 1.#QNAN 1.#QNAN 1.#QNAN 290 290 290 290 290 289 289 289 289 289 288 288 289 289 289 289 289 289 289 288 288 288 287 287 287 287 286 285 284 285 284 284 283 283 283 282 283 282 278 279 278 276 271 273 276
293 293 293 293 293 293 292 292 292 293 293 293 293 293 293 1.#QNAN 1.#QNAN 1.#QNAN 1.#QNAN 1.#QNAN 1.#QNAN 1.#QNAN 1.#QNAN 1.#QNAN 1.#QNAN 1.#QNAN 1.#QNAN 1.#QNAN 1.#QNAN 1.#QNAN 1.#QNAN 1.#QNAN 1.#QNAN 1.#QNAN 1.#QNAN 1.#QNAN 1.#QNAN 1.#QNAN 1.#QNAN 1.#QNAN 1.#QNAN 290 289 290 289 289 290 289 288 287 288 289 289 289 289 289 289 289 288 289 288 288 288 287 286 286 285 285 284 284 284 284 283 283 283 283 282 281 279 276 273 268 266 274
