08 Ecocrop/raster/current/tmax_9.asc
ncols        683
nrows        518
xllcorner    -87.691666666667
yllcorner    10.708333333333
cellsize     0.008333333333
NODATA_value  1.#QNAN
[rows 185 to 221 of 518, columns 84 to 167 of 683]
1.#QNAN 1.#QNAN 1.#QNAN 1.#QNAN 1.#QNAN 1.#QNAN 1.#QNAN 1.#QNAN 1.#QNAN 1.#QNAN 1.#QNAN 1.#QNAN 1.#QNAN 1.#QNAN 1.#QNAN 1.#QNAN 1.#QNAN 1.#QNAN 1.#QNAN 1.#QNAN 1.#QNAN 1.#QNAN 1.#QNAN 1.#QNAN 1.#QNAN 1.#QNAN 1.#QNAN 1.#QNAN 1.#QNAN 1.#QNAN 271 274 276 277 276 276 283 280 278 284 284 282 279 280 282 282 280 281 280 280 277 271 270 271 275 278 279 277 279 282 283 282 279 283 283 282 284 286 285 286 286 285 285 282 281 282 283 285 284 286 288 289 286 281
1.#QNAN 1.#QNAN 1.#QNAN 1.#QNAN 1.#QNAN 1.#QNAN 1.#QNAN 1.#QNAN 1.#QNAN 1.#QNAN 1.#QNAN 1.#QNAN 1.#QNAN 1.#QNAN 1.#QNAN 1.#QNAN 1.#QNAN 1.#QNAN 1.#QNAN 1.#QNAN 1.#QNAN 1.#QNAN 1.#QNAN 1.#QNAN 1.#QNAN 1.#QNAN 1.#QNAN 1.#QNAN 1.#QNAN 1.#QNAN 276 277 278 277 273 275 284 285 285 286 286 284 284 284 284 282 280 279 277 278 275 268 268 271 276 276 275 276 277 279 281 283 283 281 283 284 285 285 286 287 288 287 286 284 282 283 284 286 287 289 285 283 280 273
1.#QNAN 1.#QNAN 1.#QNAN 1.#QNAN 1.#QNAN 1.#QNAN 1.#QNAN 1.#QNAN 1.#QNAN 1.#QNAN 1.#QNAN 1.#QNAN 1.#QNAN 1.#QNAN 1.#QNAN 1.#QNAN 1.#QNAN 1.#QNAN 1.#QNAN 1.#QNAN 1.#QNAN 1.#QNAN 1.#QNAN 1.#QNAN 1.#QNAN 1.#QNAN 1.#QNAN 1.#QNAN 1.#QNAN 1.#QNAN 1.#QNAN 279 280 276 277 279 283 281 284 285 285 283 282 284 283 282 280 278 277 276 275 271 268 273 270 272 273 277 279 280 281 281 281 282 283 283 285 286 287 288 288 288 287 284 282 283 285 287 288 286 280 272 267 264
1.#QNAN 1.#QNAN 1.#QNAN 1.#QNAN 1.#QNAN 1.#QNAN 1.#QNAN 1.#QNAN 1.#QNAN 1.#QNAN 1.#QNAN 1.#QNAN 1.#QNAN 1.#QNAN 1.#QNAN 1.#QNAN 1.#QNAN 1.#QNAN 1.#QNAN 1.#QNAN 1.#QNAN 1.#QNAN 1.#QNAN 1.#QNAN 1.#QNAN 1.#QNAN 1.#QNAN 1.#QNAN 1.#QNAN 1.#QNAN 1.#QNAN 275 277 278 279 278 282 281 284 282 283 283 282 282 282 280 279 277 274 270 272 272 270 267 269 273 275 277 277 279 280 280 280 282 284 285 285 286 287 288 288 289 289 288 287 288 286 288 287 284 278 264 258 264
1.#QNAN 1.#QNAN 1.#QNAN 1.#QNAN 1.#QNAN 1.#QNAN 1.#QNAN 1.#QNAN 1.#QNAN 1.#QNAN 1.#QNAN 1.#QNAN 1.#QNAN 1.#QNAN 1.#QNAN 1.#QNAN 1.#QNAN 1.#QNAN 1.#QNAN 1.#QNAN 1.#QNAN 1.#QNAN 1.#QNAN 1.#QNAN 1.#QNAN 1.#QNAN 1.#QNAN 1.#QNAN 1.#QNAN 1.#QNAN 1.#QNAN 268 271 276 275 279 279 280 279 282 283 283 281 281 279 279 278 276 273 270 268 268 266 263 265 269 273 275 277 277 280 281 282 283 283 283 284 286 287 288 288 289 289 287 287 285 286 286 285 283 277 262 261 266
1.#QNAN 1.#QNAN 1.#QNAN 1.#QNAN 1.#QNAN 1.#QNAN 1.#QNAN 1.#QNAN 1.#QNAN 1.#QNAN 1.#QNAN 1.#QNAN 1.#QNAN 1.#QNAN 1.#QNAN 1.#QNAN 1.#QNAN 1.#QNAN 1.#QNAN 1.#QNAN 1.#QNAN 1.#QNAN 1.#QNAN 1.#QNAN 1.#QNAN 1.#QNAN 1.#QNAN 1.#QNAN 1.#QNAN 1.#QNAN 1.#QNAN 1.#QNAN 266 273 278 279 274 274 278 280 281 281 279 280 278 278 276 274 270 265 261 262 261 258 263 266 268 270 274 275 279 280 279 279 280 281 282 284 286 287 288 287 288 285 285 282 283 283 282 283 275 265 265 261
1.#QNAN 1.#QNAN 1.#QNAN 1.#QNAN 1.#QNAN 1.#QNAN 1.#QNAN 1.#QNAN 1.#QNAN 1.#QNAN 1.#QNAN 1.#QNAN 1.#QNAN 1.#QNAN 1.#QNAN 1.#QNAN 1.#QNAN 1.#QNAN 1.#QNAN 1.#QNAN 1.#QNAN 1.#QNAN 1.#QNAN 1.#QNAN 1.#QNAN 1.#QNAN 1.#QNAN 1.#QNAN 1.#QNAN 1.#QNAN 1.#QNAN 1.#QNAN 267 272 276 278 274 273 277 277 275 280 278 277 277 276 274 272 266 256 250 252 255 260 266 271 273 275 276 278 279 278 279 281 280 281 282 282 285 286 287 288 288 285 283 281 278 278 276 278 270 271 264 259
1.#QNAN 1.#QNAN 1.#QNAN 1.#QNAN 1.#QNAN 1.#QNAN 1.#QNAN 1.#QNAN 1.#QNAN 1.#QNAN 1.#QNAN 1.#QNAN 1.#QNAN 1.#QNAN 1.#QNAN 1.#QNAN 1.#QNAN 1.#QNAN 1.#QNAN 1.#QNAN 1.#QNAN 1.#QNAN 1.#QNAN 1.#QNAN 1.#QNAN 1.#QNAN 1.#QNAN 1.#QNAN 1.#QNAN 1.#QNAN 1.#QNAN 261 269 274 276 277 274 273 274 274 273 278 277 274 273 275 273 268 263 246 236 251 261 267 270 270 273 273 276 278 280 280 281 281 281 282 284 284 284 285 286 288 286 286 283 281 280 279 274 271 271 273 271 269
1.#QNAN 1.#QNAN 1.#QNAN 1.#QNAN 1.#QNAN 1.#QNAN 1.#QNAN 1.#QNAN 1.#QNAN 1.#QNAN 1.#QNAN 1.#QNAN 1.#QNAN 1.#QNAN 1.#QNAN 1.#QNAN 1.#QNAN 1.#QNAN 1.#QNAN 1.#QNAN 1.#QNAN 1.#QNAN 1.#QNAN 1.#QNAN 1.#QNAN 1.#QNAN 1.#QNAN 1.#QNAN 1.#QNAN 1.#QNAN 258 265 270 273 270 272 275 274 268 269 274 276 273 270 267 272 270 261 257 248 244 254 260 268 272 271 274 274 274 277 280 281 281 281 281 281 282 284 284 284 286 286 285 285 283 282 279 278 278 276 276 276 274 271
1.#QNAN 1.#QNAN 1.#QNAN 1.#QNAN 1.#QNAN 1.#QNAN 1.#QNAN 1.#QNAN 1.#QNAN 1.#QNAN 1.#QNAN 1.#QNAN 1.#QNAN 1.#QNAN 1.#QNAN 1.#QNAN 1.#QNAN 1.#QNAN 1.#QNAN 1.#QNAN 1.#QNAN 1.#QNAN 1.#QNAN 1.#QNAN 1.#QNAN 1.#QNAN 1.#QNAN 1.#QNAN 1.#QNAN 1.#QNAN 259 266 270 272 268 268 269 272 270 268 273 272 272 268 267 266 263 256 250 240 253 265 269 272 274 272 273 276 276 278 277 280 281 281 281 281 282 283 284 284 285 283 284 285 282 282 280 276 276 276 275 274 274 272
1.#QNAN 1.#QNAN 1.#QNAN 1.#QNAN 1.#QNAN 1.#QNAN 1.#QNAN 1.#QNAN 1.#QNAN 1.#QNAN 1.#QNAN 1.#QNAN 1.#QNAN 1.#QNAN 1.#QNAN 1.#QNAN 1.#QNAN 1.#QNAN 1.#QNAN 1.#QNAN 1.#QNAN 1.#QNAN 1.#QNAN 1.#QNAN 1.#QNAN 1.#QNAN 1.#QNAN 1.#QNAN 1.#QNAN 248 255 260 265 269 270 265 266 268 266 264 269 266 272 267 265 264 260 254 245 242 253 266 271 274 276 276 276 278 275 279 279 279 280 280 279 280 282 282 283 284 283 282 282 284 282 281 280 279 277 274 274 270 268 269
1.#QNAN 1.#QNAN 1.#QNAN 1.#QNAN 1.#QNAN 1.#QNAN 1.#QNAN 1.#QNAN 1.#QNAN 1.#QNAN 1.#QNAN 1.#QNAN 1.#QNAN 1.#QNAN 1.#QNAN 1.#QNAN 1.#QNAN 1.#QNAN 1.#QNAN 1.#QNAN 1.#QNAN 1.#QNAN 1.#QNAN 1.#QNAN 1.#QNAN 1.#QNAN 1.#QNAN 1.#QNAN 1.#QNAN 245 250 256 263 267 272 269 265 262 263 260 263 260 269 267 265 263 256 250 245 245 257 269 270 272 276 278 278 278 279 278 278 279 279 278 277 276 280 281 282 283 282 283 282 283 283 281 280 278 277 274 271 270 267 263
1.#QNAN 1.#QNAN 1.#QNAN 1.#QNAN 1.#QNAN 1.#QNAN 1.#QNAN 1.#QNAN 1.#QNAN 1.#QNAN 1.#QNAN 1.#QNAN 1.#QNAN 1.#QNAN 1.#QNAN 1.#QNAN 1.#QNAN 1.#QNAN 1.#QNAN 1.#QNAN 1.#QNAN 1.#QNAN 1.#QNAN 1.#QNAN 1.#QNAN 1.#QNAN 1.#QNAN 1.#QNAN 1.#QNAN 1.#QNAN 252 255 262 268 268 268 263 256 256 257 257 262 266 260 262 257 248 254 249 250 258 270 273 273 276 278 279 278 280 278 279 281 281 278 280 281 281 282 282 282 281 282 283 282 282 280 278 276 274 274 271 268 269 264
1.#QNAN 1.#QNAN 1.#QNAN 1.#QNAN 1.#QNAN 1.#QNAN 1.#QNAN 1.#QNAN 1.#QNAN 1.#QNAN 1.#QNAN 1.#QNAN 1.#QNAN 1.#QNAN 1.#QNAN 1.#QNAN 1.#QNAN 1.#QNAN 1.#QNAN 1.#QNAN 1.#QNAN 1.#QNAN 1.#QNAN 1.#QNAN 1.#QNAN 1.#QNAN 1.#QNAN 1.#QNAN 1.#QNAN 1.#QNAN 1.#QNAN 1.#QNAN 260 263 264 266 261 254 252 252 249 258 263 256 250 251 242 253 257 258 260 267 275 275 277 277 279 280 280 280 280 278 277 280 281 280 280 281 280 280 280 282 283 281 279 279 277 275 273 269 267 261 265 262
1.#QNAN 1.#QNAN 1.#QNAN 1.#QNAN 1.#QNAN 1.#QNAN 1.#QNAN 1.#QNAN 1.#QNAN 1.#QNAN 1.#QNAN 1.#QNAN 1.#QNAN 1.#QNAN 1.#QNAN 1.#QNAN 1.#QNAN 1.#QNAN 1.#QNAN 1.#QNAN 1.#QNAN 1.#QNAN 1.#QNAN 1.#QNAN 1.#QNAN 1.#QNAN 1.#QNAN 1.#QNAN 1.#QNAN 1.#QNAN 1.#QNAN 1.#QNAN 1.#QNAN 260 254 259 265 259 251 249 245 258 259 254 248 240 235 247 257 263 268 271 275 277 278 279 279 280 277 278 275 275 274 277 278 277 278 278 278 280 281 283 282 277 274 277 275 273 270 265 259 260 264 265
1.#QNAN 1.#QNAN 1.#QNAN 1.#QNAN 1.#QNAN 1.#QNAN 1.#QNAN 1.#QNAN 1.#QNAN 1.#QNAN 1.#QNAN 1.#QNAN 1.#QNAN 1.#QNAN 1.#QNAN 1.#QNAN 1.#QNAN 1.#QNAN 1.#QNAN 1.#QNAN 1.#QNAN 1.#QNAN 1.#QNAN 1.#QNAN 1.#QNAN 1.#QNAN 1.#QNAN 1.#QNAN 1.#QNAN 1.#QNAN 1.#QNAN 1.#QNAN 1.#QNAN 258 252 258 264 255 252 248 247 252 255 252 248 243 234 239 251 254 262 269 274 277 278 279 279 277 276 274 276 272 271 274 275 274 274 275 278 280 280 282 280 275 275 278 275 268 261 258 257 261 265 262
1.#QNAN 1.#QNAN 1.#QNAN 1.#QNAN 1.#QNAN 1.#QNAN 1.#QNAN 1.#QNAN 1.#QNAN 1.#QNAN 1.#QNAN 1.#QNAN 1.#QNAN 1.#QNAN 1.#QNAN 1.#QNAN 1.#QNAN 1.#QNAN 1.#QNAN 1.#QNAN 1.#QNAN 1.#QNAN 1.#QNAN 1.#QNAN 1.#QNAN 1.#QNAN 1.#QNAN 1.#QNAN 1.#QNAN 1.#QNAN 1.#QNAN 1.#QNAN 1.#QNAN 1.#QNAN 252 256 262 255 254 250 248 248 250 250 246 244 238 233 240 243 255 268 273 276 277 278 276 274 273 274 275 273 272 268 270 271 276 278 279 279 279 280 281 279 279 278 275 267 256 250 254 260 262 260
1.#QNAN 1.#QNAN 1.#QNAN 1.#QNAN 1.#QNAN 1.#QNAN 1.#QNAN 1.#QNAN 1.#QNAN 1.#QNAN 1.#QNAN 1.#QNAN 1.#QNAN 1.#QNAN 1.#QNAN 1.#QNAN 1.#QNAN 1.#QNAN 1.#QNAN 1.#QNAN 1.#QNAN 1.#QNAN 1.#QNAN 1.#QNAN 1.#QNAN 1.#QNAN 1.#QNAN 1.#QNAN 1.#QNAN 1.#QNAN 1.#QNAN 1.#QNAN 1.#QNAN 1.#QNAN 252 259 260 258 253 248 246 243 241 245 242 238 231 232 243 252 259 266 270 273 275 276 275 274 272 271 267 268 271 267 272 273 278 277 278 277 276 278 279 280 280 279 275 267 263 258 255 254 255 253
1.#QNAN 1.#QNAN 1.#QNAN 1.#QNAN 1.#QNAN 1.#QNAN 1.#QNAN 1.#QNAN 1.#QNAN 1.#QNAN 1.#QNAN 1.#QNAN 1.#QNAN 1.#QNAN 1.#QNAN 1.#QNAN 1.#QNAN 1.#QNAN 1.#QNAN 1.#QNAN 1.#QNAN 1.#QNAN 1.#QNAN 1.#QNAN 1.#QNAN 1.#QNAN 1.#QNAN 1.#QNAN 1.#QNAN 1.#QNAN 1.#QNAN 1.#QNAN 1.#QNAN 1.#QNAN 249 257 260 260 253 248 246 242 238 242 236 229 228 236 242 254 261 265 269 272 273 274 274 272 271 270 264 265 269 270 273 275 273 271 275 275 270 275 277 277 277 279 277 274 271 266 257 246 247 245
1.#QNAN 1.#QNAN 1.#QNAN 1.#QNAN 1.#QNAN 1.#QNAN 1.#QNAN 1.#QNAN 1.#QNAN 1.#QNAN 1.#QNAN 1.#QNAN 1.#QNAN 1.#QNAN 1.#QNAN 1.#QNAN 1.#QNAN 1.#QNAN 1.#QNAN 1.#QNAN 1.#QNAN 1.#QNAN 1.#QNAN 1.#QNAN 1.#QNAN 1.#QNAN 1.#QNAN 1.#QNAN 1.#QNAN 1.#QNAN 1.#QNAN 1.#QNAN 1.#QNAN 1.#QNAN 244 251 256 257 256 246 243 241 242 246 239 233 231 240 247 253 260 264 268 266 267 268 271 268 270 269 263 261 265 267 271 274 275 270 269 272 269 270 274 272 275 279 278 272 270 264 259 249 249 254
1.#QNAN 1.#QNAN 1.#QNAN 1.#QNAN 1.#QNAN 1.#QNAN 1.#QNAN 1.#QNAN 1.#QNAN 1.#QNAN 1.#QNAN 1.#QNAN 1.#QNAN 1.#QNAN 1.#QNAN 1.#QNAN 1.#QNAN 1.#QNAN 1.#QNAN 1.#QNAN 1.#QNAN 1.#QNAN 1.#QNAN 1.#QNAN 1.#QNAN 1.#QNAN 1.#QNAN 1.#QNAN 1.#QNAN 1.#QNAN 1.#QNAN 1.#QNAN 1.#QNAN 1.#QNAN 251 252 255 255 254 254 250 245 246 245 235 234 236 247 253 253 257 260 262 262 261 266 268 266 265 265 260 254 260 264 267 272 275 271 269 265 262 262 269 269 274 277 278 277 271 266 262 254 249 254
1.#QNAN 1.#QNAN 1.#QNAN 1.#QNAN 1.#QNAN 1.#QNAN 1.#QNAN 1.#QNAN 1.#QNAN 1.#QNAN 1.#QNAN 1.#QNAN 1.#QNAN 1.#QNAN 1.#QNAN 1.#QNAN 1.#QNAN 1.#QNAN 246 250 245 239 238 1.#QNAN 1.#QNAN 1.#QNAN 1.#QNAN 1.#QNAN 1.#QNAN 1.#QNAN 1.#QNAN 1.#QNAN 1.#QNAN 1.#QNAN 255 264 263 256 250 252 254 253 252 245 232 237 250 252 257 259 257 256 258 259 259 261 261 262 259 262 258 247 254 259 265 271 275 268 263 259 257 259 266 272 269 270 275 278 274 268 256 251 254 258
1.#QNAN 1.#QNAN 1.#QNAN 1.#QNAN 1.#QNAN 1.#QNAN 1.#QNAN 1.#QNAN 1.#QNAN 1.#QNAN 1.#QNAN 1.#QNAN 1.#QNAN 1.#QNAN 281 276 273 258 252 263 256 253 251 244 1.#QNAN 1.#QNAN 1.#QNAN 1.#QNAN 1.#QNAN 1.#QNAN 1.#QNAN 1.#QNAN 1.#QNAN 260 262 268 271 263 255 248 249 248 247 245 238 244 262 264 263 264 260 259 264 265 257 254 255 254 250 253 253 251 260 265 265 270 273 268 260 257 258 263 265 264 260 268 275 277 271 262 251 255 256 261
1.#QNAN 1.#QNAN 1.#QNAN 1.#QNAN 1.#QNAN 1.#QNAN 1.#QNAN 1.#QNAN 1.#QNAN 1.#QNAN 1.#QNAN 1.#QNAN 1.#QNAN 1.#QNAN 286 284 278 265 258 271 268 264 261 254 257 266 1.#QNAN 1.#QNAN 1.#QNAN 1.#QNAN 1.#QNAN 1.#QNAN 273 270 271 271 276 268 256 251 246 244 239 238 234 247 267 271 269 268 265 270 274 266 257 251 246 243 245 246 248 252 261 266 270 271 272 268 263 259 259 263 262 261 263 266 270 276 270 256 249 257 261 259
1.#QNAN 1.#QNAN 1.#QNAN 1.#QNAN 1.#QNAN 1.#QNAN 1.#QNAN 1.#QNAN 1.#QNAN 1.#QNAN 1.#QNAN 1.#QNAN 1.#QNAN 294 289 283 278 272 271 274 280 273 264 268 267 273 266 1.#QNAN 1.#QNAN 1.#QNAN 275 287 286 281 278 279 274 266 262 260 255 250 247 251 240 257 271 278 274 269 268 275 276 265 263 255 245 239 241 246 250 261 265 267 269 269 270 269 268 266 266 262 264 263 265 267 272 275 270 255 247 257 254 254
1.#QNAN 1.#QNAN 1.#QNAN 1.#QNAN 1.#QNAN 1.#QNAN 1.#QNAN 1.#QNAN 1.#QNAN 1.#QNAN 1.#QNAN 302 299 293 285 283 280 278 279 282 284 275 274 276 277 276 271 269 263 270 281 287 290 290 285 281 268 262 269 266 262 254 262 262 253 261 273 281 276 275 279 282 275 260 259 256 250 248 243 248 255 256 258 262 265 267 262 262 262 264 259 257 261 263 265 267 275 272 267 257 248 252 248 244
1.#QNAN 1.#QNAN 1.#QNAN 1.#QNAN 1.#QNAN 1.#QNAN 1.#QNAN 1.#QNAN 1.#QNAN 1.#QNAN 303 302 299 293 292 289 286 286 286 282 288 284 284 283 278 276 277 281 269 267 276 279 281 292 286 275 263 265 272 272 268 267 268 262 251 259 273 282 284 282 286 286 274 263 267 267 264 260 252 248 249 248 252 254 259 263 261 253 254 255 258 257 261 262 265 268 274 272 265 258 251 248 244 241
1.#QNAN 1.#QNAN 1.#QNAN 1.#QNAN 1.#QNAN 1.#QNAN 1.#QNAN 1.#QNAN 1.#QNAN 304 305 304 301 298 292 286 286 291 292 286 291 292 288 280 275 277 281 287 280 269 268 271 285 294 288 278 270 271 276 278 278 272 266 259 251 266 276 281 288 288 289 280 270 273 277 270 272 268 261 249 245 246 249 245 245 254 262 259 256 256 260 260 260 263 266 267 270 273 268 266 257 248 251 246
1.#QNAN 1.#QNAN 1.#QNAN 1.#QNAN 1.#QNAN 1.#QNAN 1.#QNAN 1.#QNAN 1.#QNAN 1.#QNAN 305 302 301 298 292 287 287 293 296 292 292 294 290 286 280 279 285 290 285 275 272 277 286 292 294 289 281 271 273 283 279 267 257 251 257 269 277 282 285 290 290 277 276 284 278 278 275 269 263 256 254 251 243 243 242 253 256 258 259 258 260 260 262 265 266 267 267 272 272 271 264 252 254 252
1.#QNAN 1.#QNAN 1.#QNAN 1.#QNAN 1.#QNAN 1.#QNAN 1.#QNAN 1.#QNAN 1.#QNAN 306 305 305 301 296 290 287 291 293 296 295 295 296 293 291 289 289 291 291 286 280 279 287 292 295 295 284 278 270 276 285 277 264 255 255 261 274 282 288 289 293 292 280 281 287 283 278 273 272 269 270 265 262 248 247 245 245 249 253 257 259 262 262 262 264 266 267 267 267 270 272 265 260 260 254
1.#QNAN 1.#QNAN 1.#QNAN 1.#QNAN 1.#QNAN 1.#QNAN 1.#QNAN 1.#QNAN 1.#QNAN 307 307 305 301 297 296 296 299 298 299 294 297 295 295 297 295 295 294 289 292 289 283 290 295 297 295 286 284 279 283 285 276 265 263 266 260 271 282 289 294 296 296 291 289 289 283 276 274 278 274 276 274 270 262 252 243 242 247 252 256 259 262 263 263 264 264 267 269 269 271 270 267 265 263 258
1.#QNAN 1.#QNAN 1.#QNAN 1.#QNAN 1.#QNAN 1.#QNAN 1.#QNAN 1.#QNAN 1.#QNAN 308 307 304 302 302 296 294 297 301 302 297 301 295 294 297 299 297 296 295 294 297 292 294 294 297 293 292 292 291 287 280 275 270 276 273 267 273 283 284 295 298 294 290 287 291 286 282 277 280 278 275 269 268 266 256 248 245 247 251 256 259 263 264 263 263 264 266 269 271 270 267 261 256 257 257
1.#QNAN 1.#QNAN 1.#QNAN 1.#QNAN 1.#QNAN 1.#QNAN 1.#QNAN 1.#QNAN 1.#QNAN 309 305 303 303 303 303 297 293 294 302 303 300 295 294 299 296 292 291 295 297 298 299 298 296 300 295 296 296 293 284 277 272 277 286 275 277 286 295 294 299 299 298 294 290 293 291 287 283 282 280 278 273 266 258 254 251 252 252 253 257 259 263 264 263 264 264 265 267 271 269 265 259 255 248 247
1.#QNAN 1.#QNAN 1.#QNAN 1.#QNAN 1.#QNAN 1.#QNAN 1.#QNAN 1.#QNAN 311 310 305 303 305 305 306 305 302 297 297 305 300 294 297 303 301 296 295 291 296 299 301 300 301 301 300 299 297 297 291 287 281 279 291 286 288 297 300 300 300 300 299 294 287 295 294 292 288 283 281 284 279 269 258 250 251 254 255 256 257 262 264 266 265 266 267 267 268 270 267 264 258 252 246 245
1.#QNAN 1.#QNAN 1.#QNAN 1.#QNAN 1.#QNAN 1.#QNAN 1.#QNAN 1.#QNAN 312 307 305 305 304 303 305 305 306 305 302 303 302 301 301 305 298 293 294 289 290 298 302 300 302 301 301 298 298 298 294 294 289 287 288 296 296 302 302 302 301 301 299 295 296 296 294 291 290 288 283 284 279 273 263 255 254 256 258 258 256 259 263 266 267 268 268 269 268 269 268 264 259 252 246 245
1.#QNAN 1.#QNAN 1.#QNAN 1.#QNAN 1.#QNAN 1.#QNAN 1.#QNAN 314 310 309 306 303 301 303 304 303 305 307 308 307 301 301 306 297 290 286 291 286 289 296 301 303 301 301 301 300 300 298 297 296 298 300 296 299 303 304 303 303 302 301 300 299 298 295 291 288 283 284 285 283 276 269 257 252 254 256 260 257 256 259 262 262 264 267 269 269 270 270 268 263 258 250 247 246
1.#QNAN 1.#QNAN 1.#QNAN 1.#QNAN 1.#QNAN 1.#QNAN 1.#QNAN 315 313 306 307 305 305 305 303 302 302 306 308 308 309 308 307 297 292 287 287 284 290 295 300 300 300 301 300 299 301 300 298 299 303 302 299 296 303 304 303 303 302 301 299 297 297 295 292 285 277 275 278 284 276 268 255 246 248 252 258 261 259 259 262 263 264 267 269 270 269 269 267 262 256 249 248 248
