08 Ecocrop/raster/current/tmax_9.asc
ncols        683
nrows        518
xllcorner    -87.691666666667
yllcorner    10.708333333333
cellsize     0.008333333333
NODATA_value  1.#QNAN
[rows 148 to 184 of 518, columns 168 to 251 of 683]
273 275 270 270 276 284 287 290 292 293 294 294 289 287 291 292 290 284 280 281 285 288 290 289 289 285 281 275 267 271 271 273 271 272 267 260 256 257 256 255 256 262 264 261 269 275 279 285 282 277 278 276 282 285 287 290 291 297 301 303 304 297 296 298 297 295 293 293 294 294 295 296 298 298 294 295 291 289 285 281 275 267 256 260
273 275 278 275 278 278 285 288 291 293 294 293 291 291 293 293 287 281 276 283 288 290 291 290 289 284 279 272 267 270 272 272 274 272 269 262 257 256 257 255 259 262 262 262 269 275 281 282 275 275 278 284 287 288 287 287 293 300 298 302 302 299 298 298 296 294 292 293 292 294 296 298 300 297 293 293 291 286 286 278 268 260 253 248
270 275 279 282 283 282 286 290 292 293 292 292 294 294 294 293 286 280 283 285 289 291 291 290 287 282 275 269 269 271 272 272 274 269 265 259 258 260 261 258 258 260 261 265 272 276 282 277 272 275 278 286 290 292 293 292 297 298 297 300 304 301 301 300 298 296 291 291 294 294 295 297 299 293 290 289 290 289 285 276 269 262 253 247
265 268 272 279 284 287 288 289 291 291 288 287 291 294 294 292 289 286 289 287 292 292 291 289 287 281 272 270 271 273 273 272 275 271 261 261 264 263 263 260 256 257 261 270 271 277 279 275 270 274 282 288 290 294 296 298 299 296 297 298 300 303 301 298 298 296 291 289 292 294 292 295 298 297 292 289 284 285 282 279 269 260 258 252
270 268 271 277 283 287 289 290 290 288 287 285 287 292 294 291 286 290 291 291 293 293 291 290 287 283 281 274 273 272 273 273 276 269 260 263 268 264 262 260 257 263 265 269 274 274 276 272 271 274 279 285 292 291 294 293 295 293 293 295 300 303 297 295 297 294 292 289 290 293 294 296 292 294 297 292 286 281 274 274 274 265 266 262
270 273 275 277 282 286 288 287 287 288 289 286 285 289 294 293 285 289 292 294 294 292 291 289 287 286 281 277 278 275 272 276 274 266 266 268 268 259 259 259 259 266 270 271 267 271 272 270 275 278 282 290 292 290 293 291 293 295 297 299 303 297 293 294 295 293 289 291 291 295 293 292 288 292 295 291 282 275 264 267 271 268 270 270
272 273 276 279 282 285 286 284 282 286 287 289 288 286 292 293 287 290 293 294 294 292 290 289 288 287 282 282 279 274 274 278 271 265 269 272 265 262 262 259 265 270 270 273 268 270 269 269 274 280 286 288 288 290 288 287 291 289 297 300 302 298 294 295 294 291 287 287 292 293 287 288 291 289 290 293 282 280 270 262 265 271 273 274
273 275 277 279 283 285 284 282 281 281 284 287 290 290 290 293 292 293 295 295 295 293 291 290 290 287 283 284 283 276 271 279 272 271 273 273 267 262 266 263 269 273 274 275 277 273 269 268 266 273 282 285 285 284 284 286 286 292 296 299 303 298 296 297 294 292 287 289 292 290 286 286 290 283 280 288 288 289 279 270 273 266 273 275
274 277 278 278 282 283 283 283 282 277 282 287 289 291 292 292 294 294 294 294 295 292 290 292 290 288 287 285 280 271 272 276 279 276 270 272 269 269 268 265 271 272 270 272 279 275 269 262 265 272 282 282 279 281 282 287 291 295 297 299 303 299 299 296 292 290 286 286 289 289 286 283 285 284 273 275 284 288 287 279 277 267 269 277
273 275 278 281 283 284 283 285 284 281 283 287 289 291 292 290 290 292 293 291 294 295 294 291 290 286 283 281 274 270 267 276 275 269 266 269 265 264 267 266 271 270 272 276 277 280 271 265 274 277 280 279 278 284 290 293 293 295 297 301 302 299 298 297 294 291 284 281 286 283 281 279 276 282 276 275 276 280 284 286 276 275 277 276
273 273 277 281 283 284 284 285 286 285 283 287 288 290 291 291 290 290 291 293 293 294 294 292 289 287 283 276 270 268 274 279 276 272 266 261 259 261 263 268 273 276 275 273 278 279 266 263 273 276 277 277 280 288 291 293 296 297 300 302 301 299 298 296 292 287 279 280 284 276 272 275 270 273 277 273 273 269 274 285 285 283 281 279
276 274 278 282 284 285 285 284 286 286 285 287 289 290 291 290 287 288 292 294 294 293 292 294 290 289 281 276 272 268 273 274 281 278 273 263 261 257 261 272 277 279 278 273 277 277 271 275 276 279 279 279 283 292 295 296 297 300 301 301 297 300 297 296 292 287 277 276 281 280 271 270 270 272 279 279 277 277 273 280 285 279 273 267
280 280 280 282 284 285 286 284 285 287 287 287 288 289 291 291 289 288 292 293 292 291 292 293 293 284 276 274 277 272 271 273 282 275 268 265 262 260 270 275 279 281 282 277 281 285 282 281 282 281 285 279 287 292 293 295 295 298 302 299 296 299 296 294 290 284 280 280 277 272 269 270 275 275 278 282 282 282 282 284 284 279 271 264
283 282 281 281 282 283 285 286 286 286 288 288 289 291 291 292 290 291 293 293 292 291 291 294 290 280 276 274 278 280 281 277 283 275 269 266 261 269 276 278 276 280 283 279 279 283 289 283 286 283 286 285 288 288 292 296 299 302 301 298 294 298 295 293 290 289 285 278 274 268 272 275 277 278 280 280 283 280 280 283 282 281 272 272
283 283 280 278 279 282 284 284 285 287 288 289 290 290 291 291 292 292 293 293 291 291 290 292 290 282 278 278 277 282 286 281 281 275 273 268 270 280 280 281 278 282 284 285 284 284 288 291 289 281 286 290 290 285 289 295 300 302 299 298 294 296 296 295 293 292 288 277 268 266 271 277 277 277 281 282 283 282 282 284 282 281 278 275
283 284 280 277 278 280 282 283 282 286 287 288 288 289 289 289 291 293 293 292 290 289 291 292 293 285 286 285 285 289 285 283 283 271 265 268 280 284 283 281 279 283 285 286 288 287 287 286 292 283 283 291 286 283 289 292 297 301 298 294 295 295 292 287 283 289 287 274 265 265 274 276 277 279 280 282 281 280 283 281 277 277 274 272
286 285 281 279 279 278 281 281 282 284 285 285 285 285 285 288 291 292 293 294 292 292 293 292 292 292 292 293 292 294 286 281 288 281 274 278 285 287 282 277 277 282 283 287 289 291 291 289 295 287 286 292 289 287 290 297 299 302 300 298 296 294 291 288 286 285 286 281 269 266 273 276 278 279 279 278 279 280 283 281 274 268 273 275
287 285 283 280 278 277 278 278 281 282 281 282 280 278 284 289 289 291 292 291 291 291 292 288 291 284 286 289 286 294 291 283 285 289 287 286 290 287 281 276 278 282 281 284 288 291 292 292 295 294 294 295 296 294 291 297 302 301 298 295 295 291 290 287 285 282 275 281 275 268 269 275 271 273 276 272 279 280 282 281 277 274 276 280
286 285 283 280 278 274 275 274 277 281 282 284 283 284 287 287 290 289 289 288 288 290 292 288 286 282 282 283 285 292 294 290 291 289 292 292 288 285 281 275 276 277 282 284 287 292 294 292 294 293 297 296 300 299 296 296 301 303 299 297 295 289 282 278 280 275 268 273 276 265 264 271 265 271 271 272 280 280 280 281 280 278 275 280
286 285 281 280 277 274 274 276 275 279 281 283 285 284 283 287 285 283 285 285 289 291 289 286 284 278 278 277 282 285 290 292 294 294 294 288 281 277 282 281 273 275 280 282 287 289 293 294 293 285 289 299 296 300 300 300 303 301 298 295 292 290 283 274 270 264 259 259 270 263 262 265 262 267 265 267 276 278 278 278 278 277 277 279
284 282 280 280 276 271 271 274 277 276 276 281 280 277 282 282 281 280 283 285 287 289 285 284 285 281 274 271 275 279 284 290 295 293 288 283 281 275 275 278 277 272 277 276 276 281 289 283 281 290 294 296 296 300 301 303 302 299 299 297 293 287 286 280 271 258 249 249 262 263 255 258 255 262 268 270 275 277 273 273 274 279 285 286
283 282 279 281 276 274 273 271 271 273 278 279 276 277 277 278 276 279 281 285 288 285 283 283 281 282 277 270 273 281 288 291 295 295 287 278 275 269 268 266 268 263 268 268 268 277 279 271 275 283 291 297 298 299 299 303 301 297 295 292 291 290 286 280 275 266 253 241 250 254 246 248 248 255 268 271 268 272 274 275 277 281 285 289
281 279 278 282 277 276 276 273 274 275 275 273 272 274 273 275 277 280 283 286 284 282 279 283 278 279 277 273 277 282 291 292 296 292 287 279 265 261 266 258 259 263 267 272 280 277 266 267 273 277 290 296 299 297 299 302 300 298 293 288 289 288 283 279 271 264 256 241 247 251 239 238 240 244 257 263 267 273 279 279 280 281 287 288
280 277 279 281 280 277 278 275 272 269 269 268 268 269 270 277 278 281 283 279 276 275 275 278 277 275 276 281 285 288 291 295 297 291 283 273 265 272 268 258 266 268 271 273 282 271 258 257 262 274 288 296 297 295 297 300 298 298 293 285 283 283 279 279 273 262 248 239 237 249 246 234 237 241 250 260 271 276 272 275 279 280 277 278
276 276 278 284 280 281 278 273 267 265 261 259 261 268 274 277 280 278 281 274 271 271 272 270 272 271 273 283 287 289 292 296 296 289 275 263 267 275 275 269 273 268 277 280 281 267 254 256 263 271 285 294 296 293 298 301 300 294 294 287 282 277 276 274 270 261 250 236 236 244 241 235 236 244 256 264 269 270 271 274 274 274 272 273
277 277 280 284 281 277 274 270 264 260 254 256 267 272 277 278 276 275 276 271 263 267 268 271 274 276 278 282 287 290 292 297 295 286 271 267 264 271 280 273 279 272 284 284 279 263 259 262 264 275 287 293 294 295 298 299 300 296 296 287 282 280 278 272 270 264 259 238 234 234 237 230 234 243 250 258 263 268 271 273 269 268 272 272
280 281 282 284 278 278 275 272 264 255 251 256 265 271 276 272 272 268 271 266 269 276 280 282 284 281 285 278 287 290 294 298 297 286 273 276 269 276 283 281 283 282 289 286 279 260 264 276 277 284 289 292 293 295 298 300 300 297 295 294 286 284 282 278 277 271 263 248 237 228 230 232 235 240 248 257 263 268 271 273 273 274 274 268
283 284 283 284 282 279 276 272 265 255 254 264 269 273 273 270 267 266 264 267 273 275 279 282 284 288 287 285 291 292 296 295 298 291 286 281 276 285 287 283 284 288 292 288 281 264 267 281 288 290 291 291 294 296 297 301 298 298 294 291 290 288 286 283 276 269 262 241 228 231 237 240 239 244 252 262 261 264 267 271 274 276 273 270
285 286 284 286 284 280 274 269 264 255 251 260 266 270 267 269 267 268 267 266 266 273 278 281 284 285 287 291 292 294 292 284 294 297 289 285 279 289 283 280 284 289 294 292 287 277 271 281 290 293 293 292 295 296 296 297 300 299 289 285 289 291 288 284 273 262 252 236 238 235 233 247 249 254 261 266 262 263 264 267 271 278 278 275
289 285 286 288 283 278 274 266 255 249 246 257 264 268 269 270 271 272 271 268 266 267 273 273 281 282 283 285 287 290 287 280 290 296 295 290 290 292 290 289 291 293 295 291 293 288 285 284 292 294 294 295 293 295 297 294 295 299 291 284 288 293 290 284 273 257 246 243 255 249 244 244 256 261 263 268 266 263 264 267 269 278 282 278
290 286 288 287 282 277 271 263 255 248 251 259 267 267 265 264 266 268 272 268 268 266 262 270 279 276 274 275 279 279 281 285 292 295 297 296 296 295 293 292 295 296 296 295 296 294 293 293 294 294 296 297 295 293 296 298 297 295 293 293 293 292 289 284 277 267 258 257 263 259 256 253 257 265 267 270 267 267 267 267 269 276 282 280
291 289 289 285 278 272 275 264 255 247 254 256 264 260 254 257 263 265 272 266 269 270 266 267 266 263 260 266 273 284 289 289 294 297 299 297 297 296 295 295 297 297 297 297 297 296 295 295 295 295 295 298 298 297 296 299 297 292 291 297 296 294 292 286 281 272 266 266 270 267 264 261 259 264 271 274 269 266 270 272 270 276 283 284
286 288 290 287 278 278 275 266 254 250 255 260 259 253 255 261 263 267 272 272 271 267 265 259 265 269 271 280 284 291 295 297 297 298 299 299 299 298 297 296 298 298 298 298 298 297 298 296 297 292 294 296 299 299 299 298 297 298 297 298 297 296 293 288 286 281 273 272 275 273 270 268 264 264 271 276 275 269 275 273 274 273 282 284
285 288 290 287 282 280 272 264 261 266 269 267 257 248 252 258 261 269 274 273 273 271 259 256 273 283 283 289 295 296 295 297 298 298 297 299 300 300 298 298 298 297 298 298 298 297 298 299 299 296 296 297 297 291 295 297 297 299 299 299 297 296 293 291 290 286 277 279 281 276 275 272 268 269 270 274 277 278 277 274 277 277 283 285
286 284 288 288 284 279 275 271 270 274 270 261 253 250 249 258 266 267 267 274 276 270 260 256 267 280 292 295 297 296 295 297 298 297 298 298 299 300 300 299 296 296 298 298 298 296 298 299 299 299 296 297 296 288 289 296 297 298 298 297 298 295 290 293 293 285 281 281 283 279 279 273 265 268 273 274 276 283 282 278 281 283 283 286
289 288 289 289 285 281 279 276 276 279 269 260 253 252 252 255 256 256 257 269 275 276 271 264 272 288 297 297 295 293 294 296 296 296 295 296 297 298 297 298 299 298 297 298 298 298 299 298 297 295 292 291 293 292 290 293 296 297 296 296 298 298 295 295 294 290 288 287 287 284 281 275 269 268 272 277 276 282 285 280 283 286 286 285
284 284 284 287 288 285 283 279 281 277 269 262 257 255 250 250 249 248 252 260 267 281 274 276 285 293 295 293 286 287 287 287 290 292 293 294 295 296 297 295 296 299 300 299 298 299 299 293 286 292 292 288 289 289 290 288 295 296 292 294 296 297 295 293 294 292 291 289 288 286 282 273 273 276 273 278 282 283 286 279 282 286 287 286
