08 Ecocrop/raster/current/tmax_3.asc
ncols        683
nrows        518
xllcorner    -87.691666666667
yllcorner    10.708333333333
cellsize     0.008333333333
NODATA_value  1.#QNAN
[rows 259 to 295 of 518, columns 252 to 335 of 683]
305 308 307 306 305 305 306 308 308 308 309 308 305 303 297 297 298 294 293 293 297 299 298 296 295 293 291 288 283 284 289 293 293 289 287 287 284 290 295 298 298 297 298 296 298 298 299 298 297 296 296 295 292 292 291 293 290 291 292 293 290 290 289 283 281 286 287 289 289 291 290 291 291 290 289 290 292 290 286 287 286 289 291 291
309 309 309 308 308 307 306 306 308 309 309 308 307 305 302 301 301 299 296 296 298 299 296 297 295 290 289 286 280 287 293 292 294 290 286 289 285 291 293 296 298 299 296 297 298 299 298 299 298 297 296 296 295 293 294 293 290 288 290 293 292 290 289 287 283 284 286 289 291 292 292 291 290 289 292 293 292 284 283 281 283 288 290 290
310 310 309 309 309 308 308 308 309 309 307 307 307 305 305 304 303 302 301 302 302 300 298 296 294 289 286 285 289 292 294 295 293 292 292 290 289 292 294 296 297 298 298 298 298 299 298 299 298 297 296 295 296 296 295 294 292 289 291 292 294 292 290 290 288 286 286 286 288 292 293 291 290 291 292 292 289 284 285 282 284 285 289 289
310 310 310 310 310 309 310 310 310 309 308 309 308 306 305 305 304 303 303 303 302 300 296 295 292 289 286 288 289 291 294 295 295 293 292 289 286 289 293 293 296 298 299 299 299 299 299 298 299 296 296 295 298 298 297 295 294 292 293 291 293 294 293 291 286 286 290 289 285 289 293 293 290 290 292 293 289 288 289 285 283 285 287 289
309 309 310 311 311 311 311 311 310 310 309 308 307 306 306 305 305 304 304 303 301 299 297 292 293 290 288 292 292 292 294 296 295 295 293 290 289 288 289 291 295 297 298 299 299 298 299 298 299 298 296 295 297 298 297 290 291 295 294 291 290 295 294 291 290 284 286 291 286 288 290 293 290 291 294 293 293 291 290 286 284 284 285 286
309 309 309 310 311 311 311 311 311 310 308 308 307 306 306 306 305 305 304 303 301 300 297 293 293 289 291 295 296 294 297 296 294 293 293 292 291 291 292 294 295 296 297 298 299 298 299 299 299 299 298 296 298 299 297 295 295 296 294 290 290 293 296 294 292 288 287 291 292 291 293 294 295 294 294 290 290 291 287 288 285 285 284 284
308 308 308 310 310 310 311 311 310 309 307 307 307 306 306 306 306 305 305 303 301 300 299 297 293 292 294 296 297 297 298 296 296 295 293 290 284 283 285 291 290 295 296 297 298 299 299 299 300 299 298 298 299 299 296 296 294 297 294 291 289 294 296 295 293 292 288 287 291 294 295 295 295 295 293 291 290 292 289 287 285 284 283 283
308 308 308 309 309 310 310 311 310 310 308 308 308 306 306 306 306 305 304 303 302 301 299 296 295 293 294 295 297 298 297 295 296 294 292 290 287 285 281 286 291 292 295 296 297 298 297 298 299 299 299 299 298 299 297 295 293 296 297 296 295 296 296 294 294 295 292 291 292 294 296 295 294 294 293 291 288 289 287 285 282 281 282 282
308 308 309 309 309 310 309 310 310 309 309 309 307 306 306 306 306 305 305 303 303 301 300 297 293 292 296 296 297 298 297 297 296 293 292 290 286 284 279 285 288 290 291 296 297 297 297 297 297 298 298 298 297 298 298 293 293 297 296 297 297 297 294 295 293 294 295 294 295 296 294 295 292 293 293 291 285 285 282 282 282 282 281 281
308 308 308 310 310 310 310 309 309 309 309 308 308 306 306 305 305 305 304 302 302 299 299 298 294 297 297 295 297 298 298 296 295 295 293 292 289 287 285 286 286 290 292 295 296 296 295 296 296 297 298 296 298 297 298 297 297 295 293 296 296 294 294 296 295 294 295 296 296 294 294 294 293 291 294 292 287 283 281 281 282 282 282 281
308 308 308 309 310 310 310 309 309 308 308 307 307 307 306 304 303 302 300 300 301 300 300 298 297 298 298 296 298 298 299 298 297 296 295 294 292 287 283 287 289 289 291 292 295 296 295 296 296 297 298 297 297 297 298 298 297 294 293 294 291 291 294 296 297 295 294 296 296 295 293 291 288 290 293 293 291 286 283 283 283 283 283 282
305 307 308 308 309 309 309 309 309 308 307 307 306 306 306 305 302 298 300 300 300 302 301 298 298 299 296 295 299 299 299 299 298 296 296 293 290 288 282 284 289 290 292 290 292 295 296 297 296 296 297 297 297 297 298 298 297 295 291 288 288 291 293 295 296 296 294 295 296 294 293 291 289 287 291 291 292 290 286 284 284 283 283 283
303 304 307 307 308 308 309 309 308 308 307 307 305 304 306 305 303 303 300 301 303 301 301 301 300 299 297 297 298 299 299 298 299 297 295 294 291 288 285 282 290 292 291 293 291 294 296 296 296 296 294 296 296 296 297 297 291 293 291 288 290 293 292 293 295 295 296 296 296 295 293 291 289 285 286 287 287 291 289 287 286 284 283 283
301 301 306 307 307 308 308 308 308 307 307 306 305 305 304 304 302 302 302 302 302 300 302 301 299 299 299 298 299 298 299 298 299 297 297 296 292 289 288 286 290 292 293 294 293 294 296 295 295 295 292 293 296 296 297 296 293 291 292 290 292 293 294 295 295 295 294 296 296 294 293 291 289 287 285 284 285 287 289 290 287 285 284 282
303 304 305 306 307 307 307 308 307 307 306 305 304 304 303 301 299 297 304 304 303 302 302 298 301 301 299 299 300 299 298 295 297 297 298 297 295 292 289 288 289 292 293 292 294 294 294 294 295 293 292 292 295 296 296 295 295 295 293 291 290 291 292 293 294 294 295 294 296 295 293 293 291 287 286 286 285 285 285 288 288 285 282 283
304 300 300 305 306 306 307 307 306 306 306 305 303 304 302 301 299 296 303 303 303 303 301 302 301 302 301 300 300 300 299 298 294 296 298 298 296 294 292 291 290 290 291 291 293 292 293 292 294 294 295 293 294 294 293 297 294 293 294 293 290 290 289 291 294 294 295 295 295 295 294 294 291 288 287 287 286 285 284 286 289 289 285 283
302 303 304 304 305 306 307 306 306 306 305 304 303 301 302 302 301 302 303 303 303 302 296 300 302 302 301 300 300 300 300 297 293 297 298 298 296 291 292 291 290 289 289 291 291 291 293 291 291 293 295 295 294 294 296 296 294 291 293 292 292 290 290 292 293 291 294 295 293 295 295 294 292 290 289 288 286 285 285 287 289 289 287 286
300 298 302 303 304 305 306 306 306 306 305 303 303 302 301 303 304 304 304 302 301 301 296 299 301 302 301 300 300 299 300 298 295 297 298 295 295 295 293 293 291 290 288 290 291 292 289 289 288 290 292 296 296 296 293 294 293 290 288 290 292 292 292 293 291 289 293 294 293 294 295 293 292 291 289 288 287 286 285 285 287 288 287 287
295 299 298 299 305 306 306 306 306 306 305 305 304 304 302 303 304 303 301 300 300 299 296 298 301 302 301 302 301 299 300 299 297 298 298 296 295 294 295 293 293 290 287 287 291 291 292 292 289 288 291 292 297 295 289 291 292 288 286 289 291 292 291 292 292 290 292 293 294 294 295 294 292 290 289 288 285 284 284 283 286 289 287 287
291 293 292 297 305 305 306 306 306 306 304 302 304 303 304 304 303 300 300 300 299 298 296 298 301 300 301 302 301 301 300 300 298 299 298 296 295 296 296 295 293 293 292 287 291 292 291 294 293 292 293 296 296 295 290 286 289 287 286 283 284 282 285 291 290 292 293 293 294 294 294 292 290 290 289 285 283 283 284 285 287 287 285 285
296 298 299 303 305 305 304 305 306 305 303 301 299 299 304 304 302 299 299 299 298 298 297 301 301 301 302 301 300 297 298 300 300 299 296 296 296 295 296 294 294 291 294 294 293 294 292 291 294 295 296 295 293 293 294 289 284 286 288 285 285 281 283 288 291 292 291 291 293 294 294 293 292 291 287 286 284 284 284 286 286 286 285 285
296 301 303 303 304 305 304 304 305 304 303 301 299 300 303 303 300 299 299 298 298 299 299 301 301 301 302 302 300 298 298 299 300 299 299 298 298 297 295 293 292 294 293 295 293 295 293 292 289 291 293 296 293 290 290 289 287 284 284 284 285 287 286 288 291 291 291 291 293 293 294 293 292 290 288 289 287 285 284 284 285 283 284 284
297 301 302 303 303 304 304 304 304 302 300 299 300 302 301 302 300 298 298 298 299 299 300 301 301 301 301 301 300 300 299 299 299 299 299 296 299 296 294 296 294 290 293 293 294 291 295 296 293 288 290 295 295 290 288 285 284 284 283 283 285 286 288 289 290 291 291 292 292 292 292 293 292 291 291 289 289 286 284 285 286 285 285 284
300 301 297 298 302 303 303 302 304 302 300 301 299 299 298 300 299 297 298 298 297 297 300 300 300 300 300 300 301 301 299 298 299 299 297 297 298 294 295 298 294 291 290 292 291 292 295 296 296 292 291 293 295 291 288 286 285 285 283 282 283 283 284 285 289 291 291 291 292 291 289 292 292 292 290 290 290 289 287 287 288 286 286 285
299 300 299 300 302 302 302 299 300 303 302 300 299 297 296 295 295 295 296 296 296 298 298 300 300 300 299 298 300 300 299 297 299 298 298 299 298 298 298 297 296 295 293 294 291 292 293 296 297 296 292 294 296 291 288 287 286 284 281 282 282 282 283 285 287 286 290 290 290 291 288 290 292 291 290 291 291 290 289 289 289 288 287 285
296 299 299 297 300 301 302 301 300 302 300 299 299 298 296 295 294 295 293 293 294 293 297 299 299 299 299 297 299 300 298 299 298 297 297 298 299 296 295 296 298 296 297 295 293 290 291 296 297 296 296 296 296 291 289 289 286 283 282 282 282 283 282 283 283 284 286 289 286 288 287 287 291 291 290 291 291 291 290 288 288 287 287 286
294 297 297 292 298 301 301 301 302 301 300 300 300 297 295 295 295 294 292 292 292 296 298 298 298 298 298 298 300 299 298 298 298 298 293 291 296 295 294 296 298 298 298 296 296 295 295 296 297 295 296 294 296 291 291 287 283 283 283 282 282 282 283 283 282 283 286 286 288 285 284 283 290 291 291 291 291 291 290 289 287 286 286 286
286 293 293 291 297 301 301 301 300 300 300 300 298 296 295 293 293 293 291 292 292 296 297 297 296 296 297 299 299 299 298 299 298 295 291 291 293 292 294 294 295 296 296 294 298 298 298 296 296 296 294 292 296 293 289 286 285 286 285 283 283 284 283 283 283 283 283 284 287 288 284 285 288 290 291 291 291 290 291 290 289 287 285 286
286 288 288 292 296 301 300 301 298 297 296 297 294 291 290 289 287 290 291 292 295 295 296 295 293 294 297 298 298 298 298 299 298 293 293 292 292 294 295 295 295 298 298 296 298 298 297 297 297 296 293 295 296 294 290 290 289 287 283 283 283 284 283 283 283 283 281 282 285 286 286 285 286 288 291 292 292 291 291 290 290 289 288 286
283 290 293 296 299 301 301 300 299 297 294 292 293 287 282 282 282 289 291 292 294 295 294 292 294 296 298 297 297 297 297 298 297 296 294 292 293 295 295 297 297 298 298 299 298 297 297 296 295 291 292 293 297 295 294 292 290 285 285 283 284 284 285 284 283 284 282 282 283 283 284 284 287 289 290 292 292 291 290 290 289 286 282 284
293 295 297 298 299 301 299 299 298 297 291 289 288 287 279 277 280 286 284 289 293 293 293 294 295 296 296 295 296 294 296 297 297 297 295 296 295 293 291 295 298 296 298 298 298 297 295 293 294 292 291 294 297 296 294 292 289 287 288 286 285 284 283 284 285 283 284 282 281 281 281 281 282 288 290 291 292 292 291 291 290 287 279 281
290 293 292 297 300 300 298 298 297 294 293 288 284 286 280 275 280 282 287 291 292 292 294 295 296 293 292 292 294 292 294 295 297 297 297 295 292 293 292 295 295 294 297 298 298 296 296 292 295 295 292 296 296 296 294 291 290 290 287 286 287 286 284 283 285 285 284 282 281 280 280 282 282 283 288 291 292 292 292 291 291 289 287 283
290 291 287 297 300 300 299 298 296 292 291 287 280 282 280 273 273 280 285 289 289 289 292 294 294 292 291 292 293 290 295 296 296 297 297 296 295 294 296 297 296 296 298 298 297 296 297 296 296 296 294 295 296 296 294 294 293 290 287 286 287 286 285 284 284 285 284 283 282 281 280 282 283 283 288 291 292 292 292 292 292 291 290 289
289 289 294 299 300 300 300 299 295 292 290 290 284 280 274 270 271 280 283 288 288 286 291 291 289 291 292 292 292 292 295 294 295 296 296 296 295 294 296 296 297 297 297 298 298 297 297 297 295 296 297 294 296 296 296 294 292 289 287 288 288 287 286 286 286 285 285 284 284 283 280 282 285 286 288 288 291 292 292 292 292 291 290 290
294 297 299 300 299 298 300 299 296 294 290 288 288 285 279 274 278 279 280 285 287 283 289 285 280 287 290 290 289 292 294 294 295 293 295 294 294 295 296 294 294 292 294 296 298 298 296 293 292 295 296 296 294 291 293 294 292 291 290 288 289 288 287 287 286 285 284 284 283 282 282 282 284 285 287 290 291 292 292 292 292 293 292 292
297 299 298 301 301 300 299 298 293 292 289 285 287 284 277 275 279 282 283 285 282 282 288 284 278 282 283 286 287 291 293 291 291 292 293 294 295 296 294 292 293 295 297 297 297 297 296 292 289 293 293 295 293 291 293 293 291 291 289 289 288 287 287 286 286 285 283 283 283 283 284 284 285 286 289 291 291 291 291 292 292 292 293 293
297 299 298 301 301 300 297 296 292 290 289 284 283 281 278 275 276 275 278 282 280 278 285 284 279 274 282 286 289 290 290 288 288 292 293 293 295 295 293 291 294 297 297 294 295 296 297 294 291 290 292 292 292 293 292 292 290 289 288 289 288 288 287 286 286 286 285 282 281 279 283 284 285 287 290 291 291 292 291 293 293 293 293 294
