08 Ecocrop/raster/current/tmax_3.asc
ncols        683
nrows        518
xllcorner    -87.691666666667
yllcorner    10.708333333333
cellsize     0.008333333333
NODATA_value  1.#QNAN
[rows 259 to 295 of 518, columns 168 to 251 of 683]
283 289 293 300 307 312 314 312 318 323 323 323 322 321 320 320 319 318 317 316 316 316 317 317 316 312 308 302 298 307 309 298 300 299 297 296 291 286 284 286 287 283 284 280 276 268 258 263 281 291 294 297 298 299 300 301 300 303 303 303 303 299 290 294 295 299 296 291 293 296 299 304 308 299 293 300 302 304 305 305 303 309 310 308
281 287 290 294 300 304 310 318 320 322 323 322 321 320 319 319 318 317 317 316 316 316 317 317 316 309 302 301 310 307 303 306 298 291 296 299 296 291 289 287 282 276 274 275 277 269 263 273 281 290 295 297 299 297 296 296 298 299 293 296 302 300 296 302 305 304 302 299 300 301 304 306 309 303 289 289 295 297 298 305 307 309 310 310
282 287 287 289 292 301 307 314 321 323 322 321 320 319 318 318 317 317 317 316 316 316 317 316 316 313 310 310 309 307 307 306 300 301 304 297 290 285 283 283 284 277 272 266 269 267 270 285 289 291 297 296 294 296 293 290 293 293 289 296 300 303 303 299 298 305 304 306 305 307 308 310 310 304 297 297 299 295 299 305 308 309 310 310
292 283 286 290 296 301 309 313 320 322 322 321 319 318 317 317 317 317 316 316 316 316 316 313 305 302 308 302 302 299 295 299 304 302 298 302 297 292 287 282 282 282 276 267 259 264 272 288 296 299 301 302 298 301 299 295 286 288 288 298 299 301 299 293 289 294 299 304 304 305 308 310 311 309 306 306 305 298 301 306 309 310 310 310
295 286 285 284 291 296 306 318 322 322 321 320 319 317 316 316 316 316 316 316 316 316 312 305 299 301 306 298 301 286 280 295 303 301 290 297 297 292 296 292 288 280 271 263 263 269 269 281 296 302 304 305 303 304 301 294 283 291 296 300 303 304 304 301 297 297 300 300 301 301 302 303 305 310 310 310 309 301 299 305 309 309 309 309
300 293 301 298 301 304 317 322 322 322 321 319 318 317 315 316 316 316 316 317 316 313 307 302 299 298 299 292 296 285 274 288 299 300 294 288 290 290 290 292 288 284 276 270 279 280 282 284 281 292 301 307 306 302 299 295 287 285 288 296 302 305 305 301 300 304 307 304 306 305 302 299 299 306 304 304 309 308 304 305 307 307 308 308
303 298 303 313 317 318 321 322 322 322 321 320 318 317 316 317 317 317 318 318 317 314 307 307 306 305 303 296 292 294 295 291 293 288 286 285 287 289 288 291 286 281 276 281 289 292 291 291 286 284 290 306 306 304 301 293 277 275 282 293 301 305 306 303 299 304 309 309 305 307 304 306 307 309 306 307 308 308 310 309 305 305 308 309
296 302 305 315 319 320 321 322 322 322 321 320 319 318 317 317 318 318 319 319 319 317 314 314 312 310 306 299 303 301 299 292 284 277 272 273 276 283 289 288 281 273 272 282 296 298 298 301 298 293 288 302 309 307 299 288 269 267 275 290 302 306 308 309 309 309 308 310 304 306 308 310 310 310 309 308 307 308 309 307 306 305 308 308
300 307 317 320 319 320 319 320 322 322 321 320 319 318 317 318 319 319 320 320 320 318 318 316 313 311 309 307 303 292 289 289 277 267 262 267 281 285 280 279 280 277 283 285 292 301 300 303 306 301 298 305 310 306 298 283 270 270 273 284 299 301 306 305 302 309 310 311 310 310 309 310 310 310 309 309 309 309 308 304 303 307 307 307
306 314 320 321 322 322 318 319 322 321 321 320 319 318 318 319 319 320 320 320 320 317 318 316 313 309 305 301 301 297 291 292 288 275 263 267 278 279 283 278 276 275 291 296 295 296 297 303 308 309 310 311 309 307 298 290 290 277 288 296 301 301 304 301 301 304 307 311 311 311 310 310 310 309 309 309 309 308 304 305 299 304 308 307
314 318 318 320 322 322 319 321 322 321 321 320 319 317 318 319 320 321 321 321 320 319 318 315 310 303 297 290 294 306 306 303 296 284 270 277 286 284 288 288 287 284 279 281 284 287 291 297 303 302 305 312 312 309 298 300 297 281 282 294 302 303 308 309 307 306 310 311 311 311 310 310 310 309 309 308 308 306 307 306 305 306 308 307
320 316 318 322 323 323 322 318 320 319 316 317 317 318 319 320 321 321 321 322 321 320 319 316 311 302 293 292 301 310 309 305 296 290 284 279 293 295 292 290 286 294 285 279 281 286 299 303 304 306 306 310 313 310 306 304 295 293 295 301 301 306 308 309 310 310 311 311 311 310 308 308 306 307 306 306 306 303 305 305 306 306 304 304
320 320 321 322 323 323 321 320 320 314 309 312 314 316 318 320 321 322 322 322 320 318 320 319 314 307 300 305 310 310 309 309 302 301 298 296 300 303 295 296 291 297 284 286 283 279 294 302 306 308 308 307 310 312 308 304 305 305 306 305 306 307 305 310 311 311 310 309 309 307 306 305 303 302 303 303 304 301 303 303 304 302 303 303
316 316 319 320 322 321 320 320 318 314 304 307 310 314 318 319 321 322 323 323 320 317 320 320 318 315 311 315 314 309 309 312 313 312 309 309 308 302 301 297 296 298 285 287 289 281 299 303 304 306 306 307 307 310 311 310 310 309 308 307 308 310 311 310 310 309 307 307 306 305 303 298 297 297 298 298 299 301 301 300 301 299 300 300
318 321 320 319 322 317 319 318 315 303 291 296 306 315 318 319 321 322 322 322 321 319 320 321 321 319 318 317 314 311 313 312 315 315 314 312 308 302 306 304 294 298 293 285 295 283 294 297 299 301 298 299 301 305 307 311 311 310 309 311 312 311 310 309 307 307 304 302 302 300 301 295 289 288 288 291 296 299 297 295 299 301 300 302
321 325 322 324 313 315 314 311 304 300 294 298 307 314 318 318 320 321 322 323 322 321 320 322 322 321 320 318 318 315 313 315 316 316 315 313 304 300 308 306 298 297 296 295 292 284 284 290 291 295 290 288 295 297 302 306 310 313 314 311 309 309 308 307 304 306 301 298 297 295 296 294 288 278 278 286 295 296 291 293 298 300 302 303
325 327 324 320 317 311 303 294 297 303 303 304 310 313 313 317 319 321 323 324 323 322 321 322 322 321 321 320 319 315 316 316 316 315 312 310 298 298 308 306 302 299 299 301 293 297 289 281 288 291 289 290 293 297 302 307 310 313 313 310 307 303 304 303 300 305 299 295 294 287 287 288 284 277 283 290 288 290 287 293 296 299 300 301
326 328 323 319 317 310 297 295 296 297 307 304 298 306 312 314 316 320 321 322 323 322 322 321 321 321 322 321 318 319 318 314 306 303 303 295 296 308 309 305 304 302 302 299 305 300 292 288 282 283 287 287 285 293 300 304 309 314 312 307 303 297 294 296 303 303 297 289 286 276 280 282 278 273 283 285 283 286 288 289 292 295 297 300
325 328 324 324 317 305 289 289 286 299 301 297 294 304 306 302 312 316 319 319 320 322 322 321 322 321 322 321 319 320 316 311 308 291 289 284 299 299 300 309 308 307 305 304 307 298 299 295 292 283 280 275 282 287 297 303 312 312 309 300 293 291 289 291 302 298 288 281 278 268 264 274 266 268 271 271 280 284 286 279 286 287 291 294
328 329 327 326 320 314 303 286 284 296 294 296 300 299 300 301 303 313 315 311 315 319 322 322 322 322 322 321 321 319 315 311 303 290 282 280 289 287 292 303 311 311 304 308 307 301 302 289 288 291 286 273 280 287 300 305 311 311 308 298 288 285 283 291 298 296 280 268 266 266 261 266 262 260 261 272 279 282 280 279 279 280 285 288
327 330 330 330 324 323 314 298 292 290 292 295 295 295 296 303 307 307 304 304 311 317 320 322 322 321 321 321 321 320 315 312 305 292 282 280 291 291 291 303 310 313 306 311 308 303 306 293 283 285 283 272 284 295 297 307 313 313 309 304 298 291 290 295 296 294 282 268 259 266 271 263 255 253 260 272 279 283 284 286 285 284 286 290
328 330 331 330 327 325 322 316 304 291 292 290 290 292 296 299 299 304 309 313 314 315 319 321 322 319 316 318 319 319 316 313 305 295 289 289 297 302 302 310 314 310 305 311 313 309 310 302 290 277 272 271 286 296 304 310 313 313 309 306 301 298 299 299 294 286 274 269 273 277 281 276 264 258 266 276 282 283 286 289 290 288 291 293
330 331 331 330 324 318 318 318 308 294 290 292 294 293 297 300 303 306 311 310 315 316 319 320 321 318 314 313 317 319 317 314 311 303 298 297 307 312 310 313 315 313 311 312 314 310 306 300 287 282 282 286 288 301 306 311 314 314 307 303 303 303 301 297 293 281 271 268 280 284 286 284 277 274 275 277 282 285 287 290 292 289 289 293
332 332 332 330 325 323 323 321 312 292 289 293 295 295 295 298 302 306 309 313 310 311 317 320 321 319 318 318 319 319 318 314 309 308 306 303 313 313 305 309 314 316 311 314 315 312 308 304 293 296 296 301 297 302 308 313 314 313 311 308 305 303 301 297 291 278 274 267 275 285 287 288 287 284 286 281 283 289 292 294 295 294 296 298
333 333 332 331 327 327 324 318 304 287 289 292 295 296 294 294 296 302 306 305 308 316 319 320 321 321 320 320 319 313 317 316 312 310 308 310 315 309 311 311 315 317 316 316 316 315 312 305 292 300 307 307 306 310 314 312 312 310 309 302 299 298 297 296 294 281 268 264 265 278 283 286 288 284 289 289 288 293 295 296 295 293 297 296
332 330 329 331 330 327 321 309 288 283 287 290 293 295 295 297 298 301 303 307 313 316 318 319 320 321 321 320 319 314 312 315 317 315 315 316 315 313 315 317 318 318 317 317 316 316 313 307 299 304 312 311 313 315 310 305 303 304 300 295 292 290 287 286 288 279 270 265 261 266 277 283 286 288 289 292 293 295 291 283 284 290 294 295
334 331 326 331 330 325 319 309 283 280 286 290 293 295 296 297 301 302 301 310 309 307 315 315 317 320 320 320 318 314 310 311 316 313 315 316 317 317 316 317 318 319 318 318 317 316 315 310 307 313 314 315 316 313 308 306 303 298 296 294 284 277 269 268 271 274 269 266 262 262 269 278 284 285 288 291 293 295 293 285 290 292 283 287
334 333 332 331 330 325 313 300 286 281 278 286 292 294 295 298 300 305 307 305 303 303 309 310 312 319 319 319 317 315 313 314 315 315 315 309 314 315 317 316 311 317 318 318 318 317 316 313 314 316 316 315 316 313 311 310 307 305 301 294 281 271 261 263 269 273 273 269 264 261 260 269 278 283 287 290 290 293 294 294 291 281 282 286
336 333 331 323 321 315 307 292 284 279 280 280 288 294 295 297 298 304 306 305 303 302 307 307 311 317 317 316 317 317 315 316 316 316 314 309 309 309 315 314 304 312 316 317 318 318 317 316 317 316 315 315 314 313 312 310 307 304 301 295 289 282 272 267 268 269 271 267 266 266 263 262 270 276 281 285 286 291 292 293 285 275 278 281
334 332 330 327 320 310 304 307 305 284 292 288 292 297 301 304 306 305 307 307 306 305 306 307 313 315 309 310 311 316 317 315 315 315 314 313 309 307 310 314 305 304 309 314 314 317 317 316 315 312 313 315 314 311 309 307 305 303 301 298 295 291 284 278 273 264 264 266 272 271 268 263 261 269 274 282 289 289 289 290 281 273 278 281
329 330 328 322 315 319 319 320 309 294 295 302 292 300 306 314 314 310 307 307 306 309 309 307 312 314 313 312 307 315 315 314 315 314 314 313 310 309 311 313 309 303 311 312 312 313 315 313 314 312 312 315 313 307 306 305 303 302 302 298 295 292 290 289 278 267 261 267 274 276 268 262 262 271 276 285 287 287 289 287 277 276 283 291
333 329 329 321 318 326 325 321 314 298 298 307 307 312 311 315 316 315 311 308 308 310 309 308 311 313 314 313 312 314 315 314 314 313 314 311 307 307 312 307 306 306 311 309 311 312 313 310 312 308 311 314 314 309 306 305 301 299 301 301 300 297 295 293 287 276 267 271 276 276 271 266 268 271 279 283 280 283 284 281 276 281 288 292
332 333 327 317 321 327 327 324 317 306 304 312 309 315 319 318 320 319 316 312 310 311 310 311 312 312 313 314 315 315 315 314 312 313 312 308 305 306 306 304 305 309 308 306 308 310 310 311 309 307 311 313 314 311 309 305 299 297 299 300 299 294 294 293 292 283 279 280 279 277 273 270 270 269 272 273 273 276 276 275 283 289 290 286
336 332 328 324 327 329 328 321 316 316 319 321 315 320 320 324 323 320 318 315 313 310 310 311 308 309 313 314 315 314 313 313 311 313 312 308 305 307 306 304 300 303 303 299 305 307 309 308 305 305 308 313 314 309 304 301 298 298 297 298 300 301 300 298 293 286 288 282 279 277 277 275 272 270 268 265 267 272 276 281 286 287 284 283
339 336 335 333 331 331 329 320 320 325 323 320 318 326 324 321 320 318 318 316 313 309 310 310 309 309 312 312 313 313 314 314 311 308 311 308 307 305 307 305 305 301 298 299 306 308 307 305 305 306 311 314 313 310 302 301 302 303 303 303 306 302 295 292 290 291 294 276 271 272 272 274 270 270 268 266 270 281 286 287 288 286 286 291
340 338 337 335 332 330 329 325 326 326 325 321 324 328 324 324 321 314 311 313 312 307 307 309 309 310 313 312 312 312 314 312 309 303 303 302 306 307 309 307 305 299 302 305 306 306 307 309 309 311 313 314 313 312 308 305 303 297 295 294 303 307 301 290 281 290 297 282 272 269 268 269 268 269 268 268 272 281 287 288 290 289 289 294
338 338 338 336 334 329 331 329 330 330 329 328 329 330 329 326 325 318 315 314 314 312 311 311 310 311 312 312 312 311 314 313 309 303 300 301 303 306 308 308 302 293 297 299 303 307 311 313 313 314 313 313 313 312 311 306 304 300 299 301 305 308 300 287 282 294 299 286 275 267 267 268 269 270 270 271 274 283 287 289 291 291 291 294
