08 Ecocrop/raster/current/tmax_10.asc
ncols        683
nrows        518
xllcorner    -87.691666666667
yllcorner    10.708333333333
cellsize     0.008333333333
NODATA_value  1.#QNAN
[rows 370 to 406 of 518, columns 168 to 251 of 683]
259 260 260 262 262 264 266 267 268 270 271 272 274 276 278 282 286 287 285 286 286 287 285 283 282 281 280 282 294 298 298 298 299 297 295 297 298 299 300 300 301 301 301 300 299 299 298 298 298 298 298 298 298 297 297 297 297 297 297 297 297 297 297 297 297 297 297 297 297 297 297 297 297 297 297 297 297 297 297 297 297 297 297 297
260 261 262 262 263 265 266 269 270 270 272 274 275 277 278 282 283 282 281 282 282 283 282 281 279 277 276 283 296 297 297 298 298 299 295 296 298 299 300 300 301 301 301 300 300 299 298 298 298 298 298 298 298 297 297 297 297 297 297 297 297 297 297 297 297 297 297 297 297 297 297 297 297 297 297 297 297 297 297 297 297 296 296 296
262 261 262 263 264 266 268 269 270 271 272 274 276 278 279 280 281 279 279 279 280 281 280 279 278 275 273 285 296 297 297 297 298 299 294 295 297 299 299 300 300 301 301 300 299 299 298 298 298 298 298 297 297 297 297 297 297 297 297 297 297 297 297 297 297 297 297 297 297 297 297 297 296 296 296 296 296 296 296 296 296 296 296 296
264 263 263 264 265 266 267 268 269 271 272 273 275 276 277 279 279 278 278 278 279 279 279 278 277 275 275 287 296 297 297 297 298 298 294 295 296 298 299 299 300 301 300 300 299 298 298 298 297 297 297 297 297 297 297 297 297 297 297 297 297 297 297 297 297 297 296 296 296 296 296 296 296 296 296 296 296 296 296 296 296 296 296 296
266 266 265 265 265 266 267 268 269 270 272 273 275 276 277 278 278 278 277 278 278 278 278 277 277 276 276 283 291 295 296 293 294 293 288 293 295 297 298 299 299 299 300 299 299 298 297 297 297 297 297 297 297 297 297 297 297 297 297 297 297 297 297 296 296 296 296 296 296 296 296 296 296 296 296 296 296 296 296 296 296 296 296 296
268 268 267 266 266 266 266 267 268 270 271 272 274 276 276 277 277 277 277 277 278 278 278 278 278 278 278 279 280 286 286 281 282 282 285 292 294 296 297 298 298 298 298 299 299 298 297 297 297 297 297 297 297 297 297 297 297 297 297 297 297 296 296 296 296 296 296 296 296 296 296 296 296 296 296 296 296 296 296 296 296 296 296 296
270 269 269 268 268 267 267 267 267 269 271 272 273 275 276 276 277 277 277 277 278 278 279 279 279 279 280 281 281 281 281 281 281 283 287 289 290 294 296 297 297 296 296 298 299 298 298 297 297 297 297 297 297 297 297 297 297 297 297 297 296 296 296 296 296 296 296 296 296 296 296 296 296 296 296 296 296 296 296 296 296 296 296 296
271 270 271 270 269 269 268 268 268 268 269 271 273 274 275 276 276 277 277 277 279 279 280 280 280 281 282 282 283 282 282 283 284 285 285 286 288 290 292 294 295 293 294 296 298 298 298 297 297 297 297 297 297 297 297 297 297 297 297 296 296 296 296 296 296 296 296 296 296 296 296 296 296 296 296 296 296 296 296 296 296 296 296 296
273 272 272 271 270 270 270 270 269 269 270 271 272 274 274 275 276 276 277 277 279 280 281 281 282 282 283 284 283 284 284 285 285 286 286 286 286 287 289 289 291 292 293 294 298 298 297 297 297 297 297 297 297 297 297 297 297 296 296 296 296 296 296 296 296 296 296 296 296 296 296 296 296 296 296 296 296 296 296 296 296 296 296 296
275 274 273 272 271 271 271 271 271 271 271 271 272 274 275 275 276 277 277 278 280 281 282 283 283 284 284 285 285 285 285 285 286 286 285 284 282 283 284 285 286 289 290 292 296 297 297 297 297 297 297 297 297 297 297 297 296 296 296 296 296 296 296 296 296 296 296 296 296 296 296 296 296 296 296 296 296 296 296 296 296 296 296 296
276 276 274 274 273 273 272 273 272 272 272 272 273 274 275 275 276 277 278 279 280 282 283 284 285 285 285 286 286 286 287 286 286 285 280 280 278 276 277 277 280 285 286 289 292 295 297 297 297 297 297 297 297 297 296 296 296 296 296 296 296 296 296 296 296 296 296 296 296 296 296 296 296 296 296 296 296 296 296 296 296 296 296 296
279 277 276 276 275 275 274 274 273 273 273 273 274 275 275 276 277 278 278 279 281 283 284 285 286 286 287 287 287 287 288 287 285 282 277 271 267 265 266 266 276 280 281 284 289 293 296 297 297 296 296 296 296 296 296 296 296 296 296 296 296 296 296 296 296 296 296 296 296 296 296 296 296 296 296 296 296 296 296 296 296 296 296 296
280 279 278 277 277 277 276 276 275 275 275 275 275 276 276 277 278 278 279 280 281 283 285 286 287 287 288 288 288 288 289 288 285 283 277 268 260 250 251 257 269 271 274 280 286 293 296 297 296 296 296 296 296 296 296 296 296 296 296 296 296 296 296 296 296 296 296 296 296 296 296 296 296 296 296 296 296 296 296 296 296 296 296 296
281 280 279 279 278 278 277 277 277 276 276 276 276 277 277 278 278 279 280 280 282 283 285 287 288 288 288 289 289 289 290 288 286 284 279 272 264 248 253 247 252 264 273 281 284 288 293 297 297 296 296 296 296 296 296 296 296 296 296 296 296 296 296 296 296 296 296 296 296 296 296 296 296 296 296 296 295 295 295 295 295 295 295 295
282 282 281 280 280 279 279 278 278 278 278 277 278 278 278 278 279 280 281 281 282 284 286 287 288 289 289 290 290 290 291 289 288 286 282 277 270 262 268 255 259 270 278 283 286 288 292 295 297 296 296 296 296 296 296 296 296 296 296 296 296 296 296 296 296 296 296 296 295 295 295 295 295 295 295 295 295 295 295 295 295 295 295 295
284 283 282 281 281 281 280 280 279 279 279 279 279 279 279 280 280 281 281 282 283 285 286 287 288 289 290 291 291 291 291 291 290 288 286 283 279 274 275 272 272 279 285 287 288 289 289 290 296 297 296 296 296 296 296 296 296 296 296 296 296 296 296 296 295 295 295 295 295 295 295 295 295 295 295 295 295 295 295 295 295 295 295 295
285 284 283 283 283 282 282 281 281 280 280 280 280 280 281 281 282 282 282 283 284 285 286 287 289 290 290 291 292 293 293 293 292 290 289 288 286 284 284 283 284 287 290 292 294 292 291 293 297 297 296 296 296 296 296 296 296 296 295 295 295 295 295 295 295 295 295 295 295 295 295 295 295 295 295 295 295 295 295 295 295 295 295 295
286 286 285 285 284 284 283 283 283 282 282 282 282 282 282 282 283 283 284 284 285 286 287 288 289 290 291 292 293 294 294 294 293 292 292 292 290 290 290 290 292 292 294 295 296 295 295 296 297 297 296 296 296 296 296 296 296 295 295 295 295 295 295 295 295 295 295 295 295 295 295 295 295 295 295 295 295 295 295 295 295 295 295 295
288 287 287 286 286 285 285 285 284 284 283 283 283 283 283 284 284 284 285 285 286 287 288 289 290 291 292 293 294 295 295 295 295 294 294 294 293 293 294 295 295 296 296 297 296 296 297 297 297 297 296 296 296 296 296 296 296 295 295 295 295 295 295 295 295 295 295 295 295 295 295 295 295 295 295 295 295 295 295 295 295 295 295 295
289 289 288 288 287 287 286 286 286 285 285 285 285 285 285 285 285 285 286 286 287 288 289 291 291 292 293 294 295 295 296 296 296 295 295 295 295 295 296 296 297 298 297 297 297 296 296 296 296 296 296 296 296 296 296 296 296 295 295 295 295 295 295 295 295 295 295 295 295 295 295 295 295 295 295 295 295 295 295 295 295 295 295 295
291 290 290 289 289 288 288 288 287 287 286 286 286 286 286 286 286 286 287 287 288 289 290 291 292 293 293 294 295 296 296 296 296 296 296 296 296 296 297 297 298 297 297 297 297 296 296 296 296 296 296 296 295 296 296 296 295 295 294 295 295 295 295 295 295 295 295 295 295 295 295 295 295 295 295 295 295 295 295 295 295 295 295 295
292 292 291 290 290 290 289 289 289 289 288 288 288 287 287 287 287 287 288 288 289 290 291 292 293 294 294 295 295 296 296 296 296 296 296 296 296 297 297 297 297 297 297 297 296 296 296 296 296 296 296 295 294 294 294 294 294 295 289 293 295 295 295 295 295 295 295 295 295 295 295 295 295 295 295 295 295 295 295 295 295 295 295 295
293 293 292 292 291 291 291 291 290 290 289 289 289 289 288 288 288 288 289 289 290 291 292 293 294 295 295 295 296 296 296 296 296 296 296 296 296 296 296 296 297 296 297 297 296 296 296 296 296 296 296 293 290 291 290 290 288 290 290 294 295 295 295 295 295 295 295 295 294 294 294 294 294 294 294 294 294 294 294 295 295 295 295 295
295 294 293 292 292 293 293 293 292 291 291 290 290 290 289 289 289 289 289 290 291 292 293 294 295 295 296 296 296 296 297 297 296 296 296 296 295 296 296 295 296 296 296 297 296 296 296 296 296 295 293 290 287 290 290 284 280 280 286 292 295 295 295 295 295 295 294 294 294 294 294 294 294 294 294 294 294 294 294 294 294 294 295 295
296 295 295 293 294 294 294 294 294 293 292 291 291 290 289 290 289 289 290 291 291 292 293 294 295 296 296 296 296 297 297 297 297 297 297 297 296 296 296 296 296 296 296 297 297 296 296 296 296 295 292 288 282 285 286 280 274 273 281 290 294 295 295 295 295 294 294 294 294 294 294 294 294 294 294 294 294 294 294 294 294 294 294 294
296 296 295 293 295 295 295 294 294 294 293 292 291 291 290 290 288 289 291 291 292 293 293 294 295 296 296 296 296 296 297 296 296 296 297 297 296 296 296 297 296 296 297 297 297 297 296 296 296 296 295 291 285 282 283 280 279 277 282 289 294 295 295 294 294 294 294 294 294 294 294 294 294 294 294 294 294 294 294 294 294 294 294 294
296 297 296 296 296 295 295 295 294 294 294 292 291 291 291 289 286 291 292 292 292 293 294 294 295 295 296 296 296 297 297 297 297 297 297 297 297 296 296 297 297 297 297 297 297 297 296 296 296 296 296 294 290 290 288 289 288 286 285 289 294 295 294 294 294 294 294 294 294 294 294 294 294 294 294 294 294 294 294 294 294 294 294 294
298 298 297 297 296 296 296 295 294 294 293 293 292 290 290 290 290 291 292 292 292 293 293 294 294 295 295 296 296 296 297 297 297 297 297 298 298 297 297 297 297 297 297 297 297 297 297 296 296 296 294 294 295 295 294 295 294 293 291 292 294 294 294 294 294 294 294 294 294 294 294 294 294 294 294 294 294 294 294 294 294 294 294 294
299 297 296 296 296 295 294 293 292 293 292 291 291 289 289 289 290 291 290 290 291 291 292 293 292 293 293 293 295 296 296 296 297 297 298 298 298 298 298 297 297 297 297 297 297 297 297 296 296 296 295 295 295 295 295 295 295 295 295 294 294 294 294 294 294 294 294 294 294 294 294 294 294 294 294 294 294 294 294 294 294 294 294 294
294 293 295 296 296 295 294 293 293 292 291 290 289 287 287 287 290 290 288 289 289 289 291 291 291 292 294 293 294 295 296 295 296 297 298 298 298 298 298 298 297 297 297 297 296 297 297 297 296 296 295 296 295 295 295 295 295 294 294 294 294 294 294 294 294 294 294 294 294 294 294 294 294 294 294 294 294 294 294 294 294 294 294 294
295 297 297 296 295 295 293 294 295 294 291 292 290 287 286 289 290 288 285 287 287 287 289 288 290 293 294 295 295 295 296 297 297 297 298 298 298 298 298 298 297 297 297 297 297 296 297 297 297 296 296 296 295 295 295 295 295 294 294 294 294 294 294 294 294 294 294 294 294 294 294 294 294 294 294 294 294 294 294 294 294 294 294 294
297 295 295 294 295 294 294 295 296 293 292 292 289 286 288 288 287 286 283 283 286 286 286 287 287 291 292 295 295 296 296 296 297 297 297 298 298 298 298 298 297 297 297 297 297 297 295 297 297 296 296 296 295 295 295 295 294 294 294 294 294 294 294 294 294 294 294 294 294 294 294 294 294 294 294 294 294 294 294 294 294 294 294 294
297 295 296 296 296 295 295 296 296 295 292 289 288 287 288 285 279 283 282 281 283 288 287 288 290 291 292 294 294 294 294 295 295 295 296 296 297 298 298 298 298 298 298 298 297 297 296 295 296 296 296 296 295 295 295 295 294 294 294 294 294 294 294 294 294 294 294 294 294 294 294 294 294 294 294 294 294 294 294 294 294 294 294 294
298 297 298 297 297 297 296 294 292 292 288 285 284 287 285 279 277 283 283 283 285 289 289 291 291 290 292 292 293 292 292 293 292 291 292 295 297 298 298 298 298 298 298 298 298 297 297 295 295 296 296 296 296 295 295 295 294 294 294 294 294 294 294 294 294 294 294 294 294 294 294 294 294 294 294 294 294 294 294 294 294 294 294 294
299 298 299 299 299 297 294 293 290 290 286 284 286 284 281 274 277 285 286 284 289 290 287 288 291 289 290 291 292 291 291 291 292 292 293 296 297 297 298 298 298 298 298 298 298 298 298 297 297 296 296 296 296 295 295 295 294 294 294 294 294 294 294 294 294 294 294 294 294 294 294 294 294 294 294 294 294 294 294 294 294 294 294 294
300 299 299 299 298 297 295 293 292 289 284 284 289 285 283 278 284 290 287 288 290 291 286 287 289 292 291 290 292 290 291 293 292 294 295 297 297 297 297 297 298 298 298 298 298 298 298 297 297 297 296 296 296 295 295 295 294 294 294 294 294 294 294 294 294 294 294 294 294 294 294 294 294 294 294 294 294 294 294 294 294 294 294 294
300 300 299 298 295 294 294 291 291 285 285 290 289 288 286 284 288 293 291 291 292 291 289 291 290 293 293 292 291 291 291 292 293 295 296 296 297 297 297 297 297 297 297 298 298 298 298 298 297 297 296 296 296 295 295 295 294 294 294 294 294 294 294 294 294 294 294 294 294 294 294 294 294 294 294 294 294 294 294 294 294 294 294 294
