08 Ecocrop/raster/current/tmax_7.asc
ncols        683
nrows        518
xllcorner    -87.691666666667
yllcorner    10.708333333333
cellsize     0.008333333333
NODATA_value  1.#QNAN
[rows 333 to 369 of 518, columns 252 to 335 of 683]
288 289 289 288 286 287 288 289 288 286 286 289 291 289 284 284 279 276 279 285 279 277 286 286 286 286 284 284 284 282 279 278 271 262 261 262 265 269 271 271 271 271 270 269 269 269 268 265 266 263 262 263 268 266 265 264 265 262 262 264 268 271 273 271 272 273 273 275 280 281 280 282 278 279 279 278 277 278 281 279 279 280 280 279
281 282 284 284 285 286 288 289 290 288 288 291 292 289 288 284 283 280 283 288 286 281 285 288 287 285 283 285 285 285 282 269 262 264 270 269 268 268 270 269 270 271 269 269 269 269 267 266 269 267 266 268 269 268 268 266 263 263 266 266 267 271 274 275 274 274 273 272 280 282 282 282 281 281 280 279 278 279 281 280 280 281 280 279
276 276 278 281 280 282 287 289 290 290 289 288 292 291 292 290 285 284 286 288 291 289 285 287 289 284 282 286 283 280 274 267 270 274 275 273 270 270 271 270 271 271 269 268 269 269 268 269 270 270 269 269 271 269 267 266 264 267 269 269 270 271 275 275 275 274 274 275 280 282 282 282 283 281 279 278 278 278 279 280 281 281 280 279
278 276 274 278 280 286 289 290 288 289 292 291 292 289 289 290 285 288 291 293 293 293 292 291 290 287 286 288 280 279 276 281 279 278 282 277 275 271 271 272 271 270 268 265 268 269 270 269 270 271 271 271 272 270 268 268 268 269 272 272 271 273 276 276 275 273 276 276 281 282 282 282 282 281 280 279 279 280 280 280 281 281 281 280
285 283 282 285 287 291 292 292 289 290 292 293 293 289 289 291 289 288 292 295 294 294 293 292 290 292 291 285 280 284 281 285 280 283 282 279 278 275 272 273 271 269 267 267 268 267 268 268 270 270 271 271 272 270 270 270 268 268 271 274 275 275 277 277 275 275 278 280 281 282 282 281 282 281 280 279 279 278 278 278 280 280 281 281
291 289 289 290 291 293 294 294 291 290 293 294 294 292 290 287 289 289 291 292 295 295 294 292 291 293 292 284 286 289 288 287 285 282 279 276 277 276 274 274 272 269 266 264 263 265 269 270 270 269 270 271 273 274 273 271 272 270 269 272 273 276 278 277 278 277 279 279 281 280 280 281 281 280 279 278 278 277 276 278 280 280 282 282
290 287 293 293 294 294 294 294 294 292 292 295 295 292 290 289 292 287 290 291 294 295 294 294 291 293 292 290 291 286 287 285 282 281 279 275 273 275 274 274 271 268 267 267 266 269 270 271 271 270 271 272 274 274 273 273 272 272 272 271 271 276 277 278 277 277 278 279 280 279 279 280 279 280 278 277 277 276 276 277 279 279 280 281
293 294 295 295 295 295 295 295 295 293 295 295 295 292 292 293 294 289 291 294 294 296 295 295 293 294 293 291 284 283 282 281 279 279 282 273 270 271 272 272 272 271 270 270 272 273 273 273 274 273 271 273 275 275 273 274 273 275 275 275 276 277 277 277 277 275 277 277 278 278 279 279 278 278 276 276 276 275 276 277 278 278 280 279
293 294 295 295 295 296 296 296 296 296 293 293 292 292 291 295 295 293 294 296 296 297 295 293 295 294 292 291 290 287 288 286 283 285 284 278 270 267 264 269 270 268 268 271 272 273 273 274 275 275 275 276 276 276 275 275 275 277 277 277 278 278 278 278 277 277 277 276 276 277 276 276 276 276 274 275 275 276 276 277 278 278 278 278
289 292 294 295 296 296 296 297 295 296 297 296 294 292 289 293 296 297 296 297 297 297 297 295 294 294 294 293 292 289 290 287 289 289 286 279 266 262 258 261 266 267 268 267 271 271 271 273 273 274 272 276 278 277 276 277 276 276 278 278 278 278 279 278 278 278 277 276 275 273 270 269 272 273 271 272 274 275 276 277 277 276 277 277
280 287 293 294 295 295 295 294 297 297 297 295 294 293 292 292 295 297 297 297 298 298 297 296 296 296 297 295 294 293 289 292 293 291 287 278 269 266 262 261 262 266 264 266 268 267 266 273 275 276 269 272 274 278 278 278 277 276 276 277 278 278 278 279 279 278 277 277 275 271 268 265 266 268 265 266 271 273 275 275 274 274 276 276
278 283 288 292 294 295 296 294 297 297 297 296 295 293 294 294 295 296 298 298 298 298 298 298 297 298 297 297 296 293 293 295 294 292 289 279 270 275 269 264 254 256 261 264 266 267 268 271 275 277 273 272 273 277 279 280 278 276 276 276 277 278 278 279 279 278 277 276 272 272 267 268 266 264 264 265 265 269 273 273 274 277 278 279
280 279 285 290 293 294 295 296 297 297 297 297 297 297 295 294 296 297 297 297 298 299 299 299 298 298 297 297 297 296 296 296 295 293 291 279 272 279 275 263 261 259 265 269 270 273 273 273 277 277 278 277 277 277 278 280 280 278 276 276 277 278 279 279 279 279 277 275 274 273 269 271 266 265 268 269 266 268 273 274 275 277 279 281
280 278 281 288 290 293 294 295 296 297 298 298 298 298 297 297 297 298 297 296 298 299 299 299 299 299 299 299 299 298 298 297 295 294 293 287 286 284 275 275 267 265 269 272 275 275 276 276 278 279 279 280 280 278 278 280 280 279 277 275 274 274 275 277 279 279 278 276 276 275 271 273 269 266 269 271 266 266 271 275 276 276 279 282
283 280 279 282 284 287 288 291 293 296 295 296 297 298 298 298 298 298 294 294 295 296 298 299 299 299 300 300 299 299 298 297 297 295 293 288 277 280 282 279 273 270 270 274 276 276 277 278 279 280 280 281 281 280 280 281 281 279 278 277 276 276 278 280 280 280 278 277 277 276 274 274 272 271 274 272 269 266 270 276 278 281 282 282
287 283 282 279 279 282 282 282 286 292 288 290 296 297 298 298 298 297 295 291 290 291 296 298 299 300 300 300 299 299 298 297 295 294 293 288 280 272 271 270 268 264 265 270 275 278 279 278 280 281 281 280 281 281 281 280 281 280 278 278 277 276 275 276 280 281 278 278 278 277 276 276 272 275 275 268 267 267 271 278 279 278 280 282
295 291 290 284 284 289 287 279 276 285 284 288 296 297 298 298 298 298 298 294 295 292 295 299 298 297 298 299 300 299 298 296 295 295 290 288 286 280 276 265 261 264 269 273 275 277 279 279 281 281 280 279 280 281 281 281 281 281 280 279 277 278 278 278 280 281 279 280 279 278 278 277 273 276 277 272 272 270 273 275 275 276 281 282
299 296 293 287 290 294 288 282 280 287 292 293 294 295 297 298 299 299 299 299 299 298 297 300 298 298 299 298 299 299 294 294 296 295 293 290 286 283 277 269 261 269 275 278 278 280 280 282 281 281 281 281 281 282 282 281 281 281 281 280 280 281 281 282 281 281 280 281 280 279 279 277 276 278 278 276 275 269 272 275 276 279 282 281
300 299 295 290 290 295 291 285 280 285 292 292 291 293 294 296 298 299 299 299 300 300 300 300 299 298 299 300 300 298 296 296 295 294 291 288 289 282 276 267 263 272 279 281 280 281 281 282 281 281 281 281 281 282 281 282 282 280 279 281 281 282 281 282 282 282 281 281 280 280 280 280 277 280 279 277 274 270 270 274 276 280 282 280
298 301 297 293 293 296 293 288 284 283 288 286 285 288 289 294 297 297 298 299 298 298 300 300 299 298 299 300 300 298 298 296 296 296 293 286 282 282 277 272 270 276 280 282 282 282 282 281 281 280 279 280 281 281 281 278 280 281 279 279 279 281 282 282 282 282 282 282 282 281 282 281 279 281 280 278 275 274 276 276 279 282 282 281
300 301 300 298 294 298 296 294 294 293 292 285 280 283 287 294 297 297 297 299 298 299 300 300 300 300 300 300 299 299 298 298 298 297 295 289 282 283 281 281 281 280 281 283 284 283 284 283 281 279 279 280 281 281 281 279 277 278 278 278 279 281 281 282 281 280 280 282 283 282 283 283 282 282 282 281 280 279 279 279 280 279 280 283
301 301 301 300 299 300 299 297 298 297 290 279 274 277 287 291 296 298 298 299 299 300 300 300 300 300 300 300 299 299 298 299 299 298 296 293 287 288 289 287 282 281 282 283 283 286 284 282 282 282 280 279 279 279 279 280 276 276 277 277 278 279 279 280 280 278 280 282 282 282 282 282 282 282 283 282 282 282 282 282 280 278 281 281
300 301 301 301 300 298 300 300 299 295 287 275 273 272 280 288 292 295 296 298 299 300 300 299 299 299 299 300 300 300 299 299 299 298 297 294 291 291 287 282 282 283 283 281 283 285 287 286 284 285 282 280 280 280 280 279 276 275 275 276 278 278 277 278 279 279 281 281 280 281 281 281 281 281 283 283 281 282 282 282 281 282 281 279
300 300 300 301 300 298 299 300 299 293 284 281 284 278 276 276 281 289 293 297 298 300 299 298 298 298 297 298 300 300 299 299 295 296 297 295 294 290 284 282 280 280 283 283 283 283 284 285 288 287 284 284 283 281 280 279 277 277 277 275 278 279 278 277 277 277 280 280 280 280 281 281 281 282 283 283 282 282 283 283 283 282 281 279
299 299 300 300 299 296 295 300 300 295 290 294 294 290 281 272 275 282 289 295 295 298 297 298 298 297 296 297 300 300 300 298 292 293 296 295 295 292 290 289 285 279 279 282 283 283 281 282 285 286 287 289 287 281 280 279 278 276 276 277 278 278 277 278 277 276 275 277 277 279 281 282 283 284 284 284 283 283 283 283 283 281 280 279
298 299 299 299 299 299 298 300 300 300 298 299 297 291 283 276 275 277 285 294 298 299 299 300 297 297 298 299 301 301 300 299 293 294 294 291 294 293 293 292 289 283 279 280 282 285 281 283 281 284 286 289 289 285 281 281 282 276 272 274 276 277 277 276 274 274 274 276 277 279 281 283 284 284 284 284 284 284 284 283 281 281 280 279
298 298 298 298 299 298 299 299 300 299 295 297 297 290 283 284 276 276 280 291 298 300 301 301 300 300 299 300 301 301 300 299 297 297 294 295 296 295 295 294 290 282 286 287 284 286 290 289 284 285 289 291 292 287 287 285 286 278 279 277 279 278 276 272 268 268 273 275 274 277 282 284 284 284 284 283 283 284 284 283 281 281 281 280
298 298 298 298 298 298 298 299 300 300 300 300 297 293 292 286 280 279 279 293 300 301 301 301 301 301 301 301 301 301 301 300 300 299 299 298 298 297 296 294 293 290 289 290 283 282 289 291 289 290 290 292 292 287 289 288 288 286 285 282 279 277 277 274 271 275 276 277 279 282 283 283 284 283 282 282 282 282 283 283 282 281 280 281
297 298 298 298 298 298 298 299 300 300 300 301 298 296 292 288 286 286 282 289 299 302 302 302 301 301 301 301 301 301 301 301 300 300 300 299 299 298 297 296 293 294 293 292 285 284 289 293 292 292 292 293 292 289 290 291 288 288 282 279 277 276 276 273 276 278 278 281 282 283 283 283 283 282 280 281 281 281 282 283 282 280 279 280
298 298 298 298 298 298 298 299 300 301 298 296 299 299 292 294 288 292 290 295 301 302 302 301 301 301 301 301 301 301 301 301 301 300 300 300 299 299 297 296 291 295 292 286 289 290 294 294 294 295 295 294 293 293 292 289 285 285 278 276 276 276 277 276 278 280 283 282 282 282 282 282 280 280 278 280 281 280 282 282 282 279 278 280
298 298 298 298 298 298 298 298 300 301 301 299 301 301 298 298 292 293 297 300 302 302 302 302 302 302 302 301 301 301 301 301 299 300 300 300 299 299 298 297 294 296 293 287 281 290 295 295 295 296 296 295 294 294 292 289 283 278 280 277 279 280 282 282 283 285 285 283 281 280 281 280 278 279 279 280 280 280 282 280 279 279 276 277
298 298 298 298 298 298 298 298 299 300 297 301 302 301 301 302 300 299 300 302 302 302 302 302 302 301 299 298 301 301 301 301 300 300 300 300 300 300 299 298 297 295 291 287 287 289 296 296 296 297 296 296 295 295 293 291 288 284 285 283 282 285 285 284 287 287 285 283 277 271 277 280 276 276 279 279 280 280 281 277 275 275 274 277
298 298 298 298 298 298 298 298 299 300 297 302 302 302 302 303 303 303 303 302 302 302 302 302 302 301 299 298 299 300 301 301 301 301 301 300 300 300 299 297 297 294 291 292 291 294 296 297 297 297 297 297 296 296 295 292 289 290 288 288 287 288 288 287 288 288 286 280 277 271 274 279 277 274 277 276 277 274 276 278 272 270 271 271
298 298 298 298 298 298 298 298 299 300 301 302 302 302 303 303 304 303 303 303 302 302 302 302 301 301 301 298 296 297 301 300 301 301 301 301 300 300 299 298 297 295 295 294 295 295 296 298 298 298 297 297 297 295 295 295 293 292 289 291 290 290 289 287 289 286 284 283 281 276 274 273 270 272 279 277 274 272 276 269 267 264 268 274
298 298 298 298 298 298 298 298 299 299 300 301 302 302 303 303 303 303 303 303 302 302 302 302 302 301 300 299 295 296 299 298 301 301 301 301 300 300 300 299 298 297 296 294 296 293 296 297 298 298 298 297 297 292 292 296 294 294 293 290 289 291 291 290 290 288 286 284 281 279 280 277 273 278 280 278 271 270 271 270 265 268 270 276
298 298 298 298 298 298 298 298 298 299 300 301 301 302 302 303 303 303 303 302 302 302 302 302 302 302 301 300 296 294 298 299 299 300 301 301 300 300 300 299 299 298 297 297 298 296 298 298 298 298 298 298 297 294 293 296 296 295 295 292 291 290 291 291 291 288 285 282 281 284 281 283 275 283 278 273 276 270 266 264 265 268 275 276
298 298 298 298 298 298 298 298 298 299 300 301 301 302 302 302 303 303 303 302 302 302 302 302 302 302 302 301 300 295 299 299 300 300 301 301 300 300 300 300 298 298 299 298 298 298 298 298 298 297 298 298 297 295 295 296 297 296 295 294 292 291 292 293 291 288 288 285 283 285 285 281 282 285 281 279 280 273 265 266 267 266 270 271
