08 Ecocrop/raster/current/tmax_10.asc
ncols        683
nrows        518
xllcorner    -87.691666666667
yllcorner    10.708333333333
cellsize     0.008333333333
NODATA_value  1.#QNAN
[rows 148 to 184 of 518, columns 84 to 167 of 683]
1.#QNAN 1.#QNAN 1.#QNAN 1.#QNAN 1.#QNAN 1.#QNAN 1.#QNAN 1.#QNAN 1.#QNAN 1.#QNAN 1.#QNAN 1.#QNAN 1.#QNAN 1.#QNAN 1.#QNAN 1.#QNAN 1.#QNAN 1.#QNAN 1.#QNAN 1.#QNAN 1.#QNAN 1.#QNAN 1.#QNAN 1.#QNAN 1.#QNAN 1.#QNAN 1.#QNAN 1.#QNAN 1.#QNAN 1.#QNAN 1.#QNAN 288 284 283 280 278 278 277 278 1.#QNAN 1.#QNAN 1.#QNAN 1.#QNAN 268 1.#QNAN 1.#QNAN 1.#QNAN 261 260 256 256 260 258 252 257 257 256 1.#QNAN 1.#QNAN 1.#QNAN 1.#QNAN 1.#QNAN 1.#QNAN 1.#QNAN 1.#QNAN 1.#QNAN 1.#QNAN 1.#QNAN 1.#QNAN 1.#QNAN 1.#QNAN 1.#QNAN 1.#QNAN 1.#QNAN 1.#QNAN 1.#QNAN 1.#QNAN 1.#QNAN 1.#QNAN 1.#QNAN 253 257 262 267
1.#QNAN 1.#QNAN 1.#QNAN 1.#QNAN 1.#QNAN 1.#QNAN 1.#QNAN 1.#QNAN 1.#QNAN 1.#QNAN 1.#QNAN 1.#QNAN 1.#QNAN 1.#QNAN 1.#QNAN 1.#QNAN 1.#QNAN 1.#QNAN 1.#QNAN 1.#QNAN 1.#QNAN 1.#QNAN 1.#QNAN 1.#QNAN 1.#QNAN 1.#QNAN 1.#QNAN 1.#QNAN 1.#QNAN 1.#QNAN 292 288 285 281 278 277 277 274 275 276 273 272 269 263 259 261 260 252 252 257 255 255 262 260 262 259 253 254 1.#QNAN 1.#QNAN 1.#QNAN 1.#QNAN 1.#QNAN 230 228 230 1.#QNAN 1.#QNAN 1.#QNAN 1.#QNAN 1.#QNAN 1.#QNAN 1.#QNAN 1.#QNAN 1.#QNAN 1.#QNAN 1.#QNAN 1.#QNAN 1.#QNAN 241 248 255 263 268
1.#QNAN 1.#QNAN 1.#QNAN 1.#QNAN 1.#QNAN 1.#QNAN 1.#QNAN 1.#QNAN 1.#QNAN 1.#QNAN 1.#QNAN 1.#QNAN 1.#QNAN 1.#QNAN 1.#QNAN 1.#QNAN 1.#QNAN 1.#QNAN 1.#QNAN 1.#QNAN 1.#QNAN 1.#QNAN 1.#QNAN 1.#QNAN 1.#QNAN 1.#QNAN 1.#QNAN 302 296 291 290 287 284 282 279 275 272 270 273 271 271 267 264 264 258 254 255 253 252 254 255 251 257 264 263 263 257 252 250 238 233 230 232 231 228 222 231 1.#QNAN 1.#QNAN 1.#QNAN 1.#QNAN 1.#QNAN 1.#QNAN 226 236 1.#QNAN 1.#QNAN 1.#QNAN 240 235 245 251 260 265
1.#QNAN 1.#QNAN 1.#QNAN 1.#QNAN 1.#QNAN 1.#QNAN 1.#QNAN 1.#QNAN 1.#QNAN 1.#QNAN 1.#QNAN 1.#QNAN 1.#QNAN 1.#QNAN 1.#QNAN 1.#QNAN 1.#QNAN 1.#QNAN 1.#QNAN 1.#QNAN 1.#QNAN 1.#QNAN 1.#QNAN 1.#QNAN 1.#QNAN 1.#QNAN 299 299 294 291 289 286 285 283 281 278 274 272 272 270 268 264 267 265 258 259 266 263 260 258 256 258 256 260 266 265 260 259 257 247 233 231 234 234 235 221 220 213 211 216 211 213 225 223 232 234 232 235 242 236 246 255 253 263
1.#QNAN 1.#QNAN 1.#QNAN 1.#QNAN 1.#QNAN 1.#QNAN 1.#QNAN 1.#QNAN 1.#QNAN 1.#QNAN 1.#QNAN 1.#QNAN 1.#QNAN 1.#QNAN 1.#QNAN 1.#QNAN 1.#QNAN 1.#QNAN 1.#QNAN 1.#QNAN 1.#QNAN 1.#QNAN 1.#QNAN 1.#QNAN 1.#QNAN 1.#QNAN 302 296 294 291 288 285 283 284 282 280 278 276 273 270 266 261 266 268 264 267 268 266 262 261 261 264 260 258 262 267 262 262 260 252 235 229 236 241 240 227 232 228 217 222 220 221 232 228 231 242 234 236 249 249 253 256 260 265
1.#QNAN 1.#QNAN 1.#QNAN 1.#QNAN 1.#QNAN 1.#QNAN 1.#QNAN 1.#QNAN 1.#QNAN 1.#QNAN 1.#QNAN 1.#QNAN 1.#QNAN 1.#QNAN 1.#QNAN 1.#QNAN 1.#QNAN 1.#QNAN 1.#QNAN 1.#QNAN 1.#QNAN 1.#QNAN 1.#QNAN 1.#QNAN 1.#QNAN 1.#QNAN 299 301 296 293 290 286 284 283 283 282 280 277 276 272 269 264 268 271 271 271 267 265 260 264 264 266 263 258 259 262 267 266 260 246 239 234 242 245 247 238 239 243 235 236 234 226 235 243 235 239 246 244 250 256 256 263 266 267
1.#QNAN 1.#QNAN 1.#QNAN 1.#QNAN 1.#QNAN 1.#QNAN 1.#QNAN 1.#QNAN 1.#QNAN 1.#QNAN 1.#QNAN 1.#QNAN 1.#QNAN 1.#QNAN 1.#QNAN 1.#QNAN 1.#QNAN 1.#QNAN 1.#QNAN 1.#QNAN 1.#QNAN 1.#QNAN 1.#QNAN 1.#QNAN 1.#QNAN 1.#QNAN 1.#QNAN 302 300 297 295 290 285 283 284 283 281 280 278 274 270 265 267 273 273 273 268 267 266 269 268 268 265 259 260 262 266 267 256 249 246 248 247 252 250 244 250 251 249 244 233 230 235 248 248 244 251 255 255 261 262 265 267 270
1.#QNAN 1.#QNAN 1.#QNAN 1.#QNAN 1.#QNAN 1.#QNAN 1.#QNAN 1.#QNAN 1.#QNAN 1.#QNAN 1.#QNAN 1.#QNAN 1.#QNAN 1.#QNAN 1.#QNAN 1.#QNAN 1.#QNAN 1.#QNAN 1.#QNAN 1.#QNAN 1.#QNAN 1.#QNAN 1.#QNAN 1.#QNAN 1.#QNAN 1.#QNAN 1.#QNAN 304 302 300 298 292 287 284 287 285 283 282 279 275 269 265 269 274 275 274 273 272 272 271 268 267 266 262 259 261 265 270 266 260 257 251 257 256 259 253 253 258 255 246 238 235 238 249 256 252 256 260 260 263 266 267 267 270
1.#QNAN 1.#QNAN 1.#QNAN 1.#QNAN 1.#QNAN 1.#QNAN 1.#QNAN 1.#QNAN 1.#QNAN 1.#QNAN 1.#QNAN 1.#QNAN 1.#QNAN 1.#QNAN 1.#QNAN 1.#QNAN 1.#QNAN 1.#QNAN 1.#QNAN 1.#QNAN 1.#QNAN 1.#QNAN 1.#QNAN 1.#QNAN 1.#QNAN 1.#QNAN 1.#QNAN 304 303 302 300 297 290 289 287 286 285 283 278 273 266 269 272 276 277 276 275 274 274 271 267 264 265 261 258 259 264 270 272 266 259 259 256 261 265 260 259 261 253 252 249 240 244 247 259 258 259 264 267 267 268 270 270 271
1.#QNAN 1.#QNAN 1.#QNAN 1.#QNAN 1.#QNAN 1.#QNAN 1.#QNAN 1.#QNAN 1.#QNAN 1.#QNAN 1.#QNAN 1.#QNAN 1.#QNAN 1.#QNAN 1.#QNAN 1.#QNAN 1.#QNAN 1.#QNAN 1.#QNAN 1.#QNAN 1.#QNAN 1.#QNAN 1.#QNAN 1.#QNAN 1.#QNAN 1.#QNAN 1.#QNAN 304 303 303 302 300 296 292 290 289 285 281 273 266 268 272 275 277 277 276 275 275 273 271 269 265 261 261 254 255 258 263 273 272 269 269 263 265 268 266 260 264 255 259 254 246 252 252 260 265 262 262 269 271 269 269 273 272
1.#QNAN 1.#QNAN 1.#QNAN 1.#QNAN 1.#QNAN 1.#QNAN 1.#QNAN 1.#QNAN 1.#QNAN 1.#QNAN 1.#QNAN 1.#QNAN 1.#QNAN 1.#QNAN 1.#QNAN 1.#QNAN 1.#QNAN 1.#QNAN 1.#QNAN 1.#QNAN 1.#QNAN 1.#QNAN 1.#QNAN 1.#QNAN 1.#QNAN 1.#QNAN 304 304 303 303 301 298 296 293 292 289 284 277 265 263 270 273 276 276 276 272 269 272 272 269 265 262 257 258 252 253 257 259 266 276 275 274 268 270 271 271 268 269 263 265 257 255 258 262 264 269 265 265 265 271 273 268 274 275
1.#QNAN 1.#QNAN 1.#QNAN 1.#QNAN 1.#QNAN 1.#QNAN 1.#QNAN 1.#QNAN 1.#QNAN 1.#QNAN 1.#QNAN 1.#QNAN 1.#QNAN 1.#QNAN 1.#QNAN 1.#QNAN 1.#QNAN 1.#QNAN 1.#QNAN 1.#QNAN 1.#QNAN 1.#QNAN 1.#QNAN 1.#QNAN 1.#QNAN 1.#QNAN 303 304 304 303 300 298 294 293 290 287 282 273 266 268 269 273 277 276 275 270 266 272 275 271 266 262 259 259 258 260 257 262 269 273 279 277 273 271 274 276 270 274 271 270 268 262 268 269 269 272 267 270 268 266 272 273 275 275
1.#QNAN 1.#QNAN 1.#QNAN 1.#QNAN 1.#QNAN 1.#QNAN 1.#QNAN 1.#QNAN 1.#QNAN 1.#QNAN 1.#QNAN 1.#QNAN 1.#QNAN 1.#QNAN 1.#QNAN 1.#QNAN 1.#QNAN 1.#QNAN 1.#QNAN 1.#QNAN 1.#QNAN 1.#QNAN 1.#QNAN 1.#QNAN 1.#QNAN 298 302 299 301 301 301 298 296 292 286 281 282 272 269 270 274 276 276 276 275 270 265 272 276 274 272 268 265 265 265 268 266 265 272 278 281 278 275 277 276 279 278 278 276 276 275 272 270 271 274 274 272 274 276 276 278 277 277 278
1.#QNAN 1.#QNAN 1.#QNAN 1.#QNAN 1.#QNAN 1.#QNAN 1.#QNAN 1.#QNAN 1.#QNAN 1.#QNAN 1.#QNAN 1.#QNAN 1.#QNAN 1.#QNAN 1.#QNAN 1.#QNAN 1.#QNAN 1.#QNAN 1.#QNAN 1.#QNAN 1.#QNAN 1.#QNAN 1.#QNAN 1.#QNAN 1.#QNAN 294 299 295 294 291 292 292 296 292 287 282 282 276 271 265 272 277 277 276 276 273 270 271 276 276 274 269 271 270 269 267 274 273 273 279 283 281 276 277 281 282 281 278 278 278 277 277 276 276 278 278 279 279 279 280 281 281 281 281
1.#QNAN 1.#QNAN 1.#QNAN 1.#QNAN 1.#QNAN 1.#QNAN 1.#QNAN 1.#QNAN 1.#QNAN 1.#QNAN 1.#QNAN 1.#QNAN 1.#QNAN 1.#QNAN 1.#QNAN 1.#QNAN 1.#QNAN 1.#QNAN 1.#QNAN 1.#QNAN 1.#QNAN 1.#QNAN 1.#QNAN 1.#QNAN 296 291 294 291 285 280 280 282 291 293 290 286 286 281 271 268 270 270 278 277 277 278 275 274 276 279 274 270 274 275 272 270 276 276 277 281 284 283 279 274 279 283 283 283 283 283 280 281 281 281 280 280 280 281 281 282 282 283 281 279
1.#QNAN 1.#QNAN 1.#QNAN 1.#QNAN 1.#QNAN 1.#QNAN 1.#QNAN 1.#QNAN 1.#QNAN 1.#QNAN 1.#QNAN 1.#QNAN 1.#QNAN 1.#QNAN 1.#QNAN 1.#QNAN 1.#QNAN 1.#QNAN 1.#QNAN 1.#QNAN 1.#QNAN 1.#QNAN 1.#QNAN 1.#QNAN 286 287 287 285 282 277 278 284 290 295 293 290 288 279 272 268 268 270 276 280 280 280 279 279 279 280 276 273 274 277 276 276 278 280 281 278 281 285 283 279 280 284 285 285 285 285 284 284 284 283 282 282 282 282 283 282 283 283 283 280
1.#QNAN 1.#QNAN 1.#QNAN 1.#QNAN 1.#QNAN 1.#QNAN 1.#QNAN 1.#QNAN 1.#QNAN 1.#QNAN 1.#QNAN 1.#QNAN 1.#QNAN 1.#QNAN 1.#QNAN 1.#QNAN 1.#QNAN 1.#QNAN 1.#QNAN 1.#QNAN 1.#QNAN 1.#QNAN 1.#QNAN 1.#QNAN 281 281 281 281 283 281 283 284 290 293 294 291 286 278 274 271 272 272 273 275 279 282 282 281 281 279 277 273 276 278 279 279 277 281 284 278 276 281 286 287 287 286 286 286 286 287 285 285 285 285 284 283 283 284 284 283 283 284 284 282
1.#QNAN 1.#QNAN 1.#QNAN 1.#QNAN 1.#QNAN 1.#QNAN 1.#QNAN 1.#QNAN 1.#QNAN 1.#QNAN 1.#QNAN 1.#QNAN 1.#QNAN 1.#QNAN 1.#QNAN 1.#QNAN 1.#QNAN 1.#QNAN 1.#QNAN 1.#QNAN 1.#QNAN 1.#QNAN 1.#QNAN 1.#QNAN 1.#QNAN 278 281 283 283 284 287 288 290 292 290 286 282 284 281 275 269 266 264 267 273 278 282 284 283 281 281 280 279 276 280 282 283 282 283 284 286 288 289 288 289 288 288 287 288 288 287 286 286 286 285 285 285 286 285 284 284 285 285 285
1.#QNAN 1.#QNAN 1.#QNAN 1.#QNAN 1.#QNAN 1.#QNAN 1.#QNAN 1.#QNAN 1.#QNAN 1.#QNAN 1.#QNAN 1.#QNAN 1.#QNAN 1.#QNAN 1.#QNAN 1.#QNAN 1.#QNAN 1.#QNAN 1.#QNAN 1.#QNAN 1.#QNAN 1.#QNAN 1.#QNAN 1.#QNAN 1.#QNAN 1.#QNAN 1.#QNAN 1.#QNAN 284 286 288 290 291 289 288 281 277 276 277 277 269 261 258 265 273 276 281 283 284 284 284 284 281 280 282 283 286 285 285 288 289 290 290 290 290 289 289 289 289 289 288 288 288 287 286 287 287 286 285 285 285 286 286 284
1.#QNAN 1.#QNAN 1.#QNAN 1.#QNAN 1.#QNAN 1.#QNAN 1.#QNAN 1.#QNAN 1.#QNAN 1.#QNAN 1.#QNAN 1.#QNAN 1.#QNAN 1.#QNAN 1.#QNAN 1.#QNAN 1.#QNAN 1.#QNAN 1.#QNAN 1.#QNAN 1.#QNAN 1.#QNAN 1.#QNAN 1.#QNAN 1.#QNAN 1.#QNAN 1.#QNAN 1.#QNAN 284 285 286 288 289 287 283 280 276 274 273 277 271 264 268 272 276 276 277 280 283 283 285 286 285 285 285 285 287 288 289 290 290 291 290 291 290 290 290 290 290 290 290 290 288 286 284 286 287 287 287 286 285 285 285 285
1.#QNAN 1.#QNAN 1.#QNAN 1.#QNAN 1.#QNAN 1.#QNAN 1.#QNAN 1.#QNAN 1.#QNAN 1.#QNAN 1.#QNAN 1.#QNAN 1.#QNAN 1.#QNAN 1.#QNAN 1.#QNAN 1.#QNAN 1.#QNAN 1.#QNAN 1.#QNAN 1.#QNAN 1.#QNAN 1.#QNAN 1.#QNAN 1.#QNAN 1.#QNAN 1.#QNAN 1.#QNAN 282 283 285 286 284 282 277 277 274 273 274 276 272 267 268 269 271 269 270 275 281 281 281 281 285 286 287 287 288 289 290 290 291 291 291 291 291 290 290 290 289 287 287 289 289 288 287 284 287 287 287 285 284 284 283 285
1.#QNAN 1.#QNAN 1.#QNAN 1.#QNAN 1.#QNAN 1.#QNAN 1.#QNAN 1.#QNAN 1.#QNAN 1.#QNAN 1.#QNAN 1.#QNAN 1.#QNAN 1.#QNAN 1.#QNAN 1.#QNAN 1.#QNAN 1.#QNAN 1.#QNAN 1.#QNAN 1.#QNAN 1.#QNAN 1.#QNAN 1.#QNAN 1.#QNAN 1.#QNAN 1.#QNAN 277 279 282 283 283 279 278 274 273 269 268 271 274 272 267 260 258 261 261 264 274 279 279 274 274 278 281 282 286 288 289 289 290 291 291 291 289 289 288 288 287 282 279 279 284 287 288 289 287 287 287 285 285 283 283 285 283
1.#QNAN 1.#QNAN 1.#QNAN 1.#QNAN 1.#QNAN 1.#QNAN 1.#QNAN 1.#QNAN 1.#QNAN 1.#QNAN 1.#QNAN 1.#QNAN 1.#QNAN 1.#QNAN 1.#QNAN 1.#QNAN 1.#QNAN 1.#QNAN 1.#QNAN 1.#QNAN 1.#QNAN 1.#QNAN 1.#QNAN 1.#QNAN 1.#QNAN 1.#QNAN 1.#QNAN 274 277 278 281 279 274 268 265 266 265 268 270 273 274 268 261 260 263 265 267 274 275 272 272 277 282 281 282 285 287 286 286 289 289 289 288 286 286 285 284 280 274 277 280 284 285 286 287 288 287 285 284 285 282 283 285 281
1.#QNAN 1.#QNAN 1.#QNAN 1.#QNAN 1.#QNAN 1.#QNAN 1.#QNAN 1.#QNAN 1.#QNAN 1.#QNAN 1.#QNAN 1.#QNAN 1.#QNAN 1.#QNAN 1.#QNAN 1.#QNAN 1.#QNAN 1.#QNAN 1.#QNAN 1.#QNAN 1.#QNAN 1.#QNAN 1.#QNAN 1.#QNAN 1.#QNAN 1.#QNAN 1.#QNAN 271 274 272 276 272 271 262 259 257 262 262 265 270 276 273 270 270 271 273 274 277 273 269 275 280 285 285 286 288 285 281 281 282 283 286 284 280 280 278 278 280 280 281 283 284 285 286 286 287 287 287 288 287 287 285 283 280
1.#QNAN 1.#QNAN 1.#QNAN 1.#QNAN 1.#QNAN 1.#QNAN 1.#QNAN 1.#QNAN 1.#QNAN 1.#QNAN 1.#QNAN 1.#QNAN 1.#QNAN 1.#QNAN 1.#QNAN 1.#QNAN 1.#QNAN 1.#QNAN 1.#QNAN 1.#QNAN 1.#QNAN 1.#QNAN 1.#QNAN 1.#QNAN 1.#QNAN 1.#QNAN 265 268 271 269 273 269 265 264 258 257 263 269 271 274 277 277 277 276 277 273 276 279 277 275 280 282 285 285 287 286 286 286 285 283 282 283 280 273 271 274 277 279 281 282 283 282 280 280 282 281 282 281 282 283 281 286 281 278
1.#QNAN 1.#QNAN 1.#QNAN 1.#QNAN 1.#QNAN 1.#QNAN 1.#QNAN 1.#QNAN 1.#QNAN 1.#QNAN 1.#QNAN 1.#QNAN 1.#QNAN 1.#QNAN 1.#QNAN 1.#QNAN 1.#QNAN 1.#QNAN 1.#QNAN 1.#QNAN 1.#QNAN 1.#QNAN 1.#QNAN 1.#QNAN 1.#QNAN 1.#QNAN 262 266 268 269 267 268 266 264 263 265 270 273 277 278 280 280 280 279 280 278 279 281 281 279 281 284 286 284 284 285 286 284 285 286 284 282 278 271 262 272 278 280 281 281 279 274 272 273 273 271 273 273 276 281 284 285 281 277
1.#QNAN 1.#QNAN 1.#QNAN 1.#QNAN 1.#QNAN 1.#QNAN 1.#QNAN 1.#QNAN 1.#QNAN 1.#QNAN 1.#QNAN 1.#QNAN 1.#QNAN 1.#QNAN 1.#QNAN 1.#QNAN 1.#QNAN 1.#QNAN 1.#QNAN 1.#QNAN 1.#QNAN 1.#QNAN 1.#QNAN 1.#QNAN 1.#QNAN 1.#QNAN 257 260 262 262 261 262 260 255 261 265 267 272 274 278 281 281 281 282 282 282 283 282 282 283 285 285 284 281 281 283 285 282 284 283 282 279 277 271 261 271 276 278 279 278 274 274 275 276 273 269 271 274 278 281 283 286 282 281
1.#QNAN 1.#QNAN 1.#QNAN 1.#QNAN 1.#QNAN 1.#QNAN 1.#QNAN 1.#QNAN 1.#QNAN 1.#QNAN 1.#QNAN 1.#QNAN 1.#QNAN 1.#QNAN 1.#QNAN 1.#QNAN 1.#QNAN 1.#QNAN 1.#QNAN 1.#QNAN 1.#QNAN 1.#QNAN 1.#QNAN 1.#QNAN 1.#QNAN 1.#QNAN 1.#QNAN 255 259 264 265 265 259 257 266 263 262 272 277 280 282 282 283 283 283 284 284 284 284 285 282 282 280 280 282 284 283 281 282 283 282 281 278 274 271 274 275 274 275 273 272 271 272 274 276 273 274 277 277 279 283 286 285 285
1.#QNAN 1.#QNAN 1.#QNAN 1.#QNAN 1.#QNAN 1.#QNAN 1.#QNAN 1.#QNAN 1.#QNAN 1.#QNAN 1.#QNAN 1.#QNAN 1.#QNAN 1.#QNAN 1.#QNAN 1.#QNAN 1.#QNAN 1.#QNAN 1.#QNAN 1.#QNAN 1.#QNAN 1.#QNAN 1.#QNAN 1.#QNAN 1.#QNAN 1.#QNAN 1.#QNAN 1.#QNAN 1.#QNAN 266 269 263 258 266 268 265 270 274 276 281 283 283 284 284 284 285 285 285 285 285 283 284 282 280 282 282 281 278 281 279 279 277 276 276 276 276 276 274 270 269 270 270 272 275 277 276 274 278 279 279 282 285 286 287
1.#QNAN 1.#QNAN 1.#QNAN 1.#QNAN 1.#QNAN 1.#QNAN 1.#QNAN 1.#QNAN 1.#QNAN 1.#QNAN 1.#QNAN 1.#QNAN 1.#QNAN 1.#QNAN 1.#QNAN 1.#QNAN 1.#QNAN 1.#QNAN 1.#QNAN 1.#QNAN 1.#QNAN 1.#QNAN 1.#QNAN 1.#QNAN 1.#QNAN 1.#QNAN 1.#QNAN 1.#QNAN 1.#QNAN 266 268 267 264 268 271 272 277 279 279 283 284 284 284 284 285 285 285 285 284 284 284 283 283 280 280 281 280 280 280 279 278 276 276 275 276 276 276 272 270 269 268 268 269 270 274 277 275 278 281 282 282 282 285 287
1.#QNAN 1.#QNAN 1.#QNAN 1.#QNAN 1.#QNAN 1.#QNAN 1.#QNAN 1.#QNAN 1.#QNAN 1.#QNAN 1.#QNAN 1.#QNAN 1.#QNAN 1.#QNAN 1.#QNAN 1.#QNAN 1.#QNAN 1.#QNAN 1.#QNAN 1.#QNAN 1.#QNAN 1.#QNAN 1.#QNAN 1.#QNAN 1.#QNAN 1.#QNAN 1.#QNAN 1.#QNAN 1.#QNAN 261 266 270 271 271 275 277 280 281 283 284 284 285 285 285 286 286 285 285 284 284 283 281 281 281 280 280 279 279 279 278 278 273 275 276 276 276 274 273 271 271 266 266 265 269 275 278 277 279 279 278 279 283 282 285
1.#QNAN 1.#QNAN 1.#QNAN 1.#QNAN 1.#QNAN 1.#QNAN 1.#QNAN 1.#QNAN 1.#QNAN 1.#QNAN 1.#QNAN 1.#QNAN 1.#QNAN 1.#QNAN 1.#QNAN 1.#QNAN 1.#QNAN 1.#QNAN 1.#QNAN 1.#QNAN 1.#QNAN 1.#QNAN 1.#QNAN 1.#QNAN 1.#QNAN 1.#QNAN 1.#QNAN 1.#QNAN 1.#QNAN 260 265 272 274 275 276 279 280 277 281 284 284 284 285 286 286 286 285 284 283 283 282 281 280 277 279 278 275 274 277 278 279 277 273 274 277 277 279 277 274 271 268 264 264 272 275 276 276 276 275 278 280 281 281 284
1.#QNAN 1.#QNAN 1.#QNAN 1.#QNAN 1.#QNAN 1.#QNAN 1.#QNAN 1.#QNAN 1.#QNAN 1.#QNAN 1.#QNAN 1.#QNAN 1.#QNAN 1.#QNAN 1.#QNAN 1.#QNAN 1.#QNAN 1.#QNAN 1.#QNAN 1.#QNAN 1.#QNAN 1.#QNAN 1.#QNAN 1.#QNAN 1.#QNAN 1.#QNAN 1.#QNAN 1.#QNAN 1.#QNAN 257 263 269 273 271 274 277 277 278 282 283 283 282 285 286 286 284 284 283 283 282 282 281 280 277 275 275 269 268 272 277 278 278 278 276 274 277 279 280 277 276 274 270 266 268 271 273 274 275 277 279 278 279 282 282
1.#QNAN 1.#QNAN 1.#QNAN 1.#QNAN 1.#QNAN 1.#QNAN 1.#QNAN 1.#QNAN 1.#QNAN 1.#QNAN 1.#QNAN 1.#QNAN 1.#QNAN 1.#QNAN 1.#QNAN 1.#QNAN 1.#QNAN 1.#QNAN 1.#QNAN 1.#QNAN 1.#QNAN 1.#QNAN 1.#QNAN 1.#QNAN 1.#QNAN 1.#QNAN 1.#QNAN 1.#QNAN 1.#QNAN 1.#QNAN 264 269 272 270 272 276 278 280 281 283 281 284 285 285 284 284 281 283 282 281 280 280 279 276 267 264 271 274 276 276 277 277 278 278 277 275 276 280 281 278 277 275 272 268 273 273 274 275 277 276 277 277 278 279
1.#QNAN 1.#QNAN 1.#QNAN 1.#QNAN 1.#QNAN 1.#QNAN 1.#QNAN 1.#QNAN 1.#QNAN 1.#QNAN 1.#QNAN 1.#QNAN 1.#QNAN 1.#QNAN 1.#QNAN 1.#QNAN 1.#QNAN 1.#QNAN 1.#QNAN 1.#QNAN 1.#QNAN 1.#QNAN 1.#QNAN 1.#QNAN 1.#QNAN 1.#QNAN 1.#QNAN 1.#QNAN 1.#QNAN 1.#QNAN 262 267 268 269 267 271 277 275 274 279 282 284 283 280 280 282 281 281 282 280 279 278 278 275 273 270 274 278 278 275 276 275 276 279 279 278 280 281 282 280 279 279 278 276 275 274 274 273 276 278 280 281 282 283
1.#QNAN 1.#QNAN 1.#QNAN 1.#QNAN 1.#QNAN 1.#QNAN 1.#QNAN 1.#QNAN 1.#QNAN 1.#QNAN 1.#QNAN 1.#QNAN 1.#QNAN 1.#QNAN 1.#QNAN 1.#QNAN 1.#QNAN 1.#QNAN 1.#QNAN 1.#QNAN 1.#QNAN 1.#QNAN 1.#QNAN 1.#QNAN 1.#QNAN 1.#QNAN 1.#QNAN 1.#QNAN 1.#QNAN 1.#QNAN 263 265 271 273 272 271 276 271 268 277 284 280 276 274 278 280 279 280 281 280 278 273 275 275 276 276 277 278 279 276 274 276 277 280 281 282 282 282 283 282 281 281 281 280 277 279 279 278 279 280 281 282 282 285
1.#QNAN 1.#QNAN 1.#QNAN 1.#QNAN 1.#QNAN 1.#QNAN 1.#QNAN 1.#QNAN 1.#QNAN 1.#QNAN 1.#QNAN 1.#QNAN 1.#QNAN 1.#QNAN 1.#QNAN 1.#QNAN 1.#QNAN 1.#QNAN 1.#QNAN 1.#QNAN 1.#QNAN 1.#QNAN 1.#QNAN 1.#QNAN 1.#QNAN 1.#QNAN 1.#QNAN 1.#QNAN 1.#QNAN 1.#QNAN 265 268 272 275 274 273 279 272 271 278 283 275 269 272 276 279 278 279 279 279 277 272 269 272 275 277 278 279 279 280 279 277 278 278 278 282 283 283 283 284 283 283 283 281 279 280 281 281 280 282 283 285 286 282
