08 Ecocrop/raster/current/tmax_3.asc
ncols        683
nrows        518
xllcorner    -87.691666666667
yllcorner    10.708333333333
cellsize     0.008333333333
NODATA_value  1.#QNAN
[rows 185 to 221 of 518, columns 84 to 167 of 683]
1.#QNAN 1.#QNAN 1.#QNAN 1.#QNAN 1.#QNAN 1.#QNAN 1.#QNAN 1.#QNAN 1.#QNAN 1.#QNAN 1.#QNAN 1.#QNAN 1.#QNAN 1.#QNAN 1.#QNAN 1.#QNAN 1.#QNAN 1.#QNAN 1.#QNAN 1.#QNAN 1.#QNAN 1.#QNAN 1.#QNAN 1.#QNAN 1.#QNAN 1.#QNAN 1.#QNAN 1.#QNAN 1.#QNAN 1.#QNAN 290 293 296 297 296 295 305 301 298 307 306 303 299 301 305 304 301 301 300 299 295 288 287 288 294 298 299 296 299 303 304 303 300 304 304 303 305 307 307 308 308 307 306 302 301 301 303 305 303 305 307 308 305 298
1.#QNAN 1.#QNAN 1.#QNAN 1.#QNAN 1.#QNAN 1.#QNAN 1.#QNAN 1.#QNAN 1.#QNAN 1.#QNAN 1.#QNAN 1.#QNAN 1.#QNAN 1.#QNAN 1.#QNAN 1.#QNAN 1.#QNAN 1.#QNAN 1.#QNAN 1.#QNAN 1.#QNAN 1.#QNAN 1.#QNAN 1.#QNAN 1.#QNAN 1.#QNAN 1.#QNAN 1.#QNAN 1.#QNAN 1.#QNAN 295 298 299 297 291 294 306 307 308 309 309 307 307 307 307 304 301 299 295 296 293 284 284 288 294 296 294 296 297 299 303 305 304 302 304 306 307 307 308 310 310 310 308 305 303 303 304 306 307 308 304 301 297 289
1.#QNAN 1.#QNAN 1.#QNAN 1.#QNAN 1.#QNAN 1.#QNAN 1.#QNAN 1.#QNAN 1.#QNAN 1.#QNAN 1.#QNAN 1.#QNAN 1.#QNAN 1.#QNAN 1.#QNAN 1.#QNAN 1.#QNAN 1.#QNAN 1.#QNAN 1.#QNAN 1.#QNAN 1.#QNAN 1.#QNAN 1.#QNAN 1.#QNAN 1.#QNAN 1.#QNAN 1.#QNAN 1.#QNAN 1.#QNAN 1.#QNAN 300 301 295 297 300 306 302 307 309 308 306 305 307 306 304 301 298 295 293 292 287 284 290 287 290 292 298 300 301 303 302 303 304 305 305 307 309 309 311 311 311 309 305 303 304 305 307 308 305 299 288 283 279
1.#QNAN 1.#QNAN 1.#QNAN 1.#QNAN 1.#QNAN 1.#QNAN 1.#QNAN 1.#QNAN 1.#QNAN 1.#QNAN 1.#QNAN 1.#QNAN 1.#QNAN 1.#QNAN 1.#QNAN 1.#QNAN 1.#QNAN 1.#QNAN 1.#QNAN 1.#QNAN 1.#QNAN 1.#QNAN 1.#QNAN 1.#QNAN 1.#QNAN 1.#QNAN 1.#QNAN 1.#QNAN 1.#QNAN 1.#QNAN 1.#QNAN 294 297 299 300 298 304 303 307 305 306 307 304 304 305 301 300 296 291 286 287 288 286 283 285 292 294 297 297 300 302 302 302 304 306 308 308 309 310 311 312 312 312 310 309 309 307 309 307 303 296 280 272 279
1.#QNAN 1.#QNAN 1.#QNAN 1.#QNAN 1.#QNAN 1.#QNAN 1.#QNAN 1.#QNAN 1.#QNAN 1.#QNAN 1.#QNAN 1.#QNAN 1.#QNAN 1.#QNAN 1.#QNAN 1.#QNAN 1.#QNAN 1.#QNAN 1.#QNAN 1.#QNAN 1.#QNAN 1.#QNAN 1.#QNAN 1.#QNAN 1.#QNAN 1.#QNAN 1.#QNAN 1.#QNAN 1.#QNAN 1.#QNAN 1.#QNAN 284 288 295 294 300 300 302 300 304 306 306 304 303 301 300 297 295 290 285 282 283 282 278 281 286 291 295 298 298 302 303 305 305 306 306 307 309 310 311 312 312 312 310 309 306 307 306 305 303 295 277 276 281
1.#QNAN 1.#QNAN 1.#QNAN 1.#QNAN 1.#QNAN 1.#QNAN 1.#QNAN 1.#QNAN 1.#QNAN 1.#QNAN 1.#QNAN 1.#QNAN 1.#QNAN 1.#QNAN 1.#QNAN 1.#QNAN 1.#QNAN 1.#QNAN 1.#QNAN 1.#QNAN 1.#QNAN 1.#QNAN 1.#QNAN 1.#QNAN 1.#QNAN 1.#QNAN 1.#QNAN 1.#QNAN 1.#QNAN 1.#QNAN 1.#QNAN 1.#QNAN 281 291 298 300 293 293 300 302 303 303 301 301 299 298 295 292 287 279 274 275 275 272 279 283 286 289 294 295 300 302 301 301 301 303 305 307 309 311 311 311 311 308 307 303 303 303 301 302 293 282 281 276
1.#QNAN 1.#QNAN 1.#QNAN 1.#QNAN 1.#QNAN 1.#QNAN 1.#QNAN 1.#QNAN 1.#QNAN 1.#QNAN 1.#QNAN 1.#QNAN 1.#QNAN 1.#QNAN 1.#QNAN 1.#QNAN 1.#QNAN 1.#QNAN 1.#QNAN 1.#QNAN 1.#QNAN 1.#QNAN 1.#QNAN 1.#QNAN 1.#QNAN 1.#QNAN 1.#QNAN 1.#QNAN 1.#QNAN 1.#QNAN 1.#QNAN 1.#QNAN 283 290 296 298 293 292 298 298 295 302 299 298 298 296 292 289 281 268 261 264 269 275 283 290 293 295 297 300 301 299 301 303 302 304 305 305 308 310 310 312 311 307 305 301 298 298 295 296 287 288 280 273
1.#QNAN 1.#QNAN 1.#QNAN 1.#QNAN 1.#QNAN 1.#QNAN 1.#QNAN 1.#QNAN 1.#QNAN 1.#QNAN 1.#QNAN 1.#QNAN 1.#QNAN 1.#QNAN 1.#QNAN 1.#QNAN 1.#QNAN 1.#QNAN 1.#QNAN 1.#QNAN 1.#QNAN 1.#QNAN 1.#QNAN 1.#QNAN 1.#QNAN 1.#QNAN 1.#QNAN 1.#QNAN 1.#QNAN 1.#QNAN 1.#QNAN 275 286 293 296 297 293 293 295 294 293 299 298 294 292 294 291 284 277 257 247 262 275 283 288 289 293 293 297 300 302 303 303 303 304 305 306 306 307 309 310 311 309 308 304 302 300 299 293 288 289 291 288 285
1.#QNAN 1.#QNAN 1.#QNAN 1.#QNAN 1.#QNAN 1.#QNAN 1.#QNAN 1.#QNAN 1.#QNAN 1.#QNAN 1.#QNAN 1.#QNAN 1.#QNAN 1.#QNAN 1.#QNAN 1.#QNAN 1.#QNAN 1.#QNAN 1.#QNAN 1.#QNAN 1.#QNAN 1.#QNAN 1.#QNAN 1.#QNAN 1.#QNAN 1.#QNAN 1.#QNAN 1.#QNAN 1.#QNAN 1.#QNAN 272 280 287 291 287 291 295 293 286 287 294 297 292 288 283 290 287 274 269 259 255 267 274 286 292 291 294 295 294 299 302 303 304 304 303 304 305 307 307 308 309 309 307 308 304 303 299 297 297 295 295 294 292 288
1.#QNAN 1.#QNAN 1.#QNAN 1.#QNAN 1.#QNAN 1.#QNAN 1.#QNAN 1.#QNAN 1.#QNAN 1.#QNAN 1.#QNAN 1.#QNAN 1.#QNAN 1.#QNAN 1.#QNAN 1.#QNAN 1.#QNAN 1.#QNAN 1.#QNAN 1.#QNAN 1.#QNAN 1.#QNAN 1.#QNAN 1.#QNAN 1.#QNAN 1.#QNAN 1.#QNAN 1.#QNAN 1.#QNAN 1.#QNAN 273 282 287 290 285 285 287 292 289 286 292 290 291 285 283 281 278 269 261 250 265 280 285 290 294 293 294 298 298 300 298 302 303 304 304 303 305 306 307 307 308 307 307 308 304 303 300 296 295 295 293 292 292 290
1.#QNAN 1.#QNAN 1.#QNAN 1.#QNAN 1.#QNAN 1.#QNAN 1.#QNAN 1.#QNAN 1.#QNAN 1.#QNAN 1.#QNAN 1.#QNAN 1.#QNAN 1.#QNAN 1.#QNAN 1.#QNAN 1.#QNAN 1.#QNAN 1.#QNAN 1.#QNAN 1.#QNAN 1.#QNAN 1.#QNAN 1.#QNAN 1.#QNAN 1.#QNAN 1.#QNAN 1.#QNAN 1.#QNAN 260 267 274 281 285 287 281 283 286 283 282 287 283 289 283 280 278 273 265 255 252 265 281 289 294 297 298 298 300 296 302 301 301 302 302 301 303 304 305 306 307 306 305 304 306 304 302 300 298 296 292 292 287 285 286
1.#QNAN 1.#QNAN 1.#QNAN 1.#QNAN 1.#QNAN 1.#QNAN 1.#QNAN 1.#QNAN 1.#QNAN 1.#QNAN 1.#QNAN 1.#QNAN 1.#QNAN 1.#QNAN 1.#QNAN 1.#QNAN 1.#QNAN 1.#QNAN 1.#QNAN 1.#QNAN 1.#QNAN 1.#QNAN 1.#QNAN 1.#QNAN 1.#QNAN 1.#QNAN 1.#QNAN 1.#QNAN 1.#QNAN 256 262 269 277 282 290 286 281 278 280 277 279 275 285 283 279 277 268 261 255 255 270 285 288 291 297 301 300 300 301 301 300 301 301 300 299 298 303 304 305 306 305 305 305 305 304 302 300 298 296 292 288 287 283 279
1.#QNAN 1.#QNAN 1.#QNAN 1.#QNAN 1.#QNAN 1.#QNAN 1.#QNAN 1.#QNAN 1.#QNAN 1.#QNAN 1.#QNAN 1.#QNAN 1.#QNAN 1.#QNAN 1.#QNAN 1.#QNAN 1.#QNAN 1.#QNAN 1.#QNAN 1.#QNAN 1.#QNAN 1.#QNAN 1.#QNAN 1.#QNAN 1.#QNAN 1.#QNAN 1.#QNAN 1.#QNAN 1.#QNAN 1.#QNAN 264 268 277 284 284 285 279 270 271 272 272 277 281 273 274 269 258 265 260 261 271 287 292 293 298 302 302 301 303 301 302 303 303 300 302 303 304 305 305 305 304 304 306 304 303 301 298 295 293 292 288 284 286 279
1.#QNAN 1.#QNAN 1.#QNAN 1.#QNAN 1.#QNAN 1.#QNAN 1.#QNAN 1.#QNAN 1.#QNAN 1.#QNAN 1.#QNAN 1.#QNAN 1.#QNAN 1.#QNAN 1.#QNAN 1.#QNAN 1.#QNAN 1.#QNAN 1.#QNAN 1.#QNAN 1.#QNAN 1.#QNAN 1.#QNAN 1.#QNAN 1.#QNAN 1.#QNAN 1.#QNAN 1.#QNAN 1.#QNAN 1.#QNAN 1.#QNAN 1.#QNAN 273 278 279 283 276 269 266 266 262 271 277 267 259 261 251 263 269 270 274 284 295 295 299 300 302 303 303 303 302 300 298 302 303 303 303 303 302 302 303 305 305 302 300 299 297 294 291 286 284 275 280 276
1.#QNAN 1.#QNAN 1.#QNAN 1.#QNAN 1.#QNAN 1.#QNAN 1.#QNAN 1.#QNAN 1.#QNAN 1.#QNAN 1.#QNAN 1.#QNAN 1.#QNAN 1.#QNAN 1.#QNAN 1.#QNAN 1.#QNAN 1.#QNAN 1.#QNAN 1.#QNAN 1.#QNAN 1.#QNAN 1.#QNAN 1.#QNAN 1.#QNAN 1.#QNAN 1.#QNAN 1.#QNAN 1.#QNAN 1.#QNAN 1.#QNAN 1.#QNAN 1.#QNAN 273 267 273 282 274 266 263 258 271 271 265 256 248 244 256 269 277 284 289 296 298 301 303 303 303 300 300 296 296 295 299 300 300 300 300 300 302 303 305 304 297 294 297 295 291 288 281 273 274 279 279
1.#QNAN 1.#QNAN 1.#QNAN 1.#QNAN 1.#QNAN 1.#QNAN 1.#QNAN 1.#QNAN 1.#QNAN 1.#QNAN 1.#QNAN 1.#QNAN 1.#QNAN 1.#QNAN 1.#QNAN 1.#QNAN 1.#QNAN 1.#QNAN 1.#QNAN 1.#QNAN 1.#QNAN 1.#QNAN 1.#QNAN 1.#QNAN 1.#QNAN 1.#QNAN 1.#QNAN 1.#QNAN 1.#QNAN 1.#QNAN 1.#QNAN 1.#QNAN 1.#QNAN 271 264 271 280 269 266 261 258 263 266 261 256 250 242 248 262 266 277 287 294 298 300 302 302 300 298 296 297 292 291 295 296 295 295 297 300 302 303 304 302 296 295 298 295 285 276 273 271 275 280 276
1.#QNAN 1.#QNAN 1.#QNAN 1.#QNAN 1.#QNAN 1.#QNAN 1.#QNAN 1.#QNAN 1.#QNAN 1.#QNAN 1.#QNAN 1.#QNAN 1.#QNAN 1.#QNAN 1.#QNAN 1.#QNAN 1.#QNAN 1.#QNAN 1.#QNAN 1.#QNAN 1.#QNAN 1.#QNAN 1.#QNAN 1.#QNAN 1.#QNAN 1.#QNAN 1.#QNAN 1.#QNAN 1.#QNAN 1.#QNAN 1.#QNAN 1.#QNAN 1.#QNAN 1.#QNAN 264 270 277 269 268 263 260 259 260 259 254 252 246 243 250 253 268 284 292 296 298 300 298 295 293 295 296 294 292 287 290 291 298 300 302 301 301 302 303 300 300 298 295 284 270 262 267 274 276 274
1.#QNAN 1.#QNAN 1.#QNAN 1.#QNAN 1.#QNAN 1.#QNAN 1.#QNAN 1.#QNAN 1.#QNAN 1.#QNAN 1.#QNAN 1.#QNAN 1.#QNAN 1.#QNAN 1.#QNAN 1.#QNAN 1.#QNAN 1.#QNAN 1.#QNAN 1.#QNAN 1.#QNAN 1.#QNAN 1.#QNAN 1.#QNAN 1.#QNAN 1.#QNAN 1.#QNAN 1.#QNAN 1.#QNAN 1.#QNAN 1.#QNAN 1.#QNAN 1.#QNAN 1.#QNAN 264 272 274 272 266 260 257 252 250 254 249 246 240 241 252 263 273 282 288 293 296 298 297 295 292 290 286 287 291 286 293 294 300 300 300 298 298 300 301 301 301 300 294 284 278 272 269 266 268 265
1.#QNAN 1.#QNAN 1.#QNAN 1.#QNAN 1.#QNAN 1.#QNAN 1.#QNAN 1.#QNAN 1.#QNAN 1.#QNAN 1.#QNAN 1.#QNAN 1.#QNAN 1.#QNAN 1.#QNAN 1.#QNAN 1.#QNAN 1.#QNAN 1.#QNAN 1.#QNAN 1.#QNAN 1.#QNAN 1.#QNAN 1.#QNAN 1.#QNAN 1.#QNAN 1.#QNAN 1.#QNAN 1.#QNAN 1.#QNAN 1.#QNAN 1.#QNAN 1.#QNAN 1.#QNAN 260 269 273 273 265 259 256 251 247 250 244 237 237 245 251 265 274 281 287 291 293 294 294 292 290 289 281 283 288 289 294 297 295 291 297 296 289 296 298 297 297 300 297 293 289 281 271 257 258 256
1.#QNAN 1.#QNAN 1.#QNAN 1.#QNAN 1.#QNAN 1.#QNAN 1.#QNAN 1.#QNAN 1.#QNAN 1.#QNAN 1.#QNAN 1.#QNAN 1.#QNAN 1.#QNAN 1.#QNAN 1.#QNAN 1.#QNAN 1.#QNAN 1.#QNAN 1.#QNAN 1.#QNAN 1.#QNAN 1.#QNAN 1.#QNAN 1.#QNAN 1.#QNAN 1.#QNAN 1.#QNAN 1.#QNAN 1.#QNAN 1.#QNAN 1.#QNAN 1.#QNAN 1.#QNAN 253 262 268 270 269 257 252 250 251 255 247 241 240 249 257 264 273 279 285 283 285 286 290 286 289 287 280 278 283 286 291 296 296 290 289 292 289 290 294 291 295 299 298 290 287 279 273 261 260 266
1.#QNAN 1.#QNAN 1.#QNAN 1.#QNAN 1.#QNAN 1.#QNAN 1.#QNAN 1.#QNAN 1.#QNAN 1.#QNAN 1.#QNAN 1.#QNAN 1.#QNAN 1.#QNAN 1.#QNAN 1.#QNAN 1.#QNAN 1.#QNAN 1.#QNAN 1.#QNAN 1.#QNAN 1.#QNAN 1.#QNAN 1.#QNAN 1.#QNAN 1.#QNAN 1.#QNAN 1.#QNAN 1.#QNAN 1.#QNAN 1.#QNAN 1.#QNAN 1.#QNAN 1.#QNAN 262 264 267 268 266 266 260 254 255 253 243 243 245 256 264 265 270 274 277 277 277 283 286 283 282 283 275 268 276 282 286 292 297 292 289 284 279 279 287 288 294 297 298 296 288 282 276 266 260 266
1.#QNAN 1.#QNAN 1.#QNAN 1.#QNAN 1.#QNAN 1.#QNAN 1.#QNAN 1.#QNAN 1.#QNAN 1.#QNAN 1.#QNAN 1.#QNAN 1.#QNAN 1.#QNAN 1.#QNAN 1.#QNAN 1.#QNAN 1.#QNAN 257 261 254 248 247 1.#QNAN 1.#QNAN 1.#QNAN 1.#QNAN 1.#QNAN 1.#QNAN 1.#QNAN 1.#QNAN 1.#QNAN 1.#QNAN 1.#QNAN 267 279 277 268 261 264 266 264 262 254 240 245 260 263 269 273 271 269 272 274 274 277 277 277 274 277 272 260 268 276 283 292 296 288 281 276 274 276 285 292 288 289 295 298 292 285 269 263 266 271
1.#QNAN 1.#QNAN 1.#QNAN 1.#QNAN 1.#QNAN 1.#QNAN 1.#QNAN 1.#QNAN 1.#QNAN 1.#QNAN 1.#QNAN 1.#QNAN 1.#QNAN 1.#QNAN 303 296 292 272 265 278 268 265 262 254 1.#QNAN 1.#QNAN 1.#QNAN 1.#QNAN 1.#QNAN 1.#QNAN 1.#QNAN 1.#QNAN 1.#QNAN 274 277 285 289 277 267 258 259 258 256 253 246 253 276 278 278 280 275 274 280 281 272 268 269 267 263 266 266 264 275 283 283 290 293 288 278 273 275 281 283 282 277 287 294 297 289 277 264 267 269 274
1.#QNAN 1.#QNAN 1.#QNAN 1.#QNAN 1.#QNAN 1.#QNAN 1.#QNAN 1.#QNAN 1.#QNAN 1.#QNAN 1.#QNAN 1.#QNAN 1.#QNAN 1.#QNAN 311 308 300 282 273 290 285 280 276 267 271 282 1.#QNAN 1.#QNAN 1.#QNAN 1.#QNAN 1.#QNAN 1.#QNAN 292 288 290 289 295 284 269 262 256 253 248 247 243 256 283 288 286 286 281 288 293 284 271 264 257 254 256 257 260 264 276 284 289 291 292 288 281 276 277 281 279 278 281 285 289 296 287 270 261 270 274 272
1.#QNAN 1.#QNAN 1.#QNAN 1.#QNAN 1.#QNAN 1.#QNAN 1.#QNAN 1.#QNAN 1.#QNAN 1.#QNAN 1.#QNAN 1.#QNAN 1.#QNAN 321 314 306 300 291 291 295 302 292 282 287 285 292 283 1.#QNAN 1.#QNAN 1.#QNAN 295 311 310 303 299 300 293 282 276 274 267 260 256 260 248 268 289 298 293 287 287 295 297 282 278 268 256 250 251 257 262 276 281 285 288 288 289 289 288 285 285 280 283 281 283 286 291 295 288 269 259 270 267 266
1.#QNAN 1.#QNAN 1.#QNAN 1.#QNAN 1.#QNAN 1.#QNAN 1.#QNAN 1.#QNAN 1.#QNAN 1.#QNAN 1.#QNAN 332 329 321 311 308 304 300 302 305 308 296 295 298 299 298 291 288 280 290 303 311 315 315 308 302 285 277 285 281 276 265 275 276 264 274 291 302 297 296 301 304 296 275 274 269 262 259 254 259 268 269 272 278 282 286 279 279 280 283 277 275 279 281 283 286 295 292 284 272 260 265 259 254
1.#QNAN 1.#QNAN 1.#QNAN 1.#QNAN 1.#QNAN 1.#QNAN 1.#QNAN 1.#QNAN 1.#QNAN 1.#QNAN 333 331 328 320 318 315 311 311 310 306 313 308 309 307 301 297 299 304 288 286 298 302 305 318 311 296 279 282 289 290 285 283 284 276 261 272 292 304 307 305 310 309 294 279 285 284 280 274 264 259 261 259 264 268 274 280 277 268 269 272 276 275 279 281 284 288 295 292 283 273 264 260 255 250
1.#QNAN 1.#QNAN 1.#QNAN 1.#QNAN 1.#QNAN 1.#QNAN 1.#QNAN 1.#QNAN 1.#QNAN 335 336 334 330 326 319 311 311 317 318 311 317 318 313 304 297 300 305 312 304 289 288 293 311 321 313 300 290 290 296 298 298 289 281 272 262 282 296 303 312 312 314 303 290 294 299 289 291 286 276 261 256 257 261 256 257 269 279 275 273 273 278 279 279 283 286 286 290 293 287 283 272 261 264 257
1.#QNAN 1.#QNAN 1.#QNAN 1.#QNAN 1.#QNAN 1.#QNAN 1.#QNAN 1.#QNAN 1.#QNAN 1.#QNAN 335 332 331 326 319 312 312 319 322 318 318 320 316 311 304 303 310 316 310 298 293 301 312 320 321 315 303 290 292 304 299 283 270 263 271 287 299 305 309 315 315 300 298 308 301 300 296 287 279 270 267 264 254 254 254 268 271 275 276 276 279 279 282 285 286 287 287 292 291 290 281 266 268 265
1.#QNAN 1.#QNAN 1.#QNAN 1.#QNAN 1.#QNAN 1.#QNAN 1.#QNAN 1.#QNAN 1.#QNAN 337 335 335 331 324 317 312 316 319 323 321 321 322 320 317 315 315 318 318 312 304 304 314 320 323 323 309 300 289 297 306 297 279 269 268 276 295 305 312 314 319 318 304 305 312 307 301 295 292 287 289 282 278 261 260 257 257 262 268 274 278 281 282 282 285 287 287 287 286 289 291 282 277 276 268
1.#QNAN 1.#QNAN 1.#QNAN 1.#QNAN 1.#QNAN 1.#QNAN 1.#QNAN 1.#QNAN 1.#QNAN 337 337 335 330 326 324 323 326 324 325 320 324 321 322 324 322 323 322 316 320 317 310 318 324 326 323 312 309 301 306 307 296 282 279 283 276 290 305 314 320 323 322 318 315 315 307 299 295 301 294 297 295 288 278 266 254 254 260 267 272 277 282 284 283 284 284 288 289 289 292 289 285 283 280 274
1.#QNAN 1.#QNAN 1.#QNAN 1.#QNAN 1.#QNAN 1.#QNAN 1.#QNAN 1.#QNAN 1.#QNAN 339 337 334 332 331 323 321 324 329 330 324 328 322 321 325 327 325 325 323 322 326 321 322 323 326 322 319 319 316 311 301 296 289 297 293 285 294 307 309 322 325 321 317 313 317 311 307 300 303 301 296 288 287 283 272 261 258 260 266 274 277 283 285 284 284 284 286 290 292 291 286 279 273 273 274
1.#QNAN 1.#QNAN 1.#QNAN 1.#QNAN 1.#QNAN 1.#QNAN 1.#QNAN 1.#QNAN 1.#QNAN 340 335 333 333 333 333 325 320 321 330 332 329 322 322 327 323 319 318 324 325 327 328 327 325 329 324 323 323 319 307 298 292 299 310 296 299 310 321 320 326 326 325 321 316 319 317 312 308 306 304 301 293 285 274 269 265 267 267 270 275 278 283 286 284 285 285 286 288 292 290 284 277 272 263 262
1.#QNAN 1.#QNAN 1.#QNAN 1.#QNAN 1.#QNAN 1.#QNAN 1.#QNAN 1.#QNAN 343 341 335 334 336 335 336 335 331 326 325 334 329 321 325 331 329 324 322 319 324 328 330 329 330 331 329 327 325 323 316 311 305 302 317 310 313 323 327 327 328 328 327 321 313 321 320 318 313 307 304 307 302 289 275 265 266 270 271 274 275 282 286 288 287 288 289 289 289 292 288 284 276 269 261 259
1.#QNAN 1.#QNAN 1.#QNAN 1.#QNAN 1.#QNAN 1.#QNAN 1.#QNAN 1.#QNAN 344 339 336 336 334 333 336 335 337 335 331 333 332 330 330 334 326 320 322 316 316 326 331 329 331 331 330 326 326 324 320 319 315 313 313 322 323 329 330 329 329 329 327 323 323 323 321 317 316 313 307 309 303 295 282 272 270 273 275 276 274 279 285 288 289 290 291 291 290 291 289 284 277 269 262 260
1.#QNAN 1.#QNAN 1.#QNAN 1.#QNAN 1.#QNAN 1.#QNAN 1.#QNAN 347 343 341 338 333 331 334 335 333 335 338 339 338 331 331 336 325 317 312 317 312 316 324 330 332 330 330 329 328 328 325 323 323 325 327 323 327 330 332 331 331 330 330 328 327 325 322 318 314 308 309 310 308 299 290 274 268 270 274 278 275 275 279 284 284 287 290 292 293 294 293 290 283 277 267 263 261
1.#QNAN 1.#QNAN 1.#QNAN 1.#QNAN 1.#QNAN 1.#QNAN 1.#QNAN 348 347 338 339 336 336 336 334 333 333 338 340 339 340 339 338 326 320 314 314 310 317 323 329 329 328 330 329 328 329 328 325 326 330 329 326 323 331 332 332 331 330 330 327 325 324 322 318 310 300 299 301 308 299 289 272 261 263 269 276 281 278 279 283 285 286 290 293 293 292 292 290 283 275 266 265 265
