08 Ecocrop/raster/current/tmax_12.asc
ncols        683
nrows        518
xllcorner    -87.691666666667
yllcorner    10.708333333333
cellsize     0.008333333333
NODATA_value  1.#QNAN
[rows 370 to 406 of 518, columns 168 to 251 of 683]
252 253 252 254 254 256 258 259 261 262 263 265 267 269 272 276 281 282 280 282 282 283 280 279 277 276 276 278 290 294 295 296 297 296 295 297 298 299 299 298 298 298 297 295 294 292 290 290 290 290 290 290 289 289 289 289 289 289 289 289 289 289 289 289 289 289 288 288 288 288 288 288 288 288 288 288 288 288 288 288 288 288 287 287
253 253 255 255 256 257 259 261 262 263 265 267 268 270 272 276 277 276 275 277 277 278 277 276 274 272 271 279 292 293 294 295 296 298 294 296 297 298 298 299 298 298 297 296 294 292 290 290 290 290 290 290 289 289 289 289 289 289 289 289 289 289 289 289 289 288 288 288 288 288 288 288 288 288 288 288 288 288 288 288 288 287 287 287
255 254 255 256 257 258 260 261 263 263 265 267 269 271 273 274 274 273 273 273 274 275 275 274 272 270 267 280 292 293 293 294 296 297 292 294 297 297 298 298 298 298 297 296 294 292 291 290 290 290 290 290 289 289 289 289 289 289 289 289 289 289 289 289 289 288 288 288 288 288 288 288 288 288 288 288 288 288 288 288 288 287 287 287
258 256 256 257 257 259 259 260 262 263 265 266 268 270 271 272 273 272 272 272 273 273 273 273 271 269 269 282 292 293 293 294 295 296 292 293 295 296 297 297 297 297 296 295 293 292 291 290 290 290 290 290 289 289 289 289 289 289 289 289 289 289 289 289 289 288 288 288 288 288 288 288 288 288 288 288 288 288 288 288 288 287 287 287
260 259 258 258 258 259 259 260 261 263 264 266 268 269 270 271 272 271 271 271 272 272 272 272 271 270 270 278 286 291 292 289 291 290 285 291 294 295 296 296 296 296 296 294 293 292 290 290 290 290 290 290 289 289 289 289 289 289 289 289 289 289 289 289 288 288 288 288 288 288 288 288 288 288 288 288 288 288 288 288 288 287 287 287
262 261 260 259 259 259 259 259 260 262 264 265 267 269 270 270 271 271 271 271 271 272 272 272 272 272 272 273 275 281 281 277 278 278 282 289 291 293 295 295 295 295 294 294 294 292 291 290 290 290 290 289 289 289 289 289 289 289 289 289 289 289 289 288 288 288 288 288 288 288 288 288 288 288 288 288 288 288 288 288 287 287 287 287
264 263 262 261 261 260 260 259 260 261 263 265 266 268 269 270 270 270 270 270 271 272 273 273 274 274 275 276 276 276 275 276 276 278 283 285 287 291 293 294 293 293 291 294 294 293 291 291 290 290 290 289 289 289 289 289 289 289 289 289 289 289 289 288 288 288 288 288 288 288 288 288 288 288 288 288 288 288 288 288 287 287 287 287
266 265 264 263 262 262 261 261 261 261 262 264 266 267 268 269 269 270 270 270 272 273 274 274 275 275 276 277 277 277 277 278 279 280 281 282 284 286 289 290 291 290 289 291 293 293 292 291 291 290 290 289 289 289 289 289 289 289 289 289 289 289 288 288 288 288 288 288 288 288 288 288 288 288 288 288 288 288 288 287 287 287 287 287
268 266 266 265 264 264 263 263 262 262 263 264 265 267 268 269 269 270 270 271 273 274 275 276 277 277 278 279 278 278 279 279 280 281 282 282 282 283 284 285 287 287 289 290 293 292 291 291 291 290 290 289 289 289 289 289 289 289 289 289 289 288 288 288 288 288 288 288 288 288 288 288 288 288 288 288 288 288 288 287 287 287 287 287
270 269 267 267 266 265 265 265 264 264 264 265 265 268 268 269 270 270 271 272 274 275 276 277 278 279 279 280 280 280 280 280 281 281 280 279 277 278 279 280 281 284 285 287 290 292 291 291 290 290 290 289 289 289 289 289 289 289 289 289 289 288 288 288 288 288 288 288 288 288 288 288 288 288 288 288 288 288 288 287 287 287 287 287
272 271 270 268 268 267 267 267 266 265 266 266 266 268 269 269 270 271 272 273 275 277 278 279 280 281 281 281 281 281 282 281 281 279 275 274 272 270 271 271 274 279 281 283 286 289 291 291 290 290 289 289 289 289 289 289 289 289 289 289 288 288 288 288 288 288 288 288 288 288 288 288 288 288 288 288 288 288 288 287 287 287 287 287
275 273 272 271 270 269 269 269 268 267 267 267 268 269 269 270 271 272 273 274 275 277 279 281 281 282 283 282 282 283 283 282 280 277 271 265 260 258 259 259 270 274 275 278 283 287 290 291 290 290 289 289 289 289 289 289 289 289 289 288 288 288 288 288 288 288 288 288 288 288 288 288 288 288 288 288 288 288 287 287 287 287 287 287
276 275 274 273 272 272 271 271 270 269 269 269 270 270 271 271 272 273 273 274 276 278 280 282 283 283 284 284 283 284 284 282 280 277 270 261 252 241 243 249 262 264 267 273 280 287 290 290 290 290 289 289 289 289 289 289 289 289 289 288 288 288 288 288 288 288 288 288 288 288 288 288 288 288 288 288 288 288 287 287 287 287 287 287
278 277 276 275 274 274 273 273 272 272 271 271 271 272 272 273 273 274 275 275 277 279 281 283 284 285 285 285 285 285 286 284 281 279 273 266 257 240 245 239 244 257 266 275 278 282 288 291 290 290 289 289 289 289 289 289 289 289 289 288 288 288 288 288 288 288 288 288 288 288 288 288 288 288 288 288 288 287 287 287 287 287 287 287
280 279 278 277 276 276 275 274 274 274 274 273 273 273 274 274 275 276 276 277 278 280 282 284 285 286 286 287 287 287 288 286 284 281 277 271 264 256 262 247 252 263 271 277 280 282 286 290 291 290 290 289 289 289 289 289 289 289 289 288 288 288 288 288 288 288 288 288 288 288 288 288 288 288 288 287 287 287 287 287 287 287 287 287
281 280 279 279 278 278 277 277 276 276 276 276 276 275 276 276 277 277 278 278 280 281 283 284 286 287 287 288 289 289 289 289 287 285 283 279 274 269 269 266 266 273 279 282 283 284 284 285 291 291 290 290 289 289 289 289 289 289 289 288 288 288 288 288 288 288 288 288 288 288 288 288 288 288 287 287 287 287 287 287 287 287 287 287
283 282 281 281 280 280 280 279 278 278 278 278 278 277 278 278 279 279 279 280 281 282 284 285 286 287 288 289 291 291 292 291 290 288 287 285 283 280 280 279 279 282 285 287 289 288 286 288 292 291 291 290 290 289 289 289 289 289 289 288 288 288 288 288 288 288 288 288 288 288 288 288 287 287 287 287 287 287 287 287 287 287 287 287
285 284 283 283 283 282 282 282 281 280 280 280 280 280 280 280 280 281 281 282 283 284 285 286 287 288 290 291 292 294 294 294 293 291 290 290 288 287 287 287 288 288 289 291 292 291 290 292 292 292 291 290 290 290 289 289 289 289 289 288 288 288 288 288 288 288 288 288 288 288 288 287 287 287 287 287 287 287 287 287 287 287 287 287
287 286 286 285 285 284 284 284 283 283 282 282 282 282 282 282 282 282 283 283 284 285 286 288 289 290 291 292 294 295 296 296 295 294 293 293 291 291 291 292 292 292 292 293 292 293 293 293 292 292 291 291 290 290 290 290 289 289 289 289 288 288 288 288 288 288 288 288 288 287 287 287 287 287 287 287 287 287 287 287 287 287 287 287
289 288 287 287 286 286 285 285 285 284 284 284 284 283 283 283 283 283 284 285 285 286 288 289 290 291 292 293 294 296 296 296 295 295 294 294 293 293 293 294 294 294 294 293 293 292 292 291 291 291 291 290 290 290 290 290 289 289 289 289 288 288 288 288 288 288 288 288 287 287 287 287 287 287 287 287 287 287 287 287 287 287 287 287
291 290 289 288 288 287 287 287 286 286 285 285 285 285 285 284 284 285 285 286 286 288 289 290 291 292 293 294 295 296 296 296 296 295 295 295 294 294 295 295 295 294 294 293 292 292 291 291 291 291 291 290 289 290 290 290 290 289 287 289 288 288 288 288 288 288 288 288 287 287 287 287 287 287 287 287 287 287 287 287 287 287 287 287
292 291 291 290 289 289 289 289 288 288 287 287 287 286 286 286 286 286 286 287 288 289 290 291 292 293 294 294 295 296 296 296 296 295 295 295 294 295 295 295 294 294 294 293 292 292 291 291 291 291 290 290 288 288 289 289 288 289 283 287 288 288 288 288 288 288 288 287 287 287 287 287 287 287 287 287 287 287 287 287 287 287 287 287
293 293 292 291 291 291 290 290 290 289 288 288 288 288 287 287 286 287 287 287 289 290 291 292 293 294 295 295 296 296 297 296 296 295 295 295 294 294 294 294 294 294 293 293 292 291 291 290 291 290 290 287 285 285 285 285 283 285 284 287 289 288 288 288 288 288 288 287 287 287 287 287 287 287 287 287 287 287 287 287 287 287 287 287
295 294 293 292 291 292 292 292 292 291 290 290 289 289 288 288 287 288 288 288 289 291 292 293 294 295 296 296 296 297 297 296 296 296 295 295 293 294 293 293 293 293 293 293 292 291 290 290 290 290 287 284 282 285 285 278 273 274 280 286 289 288 288 288 288 288 287 287 287 287 287 287 287 287 287 287 287 287 287 287 287 287 287 287
296 295 295 293 294 294 293 293 293 293 292 291 290 289 288 289 288 288 289 289 290 291 292 293 294 295 296 296 296 296 297 296 296 296 296 295 294 294 293 294 294 294 293 293 292 292 291 291 290 289 286 282 276 279 280 273 268 266 275 283 288 288 288 288 288 287 287 287 287 287 287 287 287 287 287 287 287 287 287 287 287 287 287 287
296 296 295 293 295 295 294 294 294 293 293 291 290 290 289 289 286 287 290 290 291 292 292 293 294 295 295 296 296 296 296 296 296 296 296 295 295 294 294 295 294 294 294 294 293 292 291 291 291 290 290 285 279 276 276 273 272 270 275 282 287 288 288 288 287 287 287 287 287 287 287 287 287 287 287 287 287 287 287 287 287 287 287 287
297 297 296 296 296 295 295 294 294 294 293 291 290 290 290 287 284 289 290 290 291 292 292 293 294 295 295 296 296 296 296 296 296 296 296 296 295 295 295 295 295 295 295 294 294 293 292 292 291 291 290 289 284 284 282 282 282 279 278 282 287 288 287 287 287 287 287 287 287 287 287 287 287 287 287 287 287 287 287 287 287 287 287 287
299 298 297 296 296 296 295 294 294 294 292 292 291 289 289 288 288 290 290 290 291 291 292 293 293 294 294 295 295 296 296 296 296 296 296 296 296 296 296 295 295 296 295 295 294 294 293 292 292 291 289 288 288 288 288 288 287 286 284 285 287 287 287 287 287 287 287 287 287 287 287 287 287 287 287 287 287 287 287 287 287 287 287 287
299 297 296 295 295 295 294 293 292 292 291 290 289 288 288 287 288 289 289 289 289 290 291 291 291 291 292 292 294 295 295 295 296 296 297 297 297 296 296 296 295 296 295 295 294 294 294 293 292 291 289 289 289 288 288 288 288 288 287 287 287 287 287 287 287 287 287 287 287 287 287 287 287 287 287 287 287 287 287 287 287 287 287 287
295 292 295 296 296 295 294 292 293 291 290 289 288 286 286 285 288 288 286 287 287 287 289 289 290 290 292 291 293 294 295 294 295 296 297 297 297 297 296 296 296 296 296 295 294 294 294 293 292 291 289 290 289 289 288 288 288 288 287 287 287 287 287 287 287 287 287 287 287 287 287 287 287 287 287 287 287 287 287 287 287 287 287 287
296 297 297 295 295 294 292 294 294 293 290 291 289 286 284 287 288 286 283 284 285 285 287 286 288 292 293 294 294 294 295 295 296 296 296 297 297 297 297 296 296 296 296 295 295 294 294 294 293 292 291 290 289 289 288 288 288 287 287 287 287 287 287 287 287 287 287 287 287 287 287 287 287 287 287 287 287 287 287 287 287 287 287 287
298 296 295 294 295 294 293 295 295 293 291 291 288 285 286 287 285 284 281 281 284 284 284 285 285 289 291 293 294 294 294 295 295 296 296 296 297 297 297 297 296 296 296 296 296 295 293 294 294 293 291 291 290 289 289 288 288 287 287 287 287 287 287 287 287 287 287 287 287 287 287 287 287 287 287 287 287 287 287 287 287 287 287 286
298 296 297 296 297 295 295 296 295 294 292 288 286 285 286 283 277 280 280 279 281 286 285 286 289 289 290 292 292 292 293 294 293 294 294 295 296 296 297 297 297 297 297 296 296 295 294 293 293 293 292 291 290 289 289 288 288 287 287 287 287 287 287 287 287 287 287 287 287 287 287 287 287 287 287 287 287 287 287 287 287 287 287 286
299 298 299 298 298 297 296 294 292 292 287 283 283 285 283 277 275 281 281 281 282 287 286 289 289 288 290 290 291 290 290 291 290 289 290 293 296 296 297 297 297 297 297 297 296 296 295 293 292 293 292 292 291 290 289 288 288 287 287 287 287 287 287 287 287 287 287 287 287 287 287 287 287 287 287 287 287 287 287 287 287 287 286 286
300 300 300 300 299 297 294 293 289 289 284 283 285 282 279 272 275 283 284 282 287 288 285 286 289 286 288 289 290 288 289 289 290 290 291 294 296 296 296 297 297 297 297 297 297 297 297 295 295 293 293 292 291 290 289 288 288 287 287 287 287 287 287 287 287 287 287 287 287 287 287 287 287 287 287 287 287 287 287 287 287 286 286 286
301 300 300 300 299 297 296 293 292 288 283 283 287 284 281 276 282 289 285 286 288 289 284 285 287 290 289 288 290 288 289 291 290 292 294 295 296 296 296 296 297 297 297 297 297 297 297 296 295 294 293 292 291 290 289 288 288 287 287 287 287 287 287 287 287 287 287 287 287 287 287 287 287 287 287 287 287 287 287 287 287 287 286 286
301 301 300 299 296 294 295 290 291 284 284 289 288 286 284 282 286 291 290 290 291 290 287 289 288 292 292 291 290 289 289 290 291 293 294 295 295 296 296 296 296 296 296 296 296 296 296 296 295 294 293 292 291 290 289 288 288 287 287 287 287 287 287 287 287 287 287 287 286 287 287 287 287 287 287 287 287 287 287 287 287 287 287 286
