08 Ecocrop/raster/current/tmax_7.asc
ncols        683
nrows        518
xllcorner    -87.691666666667
yllcorner    10.708333333333
cellsize     0.008333333333
NODATA_value  1.#QNAN
[rows 407 to 443 of 518, columns 168 to 251 of 683]
303 303 303 301 296 294 296 296 293 287 291 294 289 285 285 286 290 296 296 293 295 296 295 296 296 297 297 296 295 295 293 293 297 297 298 298 299 299 299 299 299 299 300 300 300 300 300 300 299 298 298 297 296 296 295 295 294 294 294 294 294 294 294 294 294 294 294 294 294 294 294 294 294 294 294 294 294 294 294 294 294 294 295 295
303 303 302 301 297 294 297 295 289 289 295 293 287 283 283 288 291 297 295 294 295 297 297 298 297 296 295 296 294 294 293 296 297 296 298 298 298 298 298 297 298 299 299 299 300 300 300 300 299 298 298 297 296 296 295 295 294 294 294 294 294 294 294 294 294 294 294 294 294 294 294 294 294 294 294 294 294 294 294 294 294 294 294 294
303 302 302 301 298 299 297 293 285 290 294 288 286 284 288 292 294 297 296 295 297 298 298 297 295 294 296 297 296 296 296 297 297 297 297 297 297 297 297 295 297 298 299 299 299 300 300 300 299 298 298 297 296 296 295 295 294 294 294 294 294 294 294 294 294 294 294 294 294 294 294 294 294 294 294 294 294 294 294 294 294 294 294 294
303 303 302 300 300 300 296 292 290 295 290 287 287 285 292 293 294 298 296 297 298 297 296 297 297 297 297 294 294 295 295 296 296 296 297 296 296 296 295 295 297 298 298 299 299 299 300 299 299 299 298 297 297 296 295 295 294 294 294 294 294 294 294 294 294 294 294 294 294 294 294 294 294 294 294 294 294 294 294 294 294 294 294 294
1.#QNAN 303 302 301 301 300 298 296 294 297 291 287 289 288 294 296 296 297 296 299 299 297 294 294 296 296 295 292 291 294 295 294 295 295 295 295 293 291 292 295 297 296 296 297 298 299 299 299 299 299 298 298 297 296 296 295 294 294 294 294 294 294 294 294 294 294 294 294 294 294 294 294 294 294 294 294 294 294 294 294 295 295 295 295
1.#QNAN 1.#QNAN 1.#QNAN 301 301 299 296 294 295 298 291 290 290 288 293 296 297 299 298 298 295 294 292 292 293 293 294 291 291 291 293 293 295 294 292 291 290 290 292 295 295 294 294 294 296 297 299 299 299 299 298 298 297 297 296 295 294 294 294 294 294 294 294 294 294 294 294 294 294 294 294 294 294 294 294 294 294 294 293 293 294 294 294 294
1.#QNAN 1.#QNAN 1.#QNAN 1.#QNAN 1.#QNAN 300 298 298 299 298 294 295 292 291 293 297 297 299 296 294 294 293 292 292 290 291 291 290 292 289 291 295 295 293 289 289 292 293 292 293 295 295 295 294 294 296 298 299 299 299 299 298 298 297 296 295 295 294 294 294 294 294 293 293 293 293 293 293 294 294 294 294 294 293 293 292 292 293 292 292 292 292 292 293
1.#QNAN 1.#QNAN 1.#QNAN 1.#QNAN 1.#QNAN 301 300 300 300 299 297 297 295 293 296 297 299 299 297 296 294 291 291 293 293 292 289 292 293 290 292 295 293 292 289 290 292 293 291 292 294 295 295 295 293 295 298 299 299 299 299 299 298 297 296 296 295 294 294 294 294 293 293 293 293 293 293 293 293 293 293 293 293 291 291 291 291 291 290 289 289 290 291 293
1.#QNAN 1.#QNAN 1.#QNAN 1.#QNAN 1.#QNAN 1.#QNAN 1.#QNAN 1.#QNAN 300 299 299 299 297 294 296 298 299 299 296 295 293 291 292 294 294 292 290 294 292 292 294 295 291 290 290 288 291 293 293 292 294 295 294 293 294 296 297 298 299 299 299 299 298 298 297 296 295 294 294 294 294 293 293 293 293 293 293 293 293 293 293 293 291 290 290 289 289 288 286 284 283 285 289 291
1.#QNAN 1.#QNAN 1.#QNAN 1.#QNAN 1.#QNAN 1.#QNAN 1.#QNAN 1.#QNAN 1.#QNAN 300 300 299 298 295 296 298 300 299 297 296 292 293 295 295 296 294 294 295 290 294 295 293 291 289 287 287 288 291 293 293 295 295 294 294 294 296 297 298 299 299 299 299 299 298 297 296 295 295 294 294 294 293 293 293 293 293 293 293 293 293 293 293 291 289 289 288 287 284 278 271 270 276 282 286
1.#QNAN 1.#QNAN 1.#QNAN 1.#QNAN 1.#QNAN 1.#QNAN 1.#QNAN 1.#QNAN 1.#QNAN 1.#QNAN 1.#QNAN 299 299 297 295 299 300 298 296 297 297 297 296 297 295 295 296 294 291 296 294 290 291 291 289 287 287 289 291 292 294 294 295 295 296 296 297 298 298 298 299 299 299 298 297 297 296 295 294 294 294 293 293 293 293 293 293 293 293 293 293 292 290 289 289 288 286 280 268 254 247 258 275 285
1.#QNAN 1.#QNAN 1.#QNAN 1.#QNAN 1.#QNAN 1.#QNAN 1.#QNAN 1.#QNAN 1.#QNAN 1.#QNAN 1.#QNAN 1.#QNAN 299 298 296 299 299 298 296 298 297 297 296 296 296 297 298 295 296 297 293 293 291 287 287 283 285 286 289 292 290 290 291 294 295 296 297 298 298 298 299 299 299 298 298 297 296 296 295 294 294 293 293 293 293 293 293 293 293 293 293 292 290 289 290 288 284 278 265 245 229 251 273 284
1.#QNAN 1.#QNAN 1.#QNAN 1.#QNAN 1.#QNAN 1.#QNAN 1.#QNAN 1.#QNAN 1.#QNAN 1.#QNAN 1.#QNAN 1.#QNAN 1.#QNAN 298 298 299 298 299 298 297 295 295 296 296 297 299 298 298 298 297 295 293 290 289 284 282 287 289 290 291 289 286 286 291 293 295 296 297 298 298 299 299 299 298 298 297 297 296 295 295 294 293 293 293 293 293 293 293 293 293 293 292 291 290 290 288 285 280 272 260 249 261 275 285
1.#QNAN 1.#QNAN 1.#QNAN 1.#QNAN 1.#QNAN 1.#QNAN 1.#QNAN 1.#QNAN 1.#QNAN 1.#QNAN 1.#QNAN 1.#QNAN 1.#QNAN 1.#QNAN 299 299 295 298 298 296 296 298 296 296 300 300 299 298 297 294 293 292 290 287 284 284 286 290 290 291 287 287 287 289 290 292 293 296 297 298 299 299 299 299 298 297 297 296 296 295 294 293 293 293 293 293 293 293 293 293 293 292 292 291 291 290 288 285 281 275 272 278 282 286
1.#QNAN 1.#QNAN 1.#QNAN 1.#QNAN 1.#QNAN 1.#QNAN 1.#QNAN 1.#QNAN 1.#QNAN 1.#QNAN 1.#QNAN 1.#QNAN 1.#QNAN 1.#QNAN 1.#QNAN 298 296 296 296 296 298 297 296 298 300 300 298 298 298 296 293 291 289 287 287 286 288 291 291 293 290 290 287 290 292 293 293 295 297 298 298 299 299 299 298 298 297 297 296 295 294 293 293 293 293 293 293 293 293 293 292 292 291 291 292 291 290 288 286 284 284 286 287 288
1.#QNAN 1.#QNAN 1.#QNAN 1.#QNAN 1.#QNAN 1.#QNAN 1.#QNAN 1.#QNAN 1.#QNAN 1.#QNAN 1.#QNAN 1.#QNAN 1.#QNAN 1.#QNAN 299 297 296 294 296 298 298 298 297 300 300 298 297 295 297 295 292 287 286 287 289 287 289 290 287 292 293 291 288 290 290 292 294 294 296 297 298 298 298 298 298 298 297 297 296 295 294 293 293 293 293 293 293 293 293 293 292 292 291 292 292 292 291 290 289 289 288 290 290 291
1.#QNAN 1.#QNAN 1.#QNAN 1.#QNAN 1.#QNAN 1.#QNAN 1.#QNAN 1.#QNAN 1.#QNAN 1.#QNAN 1.#QNAN 1.#QNAN 1.#QNAN 1.#QNAN 1.#QNAN 298 296 294 296 299 299 299 299 300 299 295 297 295 295 296 294 290 290 290 290 288 289 288 286 291 293 290 291 293 292 292 294 294 295 297 297 298 298 298 298 298 297 297 296 295 295 294 293 293 293 293 293 293 293 293 293 292 291 292 292 292 292 292 291 290 292 292 292 294
1.#QNAN 1.#QNAN 1.#QNAN 1.#QNAN 1.#QNAN 1.#QNAN 1.#QNAN 1.#QNAN 1.#QNAN 1.#QNAN 1.#QNAN 1.#QNAN 1.#QNAN 1.#QNAN 1.#QNAN 1.#QNAN 298 298 298 299 299 299 300 300 299 298 295 293 294 294 291 291 293 292 288 290 287 287 291 292 294 292 292 294 292 292 294 295 294 296 297 297 298 298 298 298 298 297 297 296 295 294 293 293 293 293 293 293 293 293 293 293 292 292 293 293 293 293 293 290 293 294 294 294
1.#QNAN 1.#QNAN 1.#QNAN 1.#QNAN 1.#QNAN 1.#QNAN 1.#QNAN 1.#QNAN 1.#QNAN 1.#QNAN 1.#QNAN 1.#QNAN 1.#QNAN 1.#QNAN 1.#QNAN 1.#QNAN 1.#QNAN 299 298 299 299 300 300 300 299 298 296 295 293 293 291 294 294 291 290 289 286 291 293 294 294 293 292 295 294 292 295 295 294 296 296 297 297 297 297 298 298 298 297 296 295 294 293 293 293 293 293 293 293 293 293 293 293 293 293 293 294 294 294 293 294 294 294 294
1.#QNAN 1.#QNAN 1.#QNAN 1.#QNAN 1.#QNAN 1.#QNAN 1.#QNAN 1.#QNAN 1.#QNAN 1.#QNAN 1.#QNAN 1.#QNAN 1.#QNAN 1.#QNAN 1.#QNAN 1.#QNAN 1.#QNAN 1.#QNAN 1.#QNAN 1.#QNAN 300 299 300 300 300 299 298 295 293 294 295 296 293 291 292 289 287 292 294 294 295 295 294 295 293 293 295 296 295 294 294 296 297 297 297 297 297 298 297 296 295 294 293 293 293 293 293 293 293 293 293 293 293 293 293 293 293 294 294 294 294 294 294 294
1.#QNAN 1.#QNAN 1.#QNAN 1.#QNAN 1.#QNAN 1.#QNAN 1.#QNAN 1.#QNAN 1.#QNAN 1.#QNAN 1.#QNAN 1.#QNAN 1.#QNAN 1.#QNAN 1.#QNAN 1.#QNAN 1.#QNAN 1.#QNAN 1.#QNAN 1.#QNAN 1.#QNAN 300 300 299 299 299 299 298 296 294 296 295 291 294 292 288 289 292 291 293 295 296 296 294 293 294 296 296 295 294 293 293 295 296 297 297 297 297 296 296 295 294 293 293 293 293 293 293 293 293 293 293 293 293 293 293 293 293 294 294 294 294 293 293
1.#QNAN 1.#QNAN 1.#QNAN 1.#QNAN 1.#QNAN 1.#QNAN 1.#QNAN 1.#QNAN 1.#QNAN 1.#QNAN 1.#QNAN 1.#QNAN 1.#QNAN 1.#QNAN 1.#QNAN 1.#QNAN 1.#QNAN 1.#QNAN 1.#QNAN 1.#QNAN 1.#QNAN 1.#QNAN 299 299 299 298 298 298 298 296 293 290 295 294 292 289 287 289 288 291 294 296 297 294 294 295 296 295 293 294 293 292 294 296 296 297 297 297 296 296 295 294 293 293 293 293 293 293 293 293 293 293 293 293 293 293 293 293 293 293 293 293 293 293
1.#QNAN 1.#QNAN 1.#QNAN 1.#QNAN 1.#QNAN 1.#QNAN 1.#QNAN 1.#QNAN 1.#QNAN 1.#QNAN 1.#QNAN 1.#QNAN 1.#QNAN 1.#QNAN 1.#QNAN 1.#QNAN 1.#QNAN 1.#QNAN 1.#QNAN 1.#QNAN 1.#QNAN 1.#QNAN 1.#QNAN 1.#QNAN 299 298 296 298 298 297 293 293 295 290 285 283 286 286 288 291 294 296 297 296 296 295 295 291 291 292 293 293 294 295 296 296 297 297 297 296 295 295 293 293 293 293 293 293 292 293 293 293 293 293 293 293 293 293 293 293 293 293 293 293
1.#QNAN 1.#QNAN 1.#QNAN 1.#QNAN 1.#QNAN 1.#QNAN 1.#QNAN 1.#QNAN 1.#QNAN 1.#QNAN 1.#QNAN 1.#QNAN 1.#QNAN 1.#QNAN 1.#QNAN 1.#QNAN 1.#QNAN 1.#QNAN 1.#QNAN 1.#QNAN 1.#QNAN 1.#QNAN 1.#QNAN 1.#QNAN 1.#QNAN 297 294 293 297 298 297 297 296 291 287 284 289 289 288 289 294 296 297 297 296 294 293 290 291 292 293 292 292 295 296 296 297 297 297 296 295 294 294 293 293 293 293 293 292 293 293 293 293 293 293 293 293 293 293 293 293 293 293 293
1.#QNAN 1.#QNAN 1.#QNAN 1.#QNAN 1.#QNAN 1.#QNAN 1.#QNAN 1.#QNAN 1.#QNAN 1.#QNAN 1.#QNAN 1.#QNAN 1.#QNAN 1.#QNAN 1.#QNAN 1.#QNAN 1.#QNAN 1.#QNAN 1.#QNAN 1.#QNAN 1.#QNAN 1.#QNAN 1.#QNAN 1.#QNAN 1.#QNAN 1.#QNAN 295 294 297 298 298 298 297 296 293 290 291 290 287 289 294 296 296 297 295 293 288 290 290 293 294 293 292 294 295 296 296 297 296 296 295 295 294 293 293 293 293 293 292 293 293 293 293 293 293 293 293 293 293 293 293 293 293 293
1.#QNAN 1.#QNAN 1.#QNAN 1.#QNAN 1.#QNAN 1.#QNAN 1.#QNAN 1.#QNAN 1.#QNAN 1.#QNAN 1.#QNAN 1.#QNAN 1.#QNAN 1.#QNAN 1.#QNAN 1.#QNAN 1.#QNAN 1.#QNAN 1.#QNAN 1.#QNAN 1.#QNAN 1.#QNAN 1.#QNAN 1.#QNAN 1.#QNAN 1.#QNAN 296 297 298 298 298 298 297 297 295 293 292 286 289 291 294 296 296 297 298 297 291 290 292 293 294 294 294 294 295 296 296 297 297 296 295 295 294 294 293 293 293 293 292 293 293 293 293 293 293 293 293 293 293 293 293 293 293 293
1.#QNAN 1.#QNAN 1.#QNAN 1.#QNAN 1.#QNAN 1.#QNAN 1.#QNAN 1.#QNAN 1.#QNAN 1.#QNAN 1.#QNAN 1.#QNAN 1.#QNAN 1.#QNAN 1.#QNAN 1.#QNAN 1.#QNAN 1.#QNAN 1.#QNAN 1.#QNAN 1.#QNAN 1.#QNAN 1.#QNAN 1.#QNAN 1.#QNAN 1.#QNAN 1.#QNAN 1.#QNAN 298 298 297 295 295 295 295 293 289 287 289 293 294 296 297 297 298 297 295 290 293 294 294 294 295 295 295 295 296 296 296 296 295 295 295 294 293 293 293 293 292 293 293 293 293 293 293 293 293 293 293 293 293 293 293 293
1.#QNAN 1.#QNAN 1.#QNAN 1.#QNAN 1.#QNAN 1.#QNAN 1.#QNAN 1.#QNAN 1.#QNAN 1.#QNAN 1.#QNAN 1.#QNAN 1.#QNAN 1.#QNAN 1.#QNAN 1.#QNAN 1.#QNAN 1.#QNAN 1.#QNAN 1.#QNAN 1.#QNAN 1.#QNAN 1.#QNAN 1.#QNAN 1.#QNAN 1.#QNAN 1.#QNAN 1.#QNAN 1.#QNAN 1.#QNAN 296 294 296 295 296 294 292 291 292 292 295 296 298 298 297 297 297 294 292 295 295 294 293 294 294 295 295 296 296 296 295 295 295 294 294 293 293 293 293 293 293 293 293 293 293 293 293 293 293 293 293 293 293 293
1.#QNAN 1.#QNAN 1.#QNAN 1.#QNAN 1.#QNAN 1.#QNAN 1.#QNAN 1.#QNAN 1.#QNAN 1.#QNAN 1.#QNAN 1.#QNAN 1.#QNAN 1.#QNAN 1.#QNAN 1.#QNAN 1.#QNAN 1.#QNAN 1.#QNAN 1.#QNAN 1.#QNAN 1.#QNAN 1.#QNAN 1.#QNAN 1.#QNAN 1.#QNAN 1.#QNAN 1.#QNAN 1.#QNAN 1.#QNAN 1.#QNAN 297 294 295 296 296 294 293 295 295 293 296 298 298 297 295 295 296 294 295 295 294 294 294 293 294 295 296 296 296 295 295 295 295 294 293 293 293 293 293 293 293 293 293 293 293 293 293 293 293 293 293 293 293
1.#QNAN 1.#QNAN 1.#QNAN 1.#QNAN 1.#QNAN 1.#QNAN 1.#QNAN 1.#QNAN 1.#QNAN 1.#QNAN 1.#QNAN 1.#QNAN 1.#QNAN 1.#QNAN 1.#QNAN 1.#QNAN 1.#QNAN 1.#QNAN 1.#QNAN 1.#QNAN 1.#QNAN 1.#QNAN 1.#QNAN 1.#QNAN 1.#QNAN 1.#QNAN 1.#QNAN 1.#QNAN 1.#QNAN 1.#QNAN 1.#QNAN 297 296 296 295 292 291 293 294 297 295 296 298 296 293 293 292 294 296 296 296 296 295 295 293 294 295 296 296 296 296 295 295 295 294 294 293 293 293 293 293 293 293 293 293 293 293 293 293 293 293 293 293 293
1.#QNAN 1.#QNAN 1.#QNAN 1.#QNAN 1.#QNAN 1.#QNAN 1.#QNAN 1.#QNAN 1.#QNAN 1.#QNAN 1.#QNAN 1.#QNAN 1.#QNAN 1.#QNAN 1.#QNAN 1.#QNAN 1.#QNAN 1.#QNAN 1.#QNAN 1.#QNAN 1.#QNAN 1.#QNAN 1.#QNAN 1.#QNAN 1.#QNAN 1.#QNAN 1.#QNAN 1.#QNAN 1.#QNAN 1.#QNAN 1.#QNAN 297 294 294 293 291 290 290 295 297 298 297 297 295 294 292 293 294 294 295 295 296 296 296 295 295 295 296 296 296 296 296 295 295 295 294 293 293 293 293 293 293 293 293 293 293 293 293 293 293 293 293 293 293
1.#QNAN 1.#QNAN 1.#QNAN 1.#QNAN 1.#QNAN 1.#QNAN 1.#QNAN 1.#QNAN 1.#QNAN 1.#QNAN 1.#QNAN 1.#QNAN 1.#QNAN 1.#QNAN 1.#QNAN 1.#QNAN 1.#QNAN 1.#QNAN 1.#QNAN 1.#QNAN 1.#QNAN 1.#QNAN 1.#QNAN 1.#QNAN 1.#QNAN 1.#QNAN 1.#QNAN 1.#QNAN 1.#QNAN 1.#QNAN 1.#QNAN 1.#QNAN 1.#QNAN 1.#QNAN 296 294 292 289 295 297 298 298 297 293 291 293 293 294 295 295 295 296 297 296 296 296 296 297 296 296 296 296 295 295 295 294 294 293 293 293 293 293 293 293 293 293 293 293 293 293 293 293 293 293
1.#QNAN 1.#QNAN 1.#QNAN 1.#QNAN 1.#QNAN 1.#QNAN 1.#QNAN 1.#QNAN 1.#QNAN 1.#QNAN 1.#QNAN 1.#QNAN 1.#QNAN 1.#QNAN 1.#QNAN 1.#QNAN 1.#QNAN 1.#QNAN 1.#QNAN 1.#QNAN 1.#QNAN 1.#QNAN 1.#QNAN 1.#QNAN 1.#QNAN 1.#QNAN 1.#QNAN 1.#QNAN 1.#QNAN 1.#QNAN 1.#QNAN 1.#QNAN 1.#QNAN 1.#QNAN 296 295 292 291 297 298 298 297 296 293 289 289 290 294 295 296 296 296 296 296 296 296 296 296 296 296 296 296 296 295 295 295 294 294 293 293 293 293 293 293 293 293 293 293 293 293 293 293 293 293
1.#QNAN 1.#QNAN 1.#QNAN 1.#QNAN 1.#QNAN 1.#QNAN 1.#QNAN 1.#QNAN 1.#QNAN 1.#QNAN 1.#QNAN 1.#QNAN 1.#QNAN 1.#QNAN 1.#QNAN 1.#QNAN 1.#QNAN 1.#QNAN 1.#QNAN 1.#QNAN 1.#QNAN 1.#QNAN 1.#QNAN 1.#QNAN 1.#QNAN 1.#QNAN 1.#QNAN 1.#QNAN 1.#QNAN 1.#QNAN 1.#QNAN 1.#QNAN 1.#QNAN 1.#QNAN 1.#QNAN 1.#QNAN 294 294 297 298 298 297 296 295 291 289 290 294 295 295 296 296 296 295 295 296 296 296 296 297 296 296 296 296 295 295 295 294 294 293 293 293 293 293 293 293 293 293 293 293 293 293 293 293
1.#QNAN 1.#QNAN 1.#QNAN 1.#QNAN 1.#QNAN 1.#QNAN 1.#QNAN 1.#QNAN 1.#QNAN 1.#QNAN 1.#QNAN 1.#QNAN 1.#QNAN 1.#QNAN 1.#QNAN 1.#QNAN 1.#QNAN 1.#QNAN 1.#QNAN 1.#QNAN 1.#QNAN 1.#QNAN 1.#QNAN 1.#QNAN 1.#QNAN 1.#QNAN 1.#QNAN 1.#QNAN 1.#QNAN 1.#QNAN 1.#QNAN 1.#QNAN 1.#QNAN 1.#QNAN 1.#QNAN 1.#QNAN 1.#QNAN 1.#QNAN 297 298 296 295 293 294 293 292 290 289 292 295 296 296 296 296 296 296 296 296 297 297 296 296 295 296 295 295 295 294 294 294 293 293 293 293 293 293 293 293 293 293 293 293 293 294
1.#QNAN 1.#QNAN 1.#QNAN 1.#QNAN 1.#QNAN 1.#QNAN 1.#QNAN 1.#QNAN 1.#QNAN 1.#QNAN 1.#QNAN 1.#QNAN 1.#QNAN 1.#QNAN 1.#QNAN 1.#QNAN 1.#QNAN 1.#QNAN 1.#QNAN 1.#QNAN 1.#QNAN 1.#QNAN 1.#QNAN 1.#QNAN 1.#QNAN 1.#QNAN 1.#QNAN 1.#QNAN 1.#QNAN 1.#QNAN 1.#QNAN 1.#QNAN 1.#QNAN 1.#QNAN 1.#QNAN 1.#QNAN 1.#QNAN 1.#QNAN 1.#QNAN 1.#QNAN 296 293 289 293 295 294 291 289 290 295 295 295 296 296 296 296 297 296 296 296 296 295 296 296 294 295 295 295 295 294 294 294 293 293 293 293 293 293 293 293 293 294 294 294
1.#QNAN 1.#QNAN 1.#QNAN 1.#QNAN 1.#QNAN 1.#QNAN 1.#QNAN 1.#QNAN 1.#QNAN 1.#QNAN 1.#QNAN 1.#QNAN 1.#QNAN 1.#QNAN 1.#QNAN 1.#QNAN 1.#QNAN 1.#QNAN 1.#QNAN 1.#QNAN 1.#QNAN 1.#QNAN 1.#QNAN 1.#QNAN 1.#QNAN 1.#QNAN 1.#QNAN 1.#QNAN 1.#QNAN 1.#QNAN 1.#QNAN 1.#QNAN 1.#QNAN 1.#QNAN 1.#QNAN 1.#QNAN 1.#QNAN 1.#QNAN 1.#QNAN 1.#QNAN 1.#QNAN 295 292 291 296 295 295 292 293 292 294 295 295 296 296 296 297 297 297 296 295 295 296 296 294 294 294 295 295 295 295 294 294 294 293 293 293 293 293 294 294 294 294 294
