08 Ecocrop/raster/current/tmax_11.asc
ncols        683
nrows        518
xllcorner    -87.691666666667
yllcorner    10.708333333333
cellsize     0.008333333333
NODATA_value  1.#QNAN
[rows 111 to 147 of 518, columns 252 to 335 of 683]
1.#QNAN 1.#QNAN 1.#QNAN 1.#QNAN 1.#QNAN 1.#QNAN 1.#QNAN 1.#QNAN 1.#QNAN 1.#QNAN 1.#QNAN 289 287 287 290 290 283 285 288 290 285 282 283 279 270 271 270 266 263 263 268 272 278 281 282 287 290 291 291 290 290 290 289 288 289 288 287 287 286 284 276 269 271 272 269 275 278 276 282 282 283 283 283 283 284 283 282 278 276 276 278 275 274 276 276 275 269 260 266 271 267 271 271 271
1.#QNAN 1.#QNAN 1.#QNAN 1.#QNAN 1.#QNAN 1.#QNAN 1.#QNAN 1.#QNAN 1.#QNAN 1.#QNAN 291 290 291 291 286 282 282 287 289 289 286 281 274 270 272 272 269 268 271 273 279 280 282 287 288 289 291 291 291 289 290 289 289 289 288 288 287 286 285 280 273 264 264 265 264 270 279 279 281 282 283 282 283 282 283 282 277 276 278 272 275 272 271 275 276 273 268 259 266 273 271 274 270 272
1.#QNAN 1.#QNAN 1.#QNAN 1.#QNAN 1.#QNAN 1.#QNAN 1.#QNAN 1.#QNAN 1.#QNAN 289 290 291 286 285 286 280 285 286 289 287 286 279 277 269 278 276 272 274 281 279 281 286 287 287 287 290 291 291 291 289 289 288 288 289 288 287 287 286 284 280 271 264 258 254 257 263 273 278 282 282 280 282 281 281 282 282 274 267 276 270 271 273 269 272 274 273 266 260 262 272 275 272 269 273
1.#QNAN 1.#QNAN 1.#QNAN 1.#QNAN 1.#QNAN 1.#QNAN 1.#QNAN 1.#QNAN 1.#QNAN 290 290 284 278 282 285 281 283 285 287 288 286 283 275 271 279 278 275 279 283 284 284 287 288 289 289 290 291 291 291 290 289 288 288 288 287 287 287 286 282 277 269 260 251 243 247 256 270 280 282 281 280 281 279 281 282 280 272 263 273 268 263 272 267 270 274 271 268 266 262 268 275 272 275 275
1.#QNAN 291 291 293 1.#QNAN 1.#QNAN 1.#QNAN 1.#QNAN 291 291 288 279 279 282 281 279 283 283 286 286 286 281 274 272 281 280 278 280 283 285 287 286 287 290 290 291 291 290 289 289 289 288 289 288 287 286 286 285 283 275 267 255 245 242 252 263 275 278 281 282 281 277 278 280 282 276 267 263 271 270 260 267 268 270 274 270 270 269 264 270 276 278 277 275
1.#QNAN 292 287 292 1.#QNAN 1.#QNAN 1.#QNAN 1.#QNAN 291 288 282 274 276 279 278 279 281 282 285 283 287 284 277 279 283 281 278 279 281 283 285 287 288 290 291 291 290 289 289 289 289 289 289 288 287 286 286 285 284 280 271 255 247 254 260 268 276 280 282 282 279 279 279 280 281 274 271 266 264 269 260 260 267 272 274 273 273 267 268 270 273 277 278 277
292 292 287 284 287 292 292 291 292 285 277 275 274 275 277 279 278 284 284 281 283 286 283 284 283 277 275 279 282 282 282 286 289 290 291 290 290 289 289 288 288 289 288 288 287 287 286 284 283 281 271 256 256 262 268 273 278 281 282 278 279 279 280 281 280 270 266 268 260 263 262 256 264 274 275 274 275 273 265 266 274 278 278 278
290 290 282 283 290 291 286 290 288 284 280 281 279 274 275 276 278 281 284 282 281 285 281 281 279 276 275 280 281 280 285 289 290 291 290 289 289 289 287 287 287 289 288 287 287 286 284 284 282 280 274 260 262 270 274 277 280 277 281 281 277 279 280 280 280 277 269 267 265 262 267 262 267 275 275 273 275 273 266 269 277 279 279 278
288 285 283 289 291 286 283 290 285 282 282 284 281 279 277 274 280 279 282 281 282 283 280 278 277 277 280 278 279 281 286 290 291 291 289 286 288 287 286 288 289 289 288 288 287 285 282 282 283 280 275 264 270 274 277 279 278 273 281 281 280 279 280 279 278 276 273 265 268 262 270 271 271 275 276 274 275 276 272 274 278 279 280 278
289 284 283 290 286 280 281 287 289 286 285 286 283 281 276 274 278 275 279 281 280 280 282 280 278 276 278 275 276 280 288 290 291 290 288 287 285 282 288 289 288 288 287 288 287 286 284 282 281 280 278 270 272 276 278 278 272 276 282 281 279 277 277 278 277 272 274 265 267 267 272 275 274 276 276 277 276 273 270 273 278 280 280 278
286 277 280 290 286 281 277 283 285 289 289 286 281 280 277 275 272 273 279 279 275 279 280 275 276 274 270 268 276 283 289 290 290 287 281 280 284 288 289 288 288 287 287 287 286 285 284 282 281 276 274 272 275 276 273 274 275 279 282 278 273 270 275 277 277 277 275 272 271 269 268 273 276 276 275 278 275 272 270 273 277 279 280 277
280 276 283 286 287 280 275 281 285 286 286 287 282 280 279 275 272 274 279 277 274 277 278 277 270 268 268 274 273 285 290 290 289 282 282 280 285 288 288 287 287 285 284 287 285 285 284 283 281 278 275 272 276 276 275 277 279 278 279 275 271 270 272 276 275 274 274 273 271 272 270 273 277 276 276 278 278 278 276 277 276 278 280 278
271 277 281 283 287 282 278 278 281 280 283 287 283 281 277 273 272 275 279 277 274 275 276 274 270 263 264 273 282 289 290 289 282 282 284 285 286 289 288 287 285 281 282 286 285 284 281 280 278 277 278 277 278 278 277 274 274 277 279 275 272 272 273 275 276 272 271 268 271 273 275 276 276 277 278 279 278 279 278 278 276 279 280 280
270 275 280 282 286 281 279 278 279 279 280 285 282 278 274 276 273 273 278 276 273 272 272 271 266 264 269 276 288 290 290 284 279 283 285 287 288 289 288 286 285 285 284 286 285 283 277 273 278 278 278 278 279 278 276 276 277 279 280 277 274 274 273 274 272 273 271 268 266 273 275 276 276 278 279 279 278 279 279 277 279 280 280 280
276 276 277 280 285 284 281 279 277 271 278 282 283 278 276 279 274 276 276 274 273 272 270 269 265 272 279 286 291 291 289 277 281 283 285 287 288 289 288 286 284 283 282 283 284 283 277 273 276 279 279 279 279 278 279 279 279 280 277 279 277 275 270 268 266 270 271 270 265 268 273 276 277 278 278 278 278 280 279 279 277 276 279 279
276 280 282 284 283 281 276 282 279 268 275 281 285 282 282 280 279 277 274 272 270 271 270 267 268 272 276 289 292 291 285 280 283 281 276 283 288 289 288 288 286 283 281 283 283 280 270 273 276 278 277 278 279 279 279 277 275 279 276 275 276 272 263 262 260 263 268 266 262 262 267 273 277 274 269 273 271 277 278 278 273 272 275 275
277 281 284 280 276 280 284 281 278 271 272 278 282 284 282 282 282 279 279 276 274 273 269 269 274 277 289 292 292 291 284 285 285 283 277 277 286 288 288 287 286 286 284 285 284 280 274 277 276 277 274 272 276 278 277 275 276 279 277 272 269 269 270 265 261 260 261 262 265 265 263 271 275 268 262 267 270 278 279 278 276 271 266 271
280 282 279 276 269 279 282 275 270 268 271 277 281 280 283 280 276 277 273 277 277 271 269 272 285 290 292 293 292 290 283 286 286 283 279 278 286 287 288 287 287 287 286 286 285 283 280 280 279 276 275 268 275 278 277 277 278 278 277 273 267 262 271 269 266 263 259 257 259 270 273 275 274 264 260 268 272 273 276 280 274 267 262 271
276 279 278 273 269 277 279 266 261 268 272 276 277 281 282 280 279 276 270 275 274 272 273 281 284 290 293 293 292 291 285 285 286 285 282 281 283 287 288 287 287 287 286 286 285 284 283 282 280 276 274 266 273 276 276 277 277 277 276 275 270 266 267 269 267 265 262 262 259 268 273 274 274 267 261 269 271 265 267 279 274 261 263 271
274 280 277 270 264 273 276 269 266 267 264 270 275 281 279 277 278 276 272 273 274 277 274 282 287 291 293 292 292 289 283 287 286 285 280 284 286 286 287 287 286 286 286 285 285 284 283 282 281 277 274 267 273 275 272 274 277 278 276 274 270 267 264 264 261 262 265 261 261 265 270 272 273 268 264 265 265 261 268 277 278 267 262 268
276 280 273 269 268 274 278 271 263 254 254 266 276 281 278 275 270 271 270 273 279 278 283 286 290 292 292 292 291 286 281 286 287 286 280 285 287 287 288 287 285 285 286 285 284 283 282 280 280 279 272 271 275 275 275 275 277 277 276 273 268 269 267 265 259 263 266 266 264 261 272 271 269 268 261 257 258 259 272 277 281 273 261 265
280 278 270 267 271 271 276 272 263 257 259 266 277 280 279 272 267 270 273 281 284 285 288 290 291 292 291 291 290 282 285 286 286 286 283 285 286 286 287 287 285 286 285 285 284 282 281 279 277 278 272 273 275 275 275 277 276 276 274 275 270 267 263 257 258 264 269 269 269 271 275 269 265 272 266 262 256 263 272 277 282 275 261 259
279 276 271 264 269 269 269 268 267 263 261 268 276 278 276 275 274 274 279 287 288 289 291 291 292 292 292 291 288 282 286 287 286 285 284 285 287 287 286 284 283 286 285 285 283 280 277 279 277 278 276 274 274 275 272 276 275 274 273 274 272 270 259 258 261 265 270 272 272 277 278 271 266 275 273 267 257 258 266 274 281 279 269 259
276 275 271 265 262 261 268 266 265 263 261 268 270 272 276 274 274 275 285 284 284 287 291 292 292 292 291 290 280 283 288 287 285 285 286 286 286 285 284 283 285 286 285 284 283 281 276 274 273 272 275 270 271 274 274 276 275 273 271 273 274 273 263 261 265 269 273 270 277 278 277 273 271 278 276 267 257 251 258 267 281 283 276 273
276 274 268 264 262 263 265 264 261 262 259 260 267 273 274 268 271 280 282 279 285 288 291 292 292 291 291 289 279 288 288 284 280 281 282 286 286 285 284 284 285 285 285 284 283 280 273 263 263 265 272 269 270 274 275 275 275 274 271 274 274 275 271 267 266 273 276 274 280 279 277 278 278 276 277 275 267 252 254 266 280 285 283 279
271 269 268 263 264 261 258 262 255 257 253 258 264 268 274 270 278 281 282 283 288 291 292 292 292 291 290 287 287 289 283 284 281 283 281 285 286 285 283 284 285 284 284 283 281 280 274 264 264 269 272 274 273 273 275 275 276 277 272 275 279 277 276 275 269 269 276 279 281 278 274 279 280 273 270 280 273 262 263 274 278 281 284 284
264 260 262 261 263 261 255 260 258 251 249 252 259 262 269 276 277 277 285 288 290 291 291 291 291 291 290 290 289 285 284 286 286 285 284 286 285 282 282 284 283 283 282 282 280 279 272 265 269 271 271 274 274 273 272 275 278 279 274 276 280 280 277 279 272 270 276 282 279 273 275 279 282 278 271 280 281 270 272 277 270 274 278 285
266 262 257 251 253 262 258 254 255 249 241 246 257 262 270 271 267 278 284 283 288 291 290 290 291 290 285 288 289 287 287 286 285 283 284 285 282 281 281 283 282 282 281 278 275 274 274 266 270 270 268 272 272 273 272 276 279 280 279 279 281 282 280 281 278 280 282 282 276 274 274 278 282 280 269 276 285 279 278 281 279 279 279 284
266 261 252 247 257 262 261 257 250 246 243 252 260 261 261 260 271 277 282 288 290 289 287 283 290 290 286 288 288 286 284 284 281 279 281 284 282 280 281 282 280 279 277 273 265 262 266 265 268 271 268 268 272 271 274 271 276 280 282 280 282 283 283 283 283 283 284 281 276 277 279 282 285 283 278 280 286 283 283 278 278 283 278 281
265 262 255 254 260 261 260 257 252 248 251 252 250 254 255 262 274 280 284 289 290 287 283 283 287 290 287 287 285 281 279 278 273 271 279 282 282 277 281 280 276 274 272 268 258 252 259 262 266 270 270 269 272 269 272 273 277 279 280 282 283 282 283 284 284 284 284 280 279 283 280 283 286 285 283 282 287 287 287 285 281 283 283 283
258 257 257 259 259 259 255 257 255 257 256 248 256 262 265 272 273 280 288 289 289 286 282 281 287 290 290 288 282 273 270 267 263 265 269 275 281 278 281 277 269 268 266 260 256 261 262 266 266 267 270 269 271 271 271 273 275 275 275 278 282 283 283 283 284 282 283 284 284 283 281 284 286 283 283 281 287 289 288 288 287 285 285 286
251 250 251 254 255 256 253 261 261 264 260 253 257 264 274 279 276 285 287 286 285 283 281 285 289 291 290 289 284 271 266 262 255 253 261 270 279 282 278 272 261 259 257 255 260 266 268 268 266 263 267 265 269 271 270 271 276 274 269 276 281 282 282 281 284 279 276 283 280 284 282 282 286 283 284 283 286 287 285 287 289 288 287 288
243 237 239 243 247 251 261 263 264 266 258 263 259 266 272 277 284 288 284 283 287 286 283 288 291 290 290 290 286 278 273 264 254 253 263 270 277 281 278 272 266 262 263 262 266 271 271 268 265 265 267 268 271 268 267 271 275 277 273 275 281 281 281 283 282 274 274 278 281 282 283 281 284 285 284 288 285 282 278 282 289 290 290 290
244 238 235 242 243 247 255 266 269 269 270 266 261 270 278 282 287 286 287 285 289 289 289 290 291 290 288 288 289 284 278 272 268 265 263 265 274 280 277 273 270 270 269 267 270 271 267 268 264 265 266 270 269 268 263 268 269 277 278 278 278 281 282 282 276 278 274 276 281 280 281 282 286 287 286 288 285 280 282 287 288 290 290 290
251 239 235 234 238 242 252 264 271 275 274 271 268 273 282 287 288 288 289 290 291 291 292 292 291 291 287 283 285 287 282 279 277 274 273 272 275 280 280 277 275 274 274 273 273 272 269 267 262 261 266 267 268 267 264 266 270 273 276 280 277 281 282 281 279 276 277 280 282 281 278 285 287 289 289 289 289 286 287 284 281 288 290 291
257 247 241 232 235 245 256 266 271 274 279 278 276 278 280 286 287 290 290 290 290 291 291 291 288 288 286 284 282 285 286 284 282 280 278 278 277 279 276 278 278 275 276 276 274 271 267 264 263 265 263 266 268 269 269 268 273 272 273 280 278 280 281 277 271 268 272 277 280 279 278 280 285 287 289 290 291 290 287 287 281 282 290 291
258 249 236 232 236 245 257 264 273 277 281 281 280 277 284 284 288 290 291 291 291 291 290 291 288 282 285 283 281 283 283 280 282 279 278 279 275 276 273 271 276 278 277 274 273 269 267 264 264 260 261 260 268 272 273 271 273 273 274 279 280 280 277 266 259 253 261 272 273 269 276 280 283 285 288 287 287 291 290 287 289 287 290 292
