08 Ecocrop/raster/current/tmax_7.asc
ncols        683
nrows        518
xllcorner    -87.691666666667
yllcorner    10.708333333333
cellsize     0.008333333333
NODATA_value  1.#QNAN
[rows 296 to 332 of 518, columns 252 to 335 of 683]
280 278 278 282 281 279 276 273 275 276 274 271 269 265 263 265 265 264 266 269 268 267 268 267 261 260 270 273 273 276 278 279 280 282 282 282 283 282 282 283 283 283 284 280 280 281 284 284 282 280 280 278 280 280 280 280 276 275 277 277 277 277 276 275 275 274 272 269 270 272 274 276 279 280 280 278 280 282 281 282 282 282 283 283
277 278 277 282 281 278 275 273 277 275 272 270 270 267 263 264 263 262 266 267 265 263 264 265 263 261 263 267 270 277 278 279 282 283 283 284 283 283 284 284 281 281 284 282 279 279 283 283 283 281 281 278 279 280 280 280 278 276 277 276 275 276 275 275 274 272 272 272 269 271 277 277 279 278 274 273 280 281 282 282 282 282 283 283
279 280 281 281 281 280 278 279 277 277 273 269 266 263 262 263 259 262 261 261 261 256 260 264 268 266 259 261 269 274 279 281 283 282 283 284 285 284 284 283 280 280 281 279 281 277 280 282 283 283 278 274 275 278 280 278 277 276 277 276 275 274 273 272 273 271 272 269 268 269 271 275 277 272 271 277 275 280 281 282 282 282 282 283
277 278 281 281 281 281 279 278 276 275 270 265 262 262 265 262 259 262 257 255 257 250 259 266 270 269 265 264 272 277 280 280 281 282 284 284 284 284 284 283 280 278 277 272 276 278 280 279 282 283 276 275 278 279 279 276 275 276 274 275 273 272 272 272 274 273 270 263 266 267 275 277 271 269 273 273 274 279 281 282 282 282 282 283
279 280 281 280 279 280 280 277 276 274 272 266 263 266 264 257 258 260 256 253 254 254 261 266 270 271 267 261 268 277 280 281 283 284 284 285 284 284 284 283 282 279 279 277 276 276 273 277 281 281 280 278 279 279 276 276 277 274 273 272 272 272 273 273 272 272 272 269 270 268 271 275 269 269 269 268 275 281 279 281 282 282 283 283
280 280 280 279 278 278 279 275 269 266 269 263 261 265 266 264 263 265 263 263 264 263 264 269 272 272 267 256 265 275 281 283 284 285 284 285 284 284 284 283 282 281 280 278 277 278 277 279 278 279 281 282 281 279 276 278 275 274 273 272 274 275 276 273 271 271 271 269 269 269 269 268 267 271 273 276 279 275 276 281 282 282 283 283
280 280 277 277 276 275 278 276 268 264 262 263 265 265 268 267 267 270 264 269 270 269 268 271 274 272 267 259 267 274 281 282 283 285 285 285 284 284 284 283 282 280 278 279 278 276 278 278 275 277 281 281 282 281 280 276 272 275 273 274 275 277 275 272 268 269 269 266 268 268 268 267 270 273 276 279 274 276 280 281 282 282 282 283
279 278 276 272 273 275 277 274 272 266 262 265 268 270 270 266 272 268 263 268 272 273 269 271 273 266 270 270 276 279 279 280 281 284 285 284 283 283 284 283 283 282 280 280 278 274 276 277 278 279 280 279 281 282 280 277 274 276 274 276 276 279 278 274 273 271 268 269 270 269 267 268 270 274 278 277 274 279 281 280 281 282 283 282
277 273 271 271 270 269 271 273 270 269 263 260 260 267 272 273 273 271 270 272 273 275 272 273 271 266 273 276 279 281 282 284 284 285 284 280 278 281 283 284 283 282 281 281 278 277 275 276 277 279 277 277 280 281 280 277 274 277 277 278 277 277 275 275 275 272 270 269 269 268 266 270 271 274 276 269 268 275 280 281 282 282 282 281
274 274 274 274 270 265 262 264 266 262 260 260 260 267 269 270 275 274 274 273 272 273 276 277 273 273 274 279 280 279 280 281 283 284 283 277 277 280 283 282 283 283 283 282 280 278 275 274 275 276 277 279 280 280 280 278 274 277 278 279 279 275 269 271 275 272 273 271 269 268 269 271 274 277 269 265 270 277 281 282 280 280 280 283
278 276 274 273 271 269 263 262 264 262 263 266 264 269 272 273 276 277 276 275 275 271 272 276 280 280 278 279 281 280 280 278 282 284 283 282 281 281 282 283 283 283 283 283 282 280 277 277 275 276 277 279 279 279 279 279 277 278 279 280 279 274 266 272 276 276 274 269 268 270 272 272 274 274 269 270 273 280 281 280 280 280 281 281
275 273 270 272 270 266 268 268 269 266 268 269 267 270 269 270 274 276 277 277 277 273 274 274 274 281 282 282 282 281 282 281 281 283 281 281 282 282 282 282 282 283 282 282 278 280 279 276 278 276 277 277 276 277 280 280 280 280 280 280 279 277 271 273 278 276 273 271 271 272 271 275 276 275 277 276 279 281 281 281 281 280 280 280
270 268 268 264 265 268 270 271 271 265 269 272 270 272 274 275 275 278 278 278 278 277 276 274 274 277 282 283 283 282 283 283 283 283 283 283 282 282 281 281 282 282 281 281 280 277 271 270 275 277 277 278 277 277 279 281 281 281 281 281 280 278 276 276 279 276 269 267 273 274 273 276 278 277 279 280 281 281 282 281 281 280 280 280
271 265 262 255 258 265 269 272 272 269 272 274 273 275 277 277 277 276 275 275 275 279 278 279 280 280 282 282 283 283 283 280 279 281 283 283 282 281 281 281 281 281 280 278 278 277 269 268 268 273 278 279 280 279 278 280 280 281 281 281 281 279 278 279 278 269 260 262 272 277 277 275 279 280 281 282 282 282 281 282 282 281 280 280
270 265 259 254 258 265 270 272 273 273 273 273 273 270 271 272 272 272 271 268 270 273 275 274 274 278 281 281 280 281 280 278 279 282 282 283 283 283 282 281 279 276 277 278 277 277 276 271 265 269 273 274 276 279 280 280 279 280 281 282 281 280 280 280 275 261 260 265 274 279 279 278 280 281 281 281 282 282 282 282 281 281 281 282
271 262 254 259 261 264 268 270 269 271 271 270 271 273 274 275 274 274 272 274 274 276 279 279 279 278 279 281 281 281 280 282 283 281 282 282 282 282 283 281 280 279 278 279 278 276 275 274 271 266 261 260 267 276 280 281 280 281 281 281 282 280 280 280 276 269 267 268 277 280 281 280 281 281 281 281 282 283 283 283 282 282 282 282
269 264 256 257 261 264 267 267 269 269 270 271 272 274 275 276 277 277 276 280 280 280 279 279 282 281 279 280 281 282 283 283 282 279 276 276 275 278 280 282 281 280 279 276 276 277 275 273 272 269 265 262 262 274 279 281 281 281 280 280 281 280 281 280 279 276 273 277 280 280 280 281 282 280 282 283 283 283 283 283 282 279 282 282
263 262 257 253 255 260 263 265 268 269 271 272 272 271 272 275 275 276 280 280 276 271 276 280 282 282 282 282 281 283 283 283 282 279 277 277 275 276 275 279 280 280 279 277 273 276 276 274 271 271 270 264 268 273 279 280 281 281 280 280 281 282 282 281 280 279 279 280 279 274 279 282 282 281 283 283 283 283 282 282 280 280 280 281
269 263 259 259 257 256 260 263 268 270 270 270 270 271 272 273 272 277 280 276 267 264 269 274 276 281 281 282 283 282 283 283 283 282 280 278 277 277 275 274 279 280 279 277 275 273 274 274 271 272 274 268 271 273 277 281 281 281 279 279 281 282 282 280 281 281 280 280 277 274 280 281 282 283 283 283 283 283 281 281 279 279 279 278
266 264 268 267 268 267 266 268 269 270 271 271 271 271 270 272 273 272 278 274 267 265 267 273 278 276 278 280 282 282 281 279 279 282 279 278 278 278 276 275 277 280 279 277 277 276 275 274 275 275 277 272 272 275 279 281 280 281 281 281 282 282 281 280 281 281 281 281 279 279 280 281 283 283 283 282 281 280 281 280 279 278 278 280
267 268 275 275 275 272 270 272 272 272 270 270 270 270 268 268 269 270 277 278 271 267 267 273 276 271 273 277 280 281 283 283 283 283 280 280 280 279 278 276 275 277 280 279 279 276 275 273 277 276 278 276 273 274 278 281 280 280 280 281 281 282 282 281 282 282 282 282 280 280 280 282 283 282 282 281 282 279 279 279 280 279 279 281
271 276 279 279 279 276 272 274 273 273 273 271 271 270 268 268 271 274 276 275 274 271 268 269 273 271 271 271 273 280 282 283 283 283 282 282 281 280 279 279 277 276 279 280 279 277 274 274 277 279 278 278 276 274 278 282 281 280 280 281 282 282 282 282 282 283 283 283 282 283 283 283 282 282 281 281 281 279 279 280 279 280 279 280
272 277 279 282 282 279 277 275 273 272 272 273 274 272 273 274 277 278 278 274 269 269 268 268 272 271 271 273 275 280 282 283 283 282 283 283 282 281 280 279 277 274 277 279 279 277 275 275 279 279 277 279 279 276 276 281 282 282 281 281 283 281 282 283 284 283 283 283 283 282 282 284 283 282 281 280 279 278 280 280 281 281 281 282
277 282 284 283 284 282 279 273 271 271 272 272 274 274 275 274 274 275 277 274 271 269 269 268 270 269 273 278 280 281 280 279 282 283 283 282 282 281 280 279 276 274 276 279 278 276 275 274 279 280 278 277 279 278 278 282 282 282 281 282 283 282 283 283 283 283 284 283 282 280 283 283 283 282 281 279 277 275 279 280 281 282 282 282
282 285 285 284 281 285 280 276 274 274 273 273 274 276 274 272 273 275 274 272 272 270 269 269 268 268 274 277 276 278 276 275 280 283 283 282 282 282 280 279 278 275 276 278 277 274 271 274 279 281 280 278 280 280 280 282 283 282 282 283 284 284 282 283 283 283 283 282 281 282 283 283 282 280 280 278 278 275 277 279 281 281 281 281
289 286 286 287 283 286 284 280 274 276 275 274 274 275 274 272 273 273 273 271 270 271 269 269 267 269 270 270 270 273 276 280 281 282 281 282 282 282 281 279 277 276 276 278 276 274 270 270 276 279 280 279 277 280 278 282 283 283 283 283 283 284 283 282 282 283 282 282 281 281 281 282 282 279 280 278 275 271 271 277 279 279 280 278
290 291 291 289 286 288 284 281 278 277 276 275 275 275 275 274 273 272 271 271 270 269 270 269 267 268 269 270 272 274 279 279 274 278 279 279 281 282 280 277 277 275 273 273 276 277 273 275 273 273 276 281 280 281 275 281 283 283 283 283 283 283 283 280 281 282 283 281 280 281 281 282 282 281 280 279 276 269 270 275 274 277 278 277
291 293 293 291 287 289 284 281 279 277 277 277 277 276 275 274 273 272 270 268 267 269 270 269 268 266 268 268 268 269 272 272 274 279 279 279 280 279 278 274 275 276 275 276 276 279 278 279 278 277 278 280 278 281 281 282 282 283 283 284 283 283 281 278 281 282 282 282 280 281 282 280 282 281 280 277 269 269 274 273 269 274 277 280
293 294 293 292 287 288 288 283 279 277 276 276 276 277 276 274 275 274 271 265 265 267 269 269 269 267 267 266 266 267 268 270 276 278 278 279 278 278 277 275 274 275 275 275 276 277 278 280 280 281 279 278 279 281 280 282 282 283 283 283 283 282 282 281 281 281 282 280 280 281 281 281 282 281 280 277 271 272 273 268 267 274 278 280
294 294 292 288 285 291 286 284 281 279 278 278 277 276 276 277 275 274 273 268 268 269 267 267 268 267 265 263 263 267 269 271 273 277 277 275 277 277 277 275 273 275 275 276 276 276 273 277 280 282 282 281 281 282 282 282 283 283 282 282 282 281 280 279 279 280 280 279 278 279 279 279 282 280 277 275 272 273 270 264 265 268 276 278
295 294 291 287 291 291 286 283 278 283 283 279 279 279 281 281 278 277 277 275 275 273 262 259 266 268 265 264 267 269 269 270 272 273 270 269 276 276 276 276 273 274 276 275 274 274 269 273 279 281 281 281 281 280 282 280 281 282 282 281 281 280 276 271 270 278 279 277 276 278 277 278 281 277 276 274 273 275 271 265 268 266 270 276
295 295 295 294 293 292 288 283 280 285 285 283 283 283 284 283 280 282 283 281 278 274 267 264 267 272 270 265 267 264 268 271 272 271 269 268 270 274 274 275 274 273 275 275 274 272 268 271 278 280 281 281 281 281 281 281 280 280 279 279 278 275 274 271 269 274 278 276 277 279 279 279 281 278 276 275 274 276 273 270 271 268 265 269
296 295 294 291 287 288 285 280 282 286 286 285 284 283 284 284 284 284 284 282 281 279 273 274 276 273 275 269 258 257 266 271 270 268 267 267 266 267 271 272 274 272 269 272 273 269 263 269 278 279 278 280 279 280 280 279 274 275 277 275 270 267 266 269 268 269 276 279 280 280 281 282 280 276 276 275 276 277 276 274 274 268 269 271
297 295 294 291 287 283 281 282 283 286 287 287 286 283 285 284 283 285 285 283 281 282 277 276 281 281 280 271 263 260 267 269 264 265 263 263 267 268 270 272 274 271 269 267 265 263 260 266 276 272 275 278 273 276 277 273 269 268 270 265 263 261 261 260 262 267 276 280 280 279 279 281 280 277 276 276 277 279 278 277 276 275 277 276
296 296 295 290 284 283 281 281 283 283 286 288 287 283 284 287 287 284 281 275 277 276 275 277 281 283 282 275 271 263 264 266 261 259 264 266 266 270 273 273 273 271 271 268 265 264 262 264 269 270 275 276 268 270 269 264 262 262 262 261 263 264 264 261 266 268 274 276 274 279 280 281 278 277 276 277 277 279 279 279 278 279 278 278
295 295 294 292 285 285 285 282 280 280 284 288 290 286 288 289 286 284 283 282 278 273 278 282 282 284 283 281 274 271 266 262 257 253 260 263 264 268 272 273 273 271 271 270 268 267 264 261 262 266 270 274 267 265 264 261 263 263 262 265 266 267 264 262 269 272 273 273 275 279 279 282 277 276 275 276 277 278 280 279 279 279 279 279
292 294 290 292 289 288 288 286 283 283 284 287 291 290 287 283 280 281 277 279 273 275 284 282 285 285 284 281 278 278 273 269 259 254 252 256 264 269 271 272 272 269 270 269 268 268 268 265 262 262 266 268 266 265 258 262 264 262 261 265 268 270 267 266 270 272 274 277 279 278 278 281 278 277 276 276 277 279 280 280 280 279 279 279
