08 Ecocrop/raster/current/tmax_4.asc
ncols        683
nrows        518
xllcorner    -87.691666666667
yllcorner    10.708333333333
cellsize     0.008333333333
NODATA_value  1.#QNAN
[rows 222 to 258 of 518, columns 252 to 335 of 683]
290 282 282 290 289 291 293 290 285 280 270 258 264 262 269 281 288 302 303 300 303 306 309 308 305 304 307 308 310 310 312 312 312 311 308 310 310 309 310 307 303 305 302 294 298 307 311 310 310 310 312 312 312 311 312 311 311 307 301 305 311 312 311 311 311 310 311 312 312 312 312 311 311 311 312 312 312 312 311 311 311 311 311 311
292 284 285 292 292 295 295 288 280 279 276 268 272 271 277 287 293 302 306 306 307 309 310 311 308 304 309 310 311 310 311 312 312 310 309 312 311 311 311 308 299 306 307 303 306 310 311 311 310 308 310 310 311 312 312 310 308 307 304 307 311 312 312 312 311 310 311 312 312 312 312 312 312 311 312 311 311 311 311 311 311 311 311 310
296 292 293 297 299 299 293 282 277 282 284 280 281 281 283 289 296 303 306 307 302 302 303 308 311 311 310 311 311 311 312 311 310 311 311 311 311 312 311 311 306 306 311 310 311 307 306 309 310 309 310 310 310 311 311 307 303 304 307 308 310 311 311 311 312 311 311 312 312 312 312 312 311 310 311 311 311 311 311 311 311 309 309 309
298 296 299 295 293 300 293 283 276 280 287 288 287 284 288 288 293 301 306 308 305 301 301 303 310 311 311 310 309 311 310 307 305 305 309 310 310 309 310 312 311 311 309 309 307 304 301 306 311 311 307 309 310 311 310 305 305 304 306 309 310 311 311 310 311 312 311 312 311 311 311 311 311 310 311 310 311 311 311 310 308 309 308 308
305 301 298 290 291 302 294 283 280 279 286 291 293 295 293 296 298 299 305 308 307 301 303 308 311 311 310 311 312 308 308 304 303 307 309 310 309 306 304 307 310 311 310 306 305 302 300 308 311 310 308 307 310 310 309 305 308 307 306 309 310 310 311 311 311 311 310 311 311 311 311 311 310 310 310 310 310 310 310 309 308 308 308 308
306 302 291 290 289 299 299 292 290 288 288 293 294 300 299 298 301 297 302 309 309 307 306 309 312 312 310 309 308 307 302 301 306 308 309 307 300 299 298 303 306 310 311 308 305 300 293 303 310 309 308 308 310 310 309 306 306 308 309 309 310 310 311 311 311 311 311 310 310 310 310 311 310 309 310 310 309 309 309 309 309 309 309 308
303 306 299 291 294 296 300 302 295 293 292 297 293 297 305 307 303 303 302 306 311 308 309 311 312 311 309 306 301 303 299 302 302 305 307 302 295 290 292 299 304 309 310 306 302 300 293 303 309 308 307 309 309 309 309 306 304 305 307 310 310 310 310 311 311 311 311 311 310 310 310 311 310 309 309 309 309 309 308 309 309 308 308 308
305 307 305 303 300 300 298 305 300 292 293 295 301 300 303 309 307 306 304 305 311 310 310 311 311 311 307 300 294 296 293 299 301 303 301 301 298 295 295 298 300 308 309 307 301 297 296 303 308 308 308 309 308 307 309 307 307 305 306 309 310 308 309 311 311 311 311 311 311 310 310 310 309 309 309 309 309 309 308 309 307 308 307 308
306 307 307 309 305 301 304 305 300 297 295 297 299 304 307 310 311 309 308 306 309 312 311 312 310 307 308 303 292 285 290 295 292 299 295 295 297 298 295 294 302 307 309 308 306 300 297 302 305 307 308 309 308 309 309 308 308 308 306 308 309 309 310 311 311 311 311 311 310 310 310 310 309 309 309 310 310 310 308 309 307 308 307 307
308 308 306 310 310 305 309 311 307 308 306 303 306 308 311 311 312 313 311 309 309 310 312 312 309 305 305 304 293 284 286 285 288 291 290 291 295 298 297 296 301 306 306 308 305 303 298 299 301 300 307 308 307 308 308 309 308 309 307 308 308 309 310 310 311 310 310 309 310 310 310 309 310 310 310 310 310 310 309 307 306 307 308 307
310 311 310 310 311 312 310 311 311 303 309 310 309 311 307 306 308 309 312 312 312 311 311 311 309 303 298 303 292 281 280 283 285 290 287 288 297 298 298 299 301 304 305 308 304 301 297 297 303 301 306 308 306 306 306 308 309 309 309 309 308 310 309 310 310 310 308 309 309 310 309 309 309 310 310 310 309 308 308 307 308 308 308 307
309 310 300 294 298 307 310 309 309 298 299 305 310 308 300 303 307 308 309 311 309 309 306 311 308 306 302 298 293 281 283 285 286 287 287 286 292 295 297 299 302 301 305 307 304 299 298 300 304 303 307 307 305 306 307 308 308 308 309 310 308 310 310 311 310 310 308 308 309 309 309 307 308 309 310 309 309 308 308 307 308 308 307 307
309 307 297 289 293 304 308 306 305 304 304 305 308 310 303 300 307 304 307 310 309 307 304 307 310 309 307 303 301 288 286 288 287 288 288 286 285 292 294 302 302 299 304 305 305 301 300 299 304 302 306 305 304 306 307 307 308 309 309 310 310 310 310 310 310 309 308 308 308 309 309 308 307 309 309 309 309 309 309 308 308 307 307 307
303 307 299 290 293 302 308 308 306 303 305 309 309 310 306 302 304 302 307 309 306 305 299 299 300 306 309 307 304 295 292 291 291 291 286 284 287 288 290 296 302 297 303 305 304 302 301 298 304 306 306 305 305 306 306 308 309 309 310 310 310 309 310 310 310 309 308 308 308 308 308 308 307 309 309 309 309 309 308 308 308 307 307 306
304 307 305 297 298 306 309 307 309 308 306 308 311 306 296 294 298 305 305 301 302 300 295 288 299 307 302 307 306 301 296 294 295 292 289 286 288 286 293 298 301 298 300 305 304 302 299 296 304 304 306 306 307 307 308 309 309 309 310 309 308 310 309 309 310 309 307 308 308 308 308 308 308 308 308 309 309 308 308 308 307 305 306 306
297 295 301 293 291 303 308 307 306 309 307 308 309 305 301 296 298 304 300 293 296 296 295 293 304 299 295 294 304 305 301 297 297 297 298 294 287 287 294 294 297 299 299 305 301 303 302 298 302 302 306 307 307 307 308 309 309 309 309 309 309 309 309 309 310 308 307 307 307 306 307 307 307 307 308 309 306 306 307 307 307 305 306 306
287 285 288 287 282 291 299 302 304 307 309 310 309 308 307 304 299 298 296 296 297 299 298 302 303 296 297 297 301 307 301 301 299 299 299 295 290 288 291 294 295 295 298 304 301 298 301 300 301 298 303 305 308 308 308 309 309 308 307 308 309 309 309 308 309 308 307 306 306 306 305 306 306 304 306 308 306 302 304 304 304 303 305 304
289 289 288 285 287 287 291 293 302 307 310 309 308 307 306 305 301 292 293 297 299 298 294 301 299 296 299 301 298 302 306 301 302 303 299 297 299 296 288 290 291 291 296 302 297 294 299 299 300 298 303 306 307 308 309 308 307 308 307 307 308 307 308 306 308 308 305 305 305 306 305 305 306 306 306 307 306 303 300 299 298 303 304 303
293 292 289 290 294 290 285 285 299 307 307 307 307 305 301 302 302 293 294 296 297 297 296 298 298 298 301 301 292 295 305 304 303 304 303 303 301 297 290 285 283 287 291 300 299 294 297 300 299 300 302 306 306 308 308 308 307 307 305 304 305 305 307 306 307 307 306 306 305 305 306 306 306 306 306 306 306 305 302 297 295 298 302 300
293 295 289 292 292 296 295 288 303 308 305 302 301 302 299 296 299 295 295 295 298 298 296 295 301 301 301 301 295 295 302 306 307 306 305 302 300 297 291 281 276 281 285 294 298 293 296 299 300 302 301 302 303 308 307 308 307 306 304 300 298 299 305 306 306 307 305 304 305 305 305 304 305 306 306 306 303 303 301 298 294 296 300 299
299 296 290 294 295 294 297 302 305 304 305 303 296 296 293 289 291 297 297 299 300 301 301 300 302 300 301 299 295 299 304 307 307 306 304 303 299 296 291 284 273 277 278 282 292 295 297 298 298 302 303 302 305 308 306 307 307 304 303 298 300 301 304 304 304 305 306 304 304 305 305 304 305 305 305 305 303 300 299 293 293 294 298 300
297 299 296 297 297 292 294 303 300 297 301 295 290 291 291 293 293 295 298 299 297 299 299 302 303 303 302 301 301 304 307 307 306 305 303 302 298 294 287 279 270 265 269 274 286 290 293 296 301 300 303 303 303 307 307 307 306 305 303 301 300 302 303 303 304 304 305 304 303 303 304 305 305 304 302 302 303 302 299 297 293 295 296 300
296 298 298 297 293 288 299 299 296 290 290 290 291 291 292 292 291 293 297 297 297 297 296 297 302 304 305 305 306 307 307 307 307 307 305 302 300 293 285 276 266 252 253 259 276 282 288 296 300 299 302 304 305 307 306 307 306 304 304 303 302 302 302 301 303 304 305 304 303 302 302 303 302 300 301 302 301 302 299 297 296 296 296 298
291 293 294 292 290 295 300 295 287 284 282 286 291 291 291 291 290 293 292 294 293 295 291 294 297 303 305 306 306 306 305 306 307 307 305 299 297 292 284 264 258 259 255 251 261 270 284 295 299 299 301 304 306 306 307 307 307 306 305 302 303 303 301 301 303 304 303 304 303 301 299 298 296 296 295 297 299 302 301 297 298 298 297 294
286 291 293 294 294 296 299 291 287 286 286 282 286 286 288 288 287 290 286 284 289 288 288 295 298 302 305 301 302 302 302 302 306 306 303 299 295 293 286 276 272 274 264 267 270 267 280 294 299 300 299 301 304 304 306 306 307 306 305 304 303 302 302 302 302 304 302 302 302 299 295 292 293 296 291 290 296 300 301 298 298 297 297 294
291 294 296 297 299 299 296 290 289 288 285 280 280 278 279 282 281 286 281 274 283 283 289 292 297 302 300 300 297 299 302 303 304 305 302 301 301 297 291 286 285 284 275 279 276 271 286 297 300 300 300 302 305 304 303 305 306 305 305 304 302 300 302 302 303 303 302 301 301 298 295 292 294 296 295 290 292 299 299 296 298 294 297 299
296 296 295 296 298 297 294 292 291 290 287 282 276 272 274 276 274 276 276 270 276 276 288 295 299 301 300 297 294 295 302 304 306 304 304 304 301 299 295 295 295 294 289 290 283 282 292 299 301 301 301 302 304 304 304 305 306 304 305 304 302 299 297 302 303 301 299 298 299 298 294 292 293 295 298 295 297 299 299 299 299 297 299 301
293 295 294 289 291 296 297 295 293 291 285 278 272 263 259 262 257 257 264 264 269 279 291 293 298 297 297 296 291 296 301 304 306 305 305 304 301 293 287 292 299 301 301 301 296 294 299 302 302 301 300 296 301 303 303 304 305 304 305 304 301 298 296 299 300 299 294 291 293 294 290 292 291 291 295 297 297 293 293 298 299 299 298 301
292 293 292 292 295 298 298 296 294 290 279 269 263 261 262 257 251 251 255 254 271 285 293 291 295 294 291 291 294 299 303 304 305 306 305 304 302 295 293 288 291 296 301 303 302 302 302 303 303 301 300 297 300 303 301 303 304 305 304 303 301 295 296 296 296 298 292 290 292 293 292 290 292 291 292 291 292 289 288 294 299 300 299 301
289 284 290 294 298 299 298 296 291 287 283 275 259 268 267 258 260 261 256 261 275 288 295 296 295 294 291 290 290 299 303 305 306 306 305 305 304 301 301 296 297 295 302 305 303 304 303 303 303 302 300 298 299 301 300 302 305 305 304 303 300 293 295 297 297 296 293 293 295 296 295 290 290 293 293 292 292 292 286 291 299 298 298 299
296 287 293 297 300 299 296 293 288 284 287 281 268 275 277 271 267 259 259 266 277 286 297 298 298 296 291 292 293 294 301 299 302 301 306 307 306 304 299 296 300 299 300 305 306 305 304 304 303 303 299 299 297 300 301 303 304 304 303 303 299 293 294 297 295 294 292 293 294 297 298 294 291 292 291 291 290 296 289 288 299 300 293 300
306 301 303 303 299 297 292 286 292 294 293 289 278 283 284 274 261 260 268 271 276 287 297 299 299 295 292 294 297 298 296 295 297 297 304 307 308 306 299 299 302 298 303 306 306 305 304 304 304 303 301 301 299 301 302 302 303 303 302 303 301 297 295 296 295 293 295 296 295 297 298 295 293 290 289 290 294 297 297 296 298 301 294 302
309 304 308 306 301 295 287 291 298 301 302 297 290 294 282 270 270 273 275 280 284 294 299 302 301 296 295 296 298 298 297 295 295 296 300 304 308 308 303 303 303 298 304 306 306 305 304 304 304 303 301 300 302 303 302 301 302 303 303 302 301 298 294 294 297 296 295 297 296 298 298 296 295 292 289 289 289 292 292 300 297 301 300 303
307 309 305 302 297 290 281 294 301 305 307 304 303 302 292 285 284 280 283 284 289 298 301 303 302 298 298 297 300 300 297 295 298 299 298 303 307 308 305 304 303 299 306 307 307 306 305 304 304 304 302 299 300 302 301 299 302 303 303 302 300 300 297 294 297 297 297 297 299 299 299 297 295 290 288 291 294 295 300 301 299 302 302 297
311 312 309 298 296 296 294 297 305 308 311 311 303 304 299 290 289 282 284 287 289 300 302 305 302 300 300 302 301 298 298 297 300 303 303 302 304 307 308 305 304 300 306 308 307 306 303 304 304 304 302 298 295 298 301 297 300 298 303 301 298 298 295 294 294 297 298 299 297 297 300 298 293 288 289 290 289 289 299 298 292 296 302 299
310 315 308 300 304 303 302 304 308 312 313 314 310 301 300 297 298 292 287 295 297 304 306 306 304 302 304 300 296 298 299 301 300 299 299 300 302 306 307 307 304 298 304 308 307 307 305 306 305 304 304 300 294 294 298 296 298 296 300 301 298 297 294 291 293 294 296 298 299 298 300 297 293 292 289 293 293 295 301 299 292 296 301 301
308 315 310 308 309 309 310 311 313 315 315 315 311 305 301 304 303 295 297 303 304 308 308 306 305 304 301 298 296 296 298 303 301 299 294 293 294 302 307 307 305 302 304 308 308 308 307 307 306 305 305 303 299 298 299 298 299 295 300 302 299 297 297 290 292 293 293 295 297 300 301 298 296 296 293 296 300 300 302 298 293 298 300 301
