08 Ecocrop/raster/current/tmax_5.asc
ncols        683
nrows        518
xllcorner    -87.691666666667
yllcorner    10.708333333333
cellsize     0.008333333333
NODATA_value  1.#QNAN
[rows 259 to 295 of 518, columns 168 to 251 of 683]
280 285 289 295 302 306 309 307 312 317 318 318 318 318 318 317 317 317 317 316 316 316 317 317 315 311 308 303 299 308 310 299 302 301 299 297 292 288 287 288 289 285 287 284 280 273 263 267 285 295 298 301 302 302 304 304 304 306 306 306 306 302 293 297 298 303 300 295 297 300 304 309 313 305 298 306 308 309 311 311 309 315 316 314
278 284 287 290 296 300 305 312 314 316 318 318 317 317 317 317 317 317 316 316 316 316 316 316 315 308 302 302 310 308 305 308 299 293 298 301 298 293 291 289 285 278 277 278 281 273 268 277 285 294 299 301 302 300 300 299 302 303 297 299 306 304 299 305 309 308 306 303 304 306 309 311 314 308 294 295 301 303 304 311 313 315 316 316
280 284 284 286 289 297 303 309 315 317 317 317 317 317 316 317 316 316 316 316 316 316 316 316 315 312 309 310 309 308 308 307 302 303 306 298 292 287 285 285 287 280 274 269 272 271 273 289 293 295 301 299 297 299 296 294 297 297 293 300 303 307 307 302 302 309 308 311 310 312 314 315 316 309 302 302 305 301 306 311 314 315 315 316
289 281 283 287 293 297 304 308 314 317 317 317 317 316 316 316 316 316 316 316 316 316 316 312 305 301 307 302 302 300 297 301 306 304 299 303 298 293 289 284 284 285 279 270 263 267 275 292 300 303 305 305 302 305 303 299 290 293 292 302 303 305 303 296 293 298 303 309 309 310 313 315 316 315 312 312 311 304 307 312 315 315 316 315
291 283 282 282 288 293 302 313 317 317 317 316 316 316 315 316 316 316 316 317 316 316 312 305 299 300 305 298 301 287 282 297 304 302 291 298 298 294 298 294 290 282 274 266 265 272 272 284 300 305 308 308 306 308 306 299 288 296 301 305 307 308 308 305 301 302 304 305 307 306 307 309 310 315 316 316 315 307 305 311 315 315 315 314
296 290 297 295 297 300 311 317 317 317 317 316 316 315 315 315 316 316 316 317 316 313 307 301 298 297 299 293 297 286 276 289 301 301 295 289 292 292 292 294 290 287 278 272 282 283 285 287 284 295 304 310 309 305 303 300 292 290 293 300 307 309 309 305 305 309 312 309 311 311 308 305 305 311 310 309 315 314 310 311 313 313 314 314
299 294 299 308 311 313 316 317 317 317 317 316 316 315 315 316 316 316 317 317 316 313 307 306 304 304 302 295 292 294 296 292 294 289 288 286 289 290 290 293 288 283 278 284 292 294 294 294 289 286 293 309 309 308 305 297 281 279 286 297 306 309 310 307 303 308 314 314 310 313 310 311 313 314 311 312 313 314 315 314 310 310 314 314
292 298 301 310 314 315 316 317 317 317 317 317 316 316 315 316 316 317 317 317 317 315 312 312 310 308 305 298 303 301 299 292 284 278 273 274 277 284 290 290 283 275 274 284 299 301 301 304 301 296 290 305 312 311 303 292 273 271 278 295 307 311 312 313 313 313 313 315 310 311 314 315 315 315 314 314 313 314 315 313 311 310 313 313
296 302 312 314 313 314 314 315 317 317 317 317 316 316 316 316 317 317 317 318 317 316 315 314 311 309 308 306 302 292 289 290 277 268 263 268 282 286 282 280 282 278 285 287 295 304 303 306 309 304 301 308 313 310 302 287 274 274 277 288 303 306 310 309 307 314 315 316 315 315 315 316 315 316 315 314 314 314 313 309 308 312 312 312
302 309 314 315 316 316 313 314 317 317 317 317 316 315 315 316 317 317 317 317 317 314 315 313 310 306 303 300 300 297 291 292 288 275 264 267 279 280 284 279 277 277 293 298 297 298 300 306 311 312 312 314 312 310 301 293 294 280 292 301 306 305 309 306 306 309 312 316 316 316 315 315 316 315 315 314 314 313 310 310 304 309 313 312
309 312 312 314 317 317 314 316 317 317 317 316 316 315 316 317 317 318 317 317 316 315 315 312 307 301 295 289 293 305 305 302 295 284 270 277 286 284 288 289 288 286 280 283 286 289 294 300 306 305 308 314 315 312 302 303 301 284 285 298 306 308 312 313 312 311 315 316 316 316 315 315 315 315 314 314 313 311 311 311 309 311 312 312
314 311 312 316 317 317 317 314 316 315 312 314 314 315 316 317 317 318 318 318 317 316 316 313 308 300 291 291 300 308 307 304 296 289 283 279 294 295 293 291 287 296 287 280 283 289 302 306 307 309 309 313 316 313 309 308 299 297 300 305 306 311 312 314 315 315 316 316 316 315 314 314 312 313 312 312 312 309 310 310 311 311 309 309
314 315 316 317 318 317 316 316 315 310 306 309 311 313 315 316 317 318 318 318 316 314 316 315 311 305 298 303 308 308 308 308 301 300 297 296 301 303 296 297 292 298 285 289 285 281 297 306 309 311 311 310 314 315 311 308 309 309 310 309 311 311 310 315 316 316 315 314 315 313 312 311 310 309 309 309 310 307 309 308 309 308 309 308
311 311 314 315 317 316 316 315 314 311 301 304 307 311 314 315 316 317 318 318 315 313 316 317 315 312 309 313 312 307 308 311 312 311 309 309 308 303 301 298 297 300 287 289 292 284 303 306 308 310 310 311 311 314 315 314 313 313 312 312 312 314 315 315 315 314 312 312 312 311 310 305 304 304 305 305 306 307 307 306 307 305 306 306
313 315 315 314 317 313 314 314 311 300 289 293 303 311 314 315 316 317 317 317 316 315 316 318 317 317 315 314 312 309 312 311 314 314 313 312 308 303 307 305 295 300 295 287 298 285 297 301 302 305 302 303 305 309 311 314 314 313 313 315 316 316 314 314 312 312 309 308 308 307 307 302 297 296 296 299 303 306 304 302 306 307 307 308
316 320 317 319 308 311 310 307 301 297 292 295 303 309 313 314 315 316 317 318 317 317 316 319 318 318 317 316 316 313 312 314 315 315 314 313 304 301 309 307 299 299 298 297 295 287 287 293 294 299 294 292 299 301 306 310 314 316 317 315 314 314 313 313 309 311 307 304 303 302 303 302 296 286 286 294 303 303 299 300 305 307 308 309
320 322 319 315 312 307 300 292 294 300 299 300 306 309 308 312 314 316 317 318 318 317 317 319 319 318 319 318 317 313 314 314 315 314 312 310 298 298 309 308 304 300 301 303 295 300 292 284 292 295 293 295 297 301 307 311 313 316 317 314 311 308 309 309 306 310 305 301 301 294 295 296 292 285 292 298 297 299 295 301 303 306 307 308
321 323 318 314 312 306 294 292 293 295 304 301 295 302 308 310 312 315 316 317 318 318 318 318 319 318 319 319 316 317 317 313 306 303 303 295 297 308 310 306 306 303 304 302 308 303 295 292 286 286 291 291 289 297 304 308 313 317 316 311 308 302 299 302 308 309 303 296 292 282 287 289 286 281 292 293 291 294 296 297 299 303 305 307
320 323 319 318 311 301 287 287 284 296 298 294 292 301 303 298 308 312 314 315 316 318 318 318 319 318 319 319 317 318 315 310 307 291 290 285 300 300 301 310 310 308 307 306 309 301 302 298 296 286 283 279 285 291 300 307 315 315 313 304 297 296 293 296 307 304 294 287 285 274 270 282 273 275 279 279 288 292 294 287 294 295 298 302
323 324 321 321 314 309 299 283 281 293 292 293 297 296 297 298 300 309 311 308 312 316 319 319 319 320 320 320 319 318 314 311 303 290 282 281 290 288 293 305 312 312 306 310 309 304 305 293 292 295 289 277 283 291 304 309 314 314 312 301 291 289 287 296 304 302 286 273 272 273 268 273 269 267 268 279 287 290 288 287 286 287 292 296
322 325 325 324 318 317 309 295 289 287 289 292 293 293 293 300 304 304 302 302 308 314 318 319 320 319 320 320 319 318 314 311 305 292 283 281 292 293 293 304 311 314 308 313 310 305 309 296 286 288 286 275 288 299 301 310 316 316 313 308 302 295 295 300 302 300 288 274 265 273 278 270 262 260 267 280 287 291 292 294 293 291 294 298
323 325 325 324 321 320 316 311 300 288 289 288 288 290 293 296 297 302 306 310 311 312 317 319 320 318 315 316 317 318 315 312 305 295 290 290 298 303 303 311 315 311 306 313 315 312 312 305 293 280 275 274 290 300 308 313 316 315 312 309 305 302 304 304 300 292 280 275 280 285 289 284 271 265 273 284 290 292 295 298 298 296 299 301
325 326 326 324 319 313 313 313 304 291 287 289 291 290 294 297 300 304 308 308 312 314 316 318 319 316 312 312 316 318 316 314 311 304 299 298 308 313 311 315 316 314 312 313 316 312 309 303 290 285 284 289 291 305 309 314 316 316 311 306 307 307 306 303 299 287 277 274 288 292 295 292 286 282 283 285 290 293 296 298 300 297 297 301
326 327 326 324 319 318 318 316 308 290 286 291 292 293 293 296 300 303 306 310 308 309 314 318 319 317 316 317 318 318 317 313 309 308 307 304 314 314 306 310 315 317 313 316 317 314 310 306 295 299 298 304 300 305 311 316 316 315 314 312 309 308 306 303 297 284 280 274 283 293 296 296 296 293 294 289 291 298 300 302 303 302 304 306
327 327 326 325 322 322 319 313 300 285 286 290 292 294 292 292 294 300 303 303 306 313 317 318 319 319 318 318 318 312 316 316 312 310 308 311 316 310 312 312 316 318 317 317 318 316 314 307 294 303 310 309 309 313 316 315 314 313 312 306 304 303 303 303 301 288 274 270 272 286 292 294 297 293 297 297 297 301 304 304 303 301 306 305
327 324 324 325 324 321 316 305 285 281 285 287 290 293 293 295 296 299 301 305 311 314 316 317 318 319 319 319 318 313 312 315 317 316 316 317 316 314 316 318 319 319 318 318 318 317 314 308 301 306 313 313 315 317 313 308 306 307 304 300 296 295 293 292 294 285 276 271 268 273 285 292 295 297 298 300 302 304 300 291 292 299 303 303
327 325 320 325 324 320 314 305 281 278 284 288 291 292 293 295 299 300 299 308 307 305 313 313 315 319 319 318 317 313 310 311 316 313 316 317 317 318 317 318 319 320 319 319 318 317 316 312 309 314 315 316 317 315 311 309 306 301 300 298 288 281 274 273 277 280 276 273 269 269 276 287 293 294 297 300 302 304 302 293 299 300 291 296
328 327 326 325 324 320 309 296 284 279 276 284 290 292 292 295 298 303 304 303 301 301 308 308 311 317 318 318 317 315 313 314 315 316 316 310 315 315 318 317 312 318 320 319 319 318 317 314 315 318 317 317 317 314 313 312 310 308 305 298 285 275 266 267 275 279 280 276 270 268 267 277 287 292 296 298 299 302 303 302 300 290 291 296
329 327 325 317 316 311 303 289 282 277 278 278 285 292 292 295 296 302 304 303 302 301 306 306 310 316 316 315 316 316 315 316 316 316 314 309 310 310 316 315 306 313 318 318 319 319 318 317 318 317 317 316 315 315 314 313 310 307 305 299 293 286 276 271 273 274 277 274 273 273 270 269 278 285 290 294 296 300 300 302 293 283 286 290
327 325 324 321 315 306 300 303 302 282 289 286 289 295 299 301 303 303 305 305 304 303 305 306 313 314 309 310 311 316 316 315 315 316 314 314 310 309 312 316 307 306 311 316 316 318 318 317 317 313 315 316 315 313 312 310 308 307 304 302 300 295 288 282 277 269 270 272 279 279 275 270 269 277 282 291 298 298 298 299 290 281 287 291
322 323 321 316 310 314 314 315 305 291 292 299 289 298 303 311 311 307 305 305 305 307 308 307 312 314 313 312 307 315 315 314 315 315 315 314 311 311 312 315 311 305 313 314 314 315 317 315 316 313 314 316 315 309 309 307 306 306 306 301 299 296 294 293 282 272 266 273 281 283 275 269 269 279 285 294 297 296 298 296 286 285 293 300
326 322 322 315 313 320 320 316 310 295 295 304 304 309 308 312 314 313 309 306 307 309 308 308 311 313 314 314 313 315 315 314 315 314 315 312 308 308 313 309 308 308 313 311 313 314 314 312 314 310 312 316 315 311 309 308 304 302 304 305 304 301 300 297 292 281 272 277 284 283 279 274 276 279 288 292 290 293 294 290 285 291 298 301
324 325 320 311 315 322 321 319 312 303 300 309 306 311 315 315 316 316 314 310 309 310 310 311 312 312 314 314 315 315 315 314 312 314 313 310 306 308 308 306 307 311 311 308 311 312 312 313 311 309 313 314 315 313 311 308 302 300 302 304 303 298 298 298 297 289 285 287 287 285 281 278 278 277 281 282 282 285 285 284 292 299 300 295
328 324 321 318 321 323 322 316 311 312 315 317 312 316 316 320 319 317 315 313 311 309 309 310 308 309 314 314 315 314 313 313 311 313 313 309 306 308 308 306 302 306 306 301 307 309 311 310 307 307 310 315 315 311 307 304 301 301 301 302 304 305 304 303 298 291 295 289 286 285 284 283 281 279 276 273 275 281 286 290 296 296 294 292
331 328 327 326 324 325 323 315 315 320 318 316 314 321 320 317 317 315 315 314 312 308 309 310 309 309 312 312 313 314 314 314 312 309 311 309 308 306 309 307 307 304 300 301 308 310 309 308 307 308 313 316 315 313 304 304 305 306 306 307 310 306 299 296 295 297 301 282 278 278 280 281 278 278 276 274 278 290 295 297 298 296 295 300
332 330 330 328 325 324 323 320 321 321 320 316 319 323 320 320 317 311 309 311 311 306 306 309 309 310 313 312 312 313 314 313 310 304 304 303 307 308 310 309 307 302 305 307 308 308 309 311 311 313 315 316 316 315 311 308 306 300 298 298 307 311 306 295 285 295 304 288 278 275 274 276 276 277 276 276 280 291 296 298 299 298 299 303
330 330 330 329 327 323 325 323 324 324 323 323 324 325 324 321 321 315 312 311 312 310 310 310 310 311 312 312 312 311 314 314 310 304 301 302 304 308 310 310 304 295 299 301 305 309 313 315 315 316 316 315 315 315 313 310 308 304 303 305 310 312 305 291 286 300 305 293 281 273 274 275 276 278 278 280 283 292 297 299 300 300 300 303
