08 Ecocrop/raster/current/tmax_1.asc
ncols        683
nrows        518
xllcorner    -87.691666666667
yllcorner    10.708333333333
cellsize     0.008333333333
NODATA_value  1.#QNAN
[rows 259 to 295 of 518, columns 168 to 251 of 683]
259 263 267 272 279 283 286 284 289 294 295 295 295 295 295 294 294 293 292 291 291 291 291 291 289 284 281 276 272 279 281 271 272 272 270 268 263 260 257 258 259 255 256 253 249 243 233 237 253 262 265 268 269 269 271 271 271 273 273 273 273 270 262 265 266 270 267 263 264 267 270 275 278 271 265 271 273 275 276 276 274 280 281 279
257 262 265 268 273 277 282 289 291 294 295 295 295 294 294 293 293 292 292 291 291 291 290 290 288 282 275 275 282 279 275 278 270 264 268 271 268 263 261 259 255 249 247 248 250 243 238 246 254 261 266 268 269 268 267 267 269 270 264 267 273 271 267 272 275 274 272 270 270 271 275 277 280 274 261 262 267 269 269 276 279 281 281 281
259 262 263 264 267 275 281 286 293 295 295 294 294 294 293 293 292 292 292 291 291 290 290 289 288 285 282 282 280 279 278 277 272 273 275 268 262 258 256 255 256 250 245 240 242 241 244 257 261 263 268 267 265 267 264 262 264 264 261 267 270 273 273 270 269 275 274 276 275 277 279 281 281 275 268 268 270 267 271 277 280 280 281 282
268 260 262 265 271 275 282 286 292 295 294 294 293 293 292 292 292 292 291 291 291 290 289 286 279 275 280 274 274 271 268 271 275 273 269 272 268 263 259 254 254 254 249 241 234 238 245 260 267 270 272 272 269 272 270 266 258 260 260 268 269 272 269 264 261 265 269 274 274 275 279 280 281 280 277 277 276 270 273 278 281 281 282 281
271 263 262 261 267 272 281 291 295 295 294 293 293 292 291 291 291 291 291 291 291 290 286 279 273 274 278 271 273 260 254 267 273 271 262 267 267 263 267 263 259 252 244 237 237 243 243 254 267 272 274 275 273 274 272 266 256 262 267 271 273 274 274 271 267 268 270 271 272 272 272 274 275 280 281 281 280 273 271 276 281 281 281 281
276 269 276 274 276 279 290 295 295 295 294 293 292 291 290 291 291 291 291 291 290 287 281 276 273 271 272 266 269 259 249 260 270 271 265 260 262 261 261 263 259 256 248 243 252 253 255 257 254 263 271 277 276 272 270 266 259 257 260 266 272 274 275 271 270 274 277 274 276 275 273 270 270 276 275 275 280 280 276 277 279 279 281 281
279 273 278 287 290 291 294 295 295 295 294 293 292 292 291 291 291 292 292 292 291 288 281 280 279 278 275 269 265 266 267 264 265 261 259 257 259 260 260 262 258 253 249 253 261 263 263 262 258 256 261 276 275 274 271 264 250 248 254 264 272 275 276 273 269 274 279 279 275 277 274 276 278 279 276 277 279 279 281 280 276 277 280 281
272 277 280 288 292 293 294 295 295 295 294 293 293 292 291 291 292 292 293 293 292 290 287 287 284 282 278 272 275 273 271 264 257 251 246 247 249 255 260 259 253 245 245 254 266 269 268 271 268 264 259 272 278 277 270 260 243 241 248 262 272 276 278 278 278 278 278 280 274 276 278 280 280 280 279 279 278 279 280 279 277 277 279 280
276 281 291 293 292 293 292 293 295 295 294 293 293 292 291 292 292 293 293 294 293 292 290 288 286 283 281 279 275 265 262 263 251 242 237 242 254 258 253 251 252 249 255 256 263 271 270 273 276 271 268 275 279 276 269 255 244 244 246 256 269 272 276 275 272 279 280 281 280 280 279 280 280 281 280 280 280 280 279 275 274 278 278 279
281 288 293 294 295 295 291 292 295 295 294 293 293 291 291 292 293 294 294 294 293 290 290 288 285 281 277 274 274 270 265 265 262 250 239 242 252 252 256 250 248 247 261 266 265 266 267 272 277 278 279 280 279 276 268 261 261 250 260 267 272 271 274 272 271 274 277 280 281 280 280 280 280 280 280 279 280 279 275 276 271 275 279 279
288 291 291 293 295 295 292 294 295 295 294 293 292 291 291 293 293 294 294 294 293 292 291 288 283 276 271 265 268 279 278 275 268 258 245 252 259 256 260 260 258 256 251 252 255 258 262 267 272 272 274 280 281 278 269 270 268 253 254 265 272 274 278 279 277 276 279 281 280 280 280 280 280 280 279 279 279 276 277 277 276 277 278 278
293 290 291 295 296 296 295 291 293 292 289 290 290 291 291 292 293 294 294 294 294 292 291 289 284 276 268 267 274 282 281 277 269 263 257 253 265 266 264 261 257 264 256 251 252 257 268 272 273 275 276 279 282 279 276 274 266 264 266 271 272 276 278 279 280 280 281 281 280 280 278 278 277 277 277 277 277 274 275 276 277 277 275 275
293 293 295 296 296 295 294 293 292 287 283 285 287 288 290 292 293 294 295 295 293 291 292 291 287 280 274 278 282 282 281 281 274 272 270 267 271 273 266 267 261 266 255 258 254 251 264 272 275 277 277 276 279 281 277 274 275 275 275 275 276 277 275 280 281 281 280 279 279 278 276 276 274 273 274 274 275 272 274 274 275 273 275 274
290 290 292 293 296 294 293 292 291 287 278 280 283 286 290 291 292 293 295 295 292 290 293 292 290 287 284 287 286 281 281 283 283 282 279 279 278 272 271 267 266 268 256 258 260 253 269 272 274 275 275 276 276 279 281 280 279 279 277 277 277 279 281 280 280 279 277 277 276 276 274 269 268 268 269 270 270 272 272 271 273 271 271 271
291 294 293 293 295 290 292 290 287 276 266 270 279 287 289 291 292 293 294 294 293 291 292 293 293 292 290 289 286 283 285 283 285 285 283 282 278 272 276 273 264 268 263 257 265 254 264 267 268 271 268 269 271 274 276 280 280 279 279 281 282 281 279 279 277 277 274 273 273 271 272 267 261 261 261 263 268 271 269 266 271 272 272 273
295 298 296 297 287 288 287 284 277 273 268 271 279 285 288 289 291 292 293 295 294 293 293 295 294 293 292 291 290 287 285 286 287 286 284 282 274 270 277 275 267 267 266 265 263 256 255 261 261 265 261 259 265 267 271 275 279 282 283 281 279 279 278 277 274 276 271 269 268 267 268 266 260 251 252 259 267 267 263 265 270 272 273 274
299 301 297 294 290 285 277 269 271 276 275 276 282 284 284 288 290 292 294 295 295 294 293 295 294 293 294 293 291 287 287 287 287 285 282 279 268 268 277 276 272 268 269 270 263 267 260 253 259 262 260 261 263 267 272 277 279 282 283 280 276 273 274 274 270 275 270 266 266 259 260 260 257 251 257 262 261 263 260 265 268 271 272 273
299 302 296 292 290 284 272 270 270 271 280 277 272 278 283 286 287 291 292 293 294 294 294 294 294 293 294 293 290 291 290 285 278 275 274 266 267 277 279 274 274 271 272 270 275 270 263 260 255 255 259 259 257 264 270 274 279 284 282 277 273 268 265 267 273 273 268 261 258 249 253 255 252 247 257 258 256 259 261 262 264 268 270 272
298 302 297 297 290 280 265 265 262 273 275 271 268 277 278 274 283 287 290 291 292 293 293 293 294 293 294 293 291 292 288 283 279 264 263 258 270 270 271 278 278 276 275 274 276 269 270 266 264 255 253 249 254 259 268 274 282 283 279 271 264 263 261 263 273 269 260 254 251 242 239 249 241 243 246 246 254 257 259 253 259 260 264 267
301 303 300 299 293 287 278 262 260 271 269 270 273 272 272 273 276 284 286 283 287 291 294 294 295 295 294 294 293 291 287 283 276 264 256 254 262 259 264 274 281 281 275 278 277 272 272 262 261 263 258 247 253 259 271 276 282 282 279 269 260 258 256 263 270 267 253 242 240 241 237 241 238 236 237 247 254 256 254 253 253 254 259 261
300 304 304 303 297 295 287 273 268 266 267 269 269 269 269 275 279 279 277 277 283 289 293 294 295 294 294 294 293 292 288 284 277 265 257 254 263 264 264 274 280 283 277 282 278 274 277 265 257 258 256 246 257 267 269 278 284 284 281 275 270 263 262 266 268 266 255 242 234 241 246 239 232 230 237 248 253 257 258 260 259 258 260 264
301 304 304 303 300 298 295 289 278 267 267 265 265 266 269 272 272 277 281 285 286 287 292 294 294 292 289 290 291 292 289 285 278 268 263 262 269 274 273 281 284 281 276 282 283 280 280 274 263 251 247 246 260 269 276 281 285 284 281 277 272 269 270 270 266 258 248 243 247 251 255 251 240 235 242 251 256 258 261 264 264 262 265 267
304 305 305 303 297 291 291 290 282 269 265 266 268 266 269 272 275 278 282 282 287 288 291 293 293 291 287 286 290 292 289 286 283 276 271 269 278 283 281 284 286 284 282 283 285 281 278 272 260 256 256 260 261 273 278 283 285 285 279 274 275 274 272 268 265 254 245 243 254 258 260 258 252 249 250 252 256 259 261 263 266 263 263 267
306 306 305 303 298 296 296 293 285 267 264 268 268 269 268 271 275 278 281 284 282 283 289 293 293 292 290 291 292 292 291 286 281 280 278 276 284 284 277 280 285 287 283 285 286 284 279 275 266 269 268 273 269 274 279 284 285 284 282 279 276 274 272 268 263 251 248 242 249 258 260 261 260 258 260 255 257 263 266 267 269 268 270 271
307 307 305 304 300 300 297 290 278 263 264 266 268 269 267 267 269 275 278 277 281 288 291 292 293 294 293 293 291 286 290 289 284 282 280 282 286 281 283 282 286 288 288 287 288 286 283 277 265 273 279 278 278 282 285 283 283 281 279 273 270 269 268 268 265 254 243 239 240 251 257 259 261 258 262 262 262 266 268 269 268 266 271 270
307 303 303 304 303 300 294 282 263 259 262 264 266 268 268 269 271 274 276 279 285 288 290 292 293 294 293 293 292 287 285 288 290 288 288 288 287 285 287 289 290 290 289 289 288 287 285 279 272 276 283 283 284 286 281 276 274 275 271 267 263 261 259 258 260 252 244 240 236 241 251 257 259 261 262 264 266 268 264 256 258 263 267 268
308 305 300 304 303 298 292 282 259 256 261 264 266 268 268 270 274 275 274 282 282 279 287 288 290 293 293 293 291 287 284 284 289 285 288 289 289 289 289 289 290 291 290 290 289 288 287 282 279 284 285 286 287 284 279 277 274 269 267 265 256 250 243 242 245 248 243 241 237 237 243 252 257 258 261 264 266 268 266 258 263 265 256 260
309 308 306 305 303 298 286 274 262 257 254 261 266 267 268 271 273 277 279 278 276 276 282 283 285 292 292 292 290 288 286 287 288 288 288 281 286 287 290 288 283 289 291 290 290 289 288 285 286 288 288 287 287 284 282 281 278 276 272 266 254 245 236 237 243 247 247 244 238 236 235 243 252 256 260 262 262 266 267 266 264 255 256 260
311 308 305 296 295 289 281 267 260 256 256 256 262 268 268 270 271 277 279 278 277 276 280 281 284 290 290 289 290 290 288 288 289 288 286 281 282 281 287 286 277 284 288 289 289 290 288 287 288 287 287 287 285 284 283 281 278 275 272 266 261 255 246 241 242 243 245 242 240 241 238 237 245 250 255 258 260 264 264 266 258 249 252 255
309 306 304 300 294 284 278 281 279 260 267 263 266 271 275 277 279 278 280 281 279 278 280 281 286 288 283 283 284 289 289 288 287 288 286 285 281 280 283 286 278 276 281 286 286 288 288 288 287 283 285 286 285 283 281 279 276 275 272 269 267 263 256 251 246 239 239 241 246 245 243 238 237 244 248 256 262 262 262 263 255 247 253 256
304 304 302 295 289 293 293 293 283 269 270 276 267 274 279 287 287 283 281 281 280 282 282 281 286 287 287 285 281 288 288 287 288 287 287 286 283 282 283 285 281 275 282 284 284 285 286 285 286 283 284 286 285 279 278 276 275 274 274 269 266 263 262 261 251 241 236 241 248 249 243 237 237 245 251 258 261 260 262 261 252 251 258 265
308 303 303 295 292 299 298 294 287 272 273 281 281 286 285 289 290 289 285 282 282 284 282 281 284 286 287 287 285 287 288 286 287 286 286 284 279 279 283 279 278 278 282 281 282 283 284 281 284 279 282 286 286 281 278 277 273 271 272 273 271 269 267 264 259 250 242 245 250 250 246 241 243 246 253 257 255 257 258 255 251 256 263 266
307 307 301 290 295 301 300 298 290 280 278 286 284 289 293 292 293 293 290 286 284 285 284 284 285 285 286 287 287 288 287 286 284 286 284 281 277 279 278 276 277 280 280 277 280 281 281 282 280 279 283 284 286 283 280 277 272 270 271 272 270 266 266 265 264 256 253 253 253 251 247 245 245 244 247 248 248 251 251 250 257 263 265 260
311 307 303 298 301 303 302 295 290 290 293 295 289 294 294 298 297 294 292 288 286 284 283 284 281 282 286 286 288 287 286 285 283 285 284 280 278 279 278 276 272 275 275 271 276 278 280 279 276 277 279 285 285 281 276 274 271 271 270 270 271 272 271 269 265 258 261 255 252 251 250 249 247 245 243 241 242 247 251 255 261 261 259 258
315 311 310 308 305 305 303 294 294 299 297 295 292 300 299 295 294 292 292 290 287 283 283 283 282 282 285 285 286 286 286 286 284 280 283 280 279 277 279 277 276 273 270 271 277 279 278 277 276 278 282 286 285 282 274 274 274 275 275 275 278 273 267 264 262 263 266 249 245 246 247 248 245 245 243 242 245 255 260 262 262 261 260 265
316 314 313 310 307 305 303 300 301 301 299 295 299 303 299 298 295 288 285 287 286 281 281 282 282 283 285 285 285 285 287 285 282 276 275 275 278 279 280 278 277 271 274 276 277 277 278 280 280 283 284 285 285 284 280 277 275 270 268 267 275 278 272 262 254 262 268 255 245 243 242 244 243 243 243 243 247 256 261 262 264 263 264 268
314 314 313 311 309 304 306 304 304 305 303 303 304 305 304 300 299 292 288 287 287 285 284 284 283 284 285 285 284 283 286 285 281 276 273 273 275 278 279 280 274 266 269 270 274 278 282 283 284 285 285 285 285 284 283 279 277 273 272 273 277 279 272 260 255 265 270 259 248 241 242 242 243 245 245 246 249 257 261 263 265 265 265 268
