08 Ecocrop/raster/current/tmax_9.asc
ncols        683
nrows        518
xllcorner    -87.691666666667
yllcorner    10.708333333333
cellsize     0.008333333333
NODATA_value  1.#QNAN
[rows 333 to 369 of 518, columns 252 to 335 of 683]
292 293 294 292 290 291 293 293 292 291 291 294 296 294 290 290 286 283 286 291 286 285 293 293 292 292 290 290 290 289 285 285 278 270 269 270 273 276 278 279 279 279 277 276 277 277 276 273 274 271 270 271 276 274 274 273 273 270 270 273 276 279 280 278 280 280 280 282 286 287 287 288 285 286 286 285 284 285 288 286 286 287 287 286
285 287 289 288 289 291 292 293 295 293 293 296 297 294 293 290 289 287 289 294 292 288 292 294 293 291 290 291 291 291 288 276 269 272 278 276 276 276 277 276 278 278 277 277 277 277 275 274 277 275 274 276 278 277 277 275 272 272 275 274 276 278 281 282 281 281 280 279 286 288 289 288 287 288 287 286 284 286 287 287 287 288 287 286
281 281 282 285 285 286 291 293 294 294 294 293 297 296 296 295 291 290 291 293 297 295 291 293 294 290 288 292 289 287 281 275 277 281 283 280 278 278 279 278 278 278 276 276 277 277 276 277 278 278 278 277 279 278 276 274 272 275 278 277 278 279 282 282 282 281 281 281 286 288 288 289 289 288 286 285 285 285 286 287 288 288 287 286
283 280 279 283 284 290 293 293 292 294 296 296 296 294 294 295 290 293 296 297 298 298 297 296 295 293 292 293 286 285 283 288 286 285 288 284 282 279 279 280 279 277 275 273 275 277 278 277 279 279 279 280 280 278 277 277 276 278 280 280 279 281 283 283 282 280 283 283 287 288 288 288 289 288 287 286 286 286 287 287 288 288 288 287
289 287 286 289 291 294 296 295 293 294 296 297 297 293 293 295 293 293 297 299 299 299 298 297 295 297 296 290 287 290 287 291 287 289 288 286 285 282 279 280 278 276 274 274 275 274 276 276 278 278 279 279 280 278 279 279 276 276 279 282 282 282 284 284 282 282 284 286 288 288 288 288 288 288 287 285 286 284 284 284 287 287 288 288
294 292 292 293 294 296 297 297 295 294 296 298 298 296 294 292 293 293 295 296 299 300 298 296 296 298 297 289 292 294 293 292 291 288 285 283 283 283 281 281 280 277 273 272 271 273 277 278 278 278 278 280 281 282 281 280 280 278 277 280 281 284 285 284 285 284 285 285 287 286 286 287 287 287 286 284 284 284 283 284 286 287 288 288
293 290 295 296 297 297 297 297 297 295 296 298 298 295 294 293 295 291 294 295 298 299 298 298 296 297 297 294 296 291 292 290 289 288 285 282 281 282 281 281 278 275 275 274 274 277 278 279 279 278 279 280 282 282 281 281 280 280 280 279 279 284 284 285 284 283 284 285 286 285 285 286 286 286 285 284 284 283 283 284 285 285 287 288
296 296 297 297 298 298 298 298 298 297 298 298 298 296 296 297 297 293 295 298 298 300 299 298 297 298 297 295 290 289 288 287 286 286 288 280 278 278 280 279 279 279 277 277 279 280 280 281 281 281 279 281 282 282 281 282 281 282 283 282 283 284 284 284 283 281 283 283 285 284 285 285 285 284 282 283 282 282 283 284 285 285 286 285
296 296 297 298 298 298 299 299 299 299 297 296 296 295 295 298 299 297 297 299 299 300 298 297 299 298 296 295 295 292 293 291 289 290 289 284 278 274 271 276 277 276 276 278 280 280 281 282 282 283 282 283 283 283 282 283 282 284 284 284 285 285 285 284 284 284 284 283 282 283 282 282 282 282 281 281 282 282 283 284 284 284 284 284
292 294 297 298 298 298 299 299 298 299 300 299 297 296 293 296 299 300 299 300 300 300 300 299 297 297 298 296 296 293 294 292 294 294 291 285 273 270 266 268 273 274 276 274 279 279 279 281 281 282 280 283 285 284 283 284 283 283 285 285 285 285 285 285 284 284 283 283 281 280 277 276 278 279 278 278 280 282 282 284 283 282 283 283
284 290 295 297 298 298 297 297 299 299 300 298 298 296 295 296 298 300 300 300 301 301 300 299 299 299 300 298 298 297 294 296 297 296 292 285 276 274 269 269 269 273 272 274 276 275 274 280 282 283 277 280 281 285 285 285 284 283 283 284 285 285 284 285 285 284 284 283 281 278 275 272 273 275 272 273 278 279 282 281 280 280 282 282
282 287 292 295 297 298 298 297 299 300 299 298 298 296 297 297 298 299 301 301 301 301 301 300 300 300 300 300 299 297 297 299 298 296 294 285 277 281 277 271 261 264 268 272 274 275 276 279 282 284 281 280 280 284 286 286 285 283 283 283 283 284 284 285 285 285 284 282 279 279 274 275 273 271 271 272 272 276 279 279 280 282 283 284
284 283 289 293 296 297 298 299 299 300 300 300 300 300 298 297 299 300 300 300 301 301 301 301 301 301 300 300 301 300 300 300 299 297 295 285 279 285 282 270 268 266 272 277 278 281 280 281 284 284 285 284 284 284 285 286 286 284 283 282 283 284 285 285 285 285 283 282 280 280 276 278 273 272 275 275 273 275 279 280 280 282 285 286
284 282 285 291 293 296 297 298 298 299 300 300 300 300 299 300 299 300 300 299 301 301 302 302 302 302 302 302 302 301 301 300 299 298 297 292 291 289 282 281 274 273 277 280 282 282 283 283 285 285 285 286 286 285 285 287 286 285 283 282 281 281 281 283 285 285 284 282 282 281 278 279 276 273 275 277 273 272 277 280 281 281 285 287
286 283 283 285 287 290 291 294 296 298 297 298 300 300 300 301 301 300 297 297 298 299 301 301 302 302 302 302 302 302 301 301 300 299 297 293 283 285 287 285 279 277 277 281 283 282 284 284 286 286 287 287 287 286 286 287 287 285 284 284 282 282 284 285 286 285 284 283 283 282 280 281 278 278 280 278 276 273 276 281 283 287 287 287
290 286 285 283 283 286 285 285 289 294 291 293 299 300 300 300 301 299 298 294 294 294 298 301 302 302 303 303 302 302 302 301 298 298 297 293 286 278 278 277 275 271 272 277 282 284 285 284 286 287 286 286 287 287 287 286 287 286 284 283 283 282 281 282 285 286 284 284 284 283 282 282 278 281 280 274 273 273 277 283 283 283 285 288
296 293 292 287 287 292 290 283 280 288 287 291 298 299 300 300 301 300 300 297 297 295 298 301 300 299 301 302 303 302 301 300 299 299 294 293 290 286 282 272 268 271 276 280 281 283 285 285 286 286 286 285 286 287 287 286 286 286 285 284 283 284 284 284 285 286 285 285 285 284 284 283 279 282 282 278 277 275 278 280 280 281 286 287
300 298 295 290 292 296 290 285 284 290 295 295 296 298 299 300 301 301 301 301 301 300 300 302 300 301 301 301 302 302 298 298 299 298 296 294 291 288 283 276 268 276 281 284 284 285 285 287 287 286 286 286 287 288 287 287 287 286 286 286 286 286 286 287 286 286 285 286 285 284 284 283 281 283 283 281 280 275 277 280 281 283 287 285
301 300 296 292 292 297 293 288 284 289 294 294 293 296 297 298 300 301 301 301 301 302 302 302 301 301 302 302 302 301 299 300 298 297 295 292 293 287 282 273 270 278 285 286 286 286 286 287 287 286 287 286 286 287 287 287 287 285 284 286 286 286 286 287 286 286 286 286 285 286 285 285 282 285 284 281 279 275 276 279 281 284 287 285
299 301 298 294 295 298 295 291 287 287 291 289 288 291 292 297 299 299 300 300 300 300 302 302 301 301 301 303 302 301 301 299 299 299 296 291 287 287 282 278 277 282 285 287 287 287 287 286 287 286 284 286 286 287 287 284 286 286 285 284 285 286 287 286 286 286 287 287 287 286 287 286 284 286 284 283 280 279 280 280 283 287 287 285
301 301 301 299 295 299 297 295 296 295 295 289 284 286 290 297 299 299 299 301 300 301 302 302 302 302 302 302 302 302 300 300 301 300 298 293 287 288 286 285 286 285 286 287 289 288 289 288 287 285 285 285 286 287 286 284 282 284 284 283 284 285 286 286 285 284 284 286 287 287 287 287 286 286 286 285 285 283 283 283 284 284 284 287
301 301 301 301 299 301 300 299 300 298 293 283 279 281 290 294 298 299 300 301 301 301 302 302 302 302 302 302 302 301 301 301 301 300 299 296 291 291 292 290 287 286 287 288 288 290 289 287 287 287 286 285 285 285 285 285 282 281 282 282 283 284 284 285 284 283 284 287 286 286 287 286 287 286 287 286 286 286 286 286 284 282 285 285
301 301 301 301 301 299 300 301 300 297 290 280 278 277 284 291 294 297 298 300 301 301 301 301 300 301 301 302 302 302 302 302 301 301 300 296 294 294 291 287 286 287 287 285 288 290 291 290 289 289 287 285 285 285 285 284 282 281 281 281 283 283 282 283 283 283 285 285 284 285 285 285 285 285 287 287 285 286 286 286 285 286 285 283
301 301 301 301 301 299 300 301 300 295 288 285 288 282 281 281 285 292 295 298 300 301 300 299 299 300 299 300 302 302 301 301 298 299 300 298 297 293 288 286 284 285 287 287 288 287 289 290 292 291 289 288 288 285 285 284 283 282 282 280 283 284 283 282 281 282 284 284 284 284 285 285 285 286 287 287 286 286 287 287 287 286 285 283
300 300 301 301 300 297 296 301 301 297 293 296 296 293 285 277 280 286 291 296 297 299 298 299 299 298 298 298 301 302 301 300 295 296 298 297 297 295 293 292 289 284 284 286 287 287 286 287 290 290 291 293 291 286 284 283 283 281 281 282 283 283 282 282 282 280 279 281 282 283 284 286 287 287 287 288 287 287 287 287 286 285 283 283
300 300 300 300 300 300 299 301 301 301 300 300 299 293 286 280 280 282 288 296 299 300 300 300 298 298 299 300 302 302 301 300 295 296 296 294 296 295 295 294 292 287 283 284 286 288 285 287 285 288 290 292 293 290 285 285 286 281 278 280 281 282 281 280 279 278 279 280 281 283 285 287 288 288 288 288 287 287 287 287 285 285 284 283
299 299 300 300 300 299 300 301 301 301 297 298 298 293 287 287 281 281 284 294 299 300 301 301 300 300 300 301 301 301 301 300 299 299 296 297 298 297 297 296 292 286 289 290 287 289 293 292 288 289 293 294 295 291 291 289 290 283 284 282 284 282 281 277 273 273 278 280 279 281 285 287 288 288 288 287 287 288 287 287 285 284 284 283
299 299 299 299 299 299 300 300 301 301 301 301 298 295 294 290 284 283 283 295 301 302 302 302 301 301 301 301 301 301 301 301 301 300 300 299 299 299 298 296 295 293 292 292 287 286 292 293 292 293 293 295 295 291 293 292 292 290 289 286 283 282 281 278 276 279 280 281 283 286 287 287 287 287 286 285 285 285 287 287 286 284 283 284
299 299 299 299 299 299 299 300 301 301 301 301 299 298 295 291 290 290 286 292 300 302 302 302 301 301 301 301 301 301 301 301 301 301 301 300 300 299 298 298 295 296 295 294 288 287 292 295 295 295 295 296 295 293 294 294 292 291 286 283 282 281 280 278 280 281 282 285 286 286 287 287 287 285 283 284 284 284 286 287 286 283 283 283
299 299 299 299 299 299 299 300 301 302 299 297 300 300 295 296 291 294 292 296 302 302 302 301 301 301 301 301 301 301 301 301 301 301 301 300 300 300 298 298 294 297 294 289 291 293 296 297 297 297 297 297 295 296 295 292 288 288 282 280 280 281 281 280 282 284 287 286 286 286 286 285 283 283 282 283 284 283 285 286 285 282 281 282
299 299 299 299 299 299 299 300 301 302 301 300 302 302 299 300 295 295 299 300 302 302 302 302 302 301 301 301 301 301 301 301 300 301 301 300 300 300 299 299 296 297 295 290 285 292 297 297 297 298 298 297 297 296 295 292 287 282 284 281 283 284 285 286 286 289 289 287 285 283 284 283 282 283 282 283 283 282 285 283 282 282 279 280
299 299 299 299 299 299 299 300 301 301 298 301 302 302 302 303 301 300 301 302 302 302 302 301 301 301 299 298 300 301 301 301 300 300 301 301 301 300 300 299 298 297 293 290 289 291 297 298 298 298 298 298 297 297 295 293 291 287 289 287 286 289 288 288 290 290 289 286 281 275 281 283 279 279 282 282 283 283 283 280 279 278 278 280
299 299 299 299 299 299 299 300 300 301 298 302 302 303 302 303 304 303 303 303 302 302 302 301 301 301 299 298 299 300 301 301 301 301 301 301 301 301 300 298 299 295 293 294 293 295 298 299 299 299 299 298 298 297 297 294 291 292 291 291 291 291 291 290 291 291 289 283 280 275 278 282 280 278 280 279 280 277 279 281 276 274 275 275
299 299 299 299 299 299 299 299 300 301 301 302 302 303 303 303 304 303 303 303 302 302 301 301 301 301 300 298 296 297 301 300 301 301 301 301 301 301 300 299 298 297 297 296 296 297 297 299 299 299 299 299 298 296 296 297 295 294 292 294 293 293 292 290 292 289 287 286 284 279 278 277 274 276 282 280 277 275 279 274 272 269 273 277
299 299 299 299 299 299 299 299 300 300 301 302 302 302 303 303 303 303 303 302 302 302 301 301 301 301 300 299 296 297 299 298 300 301 301 301 301 301 300 300 298 298 297 296 298 295 297 298 299 299 299 299 298 294 294 297 296 296 296 293 292 293 293 293 293 291 289 287 284 282 283 280 276 281 283 281 275 274 275 274 270 272 274 279
299 299 299 299 299 299 299 299 300 300 301 301 302 302 302 303 303 303 302 302 302 302 301 301 301 301 301 300 296 295 298 299 299 300 301 301 301 300 300 300 299 299 298 298 299 297 299 299 299 299 299 299 298 296 294 297 298 297 297 295 293 293 293 294 294 291 287 285 284 287 283 285 278 285 281 277 279 273 270 268 270 272 278 279
299 299 299 299 299 299 299 299 299 300 300 301 301 301 302 302 302 302 302 302 302 302 301 302 302 301 301 301 299 296 298 299 300 300 300 300 300 300 300 300 299 299 299 299 299 299 299 299 299 298 299 299 298 296 296 298 298 298 297 296 294 293 294 295 294 290 290 287 285 288 287 283 285 287 283 281 282 277 270 270 271 271 274 275
