08 Ecocrop/raster/current/tmax_5.asc
ncols        683
nrows        518
xllcorner    -87.691666666667
yllcorner    10.708333333333
cellsize     0.008333333333
NODATA_value  1.#QNAN
[rows 185 to 221 of 518, columns 84 to 167 of 683]
1.#QNAN 1.#QNAN 1.#QNAN 1.#QNAN 1.#QNAN 1.#QNAN 1.#QNAN 1.#QNAN 1.#QNAN 1.#QNAN 1.#QNAN 1.#QNAN 1.#QNAN 1.#QNAN 1.#QNAN 1.#QNAN 1.#QNAN 1.#QNAN 1.#QNAN 1.#QNAN 1.#QNAN 1.#QNAN 1.#QNAN 1.#QNAN 1.#QNAN 1.#QNAN 1.#QNAN 1.#QNAN 1.#QNAN 1.#QNAN 292 295 298 299 298 297 305 302 299 307 306 304 300 302 305 305 303 303 302 302 299 293 292 292 298 302 303 300 303 306 308 307 304 308 308 308 309 311 311 312 312 310 310 306 305 306 307 310 308 310 313 314 311 305
1.#QNAN 1.#QNAN 1.#QNAN 1.#QNAN 1.#QNAN 1.#QNAN 1.#QNAN 1.#QNAN 1.#QNAN 1.#QNAN 1.#QNAN 1.#QNAN 1.#QNAN 1.#QNAN 1.#QNAN 1.#QNAN 1.#QNAN 1.#QNAN 1.#QNAN 1.#QNAN 1.#QNAN 1.#QNAN 1.#QNAN 1.#QNAN 1.#QNAN 1.#QNAN 1.#QNAN 1.#QNAN 1.#QNAN 1.#QNAN 297 299 301 299 294 296 306 307 308 309 308 307 307 307 307 305 303 301 298 300 297 289 289 293 299 300 298 300 301 303 306 309 308 306 308 310 311 311 312 313 313 313 311 308 307 307 308 310 312 313 310 307 304 296
1.#QNAN 1.#QNAN 1.#QNAN 1.#QNAN 1.#QNAN 1.#QNAN 1.#QNAN 1.#QNAN 1.#QNAN 1.#QNAN 1.#QNAN 1.#QNAN 1.#QNAN 1.#QNAN 1.#QNAN 1.#QNAN 1.#QNAN 1.#QNAN 1.#QNAN 1.#QNAN 1.#QNAN 1.#QNAN 1.#QNAN 1.#QNAN 1.#QNAN 1.#QNAN 1.#QNAN 1.#QNAN 1.#QNAN 1.#QNAN 1.#QNAN 301 302 297 298 301 306 303 307 308 308 306 305 307 306 305 303 301 298 297 296 292 289 295 292 295 296 301 303 305 306 306 306 307 308 308 311 312 312 314 314 314 312 309 307 308 309 311 312 311 305 294 289 286
1.#QNAN 1.#QNAN 1.#QNAN 1.#QNAN 1.#QNAN 1.#QNAN 1.#QNAN 1.#QNAN 1.#QNAN 1.#QNAN 1.#QNAN 1.#QNAN 1.#QNAN 1.#QNAN 1.#QNAN 1.#QNAN 1.#QNAN 1.#QNAN 1.#QNAN 1.#QNAN 1.#QNAN 1.#QNAN 1.#QNAN 1.#QNAN 1.#QNAN 1.#QNAN 1.#QNAN 1.#QNAN 1.#QNAN 1.#QNAN 1.#QNAN 296 298 300 301 299 305 303 307 305 306 307 305 305 305 303 302 299 295 291 292 293 291 288 291 296 298 301 301 303 305 305 305 307 309 311 311 312 313 313 314 314 314 313 312 313 311 313 312 309 302 286 279 286
1.#QNAN 1.#QNAN 1.#QNAN 1.#QNAN 1.#QNAN 1.#QNAN 1.#QNAN 1.#QNAN 1.#QNAN 1.#QNAN 1.#QNAN 1.#QNAN 1.#QNAN 1.#QNAN 1.#QNAN 1.#QNAN 1.#QNAN 1.#QNAN 1.#QNAN 1.#QNAN 1.#QNAN 1.#QNAN 1.#QNAN 1.#QNAN 1.#QNAN 1.#QNAN 1.#QNAN 1.#QNAN 1.#QNAN 1.#QNAN 1.#QNAN 287 291 297 296 301 301 302 301 304 306 306 305 304 302 302 300 298 294 290 288 288 287 284 287 291 296 299 301 301 305 306 308 308 309 308 310 311 313 313 314 315 315 313 312 310 311 310 309 308 301 283 283 288
1.#QNAN 1.#QNAN 1.#QNAN 1.#QNAN 1.#QNAN 1.#QNAN 1.#QNAN 1.#QNAN 1.#QNAN 1.#QNAN 1.#QNAN 1.#QNAN 1.#QNAN 1.#QNAN 1.#QNAN 1.#QNAN 1.#QNAN 1.#QNAN 1.#QNAN 1.#QNAN 1.#QNAN 1.#QNAN 1.#QNAN 1.#QNAN 1.#QNAN 1.#QNAN 1.#QNAN 1.#QNAN 1.#QNAN 1.#QNAN 1.#QNAN 1.#QNAN 285 293 299 301 295 295 300 303 304 304 302 303 301 300 298 295 291 284 280 281 281 277 284 288 290 293 298 298 303 305 304 303 304 306 307 309 311 313 313 313 314 311 310 307 307 307 306 307 299 287 288 283
1.#QNAN 1.#QNAN 1.#QNAN 1.#QNAN 1.#QNAN 1.#QNAN 1.#QNAN 1.#QNAN 1.#QNAN 1.#QNAN 1.#QNAN 1.#QNAN 1.#QNAN 1.#QNAN 1.#QNAN 1.#QNAN 1.#QNAN 1.#QNAN 1.#QNAN 1.#QNAN 1.#QNAN 1.#QNAN 1.#QNAN 1.#QNAN 1.#QNAN 1.#QNAN 1.#QNAN 1.#QNAN 1.#QNAN 1.#QNAN 1.#QNAN 1.#QNAN 286 293 298 300 295 294 299 299 297 303 301 300 300 299 296 293 286 274 267 270 274 280 288 293 296 298 300 302 303 302 303 306 305 306 307 307 310 312 312 314 314 310 308 305 302 302 300 301 292 293 286 280
1.#QNAN 1.#QNAN 1.#QNAN 1.#QNAN 1.#QNAN 1.#QNAN 1.#QNAN 1.#QNAN 1.#QNAN 1.#QNAN 1.#QNAN 1.#QNAN 1.#QNAN 1.#QNAN 1.#QNAN 1.#QNAN 1.#QNAN 1.#QNAN 1.#QNAN 1.#QNAN 1.#QNAN 1.#QNAN 1.#QNAN 1.#QNAN 1.#QNAN 1.#QNAN 1.#QNAN 1.#QNAN 1.#QNAN 1.#QNAN 1.#QNAN 279 289 295 297 299 295 295 297 297 296 301 300 297 295 297 295 289 282 263 253 268 280 288 292 293 296 296 300 302 304 305 305 305 306 307 308 308 309 311 312 313 312 311 308 305 304 303 297 293 294 296 294 291
1.#QNAN 1.#QNAN 1.#QNAN 1.#QNAN 1.#QNAN 1.#QNAN 1.#QNAN 1.#QNAN 1.#QNAN 1.#QNAN 1.#QNAN 1.#QNAN 1.#QNAN 1.#QNAN 1.#QNAN 1.#QNAN 1.#QNAN 1.#QNAN 1.#QNAN 1.#QNAN 1.#QNAN 1.#QNAN 1.#QNAN 1.#QNAN 1.#QNAN 1.#QNAN 1.#QNAN 1.#QNAN 1.#QNAN 1.#QNAN 276 283 290 294 290 293 297 296 289 290 296 299 296 292 288 294 291 280 275 265 261 272 279 290 295 294 297 297 297 301 304 305 305 305 305 305 306 309 309 309 311 311 310 310 307 307 303 301 302 300 300 299 297 293
1.#QNAN 1.#QNAN 1.#QNAN 1.#QNAN 1.#QNAN 1.#QNAN 1.#QNAN 1.#QNAN 1.#QNAN 1.#QNAN 1.#QNAN 1.#QNAN 1.#QNAN 1.#QNAN 1.#QNAN 1.#QNAN 1.#QNAN 1.#QNAN 1.#QNAN 1.#QNAN 1.#QNAN 1.#QNAN 1.#QNAN 1.#QNAN 1.#QNAN 1.#QNAN 1.#QNAN 1.#QNAN 1.#QNAN 1.#QNAN 277 285 290 292 288 288 290 294 292 289 295 294 295 290 288 287 283 275 268 256 271 284 289 294 297 295 296 300 300 302 301 304 305 306 306 305 306 307 308 309 310 309 309 311 307 306 304 300 299 300 298 297 297 296
1.#QNAN 1.#QNAN 1.#QNAN 1.#QNAN 1.#QNAN 1.#QNAN 1.#QNAN 1.#QNAN 1.#QNAN 1.#QNAN 1.#QNAN 1.#QNAN 1.#QNAN 1.#QNAN 1.#QNAN 1.#QNAN 1.#QNAN 1.#QNAN 1.#QNAN 1.#QNAN 1.#QNAN 1.#QNAN 1.#QNAN 1.#QNAN 1.#QNAN 1.#QNAN 1.#QNAN 1.#QNAN 1.#QNAN 264 272 278 284 288 290 284 286 289 286 285 291 287 293 288 285 284 279 272 262 258 271 286 293 297 299 300 300 302 298 304 303 303 304 303 302 304 306 306 308 309 308 307 307 309 307 306 304 303 301 297 297 292 290 292
1.#QNAN 1.#QNAN 1.#QNAN 1.#QNAN 1.#QNAN 1.#QNAN 1.#QNAN 1.#QNAN 1.#QNAN 1.#QNAN 1.#QNAN 1.#QNAN 1.#QNAN 1.#QNAN 1.#QNAN 1.#QNAN 1.#QNAN 1.#QNAN 1.#QNAN 1.#QNAN 1.#QNAN 1.#QNAN 1.#QNAN 1.#QNAN 1.#QNAN 1.#QNAN 1.#QNAN 1.#QNAN 1.#QNAN 261 267 273 281 285 292 289 285 282 283 280 283 279 289 288 285 282 274 267 262 261 275 289 291 294 299 303 302 302 303 302 302 303 303 302 300 300 304 305 307 308 306 307 307 308 307 306 304 302 301 297 293 293 289 285
1.#QNAN 1.#QNAN 1.#QNAN 1.#QNAN 1.#QNAN 1.#QNAN 1.#QNAN 1.#QNAN 1.#QNAN 1.#QNAN 1.#QNAN 1.#QNAN 1.#QNAN 1.#QNAN 1.#QNAN 1.#QNAN 1.#QNAN 1.#QNAN 1.#QNAN 1.#QNAN 1.#QNAN 1.#QNAN 1.#QNAN 1.#QNAN 1.#QNAN 1.#QNAN 1.#QNAN 1.#QNAN 1.#QNAN 1.#QNAN 269 272 280 287 287 288 282 274 275 276 276 281 286 279 280 275 265 271 266 267 276 291 295 296 300 303 304 303 304 302 303 305 305 302 304 305 306 306 307 307 306 306 308 307 306 304 302 299 297 297 294 290 292 285
1.#QNAN 1.#QNAN 1.#QNAN 1.#QNAN 1.#QNAN 1.#QNAN 1.#QNAN 1.#QNAN 1.#QNAN 1.#QNAN 1.#QNAN 1.#QNAN 1.#QNAN 1.#QNAN 1.#QNAN 1.#QNAN 1.#QNAN 1.#QNAN 1.#QNAN 1.#QNAN 1.#QNAN 1.#QNAN 1.#QNAN 1.#QNAN 1.#QNAN 1.#QNAN 1.#QNAN 1.#QNAN 1.#QNAN 1.#QNAN 1.#QNAN 1.#QNAN 277 281 282 286 280 273 271 270 267 276 282 273 266 268 258 270 274 276 279 288 297 298 301 302 304 305 305 305 304 302 300 304 305 304 305 305 304 304 305 307 307 305 303 302 301 299 296 291 289 281 286 283
1.#QNAN 1.#QNAN 1.#QNAN 1.#QNAN 1.#QNAN 1.#QNAN 1.#QNAN 1.#QNAN 1.#QNAN 1.#QNAN 1.#QNAN 1.#QNAN 1.#QNAN 1.#QNAN 1.#QNAN 1.#QNAN 1.#QNAN 1.#QNAN 1.#QNAN 1.#QNAN 1.#QNAN 1.#QNAN 1.#QNAN 1.#QNAN 1.#QNAN 1.#QNAN 1.#QNAN 1.#QNAN 1.#QNAN 1.#QNAN 1.#QNAN 1.#QNAN 1.#QNAN 277 271 277 285 277 270 267 263 276 276 271 264 255 250 263 274 282 288 293 298 300 303 304 305 305 302 302 298 298 297 301 302 301 302 302 301 304 305 307 306 300 297 300 299 295 293 287 279 280 285 286
1.#QNAN 1.#QNAN 1.#QNAN 1.#QNAN 1.#QNAN 1.#QNAN 1.#QNAN 1.#QNAN 1.#QNAN 1.#QNAN 1.#QNAN 1.#QNAN 1.#QNAN 1.#QNAN 1.#QNAN 1.#QNAN 1.#QNAN 1.#QNAN 1.#QNAN 1.#QNAN 1.#QNAN 1.#QNAN 1.#QNAN 1.#QNAN 1.#QNAN 1.#QNAN 1.#QNAN 1.#QNAN 1.#QNAN 1.#QNAN 1.#QNAN 1.#QNAN 1.#QNAN 275 268 275 283 273 270 266 263 269 272 268 264 258 249 254 268 272 281 290 297 300 302 304 303 302 300 298 299 295 293 297 298 297 297 298 301 304 305 306 305 298 298 302 298 290 282 278 277 281 286 283
1.#QNAN 1.#QNAN 1.#QNAN 1.#QNAN 1.#QNAN 1.#QNAN 1.#QNAN 1.#QNAN 1.#QNAN 1.#QNAN 1.#QNAN 1.#QNAN 1.#QNAN 1.#QNAN 1.#QNAN 1.#QNAN 1.#QNAN 1.#QNAN 1.#QNAN 1.#QNAN 1.#QNAN 1.#QNAN 1.#QNAN 1.#QNAN 1.#QNAN 1.#QNAN 1.#QNAN 1.#QNAN 1.#QNAN 1.#QNAN 1.#QNAN 1.#QNAN 1.#QNAN 1.#QNAN 269 273 280 273 271 267 265 264 266 266 261 259 253 249 256 259 273 288 295 299 300 302 300 298 296 298 298 297 295 290 292 293 300 302 304 303 303 305 305 303 303 302 298 289 276 268 273 280 282 280
1.#QNAN 1.#QNAN 1.#QNAN 1.#QNAN 1.#QNAN 1.#QNAN 1.#QNAN 1.#QNAN 1.#QNAN 1.#QNAN 1.#QNAN 1.#QNAN 1.#QNAN 1.#QNAN 1.#QNAN 1.#QNAN 1.#QNAN 1.#QNAN 1.#QNAN 1.#QNAN 1.#QNAN 1.#QNAN 1.#QNAN 1.#QNAN 1.#QNAN 1.#QNAN 1.#QNAN 1.#QNAN 1.#QNAN 1.#QNAN 1.#QNAN 1.#QNAN 1.#QNAN 1.#QNAN 268 276 278 276 270 265 262 258 256 260 256 252 246 247 258 268 277 286 291 295 298 300 299 297 295 294 289 291 294 289 295 296 302 301 302 301 300 302 303 304 304 303 298 289 283 278 275 273 275 272
1.#QNAN 1.#QNAN 1.#QNAN 1.#QNAN 1.#QNAN 1.#QNAN 1.#QNAN 1.#QNAN 1.#QNAN 1.#QNAN 1.#QNAN 1.#QNAN 1.#QNAN 1.#QNAN 1.#QNAN 1.#QNAN 1.#QNAN 1.#QNAN 1.#QNAN 1.#QNAN 1.#QNAN 1.#QNAN 1.#QNAN 1.#QNAN 1.#QNAN 1.#QNAN 1.#QNAN 1.#QNAN 1.#QNAN 1.#QNAN 1.#QNAN 1.#QNAN 1.#QNAN 1.#QNAN 264 273 276 277 269 263 261 257 253 256 250 243 243 250 257 270 278 284 290 294 295 296 297 295 293 293 285 287 292 292 296 298 297 294 299 298 292 298 301 300 301 303 300 297 294 287 277 264 265 264
1.#QNAN 1.#QNAN 1.#QNAN 1.#QNAN 1.#QNAN 1.#QNAN 1.#QNAN 1.#QNAN 1.#QNAN 1.#QNAN 1.#QNAN 1.#QNAN 1.#QNAN 1.#QNAN 1.#QNAN 1.#QNAN 1.#QNAN 1.#QNAN 1.#QNAN 1.#QNAN 1.#QNAN 1.#QNAN 1.#QNAN 1.#QNAN 1.#QNAN 1.#QNAN 1.#QNAN 1.#QNAN 1.#QNAN 1.#QNAN 1.#QNAN 1.#QNAN 1.#QNAN 1.#QNAN 258 266 272 273 273 262 258 255 257 261 253 247 245 254 262 269 277 282 288 287 288 289 293 290 292 291 285 282 287 289 293 298 298 292 291 295 292 293 297 294 298 303 302 294 292 285 279 268 267 273
1.#QNAN 1.#QNAN 1.#QNAN 1.#QNAN 1.#QNAN 1.#QNAN 1.#QNAN 1.#QNAN 1.#QNAN 1.#QNAN 1.#QNAN 1.#QNAN 1.#QNAN 1.#QNAN 1.#QNAN 1.#QNAN 1.#QNAN 1.#QNAN 1.#QNAN 1.#QNAN 1.#QNAN 1.#QNAN 1.#QNAN 1.#QNAN 1.#QNAN 1.#QNAN 1.#QNAN 1.#QNAN 1.#QNAN 1.#QNAN 1.#QNAN 1.#QNAN 1.#QNAN 1.#QNAN 265 267 270 271 270 270 265 259 261 259 249 248 251 262 268 270 274 278 280 281 281 286 289 287 286 287 280 273 280 286 289 295 299 294 291 287 283 283 291 291 297 300 301 300 293 287 282 273 268 273
1.#QNAN 1.#QNAN 1.#QNAN 1.#QNAN 1.#QNAN 1.#QNAN 1.#QNAN 1.#QNAN 1.#QNAN 1.#QNAN 1.#QNAN 1.#QNAN 1.#QNAN 1.#QNAN 1.#QNAN 1.#QNAN 1.#QNAN 1.#QNAN 259 263 257 251 250 1.#QNAN 1.#QNAN 1.#QNAN 1.#QNAN 1.#QNAN 1.#QNAN 1.#QNAN 1.#QNAN 1.#QNAN 1.#QNAN 1.#QNAN 270 281 279 271 265 268 270 269 267 259 245 251 265 268 273 277 274 273 276 278 278 281 281 282 278 282 277 266 273 280 286 294 298 290 284 279 278 279 288 295 291 292 298 301 296 289 275 269 273 278
1.#QNAN 1.#QNAN 1.#QNAN 1.#QNAN 1.#QNAN 1.#QNAN 1.#QNAN 1.#QNAN 1.#QNAN 1.#QNAN 1.#QNAN 1.#QNAN 1.#QNAN 1.#QNAN 299 292 289 272 266 278 269 266 264 257 1.#QNAN 1.#QNAN 1.#QNAN 1.#QNAN 1.#QNAN 1.#QNAN 1.#QNAN 1.#QNAN 1.#QNAN 276 278 285 289 279 270 262 263 263 261 259 252 258 279 281 281 282 278 277 283 284 276 272 273 272 268 271 271 269 280 286 286 292 295 290 281 277 278 284 286 285 281 290 297 300 293 282 270 273 275 281
1.#QNAN 1.#QNAN 1.#QNAN 1.#QNAN 1.#QNAN 1.#QNAN 1.#QNAN 1.#QNAN 1.#QNAN 1.#QNAN 1.#QNAN 1.#QNAN 1.#QNAN 1.#QNAN 305 303 296 280 272 287 284 279 276 268 272 282 1.#QNAN 1.#QNAN 1.#QNAN 1.#QNAN 1.#QNAN 1.#QNAN 291 287 289 289 294 285 272 265 260 258 253 252 248 261 285 290 288 288 284 290 295 286 275 268 262 259 261 263 265 269 280 287 292 294 294 290 284 279 280 284 282 281 284 287 292 298 291 275 267 276 280 278
1.#QNAN 1.#QNAN 1.#QNAN 1.#QNAN 1.#QNAN 1.#QNAN 1.#QNAN 1.#QNAN 1.#QNAN 1.#QNAN 1.#QNAN 1.#QNAN 1.#QNAN 314 308 301 295 288 288 291 298 289 280 284 283 290 282 1.#QNAN 1.#QNAN 1.#QNAN 293 308 307 300 297 298 292 283 278 276 270 264 261 265 253 272 290 298 294 289 288 296 298 284 281 272 262 255 257 262 267 280 285 288 290 290 292 291 290 287 287 282 285 283 286 288 293 298 291 274 265 275 273 272
1.#QNAN 1.#QNAN 1.#QNAN 1.#QNAN 1.#QNAN 1.#QNAN 1.#QNAN 1.#QNAN 1.#QNAN 1.#QNAN 1.#QNAN 323 320 313 304 302 298 295 297 300 303 292 291 294 295 294 289 286 279 288 300 307 311 311 305 300 285 278 286 282 278 268 277 278 268 277 292 302 297 296 301 304 296 278 277 273 266 264 259 264 273 274 277 281 285 289 282 282 283 285 280 277 281 283 285 288 297 294 288 276 266 270 266 261
1.#QNAN 1.#QNAN 1.#QNAN 1.#QNAN 1.#QNAN 1.#QNAN 1.#QNAN 1.#QNAN 1.#QNAN 1.#QNAN 325 323 320 312 311 308 305 305 304 301 307 303 303 302 297 293 295 300 286 284 295 299 301 314 307 294 279 282 289 289 285 284 285 278 265 275 292 303 306 304 309 308 295 281 287 286 283 278 269 264 266 264 269 272 278 283 281 272 273 275 278 277 281 283 286 289 296 294 286 277 269 265 261 258
1.#QNAN 1.#QNAN 1.#QNAN 1.#QNAN 1.#QNAN 1.#QNAN 1.#QNAN 1.#QNAN 1.#QNAN 327 328 326 322 318 312 304 305 311 312 305 311 312 308 299 293 295 300 308 299 287 285 290 306 316 309 297 288 289 294 297 297 289 282 274 265 283 295 302 311 311 313 302 291 294 299 290 292 287 279 266 261 262 266 261 262 273 282 279 276 275 280 281 281 284 287 287 291 295 289 286 276 266 270 263
1.#QNAN 1.#QNAN 1.#QNAN 1.#QNAN 1.#QNAN 1.#QNAN 1.#QNAN 1.#QNAN 1.#QNAN 1.#QNAN 327 324 323 318 312 306 306 313 316 312 312 314 310 305 299 298 305 310 305 294 290 297 307 315 316 311 300 289 291 302 297 283 272 266 273 287 297 303 307 313 313 298 297 306 300 300 296 288 281 274 271 268 259 259 259 272 275 278 278 278 281 281 283 287 288 288 288 293 293 292 284 270 272 270
1.#QNAN 1.#QNAN 1.#QNAN 1.#QNAN 1.#QNAN 1.#QNAN 1.#QNAN 1.#QNAN 1.#QNAN 329 327 327 323 317 310 306 310 313 317 315 316 317 314 312 310 309 312 312 306 299 299 309 314 318 318 305 297 287 295 304 296 280 270 270 277 293 303 310 312 316 316 302 303 310 306 300 294 293 288 290 284 280 265 264 262 262 266 271 277 280 283 283 283 286 287 288 288 288 291 293 285 280 280 272
1.#QNAN 1.#QNAN 1.#QNAN 1.#QNAN 1.#QNAN 1.#QNAN 1.#QNAN 1.#QNAN 1.#QNAN 329 329 327 322 318 317 317 320 318 320 315 318 316 316 318 316 317 316 310 314 311 304 312 318 320 317 308 305 298 303 304 294 282 279 283 276 289 303 311 317 320 319 315 312 313 305 297 294 300 294 297 295 289 280 270 259 259 264 271 275 279 284 285 284 285 285 288 289 290 293 290 287 285 283 277
1.#QNAN 1.#QNAN 1.#QNAN 1.#QNAN 1.#QNAN 1.#QNAN 1.#QNAN 1.#QNAN 1.#QNAN 331 329 326 324 324 316 314 317 323 324 318 322 316 315 319 321 319 319 317 316 320 314 316 317 321 316 314 314 313 308 299 294 288 295 291 284 292 304 306 319 322 318 314 310 314 309 304 298 302 300 296 288 288 285 274 265 262 264 269 276 279 284 286 284 285 285 286 290 292 291 287 281 275 276 276
1.#QNAN 1.#QNAN 1.#QNAN 1.#QNAN 1.#QNAN 1.#QNAN 1.#QNAN 1.#QNAN 1.#QNAN 332 327 325 325 325 325 318 313 314 324 325 322 316 315 321 317 313 312 318 319 321 322 321 319 324 318 319 319 315 304 296 290 296 307 293 296 307 317 317 322 323 322 317 313 317 315 310 306 304 302 300 293 286 276 271 268 270 271 272 277 280 284 286 285 285 285 286 288 292 290 285 278 274 266 265
1.#QNAN 1.#QNAN 1.#QNAN 1.#QNAN 1.#QNAN 1.#QNAN 1.#QNAN 1.#QNAN 335 333 327 326 328 327 328 327 323 319 318 327 322 315 318 325 323 318 316 313 318 322 324 323 324 325 324 322 320 319 312 307 301 299 313 306 309 319 323 323 324 324 323 317 310 318 318 315 311 305 303 306 301 289 277 268 269 273 274 276 277 283 286 288 287 288 288 289 289 291 288 284 277 271 264 262
1.#QNAN 1.#QNAN 1.#QNAN 1.#QNAN 1.#QNAN 1.#QNAN 1.#QNAN 1.#QNAN 335 330 328 328 326 325 328 328 329 328 324 326 325 323 324 327 320 314 316 310 311 320 325 324 325 325 325 321 321 320 316 316 311 308 309 318 318 325 326 325 325 325 323 319 319 320 318 314 314 311 305 307 301 294 283 274 272 275 277 278 275 280 285 288 289 290 290 290 289 291 289 284 278 270 264 262
1.#QNAN 1.#QNAN 1.#QNAN 1.#QNAN 1.#QNAN 1.#QNAN 1.#QNAN 338 334 333 329 325 323 326 327 325 327 330 332 331 324 323 329 318 311 306 311 306 310 318 324 327 325 325 324 323 324 321 319 319 321 323 318 322 326 327 327 327 326 326 324 323 322 318 315 311 306 307 308 306 297 290 276 270 272 275 280 277 276 280 284 284 286 290 291 291 292 292 289 283 277 269 265 263
1.#QNAN 1.#QNAN 1.#QNAN 1.#QNAN 1.#QNAN 1.#QNAN 1.#QNAN 339 338 329 330 327 327 327 326 325 324 329 332 331 333 331 331 319 313 307 308 304 312 318 323 323 323 325 324 323 324 324 321 322 326 325 322 318 326 327 327 327 326 326 323 321 320 319 315 307 298 297 299 307 298 288 273 264 265 271 277 281 279 279 283 285 285 289 291 292 291 291 289 282 275 267 266 266
