08 Ecocrop/raster/current/tmax_2.asc
ncols        683
nrows        518
xllcorner    -87.691666666667
yllcorner    10.708333333333
cellsize     0.008333333333
NODATA_value  1.#QNAN
[rows 185 to 221 of 518, columns 84 to 167 of 683]
1.#QNAN 1.#QNAN 1.#QNAN 1.#QNAN 1.#QNAN 1.#QNAN 1.#QNAN 1.#QNAN 1.#QNAN 1.#QNAN 1.#QNAN 1.#QNAN 1.#QNAN 1.#QNAN 1.#QNAN 1.#QNAN 1.#QNAN 1.#QNAN 1.#QNAN 1.#QNAN 1.#QNAN 1.#QNAN 1.#QNAN 1.#QNAN 1.#QNAN 1.#QNAN 1.#QNAN 1.#QNAN 1.#QNAN 1.#QNAN 274 277 281 282 281 280 290 286 283 292 291 289 285 287 290 289 286 286 284 283 280 273 272 272 279 283 284 281 283 288 289 288 285 289 290 289 290 293 293 294 294 293 292 288 287 287 288 291 289 290 292 292 289 283
1.#QNAN 1.#QNAN 1.#QNAN 1.#QNAN 1.#QNAN 1.#QNAN 1.#QNAN 1.#QNAN 1.#QNAN 1.#QNAN 1.#QNAN 1.#QNAN 1.#QNAN 1.#QNAN 1.#QNAN 1.#QNAN 1.#QNAN 1.#QNAN 1.#QNAN 1.#QNAN 1.#QNAN 1.#QNAN 1.#QNAN 1.#QNAN 1.#QNAN 1.#QNAN 1.#QNAN 1.#QNAN 1.#QNAN 1.#QNAN 280 282 284 282 276 279 291 292 293 294 294 292 292 292 292 289 286 284 280 281 277 268 268 273 279 280 278 281 282 284 288 290 289 288 290 292 293 293 294 296 296 296 294 290 289 289 289 291 292 293 289 286 282 274
1.#QNAN 1.#QNAN 1.#QNAN 1.#QNAN 1.#QNAN 1.#QNAN 1.#QNAN 1.#QNAN 1.#QNAN 1.#QNAN 1.#QNAN 1.#QNAN 1.#QNAN 1.#QNAN 1.#QNAN 1.#QNAN 1.#QNAN 1.#QNAN 1.#QNAN 1.#QNAN 1.#QNAN 1.#QNAN 1.#QNAN 1.#QNAN 1.#QNAN 1.#QNAN 1.#QNAN 1.#QNAN 1.#QNAN 1.#QNAN 1.#QNAN 284 285 280 281 284 291 287 292 294 293 291 290 292 291 289 286 283 280 278 276 272 268 275 271 275 276 282 284 286 288 287 288 289 290 290 293 295 295 297 297 297 295 291 289 289 290 292 292 290 284 274 268 264
1.#QNAN 1.#QNAN 1.#QNAN 1.#QNAN 1.#QNAN 1.#QNAN 1.#QNAN 1.#QNAN 1.#QNAN 1.#QNAN 1.#QNAN 1.#QNAN 1.#QNAN 1.#QNAN 1.#QNAN 1.#QNAN 1.#QNAN 1.#QNAN 1.#QNAN 1.#QNAN 1.#QNAN 1.#QNAN 1.#QNAN 1.#QNAN 1.#QNAN 1.#QNAN 1.#QNAN 1.#QNAN 1.#QNAN 1.#QNAN 1.#QNAN 278 281 283 284 282 289 287 292 290 291 292 289 290 290 286 285 281 276 270 272 272 271 267 270 276 278 282 282 284 286 287 287 289 292 293 294 295 296 297 297 298 297 296 295 294 292 294 292 288 281 265 257 264
1.#QNAN 1.#QNAN 1.#QNAN 1.#QNAN 1.#QNAN 1.#QNAN 1.#QNAN 1.#QNAN 1.#QNAN 1.#QNAN 1.#QNAN 1.#QNAN 1.#QNAN 1.#QNAN 1.#QNAN 1.#QNAN 1.#QNAN 1.#QNAN 1.#QNAN 1.#QNAN 1.#QNAN 1.#QNAN 1.#QNAN 1.#QNAN 1.#QNAN 1.#QNAN 1.#QNAN 1.#QNAN 1.#QNAN 1.#QNAN 1.#QNAN 268 272 279 278 284 284 286 285 289 290 290 289 288 286 285 282 279 275 269 267 267 266 263 266 271 276 280 283 283 287 288 290 291 291 291 293 295 296 297 298 298 298 296 295 292 292 291 290 288 281 262 261 266
1.#QNAN 1.#QNAN 1.#QNAN 1.#QNAN 1.#QNAN 1.#QNAN 1.#QNAN 1.#QNAN 1.#QNAN 1.#QNAN 1.#QNAN 1.#QNAN 1.#QNAN 1.#QNAN 1.#QNAN 1.#QNAN 1.#QNAN 1.#QNAN 1.#QNAN 1.#QNAN 1.#QNAN 1.#QNAN 1.#QNAN 1.#QNAN 1.#QNAN 1.#QNAN 1.#QNAN 1.#QNAN 1.#QNAN 1.#QNAN 1.#QNAN 1.#QNAN 265 275 282 284 277 278 284 287 288 288 286 286 284 282 280 276 271 263 258 260 260 256 264 268 271 274 279 280 286 287 286 286 287 289 291 293 295 297 297 297 297 294 293 289 289 289 287 287 278 267 266 261
1.#QNAN 1.#QNAN 1.#QNAN 1.#QNAN 1.#QNAN 1.#QNAN 1.#QNAN 1.#QNAN 1.#QNAN 1.#QNAN 1.#QNAN 1.#QNAN 1.#QNAN 1.#QNAN 1.#QNAN 1.#QNAN 1.#QNAN 1.#QNAN 1.#QNAN 1.#QNAN 1.#QNAN 1.#QNAN 1.#QNAN 1.#QNAN 1.#QNAN 1.#QNAN 1.#QNAN 1.#QNAN 1.#QNAN 1.#QNAN 1.#QNAN 1.#QNAN 267 274 280 283 277 276 282 283 280 286 284 282 283 281 277 273 266 252 245 248 253 259 268 275 278 280 282 285 286 285 287 289 288 290 291 291 294 296 296 298 297 293 291 287 284 284 281 282 273 273 266 259
1.#QNAN 1.#QNAN 1.#QNAN 1.#QNAN 1.#QNAN 1.#QNAN 1.#QNAN 1.#QNAN 1.#QNAN 1.#QNAN 1.#QNAN 1.#QNAN 1.#QNAN 1.#QNAN 1.#QNAN 1.#QNAN 1.#QNAN 1.#QNAN 1.#QNAN 1.#QNAN 1.#QNAN 1.#QNAN 1.#QNAN 1.#QNAN 1.#QNAN 1.#QNAN 1.#QNAN 1.#QNAN 1.#QNAN 1.#QNAN 1.#QNAN 259 270 277 279 281 277 277 279 279 278 284 282 278 276 278 275 269 262 241 231 247 260 268 273 274 278 278 282 285 288 288 289 289 290 291 293 293 294 295 296 297 295 294 290 288 286 285 279 274 274 276 273 270
1.#QNAN 1.#QNAN 1.#QNAN 1.#QNAN 1.#QNAN 1.#QNAN 1.#QNAN 1.#QNAN 1.#QNAN 1.#QNAN 1.#QNAN 1.#QNAN 1.#QNAN 1.#QNAN 1.#QNAN 1.#QNAN 1.#QNAN 1.#QNAN 1.#QNAN 1.#QNAN 1.#QNAN 1.#QNAN 1.#QNAN 1.#QNAN 1.#QNAN 1.#QNAN 1.#QNAN 1.#QNAN 1.#QNAN 1.#QNAN 255 263 271 275 271 275 279 278 271 272 278 281 277 272 268 274 271 259 253 243 239 251 259 271 277 276 280 280 280 284 288 289 290 290 290 290 291 293 294 294 295 295 294 294 290 289 286 283 283 281 280 279 277 273
1.#QNAN 1.#QNAN 1.#QNAN 1.#QNAN 1.#QNAN 1.#QNAN 1.#QNAN 1.#QNAN 1.#QNAN 1.#QNAN 1.#QNAN 1.#QNAN 1.#QNAN 1.#QNAN 1.#QNAN 1.#QNAN 1.#QNAN 1.#QNAN 1.#QNAN 1.#QNAN 1.#QNAN 1.#QNAN 1.#QNAN 1.#QNAN 1.#QNAN 1.#QNAN 1.#QNAN 1.#QNAN 1.#QNAN 1.#QNAN 257 265 270 274 269 269 271 276 274 270 277 275 275 269 267 266 262 253 246 234 249 265 271 275 280 278 279 283 283 286 284 288 290 290 290 290 291 292 293 293 294 293 293 294 290 289 286 282 281 281 279 278 277 275
1.#QNAN 1.#QNAN 1.#QNAN 1.#QNAN 1.#QNAN 1.#QNAN 1.#QNAN 1.#QNAN 1.#QNAN 1.#QNAN 1.#QNAN 1.#QNAN 1.#QNAN 1.#QNAN 1.#QNAN 1.#QNAN 1.#QNAN 1.#QNAN 1.#QNAN 1.#QNAN 1.#QNAN 1.#QNAN 1.#QNAN 1.#QNAN 1.#QNAN 1.#QNAN 1.#QNAN 1.#QNAN 1.#QNAN 243 251 257 264 269 271 265 267 270 267 266 272 267 274 267 264 262 258 250 239 236 249 266 274 279 282 283 283 285 282 287 287 287 288 288 287 289 290 291 292 293 292 291 290 292 290 288 286 284 282 278 277 272 270 271
1.#QNAN 1.#QNAN 1.#QNAN 1.#QNAN 1.#QNAN 1.#QNAN 1.#QNAN 1.#QNAN 1.#QNAN 1.#QNAN 1.#QNAN 1.#QNAN 1.#QNAN 1.#QNAN 1.#QNAN 1.#QNAN 1.#QNAN 1.#QNAN 1.#QNAN 1.#QNAN 1.#QNAN 1.#QNAN 1.#QNAN 1.#QNAN 1.#QNAN 1.#QNAN 1.#QNAN 1.#QNAN 1.#QNAN 239 245 252 261 266 274 270 265 262 264 261 263 258 269 267 263 261 252 245 239 239 254 270 273 276 282 286 285 286 286 286 286 287 287 286 284 284 289 290 291 292 290 291 291 291 290 288 286 284 282 278 273 272 268 264
1.#QNAN 1.#QNAN 1.#QNAN 1.#QNAN 1.#QNAN 1.#QNAN 1.#QNAN 1.#QNAN 1.#QNAN 1.#QNAN 1.#QNAN 1.#QNAN 1.#QNAN 1.#QNAN 1.#QNAN 1.#QNAN 1.#QNAN 1.#QNAN 1.#QNAN 1.#QNAN 1.#QNAN 1.#QNAN 1.#QNAN 1.#QNAN 1.#QNAN 1.#QNAN 1.#QNAN 1.#QNAN 1.#QNAN 1.#QNAN 248 251 260 268 268 269 263 254 254 256 256 261 265 257 258 252 242 249 244 246 255 272 277 278 283 287 287 286 288 286 287 289 289 286 288 289 290 290 291 290 289 290 291 290 289 286 284 280 278 277 273 269 270 264
1.#QNAN 1.#QNAN 1.#QNAN 1.#QNAN 1.#QNAN 1.#QNAN 1.#QNAN 1.#QNAN 1.#QNAN 1.#QNAN 1.#QNAN 1.#QNAN 1.#QNAN 1.#QNAN 1.#QNAN 1.#QNAN 1.#QNAN 1.#QNAN 1.#QNAN 1.#QNAN 1.#QNAN 1.#QNAN 1.#QNAN 1.#QNAN 1.#QNAN 1.#QNAN 1.#QNAN 1.#QNAN 1.#QNAN 1.#QNAN 1.#QNAN 1.#QNAN 257 262 263 267 260 252 250 250 245 255 261 250 242 244 235 247 253 255 259 269 280 280 284 285 287 288 288 288 287 285 283 288 289 288 289 289 288 288 288 290 291 288 286 285 283 280 276 271 269 260 264 261
1.#QNAN 1.#QNAN 1.#QNAN 1.#QNAN 1.#QNAN 1.#QNAN 1.#QNAN 1.#QNAN 1.#QNAN 1.#QNAN 1.#QNAN 1.#QNAN 1.#QNAN 1.#QNAN 1.#QNAN 1.#QNAN 1.#QNAN 1.#QNAN 1.#QNAN 1.#QNAN 1.#QNAN 1.#QNAN 1.#QNAN 1.#QNAN 1.#QNAN 1.#QNAN 1.#QNAN 1.#QNAN 1.#QNAN 1.#QNAN 1.#QNAN 1.#QNAN 1.#QNAN 257 251 257 266 258 249 246 241 255 255 248 239 231 227 240 253 262 269 274 280 283 286 287 288 288 285 285 281 280 280 284 285 285 285 285 285 287 289 290 289 283 279 282 280 276 273 266 258 259 263 264
1.#QNAN 1.#QNAN 1.#QNAN 1.#QNAN 1.#QNAN 1.#QNAN 1.#QNAN 1.#QNAN 1.#QNAN 1.#QNAN 1.#QNAN 1.#QNAN 1.#QNAN 1.#QNAN 1.#QNAN 1.#QNAN 1.#QNAN 1.#QNAN 1.#QNAN 1.#QNAN 1.#QNAN 1.#QNAN 1.#QNAN 1.#QNAN 1.#QNAN 1.#QNAN 1.#QNAN 1.#QNAN 1.#QNAN 1.#QNAN 1.#QNAN 1.#QNAN 1.#QNAN 255 248 255 264 253 249 244 242 247 250 245 240 234 226 231 246 251 262 271 279 283 285 287 287 285 282 280 282 277 276 280 281 280 280 282 285 288 288 289 287 281 280 283 280 271 262 258 256 260 264 261
1.#QNAN 1.#QNAN 1.#QNAN 1.#QNAN 1.#QNAN 1.#QNAN 1.#QNAN 1.#QNAN 1.#QNAN 1.#QNAN 1.#QNAN 1.#QNAN 1.#QNAN 1.#QNAN 1.#QNAN 1.#QNAN 1.#QNAN 1.#QNAN 1.#QNAN 1.#QNAN 1.#QNAN 1.#QNAN 1.#QNAN 1.#QNAN 1.#QNAN 1.#QNAN 1.#QNAN 1.#QNAN 1.#QNAN 1.#QNAN 1.#QNAN 1.#QNAN 1.#QNAN 1.#QNAN 249 254 262 253 252 246 243 242 243 243 237 235 230 226 234 237 252 269 277 281 283 285 283 280 278 280 280 278 276 272 275 276 283 285 287 286 286 287 288 285 285 284 280 270 255 247 252 258 261 259
1.#QNAN 1.#QNAN 1.#QNAN 1.#QNAN 1.#QNAN 1.#QNAN 1.#QNAN 1.#QNAN 1.#QNAN 1.#QNAN 1.#QNAN 1.#QNAN 1.#QNAN 1.#QNAN 1.#QNAN 1.#QNAN 1.#QNAN 1.#QNAN 1.#QNAN 1.#QNAN 1.#QNAN 1.#QNAN 1.#QNAN 1.#QNAN 1.#QNAN 1.#QNAN 1.#QNAN 1.#QNAN 1.#QNAN 1.#QNAN 1.#QNAN 1.#QNAN 1.#QNAN 1.#QNAN 248 257 259 257 250 244 241 236 234 237 233 229 224 225 236 248 258 267 273 278 280 282 281 279 276 275 270 271 275 271 277 279 285 285 285 283 282 284 286 286 286 285 279 269 264 257 254 251 253 250
1.#QNAN 1.#QNAN 1.#QNAN 1.#QNAN 1.#QNAN 1.#QNAN 1.#QNAN 1.#QNAN 1.#QNAN 1.#QNAN 1.#QNAN 1.#QNAN 1.#QNAN 1.#QNAN 1.#QNAN 1.#QNAN 1.#QNAN 1.#QNAN 1.#QNAN 1.#QNAN 1.#QNAN 1.#QNAN 1.#QNAN 1.#QNAN 1.#QNAN 1.#QNAN 1.#QNAN 1.#QNAN 1.#QNAN 1.#QNAN 1.#QNAN 1.#QNAN 1.#QNAN 1.#QNAN 245 254 258 258 250 243 240 235 231 234 228 221 221 229 235 250 259 266 271 276 277 279 278 276 274 273 265 267 273 274 278 281 279 276 281 281 274 280 283 282 282 284 282 278 274 266 256 242 243 241
1.#QNAN 1.#QNAN 1.#QNAN 1.#QNAN 1.#QNAN 1.#QNAN 1.#QNAN 1.#QNAN 1.#QNAN 1.#QNAN 1.#QNAN 1.#QNAN 1.#QNAN 1.#QNAN 1.#QNAN 1.#QNAN 1.#QNAN 1.#QNAN 1.#QNAN 1.#QNAN 1.#QNAN 1.#QNAN 1.#QNAN 1.#QNAN 1.#QNAN 1.#QNAN 1.#QNAN 1.#QNAN 1.#QNAN 1.#QNAN 1.#QNAN 1.#QNAN 1.#QNAN 1.#QNAN 239 248 253 255 254 241 237 234 235 239 231 225 224 233 241 249 258 264 269 268 269 270 274 271 273 271 264 262 267 270 275 280 281 274 273 277 273 274 278 276 279 284 283 275 272 264 258 246 245 251
1.#QNAN 1.#QNAN 1.#QNAN 1.#QNAN 1.#QNAN 1.#QNAN 1.#QNAN 1.#QNAN 1.#QNAN 1.#QNAN 1.#QNAN 1.#QNAN 1.#QNAN 1.#QNAN 1.#QNAN 1.#QNAN 1.#QNAN 1.#QNAN 1.#QNAN 1.#QNAN 1.#QNAN 1.#QNAN 1.#QNAN 1.#QNAN 1.#QNAN 1.#QNAN 1.#QNAN 1.#QNAN 1.#QNAN 1.#QNAN 1.#QNAN 1.#QNAN 1.#QNAN 1.#QNAN 247 249 252 253 251 251 245 239 240 238 228 227 230 241 249 250 255 259 261 262 261 267 271 267 266 267 259 252 260 266 271 277 282 276 273 268 264 264 272 272 279 281 283 281 273 267 261 251 245 251
1.#QNAN 1.#QNAN 1.#QNAN 1.#QNAN 1.#QNAN 1.#QNAN 1.#QNAN 1.#QNAN 1.#QNAN 1.#QNAN 1.#QNAN 1.#QNAN 1.#QNAN 1.#QNAN 1.#QNAN 1.#QNAN 1.#QNAN 1.#QNAN 243 247 240 234 233 1.#QNAN 1.#QNAN 1.#QNAN 1.#QNAN 1.#QNAN 1.#QNAN 1.#QNAN 1.#QNAN 1.#QNAN 1.#QNAN 1.#QNAN 253 265 263 254 246 249 251 250 247 239 224 230 245 248 255 259 256 255 257 259 259 262 262 262 258 262 256 244 252 260 267 276 280 272 265 260 259 261 270 277 273 274 280 283 277 269 254 248 251 256
1.#QNAN 1.#QNAN 1.#QNAN 1.#QNAN 1.#QNAN 1.#QNAN 1.#QNAN 1.#QNAN 1.#QNAN 1.#QNAN 1.#QNAN 1.#QNAN 1.#QNAN 1.#QNAN 291 284 280 260 252 265 255 251 249 240 1.#QNAN 1.#QNAN 1.#QNAN 1.#QNAN 1.#QNAN 1.#QNAN 1.#QNAN 1.#QNAN 1.#QNAN 261 264 271 275 263 252 244 244 244 242 239 232 238 262 264 264 266 261 260 266 267 257 253 254 252 247 250 250 248 260 267 267 274 278 272 262 258 260 266 268 267 262 272 279 282 274 262 249 252 253 259
1.#QNAN 1.#QNAN 1.#QNAN 1.#QNAN 1.#QNAN 1.#QNAN 1.#QNAN 1.#QNAN 1.#QNAN 1.#QNAN 1.#QNAN 1.#QNAN 1.#QNAN 1.#QNAN 299 296 288 270 261 278 273 268 263 254 258 269 1.#QNAN 1.#QNAN 1.#QNAN 1.#QNAN 1.#QNAN 1.#QNAN 279 275 277 276 282 271 255 248 242 239 234 233 228 242 269 275 272 272 268 274 279 269 257 249 242 239 240 242 244 249 260 268 273 276 277 272 265 260 262 266 265 263 266 270 275 281 273 256 246 255 259 257
1.#QNAN 1.#QNAN 1.#QNAN 1.#QNAN 1.#QNAN 1.#QNAN 1.#QNAN 1.#QNAN 1.#QNAN 1.#QNAN 1.#QNAN 1.#QNAN 1.#QNAN 310 303 295 289 280 279 283 290 280 269 274 272 279 271 1.#QNAN 1.#QNAN 1.#QNAN 282 297 296 290 286 287 280 269 263 260 253 246 242 247 234 255 275 284 280 274 273 282 283 268 264 254 242 235 236 241 246 260 266 269 272 272 274 273 272 270 270 265 268 266 269 271 277 281 273 254 244 255 251 251
1.#QNAN 1.#QNAN 1.#QNAN 1.#QNAN 1.#QNAN 1.#QNAN 1.#QNAN 1.#QNAN 1.#QNAN 1.#QNAN 1.#QNAN 320 317 310 300 297 292 288 290 294 297 284 283 286 287 285 279 276 267 277 290 298 302 302 295 290 272 265 272 268 263 252 262 263 251 261 278 289 284 283 288 291 282 262 260 255 247 244 239 244 253 254 257 262 267 270 263 264 265 267 262 260 265 266 269 272 281 277 270 257 245 250 244 238
1.#QNAN 1.#QNAN 1.#QNAN 1.#QNAN 1.#QNAN 1.#QNAN 1.#QNAN 1.#QNAN 1.#QNAN 1.#QNAN 321 320 316 309 307 304 299 299 298 294 301 296 297 295 289 285 287 292 276 274 285 290 292 305 298 283 266 269 277 277 272 270 271 263 248 259 279 290 294 292 297 296 281 266 272 270 267 260 250 245 246 244 249 253 259 265 262 253 254 257 261 261 264 267 270 273 280 278 268 259 249 245 240 235
1.#QNAN 1.#QNAN 1.#QNAN 1.#QNAN 1.#QNAN 1.#QNAN 1.#QNAN 1.#QNAN 1.#QNAN 323 324 322 319 315 308 299 300 305 306 299 305 306 301 292 285 288 293 300 291 277 275 280 298 308 301 288 277 277 283 285 285 276 269 259 249 269 283 290 299 299 301 291 277 281 285 275 278 272 262 247 241 242 246 242 242 254 264 260 258 258 263 265 264 268 271 272 276 279 272 269 257 246 249 242
1.#QNAN 1.#QNAN 1.#QNAN 1.#QNAN 1.#QNAN 1.#QNAN 1.#QNAN 1.#QNAN 1.#QNAN 1.#QNAN 324 320 319 314 308 301 301 308 311 306 306 308 304 299 292 291 298 303 298 286 281 289 300 307 308 302 291 278 279 291 286 271 257 250 258 275 286 292 296 302 302 287 286 294 288 287 283 274 265 257 253 250 240 239 239 253 256 260 261 261 265 265 267 271 272 273 273 278 277 275 267 251 253 250
1.#QNAN 1.#QNAN 1.#QNAN 1.#QNAN 1.#QNAN 1.#QNAN 1.#QNAN 1.#QNAN 1.#QNAN 325 323 323 319 313 306 301 305 307 311 309 310 310 308 305 303 302 305 305 299 292 292 302 307 311 310 297 288 277 284 293 284 267 256 256 263 282 293 299 301 306 305 292 293 299 294 288 282 279 274 275 269 264 247 245 243 242 247 253 260 263 267 267 268 270 272 273 273 273 275 277 268 262 261 253
1.#QNAN 1.#QNAN 1.#QNAN 1.#QNAN 1.#QNAN 1.#QNAN 1.#QNAN 1.#QNAN 1.#QNAN 325 325 323 319 314 312 312 314 312 314 309 312 309 310 312 310 310 309 304 307 304 298 306 311 314 310 300 297 289 293 294 283 270 267 271 263 278 293 301 307 310 309 305 302 302 295 286 283 288 281 284 281 275 264 252 240 240 245 253 258 262 268 270 269 270 271 274 275 275 278 275 270 268 265 259
1.#QNAN 1.#QNAN 1.#QNAN 1.#QNAN 1.#QNAN 1.#QNAN 1.#QNAN 1.#QNAN 1.#QNAN 327 325 322 321 320 312 310 312 317 318 312 316 310 309 313 315 313 312 311 309 313 308 310 310 314 309 307 306 304 299 289 283 277 285 281 273 281 295 296 309 312 308 304 300 304 298 294 287 290 288 283 274 274 270 258 247 244 246 252 259 263 269 271 269 270 271 272 276 279 277 272 265 259 258 259
1.#QNAN 1.#QNAN 1.#QNAN 1.#QNAN 1.#QNAN 1.#QNAN 1.#QNAN 1.#QNAN 1.#QNAN 328 323 322 321 321 321 314 308 309 319 320 317 311 310 315 311 307 306 311 312 314 315 314 313 317 311 311 310 306 295 286 280 287 298 284 286 298 308 307 312 313 312 308 303 306 304 299 294 293 290 287 280 271 260 255 251 253 253 255 261 264 269 271 270 271 271 272 274 278 275 270 263 257 248 247
1.#QNAN 1.#QNAN 1.#QNAN 1.#QNAN 1.#QNAN 1.#QNAN 1.#QNAN 1.#QNAN 331 329 323 322 324 323 324 323 319 314 313 322 317 310 313 319 317 312 310 306 312 315 317 316 317 318 316 314 312 310 304 298 293 290 304 298 301 310 313 313 314 314 313 307 300 308 307 304 299 294 291 294 288 275 261 251 252 256 257 260 261 268 271 274 273 274 275 275 275 278 274 269 262 255 246 244
1.#QNAN 1.#QNAN 1.#QNAN 1.#QNAN 1.#QNAN 1.#QNAN 1.#QNAN 1.#QNAN 332 327 325 324 322 322 324 324 325 323 320 321 320 318 319 322 314 308 309 304 304 313 318 317 318 318 317 313 313 312 307 307 302 300 301 310 310 316 316 316 316 316 314 309 309 309 307 303 302 300 293 295 289 281 268 258 256 259 261 262 260 265 271 274 275 276 277 277 276 277 275 270 263 254 247 245
1.#QNAN 1.#QNAN 1.#QNAN 1.#QNAN 1.#QNAN 1.#QNAN 1.#QNAN 335 331 330 326 322 320 322 324 322 324 326 327 326 319 319 324 314 306 300 306 300 304 312 317 319 317 317 317 315 315 312 311 310 312 315 311 314 317 319 318 318 317 316 315 313 311 308 304 300 295 295 296 294 285 277 261 254 257 260 264 261 261 265 270 270 273 276 278 279 280 279 275 269 263 253 248 247
1.#QNAN 1.#QNAN 1.#QNAN 1.#QNAN 1.#QNAN 1.#QNAN 1.#QNAN 337 335 327 327 325 324 324 323 322 321 326 328 327 328 327 326 315 308 302 302 298 305 311 316 316 316 317 316 315 316 315 312 313 318 316 314 311 318 319 318 318 317 316 314 311 310 308 304 297 287 285 288 294 286 275 258 248 249 255 262 267 264 265 269 271 272 276 278 279 278 278 275 269 261 252 250 250
