08 Ecocrop/raster/current/tmax_11.asc
ncols        683
nrows        518
xllcorner    -87.691666666667
yllcorner    10.708333333333
cellsize     0.008333333333
NODATA_value  1.#QNAN
[rows 148 to 184 of 518, columns 168 to 251 of 683]
256 258 253 254 261 270 274 277 279 281 282 282 277 275 280 281 278 272 267 269 273 276 277 276 276 272 267 260 252 255 255 257 255 256 250 242 238 239 238 237 238 245 247 244 254 260 266 272 269 264 265 263 269 273 274 277 279 285 290 292 292 286 285 287 286 284 282 282 284 283 284 286 287 288 284 285 281 279 274 270 263 254 241 246
256 259 262 260 262 263 271 275 279 281 282 282 280 279 282 282 276 269 263 271 277 278 279 278 276 271 265 257 251 255 256 256 259 256 253 245 239 238 239 237 242 245 245 246 253 261 267 268 261 261 264 271 274 275 275 275 281 288 286 291 291 288 287 287 285 284 281 283 281 284 286 287 289 287 283 282 280 275 275 267 256 247 239 233
253 259 263 267 269 268 273 277 280 281 280 281 283 283 283 282 274 267 271 274 278 280 279 277 275 269 261 254 254 256 257 256 259 254 248 242 241 243 244 240 241 243 244 249 258 261 268 263 258 261 265 273 278 279 281 280 285 286 285 289 293 290 290 290 288 286 281 280 283 284 285 287 289 282 279 279 279 278 273 264 257 249 238 231
247 250 256 264 270 273 276 277 279 279 277 275 280 283 284 281 277 275 277 276 281 281 279 277 275 268 258 255 256 258 258 257 260 256 245 244 248 246 247 243 239 240 245 255 257 263 266 261 256 260 269 275 277 282 284 286 287 284 286 286 289 293 290 288 287 285 280 278 281 283 282 284 288 287 281 278 273 274 270 268 256 247 244 237
253 252 255 262 269 274 276 278 278 276 275 273 275 281 284 281 275 279 280 280 282 282 280 278 275 271 267 259 258 258 258 258 262 254 244 247 252 248 246 243 240 247 250 254 259 260 262 258 256 260 266 273 280 279 282 282 283 282 281 284 289 292 286 284 286 283 281 279 279 283 283 286 281 283 286 281 275 270 263 262 262 251 252 248
254 258 260 263 268 273 276 275 275 276 277 275 273 278 283 282 274 278 281 283 283 280 279 277 275 274 268 263 265 261 258 261 260 251 251 252 253 243 243 243 243 251 255 257 252 256 258 256 261 265 269 278 280 278 281 279 281 284 286 288 292 287 282 283 285 282 278 280 280 284 283 281 277 281 285 280 271 263 251 254 258 255 257 257
256 258 262 265 269 273 273 271 270 274 275 277 277 275 281 283 276 279 283 284 284 281 279 277 276 275 269 269 266 260 260 264 257 249 253 258 250 246 246 243 250 255 255 258 254 256 255 255 261 267 273 276 276 278 276 275 280 278 285 289 291 287 283 284 283 280 276 276 281 283 276 277 280 278 280 282 271 269 257 248 252 258 260 261
259 261 263 266 270 272 271 270 268 268 272 275 278 279 279 283 282 282 285 285 285 282 280 279 278 275 270 271 270 263 257 265 257 256 259 259 252 247 251 248 255 259 260 261 263 259 255 254 252 260 269 273 273 271 272 274 274 281 285 288 292 287 285 286 283 281 276 278 281 279 275 275 279 272 269 277 276 278 267 258 260 253 260 262
260 263 264 265 270 271 271 271 270 264 270 275 278 280 281 282 283 284 284 284 285 282 279 281 278 276 275 273 267 257 257 263 265 262 256 258 255 254 253 249 256 258 255 258 265 261 255 247 251 259 269 269 267 269 270 275 280 284 286 288 292 288 288 285 281 279 274 274 278 277 275 272 274 274 261 263 272 277 275 267 265 254 257 265
259 261 265 268 270 271 271 273 272 268 271 275 277 280 281 280 279 282 282 281 283 284 283 280 278 274 271 268 260 256 252 262 262 254 251 255 250 249 252 251 257 256 258 263 264 266 257 251 261 264 268 267 265 272 278 282 282 284 286 290 291 288 287 286 283 279 273 269 275 272 269 267 264 270 264 263 264 268 273 274 264 263 265 264
259 259 264 269 271 272 272 273 274 273 271 275 277 279 281 280 279 279 281 283 283 283 283 281 277 275 271 263 256 253 260 266 262 257 252 246 243 246 248 254 259 262 262 260 265 266 252 249 259 263 264 264 267 276 279 281 285 286 289 291 290 288 287 285 281 275 268 268 273 265 260 263 258 261 265 261 261 257 262 274 273 271 269 267
263 261 266 270 272 273 273 272 273 274 273 276 278 279 280 280 276 277 281 283 283 282 281 282 279 278 268 263 258 254 259 260 268 265 259 248 246 242 246 258 264 266 265 260 264 264 257 261 263 266 266 266 271 280 283 284 286 288 290 290 286 289 286 284 281 276 266 264 269 268 259 258 258 260 267 268 265 265 261 268 274 267 260 254
268 268 268 269 272 273 274 272 273 275 275 275 277 278 280 280 278 277 281 283 281 280 280 281 281 272 263 261 264 258 257 259 269 261 253 250 247 245 256 262 266 269 269 264 268 273 269 268 269 268 272 266 275 279 281 284 284 286 291 288 284 288 285 283 278 272 268 269 265 259 256 257 263 263 266 270 270 270 270 272 273 267 258 251
271 270 269 269 270 271 273 274 274 274 276 277 278 280 281 281 280 280 282 282 280 280 280 282 278 268 264 261 266 268 268 264 271 261 255 252 246 255 264 266 263 267 271 266 266 271 276 271 273 270 274 272 276 276 280 284 287 291 289 287 283 287 284 282 279 277 273 266 262 255 259 263 265 266 268 268 271 268 269 272 270 269 260 259
272 271 268 265 267 269 271 272 273 275 276 277 278 279 280 281 282 282 282 282 280 279 279 281 279 270 265 265 265 270 273 269 268 262 260 254 256 267 267 269 265 269 271 272 272 272 276 279 277 269 274 277 278 272 277 284 288 290 287 286 283 285 285 283 281 281 276 265 255 253 258 265 265 264 269 270 271 270 270 273 270 269 267 263
272 273 268 264 266 268 270 270 269 273 275 276 277 278 278 278 280 282 282 281 279 278 280 281 281 273 274 273 273 277 273 270 271 258 250 254 267 271 271 268 267 270 273 273 276 275 275 274 280 271 270 279 274 271 277 281 285 290 286 282 283 283 281 275 271 277 275 261 251 252 261 264 265 267 268 270 269 268 272 270 265 266 262 259
275 274 269 267 266 265 269 269 269 271 273 273 273 274 274 277 280 281 282 283 281 280 282 280 281 280 280 281 280 282 274 269 276 269 261 265 273 274 270 264 264 269 271 274 277 279 279 277 283 274 274 280 277 275 278 285 288 291 289 287 285 283 279 277 274 273 274 268 256 253 260 264 265 267 267 266 267 268 272 269 262 256 261 263
276 274 271 268 266 264 266 265 268 269 269 270 268 266 273 278 278 280 281 280 280 280 281 276 279 272 274 278 274 282 279 271 273 277 275 274 277 274 268 263 265 269 268 271 276 279 279 280 283 281 282 283 285 282 279 286 291 290 286 284 283 279 278 275 273 270 263 268 262 254 256 262 259 260 264 260 267 268 270 270 265 262 264 268
275 274 271 269 266 261 261 261 264 268 270 272 271 272 276 276 278 277 277 277 277 278 280 276 275 270 270 271 274 280 283 279 279 278 280 280 276 273 269 262 263 264 270 271 274 280 282 279 282 281 285 284 288 288 284 285 290 292 288 286 283 278 270 266 268 263 255 260 263 251 250 258 252 259 258 259 268 269 268 269 269 266 263 269
276 274 270 268 265 261 261 263 262 266 269 271 273 272 271 275 273 271 273 274 277 280 277 274 273 266 265 265 271 274 279 281 283 283 282 276 269 265 270 268 260 262 268 269 275 277 281 282 281 273 277 287 284 288 288 288 292 290 287 284 281 278 272 262 258 250 245 244 256 250 248 252 248 254 252 255 264 266 266 266 266 265 265 268
274 271 268 268 263 257 257 261 264 263 263 269 268 264 270 270 269 268 271 274 275 277 273 273 273 269 262 258 263 267 272 278 283 281 277 271 268 262 263 265 264 259 264 263 263 268 277 270 269 278 282 285 284 289 289 292 291 288 288 286 282 275 274 268 258 244 233 234 248 249 240 244 240 249 255 258 262 265 261 261 262 268 273 275
273 271 267 269 263 261 260 258 258 259 265 266 263 265 264 265 264 267 269 273 277 273 271 271 269 270 264 257 261 269 277 280 284 283 276 266 262 256 255 252 254 249 254 254 255 264 266 258 262 271 279 285 287 287 288 292 290 286 284 280 280 279 275 268 262 253 238 225 235 239 230 232 233 241 255 258 255 260 262 263 266 270 274 278
270 267 266 270 265 263 263 260 260 262 262 259 259 261 259 262 264 268 271 274 272 270 267 271 266 267 264 260 265 271 279 281 285 280 275 267 251 247 252 243 245 249 254 259 268 264 252 253 260 264 278 284 287 285 288 291 289 287 282 276 278 277 272 267 258 251 242 225 232 236 222 221 223 228 242 249 254 261 267 268 269 270 276 278
268 265 267 269 268 264 266 263 258 255 255 254 254 255 256 264 266 269 271 266 264 262 262 265 264 262 263 268 273 277 280 284 285 279 271 260 251 259 254 244 252 255 257 260 269 257 243 242 248 261 276 284 286 284 286 289 287 287 282 273 272 272 267 267 261 248 233 223 221 233 230 217 220 225 235 246 258 263 260 263 267 269 266 267
264 263 266 272 268 269 266 259 253 251 246 243 245 253 260 264 268 265 269 261 258 257 258 256 259 257 260 271 275 278 281 285 285 277 262 249 253 262 263 256 260 254 264 267 268 253 238 241 249 257 273 283 284 281 287 290 289 283 283 276 270 266 264 262 258 248 235 220 220 228 224 217 219 227 241 250 256 257 259 263 262 263 261 262
265 265 268 273 270 265 262 257 250 244 237 239 252 259 264 265 263 262 263 258 249 253 255 258 261 263 265 270 275 279 281 286 284 274 258 254 251 258 267 260 266 259 271 272 266 249 244 247 250 262 275 281 283 284 287 288 290 285 285 276 270 268 266 260 258 250 245 222 218 216 220 212 216 227 234 244 250 255 258 261 257 257 261 261
269 270 271 274 266 266 262 259 249 239 235 239 251 257 263 258 259 254 257 252 255 263 268 270 272 269 272 266 275 278 283 286 286 274 261 263 256 264 271 269 271 270 277 273 266 246 249 264 265 272 277 280 282 283 287 289 289 287 284 283 275 273 271 267 265 259 249 233 221 211 213 214 218 222 232 243 249 255 259 261 261 262 263 256
273 273 273 273 271 267 263 259 251 239 238 250 255 260 260 256 253 251 249 253 260 262 267 270 271 276 275 273 279 281 285 283 286 280 275 269 264 273 275 271 273 277 280 276 269 250 253 269 276 278 279 279 283 284 286 290 288 287 283 280 279 277 275 271 264 256 249 226 211 213 221 224 222 227 236 247 247 251 254 259 263 265 262 258
275 276 273 276 273 269 262 255 250 239 234 244 251 256 253 255 253 254 253 251 252 260 266 268 272 273 275 279 280 283 281 273 282 285 278 273 267 277 271 268 272 277 282 280 275 264 258 269 278 281 281 280 284 285 285 287 289 288 279 274 278 280 277 272 261 249 238 220 222 218 216 231 233 238 246 252 249 249 251 254 260 267 267 263
280 276 276 278 273 267 262 252 239 232 229 241 249 254 255 256 258 258 258 255 252 254 260 259 269 270 271 273 275 279 275 269 279 284 283 279 279 281 279 277 280 282 284 279 281 276 272 272 281 283 283 284 282 284 287 283 284 288 280 274 277 282 279 273 261 244 231 228 241 234 228 228 241 246 248 255 252 250 251 254 257 266 270 267
281 276 279 277 272 265 258 249 239 231 235 244 253 253 250 249 252 255 259 254 254 252 247 257 266 264 261 262 268 267 269 274 281 284 286 285 285 284 282 280 284 285 285 284 284 283 281 281 282 283 285 286 284 282 286 288 286 284 282 282 283 281 279 273 265 255 245 244 250 245 242 238 242 251 253 257 254 254 255 255 257 264 271 269
282 280 279 275 268 259 263 251 239 230 238 240 250 245 238 241 248 251 259 253 256 256 252 253 252 249 246 252 260 273 277 278 283 286 288 286 286 285 284 284 286 286 287 286 286 285 284 283 284 283 284 287 287 286 285 288 286 281 281 287 285 283 281 275 270 261 253 253 257 254 251 247 245 250 257 261 257 254 258 260 258 265 272 273
277 279 281 277 267 267 263 253 238 234 239 246 244 237 239 247 249 253 259 259 257 254 251 245 251 257 258 269 272 280 284 286 286 287 288 288 288 287 286 286 287 287 287 287 287 286 287 285 286 281 283 285 288 288 288 288 286 288 287 288 287 285 283 278 275 270 261 261 263 260 257 256 251 251 259 264 263 257 263 262 262 261 271 274
275 279 281 278 272 269 260 251 247 253 256 253 242 231 236 242 246 255 261 260 260 258 244 241 261 272 272 278 284 285 284 286 288 287 286 288 289 289 288 288 287 287 288 288 288 287 287 288 288 285 285 286 286 280 284 287 286 288 289 289 287 285 283 281 280 276 266 268 269 265 263 260 255 257 258 262 265 266 266 263 266 266 272 274
276 274 278 278 274 268 263 258 258 263 258 246 237 233 232 242 252 253 253 261 263 257 246 241 255 269 281 284 287 285 284 286 287 286 287 288 289 289 289 288 286 286 288 288 288 286 288 288 288 288 285 286 285 277 278 285 286 288 288 287 288 285 280 283 282 275 270 270 272 268 268 262 253 256 262 263 264 272 271 267 270 273 272 276
280 279 279 279 275 271 268 265 265 268 256 245 237 236 235 240 241 240 242 256 262 264 259 251 260 277 287 287 284 283 283 285 285 285 285 285 286 287 287 288 289 288 287 288 288 288 289 288 286 284 281 280 282 281 279 282 285 287 286 286 287 288 285 285 284 280 277 277 277 274 271 264 257 256 261 266 265 271 274 269 273 275 275 275
274 274 274 277 277 274 272 267 269 265 256 248 241 239 234 233 232 231 236 245 254 269 262 264 274 283 285 283 276 276 276 276 279 282 282 283 285 285 287 285 286 289 290 289 288 289 289 283 275 281 281 277 277 278 279 277 285 285 281 284 286 287 286 283 284 282 281 279 278 275 272 262 262 265 262 267 271 273 275 269 271 276 276 276
