08 Ecocrop/raster/current/tmax_2.asc
ncols        683
nrows        518
xllcorner    -87.691666666667
yllcorner    10.708333333333
cellsize     0.008333333333
NODATA_value  1.#QNAN
[rows 259 to 295 of 518, columns 168 to 251 of 683]
270 275 278 284 290 294 297 295 300 304 305 305 304 304 303 302 302 301 300 299 299 299 300 300 299 295 291 286 282 290 292 282 283 283 281 279 275 271 269 270 270 267 268 264 261 254 244 248 265 274 277 280 281 282 283 283 283 285 285 285 285 282 274 277 278 282 279 275 276 279 282 286 290 282 276 283 284 286 287 287 285 291 292 290
268 274 276 279 285 288 293 300 302 304 305 304 303 303 302 302 301 300 300 299 299 299 300 300 298 292 286 285 293 290 286 289 281 275 279 282 279 275 273 271 267 260 259 260 262 255 249 258 265 273 279 280 282 280 279 279 281 282 276 279 285 283 279 285 288 286 284 282 282 283 287 288 291 285 272 273 278 280 281 288 290 292 292 293
269 273 274 275 278 286 291 297 303 305 304 304 303 302 301 301 300 300 300 299 299 299 300 299 298 296 293 293 291 290 289 288 283 284 287 280 274 269 268 267 268 262 257 251 254 253 255 269 273 275 280 279 278 279 276 274 276 276 272 278 282 285 286 282 281 287 286 288 287 289 291 292 292 286 280 280 282 279 282 288 291 291 292 293
279 270 272 276 282 286 293 297 302 305 304 303 302 301 300 300 300 300 300 299 299 299 299 296 289 286 290 285 285 282 279 282 287 285 281 284 279 275 271 266 266 266 261 253 245 250 257 272 279 282 284 285 281 284 282 278 269 271 271 280 281 284 281 276 273 277 282 286 286 287 290 292 293 292 289 289 288 282 284 289 292 292 293 293
281 273 272 272 278 282 291 301 305 305 304 303 301 300 299 299 299 299 299 300 299 299 296 289 284 285 289 282 284 271 265 279 285 283 273 279 279 275 279 275 271 264 256 249 248 255 255 266 279 284 287 287 286 286 284 277 267 274 278 282 285 286 286 283 280 280 282 283 284 284 284 286 287 292 292 292 292 284 282 288 292 292 292 292
286 280 286 284 286 289 300 305 305 305 303 302 301 300 299 299 299 300 300 300 299 296 291 286 283 282 283 277 280 270 260 272 282 282 277 271 274 273 274 275 271 268 260 255 264 265 267 269 266 276 284 289 288 284 282 278 270 268 271 278 284 287 287 283 283 286 289 287 288 288 285 282 282 288 287 286 292 291 287 289 290 290 291 292
289 284 288 297 300 301 304 305 305 305 304 303 301 300 299 300 300 300 301 301 300 297 291 290 289 288 286 280 276 278 279 275 276 272 271 269 271 272 272 274 270 265 261 266 273 275 275 275 271 268 274 288 288 286 283 276 261 259 265 276 284 287 288 285 282 286 291 291 287 289 287 288 290 291 288 289 290 291 292 291 288 288 291 291
282 288 290 299 303 303 304 305 305 305 304 303 302 301 300 300 301 301 302 302 302 300 297 297 295 292 289 283 286 284 282 276 268 262 257 258 261 267 272 272 265 258 257 266 279 281 281 283 281 276 271 284 291 289 282 272 254 252 259 274 284 288 290 291 291 291 290 292 286 288 291 292 292 292 291 291 290 291 292 290 288 288 290 290
286 292 301 303 302 303 302 303 305 305 304 303 302 301 300 301 302 302 303 303 303 301 300 299 296 294 292 290 286 276 273 274 262 253 248 253 266 270 265 263 264 261 267 269 275 283 283 286 288 284 281 287 291 288 281 267 255 255 258 268 281 284 288 287 285 291 292 293 292 292 291 292 292 292 291 291 291 291 290 287 285 289 290 290
291 298 303 304 305 305 301 302 305 305 304 303 302 301 301 302 302 303 303 303 303 300 300 298 295 292 288 285 284 281 276 276 273 261 249 253 263 264 268 263 261 260 274 278 278 278 280 285 290 290 291 292 291 288 280 273 273 261 272 279 284 283 287 284 284 287 289 293 293 293 292 292 292 292 291 291 291 290 287 287 282 287 290 290
298 301 302 303 305 305 302 304 305 304 304 303 302 300 301 302 303 304 304 304 303 302 301 298 293 287 281 275 278 289 289 286 280 270 256 263 271 268 272 272 271 268 263 265 268 271 274 279 285 284 287 293 293 290 281 282 280 265 266 277 285 286 290 291 289 289 292 293 293 293 292 292 292 292 291 291 290 288 289 288 287 288 290 289
303 300 301 305 306 306 305 302 303 302 299 300 300 301 301 303 303 304 304 305 304 303 302 299 294 286 278 277 285 293 292 288 280 274 269 265 277 278 276 273 270 277 269 263 265 270 281 285 286 288 288 291 294 291 288 286 278 276 278 283 284 289 290 291 292 292 293 293 292 292 290 290 289 289 289 288 289 285 287 287 288 288 286 286
303 304 305 306 306 306 305 303 303 298 293 296 297 299 301 302 303 305 305 305 303 301 303 301 297 291 284 289 293 293 292 292 285 284 281 279 283 285 278 279 274 279 268 270 267 263 277 284 288 289 289 289 292 293 289 286 287 287 288 287 288 289 287 292 293 292 292 291 291 289 288 287 286 285 285 285 286 283 286 285 286 284 285 285
300 300 303 304 306 304 304 303 302 298 289 291 294 297 301 302 303 304 305 305 303 300 303 303 301 298 295 298 297 292 292 294 295 294 291 291 290 285 283 280 279 281 269 270 273 266 282 285 286 288 288 289 289 292 293 292 291 291 290 289 289 291 293 292 291 290 289 288 288 287 285 281 280 279 280 281 281 283 283 282 284 282 282 282
302 304 304 303 305 301 302 301 298 287 277 281 290 298 300 302 303 304 305 305 304 302 303 304 303 302 301 299 297 294 296 294 297 297 295 294 290 284 288 286 277 281 276 269 278 267 277 280 281 283 280 281 283 287 288 292 292 291 291 293 294 293 291 291 289 288 286 284 284 282 283 278 272 271 271 274 278 281 280 277 282 283 283 284
305 309 306 308 297 299 298 295 288 284 280 283 290 296 300 301 303 304 305 306 305 304 303 305 304 304 302 301 300 297 296 297 298 298 296 294 286 283 290 288 281 280 279 278 276 268 268 273 274 277 273 271 277 279 283 288 291 294 295 293 291 291 290 289 285 287 283 280 279 278 278 276 271 261 262 269 277 278 274 276 280 282 284 285
310 312 308 304 301 296 288 280 282 287 287 288 293 296 296 299 302 304 305 306 306 305 304 305 305 304 304 303 302 298 298 298 298 296 294 292 281 281 290 289 285 282 282 284 276 280 273 265 271 274 273 273 275 279 284 289 291 294 295 292 288 285 286 285 282 286 281 277 277 270 270 271 267 260 267 273 271 273 270 275 278 281 283 283
310 313 307 303 301 295 283 281 282 283 291 288 283 289 295 297 299 302 303 304 305 305 304 304 304 304 305 304 301 302 301 296 289 286 286 278 280 290 292 287 287 284 285 283 288 283 275 272 267 267 271 270 268 276 283 286 291 296 294 289 285 280 277 279 285 285 279 272 269 259 263 265 262 257 267 268 266 269 271 272 274 278 280 282
309 313 308 308 301 291 276 276 273 284 286 282 280 288 290 286 295 299 301 302 303 304 304 304 305 304 305 304 302 303 299 294 291 275 274 269 283 282 283 291 291 289 288 287 289 281 282 278 276 267 264 260 266 271 279 286 294 295 291 283 276 274 272 274 284 280 271 264 262 252 248 258 251 252 255 256 264 267 269 263 269 270 274 277
312 314 311 310 304 298 289 272 271 282 280 282 285 283 284 285 287 296 297 295 298 302 305 305 305 305 305 305 304 302 299 295 287 275 267 266 274 271 276 286 294 293 287 290 290 284 285 274 272 275 270 258 264 271 283 288 294 293 291 281 271 269 267 274 281 278 264 252 250 251 246 251 247 245 246 256 263 265 264 263 263 263 268 271
311 315 315 314 308 307 298 284 279 277 278 280 280 280 280 287 291 290 288 288 294 300 303 305 306 305 305 305 304 303 299 296 289 277 268 265 275 276 276 286 293 295 289 294 291 286 289 277 268 270 267 257 268 279 281 290 295 296 292 287 281 275 273 278 279 277 266 252 244 251 256 248 241 238 245 257 263 267 267 270 269 267 269 273
313 315 316 315 311 310 306 300 289 277 278 276 276 277 280 283 284 288 292 296 297 298 303 304 305 303 300 301 302 303 300 296 289 279 274 274 281 286 285 293 296 293 288 294 296 292 293 286 274 262 258 257 271 280 288 293 296 296 292 289 284 281 282 282 277 269 258 253 257 261 265 260 249 244 250 260 266 267 270 273 273 272 274 276
315 316 316 314 309 302 302 302 293 280 276 278 279 278 281 284 287 290 294 293 298 299 302 304 304 302 298 297 301 303 300 298 295 288 282 281 290 295 293 296 298 296 294 295 297 293 290 284 272 267 267 271 272 285 289 294 296 296 290 286 286 285 284 280 276 265 255 253 264 268 270 268 262 258 259 261 266 268 271 273 275 273 272 276
317 318 316 315 309 308 307 305 296 278 274 279 280 280 280 282 286 289 292 296 294 294 300 304 304 303 301 302 303 303 302 297 292 292 290 287 296 296 289 292 297 299 295 298 299 296 291 287 277 280 280 284 281 285 291 296 296 295 293 291 288 286 283 280 274 262 258 252 259 269 271 271 270 268 269 265 266 273 275 277 278 277 279 280
318 318 316 315 311 311 308 301 289 273 275 277 280 281 279 278 281 286 289 289 292 299 302 303 304 304 304 304 302 297 301 300 296 294 292 294 298 293 295 294 298 300 300 299 300 298 295 289 277 284 291 290 289 293 297 295 294 293 291 285 282 281 280 279 277 265 253 248 250 261 267 269 271 268 272 272 272 276 278 279 278 276 280 279
318 315 314 315 314 311 305 293 274 270 273 275 278 280 280 281 282 285 287 291 297 299 301 303 304 304 304 304 302 298 296 299 301 299 299 299 299 296 299 300 302 302 301 301 300 299 297 291 284 288 295 295 296 298 293 288 286 287 283 279 275 273 271 269 271 262 254 249 246 251 261 267 270 272 272 275 276 278 275 266 267 274 277 278
319 316 311 315 315 309 303 293 269 266 271 275 278 279 280 282 286 286 286 293 293 291 299 299 301 304 304 303 302 298 295 295 300 296 299 300 300 301 300 301 301 303 302 302 301 300 299 294 291 296 297 298 299 296 291 289 286 281 279 277 268 261 254 253 256 258 254 251 247 247 253 262 267 269 272 274 276 278 276 268 273 275 266 270
320 319 317 316 315 309 297 285 272 267 264 272 277 279 279 282 285 289 291 289 287 287 293 294 296 303 303 302 301 299 297 298 299 299 299 293 298 298 301 300 295 300 302 302 302 301 300 297 298 300 300 299 299 296 294 293 290 288 284 278 265 256 246 247 254 257 258 254 248 246 245 253 262 267 270 273 273 276 277 277 274 265 265 270
322 319 316 308 306 300 292 278 271 266 267 266 273 280 280 282 282 288 290 289 288 287 291 292 295 301 301 300 301 301 299 300 300 300 297 292 293 293 299 298 289 296 300 301 301 302 301 300 300 299 299 298 297 296 295 293 290 287 284 278 273 266 257 251 253 253 255 252 250 251 248 247 254 260 265 268 270 274 275 276 268 259 262 265
320 317 315 311 305 295 289 292 290 271 277 274 277 282 286 288 290 290 291 292 290 289 291 292 297 299 294 294 295 300 300 299 299 299 297 296 292 291 294 298 289 288 293 298 298 300 300 300 299 296 297 298 297 294 293 291 288 287 284 281 279 274 268 262 257 249 249 251 256 256 252 247 246 253 258 266 272 272 272 273 265 257 262 265
314 315 313 306 300 304 304 304 294 280 280 287 278 285 290 298 298 294 292 292 291 293 293 292 297 298 298 296 292 299 299 298 299 298 298 297 294 293 295 297 293 287 294 296 296 297 299 297 298 295 296 298 297 291 290 288 287 286 286 281 278 275 274 272 262 252 246 251 258 260 252 247 247 255 260 268 271 270 272 270 261 260 267 274
319 314 314 306 303 310 310 305 298 283 284 292 292 297 296 300 301 299 296 293 293 295 293 292 295 297 298 298 296 298 299 297 298 297 298 295 291 291 295 291 290 289 294 293 295 296 296 294 296 292 294 298 297 293 290 289 285 283 285 285 283 281 279 276 271 261 252 255 260 260 256 251 252 255 263 266 264 267 268 264 260 265 272 275
318 318 312 302 306 312 312 309 301 291 289 297 294 299 304 303 304 304 301 296 295 296 295 295 296 296 298 298 299 299 299 298 296 297 296 292 289 290 290 288 289 292 292 290 292 294 294 294 292 291 295 296 298 295 292 289 283 282 283 284 283 278 278 277 276 267 263 264 263 261 257 255 254 253 256 258 257 260 260 259 266 273 274 270
322 317 314 309 312 314 313 306 301 301 304 306 300 305 305 309 308 305 303 299 297 295 294 295 292 293 298 298 299 298 297 297 295 297 296 292 289 291 290 288 284 287 287 283 289 291 293 292 289 290 292 297 297 293 288 286 282 283 282 282 283 284 284 281 277 270 272 266 263 261 261 259 257 255 252 250 251 256 260 264 270 270 268 267
326 322 320 319 316 316 314 305 304 310 308 305 303 311 310 306 305 303 302 301 298 294 294 295 293 293 296 296 297 297 298 298 295 292 295 292 291 289 291 289 288 285 282 283 289 292 291 289 289 290 294 298 297 294 286 286 286 287 287 287 290 285 279 276 273 275 278 260 255 256 257 258 255 254 252 251 254 265 269 271 272 270 269 274
326 325 323 321 317 316 314 311 311 311 310 306 309 314 310 309 306 299 296 298 297 292 292 294 293 295 297 296 296 297 298 296 294 288 287 286 290 291 292 290 289 283 286 288 290 290 291 292 293 295 297 298 297 296 292 289 287 282 280 279 287 290 285 274 265 273 280 266 256 253 252 253 253 253 252 253 256 265 270 272 274 273 273 278
325 324 324 322 320 315 317 315 315 315 314 313 314 316 315 311 310 303 299 298 298 296 295 295 295 295 297 296 296 295 298 297 293 287 284 285 287 290 292 292 286 278 281 283 286 291 295 296 296 297 297 297 297 296 295 291 289 285 284 285 289 291 284 271 266 277 282 270 259 251 252 252 253 254 254 256 259 267 271 273 275 274 275 277
