08 Ecocrop/raster/current/tmax_3.asc
ncols        683
nrows        518
xllcorner    -87.691666666667
yllcorner    10.708333333333
cellsize     0.008333333333
NODATA_value  1.#QNAN
[rows 407 to 443 of 518, columns 336 to 419 of 683]
310 310 309 310 308 308 308 310 311 311 311 311 311 311 310 308 308 309 308 308 306 305 304 302 302 302 301 300 300 301 301 301 301 300 300 300 298 300 299 299 298 298 298 296 296 296 296 296 297 297 297 297 296 297 296 296 296 296 295 296 294 287 281 282 291 295 296 299 300 300 298 297 298 302 303 303 303 302 302 302 302 302 303 303
311 311 311 311 310 309 309 310 311 311 311 311 311 311 310 309 309 309 307 306 304 303 302 301 301 302 302 301 301 301 301 301 301 301 298 297 298 299 299 299 297 297 296 296 295 295 295 297 298 298 298 298 297 296 296 298 298 297 294 295 294 290 284 281 291 297 298 298 300 299 299 300 301 302 302 302 302 302 302 302 302 302 302 303
312 312 311 311 311 311 310 309 311 312 312 312 311 311 311 310 310 309 307 305 304 304 302 301 301 302 301 301 302 302 301 300 299 301 301 300 298 298 298 298 296 295 295 296 295 295 296 297 297 297 297 297 298 296 298 299 298 296 294 291 288 286 286 291 296 298 298 299 301 300 299 300 301 302 302 301 302 301 301 302 302 302 302 303
312 312 311 311 311 311 311 310 311 312 312 312 312 311 311 310 309 309 306 306 306 306 303 302 302 303 302 303 302 302 302 301 300 300 302 302 299 297 298 298 297 296 295 295 294 295 296 296 296 296 297 298 298 299 300 299 298 298 294 290 288 292 295 297 298 300 300 301 301 301 301 302 300 300 299 300 300 298 299 299 301 301 302 302
312 311 311 311 311 311 311 311 311 311 312 312 312 310 309 309 310 309 308 308 308 307 305 302 303 304 304 303 300 302 302 301 300 300 302 303 301 299 298 297 295 295 295 295 295 295 294 295 297 296 296 296 298 298 298 299 300 298 293 291 291 294 297 299 300 300 301 301 300 300 299 299 297 298 298 298 299 299 298 298 300 300 300 301
310 311 311 311 311 311 311 311 310 311 312 312 311 310 309 308 309 309 309 309 309 307 305 306 305 306 304 302 303 303 304 300 302 304 304 301 301 299 298 296 296 298 298 298 297 295 294 295 295 295 297 298 297 297 298 300 301 298 297 299 298 299 300 301 301 301 302 301 300 299 298 298 297 296 295 296 296 300 299 300 300 298 297 300
311 310 310 310 310 310 311 310 309 311 312 312 311 310 308 308 308 308 309 309 308 309 308 306 307 306 304 305 305 306 303 305 305 304 305 303 300 299 297 298 296 297 300 298 298 297 297 298 298 298 298 298 299 298 298 300 301 299 300 301 300 300 302 302 301 301 301 300 300 299 299 298 298 295 294 296 297 299 300 301 299 298 297 298
311 310 309 309 310 311 311 311 310 311 311 311 311 310 309 310 309 309 309 310 309 309 309 308 308 307 305 305 306 306 306 307 305 304 305 303 300 300 301 298 300 300 302 300 299 298 299 300 300 299 298 300 300 299 300 301 302 303 303 302 302 302 303 302 300 300 300 299 299 299 300 300 297 294 295 296 298 299 300 301 299 299 297 295
311 311 310 310 310 311 311 311 311 311 310 311 311 310 310 309 310 310 309 309 309 309 309 309 309 307 307 308 307 306 307 307 306 305 304 304 304 304 303 302 302 303 303 301 301 301 301 301 301 301 301 302 302 300 300 301 302 303 304 303 304 303 303 303 301 299 298 297 299 300 301 300 298 296 297 299 300 301 301 301 300 298 297 297
311 311 311 311 310 312 312 312 311 309 310 311 311 311 311 309 308 309 309 308 308 309 308 308 308 309 308 308 308 308 308 307 307 307 306 306 306 303 304 304 304 303 303 303 303 303 302 300 301 302 302 301 302 302 300 302 302 303 303 304 304 304 304 303 301 299 297 298 299 300 301 300 300 299 298 298 300 300 300 301 301 300 299 297
311 312 312 312 312 312 312 312 312 311 311 310 311 311 311 310 308 308 308 308 308 308 308 307 308 309 308 309 308 308 308 307 306 307 306 305 306 304 305 305 304 304 303 303 304 303 302 300 300 300 300 302 302 303 303 303 302 303 304 304 303 304 304 303 301 299 299 300 299 299 302 302 301 299 300 299 300 299 299 300 301 301 300 298
312 312 312 312 312 312 312 312 312 312 312 311 310 311 311 310 309 308 307 307 306 307 307 307 308 308 308 309 309 308 308 308 308 308 307 306 306 306 306 305 304 304 303 303 304 304 303 301 301 302 302 302 302 303 303 304 303 304 305 305 305 304 304 303 302 301 301 301 299 301 302 303 302 301 301 301 301 300 299 299 301 302 301 298
312 312 312 312 312 313 313 313 313 312 312 312 309 310 310 310 309 309 308 307 307 306 307 306 307 308 308 308 308 308 308 308 307 307 307 307 307 307 306 305 304 304 303 304 304 304 303 302 303 301 302 303 303 303 303 304 304 305 305 305 305 305 305 304 303 302 302 302 302 301 301 303 303 303 303 302 302 300 299 299 301 302 303 301
312 312 312 313 313 313 313 313 313 313 312 312 311 309 310 310 310 309 307 308 308 308 306 305 307 308 307 308 308 308 308 307 306 305 306 307 307 306 305 303 304 305 305 305 305 305 303 303 302 303 303 303 303 302 302 304 304 304 304 305 305 305 305 303 302 302 303 303 302 301 303 303 303 302 303 303 303 302 300 301 301 302 303 303
312 312 313 313 313 313 313 313 312 312 310 311 311 310 311 310 309 309 309 309 309 308 306 307 308 308 308 307 307 308 306 305 305 305 306 306 306 305 304 303 304 304 305 305 305 305 305 303 304 303 303 303 303 302 303 304 304 304 304 304 304 304 305 304 303 303 303 303 303 303 303 303 301 300 301 302 302 303 302 302 303 302 302 303
312 312 313 313 313 313 313 312 312 311 310 308 310 311 310 309 307 309 310 310 310 309 309 309 308 308 308 308 307 307 306 305 306 305 304 306 306 305 305 304 303 304 304 304 303 305 305 305 305 304 305 304 304 304 304 303 304 304 304 305 305 304 304 304 304 304 304 304 304 303 303 302 300 299 301 302 302 302 302 302 300 302 302 300
312 312 313 313 312 311 312 311 312 311 309 310 310 311 311 310 308 310 310 310 310 310 310 310 309 309 309 307 307 306 307 307 305 304 305 306 306 306 305 303 303 302 304 303 304 305 305 305 305 305 304 303 303 302 302 304 304 305 305 305 305 305 304 304 305 304 303 303 303 303 303 303 302 301 300 301 299 299 299 300 298 302 301 296
312 312 313 313 313 311 309 308 311 312 310 308 310 311 311 311 310 311 311 311 310 310 310 310 310 310 309 309 308 308 308 305 302 302 303 305 305 305 304 302 302 303 303 302 304 305 305 305 305 305 304 303 303 304 304 305 305 305 305 304 304 305 305 305 304 303 302 303 302 301 302 302 302 302 299 297 295 296 299 300 301 302 301 297
312 312 313 313 312 311 309 308 311 311 309 309 311 311 311 311 311 311 310 311 311 311 310 310 310 310 310 310 309 309 306 303 304 305 302 303 305 305 302 302 301 302 302 302 303 303 305 305 305 304 304 305 305 305 304 305 305 304 304 304 304 305 305 304 304 302 302 303 302 301 302 302 301 299 298 296 295 296 296 298 297 301 301 299
312 312 313 313 313 311 309 308 309 309 308 311 311 311 312 311 311 311 310 310 309 308 309 308 309 310 310 310 308 308 307 306 307 306 305 302 302 303 303 302 301 302 302 302 302 304 304 304 303 304 305 304 304 303 303 304 304 304 303 304 305 305 305 304 304 303 302 302 301 302 301 300 300 299 297 297 298 297 296 297 296 300 302 299
312 312 313 313 313 312 310 308 308 309 307 310 311 311 311 311 311 311 309 309 309 308 308 308 309 309 309 309 308 307 307 305 306 307 307 306 304 301 302 302 302 300 301 300 303 303 302 303 302 304 304 303 304 302 300 302 303 303 304 304 304 303 302 303 303 302 302 301 301 300 298 297 297 299 300 301 299 300 300 299 300 301 302 301
311 312 313 313 313 312 311 309 308 308 309 310 311 311 311 311 311 311 310 308 308 308 308 307 308 309 309 308 308 307 307 305 306 306 306 307 307 306 306 305 302 299 302 303 304 301 300 302 304 304 303 303 303 301 300 301 301 302 303 303 303 302 302 303 302 302 300 299 298 298 295 295 295 298 300 301 301 301 301 300 301 302 301 299
311 312 313 312 313 312 312 312 310 309 309 311 311 311 311 311 310 310 310 309 309 308 307 306 306 308 309 309 307 306 305 305 305 306 307 306 308 308 306 304 304 305 304 305 304 299 298 302 303 302 302 302 303 302 300 298 300 301 303 303 302 302 302 301 299 300 298 297 298 297 296 297 298 297 299 301 302 302 303 303 302 302 300 297
310 311 312 312 312 312 312 312 311 311 310 310 311 311 311 311 310 308 309 309 307 308 308 307 308 309 310 309 308 309 308 307 303 305 306 307 307 308 307 306 306 306 305 305 303 302 300 299 300 302 302 302 303 303 301 300 299 301 302 302 302 302 301 299 297 296 296 297 297 298 298 299 300 300 300 302 302 302 302 302 301 301 299 299
310 310 312 312 312 312 312 312 311 311 311 311 311 311 309 309 310 308 306 307 308 309 310 309 310 310 310 309 310 310 309 306 304 306 307 307 308 308 307 307 307 306 306 306 305 304 303 301 300 300 301 301 302 302 301 300 299 299 301 302 302 302 299 298 296 294 294 296 297 299 299 298 300 301 301 301 302 303 302 302 300 298 299 297
308 309 311 310 311 312 312 312 312 312 311 310 310 310 309 308 309 308 308 309 309 311 310 310 309 308 308 309 310 309 309 308 308 307 308 308 309 308 308 308 307 305 304 304 303 301 302 302 300 299 300 301 301 301 301 300 298 299 301 301 302 301 298 296 296 295 296 296 297 298 298 298 300 301 302 301 302 302 301 302 300 299 296 294
307 308 310 309 310 311 312 310 311 310 310 309 309 307 309 309 308 309 309 310 311 311 310 310 310 309 309 309 310 310 309 309 308 306 307 309 308 308 308 307 307 306 304 303 299 300 300 301 301 300 301 301 300 300 300 301 298 298 300 298 300 299 297 296 296 297 298 297 298 298 298 300 301 301 301 301 302 298 298 301 299 297 291 289
308 308 309 309 310 311 312 310 311 310 310 309 309 308 308 308 306 309 310 311 311 311 311 311 310 310 309 310 310 310 310 308 308 308 308 309 308 308 308 307 307 307 306 305 303 302 303 302 302 301 302 300 301 300 299 300 299 299 299 298 297 296 297 296 297 298 298 298 297 299 300 300 299 298 299 300 298 295 295 300 300 294 290 289
309 309 309 309 310 311 312 312 312 312 311 311 310 310 309 308 306 309 311 311 311 311 311 311 310 310 310 311 310 310 310 309 309 309 309 308 308 308 307 307 307 306 306 305 304 304 302 303 303 301 302 302 302 300 298 298 299 298 298 298 298 298 297 296 297 298 299 299 297 298 299 299 298 297 298 299 299 296 294 299 301 297 293 291
308 310 310 310 308 309 311 312 312 311 311 311 311 310 309 310 309 310 311 310 311 311 311 311 310 310 311 311 310 311 310 309 309 309 309 308 308 308 307 306 306 305 305 304 304 303 302 303 303 302 303 303 301 300 298 299 299 299 299 298 298 298 297 297 298 297 298 300 298 298 299 300 299 299 298 297 298 295 294 298 300 299 298 296
307 309 310 310 310 310 310 312 312 312 311 311 310 311 309 309 311 311 311 311 311 312 311 311 311 311 310 310 311 310 310 310 309 310 310 309 309 308 307 307 306 306 305 303 303 302 304 305 304 304 304 303 302 301 298 298 299 298 299 298 298 298 298 298 298 298 298 300 300 299 300 300 300 299 299 298 297 298 298 300 301 299 298 296
307 308 310 310 310 311 311 312 312 312 311 311 311 311 311 308 310 311 312 312 312 311 311 311 311 311 311 310 310 310 310 309 309 310 310 309 308 308 308 308 307 306 304 304 302 303 304 304 305 304 302 302 302 301 300 299 299 299 299 299 298 297 296 296 297 299 298 299 298 299 300 300 300 300 298 298 299 299 300 300 300 299 299 298
306 307 308 309 310 311 311 312 311 311 311 311 311 312 311 310 311 312 312 312 312 311 311 311 311 311 311 311 310 310 310 310 310 310 310 310 309 308 307 307 306 306 305 306 305 305 304 303 305 304 302 302 302 302 301 301 300 301 300 295 294 297 296 296 297 298 298 299 299 300 300 300 300 300 299 298 298 298 300 298 298 298 297 296
306 307 308 309 309 310 311 311 312 311 312 312 312 312 312 312 312 312 312 312 312 311 311 311 311 311 311 311 310 310 310 309 310 310 310 310 310 308 309 308 307 307 307 307 307 306 305 305 305 305 303 302 303 303 302 302 302 302 299 298 296 297 298 297 297 298 299 300 300 300 300 300 299 299 298 297 297 299 300 300 299 299 296 294
305 306 307 308 308 309 310 311 312 312 312 312 312 312 312 312 312 311 312 311 311 311 311 310 310 311 311 311 310 310 310 310 310 310 310 310 310 310 309 308 308 308 307 308 307 306 306 306 306 304 303 303 304 303 303 303 303 303 301 301 300 299 298 298 297 299 300 297 298 300 300 300 299 298 297 298 300 300 300 299 298 297 297 291
304 305 306 307 308 309 310 311 312 312 312 312 312 312 312 312 311 312 312 311 311 310 311 310 310 309 309 309 310 310 310 310 310 310 310 310 310 310 309 309 309 309 309 308 306 305 305 306 304 304 303 304 304 304 304 304 304 303 302 301 300 299 298 298 298 299 298 298 299 299 300 300 299 299 300 300 300 300 299 297 293 292 295 291
303 304 305 306 307 308 309 310 311 311 311 311 311 311 311 312 311 311 312 311 310 309 309 310 309 309 309 308 308 310 310 310 310 310 310 310 308 309 308 309 309 309 308 308 307 305 306 306 305 303 302 305 304 304 305 305 303 304 303 302 301 300 299 298 298 298 296 298 299 299 299 298 299 300 299 299 299 298 296 292 291 292 294 293
