08 Ecocrop/raster/current/tmax_12.asc
ncols        683
nrows        518
xllcorner    -87.691666666667
yllcorner    10.708333333333
cellsize     0.008333333333
NODATA_value  1.#QNAN
[rows 222 to 258 of 518, columns 84 to 167 of 683]
1.#QNAN 1.#QNAN 1.#QNAN 1.#QNAN 1.#QNAN 1.#QNAN 1.#QNAN 318 318 315 312 305 310 311 303 303 301 303 310 312 312 313 312 309 304 301 300 296 298 300 301 295 297 299 300 299 301 300 297 300 302 295 288 296 302 302 299 300 299 299 293 286 291 290 287 283 278 269 267 276 270 257 252 242 237 237 246 251 248 246 254 257 260 262 264 264 262 263 261 256 247 236 235 237
1.#QNAN 1.#QNAN 1.#QNAN 1.#QNAN 1.#QNAN 1.#QNAN 1.#QNAN 318 319 318 313 307 310 312 306 308 309 304 307 311 312 313 315 313 311 309 307 303 303 304 295 290 293 294 300 302 300 302 301 302 302 299 297 299 301 301 299 297 294 293 285 282 287 288 285 279 275 267 256 268 272 267 262 254 239 236 245 249 248 250 255 259 261 263 263 261 262 265 263 258 248 241 236 234
1.#QNAN 1.#QNAN 1.#QNAN 1.#QNAN 1.#QNAN 1.#QNAN 1.#QNAN 1.#QNAN 320 320 316 312 315 312 309 312 312 307 310 312 313 312 316 315 313 311 309 306 307 307 298 290 292 294 295 299 303 303 302 300 298 296 293 299 300 299 298 295 293 288 276 281 283 285 279 277 271 263 253 259 271 269 264 253 245 237 246 245 247 249 255 258 260 262 263 260 261 264 263 256 247 244 243 238
1.#QNAN 1.#QNAN 1.#QNAN 1.#QNAN 1.#QNAN 1.#QNAN 1.#QNAN 322 322 318 316 318 318 316 315 314 312 308 312 315 316 316 317 316 316 314 313 310 308 307 302 296 300 296 300 303 303 300 298 300 299 297 295 297 298 296 295 288 288 283 277 282 281 276 273 269 267 260 245 257 267 264 256 254 249 237 241 239 241 243 251 255 255 259 262 264 264 265 262 257 248 242 245 242
1.#QNAN 1.#QNAN 1.#QNAN 1.#QNAN 1.#QNAN 1.#QNAN 1.#QNAN 323 323 322 320 320 319 318 318 317 314 313 316 317 318 318 318 317 317 315 314 313 312 304 305 302 300 298 306 303 301 298 297 298 300 295 294 296 295 291 288 283 278 273 275 272 275 267 259 262 261 250 234 252 261 257 254 241 235 238 238 237 235 237 246 248 252 257 261 264 265 265 264 261 252 249 247 245
1.#QNAN 1.#QNAN 1.#QNAN 1.#QNAN 1.#QNAN 1.#QNAN 1.#QNAN 324 323 322 321 321 320 320 318 315 311 315 317 318 317 317 317 317 316 316 315 314 313 305 306 304 303 303 306 307 304 303 303 300 298 288 287 292 288 283 279 278 269 264 265 265 266 260 247 255 251 239 234 252 251 241 240 234 232 235 236 231 228 237 241 247 252 257 262 264 266 266 265 263 257 253 248 244
1.#QNAN 1.#QNAN 1.#QNAN 1.#QNAN 1.#QNAN 1.#QNAN 1.#QNAN 324 323 323 323 322 321 321 320 318 315 317 318 318 317 317 316 316 316 315 314 314 312 309 305 304 306 310 309 310 308 305 304 301 299 288 286 286 281 271 263 265 265 259 262 263 266 262 252 247 240 232 238 244 233 227 228 227 228 230 229 223 222 232 240 248 254 257 261 264 266 266 265 263 255 250 248 247
1.#QNAN 1.#QNAN 1.#QNAN 1.#QNAN 1.#QNAN 1.#QNAN 1.#QNAN 324 324 324 323 322 322 322 321 319 318 319 318 314 313 316 316 316 315 314 315 315 312 312 312 307 302 308 311 309 307 305 303 304 301 294 284 283 279 270 267 265 268 266 272 272 269 263 258 250 243 237 235 228 227 235 238 235 235 228 224 218 219 232 243 249 255 259 262 265 266 266 265 262 258 254 253 252
1.#QNAN 1.#QNAN 1.#QNAN 1.#QNAN 1.#QNAN 1.#QNAN 1.#QNAN 324 325 324 324 323 323 323 322 321 320 320 318 316 316 316 315 315 314 313 315 314 311 314 313 313 306 309 310 310 309 307 304 305 301 295 288 292 285 277 271 272 277 277 276 276 272 265 259 250 241 249 249 241 235 244 252 253 247 230 218 217 221 235 242 246 253 260 262 265 266 266 265 259 255 253 250 246
1.#QNAN 1.#QNAN 1.#QNAN 1.#QNAN 1.#QNAN 1.#QNAN 1.#QNAN 1.#QNAN 325 325 324 324 324 324 323 322 322 321 319 317 315 315 315 314 313 314 314 316 315 315 314 312 313 311 308 309 309 307 305 304 301 297 296 294 284 277 275 277 284 287 284 273 272 267 260 254 242 252 259 253 241 251 259 254 239 230 224 217 228 239 244 247 254 259 262 265 266 266 264 258 254 252 247 239
1.#QNAN 1.#QNAN 1.#QNAN 1.#QNAN 1.#QNAN 1.#QNAN 1.#QNAN 1.#QNAN 325 325 325 325 325 324 323 323 322 321 320 318 315 314 315 315 314 314 316 315 316 316 315 311 310 307 304 306 307 306 305 302 301 299 294 292 280 273 277 281 282 289 283 273 270 268 262 255 244 255 265 262 258 256 265 257 246 243 238 226 232 239 249 251 251 257 262 264 265 265 260 256 250 246 243 243
1.#QNAN 1.#QNAN 1.#QNAN 1.#QNAN 1.#QNAN 1.#QNAN 325 326 325 325 325 325 325 324 324 323 322 321 320 320 318 317 317 316 317 316 317 315 312 314 315 312 311 309 305 301 301 298 300 302 301 296 291 293 284 276 280 285 288 288 283 275 272 267 264 264 256 253 267 270 270 268 268 258 255 255 249 242 240 247 249 251 254 258 261 262 264 263 257 254 248 246 250 249
1.#QNAN 1.#QNAN 1.#QNAN 1.#QNAN 1.#QNAN 326 326 324 325 325 325 325 325 324 324 323 322 321 321 320 319 318 318 317 318 318 316 315 314 312 314 311 308 309 309 306 301 296 290 292 295 297 294 296 293 288 291 289 292 291 286 282 277 274 271 270 267 255 260 271 275 275 268 267 263 255 249 243 244 247 242 241 254 258 260 261 262 262 258 250 244 251 258 259
1.#QNAN 1.#QNAN 1.#QNAN 1.#QNAN 326 325 325 325 325 325 325 325 325 325 324 323 322 321 322 321 320 319 319 319 318 318 317 316 314 310 311 312 307 305 306 307 303 295 287 289 288 290 296 298 298 296 296 296 296 294 291 288 280 277 276 275 271 267 270 274 277 277 263 255 255 248 236 232 232 238 242 249 255 258 259 259 261 260 257 252 244 251 256 260
1.#QNAN 1.#QNAN 1.#QNAN 1.#QNAN 326 326 326 326 326 326 325 326 325 325 324 323 321 322 320 321 321 320 319 318 316 316 316 316 314 311 311 311 308 303 303 305 304 299 293 295 295 295 299 299 299 299 298 298 297 296 294 286 277 275 275 275 274 275 276 280 280 280 268 254 250 243 242 239 228 233 244 249 253 255 255 258 258 257 255 251 246 245 250 256
1.#QNAN 1.#QNAN 1.#QNAN 1.#QNAN 326 327 327 326 326 326 326 326 325 324 324 323 322 322 319 319 320 318 318 318 317 317 316 316 315 313 312 311 307 304 299 300 299 302 298 297 294 297 299 300 300 300 299 298 297 294 292 287 284 271 272 277 277 277 277 282 284 282 274 268 260 256 257 247 237 237 242 250 252 254 255 256 256 250 248 248 249 245 242 246
1.#QNAN 1.#QNAN 1.#QNAN 327 327 327 327 326 326 326 326 325 325 324 323 323 323 322 321 320 319 319 319 318 318 318 317 316 314 312 308 306 310 306 305 303 300 303 299 296 293 293 298 299 297 298 298 297 294 290 289 292 288 276 268 276 279 277 277 281 285 282 279 275 272 269 263 258 243 240 246 247 250 252 250 252 253 249 246 248 247 243 237 234
1.#QNAN 1.#QNAN 326 327 327 327 327 326 326 326 326 325 325 324 323 323 323 322 321 321 321 320 320 319 319 318 316 316 315 313 309 302 303 305 301 301 302 299 298 289 290 291 295 295 291 295 296 299 299 294 294 294 289 276 272 278 281 278 281 285 286 282 277 276 277 275 271 264 252 239 241 243 243 245 241 248 249 245 246 246 247 247 240 229
326 326 326 326 327 327 327 326 326 326 326 325 325 324 324 323 322 321 321 321 321 320 319 320 320 318 316 317 317 314 313 311 308 305 301 295 298 297 297 295 296 295 294 294 294 296 298 300 300 299 298 288 288 276 274 279 283 280 283 286 287 284 280 276 277 278 275 267 254 244 239 241 239 237 239 244 246 245 243 245 249 249 240 233
326 326 326 326 326 326 327 327 326 326 325 325 324 322 323 322 321 321 321 321 320 320 319 319 320 320 320 319 318 317 316 315 313 311 309 304 302 303 300 299 298 295 295 293 295 296 298 299 297 300 298 290 281 277 279 276 284 286 285 286 287 283 285 278 278 277 274 272 262 251 237 237 232 230 232 239 241 244 241 243 248 250 244 248
326 326 326 326 326 326 326 326 326 326 325 325 324 322 322 321 320 320 319 320 320 319 321 321 320 321 320 320 320 318 317 316 314 314 311 308 307 304 296 299 302 298 296 297 295 299 301 302 301 301 299 295 285 283 287 281 283 289 289 286 289 289 287 284 279 268 267 267 259 243 232 232 225 225 227 231 235 242 240 241 249 251 252 255
326 325 325 326 326 326 326 326 326 324 325 325 324 323 321 319 320 320 320 320 320 320 321 322 321 321 321 320 320 318 316 315 313 311 313 311 308 303 297 300 304 301 299 303 304 305 300 300 302 302 300 298 293 291 288 287 282 288 290 288 290 286 286 285 281 268 265 262 254 236 233 232 222 220 224 227 235 240 238 240 247 250 251 254
326 326 325 324 325 326 326 326 325 324 324 324 323 323 322 320 321 321 321 321 321 321 322 322 321 321 321 320 319 318 316 315 310 303 311 312 306 301 298 299 306 305 304 308 307 300 295 294 297 302 301 299 297 293 289 291 288 289 290 288 290 286 285 286 281 270 269 262 257 243 248 238 228 226 218 223 232 237 234 238 245 247 244 246
326 326 325 325 324 325 326 326 325 325 325 324 323 323 323 321 322 322 322 321 322 322 322 323 322 322 321 320 319 318 317 315 312 306 310 312 311 307 301 303 308 309 309 309 307 302 293 290 295 302 302 300 298 294 292 291 291 290 288 289 290 287 284 285 283 273 267 266 266 259 260 248 240 232 221 224 226 230 232 234 238 240 241 248
325 325 325 326 326 326 325 325 325 325 325 323 324 323 323 323 323 323 323 323 323 323 323 323 322 321 321 320 319 317 314 315 314 311 309 311 311 311 307 308 310 311 310 310 309 303 296 293 296 303 303 300 295 285 286 288 289 284 284 288 288 282 282 284 283 275 269 271 270 266 259 253 244 230 225 227 227 226 230 241 243 243 243 251
325 326 326 326 326 326 325 325 325 325 324 324 324 324 324 324 323 323 323 323 323 323 323 323 321 321 320 319 318 317 314 313 312 312 309 309 311 312 311 310 310 312 312 312 311 307 302 297 301 304 301 294 292 283 282 286 286 280 285 288 288 285 282 281 282 275 272 272 271 269 262 253 244 231 228 229 230 228 229 235 246 252 253 254
325 326 326 326 325 325 325 325 325 324 324 324 324 324 324 324 323 323 323 323 323 323 323 322 321 320 319 319 317 315 313 313 310 312 311 307 304 308 311 308 308 311 313 313 313 311 307 303 305 307 302 289 289 287 289 291 289 285 284 285 287 288 287 282 281 275 269 269 272 271 268 261 247 240 240 240 237 231 231 234 244 249 250 261
324 325 325 325 324 324 324 324 324 324 324 324 324 324 323 323 323 323 323 323 323 322 322 322 321 320 317 315 316 314 309 313 311 312 311 306 302 306 311 308 307 309 311 313 313 312 310 307 307 308 305 296 297 296 294 291 288 284 276 278 283 286 287 286 283 280 271 264 271 274 265 254 247 246 253 250 250 238 236 237 247 245 242 251
324 324 324 323 323 323 323 323 323 323 323 323 323 323 323 323 323 323 323 322 322 322 322 321 320 320 318 316 316 314 313 313 314 312 310 309 308 309 310 309 308 309 312 314 314 313 310 308 309 309 308 304 302 294 290 287 286 280 273 268 276 284 286 285 283 278 265 263 269 277 269 256 254 259 264 259 257 250 242 244 247 238 234 241
323 323 323 322 322 322 322 322 322 322 323 323 323 323 323 323 323 323 322 322 322 322 322 321 321 320 318 317 318 316 315 315 315 315 311 311 308 309 309 309 309 309 312 314 314 314 313 312 311 311 308 305 302 295 289 292 291 285 278 270 271 280 284 284 283 275 258 265 274 278 274 266 266 273 273 267 254 251 246 240 240 234 234 237
321 322 322 321 321 321 321 321 321 322 322 322 323 323 323 323 322 323 322 322 322 322 321 321 320 320 318 318 317 315 316 316 316 315 313 314 312 309 308 307 307 310 312 314 315 314 313 313 312 312 310 309 307 301 295 294 296 292 284 276 268 270 280 280 279 274 256 263 276 279 282 273 278 280 271 265 257 257 251 249 243 240 238 240
320 321 321 320 320 320 320 320 321 321 322 322 322 322 322 323 322 323 322 322 322 321 321 320 319 318 318 317 318 317 315 317 317 316 315 316 313 312 309 307 308 310 313 314 315 314 314 313 313 312 312 310 308 306 304 301 299 293 286 277 268 267 275 271 272 268 252 262 271 274 285 282 284 286 276 267 261 264 259 262 254 250 249 246
320 321 321 320 320 320 320 320 321 321 321 322 322 322 322 322 322 322 322 321 321 321 321 320 320 319 319 319 319 317 316 318 317 318 316 316 316 313 311 307 308 309 312 313 314 314 313 313 313 312 311 310 309 308 306 304 299 294 284 272 270 267 260 259 265 262 253 257 263 269 284 289 289 279 266 260 256 263 267 271 263 257 253 255
320 320 320 320 320 320 321 321 321 321 321 321 321 321 321 321 322 322 321 321 321 321 320 320 318 320 320 319 319 319 318 319 318 318 318 316 315 314 311 310 307 309 311 313 313 313 313 312 312 312 311 310 309 308 307 304 300 295 286 284 279 270 257 254 260 264 261 266 268 271 276 286 288 273 272 271 267 273 273 272 267 265 262 257
320 320 320 320 321 321 321 321 321 321 321 321 321 321 321 321 321 321 321 321 321 320 320 320 319 320 320 320 319 319 319 320 319 317 318 315 313 312 313 309 307 308 309 312 312 312 312 312 312 312 311 310 309 308 307 305 302 299 295 289 280 271 263 255 258 261 257 266 272 278 277 288 289 280 279 281 275 281 280 272 265 262 260 258
320 320 320 320 321 321 321 321 321 321 321 321 321 321 321 321 321 321 321 320 320 318 320 320 318 320 320 320 319 319 320 320 320 320 319 316 315 312 312 312 307 305 308 311 311 311 311 311 311 311 311 310 309 309 308 306 300 294 292 289 282 280 274 268 257 257 259 267 272 284 283 285 293 287 285 283 280 283 285 271 260 257 258 262
320 320 320 321 321 321 321 321 321 321 320 320 320 320 320 320 320 320 320 320 320 320 319 320 320 319 320 320 320 320 320 320 320 320 319 318 317 315 312 312 309 307 309 310 311 311 311 311 309 311 311 310 310 309 309 307 299 293 292 293 292 288 281 270 259 267 272 277 282 288 291 292 291 295 288 289 282 283 287 282 269 254 254 258
