08 Ecocrop/raster/current/tmax_8.asc
ncols        683
nrows        518
xllcorner    -87.691666666667
yllcorner    10.708333333333
cellsize     0.008333333333
NODATA_value  1.#QNAN
[rows 370 to 406 of 518, columns 168 to 251 of 683]
263 264 264 266 266 268 270 271 272 274 275 277 278 280 282 286 290 290 288 289 290 290 288 287 286 285 284 286 296 300 300 301 302 300 298 300 301 302 302 303 303 303 303 302 301 300 299 299 299 299 299 299 299 299 299 299 299 299 299 299 299 298 298 298 298 298 298 298 298 298 298 298 298 298 298 298 298 298 298 298 298 298 298 298
264 265 266 266 267 269 271 273 274 274 277 278 279 281 282 286 287 286 285 286 286 286 286 284 283 281 280 287 298 299 299 300 301 302 298 299 301 302 302 303 303 303 303 302 301 300 299 299 299 299 299 299 299 299 299 299 299 299 299 298 298 298 298 298 298 298 298 298 298 298 298 298 298 298 298 298 298 298 298 298 298 298 298 298
267 265 266 267 268 270 272 273 274 275 277 278 280 282 283 284 284 283 283 283 283 284 284 283 282 279 276 288 299 299 299 299 300 301 297 298 300 301 302 302 303 303 303 302 301 300 299 299 299 299 299 299 299 299 299 299 298 298 298 298 298 298 298 298 298 298 298 298 298 298 298 298 298 298 298 298 298 298 298 298 298 298 298 298
269 268 268 268 269 270 271 272 274 275 276 277 279 281 281 283 283 282 282 282 282 283 282 282 281 278 278 290 298 299 299 299 300 301 297 298 299 300 301 302 302 303 302 302 301 300 299 299 299 299 299 299 299 299 298 298 298 298 298 298 298 298 298 298 298 298 298 298 298 298 298 298 298 298 298 298 298 298 298 298 298 298 298 298
271 270 269 269 269 270 271 272 273 274 276 277 279 280 281 282 282 282 281 281 282 282 282 281 280 279 279 286 293 298 298 296 297 296 291 296 298 300 301 301 301 301 302 301 300 300 299 299 299 299 299 299 298 298 298 298 298 298 298 298 298 298 298 298 298 298 298 298 298 298 298 298 298 298 298 298 298 298 298 298 298 298 298 298
273 272 272 271 270 270 270 271 272 274 275 276 278 280 281 281 281 281 281 281 281 282 282 282 281 281 281 282 283 289 289 284 285 285 289 295 297 299 300 301 300 300 301 301 301 300 299 299 299 299 299 299 298 298 298 298 298 298 298 298 298 298 298 298 298 298 298 298 298 298 298 298 298 298 298 298 298 298 298 298 298 298 298 298
275 274 273 272 272 271 271 271 271 273 275 276 277 279 280 280 281 281 281 281 282 282 282 282 283 283 283 284 284 284 284 284 284 286 290 292 293 297 299 300 299 299 298 300 301 300 300 299 299 299 299 298 298 298 298 298 298 298 298 298 298 298 298 298 298 298 298 298 298 298 298 298 298 298 298 298 298 298 298 298 298 298 298 298
277 275 275 274 273 273 273 272 272 272 273 275 277 278 279 280 280 281 280 281 282 283 283 283 283 284 285 285 285 285 285 286 287 288 288 289 291 293 295 297 297 296 296 298 301 300 300 299 299 299 299 298 298 298 298 298 298 298 298 298 298 298 298 298 298 298 298 298 298 298 298 298 298 298 298 298 298 298 298 298 298 298 298 298
279 277 277 275 275 275 274 274 274 274 274 275 276 278 279 279 280 280 280 281 283 284 284 285 285 285 286 287 286 287 287 288 288 289 289 289 289 290 292 292 294 295 296 297 300 300 300 299 299 299 298 298 298 298 298 298 298 298 298 298 298 298 298 298 298 298 298 298 298 298 298 298 298 298 298 298 298 298 298 298 298 298 298 297
280 279 278 277 276 276 276 276 275 275 275 276 276 278 279 279 280 280 281 282 284 285 285 286 286 287 287 288 288 288 288 288 289 289 288 288 285 286 288 288 289 292 293 295 298 300 300 299 299 299 298 298 298 298 298 298 298 298 298 298 298 298 298 298 298 298 298 298 298 298 298 298 298 298 298 298 298 298 298 298 298 298 297 297
282 282 280 279 278 278 277 277 277 276 276 277 277 278 279 280 280 281 282 282 284 286 287 287 288 288 289 289 289 289 290 289 289 288 284 283 282 280 280 280 283 288 289 291 295 297 299 299 299 299 298 298 298 298 298 298 298 298 298 298 298 298 298 298 298 298 298 298 298 298 298 298 298 298 298 298 298 298 298 298 297 297 297 297
285 283 282 281 281 280 279 279 278 278 278 278 278 279 279 280 281 282 282 283 284 286 288 289 289 290 290 290 290 291 291 290 289 286 281 275 270 268 269 269 280 283 284 287 292 296 299 299 299 299 298 298 298 298 298 298 298 298 298 298 298 298 298 298 298 298 298 298 298 298 298 298 298 298 298 298 298 298 297 297 297 297 297 297
287 285 284 283 283 282 282 281 280 280 280 279 280 280 281 281 282 283 283 284 285 286 288 290 290 290 291 291 291 292 292 291 289 286 280 272 263 252 254 260 272 274 278 283 289 295 298 299 299 298 298 298 298 298 298 298 298 298 298 298 298 298 298 298 298 298 298 298 298 298 298 298 298 298 298 297 297 297 297 297 297 297 297 297
288 287 286 285 284 284 283 283 282 281 281 281 281 281 282 282 283 283 284 285 286 287 289 291 291 292 292 293 292 293 293 292 290 288 283 276 268 251 256 249 254 268 276 284 287 291 296 299 299 299 298 298 298 298 298 298 298 298 298 298 298 298 298 298 297 297 297 297 297 297 297 297 297 297 297 297 297 297 297 297 297 297 297 297
289 288 287 287 286 285 285 284 284 283 283 283 283 283 283 283 284 285 285 286 287 288 290 291 292 293 293 294 294 295 295 293 292 290 286 281 274 266 272 257 262 273 281 287 289 291 294 298 299 299 298 298 298 298 298 298 298 298 298 297 297 297 297 297 297 297 297 297 297 297 297 297 297 297 297 297 297 297 297 297 297 297 297 297
291 290 289 288 288 287 287 286 285 285 285 285 285 284 285 285 285 286 286 287 288 289 290 292 293 294 294 295 295 296 296 295 294 292 291 287 283 279 279 275 276 283 288 291 292 292 292 293 299 299 299 298 298 298 298 298 298 298 297 297 297 297 297 297 297 297 297 297 297 297 297 297 297 297 297 297 297 297 297 297 297 297 297 297
292 291 290 290 289 289 288 288 287 286 286 286 286 286 286 286 287 287 288 288 289 290 291 292 293 294 295 296 297 298 298 298 296 295 294 292 291 288 288 287 288 291 293 295 297 296 294 296 299 299 299 298 298 298 298 298 298 298 298 297 297 297 297 297 297 297 297 297 297 297 297 297 297 297 297 297 297 297 297 297 297 297 297 297
294 293 292 292 291 291 290 290 289 288 288 288 288 288 288 288 288 289 289 290 290 291 292 293 294 295 296 297 299 299 300 300 299 297 297 296 295 294 294 294 296 296 297 299 299 299 298 299 300 299 299 299 298 298 298 298 298 298 298 297 297 297 297 297 297 297 297 297 297 297 297 297 297 297 297 297 297 297 297 297 297 297 297 297
295 294 294 293 293 292 292 291 291 290 290 290 290 290 289 290 290 290 290 291 292 292 293 295 295 296 297 299 300 301 301 301 300 299 299 299 297 298 298 299 299 300 300 300 300 300 300 300 300 299 299 299 298 298 298 298 298 298 298 297 297 297 297 297 297 297 297 297 297 297 297 297 297 297 297 297 297 297 297 297 297 297 297 297
296 296 295 295 294 293 293 293 292 292 291 291 291 291 291 291 290 291 291 292 293 293 295 296 296 297 298 299 300 301 301 301 301 300 300 300 299 299 300 300 301 301 301 300 300 299 299 299 299 299 299 298 298 298 298 298 298 298 298 297 297 297 297 297 297 297 297 297 297 297 297 297 296 296 296 296 296 296 296 296 296 296 296 296
298 297 297 296 295 295 294 294 294 293 293 292 292 292 292 292 292 292 292 293 294 295 296 297 297 298 299 299 300 301 302 301 301 301 301 300 300 301 301 301 301 301 301 300 300 299 299 299 299 299 299 298 297 298 298 298 298 298 296 297 297 297 297 297 297 297 297 297 297 297 296 296 296 296 296 296 296 296 296 296 296 296 296 296
299 298 298 297 297 296 296 295 295 295 294 294 294 293 293 293 293 293 293 294 295 296 296 297 298 299 299 300 301 301 302 302 301 301 301 300 300 301 301 301 301 300 300 300 299 299 299 298 299 299 298 298 296 296 297 297 297 297 291 296 297 297 297 297 297 297 297 297 296 296 296 296 296 296 296 296 296 296 296 296 296 296 296 296
300 300 299 298 298 297 297 297 296 296 295 295 295 294 294 294 293 294 294 294 295 297 297 298 299 299 300 300 301 301 302 302 301 301 301 301 300 300 300 300 300 300 300 300 299 299 298 298 298 298 298 296 293 293 293 293 291 293 292 296 297 297 297 297 297 297 297 296 296 296 296 296 296 296 296 296 296 296 296 296 296 296 296 296
301 301 300 298 298 299 299 298 298 297 297 296 296 295 295 294 294 295 295 295 296 297 298 299 300 300 301 301 301 302 302 302 301 301 301 301 300 300 300 299 300 300 300 300 299 299 298 298 298 298 295 292 290 293 293 287 282 283 289 295 297 297 297 297 297 297 296 296 296 296 296 296 296 296 296 296 296 296 296 296 296 296 296 296
302 302 301 300 300 300 300 300 299 299 298 297 296 296 295 295 294 295 296 296 297 298 298 299 300 301 301 301 302 302 302 302 302 301 301 301 300 300 300 300 300 300 300 300 299 299 298 298 298 297 294 290 285 288 288 282 277 275 284 292 297 297 297 297 297 296 296 296 296 296 296 296 296 296 296 296 296 296 296 296 296 296 296 296
302 302 302 300 301 301 301 300 300 300 299 298 297 297 296 295 293 294 297 297 298 298 299 299 300 301 301 301 302 302 302 301 301 301 301 301 301 300 300 301 300 300 300 300 300 299 299 298 298 298 298 293 288 285 285 282 282 280 284 291 296 297 296 296 296 296 296 296 296 296 296 296 296 296 296 296 296 296 296 296 296 296 296 296
303 303 302 302 302 301 301 301 300 300 300 298 297 297 297 294 292 296 297 298 298 298 299 300 300 301 301 301 302 302 302 302 302 302 302 302 301 301 301 301 300 301 301 300 300 300 299 299 298 298 298 297 293 292 291 291 291 289 287 291 296 296 296 296 296 296 296 296 296 296 296 296 296 296 296 296 296 296 296 296 296 296 296 296
304 304 303 303 303 302 301 301 300 300 299 298 297 296 296 295 296 297 297 297 298 298 299 299 300 300 300 301 301 302 302 302 302 302 302 302 302 302 301 301 301 301 301 300 300 300 299 299 299 298 297 296 297 297 296 297 296 295 293 294 296 296 296 296 296 296 296 296 296 296 296 296 296 296 296 296 296 296 296 296 296 296 296 296
305 303 302 302 302 301 300 299 298 299 298 297 296 295 295 294 295 296 296 296 296 297 298 298 298 298 298 298 301 301 301 301 302 302 302 303 302 302 302 302 301 301 301 300 300 300 299 299 299 298 297 297 297 297 297 297 297 297 296 296 296 296 296 296 296 296 296 296 296 296 296 296 296 296 296 296 296 296 296 296 296 296 296 296
300 299 301 302 302 301 300 299 299 298 297 296 295 293 293 293 296 295 293 294 295 294 296 296 296 297 299 298 299 300 301 300 301 302 302 303 303 302 302 302 302 301 301 301 300 300 300 299 299 298 297 298 297 297 297 297 297 296 296 296 296 296 296 296 296 296 296 296 296 296 296 296 296 296 296 296 296 296 296 296 296 296 296 296
301 303 303 302 301 301 299 300 301 300 297 298 296 293 292 294 295 293 291 292 293 292 294 293 295 298 299 300 300 301 301 302 302 302 302 302 303 302 302 302 302 302 301 301 300 300 300 300 299 299 298 298 298 297 297 297 297 296 296 296 296 296 296 296 296 296 296 296 296 296 296 296 296 296 296 296 296 296 296 296 296 296 296 296
303 301 301 300 301 300 300 301 302 300 298 298 295 292 294 294 292 291 289 289 292 291 292 292 292 296 297 300 300 301 301 301 302 302 302 302 303 302 302 302 302 302 302 301 301 301 299 300 300 299 299 298 298 297 297 297 296 296 296 296 296 296 296 296 296 296 296 296 296 296 296 296 296 296 296 296 296 295 295 295 295 295 295 295
303 302 302 302 303 301 302 302 302 301 299 295 294 292 293 290 285 288 287 286 288 293 292 293 296 296 297 299 299 299 299 300 300 300 300 301 302 302 302 302 302 302 302 302 302 301 299 299 299 300 299 299 298 297 297 297 296 296 296 296 296 296 296 296 296 296 296 296 296 296 296 296 296 296 295 295 295 295 295 295 295 295 295 295
305 303 304 303 304 303 302 300 299 298 294 291 290 292 291 285 283 289 288 288 290 294 294 296 296 295 296 297 298 297 296 297 296 296 296 300 302 302 302 302 303 303 302 302 302 302 301 299 299 299 299 299 298 298 297 297 296 296 296 296 296 296 296 296 296 296 296 296 296 296 296 296 295 295 295 295 295 295 295 295 295 295 295 295
305 305 305 305 305 303 300 300 296 296 292 290 292 290 287 280 283 290 291 289 294 295 292 293 296 294 295 296 297 295 296 296 296 297 298 301 302 302 302 303 303 303 303 303 302 302 302 301 301 300 299 299 298 298 297 297 296 296 296 296 296 296 296 296 296 296 296 295 295 295 295 295 295 295 295 295 295 295 295 295 295 295 295 295
306 305 305 305 304 303 302 300 298 295 290 290 295 291 289 284 289 296 292 293 295 296 291 292 294 297 296 295 297 295 296 297 297 298 300 302 302 302 302 302 302 303 302 302 302 302 302 302 301 300 299 299 298 298 297 297 296 296 296 296 296 296 296 296 296 295 295 295 295 295 295 295 295 295 295 295 295 295 295 295 295 295 295 295
306 306 305 304 301 300 300 297 297 291 291 296 295 293 291 289 294 298 297 296 297 297 294 296 295 298 299 298 296 296 296 297 298 300 300 301 302 302 302 302 302 302 302 302 302 302 302 302 301 300 299 299 298 298 297 297 296 296 296 296 296 296 296 295 295 295 295 295 295 295 295 295 295 295 295 295 295 295 295 295 295 295 295 295
