08 Ecocrop/raster/current/tmax_5.asc
ncols        683
nrows        518
xllcorner    -87.691666666667
yllcorner    10.708333333333
cellsize     0.008333333333
NODATA_value  1.#QNAN
[rows 37 to 73 of 518, columns 336 to 419 of 683]
314 314 313 313 314 316 317 317 317 317 317 318 318 318 318 318 318 318 1.#QNAN 1.#QNAN 1.#QNAN 1.#QNAN 1.#QNAN 1.#QNAN 1.#QNAN 1.#QNAN 1.#QNAN 1.#QNAN 1.#QNAN 1.#QNAN 1.#QNAN 1.#QNAN 1.#QNAN 1.#QNAN 1.#QNAN 1.#QNAN 1.#QNAN 1.#QNAN 1.#QNAN 1.#QNAN 1.#QNAN 1.#QNAN 1.#QNAN 1.#QNAN 1.#QNAN 1.#QNAN 1.#QNAN 1.#QNAN 1.#QNAN 1.#QNAN 1.#QNAN 1.#QNAN 1.#QNAN 1.#QNAN 1.#QNAN 1.#QNAN 1.#QNAN 1.#QNAN 1.#QNAN 1.#QNAN 1.#QNAN 1.#QNAN 314 314 1.#QNAN 1.#QNAN 1.#QNAN 1.#QNAN 1.#QNAN 1.#QNAN 1.#QNAN 1.#QNAN 1.#QNAN 1.#QNAN 309 308 307 306 306 306 306 306 306 306
315 314 313 314 316 316 317 316 316 317 317 317 318 318 317 318 318 317 318 1.#QNAN 1.#QNAN 1.#QNAN 1.#QNAN 1.#QNAN 1.#QNAN 1.#QNAN 1.#QNAN 1.#QNAN 1.#QNAN 1.#QNAN 1.#QNAN 1.#QNAN 1.#QNAN 1.#QNAN 1.#QNAN 1.#QNAN 1.#QNAN 1.#QNAN 1.#QNAN 1.#QNAN 1.#QNAN 1.#QNAN 1.#QNAN 1.#QNAN 1.#QNAN 1.#QNAN 1.#QNAN 1.#QNAN 1.#QNAN 1.#QNAN 1.#QNAN 1.#QNAN 1.#QNAN 1.#QNAN 1.#QNAN 1.#QNAN 1.#QNAN 1.#QNAN 1.#QNAN 1.#QNAN 1.#QNAN 1.#QNAN 313 313 313 314 1.#QNAN 1.#QNAN 1.#QNAN 1.#QNAN 1.#QNAN 1.#QNAN 1.#QNAN 1.#QNAN 1.#QNAN 308 306 305 305 305 306 306 305 306
316 316 316 316 316 316 316 316 317 317 317 317 317 317 317 317 317 317 317 317 318 1.#QNAN 1.#QNAN 1.#QNAN 1.#QNAN 1.#QNAN 1.#QNAN 1.#QNAN 1.#QNAN 1.#QNAN 1.#QNAN 1.#QNAN 1.#QNAN 1.#QNAN 1.#QNAN 1.#QNAN 1.#QNAN 1.#QNAN 1.#QNAN 1.#QNAN 1.#QNAN 1.#QNAN 1.#QNAN 1.#QNAN 1.#QNAN 1.#QNAN 1.#QNAN 1.#QNAN 1.#QNAN 1.#QNAN 1.#QNAN 1.#QNAN 1.#QNAN 1.#QNAN 1.#QNAN 1.#QNAN 1.#QNAN 1.#QNAN 1.#QNAN 1.#QNAN 1.#QNAN 312 312 312 312 312 1.#QNAN 1.#QNAN 1.#QNAN 1.#QNAN 1.#QNAN 1.#QNAN 1.#QNAN 1.#QNAN 1.#QNAN 307 306 305 305 305 305 305 305 305
316 315 316 316 316 316 315 316 316 316 316 316 316 316 316 315 316 316 316 316 316 317 1.#QNAN 1.#QNAN 1.#QNAN 317 1.#QNAN 1.#QNAN 1.#QNAN 1.#QNAN 1.#QNAN 1.#QNAN 1.#QNAN 1.#QNAN 1.#QNAN 1.#QNAN 1.#QNAN 1.#QNAN 1.#QNAN 1.#QNAN 1.#QNAN 1.#QNAN 1.#QNAN 1.#QNAN 1.#QNAN 1.#QNAN 1.#QNAN 1.#QNAN 1.#QNAN 1.#QNAN 1.#QNAN 1.#QNAN 1.#QNAN 1.#QNAN 1.#QNAN 1.#QNAN 1.#QNAN 1.#QNAN 1.#QNAN 1.#QNAN 1.#QNAN 311 311 311 311 311 1.#QNAN 1.#QNAN 1.#QNAN 1.#QNAN 1.#QNAN 1.#QNAN 1.#QNAN 1.#QNAN 1.#QNAN 307 305 304 304 305 304 304 304 304
315 314 314 315 315 315 315 315 316 316 315 315 315 316 316 315 316 316 316 316 316 316 317 1.#QNAN 317 317 317 1.#QNAN 1.#QNAN 1.#QNAN 1.#QNAN 1.#QNAN 1.#QNAN 1.#QNAN 1.#QNAN 1.#QNAN 1.#QNAN 1.#QNAN 1.#QNAN 1.#QNAN 1.#QNAN 1.#QNAN 1.#QNAN 1.#QNAN 1.#QNAN 1.#QNAN 1.#QNAN 1.#QNAN 1.#QNAN 1.#QNAN 1.#QNAN 1.#QNAN 1.#QNAN 1.#QNAN 1.#QNAN 1.#QNAN 1.#QNAN 1.#QNAN 1.#QNAN 1.#QNAN 310 310 310 309 310 310 1.#QNAN 1.#QNAN 309 308 308 1.#QNAN 1.#QNAN 1.#QNAN 1.#QNAN 306 306 305 304 304 304 303 303 303
315 314 314 314 315 314 315 315 315 314 314 314 315 315 314 314 314 315 315 316 316 316 317 317 317 317 316 316 316 316 316 1.#QNAN 1.#QNAN 1.#QNAN 1.#QNAN 1.#QNAN 1.#QNAN 1.#QNAN 1.#QNAN 1.#QNAN 1.#QNAN 1.#QNAN 1.#QNAN 1.#QNAN 1.#QNAN 1.#QNAN 1.#QNAN 1.#QNAN 1.#QNAN 1.#QNAN 1.#QNAN 1.#QNAN 1.#QNAN 1.#QNAN 1.#QNAN 1.#QNAN 1.#QNAN 1.#QNAN 1.#QNAN 310 309 309 308 308 308 308 308 308 307 307 307 1.#QNAN 1.#QNAN 1.#QNAN 1.#QNAN 306 305 305 303 303 304 304 303 302
315 315 315 315 314 315 314 313 314 314 314 315 315 314 314 314 314 315 315 315 315 315 316 317 316 316 316 316 315 315 315 315 315 314 1.#QNAN 1.#QNAN 1.#QNAN 1.#QNAN 1.#QNAN 1.#QNAN 1.#QNAN 1.#QNAN 1.#QNAN 1.#QNAN 1.#QNAN 1.#QNAN 1.#QNAN 1.#QNAN 1.#QNAN 1.#QNAN 1.#QNAN 1.#QNAN 1.#QNAN 1.#QNAN 1.#QNAN 1.#QNAN 1.#QNAN 1.#QNAN 310 309 308 308 307 306 306 306 306 306 306 306 306 307 306 1.#QNAN 306 305 305 305 303 303 303 303 303 302
315 315 315 315 315 315 314 313 313 314 314 314 315 314 314 314 314 315 315 315 315 315 316 316 316 315 315 315 315 315 314 314 314 313 313 313 313 313 313 313 313 312 313 312 312 1.#QNAN 1.#QNAN 1.#QNAN 1.#QNAN 1.#QNAN 1.#QNAN 1.#QNAN 1.#QNAN 1.#QNAN 1.#QNAN 1.#QNAN 1.#QNAN 310 308 308 308 307 307 306 306 306 306 306 306 306 306 306 306 306 305 305 304 304 304 303 303 303 303 302
313 314 314 313 314 314 313 312 312 312 313 314 314 314 314 314 315 315 315 315 315 315 315 315 315 315 314 314 314 314 314 313 313 313 313 312 313 313 312 312 312 312 312 312 312 1.#QNAN 1.#QNAN 1.#QNAN 1.#QNAN 1.#QNAN 1.#QNAN 1.#QNAN 1.#QNAN 1.#QNAN 1.#QNAN 1.#QNAN 1.#QNAN 309 308 308 307 307 306 306 306 305 305 305 305 305 305 305 306 305 305 304 304 304 303 303 303 303 302 302
314 313 312 313 314 314 313 311 311 312 314 314 315 314 314 314 315 314 315 315 315 315 315 314 314 314 314 313 313 314 313 313 313 312 312 312 312 312 312 311 312 312 312 1.#QNAN 1.#QNAN 312 311 1.#QNAN 1.#QNAN 1.#QNAN 1.#QNAN 1.#QNAN 1.#QNAN 1.#QNAN 1.#QNAN 310 309 309 308 307 307 306 306 306 305 305 305 304 305 305 305 305 305 304 304 303 303 303 303 303 302 302 302 302
314 312 312 312 313 313 312 311 313 314 314 315 315 314 314 314 314 314 315 315 315 314 314 314 314 313 313 313 313 313 313 312 312 312 312 311 312 312 311 311 311 311 311 312 311 311 311 1.#QNAN 1.#QNAN 1.#QNAN 1.#QNAN 311 310 310 310 309 309 309 308 307 307 306 305 305 304 304 303 304 304 304 304 305 304 303 303 303 303 303 302 302 302 302 302 302
313 312 312 312 311 313 313 313 314 314 315 314 314 315 315 314 314 315 315 314 314 314 313 313 313 312 312 313 313 313 312 312 312 312 311 311 311 311 310 310 310 310 311 311 311 311 311 311 311 311 1.#QNAN 310 309 309 309 309 308 308 307 307 306 305 305 305 304 304 304 303 304 302 302 304 303 302 301 303 303 302 302 301 302 302 302 301
313 312 311 313 313 314 313 313 314 314 314 314 314 314 314 314 314 314 314 313 313 313 313 313 312 313 313 313 313 312 312 312 312 311 311 311 311 310 309 309 310 310 311 311 311 311 311 310 310 310 310 309 309 309 309 309 308 307 307 307 306 305 304 304 304 304 304 304 304 301 301 303 303 303 302 302 301 301 301 301 301 302 301 301
313 313 313 314 314 314 312 314 314 315 315 314 313 312 313 312 313 314 314 313 313 313 313 313 313 313 312 312 311 312 312 311 311 311 311 311 310 309 309 309 310 310 310 310 310 310 310 310 309 310 309 309 309 309 309 308 308 307 307 306 305 304 303 302 300 303 303 303 303 302 302 303 303 302 302 302 302 301 300 301 301 301 301 301
313 314 314 315 315 314 314 315 315 314 314 313 312 306 308 312 313 312 313 313 313 312 313 312 313 312 312 311 311 312 311 311 311 311 311 311 310 309 309 310 310 310 310 310 310 310 309 309 309 309 309 308 309 308 308 308 308 307 306 306 304 302 299 297 299 299 297 301 302 300 301 303 303 303 302 300 300 300 299 299 301 300 301 300
314 314 314 314 314 314 314 314 314 313 312 312 310 304 307 308 312 312 313 312 311 312 313 312 312 312 312 311 312 311 311 311 311 310 310 310 310 309 309 309 309 309 310 310 309 309 309 309 309 309 308 308 308 308 308 308 308 307 307 305 304 303 303 301 298 295 299 302 302 302 302 303 303 302 302 301 299 299 298 297 298 299 299 299
314 314 314 314 314 314 314 313 313 312 311 310 311 311 311 311 313 312 311 312 312 312 312 312 313 312 311 311 311 311 311 311 311 310 310 309 309 309 307 307 309 309 309 309 309 309 309 308 308 308 308 308 308 308 308 307 307 307 306 306 304 303 303 303 301 300 299 298 300 302 300 300 302 302 301 300 297 297 296 296 297 298 297 298
314 314 314 314 313 312 314 314 313 313 311 311 312 312 312 313 312 310 310 311 311 310 311 312 312 312 311 312 311 311 311 310 310 310 310 310 309 308 308 307 308 309 309 309 309 309 308 308 308 308 308 308 308 307 308 307 307 307 306 305 304 304 303 304 302 300 295 293 295 300 299 301 302 301 300 298 297 296 296 297 296 297 296 297
314 314 314 311 313 314 314 313 313 312 311 311 311 312 311 312 312 311 311 312 311 312 312 312 312 311 311 311 311 310 310 308 309 309 309 309 309 308 307 308 308 309 309 308 308 308 308 307 307 308 308 307 307 307 307 307 306 306 306 306 305 304 304 304 302 300 296 295 298 299 299 301 300 299 299 299 299 298 298 298 297 296 297 297
314 313 311 313 314 313 313 313 312 312 312 311 309 311 309 311 311 311 312 311 311 311 311 311 311 311 310 311 310 310 309 307 309 308 308 308 308 308 306 307 309 308 308 308 308 308 308 307 307 307 307 307 307 307 307 307 306 306 306 306 305 305 305 304 303 302 301 300 300 300 300 301 300 300 300 300 300 300 299 299 299 298 297 298
313 312 313 313 313 313 313 311 308 309 311 309 310 310 310 310 311 311 311 311 310 310 311 311 311 311 310 310 310 310 308 307 307 308 307 307 308 308 308 308 308 308 308 307 307 306 307 307 306 307 307 307 307 306 306 307 306 306 306 306 305 305 305 304 304 303 302 301 301 300 300 300 300 301 301 301 300 300 299 300 300 300 298 298
312 313 312 313 313 312 311 307 306 307 309 307 306 309 311 311 310 309 308 310 309 307 309 310 310 310 310 310 310 310 309 306 305 306 306 307 307 306 307 307 308 308 308 307 307 305 306 306 306 306 306 306 306 306 305 306 306 306 306 306 306 305 305 304 304 304 303 301 301 301 301 300 301 301 301 301 300 300 301 300 301 301 300 300
311 311 313 313 313 311 308 305 303 304 307 308 310 311 311 310 310 306 307 306 305 304 304 308 310 309 309 309 309 309 309 306 305 305 305 307 306 303 302 305 307 308 308 308 307 306 306 305 305 305 305 305 305 305 305 303 305 305 305 306 305 305 305 305 304 304 303 302 302 302 302 301 302 302 301 301 301 301 301 301 301 299 299 299
312 313 312 312 312 311 310 308 307 308 309 309 309 310 310 309 309 307 305 303 304 306 306 306 307 309 309 309 309 309 309 308 307 305 305 305 303 299 297 301 307 307 307 307 307 307 307 306 306 305 305 305 305 304 304 303 304 305 305 305 305 305 305 305 304 304 303 303 302 302 302 302 302 302 302 302 301 301 301 300 300 299 300 300
313 313 312 311 309 309 307 307 304 303 301 300 305 308 308 307 307 303 303 299 299 303 305 305 305 307 308 309 309 309 309 305 306 306 304 303 304 303 302 304 307 307 307 307 306 305 305 306 306 305 305 304 303 303 303 304 303 304 304 305 305 305 304 304 304 304 303 303 303 302 302 302 302 302 302 302 302 302 301 300 301 301 301 301
311 312 312 311 306 307 302 302 302 300 301 303 301 305 304 304 305 302 299 298 300 305 306 306 307 308 308 309 309 309 308 304 306 306 305 303 305 305 306 306 307 305 305 306 306 304 302 304 305 306 306 306 305 304 304 304 304 304 305 305 304 305 304 304 304 304 303 302 302 302 302 302 302 302 302 301 301 301 301 301 301 302 301 301
308 311 311 310 304 304 302 302 296 294 300 303 302 303 302 302 305 300 302 303 303 305 307 308 308 308 308 308 309 309 309 307 307 307 305 304 306 306 304 306 305 305 306 306 306 306 304 303 304 304 305 306 306 305 304 304 304 304 305 305 305 305 304 304 304 303 302 302 302 301 301 301 301 301 301 301 301 301 301 301 301 301 301 301
304 309 309 308 306 308 307 304 298 295 300 303 304 304 303 305 303 300 302 303 305 306 307 307 307 308 308 308 309 309 308 308 308 306 301 302 304 305 300 300 304 304 305 305 306 306 306 305 305 305 304 304 306 306 305 305 304 305 305 305 305 304 304 304 303 303 302 302 301 301 301 301 301 301 301 302 301 301 301 301 301 301 302 301
306 308 307 308 307 305 306 301 296 295 299 303 302 298 298 300 299 300 297 300 300 302 305 304 306 307 308 309 308 308 308 308 308 307 304 301 303 305 303 300 298 301 301 301 306 306 307 307 306 306 306 306 305 305 306 305 305 305 305 305 305 304 304 304 303 303 302 301 301 301 300 301 301 301 301 301 301 301 301 301 301 301 302 302
306 305 301 306 305 303 305 300 291 287 298 302 298 292 290 292 293 298 297 300 302 303 305 303 304 304 306 308 308 308 308 308 308 308 304 299 304 305 303 299 299 301 303 303 306 306 306 306 307 307 306 306 305 306 306 306 305 305 304 304 304 304 304 303 303 302 302 301 301 301 300 300 300 300 300 299 300 300 300 300 301 301 301 301
300 299 297 304 302 304 306 298 289 294 301 300 294 287 285 288 295 295 296 301 303 304 306 304 305 306 305 307 307 307 308 308 308 308 307 305 304 306 304 301 301 303 304 305 306 307 307 307 306 306 306 305 304 305 306 305 305 304 304 303 303 304 303 303 303 302 302 301 301 301 300 300 300 300 300 300 300 299 299 300 301 301 301 300
294 296 301 302 299 304 302 292 291 295 300 298 292 288 288 292 294 292 295 300 302 304 304 303 304 304 305 306 306 307 308 308 308 308 308 307 307 307 307 306 305 306 306 306 306 307 307 307 306 306 306 305 304 304 305 305 304 304 304 302 303 303 303 303 303 302 302 301 301 301 301 300 300 300 300 299 299 299 299 300 300 300 300 300
292 300 302 300 296 300 296 293 291 296 297 294 291 288 289 293 293 291 294 300 302 304 303 303 304 303 305 307 307 307 305 308 308 308 308 308 308 307 307 307 307 307 307 306 306 307 307 307 306 306 306 306 305 303 304 305 304 303 304 303 303 304 303 303 302 302 301 301 301 301 301 300 300 300 300 299 299 300 300 300 300 300 300 300
299 304 298 299 295 298 301 299 297 299 298 292 287 289 295 298 297 297 296 299 301 302 301 304 305 304 306 307 308 308 307 308 308 308 308 308 308 308 308 307 307 307 307 307 306 307 307 306 306 306 306 306 306 303 303 304 304 304 304 304 303 303 303 302 302 301 301 301 300 300 301 301 300 300 300 300 300 300 300 300 300 300 300 300
304 302 296 300 293 297 301 299 299 301 299 294 286 291 294 298 300 300 300 300 302 303 299 303 306 305 306 307 307 308 308 308 308 308 308 308 308 308 308 307 306 307 308 307 307 307 306 305 306 306 305 305 305 304 302 303 304 304 303 304 303 303 302 302 301 301 299 300 300 301 300 300 300 301 300 300 300 300 300 299 299 299 300 300
300 298 299 302 296 297 301 299 298 301 300 296 290 295 295 298 300 301 302 303 303 302 301 302 306 306 307 307 307 308 308 308 308 309 309 309 308 308 308 308 307 307 307 306 306 305 306 306 305 305 305 305 305 305 303 303 303 303 303 304 303 302 302 301 301 299 299 300 300 301 300 300 300 300 301 301 300 300 297 299 299 299 300 299
297 299 304 303 299 299 297 300 299 301 299 297 296 298 298 300 301 301 300 301 301 300 302 303 304 304 304 306 307 308 308 308 308 308 308 308 308 308 308 308 308 307 306 306 305 304 304 305 304 305 305 305 305 305 304 303 302 303 303 303 303 302 302 300 301 301 300 301 301 300 301 301 301 301 301 300 299 299 298 298 298 299 300 299
