08 Ecocrop/raster/current/tmax_5.asc
ncols        683
nrows        518
xllcorner    -87.691666666667
yllcorner    10.708333333333
cellsize     0.008333333333
NODATA_value  1.#QNAN
[rows 296 to 332 of 518, columns 84 to 167 of 683]
332 332 332 333 333 333 333 333 332 331 330 329 327 327 326 324 323 323 324 324 325 326 326 326 324 322 316 305 295 300 303 316 324 325 327 327 328 329 331 330 331 331 333 336 337 337 337 337 336 336 336 336 336 337 337 337 337 337 338 338 338 338 337 335 334 333 333 333 333 333 333 333 333 333 333 334 334 334 334 334 335 335 334 332
332 332 332 333 333 333 333 333 332 332 331 330 329 329 328 327 326 326 327 327 328 328 328 327 325 322 316 305 301 304 309 320 324 325 325 325 326 327 329 329 330 330 331 335 336 336 336 336 336 335 335 335 335 336 335 336 336 336 337 337 338 337 336 335 334 333 332 332 332 333 333 333 333 333 333 333 333 334 334 334 334 335 335 333
331 332 332 332 333 333 334 333 333 333 332 332 331 330 330 329 329 328 329 329 329 329 329 328 326 324 320 315 314 314 317 322 324 323 323 323 324 324 324 327 327 327 329 332 333 334 336 335 335 334 334 334 335 335 334 335 335 335 336 337 338 337 336 335 334 333 332 332 332 333 333 333 333 333 333 333 333 333 333 334 334 334 334 333
331 331 332 332 333 333 334 334 334 334 333 333 333 332 332 331 331 331 331 331 331 330 330 329 328 326 325 322 321 322 322 323 323 321 319 320 321 321 322 323 323 325 328 331 332 333 334 334 331 331 332 334 334 334 334 334 334 335 336 336 337 337 336 335 333 332 332 332 332 332 333 333 333 333 333 333 333 333 333 333 333 334 334 333
331 331 332 332 333 333 334 334 334 334 334 334 334 334 333 333 332 332 332 332 331 331 331 330 329 328 327 325 324 324 323 322 321 316 311 315 315 316 316 317 321 323 327 331 333 333 334 334 332 330 331 332 332 333 333 333 334 334 335 336 337 336 335 334 333 332 331 332 332 332 333 333 333 332 332 332 332 332 332 333 333 333 333 333
330 331 331 332 332 333 334 334 334 335 335 335 335 335 334 334 333 333 332 332 332 332 331 330 329 328 328 327 325 324 323 321 320 317 309 310 306 305 309 313 313 319 325 328 332 333 333 333 333 330 330 331 331 331 332 332 333 334 335 335 336 336 335 334 333 331 331 331 332 332 333 333 333 332 332 332 332 332 332 332 332 333 333 332
330 331 331 332 332 333 333 334 334 335 335 335 335 335 334 334 334 333 333 333 332 332 332 331 330 328 327 326 325 323 320 320 318 314 306 305 297 300 301 299 300 310 320 326 330 332 333 333 332 329 329 329 330 330 331 332 332 333 334 335 336 335 335 333 332 331 330 331 331 332 332 332 332 332 331 331 331 331 331 331 331 331 331 331
330 331 331 332 332 333 333 334 334 334 334 335 335 335 334 334 334 333 333 333 332 332 331 330 329 328 326 325 324 323 321 319 317 314 310 300 286 291 288 289 293 307 320 328 330 332 333 332 332 331 329 328 329 329 330 331 332 333 334 334 335 335 334 333 332 331 330 330 331 331 331 331 331 330 330 330 329 329 329 329 329 329 329 329
331 331 332 332 332 333 333 333 334 334 334 335 335 335 335 334 334 333 333 333 332 332 332 331 329 328 326 325 323 321 320 318 315 315 311 300 292 286 280 286 301 312 322 329 332 332 332 332 331 329 328 327 327 328 329 331 331 332 333 334 335 335 334 333 331 330 330 330 330 330 330 330 329 329 329 328 328 328 327 327 327 327 326 327
331 331 332 332 332 333 333 333 334 334 334 335 335 335 335 334 334 334 333 333 333 332 332 331 329 328 327 326 324 322 320 318 316 314 311 307 300 294 294 298 307 316 325 330 332 332 331 331 330 328 326 325 326 328 329 330 331 332 333 333 334 334 333 332 331 330 329 329 329 329 329 329 328 328 328 327 327 326 326 325 325 324 324 325
331 332 332 332 332 333 333 333 333 334 334 334 334 334 334 334 334 334 333 333 333 332 332 331 330 329 327 326 324 322 320 318 317 314 312 310 309 305 306 309 312 314 326 331 332 332 327 326 327 325 324 325 325 327 328 329 330 331 332 333 334 334 333 332 331 330 329 329 328 328 328 328 327 327 326 326 325 325 324 323 323 322 322 322
331 332 332 332 332 333 333 333 333 334 334 334 334 334 334 334 334 334 334 333 333 332 333 332 330 329 327 326 324 323 322 319 317 317 315 314 313 311 313 316 317 323 327 330 333 332 328 325 319 322 328 332 328 327 328 328 330 331 332 333 334 333 333 332 330 329 328 328 328 327 327 326 326 325 325 324 324 323 322 322 321 320 320 321
331 332 332 332 333 333 333 333 333 333 333 333 333 334 333 333 333 333 333 333 333 333 333 332 331 330 328 327 326 325 323 321 320 319 319 318 316 302 307 320 323 326 329 331 332 332 330 326 318 322 330 331 328 324 324 325 326 327 330 331 332 332 332 330 329 328 327 327 326 326 325 325 324 324 324 323 323 322 321 321 320 320 319 320
332 332 332 333 333 333 332 332 333 333 333 334 334 333 333 333 333 333 333 333 333 333 332 332 331 330 329 328 327 326 325 323 322 322 321 321 322 316 318 325 326 327 329 330 331 331 331 328 327 329 330 330 325 318 319 322 322 323 325 330 332 331 330 329 328 327 326 325 325 324 324 323 323 323 322 322 322 321 321 320 320 319 319 320
332 333 333 333 333 332 330 333 333 334 333 333 333 333 333 333 333 332 332 333 333 333 333 333 332 331 330 329 328 327 326 325 324 324 324 324 324 325 326 329 328 329 330 331 331 331 331 330 327 328 329 325 317 309 307 313 318 321 324 329 330 330 329 328 327 325 324 324 323 323 322 322 322 321 321 321 320 320 320 319 319 319 318 319
332 333 333 333 333 333 333 334 334 333 333 332 333 333 332 332 332 332 333 333 333 333 333 333 333 332 331 331 330 329 328 327 327 326 326 326 326 326 326 328 329 329 330 331 331 331 331 331 330 328 325 318 309 292 283 301 315 319 323 325 330 329 328 327 325 324 323 322 322 321 321 320 320 320 320 319 319 319 319 319 318 318 318 319
333 333 333 333 333 334 334 334 333 333 333 332 332 332 332 332 332 332 333 333 333 333 334 334 333 333 332 332 332 330 330 329 329 328 327 327 328 328 328 328 329 329 330 330 330 330 330 330 330 328 325 318 306 288 275 298 313 318 322 326 329 328 327 325 324 323 322 321 320 320 319 319 319 319 318 318 318 318 318 318 318 318 318 319
331 331 332 332 333 333 333 333 333 333 332 331 330 331 332 332 332 332 333 333 333 334 334 334 333 333 332 333 332 331 331 331 330 329 328 328 327 328 329 328 329 329 329 329 329 330 329 329 329 328 326 321 311 301 297 302 309 312 318 323 326 327 325 324 323 322 321 320 320 319 319 318 318 318 318 318 318 318 318 318 318 318 318 318
330 330 331 331 331 331 332 332 331 331 331 331 330 331 331 332 332 332 333 333 333 334 334 334 333 333 333 333 332 331 331 331 331 330 329 329 329 329 329 328 329 329 329 329 329 329 328 328 327 326 326 323 318 314 311 306 306 309 316 324 325 325 324 323 322 321 320 320 319 319 318 318 318 318 318 318 318 318 318 318 318 318 318 318
327 328 329 330 329 326 327 329 330 330 329 329 327 329 331 331 332 332 333 333 333 333 333 333 333 333 333 333 332 332 332 332 331 331 330 330 330 329 329 329 329 329 329 328 328 328 327 326 325 325 324 324 323 321 320 316 312 313 317 323 324 323 322 322 321 320 319 319 319 319 318 318 318 318 318 318 318 318 318 318 318 318 318 318
327 328 327 327 328 323 320 323 326 327 326 325 325 328 330 331 331 332 332 333 333 333 333 333 333 333 333 333 332 332 332 332 332 332 332 331 331 330 330 329 328 328 327 328 327 327 326 325 324 323 322 322 322 322 322 321 321 321 321 322 322 321 321 320 320 319 319 319 318 318 318 318 318 318 318 318 318 318 318 318 318 318 318 318
325 326 325 323 325 326 325 321 318 319 321 323 325 328 330 331 331 332 332 333 333 333 333 333 333 333 333 333 333 333 333 333 333 333 333 332 332 331 330 328 329 328 326 325 327 326 325 324 322 321 320 320 320 320 320 320 320 320 320 320 320 320 319 319 319 318 318 318 318 318 318 318 318 318 318 318 318 318 318 318 318 318 318 318
324 324 325 325 324 325 325 325 323 318 317 319 323 328 329 330 331 332 332 333 333 333 333 333 333 333 333 333 333 333 333 333 333 334 333 333 332 331 330 329 329 328 326 326 326 326 325 323 322 320 319 319 319 319 319 318 318 319 319 319 319 319 319 318 318 318 318 318 318 318 318 318 318 318 318 318 318 318 318 318 318 318 318 318
324 323 324 325 325 325 325 326 327 325 320 319 321 327 329 330 331 332 332 333 333 333 333 333 333 333 333 333 333 333 333 333 333 334 333 333 332 332 331 330 330 329 328 327 327 327 326 324 323 321 320 320 320 319 319 319 319 319 319 319 319 318 318 318 318 318 318 318 318 318 318 318 318 318 318 318 318 318 318 318 318 318 318 318
324 324 324 325 325 325 325 325 323 323 325 325 321 322 328 330 331 332 332 333 333 333 333 333 333 334 333 333 333 333 333 333 333 334 333 333 333 332 332 331 331 330 329 328 327 327 327 325 324 322 321 321 320 320 319 319 319 319 319 319 319 313 311 318 318 318 318 318 318 318 318 318 318 318 318 318 318 318 318 318 318 318 318 318
324 324 324 324 325 325 325 325 325 325 325 323 325 325 325 330 329 331 333 333 333 333 333 334 334 334 334 333 333 333 333 333 333 334 333 333 333 332 332 332 331 331 330 329 329 327 327 326 325 323 322 322 321 320 320 319 319 319 319 319 318 316 316 318 318 318 318 318 318 318 318 318 318 318 318 318 318 318 318 318 318 318 319 318
323 323 323 324 324 324 324 325 326 326 323 325 324 326 328 330 330 329 330 332 333 333 334 334 334 334 334 333 333 333 333 333 333 333 333 333 333 333 333 332 332 332 331 330 330 329 328 327 326 324 323 322 322 321 320 319 319 319 319 319 318 318 318 318 318 318 318 318 318 318 318 318 318 318 318 318 319 319 319 319 319 319 319 319
1.#QNAN 1.#QNAN 323 323 323 323 324 324 325 326 326 327 327 327 329 330 331 331 330 330 333 334 334 334 334 334 334 333 333 333 333 333 333 333 333 333 333 333 333 333 332 332 332 331 331 330 329 328 327 325 324 323 322 322 321 320 319 319 319 319 318 318 318 318 318 318 318 318 318 318 318 318 318 318 318 319 319 319 319 319 319 319 319 319
1.#QNAN 1.#QNAN 1.#QNAN 323 323 323 324 324 325 326 326 326 326 326 328 329 330 331 331 331 333 334 334 334 334 334 334 334 334 334 334 334 334 334 334 334 333 333 333 333 333 332 332 332 332 331 330 329 328 327 326 325 325 324 323 322 322 321 321 320 320 319 319 319 319 318 318 318 318 318 318 319 319 319 320 320 321 321 321 321 321 321 321 320
1.#QNAN 1.#QNAN 1.#QNAN 1.#QNAN 1.#QNAN 323 324 324 325 326 326 326 327 327 328 327 329 330 330 331 333 333 334 334 334 334 334 334 334 334 334 334 334 334 334 334 334 333 333 333 333 333 332 332 332 331 331 330 330 329 328 327 327 326 325 324 324 323 322 322 321 321 320 320 319 319 318 319 319 319 319 319 320 321 321 322 322 323 323 323 323 323 322 322
1.#QNAN 1.#QNAN 1.#QNAN 1.#QNAN 1.#QNAN 1.#QNAN 324 324 325 325 326 326 327 327 327 328 329 330 330 331 332 333 333 334 334 334 334 334 334 334 335 335 335 335 335 334 334 334 333 333 333 333 333 333 333 332 331 331 331 330 330 329 328 328 327 326 326 325 324 323 322 322 321 320 320 319 319 319 319 320 320 320 321 322 323 323 324 325 325 324 324 324 324 323
1.#QNAN 1.#QNAN 1.#QNAN 1.#QNAN 1.#QNAN 1.#QNAN 1.#QNAN 1.#QNAN 324 325 325 326 326 325 327 329 329 329 330 331 332 333 333 334 334 334 334 334 334 335 335 335 335 336 335 335 334 334 334 333 333 333 333 333 333 333 332 332 332 332 331 330 329 329 329 329 328 327 326 325 324 323 322 321 321 320 319 320 320 320 321 321 322 323 324 325 326 326 326 326 326 326 326 325
1.#QNAN 1.#QNAN 1.#QNAN 1.#QNAN 1.#QNAN 1.#QNAN 1.#QNAN 1.#QNAN 1.#QNAN 1.#QNAN 325 325 325 326 327 328 329 330 330 331 331 333 333 334 334 334 334 334 335 335 335 336 336 336 336 335 335 334 334 333 333 333 333 333 333 333 333 333 333 333 333 332 331 330 329 330 329 328 327 326 325 324 323 322 321 320 320 320 320 321 321 322 323 324 325 327 327 327 327 327 327 328 328 326
1.#QNAN 1.#QNAN 1.#QNAN 1.#QNAN 1.#QNAN 1.#QNAN 1.#QNAN 1.#QNAN 1.#QNAN 1.#QNAN 1.#QNAN 1.#QNAN 325 326 327 327 328 329 329 330 330 332 333 333 333 334 334 334 334 334 335 335 335 336 335 335 335 335 334 334 334 333 333 333 333 333 333 333 333 334 333 332 331 330 329 329 328 328 328 327 326 325 324 323 322 321 321 321 322 322 323 323 324 325 326 327 327 328 327 327 327 328 328 327
1.#QNAN 1.#QNAN 1.#QNAN 1.#QNAN 1.#QNAN 1.#QNAN 1.#QNAN 1.#QNAN 1.#QNAN 1.#QNAN 1.#QNAN 1.#QNAN 1.#QNAN 1.#QNAN 326 327 327 328 328 329 330 330 331 332 332 332 333 333 333 334 334 334 334 335 335 335 335 335 334 334 334 334 334 333 333 333 333 333 333 333 333 332 331 330 329 328 327 326 326 325 326 326 326 325 324 323 323 323 324 324 324 325 325 325 326 324 325 326 324 326 327 328 328 327
1.#QNAN 1.#QNAN 1.#QNAN 1.#QNAN 1.#QNAN 1.#QNAN 1.#QNAN 1.#QNAN 1.#QNAN 1.#QNAN 1.#QNAN 1.#QNAN 1.#QNAN 1.#QNAN 1.#QNAN 326 327 327 328 328 328 329 330 330 331 331 332 332 332 333 333 334 334 334 334 335 335 334 333 334 334 334 334 333 333 333 333 333 333 333 332 332 331 330 329 327 326 324 325 324 325 325 325 326 325 325 324 325 325 326 326 326 326 326 325 323 323 319 316 321 324 326 326 327
1.#QNAN 1.#QNAN 1.#QNAN 1.#QNAN 1.#QNAN 1.#QNAN 1.#QNAN 1.#QNAN 1.#QNAN 1.#QNAN 1.#QNAN 1.#QNAN 1.#QNAN 1.#QNAN 1.#QNAN 1.#QNAN 1.#QNAN 326 327 327 327 328 328 329 329 330 330 331 331 332 333 333 333 334 334 334 334 333 333 334 334 334 334 333 333 333 333 333 332 332 332 331 331 330 329 328 326 325 323 323 325 323 323 325 325 326 326 327 327 327 328 327 327 326 324 322 317 321 319 314 316 320 326 327
