08 Ecocrop/raster/current/tmax_2.asc
ncols        683
nrows        518
xllcorner    -87.691666666667
yllcorner    10.708333333333
cellsize     0.008333333333
NODATA_value  1.#QNAN
[rows 148 to 184 of 518, columns 84 to 167 of 683]
1.#QNAN 1.#QNAN 1.#QNAN 1.#QNAN 1.#QNAN 1.#QNAN 1.#QNAN 1.#QNAN 1.#QNAN 1.#QNAN 1.#QNAN 1.#QNAN 1.#QNAN 1.#QNAN 1.#QNAN 1.#QNAN 1.#QNAN 1.#QNAN 1.#QNAN 1.#QNAN 1.#QNAN 1.#QNAN 1.#QNAN 1.#QNAN 1.#QNAN 1.#QNAN 1.#QNAN 1.#QNAN 1.#QNAN 1.#QNAN 1.#QNAN 294 289 287 283 279 278 275 276 1.#QNAN 1.#QNAN 1.#QNAN 1.#QNAN 259 1.#QNAN 1.#QNAN 1.#QNAN 248 246 242 241 246 243 237 242 241 240 1.#QNAN 1.#QNAN 1.#QNAN 1.#QNAN 1.#QNAN 1.#QNAN 1.#QNAN 1.#QNAN 1.#QNAN 1.#QNAN 1.#QNAN 1.#QNAN 1.#QNAN 1.#QNAN 1.#QNAN 1.#QNAN 1.#QNAN 1.#QNAN 1.#QNAN 1.#QNAN 1.#QNAN 1.#QNAN 1.#QNAN 237 242 248 254
1.#QNAN 1.#QNAN 1.#QNAN 1.#QNAN 1.#QNAN 1.#QNAN 1.#QNAN 1.#QNAN 1.#QNAN 1.#QNAN 1.#QNAN 1.#QNAN 1.#QNAN 1.#QNAN 1.#QNAN 1.#QNAN 1.#QNAN 1.#QNAN 1.#QNAN 1.#QNAN 1.#QNAN 1.#QNAN 1.#QNAN 1.#QNAN 1.#QNAN 1.#QNAN 1.#QNAN 1.#QNAN 1.#QNAN 1.#QNAN 301 294 291 284 280 276 275 271 271 272 268 265 261 252 247 249 247 238 238 243 241 241 248 246 248 243 237 238 1.#QNAN 1.#QNAN 1.#QNAN 1.#QNAN 1.#QNAN 213 211 213 1.#QNAN 1.#QNAN 1.#QNAN 1.#QNAN 1.#QNAN 1.#QNAN 1.#QNAN 1.#QNAN 1.#QNAN 1.#QNAN 1.#QNAN 1.#QNAN 1.#QNAN 225 232 240 249 255
1.#QNAN 1.#QNAN 1.#QNAN 1.#QNAN 1.#QNAN 1.#QNAN 1.#QNAN 1.#QNAN 1.#QNAN 1.#QNAN 1.#QNAN 1.#QNAN 1.#QNAN 1.#QNAN 1.#QNAN 1.#QNAN 1.#QNAN 1.#QNAN 1.#QNAN 1.#QNAN 1.#QNAN 1.#QNAN 1.#QNAN 1.#QNAN 1.#QNAN 1.#QNAN 1.#QNAN 314 306 300 297 294 289 286 281 274 269 265 268 266 264 258 254 253 246 242 242 240 238 240 241 236 243 251 250 249 241 235 233 221 215 213 214 213 211 205 214 1.#QNAN 1.#QNAN 1.#QNAN 1.#QNAN 1.#QNAN 1.#QNAN 208 219 1.#QNAN 1.#QNAN 1.#QNAN 222 217 229 235 246 252
1.#QNAN 1.#QNAN 1.#QNAN 1.#QNAN 1.#QNAN 1.#QNAN 1.#QNAN 1.#QNAN 1.#QNAN 1.#QNAN 1.#QNAN 1.#QNAN 1.#QNAN 1.#QNAN 1.#QNAN 1.#QNAN 1.#QNAN 1.#QNAN 1.#QNAN 1.#QNAN 1.#QNAN 1.#QNAN 1.#QNAN 1.#QNAN 1.#QNAN 1.#QNAN 310 310 304 300 297 292 291 287 284 278 272 268 267 264 261 254 259 255 246 248 256 252 248 245 242 245 242 246 253 252 246 244 241 230 216 214 217 217 218 205 204 197 195 199 194 197 208 206 215 216 215 218 225 220 230 239 238 250
1.#QNAN 1.#QNAN 1.#QNAN 1.#QNAN 1.#QNAN 1.#QNAN 1.#QNAN 1.#QNAN 1.#QNAN 1.#QNAN 1.#QNAN 1.#QNAN 1.#QNAN 1.#QNAN 1.#QNAN 1.#QNAN 1.#QNAN 1.#QNAN 1.#QNAN 1.#QNAN 1.#QNAN 1.#QNAN 1.#QNAN 1.#QNAN 1.#QNAN 1.#QNAN 315 307 304 301 295 292 287 289 286 283 279 275 269 264 258 251 258 260 255 259 260 256 251 250 250 252 248 245 249 255 249 249 246 237 219 214 221 225 224 212 216 212 201 206 204 204 215 211 214 225 217 219 234 233 238 242 246 253
1.#QNAN 1.#QNAN 1.#QNAN 1.#QNAN 1.#QNAN 1.#QNAN 1.#QNAN 1.#QNAN 1.#QNAN 1.#QNAN 1.#QNAN 1.#QNAN 1.#QNAN 1.#QNAN 1.#QNAN 1.#QNAN 1.#QNAN 1.#QNAN 1.#QNAN 1.#QNAN 1.#QNAN 1.#QNAN 1.#QNAN 1.#QNAN 1.#QNAN 1.#QNAN 312 314 308 304 299 294 290 289 288 286 282 277 274 269 262 256 262 266 266 264 259 255 250 254 254 256 252 246 247 250 257 255 247 231 225 220 227 230 232 224 224 227 220 220 218 210 219 227 219 223 230 228 235 242 243 250 255 256
1.#QNAN 1.#QNAN 1.#QNAN 1.#QNAN 1.#QNAN 1.#QNAN 1.#QNAN 1.#QNAN 1.#QNAN 1.#QNAN 1.#QNAN 1.#QNAN 1.#QNAN 1.#QNAN 1.#QNAN 1.#QNAN 1.#QNAN 1.#QNAN 1.#QNAN 1.#QNAN 1.#QNAN 1.#QNAN 1.#QNAN 1.#QNAN 1.#QNAN 1.#QNAN 1.#QNAN 315 312 308 305 300 292 288 290 288 285 281 278 272 265 258 261 269 269 268 261 260 258 261 260 260 255 248 248 251 257 258 244 235 233 235 234 238 237 231 236 237 235 229 218 214 219 233 233 229 236 241 241 248 250 253 256 260
1.#QNAN 1.#QNAN 1.#QNAN 1.#QNAN 1.#QNAN 1.#QNAN 1.#QNAN 1.#QNAN 1.#QNAN 1.#QNAN 1.#QNAN 1.#QNAN 1.#QNAN 1.#QNAN 1.#QNAN 1.#QNAN 1.#QNAN 1.#QNAN 1.#QNAN 1.#QNAN 1.#QNAN 1.#QNAN 1.#QNAN 1.#QNAN 1.#QNAN 1.#QNAN 1.#QNAN 318 316 313 310 303 295 291 294 290 287 285 280 273 265 258 264 272 273 271 268 267 266 265 261 259 258 252 248 251 255 262 257 250 246 239 245 245 248 241 241 246 242 232 223 220 223 235 242 238 242 248 247 251 255 257 257 260
1.#QNAN 1.#QNAN 1.#QNAN 1.#QNAN 1.#QNAN 1.#QNAN 1.#QNAN 1.#QNAN 1.#QNAN 1.#QNAN 1.#QNAN 1.#QNAN 1.#QNAN 1.#QNAN 1.#QNAN 1.#QNAN 1.#QNAN 1.#QNAN 1.#QNAN 1.#QNAN 1.#QNAN 1.#QNAN 1.#QNAN 1.#QNAN 1.#QNAN 1.#QNAN 1.#QNAN 319 318 316 313 309 300 298 294 293 291 286 279 271 261 264 270 274 275 274 273 271 270 266 260 256 257 251 247 249 255 263 265 258 249 249 246 252 256 250 248 251 241 240 235 226 230 233 247 245 246 253 256 257 258 261 261 262
1.#QNAN 1.#QNAN 1.#QNAN 1.#QNAN 1.#QNAN 1.#QNAN 1.#QNAN 1.#QNAN 1.#QNAN 1.#QNAN 1.#QNAN 1.#QNAN 1.#QNAN 1.#QNAN 1.#QNAN 1.#QNAN 1.#QNAN 1.#QNAN 1.#QNAN 1.#QNAN 1.#QNAN 1.#QNAN 1.#QNAN 1.#QNAN 1.#QNAN 1.#QNAN 1.#QNAN 318 317 316 315 313 307 301 298 296 291 284 272 261 263 269 273 276 276 274 273 271 269 266 262 257 252 252 244 245 249 255 267 267 263 263 255 257 261 259 251 256 245 249 242 234 240 240 249 256 251 252 261 263 260 261 266 264
1.#QNAN 1.#QNAN 1.#QNAN 1.#QNAN 1.#QNAN 1.#QNAN 1.#QNAN 1.#QNAN 1.#QNAN 1.#QNAN 1.#QNAN 1.#QNAN 1.#QNAN 1.#QNAN 1.#QNAN 1.#QNAN 1.#QNAN 1.#QNAN 1.#QNAN 1.#QNAN 1.#QNAN 1.#QNAN 1.#QNAN 1.#QNAN 1.#QNAN 1.#QNAN 318 318 317 316 314 310 307 304 301 297 289 279 260 257 266 271 275 275 274 269 264 268 267 264 259 254 247 249 243 244 248 250 259 272 272 270 262 265 267 266 262 263 255 257 247 245 248 253 255 261 257 256 257 265 267 261 268 269
1.#QNAN 1.#QNAN 1.#QNAN 1.#QNAN 1.#QNAN 1.#QNAN 1.#QNAN 1.#QNAN 1.#QNAN 1.#QNAN 1.#QNAN 1.#QNAN 1.#QNAN 1.#QNAN 1.#QNAN 1.#QNAN 1.#QNAN 1.#QNAN 1.#QNAN 1.#QNAN 1.#QNAN 1.#QNAN 1.#QNAN 1.#QNAN 1.#QNAN 1.#QNAN 316 318 318 317 312 310 305 304 299 294 286 273 262 265 265 271 276 275 273 266 260 269 272 267 259 254 250 251 250 252 249 255 264 269 277 276 270 267 271 274 266 270 266 265 262 254 261 263 263 266 260 264 262 260 267 268 270 270
1.#QNAN 1.#QNAN 1.#QNAN 1.#QNAN 1.#QNAN 1.#QNAN 1.#QNAN 1.#QNAN 1.#QNAN 1.#QNAN 1.#QNAN 1.#QNAN 1.#QNAN 1.#QNAN 1.#QNAN 1.#QNAN 1.#QNAN 1.#QNAN 1.#QNAN 1.#QNAN 1.#QNAN 1.#QNAN 1.#QNAN 1.#QNAN 1.#QNAN 311 315 311 314 313 313 310 307 302 293 286 286 271 266 268 273 276 276 276 273 267 260 268 275 272 269 263 259 259 259 263 260 259 268 277 281 277 274 276 274 279 278 277 275 274 272 268 266 266 271 270 269 271 274 273 275 275 274 276
1.#QNAN 1.#QNAN 1.#QNAN 1.#QNAN 1.#QNAN 1.#QNAN 1.#QNAN 1.#QNAN 1.#QNAN 1.#QNAN 1.#QNAN 1.#QNAN 1.#QNAN 1.#QNAN 1.#QNAN 1.#QNAN 1.#QNAN 1.#QNAN 1.#QNAN 1.#QNAN 1.#QNAN 1.#QNAN 1.#QNAN 1.#QNAN 1.#QNAN 305 311 305 304 300 301 302 308 302 295 288 286 277 268 261 270 277 277 276 276 270 266 268 275 275 271 265 268 266 264 262 271 270 271 279 285 282 276 277 282 284 283 279 277 278 277 276 275 274 277 277 278 279 279 279 280 281 281 279
1.#QNAN 1.#QNAN 1.#QNAN 1.#QNAN 1.#QNAN 1.#QNAN 1.#QNAN 1.#QNAN 1.#QNAN 1.#QNAN 1.#QNAN 1.#QNAN 1.#QNAN 1.#QNAN 1.#QNAN 1.#QNAN 1.#QNAN 1.#QNAN 1.#QNAN 1.#QNAN 1.#QNAN 1.#QNAN 1.#QNAN 1.#QNAN 309 301 305 300 291 284 285 288 301 303 299 293 292 285 269 264 267 268 279 277 277 278 274 273 276 279 272 266 272 274 270 266 275 275 277 282 286 285 280 274 280 285 286 286 286 285 281 282 282 281 281 280 281 282 282 282 283 283 281 277
1.#QNAN 1.#QNAN 1.#QNAN 1.#QNAN 1.#QNAN 1.#QNAN 1.#QNAN 1.#QNAN 1.#QNAN 1.#QNAN 1.#QNAN 1.#QNAN 1.#QNAN 1.#QNAN 1.#QNAN 1.#QNAN 1.#QNAN 1.#QNAN 1.#QNAN 1.#QNAN 1.#QNAN 1.#QNAN 1.#QNAN 1.#QNAN 295 295 295 292 286 279 281 290 299 306 303 299 295 281 270 265 264 268 276 282 282 282 281 280 281 282 277 271 273 277 276 275 279 281 282 278 283 289 286 281 282 287 288 288 289 288 286 286 286 285 284 283 284 284 284 283 284 284 283 279
1.#QNAN 1.#QNAN 1.#QNAN 1.#QNAN 1.#QNAN 1.#QNAN 1.#QNAN 1.#QNAN 1.#QNAN 1.#QNAN 1.#QNAN 1.#QNAN 1.#QNAN 1.#QNAN 1.#QNAN 1.#QNAN 1.#QNAN 1.#QNAN 1.#QNAN 1.#QNAN 1.#QNAN 1.#QNAN 1.#QNAN 1.#QNAN 287 286 286 285 288 286 289 290 299 304 304 300 292 280 273 269 270 271 272 275 281 285 285 285 284 281 278 272 276 279 281 280 277 284 287 280 277 283 290 291 292 291 290 290 290 291 289 288 288 288 286 286 286 286 286 285 284 286 285 282
1.#QNAN 1.#QNAN 1.#QNAN 1.#QNAN 1.#QNAN 1.#QNAN 1.#QNAN 1.#QNAN 1.#QNAN 1.#QNAN 1.#QNAN 1.#QNAN 1.#QNAN 1.#QNAN 1.#QNAN 1.#QNAN 1.#QNAN 1.#QNAN 1.#QNAN 1.#QNAN 1.#QNAN 1.#QNAN 1.#QNAN 1.#QNAN 1.#QNAN 282 286 289 289 290 294 297 299 303 300 293 287 289 284 274 266 261 259 264 272 280 286 288 287 285 285 283 282 278 283 285 286 286 287 288 289 292 294 293 294 293 292 292 293 293 291 290 290 290 289 289 289 289 288 287 286 287 287 286
1.#QNAN 1.#QNAN 1.#QNAN 1.#QNAN 1.#QNAN 1.#QNAN 1.#QNAN 1.#QNAN 1.#QNAN 1.#QNAN 1.#QNAN 1.#QNAN 1.#QNAN 1.#QNAN 1.#QNAN 1.#QNAN 1.#QNAN 1.#QNAN 1.#QNAN 1.#QNAN 1.#QNAN 1.#QNAN 1.#QNAN 1.#QNAN 1.#QNAN 1.#QNAN 1.#QNAN 1.#QNAN 291 293 296 299 301 299 297 286 279 278 278 278 266 256 252 262 273 279 285 288 290 290 290 289 285 284 287 288 291 290 289 293 295 295 295 295 296 295 295 295 295 295 293 293 293 292 291 291 291 290 289 288 288 288 289 286
1.#QNAN 1.#QNAN 1.#QNAN 1.#QNAN 1.#QNAN 1.#QNAN 1.#QNAN 1.#QNAN 1.#QNAN 1.#QNAN 1.#QNAN 1.#QNAN 1.#QNAN 1.#QNAN 1.#QNAN 1.#QNAN 1.#QNAN 1.#QNAN 1.#QNAN 1.#QNAN 1.#QNAN 1.#QNAN 1.#QNAN 1.#QNAN 1.#QNAN 1.#QNAN 1.#QNAN 1.#QNAN 290 292 294 297 298 296 290 284 278 274 273 278 269 260 266 272 278 279 280 284 289 289 291 292 291 291 291 291 293 294 295 296 296 296 296 297 297 296 296 296 296 296 297 295 293 291 289 291 292 291 291 289 289 287 288 286
1.#QNAN 1.#QNAN 1.#QNAN 1.#QNAN 1.#QNAN 1.#QNAN 1.#QNAN 1.#QNAN 1.#QNAN 1.#QNAN 1.#QNAN 1.#QNAN 1.#QNAN 1.#QNAN 1.#QNAN 1.#QNAN 1.#QNAN 1.#QNAN 1.#QNAN 1.#QNAN 1.#QNAN 1.#QNAN 1.#QNAN 1.#QNAN 1.#QNAN 1.#QNAN 1.#QNAN 1.#QNAN 288 289 292 293 292 288 281 279 274 272 275 276 271 264 266 268 271 269 270 277 286 286 286 286 290 293 293 293 294 295 296 296 297 297 297 297 297 297 297 296 295 292 292 294 295 293 291 288 292 291 290 288 287 287 285 286
1.#QNAN 1.#QNAN 1.#QNAN 1.#QNAN 1.#QNAN 1.#QNAN 1.#QNAN 1.#QNAN 1.#QNAN 1.#QNAN 1.#QNAN 1.#QNAN 1.#QNAN 1.#QNAN 1.#QNAN 1.#QNAN 1.#QNAN 1.#QNAN 1.#QNAN 1.#QNAN 1.#QNAN 1.#QNAN 1.#QNAN 1.#QNAN 1.#QNAN 1.#QNAN 1.#QNAN 279 283 287 289 289 283 282 275 273 267 266 269 273 271 265 255 253 258 257 262 276 283 282 276 275 281 285 286 292 294 296 296 297 297 297 297 295 294 293 294 292 286 282 282 289 292 293 294 291 291 290 288 288 285 285 287 285
1.#QNAN 1.#QNAN 1.#QNAN 1.#QNAN 1.#QNAN 1.#QNAN 1.#QNAN 1.#QNAN 1.#QNAN 1.#QNAN 1.#QNAN 1.#QNAN 1.#QNAN 1.#QNAN 1.#QNAN 1.#QNAN 1.#QNAN 1.#QNAN 1.#QNAN 1.#QNAN 1.#QNAN 1.#QNAN 1.#QNAN 1.#QNAN 1.#QNAN 1.#QNAN 1.#QNAN 276 280 282 286 283 275 267 262 263 261 265 267 272 274 266 256 255 259 263 266 275 277 273 272 280 287 285 287 291 292 292 291 295 295 294 294 291 291 289 288 284 275 279 283 287 289 290 291 292 291 288 287 288 284 285 287 282
1.#QNAN 1.#QNAN 1.#QNAN 1.#QNAN 1.#QNAN 1.#QNAN 1.#QNAN 1.#QNAN 1.#QNAN 1.#QNAN 1.#QNAN 1.#QNAN 1.#QNAN 1.#QNAN 1.#QNAN 1.#QNAN 1.#QNAN 1.#QNAN 1.#QNAN 1.#QNAN 1.#QNAN 1.#QNAN 1.#QNAN 1.#QNAN 1.#QNAN 1.#QNAN 1.#QNAN 271 275 272 278 273 270 258 254 251 257 256 261 268 277 273 269 270 272 274 275 280 274 268 277 284 290 290 292 294 291 285 285 286 287 292 288 284 283 281 280 282 283 284 286 287 289 289 290 290 291 291 291 290 289 287 284 281
1.#QNAN 1.#QNAN 1.#QNAN 1.#QNAN 1.#QNAN 1.#QNAN 1.#QNAN 1.#QNAN 1.#QNAN 1.#QNAN 1.#QNAN 1.#QNAN 1.#QNAN 1.#QNAN 1.#QNAN 1.#QNAN 1.#QNAN 1.#QNAN 1.#QNAN 1.#QNAN 1.#QNAN 1.#QNAN 1.#QNAN 1.#QNAN 1.#QNAN 1.#QNAN 260 266 270 268 274 267 262 260 253 252 258 268 270 274 278 280 279 279 280 275 278 283 279 277 284 287 291 291 293 291 292 292 291 288 286 287 284 274 271 275 279 282 284 285 286 285 282 281 285 283 284 283 284 285 283 288 282 279
1.#QNAN 1.#QNAN 1.#QNAN 1.#QNAN 1.#QNAN 1.#QNAN 1.#QNAN 1.#QNAN 1.#QNAN 1.#QNAN 1.#QNAN 1.#QNAN 1.#QNAN 1.#QNAN 1.#QNAN 1.#QNAN 1.#QNAN 1.#QNAN 1.#QNAN 1.#QNAN 1.#QNAN 1.#QNAN 1.#QNAN 1.#QNAN 1.#QNAN 1.#QNAN 256 262 266 267 265 267 263 260 259 263 269 274 279 281 284 284 284 284 285 282 283 286 285 283 286 290 292 289 290 290 292 289 291 291 289 287 281 271 259 273 280 283 284 284 281 275 272 273 273 270 273 273 277 283 287 287 282 278
1.#QNAN 1.#QNAN 1.#QNAN 1.#QNAN 1.#QNAN 1.#QNAN 1.#QNAN 1.#QNAN 1.#QNAN 1.#QNAN 1.#QNAN 1.#QNAN 1.#QNAN 1.#QNAN 1.#QNAN 1.#QNAN 1.#QNAN 1.#QNAN 1.#QNAN 1.#QNAN 1.#QNAN 1.#QNAN 1.#QNAN 1.#QNAN 1.#QNAN 1.#QNAN 250 253 256 257 256 257 255 249 256 262 265 272 276 282 287 287 287 288 288 288 289 288 288 289 291 291 289 285 285 287 290 287 289 289 287 283 280 272 259 272 278 281 282 280 275 274 276 277 273 268 270 274 280 283 285 289 285 282
1.#QNAN 1.#QNAN 1.#QNAN 1.#QNAN 1.#QNAN 1.#QNAN 1.#QNAN 1.#QNAN 1.#QNAN 1.#QNAN 1.#QNAN 1.#QNAN 1.#QNAN 1.#QNAN 1.#QNAN 1.#QNAN 1.#QNAN 1.#QNAN 1.#QNAN 1.#QNAN 1.#QNAN 1.#QNAN 1.#QNAN 1.#QNAN 1.#QNAN 1.#QNAN 1.#QNAN 247 252 261 262 263 253 252 263 260 259 274 282 286 289 290 290 291 291 291 291 291 291 292 288 288 284 285 287 289 288 286 287 288 287 285 281 276 272 276 278 276 277 274 272 271 273 275 277 273 275 279 278 281 286 290 288 288
1.#QNAN 1.#QNAN 1.#QNAN 1.#QNAN 1.#QNAN 1.#QNAN 1.#QNAN 1.#QNAN 1.#QNAN 1.#QNAN 1.#QNAN 1.#QNAN 1.#QNAN 1.#QNAN 1.#QNAN 1.#QNAN 1.#QNAN 1.#QNAN 1.#QNAN 1.#QNAN 1.#QNAN 1.#QNAN 1.#QNAN 1.#QNAN 1.#QNAN 1.#QNAN 1.#QNAN 1.#QNAN 1.#QNAN 263 269 260 253 264 268 263 271 277 280 288 292 292 292 293 293 293 293 292 292 292 289 290 288 284 287 287 286 282 286 284 283 281 279 278 279 279 279 275 271 269 269 270 272 276 279 278 276 280 282 282 285 289 290 291
1.#QNAN 1.#QNAN 1.#QNAN 1.#QNAN 1.#QNAN 1.#QNAN 1.#QNAN 1.#QNAN 1.#QNAN 1.#QNAN 1.#QNAN 1.#QNAN 1.#QNAN 1.#QNAN 1.#QNAN 1.#QNAN 1.#QNAN 1.#QNAN 1.#QNAN 1.#QNAN 1.#QNAN 1.#QNAN 1.#QNAN 1.#QNAN 1.#QNAN 1.#QNAN 1.#QNAN 1.#QNAN 1.#QNAN 264 267 266 262 268 272 274 282 286 286 293 294 294 294 294 295 295 294 294 292 291 290 289 289 285 285 286 284 284 284 284 282 280 279 278 279 280 279 273 270 268 268 267 269 270 275 279 276 281 285 286 286 286 290 292
1.#QNAN 1.#QNAN 1.#QNAN 1.#QNAN 1.#QNAN 1.#QNAN 1.#QNAN 1.#QNAN 1.#QNAN 1.#QNAN 1.#QNAN 1.#QNAN 1.#QNAN 1.#QNAN 1.#QNAN 1.#QNAN 1.#QNAN 1.#QNAN 1.#QNAN 1.#QNAN 1.#QNAN 1.#QNAN 1.#QNAN 1.#QNAN 1.#QNAN 1.#QNAN 1.#QNAN 1.#QNAN 1.#QNAN 257 264 271 272 273 279 283 287 289 292 294 295 295 296 296 296 296 295 294 292 291 289 287 286 286 285 284 283 284 284 282 282 276 278 280 280 280 277 276 272 272 265 264 263 269 276 281 280 283 283 281 283 287 287 290
1.#QNAN 1.#QNAN 1.#QNAN 1.#QNAN 1.#QNAN 1.#QNAN 1.#QNAN 1.#QNAN 1.#QNAN 1.#QNAN 1.#QNAN 1.#QNAN 1.#QNAN 1.#QNAN 1.#QNAN 1.#QNAN 1.#QNAN 1.#QNAN 1.#QNAN 1.#QNAN 1.#QNAN 1.#QNAN 1.#QNAN 1.#QNAN 1.#QNAN 1.#QNAN 1.#QNAN 1.#QNAN 1.#QNAN 257 264 274 277 279 281 286 288 283 289 294 295 294 296 297 297 296 294 292 291 290 289 288 285 281 285 282 279 277 282 283 284 282 276 277 282 281 284 280 277 273 268 263 263 273 278 279 279 279 279 281 284 285 286 288
1.#QNAN 1.#QNAN 1.#QNAN 1.#QNAN 1.#QNAN 1.#QNAN 1.#QNAN 1.#QNAN 1.#QNAN 1.#QNAN 1.#QNAN 1.#QNAN 1.#QNAN 1.#QNAN 1.#QNAN 1.#QNAN 1.#QNAN 1.#QNAN 1.#QNAN 1.#QNAN 1.#QNAN 1.#QNAN 1.#QNAN 1.#QNAN 1.#QNAN 1.#QNAN 1.#QNAN 1.#QNAN 1.#QNAN 253 261 270 278 275 280 284 284 286 291 294 293 291 296 297 297 294 294 292 291 289 288 287 286 281 280 278 271 269 275 282 284 284 283 281 279 282 285 285 282 280 277 271 267 269 273 276 278 278 281 283 282 283 287 287
1.#QNAN 1.#QNAN 1.#QNAN 1.#QNAN 1.#QNAN 1.#QNAN 1.#QNAN 1.#QNAN 1.#QNAN 1.#QNAN 1.#QNAN 1.#QNAN 1.#QNAN 1.#QNAN 1.#QNAN 1.#QNAN 1.#QNAN 1.#QNAN 1.#QNAN 1.#QNAN 1.#QNAN 1.#QNAN 1.#QNAN 1.#QNAN 1.#QNAN 1.#QNAN 1.#QNAN 1.#QNAN 1.#QNAN 1.#QNAN 265 272 276 274 277 282 285 288 290 292 290 294 296 295 295 294 290 292 291 289 287 287 285 280 269 264 273 279 281 282 282 283 284 284 282 280 281 286 287 283 282 279 275 270 277 277 278 279 281 280 282 281 282 284
1.#QNAN 1.#QNAN 1.#QNAN 1.#QNAN 1.#QNAN 1.#QNAN 1.#QNAN 1.#QNAN 1.#QNAN 1.#QNAN 1.#QNAN 1.#QNAN 1.#QNAN 1.#QNAN 1.#QNAN 1.#QNAN 1.#QNAN 1.#QNAN 1.#QNAN 1.#QNAN 1.#QNAN 1.#QNAN 1.#QNAN 1.#QNAN 1.#QNAN 1.#QNAN 1.#QNAN 1.#QNAN 1.#QNAN 1.#QNAN 262 269 271 272 269 276 285 281 279 288 291 295 294 289 290 293 290 290 290 288 285 285 284 280 277 273 280 284 284 281 282 281 282 286 285 284 287 287 289 286 285 285 284 281 280 279 278 278 282 284 285 287 288 289
1.#QNAN 1.#QNAN 1.#QNAN 1.#QNAN 1.#QNAN 1.#QNAN 1.#QNAN 1.#QNAN 1.#QNAN 1.#QNAN 1.#QNAN 1.#QNAN 1.#QNAN 1.#QNAN 1.#QNAN 1.#QNAN 1.#QNAN 1.#QNAN 1.#QNAN 1.#QNAN 1.#QNAN 1.#QNAN 1.#QNAN 1.#QNAN 1.#QNAN 1.#QNAN 1.#QNAN 1.#QNAN 1.#QNAN 1.#QNAN 265 268 276 280 277 276 283 275 271 284 294 290 282 280 286 290 287 289 290 288 284 278 281 281 283 283 284 286 287 283 280 282 284 288 289 290 290 289 291 289 289 289 288 287 284 286 285 284 286 287 287 289 289 291
1.#QNAN 1.#QNAN 1.#QNAN 1.#QNAN 1.#QNAN 1.#QNAN 1.#QNAN 1.#QNAN 1.#QNAN 1.#QNAN 1.#QNAN 1.#QNAN 1.#QNAN 1.#QNAN 1.#QNAN 1.#QNAN 1.#QNAN 1.#QNAN 1.#QNAN 1.#QNAN 1.#QNAN 1.#QNAN 1.#QNAN 1.#QNAN 1.#QNAN 1.#QNAN 1.#QNAN 1.#QNAN 1.#QNAN 1.#QNAN 268 271 277 283 281 279 288 278 275 286 294 282 274 277 284 288 286 287 287 286 284 276 272 276 280 284 286 286 287 288 286 284 286 286 286 290 291 291 292 292 292 291 291 288 286 287 288 288 287 289 289 292 292 288
