08 Ecocrop/raster/current/tmax_7.asc
ncols        683
nrows        518
xllcorner    -87.691666666667
yllcorner    10.708333333333
cellsize     0.008333333333
NODATA_value  1.#QNAN
[rows 37 to 73 of 518, columns 336 to 419 of 683]
299 299 298 297 299 301 302 302 301 301 302 302 302 302 302 302 302 303 1.#QNAN 1.#QNAN 1.#QNAN 1.#QNAN 1.#QNAN 1.#QNAN 1.#QNAN 1.#QNAN 1.#QNAN 1.#QNAN 1.#QNAN 1.#QNAN 1.#QNAN 1.#QNAN 1.#QNAN 1.#QNAN 1.#QNAN 1.#QNAN 1.#QNAN 1.#QNAN 1.#QNAN 1.#QNAN 1.#QNAN 1.#QNAN 1.#QNAN 1.#QNAN 1.#QNAN 1.#QNAN 1.#QNAN 1.#QNAN 1.#QNAN 1.#QNAN 1.#QNAN 1.#QNAN 1.#QNAN 1.#QNAN 1.#QNAN 1.#QNAN 1.#QNAN 1.#QNAN 1.#QNAN 1.#QNAN 1.#QNAN 1.#QNAN 297 298 1.#QNAN 1.#QNAN 1.#QNAN 1.#QNAN 1.#QNAN 1.#QNAN 1.#QNAN 1.#QNAN 1.#QNAN 1.#QNAN 294 293 292 292 291 291 291 291 290 291
300 299 298 299 301 301 302 301 301 302 302 302 302 302 302 302 302 302 302 1.#QNAN 1.#QNAN 1.#QNAN 1.#QNAN 1.#QNAN 1.#QNAN 1.#QNAN 1.#QNAN 1.#QNAN 1.#QNAN 1.#QNAN 1.#QNAN 1.#QNAN 1.#QNAN 1.#QNAN 1.#QNAN 1.#QNAN 1.#QNAN 1.#QNAN 1.#QNAN 1.#QNAN 1.#QNAN 1.#QNAN 1.#QNAN 1.#QNAN 1.#QNAN 1.#QNAN 1.#QNAN 1.#QNAN 1.#QNAN 1.#QNAN 1.#QNAN 1.#QNAN 1.#QNAN 1.#QNAN 1.#QNAN 1.#QNAN 1.#QNAN 1.#QNAN 1.#QNAN 1.#QNAN 1.#QNAN 1.#QNAN 297 297 297 297 1.#QNAN 1.#QNAN 1.#QNAN 1.#QNAN 1.#QNAN 1.#QNAN 1.#QNAN 1.#QNAN 1.#QNAN 293 292 291 291 291 291 291 290 290
301 301 301 301 301 302 302 302 302 302 302 302 302 302 302 302 302 302 302 302 303 1.#QNAN 1.#QNAN 1.#QNAN 1.#QNAN 1.#QNAN 1.#QNAN 1.#QNAN 1.#QNAN 1.#QNAN 1.#QNAN 1.#QNAN 1.#QNAN 1.#QNAN 1.#QNAN 1.#QNAN 1.#QNAN 1.#QNAN 1.#QNAN 1.#QNAN 1.#QNAN 1.#QNAN 1.#QNAN 1.#QNAN 1.#QNAN 1.#QNAN 1.#QNAN 1.#QNAN 1.#QNAN 1.#QNAN 1.#QNAN 1.#QNAN 1.#QNAN 1.#QNAN 1.#QNAN 1.#QNAN 1.#QNAN 1.#QNAN 1.#QNAN 1.#QNAN 1.#QNAN 297 297 296 297 296 1.#QNAN 1.#QNAN 1.#QNAN 1.#QNAN 1.#QNAN 1.#QNAN 1.#QNAN 1.#QNAN 1.#QNAN 293 291 290 291 291 291 290 290 290
301 301 301 301 301 301 301 301 301 302 302 301 301 301 301 300 301 301 301 301 301 302 1.#QNAN 1.#QNAN 1.#QNAN 302 1.#QNAN 1.#QNAN 1.#QNAN 1.#QNAN 1.#QNAN 1.#QNAN 1.#QNAN 1.#QNAN 1.#QNAN 1.#QNAN 1.#QNAN 1.#QNAN 1.#QNAN 1.#QNAN 1.#QNAN 1.#QNAN 1.#QNAN 1.#QNAN 1.#QNAN 1.#QNAN 1.#QNAN 1.#QNAN 1.#QNAN 1.#QNAN 1.#QNAN 1.#QNAN 1.#QNAN 1.#QNAN 1.#QNAN 1.#QNAN 1.#QNAN 1.#QNAN 1.#QNAN 1.#QNAN 1.#QNAN 296 296 296 296 296 1.#QNAN 1.#QNAN 1.#QNAN 1.#QNAN 1.#QNAN 1.#QNAN 1.#QNAN 1.#QNAN 1.#QNAN 292 291 290 290 291 290 290 290 289
300 299 299 300 301 300 300 300 301 301 300 301 301 301 301 300 301 301 301 301 301 301 302 1.#QNAN 302 302 302 1.#QNAN 1.#QNAN 1.#QNAN 1.#QNAN 1.#QNAN 1.#QNAN 1.#QNAN 1.#QNAN 1.#QNAN 1.#QNAN 1.#QNAN 1.#QNAN 1.#QNAN 1.#QNAN 1.#QNAN 1.#QNAN 1.#QNAN 1.#QNAN 1.#QNAN 1.#QNAN 1.#QNAN 1.#QNAN 1.#QNAN 1.#QNAN 1.#QNAN 1.#QNAN 1.#QNAN 1.#QNAN 1.#QNAN 1.#QNAN 1.#QNAN 1.#QNAN 1.#QNAN 296 295 295 295 295 295 1.#QNAN 1.#QNAN 294 294 294 1.#QNAN 1.#QNAN 1.#QNAN 1.#QNAN 292 292 291 290 290 290 289 289 288
300 299 299 300 300 300 300 300 300 300 300 300 300 301 300 299 300 300 301 301 301 301 302 302 302 302 302 302 301 301 301 1.#QNAN 1.#QNAN 1.#QNAN 1.#QNAN 1.#QNAN 1.#QNAN 1.#QNAN 1.#QNAN 1.#QNAN 1.#QNAN 1.#QNAN 1.#QNAN 1.#QNAN 1.#QNAN 1.#QNAN 1.#QNAN 1.#QNAN 1.#QNAN 1.#QNAN 1.#QNAN 1.#QNAN 1.#QNAN 1.#QNAN 1.#QNAN 1.#QNAN 1.#QNAN 1.#QNAN 1.#QNAN 295 295 295 294 294 294 294 294 294 293 293 293 1.#QNAN 1.#QNAN 1.#QNAN 1.#QNAN 292 292 291 290 290 290 290 289 288
301 300 300 300 300 301 300 299 299 300 300 300 300 300 299 299 299 300 301 301 300 301 302 302 301 301 301 301 301 301 300 300 300 300 1.#QNAN 1.#QNAN 1.#QNAN 1.#QNAN 1.#QNAN 1.#QNAN 1.#QNAN 1.#QNAN 1.#QNAN 1.#QNAN 1.#QNAN 1.#QNAN 1.#QNAN 1.#QNAN 1.#QNAN 1.#QNAN 1.#QNAN 1.#QNAN 1.#QNAN 1.#QNAN 1.#QNAN 1.#QNAN 1.#QNAN 1.#QNAN 295 294 294 294 294 293 292 293 293 293 292 292 293 293 292 1.#QNAN 292 291 291 291 290 289 289 290 289 289
300 300 300 300 301 301 300 299 299 300 300 300 300 300 299 300 300 300 300 300 300 301 301 301 301 301 301 300 301 300 300 299 299 299 299 299 299 299 299 299 298 298 298 298 298 1.#QNAN 1.#QNAN 1.#QNAN 1.#QNAN 1.#QNAN 1.#QNAN 1.#QNAN 1.#QNAN 1.#QNAN 1.#QNAN 1.#QNAN 1.#QNAN 295 294 294 294 294 294 293 293 292 292 292 292 292 292 292 292 292 291 291 291 291 290 289 289 289 289 288
298 300 299 299 300 300 299 298 297 298 299 300 300 299 299 300 300 300 300 301 301 301 301 300 300 300 300 300 300 300 300 299 299 299 298 298 299 299 298 298 298 298 298 298 297 1.#QNAN 1.#QNAN 1.#QNAN 1.#QNAN 1.#QNAN 1.#QNAN 1.#QNAN 1.#QNAN 1.#QNAN 1.#QNAN 1.#QNAN 1.#QNAN 295 294 294 294 294 293 292 292 292 291 292 292 292 292 292 292 291 291 290 290 290 290 289 289 289 288 288
299 298 298 298 299 299 299 297 297 298 299 300 300 300 299 300 300 300 300 300 300 300 300 300 300 299 299 299 299 300 299 298 299 298 298 298 298 298 298 297 297 298 298 1.#QNAN 1.#QNAN 297 297 1.#QNAN 1.#QNAN 1.#QNAN 1.#QNAN 1.#QNAN 1.#QNAN 1.#QNAN 1.#QNAN 296 295 295 294 294 293 293 292 292 292 292 291 291 291 291 292 292 291 291 290 290 290 290 289 289 289 289 288 288
299 297 297 297 298 299 298 297 299 300 300 300 300 300 300 299 299 300 300 300 300 300 299 300 299 299 299 299 299 299 299 298 298 298 298 297 298 298 297 297 297 297 297 298 297 297 297 1.#QNAN 1.#QNAN 1.#QNAN 1.#QNAN 296 296 295 295 295 294 294 294 294 293 293 292 292 291 291 290 290 291 291 291 291 290 289 289 289 290 289 289 289 289 289 288 288
298 297 297 297 296 298 298 299 300 300 300 300 300 300 300 300 300 300 300 300 299 299 299 299 298 298 298 299 299 299 298 298 298 298 297 297 297 297 296 296 296 296 297 297 297 297 297 297 297 296 1.#QNAN 295 295 295 295 294 294 294 294 293 293 292 292 292 291 291 290 290 290 289 288 291 290 289 288 289 289 289 289 288 288 288 288 288
298 297 296 298 299 299 299 299 299 300 300 300 300 300 300 299 300 300 300 299 299 299 299 298 298 299 299 299 299 298 298 298 298 297 297 297 297 297 296 296 296 296 297 297 297 297 297 296 296 296 296 295 295 295 295 294 294 293 293 293 292 292 291 291 291 291 290 290 290 288 288 290 290 289 288 289 288 287 288 288 288 288 288 287
298 298 298 299 300 299 298 300 300 300 300 300 299 297 298 298 298 299 299 299 299 299 299 299 299 299 298 298 297 298 298 298 297 297 297 297 296 296 295 295 296 296 297 297 297 297 296 296 296 296 296 295 295 295 295 294 294 293 293 293 292 291 290 289 287 289 289 290 290 289 289 290 289 288 288 288 288 287 286 287 288 287 287 287
298 299 299 300 300 300 300 300 300 300 299 299 297 291 293 298 298 298 299 298 298 297 298 298 299 298 298 297 297 298 298 298 297 297 297 297 297 295 295 296 296 296 296 296 296 296 295 295 295 295 295 294 295 295 295 294 294 293 293 292 290 288 285 283 285 285 283 288 289 287 288 290 290 289 289 287 287 287 285 285 287 287 287 287
299 300 300 300 300 300 300 300 299 299 297 298 295 289 292 293 298 298 298 298 297 298 298 298 298 298 298 297 298 298 297 297 297 297 296 297 296 296 295 295 295 296 296 296 296 296 295 295 295 295 295 295 295 295 294 294 294 293 293 292 290 289 289 287 284 281 286 288 289 289 289 289 290 289 289 288 286 286 284 283 284 285 285 285
299 299 299 300 300 300 299 299 299 298 297 296 296 296 297 297 298 297 297 297 297 297 298 298 299 298 297 297 298 298 297 297 297 296 296 296 296 295 294 293 295 295 296 296 295 295 295 295 295 295 295 295 295 294 295 294 294 293 292 292 290 289 290 289 287 286 285 285 286 288 287 287 289 289 288 286 284 283 282 282 283 284 283 283
299 299 300 299 298 298 299 299 299 298 296 297 297 297 298 298 298 296 295 296 296 296 297 297 298 298 298 298 297 297 297 297 297 297 296 296 296 294 294 294 294 295 296 295 295 295 295 295 295 295 295 295 294 294 294 294 294 293 292 292 291 290 289 290 288 287 281 279 281 286 286 288 289 288 287 284 283 282 282 283 282 283 282 283
300 300 299 297 299 299 299 299 298 298 296 296 296 297 297 297 297 297 297 297 297 297 298 298 298 298 297 297 297 297 297 294 295 295 295 296 295 295 293 294 295 295 295 295 295 295 295 294 294 295 295 294 294 294 294 294 292 293 292 292 292 291 290 290 289 286 282 281 284 286 286 287 287 286 286 285 285 285 284 284 283 282 283 283
299 299 296 298 299 299 299 299 298 297 297 296 294 296 294 296 296 297 297 297 297 297 297 297 297 297 297 297 297 297 295 294 295 295 294 294 294 294 293 294 295 295 295 295 295 295 294 294 294 294 294 294 294 294 294 294 292 293 292 292 292 291 291 291 290 288 287 287 287 287 287 287 287 287 287 287 287 286 286 285 285 283 283 283
298 298 298 299 299 299 298 297 294 294 296 294 295 295 295 296 297 297 297 297 295 296 297 297 297 297 297 297 296 296 295 293 293 294 294 294 294 295 295 295 295 295 295 294 294 293 294 294 292 294 294 294 294 292 293 293 293 293 293 292 292 291 291 291 290 289 289 288 288 287 287 286 287 287 287 287 287 286 286 286 286 286 284 283
297 298 298 299 299 298 297 292 292 293 295 292 291 295 297 296 296 295 294 295 295 293 295 297 297 297 297 296 296 296 295 293 291 293 293 294 294 293 294 294 295 295 295 294 293 292 292 293 293 293 293 293 293 292 291 293 293 293 293 293 292 292 292 291 291 290 289 288 288 288 287 287 287 288 288 287 287 286 287 287 287 287 286 285
297 297 299 299 299 297 293 291 289 289 292 294 295 296 296 295 296 292 293 291 291 290 289 294 296 296 296 296 296 296 296 293 291 292 291 294 292 290 289 291 294 294 294 295 294 293 292 292 292 291 292 292 292 292 291 290 292 292 292 292 292 292 292 291 291 291 290 289 289 288 288 288 288 288 288 288 288 288 287 287 287 285 285 285
297 299 298 298 298 297 295 294 293 293 294 294 295 295 295 295 295 293 291 288 290 291 292 292 294 295 295 296 296 296 295 294 293 291 292 292 290 285 283 288 293 294 294 294 294 294 294 293 292 291 291 291 291 291 291 290 291 292 292 292 292 292 291 291 291 291 290 290 289 289 289 288 288 288 288 288 288 287 287 287 286 285 286 286
299 299 298 297 294 294 292 292 290 288 286 285 291 293 294 293 293 288 288 284 284 289 291 291 291 293 295 296 295 296 295 291 293 292 290 290 291 290 289 291 294 293 294 294 293 292 292 292 293 292 292 291 290 290 290 290 290 290 291 292 291 291 291 291 291 290 290 290 289 289 288 288 288 288 288 288 288 288 287 287 287 287 287 287
297 297 298 297 292 292 288 287 287 285 286 288 286 291 290 289 290 287 284 283 285 291 292 292 293 294 295 295 295 295 295 290 293 293 292 289 292 292 293 293 294 292 292 293 293 291 289 290 292 293 293 292 292 291 291 290 291 291 291 292 291 291 291 291 290 290 290 289 289 289 288 288 288 288 288 288 288 288 287 287 287 287 287 287
293 296 297 295 289 289 287 287 280 279 285 289 287 289 287 288 290 286 288 288 289 291 293 294 294 295 295 295 295 295 295 294 294 293 292 291 293 293 291 293 292 292 292 293 293 293 291 290 291 291 292 293 293 292 291 291 291 291 292 292 291 291 291 291 290 290 289 289 288 288 288 288 288 288 288 288 288 288 288 287 287 287 287 287
288 294 294 293 291 293 292 290 283 280 285 288 289 289 289 291 289 285 288 289 291 292 293 293 293 294 294 295 295 295 295 294 295 293 288 289 291 292 287 287 290 291 292 292 293 294 293 292 292 292 291 291 292 293 292 291 291 292 292 292 291 291 291 290 290 289 289 288 288 287 287 288 288 288 288 288 287 287 287 288 287 287 287 287
291 293 293 294 293 291 291 286 281 280 284 289 288 284 283 285 284 285 282 285 286 288 291 290 292 294 295 295 295 295 295 294 295 294 291 287 290 292 290 286 284 287 288 288 293 293 294 294 293 293 293 293 291 292 292 292 292 292 292 291 291 291 290 290 290 289 288 288 287 287 287 287 287 287 287 287 287 287 287 287 287 287 287 287
291 291 286 291 290 288 290 286 275 271 283 287 283 277 275 277 278 284 282 285 288 289 291 289 290 291 293 294 294 295 295 295 295 295 291 286 291 292 290 286 286 288 289 290 293 293 293 293 294 293 293 293 292 292 293 292 292 291 291 290 291 291 290 290 289 289 288 288 287 287 287 287 287 287 287 286 287 286 286 287 287 287 287 287
284 283 281 289 287 289 291 283 273 279 287 285 280 271 269 272 280 280 281 287 290 291 292 290 292 292 292 294 294 293 295 295 295 295 294 292 291 293 291 287 288 289 291 292 293 294 294 294 293 293 293 292 291 292 292 292 291 291 290 289 289 290 290 290 289 289 289 288 287 287 287 287 287 287 287 287 286 286 286 286 287 287 287 286
278 280 286 287 284 289 287 277 275 279 286 284 277 272 273 277 279 277 281 286 288 290 291 290 290 291 292 293 293 294 295 295 295 295 295 294 294 294 294 293 292 293 292 293 293 294 294 294 293 293 293 292 290 291 292 292 290 290 290 288 289 290 290 290 289 288 288 288 287 287 287 287 286 286 286 286 286 286 286 286 287 287 286 286
276 285 287 285 280 285 281 277 276 281 283 279 276 272 274 278 279 276 280 286 289 290 289 290 290 290 291 294 294 294 292 295 295 295 295 295 295 294 294 294 294 294 294 293 293 294 294 293 293 293 293 292 291 290 291 291 290 290 290 289 289 290 289 289 289 288 288 287 287 287 287 287 287 287 286 286 286 286 286 287 287 286 286 286
283 288 283 283 279 283 286 284 282 284 283 277 272 274 280 284 283 283 282 285 287 289 287 291 292 291 293 294 295 295 295 295 295 295 295 295 295 295 295 294 294 294 294 294 293 294 294 293 293 293 293 293 292 289 289 290 290 290 290 290 290 290 289 289 288 288 287 287 287 287 287 287 287 287 286 286 286 286 286 287 286 286 286 286
288 286 280 285 277 282 287 284 284 286 285 279 270 276 279 284 286 287 286 286 288 289 285 290 293 292 293 293 294 295 295 295 296 295 295 296 295 295 294 294 293 294 295 294 294 294 293 292 293 293 292 292 292 291 288 289 290 290 290 290 289 289 289 289 288 287 286 286 287 287 287 287 287 287 287 287 287 287 287 286 285 285 286 286
284 283 283 287 280 281 286 284 283 287 285 282 275 281 281 284 286 288 288 289 290 289 288 288 292 293 294 294 294 295 295 295 296 296 296 296 295 295 295 295 294 294 294 293 292 292 292 292 292 292 292 292 292 291 289 289 289 290 290 290 290 289 289 287 288 286 285 287 287 287 287 287 287 287 287 288 287 287 284 285 286 286 286 285
282 283 289 288 283 284 282 285 284 287 284 282 281 284 283 286 287 287 286 287 288 286 289 289 291 291 290 293 294 295 295 295 295 295 295 295 295 295 295 295 295 294 293 292 292 291 291 292 290 291 291 291 291 291 290 289 288 289 289 289 290 289 288 287 287 287 287 287 287 287 287 287 288 288 288 286 286 286 285 285 285 285 286 286
