08 Ecocrop/raster/current/tmax_8.asc
ncols        683
nrows        518
xllcorner    -87.691666666667
yllcorner    10.708333333333
cellsize     0.008333333333
NODATA_value  1.#QNAN
[rows 111 to 147 of 518, columns 336 to 419 of 683]
266 263 267 275 281 287 288 290 291 291 292 292 291 291 289 280 287 290 293 293 293 294 295 295 295 296 296 295 294 296 296 295 292 292 294 293 293 294 292 280 277 279 278 268 259 265 274 282 287 285 283 287 291 292 291 292 292 291 286 289 290 290 290 289 289 287 285 283 284 288 289 289 289 287 288 288 288 289 290 290 290 290 290 290
268 261 274 275 281 287 289 289 290 291 292 292 291 289 289 282 282 288 292 293 293 294 294 294 295 295 295 295 295 296 296 295 291 292 289 290 288 292 293 289 284 283 273 266 261 260 265 275 286 289 286 290 291 291 292 292 291 290 289 290 290 289 289 289 287 286 283 282 282 285 289 287 287 286 286 289 289 289 290 290 290 290 290 289
268 259 268 281 284 286 289 290 292 292 291 289 287 284 288 281 274 282 290 293 293 293 294 294 294 294 294 294 295 296 296 295 292 290 286 287 288 292 293 289 289 282 271 266 263 261 271 281 285 285 289 290 291 291 292 292 291 291 290 290 289 289 289 288 286 287 286 288 288 287 287 286 287 288 286 289 289 290 290 290 290 290 290 289
271 263 262 276 285 288 289 290 291 291 288 282 277 281 287 284 279 280 288 292 292 292 294 294 293 293 291 292 295 296 296 296 293 290 286 286 289 289 293 291 288 286 279 271 266 271 279 287 289 286 288 291 291 292 292 292 291 291 290 289 290 288 288 287 287 287 288 286 289 288 287 288 287 289 289 288 289 290 290 290 290 289 289 289
274 266 263 274 282 285 289 290 289 289 284 274 268 273 283 279 270 275 284 289 291 292 293 294 287 286 282 288 293 291 294 295 293 293 292 290 288 287 291 285 287 282 273 277 272 277 287 289 290 290 289 291 291 292 292 291 291 291 290 290 290 289 288 287 286 287 289 287 288 289 290 289 289 290 290 289 289 289 289 290 290 289 289 290
278 271 271 276 279 283 288 288 287 286 277 262 262 270 281 276 264 269 281 285 291 291 291 291 286 278 278 281 285 289 291 293 294 293 293 289 285 287 291 287 282 284 284 278 275 283 289 291 291 292 291 291 292 291 292 291 290 291 291 290 290 290 290 288 289 290 291 290 291 291 291 291 290 290 290 290 290 290 290 290 290 290 289 289
282 276 275 276 279 284 288 287 282 281 275 265 261 269 278 273 263 272 280 285 289 291 285 284 282 278 282 283 289 292 292 293 293 293 292 286 280 284 290 289 281 278 288 286 281 286 291 292 292 292 292 292 292 291 292 291 291 291 291 290 291 291 290 290 291 291 291 292 292 292 291 291 291 291 291 290 290 290 290 291 290 290 290 289
283 279 278 273 272 280 287 282 272 267 271 264 264 270 274 274 271 270 274 280 286 291 286 282 284 285 284 288 291 292 293 293 293 293 288 285 282 280 291 292 289 283 287 291 291 292 293 293 292 293 293 293 292 291 290 290 290 290 290 289 290 288 287 288 290 289 291 291 291 291 291 292 292 291 291 291 290 290 289 290 290 290 290 290
283 281 275 268 274 281 285 279 269 264 270 265 266 270 274 276 277 280 279 285 288 287 286 286 288 290 288 291 292 292 293 293 293 292 291 292 291 292 293 292 292 292 294 293 293 293 292 292 293 293 294 292 291 290 288 285 282 283 284 284 285 288 289 290 291 290 290 291 291 291 291 292 292 292 291 291 291 290 290 289 290 290 290 290
285 280 272 267 276 283 285 277 268 269 272 269 271 273 275 281 278 280 286 286 284 283 281 285 289 291 292 292 292 292 291 291 292 291 291 293 293 292 291 292 291 289 291 294 293 293 293 292 292 293 293 289 287 288 285 283 284 277 274 275 277 284 289 289 289 290 291 291 291 292 292 292 291 292 292 291 291 291 290 290 291 291 290 290
286 279 272 275 278 278 281 278 269 270 274 275 271 274 278 280 273 274 279 278 282 280 278 284 287 291 291 289 289 290 286 280 289 291 289 290 289 287 284 286 288 289 293 294 294 294 294 293 292 293 293 288 282 282 279 284 291 287 283 282 279 281 287 288 289 289 288 290 290 291 292 292 292 292 292 291 292 291 291 291 291 291 291 290
287 280 273 275 279 277 278 280 271 268 274 276 277 278 277 277 276 272 272 278 280 275 277 284 289 291 288 284 284 285 282 284 284 283 286 288 286 288 286 285 287 290 292 293 294 294 294 294 294 294 291 289 288 286 285 290 290 292 292 290 289 286 282 283 286 289 288 287 288 290 292 292 293 293 292 292 292 292 292 291 291 291 291 291
287 282 280 280 279 281 276 281 274 272 275 276 277 276 272 273 275 264 269 277 279 280 280 285 289 288 283 282 284 282 283 280 279 278 281 285 280 286 286 289 291 288 288 292 293 293 293 294 295 293 288 289 291 290 291 292 291 292 292 293 292 286 284 283 285 289 290 288 291 291 292 292 293 293 292 291 290 292 291 291 291 291 291 291
288 283 285 285 284 283 278 283 280 276 275 276 276 272 269 276 277 274 273 276 278 281 281 286 287 283 283 284 284 283 281 276 271 270 276 285 284 286 280 283 281 283 286 288 292 289 291 293 294 293 288 289 292 291 293 291 291 293 293 293 293 290 289 285 286 290 292 291 292 292 292 293 293 293 293 291 291 291 291 291 291 292 291 291
284 286 281 286 282 279 279 284 285 277 276 281 276 272 269 272 279 281 280 280 282 285 286 283 281 279 282 283 283 280 275 271 268 272 280 283 278 282 279 275 272 277 284 290 288 284 291 294 295 292 290 290 292 291 292 290 291 293 292 287 288 292 293 291 291 291 289 289 291 292 292 292 293 293 293 291 290 291 292 291 291 292 291 291
279 287 282 287 282 281 283 283 286 282 280 284 282 279 276 277 280 282 283 285 285 284 284 283 282 278 280 282 282 279 271 267 266 276 280 283 279 275 275 272 268 274 288 288 285 283 288 292 295 291 292 291 291 293 292 291 291 292 287 283 287 290 292 292 294 293 293 292 292 291 292 292 292 293 293 293 291 291 292 292 292 292 292 291
279 286 287 285 287 286 284 286 286 286 282 285 287 286 283 282 283 283 283 284 281 280 281 280 280 277 279 282 282 281 277 270 265 269 277 281 278 278 277 273 270 278 286 285 285 283 284 293 294 293 294 293 294 294 290 291 291 289 288 290 291 292 294 293 294 294 294 294 294 294 293 293 293 293 293 293 292 292 292 292 292 292 292 291
284 285 289 286 285 289 287 288 286 288 287 289 287 284 283 283 284 284 284 283 281 282 283 283 282 282 282 282 283 283 283 277 277 277 282 280 284 284 284 281 278 280 279 282 285 285 289 295 293 292 295 295 294 295 292 293 291 291 289 292 294 292 293 293 294 294 294 294 294 294 293 293 293 293 293 293 293 293 292 292 292 292 291 291
286 285 289 288 287 290 287 290 287 289 291 288 283 282 283 284 283 284 282 281 281 279 281 279 280 282 284 284 283 283 285 283 283 285 284 281 288 290 288 285 286 282 278 280 285 287 292 295 294 294 295 295 295 295 294 294 294 294 292 291 295 295 294 295 295 294 294 294 294 293 293 293 293 293 293 293 292 292 292 292 292 292 291 291
287 286 290 291 289 289 288 291 290 291 286 282 282 281 282 281 282 283 282 280 278 278 277 278 279 279 282 284 284 285 286 286 284 286 290 291 292 292 290 291 289 281 276 277 285 291 293 294 295 295 295 295 295 296 295 294 294 294 295 292 294 295 295 295 295 294 294 294 294 293 293 293 293 293 293 292 292 292 292 292 292 292 291 291
284 288 290 292 290 290 292 290 284 289 287 283 282 280 281 282 280 280 277 277 279 278 276 273 273 276 279 280 282 282 284 285 288 288 286 288 283 290 293 291 289 281 277 283 287 291 293 295 295 296 295 295 296 296 295 292 293 295 295 293 295 295 295 295 295 294 294 294 294 293 293 293 293 293 293 292 292 292 292 292 292 292 291 291
277 283 286 292 292 292 292 288 285 287 284 285 284 282 282 281 279 277 277 277 278 279 279 279 278 276 273 271 274 278 281 283 284 287 289 288 283 287 291 290 288 286 281 281 288 291 294 294 295 295 295 296 296 296 296 295 294 295 296 295 295 296 295 295 295 294 294 294 293 292 293 293 293 293 292 292 292 292 292 292 292 292 291 291
274 285 279 291 293 293 291 290 287 285 282 287 285 280 281 280 278 278 278 278 278 279 280 280 279 279 277 275 272 276 276 278 283 286 285 286 285 283 290 293 292 288 287 285 288 292 294 295 295 295 296 296 296 296 296 296 296 296 296 296 295 295 295 294 295 295 294 294 293 292 293 293 293 292 292 292 292 292 292 292 292 291 291 291
285 290 283 285 294 293 289 289 289 285 285 288 286 286 285 281 279 280 279 279 277 279 280 280 280 279 278 274 269 268 267 275 283 281 282 284 281 282 288 293 291 285 282 283 289 293 295 295 296 296 295 295 295 295 296 295 296 296 296 296 296 295 295 293 293 294 294 294 293 293 293 293 292 291 292 292 292 292 292 292 292 292 291 291
289 292 288 289 294 293 291 291 291 285 285 289 290 288 286 284 283 283 281 279 278 279 279 279 278 278 279 278 275 266 265 273 281 279 273 276 277 275 278 288 293 291 289 287 288 292 294 296 296 295 295 294 295 294 295 295 295 296 296 296 295 295 295 295 295 294 294 294 293 293 293 293 293 292 292 292 292 292 292 292 292 291 291 291
291 293 291 291 294 293 292 291 291 288 288 288 291 289 288 288 288 285 281 280 280 279 278 278 277 276 274 277 278 272 272 271 274 272 270 269 274 283 284 285 291 294 294 292 286 287 294 295 295 294 295 295 295 294 295 295 296 296 296 296 295 295 295 295 295 294 294 294 294 293 293 293 293 293 292 292 292 292 292 292 292 291 291 291
291 294 294 294 294 293 292 288 290 292 292 292 293 290 292 292 290 285 281 282 282 281 279 279 277 275 273 275 279 278 269 267 267 266 262 269 275 286 290 292 291 290 291 293 294 293 294 295 294 294 294 295 295 295 295 295 296 296 296 296 295 295 295 295 295 294 294 294 294 294 293 293 293 293 293 292 292 292 292 292 292 291 291 291
293 291 294 295 294 292 289 285 288 291 293 294 293 292 293 292 289 287 286 283 282 280 279 279 277 273 275 277 277 279 273 266 271 271 265 273 278 286 289 288 285 283 282 288 291 292 291 293 294 294 295 295 295 295 296 296 296 296 296 296 295 295 295 295 295 295 294 294 294 294 294 293 293 293 293 293 292 292 292 292 292 291 291 291
295 294 294 295 292 291 288 289 291 293 294 295 292 293 292 289 285 282 281 281 281 281 279 278 276 271 272 275 279 280 280 279 279 278 275 280 276 285 288 287 282 276 271 277 285 290 288 293 294 295 295 296 296 296 296 296 296 296 296 296 295 295 295 295 294 294 294 294 294 294 294 294 294 294 293 293 293 292 292 292 292 291 291 290
294 296 296 294 293 293 292 290 293 292 293 294 293 291 286 283 280 279 278 279 280 278 279 278 271 266 266 274 278 279 280 281 281 282 282 280 278 280 287 285 278 271 264 265 280 286 287 292 294 295 296 296 295 295 295 296 296 296 296 296 294 292 294 294 293 294 294 294 294 294 294 294 294 294 294 293 293 292 292 292 292 291 291 290
290 294 296 296 295 294 292 293 294 293 293 294 294 291 286 285 281 278 276 276 273 276 280 278 269 258 261 271 274 275 279 280 281 280 278 276 275 282 286 281 276 276 267 264 273 282 283 292 294 295 296 296 295 295 296 296 296 296 295 294 293 293 294 293 294 293 294 294 294 294 294 294 294 294 294 293 293 293 292 292 292 291 291 291
293 294 296 297 296 293 294 293 294 295 295 295 293 290 288 283 279 278 272 272 271 279 280 280 275 270 269 276 276 276 280 281 279 275 273 271 275 281 284 281 276 279 274 267 269 279 280 291 294 295 295 295 296 296 296 296 296 296 296 295 294 293 294 293 293 294 294 294 294 293 293 293 293 293 293 293 293 293 293 292 292 292 291 291
296 295 296 297 296 296 295 295 294 295 296 294 288 286 281 280 284 278 269 271 275 280 280 281 279 278 279 280 281 282 282 281 279 274 271 270 277 281 282 275 277 284 276 266 273 282 282 291 294 295 295 295 295 296 296 296 296 296 296 296 294 293 294 294 294 294 293 293 294 293 293 293 293 293 293 293 293 293 293 292 292 292 291 291
297 296 296 296 297 296 295 295 296 296 295 291 283 281 282 282 287 277 267 273 279 281 281 281 281 281 281 281 282 280 278 277 279 279 276 272 274 274 277 278 283 286 281 276 283 289 290 293 294 294 295 295 296 296 296 296 296 296 296 296 295 295 295 294 294 294 294 294 293 293 293 293 293 293 293 293 293 293 293 293 292 292 291 291
297 297 295 296 296 296 296 296 296 296 294 289 287 284 286 288 287 279 278 278 280 280 277 280 281 281 280 280 280 277 276 276 276 275 270 275 279 278 285 288 290 291 289 288 291 293 294 294 295 294 295 295 296 295 296 296 296 296 296 296 295 295 295 294 294 294 294 294 293 293 293 293 293 293 293 293 293 293 293 293 292 292 291 291
298 297 296 295 289 295 296 297 297 296 294 287 287 288 290 290 287 281 277 276 272 269 267 277 280 281 280 278 279 279 278 277 276 277 279 280 284 286 288 290 290 291 291 292 293 293 293 293 292 290 293 295 295 295 296 296 296 296 296 294 294 294 295 294 294 294 294 294 294 293 293 293 293 293 293 293 293 293 293 292 292 292 292 292
298 296 293 293 289 292 297 297 297 295 292 290 286 290 292 288 283 274 268 267 264 265 271 277 280 281 279 277 278 276 275 272 272 278 282 284 285 286 284 285 280 283 284 285 291 290 290 288 284 285 289 291 294 295 296 296 296 296 295 290 293 294 294 294 294 294 294 293 293 293 293 293 293 293 293 293 293 293 293 293 292 292 292 292
