08 Ecocrop/raster/current/tmax_8.asc
ncols        683
nrows        518
xllcorner    -87.691666666667
yllcorner    10.708333333333
cellsize     0.008333333333
NODATA_value  1.#QNAN
[rows 222 to 258 of 518, columns 252 to 335 of 683]
268 261 261 270 269 271 273 271 267 263 254 243 248 246 253 263 269 281 281 279 281 284 287 286 283 282 284 286 288 288 291 291 291 290 287 289 290 288 289 286 283 285 282 274 278 286 291 290 290 291 292 292 292 292 292 291 291 287 281 285 291 292 292 291 290 289 290 292 292 292 292 291 291 291 292 291 292 291 291 291 291 291 292 291
270 263 264 271 271 274 275 269 262 261 260 252 256 254 260 268 273 281 284 284 285 286 288 288 286 282 286 288 289 288 290 291 291 290 288 291 291 291 291 287 279 285 286 282 285 290 290 291 290 288 290 290 291 292 292 290 288 287 284 287 291 292 292 292 290 290 291 292 292 292 292 292 292 291 291 291 291 291 291 291 292 292 291 291
274 270 272 275 277 278 272 263 259 264 266 263 264 264 265 270 276 282 284 285 280 280 280 285 289 289 288 289 290 290 291 290 289 290 291 291 291 291 291 290 286 286 291 290 290 287 286 289 290 289 290 290 290 292 291 287 283 284 287 289 290 291 291 291 291 290 291 291 292 291 291 292 291 290 291 291 291 291 291 291 291 290 290 290
275 274 277 273 272 278 273 264 258 262 269 270 269 266 269 269 273 280 284 286 282 279 279 281 287 289 289 289 288 290 289 286 284 284 288 290 290 288 290 291 291 290 289 288 286 283 280 286 291 291 287 289 291 291 291 286 286 285 287 289 290 291 291 290 291 291 291 292 291 291 291 291 291 290 290 290 291 291 291 290 289 289 288 289
281 278 275 269 270 279 273 264 261 261 268 273 274 275 274 276 277 278 283 286 285 278 280 286 289 289 289 289 290 287 287 283 282 287 289 290 288 285 283 286 289 291 289 286 284 282 279 288 291 290 288 288 290 291 290 286 288 288 286 289 290 291 291 290 291 291 290 290 290 291 291 290 290 290 290 289 290 290 291 290 289 289 289 289
283 279 269 268 268 277 277 272 270 269 269 274 274 280 278 278 280 276 280 287 287 285 283 286 290 290 288 288 287 286 281 280 286 287 289 286 280 279 278 282 285 290 290 288 284 280 272 283 290 289 289 289 290 291 290 287 287 289 289 290 291 291 291 291 291 291 290 290 290 290 290 290 290 289 289 289 289 289 290 290 289 290 290 289
280 283 277 270 272 274 278 280 274 273 273 277 273 277 284 285 281 281 280 284 288 285 287 289 290 290 287 284 280 282 278 282 281 285 287 282 275 270 272 278 284 289 290 286 281 279 273 283 289 288 287 289 290 290 290 287 285 286 288 290 290 290 290 291 291 291 291 290 290 290 290 290 290 289 289 288 289 289 288 290 290 289 289 290
282 284 281 280 277 277 276 282 278 272 273 275 280 279 281 287 285 284 282 282 288 287 287 289 289 289 286 280 274 276 273 279 281 283 281 281 278 276 275 277 280 288 289 287 281 277 276 283 288 288 289 290 289 288 290 288 287 285 287 290 290 289 289 291 291 291 291 291 291 290 290 290 289 289 288 289 288 289 288 289 288 289 289 289
283 284 283 285 282 278 280 282 278 276 275 277 278 282 284 288 289 287 286 284 287 290 288 290 288 286 287 282 272 266 271 275 273 279 275 275 277 278 275 275 282 287 289 288 286 280 277 282 285 287 289 289 288 289 290 289 288 289 287 289 290 289 290 291 291 291 291 290 290 290 290 290 289 289 289 289 289 290 289 289 288 289 289 289
285 284 282 286 286 281 284 287 283 285 284 281 284 285 288 288 289 290 289 287 287 288 290 290 288 284 284 283 273 265 267 266 270 272 271 272 276 278 277 276 281 287 286 288 285 283 279 279 281 280 287 289 287 289 289 290 289 290 288 289 289 289 290 290 291 290 290 289 290 290 290 289 290 290 290 289 289 289 289 288 287 289 289 289
286 288 286 286 287 288 285 287 287 280 286 288 287 288 284 283 285 286 290 289 289 289 288 290 287 281 278 282 272 263 262 265 266 271 269 269 277 279 279 279 282 285 285 288 284 281 277 277 283 282 286 288 287 287 287 289 290 290 290 290 288 290 290 290 290 290 288 289 289 290 290 289 289 290 290 289 288 288 288 288 289 289 289 289
285 286 278 272 275 283 285 285 285 277 277 283 287 285 278 281 284 285 286 288 287 287 284 289 286 285 281 278 273 262 265 266 267 268 269 267 273 276 278 280 283 281 286 288 285 279 278 281 284 283 287 287 286 287 288 289 289 289 289 290 289 291 291 291 290 290 288 288 289 289 289 287 288 289 289 289 288 288 289 288 289 289 289 289
286 284 275 267 271 280 285 283 282 281 281 283 285 287 281 278 284 282 284 288 287 285 282 286 288 288 286 282 280 268 267 269 268 269 269 267 266 273 275 283 283 280 285 286 286 281 281 280 284 283 287 286 284 287 288 288 289 289 290 290 290 290 291 291 290 289 288 288 289 289 289 289 288 289 289 289 288 289 289 289 289 289 289 288
280 283 277 269 271 279 285 284 283 281 282 287 286 287 283 280 281 280 285 287 284 283 278 277 279 285 288 286 283 275 273 271 272 272 267 266 268 270 272 277 283 279 284 286 285 283 282 279 285 287 287 286 286 287 287 289 290 290 291 291 290 290 290 290 290 289 289 289 288 289 289 289 288 289 289 289 289 289 289 289 289 288 289 288
281 283 282 275 276 283 286 284 286 285 283 285 288 283 275 273 276 283 283 279 281 279 274 268 278 286 281 286 286 280 276 274 276 273 270 268 269 268 274 280 283 279 281 287 286 283 280 277 285 285 287 287 288 288 289 290 290 290 290 290 289 290 290 290 290 289 287 289 289 289 289 289 288 289 289 289 289 289 289 289 288 287 288 288
274 272 278 271 270 280 285 284 283 286 284 284 286 283 279 275 277 282 279 273 275 275 275 272 282 278 275 274 283 284 280 277 277 277 279 275 269 269 275 276 278 281 281 287 283 285 283 279 283 283 287 288 289 289 289 290 290 290 290 290 290 289 290 289 290 288 287 287 287 287 288 288 287 287 289 289 287 287 288 288 288 287 287 288
265 263 266 266 262 270 277 280 281 284 286 287 286 286 285 282 278 277 275 275 276 277 277 281 282 275 277 276 280 286 281 280 279 279 280 276 271 270 273 276 277 277 280 286 283 280 283 281 282 279 284 286 289 289 289 290 290 289 289 289 290 290 290 288 289 289 288 287 286 287 286 287 287 285 287 289 287 283 285 285 286 285 287 286
268 267 267 264 266 267 271 272 280 284 287 286 285 284 283 283 280 272 272 276 278 277 274 280 278 276 278 280 277 281 285 280 282 283 280 278 280 278 270 272 273 273 278 284 279 275 281 280 282 279 285 287 289 289 290 290 289 289 288 288 289 288 289 287 289 289 286 286 286 287 286 286 287 287 287 288 287 284 282 280 280 285 286 285
271 271 268 269 273 269 266 266 277 285 284 284 284 283 279 280 280 273 273 275 276 276 275 276 277 277 279 280 271 274 284 284 283 284 283 283 282 278 271 267 265 269 273 282 281 276 279 281 280 281 283 287 287 289 290 290 288 289 286 286 286 287 288 287 288 288 287 287 286 286 287 287 287 287 287 288 287 287 284 279 277 281 284 282
271 273 268 271 272 275 274 268 281 285 283 280 279 280 278 275 278 275 274 274 277 277 275 274 280 279 280 279 274 275 281 286 287 286 285 282 280 278 272 263 259 263 268 276 281 275 278 281 281 283 283 283 284 289 289 289 289 287 285 282 280 280 286 287 288 288 286 285 286 286 286 285 286 287 287 287 285 285 283 280 277 279 282 281
276 274 269 273 274 274 276 281 283 282 282 281 275 275 272 269 271 276 276 278 279 279 279 278 280 279 280 278 274 278 283 286 287 286 284 284 280 277 273 266 255 259 261 265 274 277 279 279 280 283 284 283 286 289 287 288 288 285 284 280 281 283 286 286 285 287 287 286 285 286 286 286 287 287 286 286 285 282 281 275 275 276 281 282
275 276 275 275 276 272 273 282 279 276 279 274 269 270 271 273 273 275 277 278 276 278 278 281 282 281 281 279 279 283 286 286 286 285 283 283 279 275 269 261 252 247 252 256 269 272 274 277 282 282 284 284 284 289 288 288 287 286 284 283 282 283 285 285 286 286 287 286 285 285 286 287 286 286 284 284 285 284 281 279 276 278 279 282
274 275 276 275 272 269 278 278 275 270 270 270 271 271 272 273 272 273 277 277 277 276 276 276 281 283 284 283 285 286 286 286 286 286 284 282 280 274 266 257 247 234 235 241 258 264 269 278 281 280 283 285 287 288 287 288 288 286 286 284 284 283 283 283 285 286 287 286 285 284 284 285 284 283 284 285 283 284 282 280 279 279 279 281
269 271 273 271 270 274 279 275 268 265 263 267 272 272 272 272 272 274 273 275 274 275 272 274 277 282 284 285 285 285 284 285 286 286 284 279 277 272 264 245 240 240 237 233 242 252 265 276 280 280 282 285 288 288 288 289 289 288 286 284 285 284 283 283 285 286 285 286 286 283 281 280 279 278 278 280 283 285 284 280 281 281 280 277
265 270 272 273 273 275 277 271 267 267 268 265 268 268 270 270 270 273 268 266 271 269 269 275 278 282 284 280 281 281 281 281 284 284 282 278 274 272 266 256 252 255 245 248 251 248 261 275 280 281 280 282 286 285 287 288 289 288 287 286 285 284 284 284 284 286 285 284 284 282 278 275 276 279 274 274 280 284 284 282 281 280 280 277
269 272 274 275 277 277 275 270 269 270 267 263 264 262 263 266 265 269 265 258 265 265 270 273 277 282 279 280 276 278 281 282 283 283 281 280 280 276 270 266 264 264 255 259 257 251 267 278 281 281 282 283 286 286 285 288 288 287 287 286 284 282 284 285 285 285 284 284 284 281 278 275 278 280 279 274 276 283 283 280 282 277 280 282
273 273 273 274 275 275 273 272 272 271 268 264 259 256 258 260 259 260 260 253 259 259 269 276 279 281 280 276 274 274 280 283 284 283 283 282 280 277 274 274 274 273 269 270 263 262 272 280 282 282 282 284 286 286 286 287 288 287 287 286 284 281 280 284 285 283 282 281 282 281 278 275 276 279 282 279 281 284 283 282 282 280 282 284
269 272 271 267 269 274 275 274 272 271 266 260 254 246 243 246 242 241 248 248 252 261 271 273 277 277 276 275 271 275 280 283 285 284 283 282 279 271 266 271 277 280 280 280 276 275 279 282 283 282 281 278 283 285 285 286 287 287 287 286 283 280 278 281 282 282 276 273 276 277 273 275 274 275 279 281 281 277 277 281 283 283 281 284
268 269 268 269 272 275 275 274 273 269 260 250 245 243 245 241 235 235 238 237 253 266 273 271 274 274 271 271 273 277 282 282 284 284 283 282 281 274 271 267 269 275 280 283 282 282 282 283 283 282 281 278 282 285 283 285 287 287 287 286 283 277 279 278 278 280 275 273 274 276 275 272 275 274 275 275 276 272 271 278 282 284 283 284
264 260 266 270 273 275 275 273 269 266 262 255 241 249 249 241 243 244 239 244 257 268 275 275 275 273 270 269 269 277 282 284 284 284 283 283 282 279 279 274 275 274 282 285 283 284 284 284 284 283 281 280 281 283 282 285 287 287 287 286 282 275 277 280 279 278 275 275 278 279 278 273 273 277 277 276 276 276 269 274 283 282 282 282
269 262 268 272 275 275 272 270 266 262 265 259 248 255 257 252 249 241 241 247 258 267 276 277 277 275 270 271 272 273 279 278 281 280 284 285 284 282 277 275 278 278 280 285 286 285 284 284 284 284 281 281 279 283 283 286 287 287 286 286 282 275 276 279 277 276 275 276 277 279 280 277 274 275 275 274 274 280 273 272 283 283 277 284
277 274 276 276 274 272 268 263 268 270 270 266 256 261 263 255 242 241 249 252 257 267 276 278 278 274 271 273 276 277 275 273 275 275 282 285 286 284 277 277 281 277 282 286 286 285 284 284 285 284 282 282 281 283 285 285 286 286 285 286 283 280 277 279 277 276 277 278 277 280 281 278 276 273 273 273 278 280 281 280 282 284 278 286
280 276 280 279 275 270 263 267 273 276 277 273 267 270 260 249 250 253 255 260 264 273 277 280 279 274 273 275 276 277 275 273 274 274 278 282 286 286 281 281 282 277 284 286 286 285 284 285 285 284 282 282 284 285 284 284 284 286 286 284 284 281 276 277 279 278 278 280 278 280 281 279 278 275 272 272 273 275 276 284 281 285 284 286
278 280 278 275 271 265 257 269 275 278 281 278 278 278 269 263 262 259 262 263 267 275 278 280 279 276 275 275 278 278 275 273 276 277 276 281 285 287 283 283 281 279 285 287 287 286 285 284 285 285 283 280 282 283 283 282 284 285 286 285 282 282 279 276 279 280 279 279 281 282 281 280 278 272 271 274 277 279 284 285 283 286 286 281
282 283 281 272 269 270 268 271 278 281 283 284 277 278 274 266 267 260 262 265 267 277 278 281 279 277 278 279 279 276 276 275 278 281 282 280 282 286 287 284 283 280 286 287 287 286 283 284 284 285 283 279 276 279 283 279 282 280 285 284 281 281 277 276 276 279 280 281 280 280 282 280 275 271 272 273 271 272 283 281 275 280 286 283
281 285 280 273 276 276 275 277 280 284 285 286 283 275 274 272 273 269 264 272 274 280 282 282 280 279 281 278 274 276 277 279 278 277 277 279 281 285 287 286 283 277 284 288 287 287 285 286 285 285 284 281 275 275 280 277 280 277 283 284 280 279 276 273 275 276 279 280 281 280 282 279 276 275 271 276 276 278 284 283 275 280 285 285
279 286 281 279 281 280 281 283 284 286 287 287 283 278 275 278 277 270 272 278 279 283 283 282 282 280 278 275 274 274 275 280 279 277 272 272 273 281 286 287 285 281 283 287 288 287 287 287 286 285 285 284 280 279 280 280 281 277 282 284 282 279 279 272 274 275 275 278 280 282 283 280 279 278 276 279 283 283 285 282 276 282 285 285
