08 Ecocrop/raster/current/tmax_4.asc
ncols        683
nrows        518
xllcorner    -87.691666666667
yllcorner    10.708333333333
cellsize     0.008333333333
NODATA_value  1.#QNAN
[rows 185 to 221 of 518, columns 168 to 251 of 683]
299 302 304 308 312 312 310 302 305 294 282 277 272 271 267 270 272 274 270 275 287 301 302 296 307 315 308 310 303 298 295 292 296 308 313 317 319 320 321 320 322 322 323 323 321 323 320 305 303 313 313 306 308 310 311 311 317 319 314 313 316 317 320 320 319 318 317 312 310 307 302 298 297 300 296 296 302 303 305 304 303 303 304 304
288 291 295 299 307 309 311 308 300 287 277 281 274 277 276 280 285 286 282 285 293 299 306 301 309 312 309 309 303 301 290 286 295 308 314 317 317 318 317 319 317 320 322 322 322 323 320 309 306 307 311 309 302 304 309 308 315 317 313 312 315 315 319 320 319 319 318 315 305 300 298 300 300 301 304 301 299 304 304 306 304 305 304 304
292 295 300 301 305 305 306 308 298 289 288 293 288 292 287 289 299 293 295 296 299 301 303 309 309 303 307 305 298 292 292 289 294 307 312 314 315 316 316 315 317 320 320 319 320 323 321 315 305 301 305 307 302 303 307 310 312 315 312 311 312 316 319 315 310 312 316 315 309 303 301 303 304 305 306 302 302 305 307 306 305 303 303 303
295 297 296 293 297 296 293 297 305 302 299 299 299 299 298 297 304 301 305 304 304 307 310 311 299 295 293 292 290 285 287 290 290 303 310 311 312 312 315 313 317 320 317 318 320 322 320 317 310 307 307 306 305 304 307 309 310 311 310 313 312 317 316 311 306 308 311 316 314 309 306 306 307 306 306 308 308 308 308 306 303 302 301 302
295 293 291 290 292 287 286 289 298 302 303 307 304 305 310 310 309 309 311 308 309 312 310 304 296 289 284 280 283 277 279 286 290 300 303 310 310 313 314 311 316 319 316 318 318 322 319 318 313 308 305 302 303 308 305 307 310 307 310 314 314 317 307 296 301 310 314 314 313 313 313 310 309 309 309 310 309 305 306 307 301 304 299 299
287 288 285 286 285 275 275 279 287 289 290 299 306 308 300 302 309 310 306 311 308 305 306 297 287 281 279 279 279 276 276 282 288 296 302 307 311 313 310 314 316 318 317 318 319 320 321 316 312 309 309 307 306 308 308 310 311 313 313 314 316 313 299 293 297 308 311 310 310 310 311 310 308 311 310 309 309 305 303 306 303 304 301 296
283 283 277 278 275 271 270 272 278 280 283 292 304 297 287 288 293 295 302 304 304 298 303 297 286 281 281 285 281 279 279 281 286 294 300 305 310 306 307 312 314 316 317 316 315 317 319 318 314 310 311 305 304 306 306 305 305 310 308 310 315 309 301 294 298 305 301 296 305 308 310 309 307 306 304 303 308 308 304 303 305 303 298 292
290 282 273 274 272 266 264 264 268 276 288 297 304 296 286 279 283 298 303 300 295 293 296 297 290 290 290 285 279 280 284 285 289 292 300 305 305 301 306 309 310 312 312 314 316 320 317 315 315 314 306 300 297 299 295 294 305 310 311 312 314 311 306 301 301 306 298 302 306 309 311 308 307 304 303 303 305 305 300 304 305 303 296 289
291 283 280 281 275 267 263 268 273 277 288 297 294 297 290 282 291 301 295 294 286 290 289 290 295 290 293 289 285 284 286 287 287 287 297 298 304 302 306 310 315 317 315 312 315 320 316 311 313 311 305 302 291 284 286 291 298 305 311 313 312 310 310 306 306 306 301 302 305 306 310 310 306 305 302 302 302 303 299 302 304 301 296 290
292 284 288 287 277 269 266 275 284 287 297 296 286 287 281 281 294 297 287 285 283 285 279 282 289 289 286 289 286 287 285 286 284 284 293 299 308 311 315 317 319 320 319 318 319 316 310 308 308 306 307 300 288 284 290 294 296 300 310 309 305 303 304 308 305 302 293 297 300 298 304 308 307 305 303 302 301 299 299 299 303 299 290 290
290 283 289 287 279 276 278 278 286 295 298 288 284 278 274 287 298 291 279 276 273 275 275 279 282 287 283 285 288 284 281 282 282 282 294 304 310 313 316 318 320 321 320 320 319 314 311 303 298 305 305 297 287 286 291 298 301 305 309 301 291 291 297 305 305 294 290 295 296 297 302 306 308 305 304 303 301 294 300 302 302 294 287 286
280 281 287 290 282 284 288 287 293 298 292 282 273 273 274 287 297 288 281 275 270 274 278 281 282 286 283 286 286 280 277 276 280 287 298 307 312 314 316 318 319 320 320 320 319 317 313 305 299 299 301 296 287 278 285 294 301 307 308 297 291 291 297 303 301 292 291 291 292 296 300 301 308 306 305 301 300 298 300 302 300 290 285 284
283 288 287 292 292 294 295 296 297 293 289 276 274 279 275 284 296 294 288 282 275 280 283 285 287 283 281 283 282 280 275 273 282 293 302 307 312 314 316 318 319 319 319 319 318 316 314 309 299 295 291 290 285 273 276 285 299 305 306 302 295 294 298 300 298 292 287 288 290 296 299 299 304 306 305 303 302 301 301 301 297 286 282 283
286 290 291 294 295 295 298 298 291 287 281 284 285 287 283 285 289 296 294 287 279 281 285 286 287 282 277 279 277 277 273 269 283 295 302 307 312 314 315 316 318 319 318 318 316 314 311 308 304 297 291 281 280 278 276 282 291 302 295 291 296 293 295 297 294 287 282 287 290 292 295 297 301 303 305 304 303 299 300 299 293 286 282 283
291 294 294 297 299 298 299 300 294 292 289 291 292 293 290 292 296 297 295 292 286 280 282 282 286 282 276 272 265 265 268 269 279 294 302 308 311 313 315 316 318 318 318 317 315 313 310 302 291 290 290 280 279 283 283 286 293 302 289 287 294 288 285 287 288 284 275 280 285 286 291 295 298 297 302 303 303 299 298 299 292 286 283 286
285 292 295 296 293 295 298 298 298 297 294 288 292 292 293 292 290 296 293 289 283 278 279 280 281 280 279 267 266 266 270 277 280 294 302 307 310 311 313 315 315 316 316 315 313 310 306 298 284 279 280 282 278 285 291 293 300 294 285 285 290 289 285 280 279 273 266 269 272 280 288 293 293 293 299 300 299 297 296 296 290 283 282 287
288 284 292 293 284 294 297 295 293 293 293 287 288 288 288 290 290 292 294 289 287 282 279 279 277 273 276 274 270 270 273 280 283 291 300 305 307 309 311 313 314 315 313 312 310 307 299 291 279 272 275 280 283 285 291 298 300 290 287 288 285 282 285 283 281 276 267 260 272 276 281 288 293 297 296 294 296 291 291 292 290 282 282 286
276 282 293 287 283 294 297 291 289 291 289 286 287 283 282 289 290 290 291 291 282 278 276 277 276 270 270 271 269 271 278 283 287 291 298 303 306 309 310 312 312 312 310 309 306 302 289 277 270 273 275 279 282 287 289 295 301 295 293 287 278 280 281 278 270 271 266 259 270 273 283 290 293 294 289 287 288 287 287 288 289 283 280 285
276 288 293 290 284 295 293 288 286 286 284 285 282 278 277 285 289 287 289 287 276 271 273 276 275 272 265 265 265 266 276 284 288 294 295 299 304 306 308 310 309 308 307 305 301 297 288 275 269 270 274 273 273 281 286 287 295 295 294 286 284 284 281 282 278 272 261 258 264 274 283 289 290 290 284 281 281 281 282 285 285 282 277 283
278 287 292 287 286 292 295 291 291 289 283 283 282 281 279 283 287 285 284 280 275 272 274 274 274 270 264 260 262 264 268 276 284 289 288 291 297 303 306 307 305 305 303 300 296 288 279 270 266 269 271 270 275 278 285 289 294 291 293 291 289 287 289 288 283 273 270 262 267 275 284 287 288 285 280 272 272 272 275 279 275 273 274 278
281 288 290 283 281 287 290 293 292 289 282 285 286 285 282 280 283 283 280 275 265 267 266 269 274 272 266 260 264 268 268 272 276 283 282 278 282 293 302 304 301 299 298 295 291 283 273 268 267 267 268 271 273 275 281 284 294 295 296 295 292 291 293 291 286 280 272 264 263 271 279 283 282 277 273 266 261 257 266 271 273 273 275 280
282 286 288 281 273 277 285 286 290 289 285 286 288 286 284 278 274 276 277 270 257 255 265 269 273 272 269 265 268 269 272 274 275 276 275 272 274 282 298 296 294 292 289 288 284 278 267 269 270 267 267 269 270 272 280 285 289 280 288 291 295 292 288 288 288 282 274 261 257 269 273 279 273 270 266 259 256 250 255 263 271 276 276 275
285 284 284 283 274 268 274 280 287 286 288 286 284 279 277 274 266 264 269 266 249 255 267 270 272 272 271 270 268 270 272 272 274 277 275 274 274 282 295 290 284 278 278 276 272 269 269 271 269 268 270 271 273 275 281 285 282 274 277 285 292 293 290 287 287 284 273 269 266 264 267 270 269 255 255 248 249 247 252 264 269 273 272 271
274 274 276 280 273 261 268 280 284 279 285 285 283 277 270 265 254 254 259 255 250 255 262 265 267 269 269 268 269 271 269 269 272 277 278 279 277 289 284 287 276 270 271 270 270 269 270 271 269 267 269 267 272 277 280 278 275 274 274 282 288 291 286 279 282 284 280 276 270 257 258 261 252 239 240 247 256 256 248 257 266 273 272 272
268 265 266 270 265 262 270 280 279 274 280 283 279 280 275 268 257 247 245 241 244 246 253 257 263 266 268 271 272 272 270 273 274 277 276 274 282 279 277 275 275 268 271 271 271 270 271 272 271 268 269 270 267 269 272 269 270 270 272 281 282 286 287 280 274 282 278 272 268 252 244 244 236 233 245 254 262 263 258 264 269 275 274 275
262 259 257 260 259 266 276 279 278 273 277 278 275 276 276 272 262 251 243 242 242 247 251 255 264 268 270 271 273 274 274 275 276 276 273 273 275 273 268 263 263 266 270 271 272 272 272 272 272 271 271 270 267 264 265 263 263 266 271 275 278 280 284 284 274 277 278 274 267 255 244 237 234 236 246 252 260 268 268 271 275 277 278 277
258 258 257 257 262 269 271 272 273 273 269 270 267 270 264 264 260 251 245 248 250 248 250 256 260 265 267 267 271 271 272 272 274 272 267 272 272 270 268 261 263 268 271 271 272 274 274 273 273 272 274 272 271 267 263 264 264 263 268 274 277 275 278 285 284 283 280 274 266 250 242 245 243 240 239 245 257 266 271 278 281 282 280 283
262 257 256 255 259 263 265 264 265 265 259 260 260 260 257 259 257 255 253 253 258 252 253 254 253 258 259 262 265 268 269 269 272 271 270 271 271 272 272 269 269 271 272 273 273 274 275 275 274 275 275 274 272 269 264 263 264 264 264 268 271 277 279 279 281 284 281 276 271 261 254 248 237 235 235 243 256 259 267 278 284 283 278 280
267 261 256 255 255 256 256 255 255 256 253 256 266 272 273 271 269 263 262 262 263 260 260 259 254 252 253 255 256 260 260 265 268 268 271 273 273 273 274 274 273 273 274 274 274 275 274 274 274 273 273 273 273 269 266 264 265 264 263 263 265 271 277 278 279 282 281 276 272 266 260 257 250 233 241 246 260 270 270 279 285 281 277 275
271 267 259 256 257 256 254 252 253 254 253 254 261 276 281 279 276 273 268 270 265 268 265 264 259 256 255 256 255 255 255 262 267 270 272 273 273 273 273 274 275 275 275 275 274 274 274 273 272 270 269 271 274 272 266 265 267 266 265 265 261 264 269 275 277 277 275 275 271 266 265 262 259 249 255 254 254 270 279 283 287 283 280 274
274 267 263 261 261 257 254 253 258 262 261 259 267 275 284 281 281 282 273 275 275 273 268 266 261 261 259 257 257 255 258 260 262 269 273 273 269 271 269 272 274 274 274 275 275 274 274 272 271 269 267 269 274 270 265 266 268 269 268 266 263 261 262 265 274 275 274 276 276 272 270 267 264 262 264 268 263 272 279 283 288 287 282 276
277 269 269 268 262 258 256 255 262 270 268 265 267 278 283 287 286 281 276 273 274 276 272 267 264 259 257 257 259 258 258 260 264 266 272 269 265 271 273 272 270 273 275 275 275 273 272 270 270 269 269 270 274 271 269 267 270 268 268 266 263 262 262 265 270 276 275 276 276 276 275 274 271 269 270 274 274 275 279 281 286 289 289 280
272 273 270 271 265 264 265 261 267 273 275 269 273 276 279 288 290 283 280 280 278 278 272 267 264 258 256 257 261 262 262 266 268 272 271 271 270 273 275 275 274 275 276 275 275 271 267 268 266 266 269 270 271 274 271 270 270 269 268 266 265 265 263 263 267 275 275 277 276 278 280 278 275 273 276 279 278 280 283 286 289 289 291 287
266 267 266 269 267 266 268 266 273 279 279 277 279 282 285 290 290 287 286 287 283 281 272 271 266 263 261 260 265 268 269 272 273 274 270 274 274 275 275 275 276 276 276 275 274 271 267 264 262 260 266 271 275 272 271 271 270 267 268 266 264 262 259 263 267 272 278 277 279 282 281 281 278 278 279 283 281 281 280 288 292 292 293 291
267 266 266 266 267 266 271 273 277 283 284 282 284 286 288 293 293 291 290 284 283 281 274 273 271 268 266 267 272 271 272 272 276 276 273 274 274 275 275 275 275 275 275 275 274 273 271 267 267 265 268 271 278 276 273 270 269 267 266 266 264 262 259 262 264 268 277 279 277 287 286 284 285 289 288 285 286 284 280 282 291 295 293 291
269 268 267 264 266 269 277 281 283 286 288 286 288 291 292 295 294 291 286 281 283 282 279 279 276 273 273 273 276 274 275 277 277 276 275 274 274 274 274 274 275 275 275 275 274 274 273 271 271 270 270 270 274 280 278 272 268 266 264 263 262 258 261 264 265 269 274 280 281 284 294 289 293 296 294 286 289 287 286 282 284 292 295 293
271 271 268 266 268 271 274 280 283 288 291 287 291 294 296 297 295 290 284 281 283 281 278 277 279 279 278 278 276 270 272 275 277 276 274 273 273 274 274 274 274 275 275 275 275 274 273 272 271 270 269 269 270 272 280 278 271 266 264 262 257 255 259 266 273 276 274 278 282 282 288 298 300 301 296 286 287 288 289 289 286 290 297 295
