08 Ecocrop/raster/current/tmax_12.asc
ncols        683
nrows        518
xllcorner    -87.691666666667
yllcorner    10.708333333333
cellsize     0.008333333333
NODATA_value  1.#QNAN
[rows 74 to 110 of 518, columns 336 to 419 of 683]
265 268 270 265 264 264 260 265 265 266 266 266 266 264 262 266 266 264 263 264 266 269 272 272 272 274 272 275 276 277 277 277 277 277 278 277 278 278 277 277 276 276 275 275 274 273 271 272 272 273 273 272 273 273 272 271 271 271 272 272 272 271 270 269 269 268 270 270 270 270 270 270 271 271 270 269 269 269 269 268 268 269 270 270
267 269 270 266 264 262 259 264 266 267 268 268 268 263 261 265 264 259 260 262 265 271 270 272 274 275 274 276 277 277 278 277 278 278 278 278 277 277 277 277 276 275 275 275 273 272 271 271 272 271 271 271 272 273 272 272 271 271 272 271 272 270 267 265 268 269 270 270 271 271 270 271 271 270 270 268 268 268 268 268 268 269 270 269
272 271 270 267 266 264 264 267 266 266 267 267 268 265 261 265 264 258 260 261 263 270 273 273 273 275 275 276 277 277 278 278 278 278 278 278 278 276 276 277 276 275 274 274 272 271 270 271 271 270 269 270 272 272 272 271 271 271 271 272 271 271 269 268 270 270 271 271 271 271 271 271 271 271 270 269 266 264 267 267 268 269 268 270
273 272 270 269 268 267 265 265 264 264 263 266 269 268 264 264 267 264 265 268 268 270 273 272 268 274 276 275 276 277 278 278 278 278 278 278 278 277 276 276 276 271 265 272 270 270 271 264 266 268 268 268 269 271 272 271 271 271 271 272 272 272 271 270 270 270 270 271 271 271 271 271 269 271 270 268 267 266 267 268 269 270 269 270
272 271 266 265 263 262 264 266 263 263 258 265 268 269 268 264 267 263 264 267 269 271 273 268 266 273 276 276 276 277 277 277 278 278 278 278 277 277 276 275 276 270 265 269 271 269 266 264 261 263 266 269 270 270 270 272 271 271 271 272 272 272 272 271 270 270 270 271 271 271 271 271 270 270 268 266 266 266 269 269 270 270 270 270
270 270 266 260 259 258 260 266 265 266 261 264 269 270 271 267 266 265 260 263 267 270 272 267 266 270 275 276 274 277 277 278 277 278 278 278 276 276 276 276 275 274 271 271 272 269 264 260 259 260 262 268 269 270 271 272 272 270 270 271 272 272 272 271 269 268 268 270 271 271 271 272 271 269 268 268 269 269 269 269 270 270 270 270
270 269 265 263 259 257 258 263 267 267 266 263 267 270 271 269 266 267 260 258 265 267 268 268 263 267 274 275 274 276 277 277 277 277 278 277 276 275 275 275 270 272 274 271 272 271 268 261 260 257 260 265 267 270 270 271 272 271 270 272 273 273 272 272 272 272 272 272 271 271 272 271 270 268 267 269 269 270 270 270 270 270 270 270
271 269 266 262 261 259 260 261 267 268 267 263 267 270 271 270 266 268 264 261 265 264 264 268 265 263 272 276 276 276 277 277 277 277 277 277 277 276 275 272 266 271 274 271 271 268 268 263 261 260 262 266 268 270 271 271 272 272 271 272 273 273 273 272 272 272 272 272 272 272 272 271 270 269 269 270 270 270 270 270 270 270 270 270
268 266 260 261 260 262 265 267 267 269 268 266 268 270 270 272 268 268 268 264 267 265 265 268 267 264 272 276 277 277 277 277 277 277 278 277 276 275 274 268 268 273 273 268 267 267 266 265 265 262 262 265 268 270 271 272 272 272 272 272 272 273 272 272 273 272 272 272 272 271 271 271 270 270 270 270 270 270 270 270 270 270 270 270
266 261 261 262 262 265 265 262 268 270 270 269 271 271 271 272 270 267 270 266 268 266 266 269 269 266 273 276 277 277 277 277 277 277 278 277 276 275 273 266 269 269 270 271 268 269 268 266 266 264 264 267 268 270 272 272 273 272 272 273 273 273 272 272 272 272 272 271 272 271 271 271 270 270 269 270 270 271 271 270 270 270 270 270
263 263 261 260 261 258 257 258 267 269 270 271 271 269 270 268 272 270 271 270 269 269 267 269 271 269 269 276 277 277 277 277 277 277 278 276 275 271 270 270 265 265 265 269 271 269 268 268 268 267 268 268 268 270 272 273 273 273 273 273 273 273 272 272 270 271 271 272 271 271 271 271 270 270 268 270 271 271 271 271 271 270 270 270
263 265 261 259 260 258 256 258 268 270 270 271 270 268 269 269 272 271 270 270 270 268 268 269 270 270 268 274 276 277 277 278 277 277 277 275 271 265 268 269 260 259 262 265 269 270 267 266 268 268 268 268 268 270 272 272 273 273 273 273 273 273 272 272 271 271 271 271 271 271 271 270 270 270 271 271 272 272 272 271 271 270 269 269
267 266 262 261 262 261 264 265 268 269 270 270 267 267 269 271 272 271 271 272 270 265 269 272 271 271 266 271 275 276 277 277 277 278 276 272 268 269 269 269 262 263 267 269 271 271 267 265 268 267 265 265 267 268 271 273 273 273 273 273 272 272 272 271 270 270 269 270 270 271 271 271 270 270 271 271 271 272 272 272 271 271 269 269
267 265 262 262 263 264 268 269 269 269 269 269 269 268 270 271 271 267 271 273 269 267 271 271 267 271 268 271 275 275 277 277 277 278 276 275 275 274 273 272 266 266 269 269 270 271 270 269 270 268 264 267 269 270 272 272 273 273 273 272 270 272 272 271 270 269 270 270 270 270 271 270 268 269 271 271 272 272 272 272 272 271 270 270
264 263 262 262 259 257 260 267 270 270 267 270 269 267 267 269 271 267 269 273 268 271 272 269 262 270 266 271 275 275 276 277 278 277 278 277 276 275 273 271 269 267 269 268 267 270 269 270 271 272 271 272 270 272 273 273 273 273 273 273 272 272 271 270 270 270 270 268 263 264 268 270 269 270 271 271 272 272 272 272 272 272 271 271
261 260 261 261 259 257 258 265 269 269 267 270 270 268 264 268 269 270 271 273 271 271 268 267 260 268 266 267 274 276 276 277 278 278 278 277 276 275 273 272 270 266 267 268 266 270 270 270 269 271 272 272 272 271 271 273 273 273 273 273 272 272 271 270 270 270 269 263 255 261 269 270 270 271 272 272 272 272 272 272 272 272 272 270
261 260 261 262 261 264 266 268 270 266 263 267 271 269 267 272 271 270 269 273 273 270 265 264 259 263 267 267 274 276 276 277 278 278 278 276 276 275 274 274 272 265 264 266 268 270 272 270 268 269 272 272 272 271 271 272 272 273 273 273 272 272 272 271 270 269 265 260 259 266 269 271 271 272 272 272 272 273 273 272 272 272 272 270
267 263 264 263 261 264 268 268 270 264 263 267 273 270 266 273 272 270 267 273 270 264 261 260 254 264 271 268 275 276 277 277 278 278 278 277 277 275 275 275 274 267 267 266 269 272 272 267 267 266 272 273 273 272 272 272 271 273 273 273 273 272 271 270 269 268 266 264 265 268 268 269 271 272 273 272 272 273 273 273 272 272 272 271
267 265 264 263 265 267 266 267 268 263 262 267 274 272 271 274 272 272 271 273 270 263 258 256 253 263 272 272 277 277 277 277 278 278 278 278 277 277 276 273 274 273 272 272 272 273 273 270 272 271 273 273 272 273 273 272 272 273 273 273 272 272 271 269 267 263 257 255 257 263 269 271 271 272 272 272 272 273 273 273 273 272 272 272
265 266 261 259 261 264 266 268 267 264 268 271 274 274 274 275 274 274 275 275 271 263 257 261 258 265 273 275 277 278 278 278 278 278 278 278 277 276 275 274 273 274 274 273 273 273 273 273 273 273 273 273 273 273 274 274 274 274 273 272 271 270 269 265 262 255 246 248 256 265 269 270 271 272 271 271 272 273 273 273 273 272 272 272
262 264 261 260 264 266 267 266 264 265 265 271 273 274 274 274 276 276 275 274 268 259 258 266 263 264 273 277 277 278 278 278 279 278 278 277 277 275 276 276 275 274 274 274 274 274 274 274 274 273 272 272 273 273 274 274 274 274 273 272 267 259 259 252 252 253 250 254 257 261 264 269 271 271 270 271 272 273 273 273 273 272 272 272
261 262 259 260 261 265 263 263 266 270 272 269 271 273 270 274 275 275 276 274 267 257 258 269 266 270 273 277 277 278 278 279 279 279 278 277 277 277 276 276 275 274 274 274 274 274 274 274 273 272 272 271 273 274 274 274 274 273 272 271 263 254 257 254 249 250 257 261 264 265 265 266 268 271 271 272 271 272 273 273 272 272 272 272
263 263 262 258 258 263 260 260 264 269 270 269 270 271 270 271 274 274 276 274 269 257 258 271 267 273 276 277 278 278 279 279 278 279 278 278 277 277 276 275 275 275 275 274 274 274 274 274 273 272 272 273 273 274 274 274 274 273 272 271 268 265 262 260 253 258 259 258 259 259 267 270 270 271 273 273 273 272 273 273 273 273 273 273
263 262 263 260 257 260 258 263 267 268 269 266 268 267 268 269 273 273 275 275 267 258 264 273 271 275 277 277 278 279 279 279 279 279 279 278 277 277 276 275 274 274 275 274 274 274 273 273 274 271 271 271 273 273 274 274 274 273 272 269 264 265 266 260 260 264 260 262 258 254 258 265 267 272 273 273 273 274 274 273 273 273 273 273
259 260 259 260 258 260 260 260 262 265 267 268 270 267 267 271 271 270 272 276 269 266 268 276 276 277 277 278 278 279 279 278 279 279 279 277 276 276 276 275 275 275 275 273 274 274 273 274 273 271 269 269 271 273 274 274 273 272 270 271 269 269 268 267 267 267 267 267 263 259 260 265 269 271 272 273 273 274 274 274 273 273 273 273
258 258 257 260 263 264 265 258 259 262 268 270 271 268 267 269 269 269 274 277 272 274 274 277 277 277 277 278 278 279 279 278 278 278 278 278 277 277 276 276 275 275 275 274 274 274 274 274 274 271 268 269 271 273 273 274 273 270 266 267 269 268 271 271 270 271 270 270 269 268 266 267 269 271 272 274 274 274 274 274 274 273 273 273
254 255 254 262 261 262 266 263 266 267 266 271 271 268 263 267 273 274 276 278 275 276 278 278 278 277 278 278 278 279 279 279 278 279 278 278 277 276 275 276 276 275 275 274 273 273 274 273 273 273 271 267 270 272 273 273 271 269 268 269 270 270 269 271 272 273 273 272 273 273 273 272 272 272 273 274 274 274 274 274 274 274 273 273
256 258 259 262 255 259 265 268 269 269 270 272 271 264 258 269 276 275 277 278 278 275 277 278 278 278 279 279 279 280 279 278 278 278 278 278 277 277 277 276 275 275 274 274 273 272 273 271 272 273 271 267 266 266 272 270 269 271 271 270 271 272 272 271 273 274 274 273 273 271 273 274 274 274 275 275 275 274 274 274 274 274 274 273
255 257 259 261 256 257 264 268 270 270 271 273 271 260 261 273 276 277 278 279 279 278 278 279 279 280 280 280 279 278 279 278 279 279 279 278 278 277 276 276 275 274 274 274 273 272 273 272 271 273 271 266 263 261 270 267 269 271 272 272 273 274 274 274 275 275 275 275 275 274 274 275 275 275 275 275 275 275 275 275 274 274 274 274
253 255 251 256 259 262 266 268 267 268 268 272 270 265 269 276 278 278 278 278 279 279 279 279 280 280 279 279 277 278 279 279 279 279 279 279 278 277 276 276 275 275 274 274 273 273 273 274 272 270 270 269 267 267 269 271 273 273 273 274 274 275 275 275 275 275 275 274 273 273 274 274 275 276 275 275 274 274 275 275 274 274 274 274
250 249 249 257 262 263 263 262 265 270 271 273 274 270 275 277 278 279 278 279 280 280 280 280 280 278 278 277 274 278 279 279 279 279 279 279 278 277 277 277 276 275 275 275 273 271 271 273 273 272 271 271 270 270 271 272 271 270 273 273 274 274 274 275 275 275 274 275 272 272 273 274 275 276 275 274 274 274 275 274 274 274 274 274
252 246 248 256 253 254 263 267 267 268 273 274 275 274 276 275 276 278 279 279 280 280 279 276 276 278 278 279 278 279 280 280 279 279 279 279 278 278 278 277 277 276 275 272 267 265 269 273 273 272 271 271 271 271 272 272 272 273 274 275 275 275 275 275 275 275 275 276 275 275 275 276 276 276 275 274 274 274 275 274 274 274 274 274
251 245 246 255 255 256 265 269 271 273 274 274 276 275 276 276 275 278 279 280 280 280 278 273 275 279 279 279 279 280 280 279 279 279 279 279 278 278 278 277 276 276 274 267 269 264 267 271 271 272 272 271 268 271 271 272 273 275 275 275 275 276 276 276 277 277 276 276 276 276 276 276 276 275 275 275 275 275 275 274 274 274 274 274
242 238 243 251 261 258 263 268 271 271 273 273 274 276 277 275 270 277 279 279 280 279 278 277 278 279 279 280 280 280 279 279 279 279 279 279 279 278 278 277 276 275 273 272 269 267 268 270 271 271 268 267 270 270 272 274 275 275 275 275 275 276 276 277 276 276 276 276 276 276 276 276 276 274 274 275 275 275 275 274 274 274 274 274
240 231 240 251 262 262 263 266 265 270 274 274 275 276 275 270 269 276 279 279 277 276 278 279 279 280 280 280 280 280 280 279 279 279 279 279 279 277 278 277 275 271 265 261 256 257 261 264 266 269 266 268 269 271 273 275 275 275 275 276 276 276 277 276 276 276 276 276 276 276 276 276 276 276 275 275 275 275 274 274 274 274 274 274
246 237 243 253 263 267 269 271 270 272 274 275 275 276 273 267 268 276 278 276 272 277 279 279 280 279 280 279 280 279 280 279 279 279 279 279 279 278 277 276 265 258 255 248 248 251 261 264 265 267 270 271 272 274 274 276 276 276 276 276 276 276 276 276 276 275 275 274 275 276 276 276 276 275 275 275 275 275 275 275 275 275 274 274
248 241 248 253 262 269 271 273 273 274 275 275 276 275 273 268 269 275 276 276 276 278 279 279 279 280 279 280 279 280 280 280 279 278 278 279 279 278 276 265 259 255 261 253 242 257 265 266 269 271 273 274 274 276 276 276 276 276 276 276 275 275 275 275 275 275 274 274 275 276 275 275 275 275 275 274 274 275 275 275 275 275 275 275
