08 Ecocrop/raster/current/tmax_6.asc
ncols        683
nrows        518
xllcorner    -87.691666666667
yllcorner    10.708333333333
cellsize     0.008333333333
NODATA_value  1.#QNAN
[rows 222 to 258 of 518, columns 252 to 335 of 683]
274 267 267 275 274 276 278 276 273 268 259 248 253 251 258 269 275 287 286 284 286 289 292 291 288 287 289 291 292 293 295 295 295 294 291 293 294 292 293 290 287 289 286 278 282 290 295 294 294 294 295 296 296 295 296 295 295 291 285 289 295 295 295 295 294 293 294 296 296 296 296 295 295 295 295 295 295 295 294 295 295 295 295 295
276 269 270 277 276 279 280 274 267 267 265 257 261 259 265 273 279 286 289 289 290 291 293 293 290 287 291 292 294 293 294 295 295 294 292 295 295 295 295 291 283 289 290 286 289 293 294 295 294 292 294 294 295 296 296 294 292 291 288 291 295 295 295 295 294 294 294 296 296 296 296 296 295 295 295 295 295 294 294 295 295 295 294 294
279 275 277 281 282 283 278 268 264 269 272 268 269 269 270 276 281 287 289 290 285 285 286 290 294 293 292 293 294 294 295 294 293 294 295 295 295 295 295 294 290 290 295 294 294 291 290 293 294 293 294 294 294 296 295 291 287 288 291 292 294 295 295 294 295 294 295 295 296 295 295 296 295 294 294 294 294 294 294 295 294 293 293 293
281 279 282 278 277 283 278 269 262 267 274 275 274 271 275 275 279 285 289 291 288 285 284 286 292 294 294 293 292 294 293 290 289 289 292 294 294 292 294 295 295 295 293 292 291 288 285 290 295 295 291 293 295 295 295 290 290 289 290 293 294 294 294 294 295 295 295 295 295 295 295 295 295 294 294 294 294 294 294 294 292 292 292 292
286 283 280 274 275 284 278 269 266 266 273 278 279 280 279 281 282 283 288 291 290 284 286 291 294 293 293 294 294 291 291 288 286 291 293 294 293 290 288 291 293 295 293 290 289 286 284 292 295 294 292 292 295 295 294 290 292 292 290 293 294 294 294 294 295 294 294 294 294 295 295 294 294 294 294 293 294 294 294 293 292 292 292 292
288 284 275 274 274 282 282 277 275 274 274 279 279 285 283 283 285 281 285 291 292 290 288 291 295 295 293 292 291 290 285 285 290 291 293 290 284 283 283 287 290 294 294 292 289 284 277 288 294 293 293 293 295 295 294 291 291 292 293 293 294 294 294 295 295 295 294 294 294 294 294 294 294 293 293 293 293 293 293 293 293 293 293 293
285 288 282 275 277 279 283 285 279 278 278 282 278 282 288 289 286 286 285 289 293 290 291 294 295 294 292 289 284 286 283 286 286 289 291 286 280 275 277 283 288 293 294 290 286 284 278 287 293 292 291 294 294 294 294 291 289 290 292 294 294 294 294 295 295 295 295 295 294 294 294 295 294 293 293 292 293 293 292 293 293 293 292 293
287 289 286 285 282 282 281 287 283 277 278 280 285 284 286 292 290 289 287 287 293 292 292 294 293 293 290 284 279 280 278 284 286 287 285 286 283 280 280 282 284 292 293 291 286 282 281 287 293 293 293 294 293 292 294 292 292 290 291 293 294 293 293 295 295 295 295 295 295 295 295 295 294 293 292 293 292 293 292 293 292 293 292 293
287 288 288 290 287 283 285 287 283 281 280 282 283 287 289 292 293 291 290 288 291 294 293 294 292 291 291 286 277 271 276 280 278 284 280 280 282 283 280 280 286 291 293 292 290 285 282 287 290 292 293 294 293 294 294 293 293 293 291 292 294 293 294 295 295 295 295 295 295 295 295 294 293 293 293 293 293 294 293 293 292 293 292 292
289 289 287 291 291 286 290 292 288 290 289 286 288 290 293 292 293 294 293 291 291 292 294 295 292 289 288 288 278 270 272 271 274 276 275 277 280 283 282 281 286 291 291 292 290 287 283 284 286 285 292 293 292 293 294 294 293 294 292 293 293 293 294 295 295 294 294 294 294 295 295 294 295 294 294 294 294 294 293 292 291 293 293 293
291 292 291 291 292 293 290 292 292 286 291 292 291 293 289 288 290 291 294 294 294 293 293 294 292 286 282 287 277 268 267 270 271 276 273 274 282 283 283 284 286 289 290 293 289 285 282 282 288 286 291 293 291 292 292 293 294 294 294 294 292 294 294 294 295 294 293 293 294 294 294 293 294 294 294 294 293 293 292 292 293 293 293 293
290 290 283 277 280 288 290 290 290 282 282 287 292 290 283 285 289 290 290 293 291 291 288 293 290 289 285 282 278 267 270 271 272 273 273 272 277 280 282 285 287 286 290 292 289 284 283 286 289 288 292 292 290 291 292 293 293 293 293 294 293 295 295 295 294 294 293 293 294 294 294 292 292 294 294 293 293 293 293 292 293 293 293 293
290 288 280 273 276 285 289 288 287 286 286 287 290 292 286 283 289 286 289 292 291 289 286 290 292 292 290 286 285 273 272 273 273 274 274 272 271 278 280 287 287 284 289 291 290 286 285 285 289 288 292 290 289 291 293 293 293 294 294 294 294 294 295 295 294 293 293 293 293 294 294 293 292 293 294 294 293 293 293 293 293 293 293 292
284 288 282 274 277 284 289 289 287 285 287 291 291 292 287 285 286 285 289 291 288 288 282 282 283 289 292 290 287 280 277 276 276 276 272 270 273 274 277 282 287 283 288 290 290 288 287 284 290 292 292 291 291 292 292 294 294 294 294 294 294 294 294 294 294 293 293 293 293 293 293 293 292 293 294 293 294 293 293 293 293 292 293 292
285 287 286 280 281 287 290 288 290 289 287 289 292 288 280 278 281 287 287 284 285 283 279 273 282 290 285 290 290 284 280 278 280 278 275 272 274 273 279 284 287 284 285 291 290 288 285 282 290 290 292 291 293 293 293 294 294 294 294 294 293 294 294 294 294 293 291 293 293 293 293 293 292 293 293 293 293 293 293 293 292 291 292 292
279 277 283 276 275 285 289 289 288 290 289 289 291 287 284 280 282 286 283 277 280 280 279 277 286 283 279 278 287 288 284 281 281 281 283 279 274 274 280 280 283 285 285 291 287 289 288 284 288 288 292 293 293 293 294 294 294 294 294 294 294 293 294 293 294 293 291 291 291 291 292 292 292 292 293 293 291 291 292 292 292 291 291 292
270 268 272 271 267 275 282 284 286 288 290 291 290 290 289 286 282 282 279 280 281 282 282 285 286 280 281 281 284 290 285 284 283 284 284 280 275 274 278 281 282 281 284 290 287 284 287 286 288 285 289 291 294 294 294 294 294 293 293 293 294 294 294 292 293 293 292 291 291 291 290 291 291 290 291 293 291 288 289 289 290 289 291 290
273 272 272 269 271 272 275 277 284 288 291 290 289 288 288 287 284 277 277 280 282 282 278 284 282 280 282 284 281 285 289 285 286 287 284 282 284 282 274 277 277 277 282 289 283 280 286 285 287 284 290 292 293 294 294 294 293 293 292 292 293 292 293 291 293 293 290 290 290 291 290 290 292 291 291 292 292 289 286 285 284 289 290 289
276 276 273 274 277 274 270 270 282 289 288 288 288 287 284 285 285 277 278 279 281 280 279 281 281 281 283 284 276 278 288 288 287 288 287 287 286 282 276 272 270 273 278 287 285 280 284 286 285 286 288 292 292 293 294 294 293 293 290 290 290 291 292 291 292 292 291 291 291 291 291 291 291 292 292 292 292 291 288 284 281 285 288 286
276 278 273 276 277 280 279 273 285 289 287 284 283 285 282 280 283 279 279 279 281 281 279 279 284 283 284 283 278 279 285 290 291 290 289 286 284 282 277 267 263 268 273 281 285 280 283 286 286 288 288 288 289 293 293 294 293 292 289 286 284 284 290 291 292 293 290 289 290 290 290 290 290 291 292 292 289 289 287 284 281 283 286 285
281 279 274 278 279 278 281 285 287 286 287 285 279 279 277 274 276 281 280 282 283 284 283 283 284 283 284 282 278 282 287 290 290 290 288 287 284 281 277 270 260 264 266 270 279 282 284 284 285 288 289 288 291 293 292 292 292 289 289 284 285 287 290 290 290 291 292 290 289 290 291 290 291 291 291 291 289 287 285 280 279 280 284 286
280 281 279 280 281 277 278 286 283 281 284 279 274 275 276 278 278 279 282 283 281 282 282 285 286 285 285 283 283 287 290 290 290 289 287 286 283 279 273 266 257 252 257 261 273 277 279 282 287 286 289 289 289 293 292 292 291 291 288 287 286 287 289 289 290 290 291 290 289 289 290 291 291 290 289 288 290 288 286 284 280 282 283 286
279 280 280 280 277 273 282 282 280 275 274 275 276 276 277 277 277 278 281 281 281 281 280 281 285 287 288 287 289 290 290 290 290 290 288 286 284 278 270 262 252 240 240 246 263 269 274 282 286 285 288 289 291 292 292 292 292 290 290 288 288 288 287 287 289 290 291 290 289 288 288 289 288 287 288 289 288 289 287 284 283 283 283 285
274 276 277 276 275 279 283 279 272 269 268 272 276 277 277 277 277 279 277 279 278 279 276 278 281 287 288 289 289 289 288 289 291 290 288 283 281 277 269 250 245 245 242 238 247 257 270 281 284 285 287 290 292 292 292 293 293 292 290 288 289 289 287 287 289 290 290 290 290 288 285 285 283 283 282 284 287 289 288 284 286 285 284 281
270 275 277 278 278 280 282 276 272 272 272 269 272 273 275 274 274 277 272 271 275 273 273 279 282 286 288 285 286 285 285 285 289 289 286 283 279 277 271 261 257 260 250 253 256 253 266 279 284 285 285 287 290 290 292 292 293 292 291 290 289 288 288 288 289 290 289 288 288 286 282 279 280 284 279 278 284 288 288 286 285 284 284 281
274 277 279 280 282 282 280 275 274 274 272 268 268 266 267 270 270 273 269 262 270 270 274 277 282 286 284 284 281 283 286 286 287 288 285 284 284 281 275 271 269 269 260 264 262 256 272 282 285 286 286 288 290 290 289 291 292 291 291 290 288 286 288 289 289 289 288 288 288 285 282 279 282 284 283 278 281 287 287 284 286 282 284 286
278 278 278 278 280 280 278 276 276 275 273 269 264 261 263 264 263 264 265 258 263 263 274 280 283 285 284 281 279 279 285 287 289 287 287 287 285 282 279 279 279 278 274 275 268 267 277 284 286 286 286 288 290 290 290 291 292 291 291 290 288 285 284 288 289 287 286 285 286 285 282 280 280 283 286 283 285 288 287 287 287 285 286 289
274 276 276 272 274 278 280 278 277 275 271 265 259 251 247 250 246 246 252 252 257 266 276 278 282 281 281 280 276 280 285 287 289 288 288 287 284 276 271 276 282 285 285 285 280 279 284 287 287 287 285 282 287 289 289 290 291 291 291 290 287 284 283 286 286 286 280 278 280 281 277 279 278 279 283 285 285 282 281 286 287 287 285 288
273 273 273 273 277 279 280 278 277 274 264 255 250 248 250 245 240 239 243 242 258 271 277 276 279 278 276 275 278 282 286 287 288 289 288 287 285 279 276 272 274 280 285 287 287 287 287 288 288 286 286 283 286 289 287 289 291 291 291 290 288 282 283 282 283 285 279 277 279 281 279 277 280 278 280 280 280 277 276 282 287 288 287 288
269 264 271 275 278 280 279 278 274 271 267 260 245 254 253 245 247 248 243 248 261 273 279 280 279 278 275 274 274 282 286 288 289 289 288 288 287 284 284 279 280 279 286 289 288 289 288 288 288 288 285 284 285 287 286 289 291 291 291 290 287 280 282 284 283 283 280 280 282 283 282 278 278 281 281 281 280 280 274 279 287 286 286 286
274 266 272 277 279 279 277 275 271 267 270 265 253 260 262 257 253 246 246 252 263 271 280 281 282 280 275 276 277 278 284 283 286 285 289 289 289 287 282 280 283 282 284 290 290 289 289 289 289 288 285 285 283 287 287 289 290 291 290 290 286 280 280 284 282 280 279 280 281 284 285 281 279 280 279 279 278 284 277 276 287 288 281 288
282 278 280 280 278 277 272 267 273 275 275 272 262 266 268 259 247 246 254 257 261 272 280 282 283 279 275 277 281 282 280 278 280 280 287 290 290 289 282 282 285 281 287 290 291 289 289 289 289 288 286 287 285 287 289 289 290 290 289 289 287 284 282 283 282 280 282 283 282 284 285 283 280 278 277 278 282 285 285 285 286 289 282 290
284 280 284 283 280 274 268 272 278 281 282 278 272 275 265 254 255 257 260 264 268 277 282 284 283 279 278 279 281 282 280 278 279 280 283 287 291 291 286 286 286 282 288 290 290 289 289 289 289 288 286 286 288 288 288 287 288 290 290 288 288 285 281 281 284 283 282 285 283 285 285 283 282 280 277 277 277 280 280 288 286 289 288 290
283 285 282 279 276 270 262 274 280 283 286 283 283 283 274 268 267 264 267 268 272 280 283 285 284 280 280 280 283 283 280 278 281 282 281 286 290 291 287 287 286 283 290 291 291 290 289 288 289 289 287 284 286 287 287 286 288 289 290 289 287 287 284 281 284 284 284 284 286 286 286 285 283 277 276 279 281 283 288 289 287 290 290 285
287 288 285 277 274 275 273 276 283 286 288 289 282 283 279 271 272 265 267 270 272 282 283 286 283 282 282 284 283 281 281 280 283 286 286 285 287 290 291 288 287 284 290 292 291 290 288 288 289 289 287 283 280 283 286 283 286 285 289 288 285 285 282 281 281 284 285 286 284 284 287 285 280 275 277 277 276 277 287 286 280 284 290 287
286 290 285 278 281 281 280 282 285 289 290 291 288 280 279 277 278 274 269 277 278 285 286 287 285 284 285 283 279 281 282 284 283 282 282 283 285 290 291 290 287 282 288 292 291 291 289 290 289 289 288 285 279 279 284 282 284 282 287 288 285 284 281 278 280 280 283 285 286 285 287 284 280 279 275 280 280 282 288 287 280 284 289 289
284 290 286 284 286 285 286 288 289 291 292 292 289 283 280 283 282 275 277 282 283 288 288 287 286 285 282 280 279 279 280 285 284 281 277 277 278 285 290 291 289 286 288 291 292 291 291 291 290 289 289 288 284 283 284 284 285 281 286 288 286 284 283 277 278 280 280 282 284 287 288 285 283 283 280 283 287 287 289 286 281 286 288 289
