08 Ecocrop/raster/current/tmax_8.asc
ncols        683
nrows        518
xllcorner    -87.691666666667
yllcorner    10.708333333333
cellsize     0.008333333333
NODATA_value  1.#QNAN
[rows 148 to 184 of 518, columns 336 to 419 of 683]
298 293 284 290 292 295 297 298 297 293 294 293 291 292 293 290 286 285 280 273 268 275 280 280 284 284 278 273 275 272 267 265 272 276 277 276 278 281 281 281 275 282 288 287 289 290 288 286 284 283 289 293 295 295 296 296 296 296 295 293 291 288 291 293 294 294 293 293 293 293 293 293 293 293 293 293 293 293 293 293 292 292 292 292
298 290 287 291 295 296 297 298 297 296 294 293 290 293 292 288 286 285 283 273 265 274 283 286 279 278 277 272 267 265 260 264 270 274 279 274 272 280 283 284 284 287 288 286 286 286 288 289 289 288 290 292 293 294 296 296 295 295 295 292 291 289 292 294 294 293 293 293 293 293 293 293 293 293 293 293 293 293 293 293 293 292 292 292
298 296 295 293 294 296 298 298 297 296 294 294 293 294 292 290 289 287 283 275 274 280 285 284 273 271 267 264 262 264 268 273 278 282 282 280 281 280 286 286 288 289 289 285 280 282 284 287 285 287 291 292 291 292 295 295 294 295 295 294 294 294 293 294 293 293 293 293 293 293 293 293 293 293 293 292 293 293 293 292 292 292 292 292
296 294 296 294 297 297 298 297 297 296 295 295 295 293 291 290 288 286 279 280 284 284 289 284 281 277 275 271 272 275 280 279 278 285 282 285 287 286 288 288 287 287 290 289 285 283 281 281 283 285 288 290 291 292 295 295 294 294 294 294 291 292 290 293 293 293 293 293 293 293 293 293 293 293 293 293 293 293 293 292 292 292 292 292
297 295 296 296 298 298 297 297 296 295 296 296 295 292 291 289 287 283 280 285 288 289 290 291 289 287 284 281 279 285 286 286 282 287 288 288 289 289 288 288 287 288 290 291 290 287 286 286 288 289 291 292 292 292 293 293 292 294 294 294 291 291 290 291 293 293 293 293 292 293 293 293 293 293 293 293 293 293 293 292 292 292 292 292
298 296 297 297 298 297 297 297 297 296 296 295 294 292 291 289 287 280 283 290 290 290 288 292 292 291 289 287 285 285 288 289 291 291 292 291 291 290 289 288 287 290 290 290 291 291 291 291 290 291 292 293 294 294 294 292 293 294 293 292 292 292 291 290 293 293 293 293 293 293 293 293 293 294 293 293 293 293 293 293 293 293 292 292
298 297 298 298 298 298 297 297 296 296 296 294 293 293 291 292 290 284 287 291 292 292 290 293 293 291 287 287 283 280 284 289 291 293 294 294 292 291 289 287 290 290 290 287 290 293 292 291 290 291 291 291 293 294 293 290 289 293 294 292 292 293 293 291 293 293 293 293 293 293 293 293 293 294 294 293 293 293 293 293 293 293 293 292
299 298 298 298 298 298 297 296 296 296 296 294 292 293 292 293 292 291 289 290 291 292 294 294 294 291 288 289 287 282 283 289 291 293 294 295 294 291 292 291 290 290 291 289 290 292 293 293 293 293 292 293 292 293 292 292 293 293 293 294 293 293 293 293 294 293 293 293 293 293 293 293 293 293 294 294 293 293 294 293 293 293 293 292
298 299 298 298 298 297 297 297 297 296 295 294 294 295 293 293 290 290 290 289 289 287 290 295 295 292 290 291 292 291 289 292 294 294 294 295 295 294 293 293 291 291 292 291 291 293 294 294 294 293 293 294 294 293 290 291 293 293 292 293 294 294 294 294 293 293 293 293 293 293 293 293 293 293 294 294 294 294 294 293 293 293 293 292
298 299 298 298 298 297 297 297 297 295 296 296 296 295 294 294 293 292 292 290 290 288 292 295 294 289 289 291 293 294 294 294 295 296 295 295 296 295 294 292 294 292 293 294 294 294 295 295 295 294 294 295 295 294 293 292 293 294 292 292 294 294 294 294 293 293 293 293 293 293 293 293 293 293 293 294 294 294 294 293 293 293 293 292
298 298 298 298 298 298 297 297 297 295 296 297 296 296 295 294 294 295 295 292 292 291 294 295 293 291 290 290 293 295 296 296 296 296 296 296 296 296 296 295 295 295 293 294 294 293 292 294 295 296 294 295 296 296 295 295 294 295 294 293 294 294 294 293 293 293 293 294 293 293 293 293 293 293 293 293 294 294 293 293 293 293 293 293
299 299 299 299 298 298 298 298 297 296 296 297 297 296 295 293 292 295 296 296 295 295 295 295 294 292 292 294 291 293 294 296 297 297 296 297 297 296 296 296 296 296 295 295 295 294 293 295 296 296 296 296 296 296 296 295 295 295 294 294 294 293 293 294 294 294 294 294 294 293 293 293 293 293 293 293 293 293 293 293 293 293 293 293
299 299 298 298 298 299 298 298 297 297 297 297 297 297 296 294 293 294 295 296 296 296 295 295 295 294 295 295 290 290 295 296 297 297 297 297 297 297 297 297 297 297 297 296 296 296 296 296 296 296 296 296 296 296 296 296 295 295 294 294 294 294 294 294 294 294 294 294 294 294 294 293 293 293 293 293 293 293 293 292 293 293 293 293
298 298 296 297 298 298 298 298 297 297 297 297 297 297 297 296 296 294 295 296 296 296 296 296 296 296 296 296 295 295 296 296 297 297 297 298 297 297 297 295 296 297 297 297 297 297 297 297 297 296 296 296 296 296 296 296 296 295 295 295 294 294 294 294 294 294 294 294 294 294 294 294 294 293 293 293 293 293 292 293 293 293 293 293
298 295 295 297 297 297 298 298 295 296 297 297 297 297 297 297 296 294 295 297 296 296 296 296 296 296 296 296 296 295 296 296 297 298 298 298 297 297 297 297 297 297 297 297 297 295 291 297 297 297 297 296 296 297 296 296 296 295 295 295 295 294 294 294 294 294 294 294 294 294 294 293 293 293 293 293 293 293 292 293 293 293 293 293
297 294 295 296 297 297 298 297 296 296 297 298 296 297 297 297 296 296 296 296 295 294 295 296 294 294 295 294 295 296 295 295 297 297 293 297 298 297 297 297 297 297 297 297 297 296 296 297 296 296 297 296 296 296 296 296 296 295 294 294 294 294 294 294 294 294 294 294 294 293 293 293 293 293 293 292 293 293 293 293 293 293 293 293
297 295 296 297 297 297 298 297 295 297 297 297 297 297 297 296 297 297 297 294 291 290 293 295 296 295 294 291 290 294 294 294 294 295 294 295 296 297 297 297 297 296 297 297 297 297 297 296 296 296 296 296 296 296 296 296 296 295 294 293 292 293 294 294 293 294 293 293 294 293 293 293 293 293 293 293 293 293 293 293 293 293 292 292
297 296 296 297 297 297 298 297 295 296 297 297 297 297 298 297 297 297 297 294 292 290 291 293 296 292 292 291 287 290 287 290 294 294 293 293 294 297 297 297 297 297 296 296 297 297 297 296 296 296 296 296 296 296 296 296 295 294 294 293 291 292 294 294 294 293 293 293 293 293 293 293 293 293 293 292 293 293 293 293 292 292 292 292
297 296 297 297 298 297 298 297 296 294 295 296 297 296 297 298 297 295 297 297 295 291 289 292 295 295 290 284 285 283 279 286 292 295 295 294 293 295 296 297 297 297 297 296 296 296 297 296 296 296 296 296 296 296 296 295 295 294 294 293 291 291 293 293 293 293 293 293 293 293 293 293 293 293 293 293 293 293 293 293 292 291 291 291
297 297 297 298 298 297 298 296 296 291 292 295 296 295 296 297 297 295 295 297 297 295 291 291 293 295 295 292 285 284 283 289 292 294 294 295 294 295 296 296 297 297 296 296 296 296 296 297 296 296 296 296 296 296 295 295 295 294 294 293 292 291 291 292 293 293 292 292 292 293 293 293 293 293 293 293 293 293 293 293 292 291 291 291
297 297 297 298 298 298 297 297 295 291 292 294 296 295 296 296 296 296 294 294 295 297 294 295 294 294 295 295 294 288 280 289 291 291 290 292 292 296 296 297 297 297 296 296 295 295 296 296 297 296 296 296 296 296 296 295 295 294 294 293 292 291 292 291 292 293 292 292 292 293 293 293 293 293 293 293 294 293 293 293 293 292 291 291
296 297 297 298 297 297 297 297 294 293 291 295 297 297 295 291 293 294 295 293 293 295 296 296 295 293 294 296 295 288 288 292 293 290 290 289 289 290 292 296 296 296 295 295 294 294 295 296 296 296 295 296 296 296 295 295 295 294 294 294 293 292 292 292 292 293 293 293 292 293 293 293 293 293 293 293 294 294 293 293 293 292 292 291
295 296 297 297 297 296 297 297 297 295 294 296 297 297 295 292 294 294 296 296 294 295 296 297 294 292 294 295 296 294 294 294 292 289 291 290 290 289 290 294 295 296 296 296 296 295 295 295 296 296 296 295 295 296 295 295 295 295 294 294 293 292 292 292 292 293 293 292 292 293 293 293 293 293 293 293 294 293 293 293 292 292 292 291
293 296 297 296 296 297 297 295 296 297 296 297 297 297 295 294 292 294 294 294 296 297 296 296 296 295 295 294 296 295 295 294 290 288 289 292 291 291 292 293 295 295 296 296 296 296 295 295 296 295 296 295 295 296 294 295 295 295 294 294 293 292 292 293 292 292 293 292 292 292 293 292 292 293 293 293 293 293 293 293 293 292 292 291
296 297 296 295 296 297 296 295 295 296 297 297 297 297 296 296 294 293 293 292 294 296 296 295 296 296 295 295 296 295 293 294 292 289 290 291 292 293 294 295 295 294 295 296 295 296 295 295 296 295 295 295 295 295 294 295 295 295 294 294 293 292 293 293 292 291 291 292 292 292 292 292 292 292 293 293 293 293 293 293 293 292 292 291
297 297 296 296 297 296 296 295 295 295 296 297 297 297 296 296 295 294 293 294 294 295 296 295 295 296 296 296 296 296 294 293 293 292 289 288 292 294 293 293 294 295 295 296 296 296 295 295 295 295 295 295 295 295 295 295 295 294 294 294 293 293 293 293 293 291 291 291 291 292 292 292 292 293 293 293 292 293 293 293 293 293 292 292
295 296 296 297 296 297 296 296 295 295 296 297 297 297 297 295 293 292 291 293 294 293 294 294 295 296 296 296 295 295 295 294 293 292 289 290 290 294 293 293 295 295 295 295 295 296 296 296 295 295 295 295 295 295 295 295 295 294 294 294 293 293 293 293 293 292 291 291 291 292 292 293 293 293 293 292 292 293 293 293 293 293 293 292
295 296 296 296 296 296 297 296 295 296 296 297 297 297 296 294 291 290 292 292 292 291 292 292 294 295 296 295 295 295 295 292 291 292 288 288 290 294 294 295 295 295 294 295 295 295 295 295 295 295 295 295 295 295 295 295 294 294 294 294 294 293 293 293 293 293 292 291 292 291 292 293 293 293 293 293 292 293 292 292 292 293 293 292
296 296 296 295 296 296 296 296 295 296 296 297 297 297 296 293 288 290 291 292 291 289 287 290 289 288 291 295 295 295 296 293 292 292 292 292 294 294 294 295 295 295 295 295 294 295 295 294 295 295 295 295 294 294 294 294 294 294 294 294 293 293 293 293 293 293 292 292 292 292 292 292 293 293 293 293 293 293 293 292 292 292 292 293
296 296 296 296 296 296 296 296 295 296 297 297 297 297 296 295 292 290 292 293 291 288 282 287 283 284 289 290 294 295 295 294 294 294 294 294 294 295 295 295 295 295 294 294 295 295 294 294 295 295 295 295 294 294 294 294 294 294 294 294 293 293 293 293 293 293 293 292 292 292 293 292 293 294 294 293 293 293 293 293 293 292 292 292
296 295 296 296 296 295 296 297 296 297 297 297 297 297 296 295 292 291 291 294 292 291 288 287 286 284 285 290 292 292 295 295 295 295 294 294 295 295 294 295 295 295 294 294 294 295 295 295 295 295 294 294 294 294 294 294 294 294 294 294 294 293 293 293 293 293 293 292 292 292 293 292 292 293 294 293 293 293 293 293 293 293 292 293
296 296 296 296 296 297 297 297 297 297 296 297 297 296 295 294 292 293 293 294 291 286 286 290 291 290 289 292 293 293 293 294 294 295 295 294 294 294 295 295 295 295 295 294 294 294 295 295 295 294 294 294 294 294 294 294 294 294 294 294 294 293 293 292 293 293 293 292 292 292 293 292 292 293 293 293 293 293 293 293 293 293 293 293
296 296 296 296 296 296 297 295 295 297 297 297 297 296 295 293 294 293 290 293 292 286 284 291 293 292 290 291 290 290 293 293 294 294 295 295 295 294 295 294 293 294 295 295 295 294 295 294 294 294 294 294 294 294 293 293 293 293 294 293 294 293 293 293 293 293 293 293 293 292 292 292 292 292 293 293 293 293 293 293 293 293 293 293
296 296 296 296 296 296 297 296 295 296 297 297 297 296 295 293 293 294 291 289 292 292 291 292 294 291 290 290 292 291 292 293 293 294 294 294 294 294 294 294 294 294 294 294 294 294 294 294 294 294 294 294 293 293 293 293 293 293 293 293 293 293 293 293 293 293 293 293 293 292 292 292 292 292 293 293 293 293 293 293 293 293 293 293
296 296 296 295 294 295 297 297 296 297 297 297 296 295 295 293 290 291 291 290 289 294 295 294 294 290 288 291 291 290 291 292 293 293 294 294 294 294 294 294 294 294 294 294 294 293 293 293 294 294 294 294 293 293 293 293 293 293 293 293 293 293 293 293 293 293 293 293 293 292 292 292 292 292 292 293 293 293 293 293 293 293 293 293
296 296 296 296 296 296 297 296 296 297 296 297 296 293 294 291 290 292 290 292 292 293 292 294 294 293 292 292 289 289 290 292 292 293 292 294 294 294 293 293 293 294 293 294 294 292 293 294 294 294 294 293 293 293 293 293 293 293 293 293 293 293 293 293 293 293 292 292 292 292 292 292 292 292 292 292 293 293 293 293 293 293 293 293
296 295 296 297 297 297 297 296 296 297 296 296 296 294 295 293 293 292 292 293 291 290 290 294 294 292 293 291 285 289 291 292 291 292 291 292 292 293 293 293 293 293 293 293 293 292 291 292 294 294 294 294 293 293 293 293 293 293 293 293 293 293 293 293 293 293 292 292 292 292 292 292 292 292 292 292 292 293 293 293 293 294 294 294
