08 Ecocrop/raster/current/tmax_10.asc
ncols        683
nrows        518
xllcorner    -87.691666666667
yllcorner    10.708333333333
cellsize     0.008333333333
NODATA_value  1.#QNAN
[rows 148 to 184 of 518, columns 168 to 251 of 683]
272 273 269 269 275 282 285 287 289 291 291 291 287 285 289 290 288 283 279 280 283 286 287 286 286 283 279 273 266 269 269 271 269 270 265 259 255 256 255 254 254 260 262 259 268 273 277 283 280 276 277 275 280 283 285 287 289 294 298 300 301 295 294 296 295 294 292 292 293 292 293 295 296 297 293 294 290 288 284 280 275 266 255 259
271 274 276 274 276 277 283 286 288 290 291 291 289 288 290 290 286 280 275 281 286 287 288 287 286 282 278 270 266 269 270 270 272 270 268 261 256 255 256 254 258 260 261 261 267 273 279 279 273 273 276 282 284 286 285 285 291 297 295 300 299 297 296 296 294 293 291 292 291 293 295 296 298 296 292 292 290 285 285 278 268 260 253 247
269 274 277 280 281 280 284 287 289 290 289 290 291 291 292 290 284 279 281 283 287 289 289 287 285 281 274 268 268 270 271 270 273 268 263 258 257 259 260 257 257 259 260 263 271 274 280 275 271 273 277 283 288 289 291 289 294 295 294 298 301 299 299 299 297 295 290 290 292 293 294 296 298 292 289 288 288 288 284 276 269 262 253 246
264 267 271 277 282 284 286 287 289 289 286 285 289 292 292 290 287 284 286 285 289 289 288 287 285 279 271 269 270 271 271 271 273 269 260 260 263 261 262 259 255 256 260 268 270 275 277 273 269 273 280 286 287 292 294 295 296 293 295 296 298 301 299 297 296 295 290 288 291 292 291 294 297 296 291 288 284 284 281 278 269 260 258 251
268 268 270 276 281 285 286 287 288 286 285 283 285 290 292 289 285 288 289 288 291 290 289 287 285 282 279 272 271 271 271 271 274 268 259 262 266 263 261 258 256 262 264 268 272 273 274 271 269 273 278 283 289 289 292 291 293 291 291 294 298 301 295 294 295 292 291 289 289 292 292 295 291 293 295 291 285 281 274 273 273 264 265 261
269 272 274 276 280 284 286 285 285 286 287 284 283 287 291 290 284 287 290 291 291 289 288 287 285 284 279 276 277 274 271 274 273 265 265 266 267 258 258 258 258 265 268 270 266 269 270 269 273 277 281 288 290 288 291 289 291 293 295 297 301 296 291 293 294 292 288 290 290 293 292 291 287 291 294 289 281 274 264 266 270 268 269 269
271 272 275 278 281 283 284 282 281 284 285 286 286 284 289 291 286 288 291 291 292 289 288 286 286 285 280 280 278 273 273 276 270 264 267 271 264 261 261 258 264 268 268 271 267 269 268 268 273 279 284 286 286 288 286 285 290 288 294 298 300 296 293 293 292 290 286 286 291 292 286 287 289 288 289 291 281 279 269 261 265 270 272 272
272 274 275 278 281 283 282 280 279 279 282 285 287 287 288 291 290 290 292 293 292 290 288 288 288 285 281 282 281 275 270 277 270 270 271 272 266 261 265 262 268 271 272 273 275 272 268 267 265 272 280 284 284 282 282 284 284 290 294 297 301 296 295 295 292 291 286 288 291 289 285 285 288 282 279 286 286 288 278 270 272 266 272 274
273 276 276 277 281 281 281 281 280 276 280 284 287 289 290 290 291 292 292 291 293 290 288 290 287 286 285 283 279 271 271 275 277 274 269 270 268 268 267 263 269 270 268 270 277 273 268 261 265 271 280 280 278 280 281 285 290 293 295 297 300 297 297 294 291 289 285 285 288 287 285 282 284 283 272 274 282 286 285 278 276 266 269 276
272 274 277 279 281 282 282 283 282 279 281 284 286 288 289 288 288 290 290 289 291 292 291 288 287 284 281 279 273 269 266 275 274 267 265 268 264 263 265 265 270 268 270 274 275 278 270 265 273 276 279 278 277 283 288 291 291 293 295 299 300 297 296 295 292 289 283 280 285 283 280 278 275 281 275 274 275 278 283 284 275 274 276 275
272 272 276 280 281 282 282 283 284 283 281 284 286 288 289 289 288 288 289 291 291 291 292 290 286 284 281 275 269 267 273 277 274 270 265 260 258 260 262 267 271 274 274 272 277 277 265 263 272 275 276 276 278 286 289 291 294 295 297 300 299 297 296 294 290 285 279 279 283 276 272 275 269 272 276 273 272 269 273 284 283 281 279 277
274 273 277 281 282 282 283 282 283 284 283 285 286 287 288 288 285 286 290 291 292 290 290 291 288 287 279 274 271 267 272 273 279 276 271 262 260 256 260 270 275 277 276 272 276 276 270 273 275 277 277 278 282 290 292 294 295 297 298 299 295 298 295 294 291 286 277 276 280 279 270 270 269 271 278 278 275 275 272 278 284 277 272 266
278 278 278 280 282 283 283 282 283 285 284 285 286 287 288 288 287 286 290 291 289 289 289 290 290 282 274 273 276 271 270 271 280 273 266 264 261 259 269 273 277 279 279 276 279 283 280 280 280 279 283 277 285 289 291 293 293 295 300 297 294 297 295 292 288 283 279 280 277 271 269 269 274 274 277 280 280 280 280 282 283 277 270 263
281 280 279 279 280 281 283 283 284 284 285 286 287 288 289 289 288 288 290 290 289 288 289 291 287 278 275 273 277 278 279 275 281 273 268 265 260 267 275 276 274 278 281 277 278 281 286 282 284 281 284 283 286 286 290 293 296 300 298 296 292 296 293 292 289 287 284 277 273 268 271 274 276 276 278 279 281 278 279 281 280 279 271 271
281 281 278 276 277 280 281 282 283 284 285 286 287 288 288 289 290 290 290 290 289 288 288 289 287 280 276 276 276 280 283 279 279 274 271 266 268 278 278 279 276 280 282 282 282 282 286 289 287 280 284 287 288 283 287 293 297 299 296 296 293 294 294 293 291 291 286 277 268 265 270 276 276 275 279 280 281 280 280 283 280 280 277 274
281 282 278 275 276 279 280 281 280 283 284 285 286 286 287 287 289 290 291 290 288 287 289 289 289 282 283 283 283 286 283 280 281 270 263 267 277 281 281 279 277 280 283 284 286 285 285 284 289 281 281 288 284 282 287 290 294 299 295 292 293 293 291 286 282 288 286 273 264 265 273 275 276 278 279 280 279 279 282 280 276 276 273 271
283 283 279 277 277 276 279 280 280 282 283 283 283 283 284 286 288 289 290 291 289 289 290 289 289 288 288 290 289 290 284 279 285 279 272 276 283 284 280 275 275 279 281 284 287 288 288 287 292 285 284 290 287 285 287 294 296 299 297 296 294 292 289 287 284 283 284 280 268 266 272 275 276 277 277 277 278 279 282 279 273 268 272 274
284 283 281 278 277 276 277 276 279 280 280 280 279 277 283 287 287 289 290 289 289 289 289 285 288 282 284 286 283 291 288 281 282 286 284 283 286 284 278 274 276 280 279 281 285 288 289 290 292 291 292 292 294 291 289 295 299 299 295 293 292 289 288 285 283 280 274 279 274 267 269 274 270 271 275 271 278 279 281 280 276 273 275 279
284 283 281 279 276 273 274 273 276 279 280 282 281 282 285 285 287 287 286 286 286 287 289 285 284 280 280 280 283 289 291 288 288 287 289 289 285 282 279 273 274 275 280 282 284 289 291 289 291 290 294 293 297 296 293 294 298 300 297 295 292 288 281 277 279 274 267 272 275 264 263 270 264 270 270 271 278 279 279 280 279 277 274 279
284 283 279 279 276 273 273 275 274 277 280 281 283 282 281 284 283 281 283 284 286 289 286 284 282 276 276 275 280 283 287 289 291 291 291 285 279 275 280 279 272 273 278 280 285 287 290 291 290 283 287 296 293 297 297 297 300 299 296 293 290 288 282 273 270 263 259 258 269 263 261 264 261 266 265 267 275 277 277 277 277 276 276 278
282 280 278 279 275 270 270 273 276 275 275 279 279 276 281 280 280 279 282 284 285 286 283 282 282 279 273 269 274 277 282 287 291 290 286 281 278 273 274 276 275 271 275 275 274 279 286 281 279 288 291 293 293 297 298 300 299 297 297 295 291 285 284 279 270 258 248 249 261 262 254 257 254 261 267 269 274 276 273 273 273 279 283 285
282 280 277 279 275 273 272 270 270 272 276 277 275 276 276 276 275 278 280 283 286 283 281 281 279 280 275 269 272 279 286 289 292 292 285 276 273 268 267 265 267 262 267 266 267 275 277 270 273 281 288 294 295 296 296 300 298 294 292 290 289 288 285 279 274 265 252 241 250 254 245 247 248 255 267 270 267 271 274 274 277 280 284 288
279 277 277 280 276 275 275 272 273 274 274 272 271 273 272 274 276 279 281 284 282 281 278 281 276 277 275 271 276 281 288 290 293 289 284 277 264 260 265 257 258 262 266 271 278 275 265 266 271 275 287 293 295 294 296 299 297 295 291 286 287 286 282 278 270 264 256 241 247 251 238 237 239 244 256 262 266 272 278 278 279 280 286 287
278 275 277 279 278 275 277 274 271 269 268 267 267 268 269 275 277 279 282 277 276 274 274 276 275 274 274 279 283 286 288 292 294 288 281 271 264 270 266 257 265 267 269 272 279 269 257 256 261 272 286 293 294 293 294 297 295 295 291 283 282 282 278 278 273 261 248 239 237 248 245 234 237 241 250 259 270 275 271 274 278 279 277 277
275 274 277 282 279 279 277 272 266 265 261 259 260 267 273 276 279 276 279 273 271 270 271 269 271 270 272 281 285 287 290 293 293 286 273 262 266 273 274 268 271 266 275 277 279 266 253 255 262 269 283 291 293 290 295 298 297 291 292 285 280 276 275 273 269 261 249 236 236 244 240 234 235 243 255 263 268 269 271 274 274 274 272 273
276 275 278 282 279 275 273 269 264 259 254 255 266 271 275 276 275 274 274 271 263 267 268 270 273 274 276 280 285 288 290 294 292 284 270 266 264 269 278 271 277 271 281 282 277 262 257 260 262 273 285 290 291 293 295 296 297 293 293 285 280 278 277 271 269 263 258 238 234 233 237 229 233 243 249 258 263 267 270 273 269 268 272 272
279 279 280 282 276 276 273 271 263 255 251 255 265 270 274 270 271 267 270 266 268 275 278 280 282 279 282 277 284 287 291 295 294 284 272 274 268 275 281 279 281 280 286 283 277 259 262 274 275 282 287 289 291 292 295 297 297 295 292 291 285 283 281 277 276 270 262 247 237 228 230 231 235 239 247 256 262 267 271 273 272 273 274 268
281 281 281 282 280 277 274 271 265 255 254 264 267 271 272 269 266 265 263 266 272 274 277 280 281 285 284 283 288 289 293 292 295 289 284 279 275 283 284 281 282 286 289 285 279 262 265 279 285 287 288 288 292 293 294 298 295 295 291 289 288 286 284 281 274 268 261 241 228 230 237 240 238 243 251 261 260 264 266 271 274 275 273 269
283 283 281 284 281 278 273 267 263 255 251 259 265 268 266 267 266 267 266 265 265 272 277 279 282 283 285 288 289 291 289 283 291 294 287 283 278 286 281 279 282 286 291 289 284 275 269 279 287 290 290 289 292 293 293 295 297 296 287 283 287 289 286 282 272 262 252 236 238 235 232 246 248 253 260 265 262 262 263 266 271 278 277 274
286 283 283 285 281 276 272 265 255 249 246 256 263 267 268 269 270 270 270 267 265 266 272 272 279 280 281 283 285 288 285 279 288 293 292 288 288 289 288 287 289 290 292 288 290 286 282 281 289 291 291 292 291 292 294 291 292 296 289 283 286 291 288 283 272 257 246 243 254 249 243 243 255 259 262 267 265 263 263 266 268 277 280 277
287 283 285 284 280 275 269 263 254 247 251 258 265 266 264 263 265 267 270 267 267 265 261 269 277 275 273 274 278 277 280 283 290 293 294 293 293 292 291 289 292 294 293 292 292 291 289 289 291 291 293 294 292 290 293 295 294 292 291 291 291 290 288 283 276 266 257 257 262 258 255 252 256 264 266 269 266 266 267 266 269 275 281 279
287 286 286 282 276 270 273 263 254 247 254 255 263 259 253 256 262 264 270 265 268 268 265 266 265 263 260 265 272 282 286 287 291 294 296 294 294 294 293 292 294 294 294 294 294 293 292 291 292 292 292 295 295 294 293 296 294 289 289 294 293 291 290 285 279 271 265 265 269 266 263 260 258 263 269 273 268 266 269 271 269 276 281 283
283 285 287 284 276 276 273 265 253 250 254 260 258 253 254 260 262 265 270 270 269 266 264 259 264 269 270 279 282 289 292 294 294 295 296 296 296 296 294 294 295 295 295 295 295 294 295 293 294 290 291 293 296 296 296 295 294 295 295 295 295 293 291 286 284 280 272 271 274 271 268 267 263 263 270 274 274 268 274 273 273 272 281 283
282 285 286 284 279 277 271 263 260 265 267 265 256 247 252 257 260 267 272 271 271 269 258 256 272 281 282 287 292 293 292 294 296 295 294 296 297 297 296 296 295 294 295 295 295 294 295 296 296 293 293 294 294 289 293 295 294 296 297 296 295 293 291 289 288 285 276 278 279 275 273 271 267 268 269 273 276 277 276 273 276 276 282 284
283 281 284 284 281 276 273 269 269 272 269 260 253 249 249 257 265 265 266 272 274 269 260 256 267 279 290 292 295 293 292 294 295 294 295 296 296 297 297 296 294 294 295 296 295 294 296 296 296 296 293 294 293 286 286 293 294 296 295 294 295 293 288 291 291 284 279 280 282 278 278 272 265 267 272 273 275 281 281 278 280 282 282 285
285 285 285 285 282 278 276 274 274 276 267 258 252 252 251 254 256 255 256 268 273 274 270 263 271 286 294 294 292 291 291 293 293 293 293 293 294 295 295 296 297 296 295 296 296 296 297 296 294 292 289 288 291 290 288 290 293 295 294 294 295 295 293 292 292 288 286 286 286 283 280 274 268 267 271 276 275 281 283 279 282 285 285 284
281 281 281 284 284 281 279 276 278 274 267 261 256 254 250 249 248 247 252 259 266 278 273 274 283 290 292 291 284 285 285 285 287 290 291 291 293 293 295 293 294 296 297 296 295 296 297 291 284 289 289 286 286 287 288 286 293 293 290 292 294 294 293 291 292 290 289 287 286 284 281 272 272 275 272 277 281 282 284 279 281 285 286 285
