08 Ecocrop/raster/current/tmax_11.asc
ncols        683
nrows        518
xllcorner    -87.691666666667
yllcorner    10.708333333333
cellsize     0.008333333333
NODATA_value  1.#QNAN
[rows 148 to 184 of 518, columns 84 to 167 of 683]
1.#QNAN 1.#QNAN 1.#QNAN 1.#QNAN 1.#QNAN 1.#QNAN 1.#QNAN 1.#QNAN 1.#QNAN 1.#QNAN 1.#QNAN 1.#QNAN 1.#QNAN 1.#QNAN 1.#QNAN 1.#QNAN 1.#QNAN 1.#QNAN 1.#QNAN 1.#QNAN 1.#QNAN 1.#QNAN 1.#QNAN 1.#QNAN 1.#QNAN 1.#QNAN 1.#QNAN 1.#QNAN 1.#QNAN 1.#QNAN 1.#QNAN 279 275 273 268 265 265 263 264 1.#QNAN 1.#QNAN 1.#QNAN 1.#QNAN 249 1.#QNAN 1.#QNAN 1.#QNAN 240 238 234 233 239 236 230 236 235 234 1.#QNAN 1.#QNAN 1.#QNAN 1.#QNAN 1.#QNAN 1.#QNAN 1.#QNAN 1.#QNAN 1.#QNAN 1.#QNAN 1.#QNAN 1.#QNAN 1.#QNAN 1.#QNAN 1.#QNAN 1.#QNAN 1.#QNAN 1.#QNAN 1.#QNAN 1.#QNAN 1.#QNAN 1.#QNAN 1.#QNAN 232 238 244 250
1.#QNAN 1.#QNAN 1.#QNAN 1.#QNAN 1.#QNAN 1.#QNAN 1.#QNAN 1.#QNAN 1.#QNAN 1.#QNAN 1.#QNAN 1.#QNAN 1.#QNAN 1.#QNAN 1.#QNAN 1.#QNAN 1.#QNAN 1.#QNAN 1.#QNAN 1.#QNAN 1.#QNAN 1.#QNAN 1.#QNAN 1.#QNAN 1.#QNAN 1.#QNAN 1.#QNAN 1.#QNAN 1.#QNAN 1.#QNAN 286 280 276 270 266 263 263 258 259 262 257 255 251 242 238 240 238 229 229 235 233 233 241 239 241 237 231 232 1.#QNAN 1.#QNAN 1.#QNAN 1.#QNAN 1.#QNAN 207 205 206 1.#QNAN 1.#QNAN 1.#QNAN 1.#QNAN 1.#QNAN 1.#QNAN 1.#QNAN 1.#QNAN 1.#QNAN 1.#QNAN 1.#QNAN 1.#QNAN 1.#QNAN 220 227 236 245 251
1.#QNAN 1.#QNAN 1.#QNAN 1.#QNAN 1.#QNAN 1.#QNAN 1.#QNAN 1.#QNAN 1.#QNAN 1.#QNAN 1.#QNAN 1.#QNAN 1.#QNAN 1.#QNAN 1.#QNAN 1.#QNAN 1.#QNAN 1.#QNAN 1.#QNAN 1.#QNAN 1.#QNAN 1.#QNAN 1.#QNAN 1.#QNAN 1.#QNAN 1.#QNAN 1.#QNAN 298 291 285 283 279 275 272 267 261 256 253 257 255 253 248 244 244 237 232 233 231 229 231 232 228 235 244 243 243 235 229 226 214 209 206 208 207 204 199 208 1.#QNAN 1.#QNAN 1.#QNAN 1.#QNAN 1.#QNAN 1.#QNAN 203 213 1.#QNAN 1.#QNAN 1.#QNAN 217 212 224 230 242 248
1.#QNAN 1.#QNAN 1.#QNAN 1.#QNAN 1.#QNAN 1.#QNAN 1.#QNAN 1.#QNAN 1.#QNAN 1.#QNAN 1.#QNAN 1.#QNAN 1.#QNAN 1.#QNAN 1.#QNAN 1.#QNAN 1.#QNAN 1.#QNAN 1.#QNAN 1.#QNAN 1.#QNAN 1.#QNAN 1.#QNAN 1.#QNAN 1.#QNAN 1.#QNAN 295 294 289 285 282 277 277 273 271 265 259 255 255 253 250 244 248 245 236 238 247 243 239 236 234 237 234 238 247 246 239 238 235 223 209 207 210 210 211 198 197 191 188 193 188 190 202 200 209 211 209 213 220 214 225 235 233 245
1.#QNAN 1.#QNAN 1.#QNAN 1.#QNAN 1.#QNAN 1.#QNAN 1.#QNAN 1.#QNAN 1.#QNAN 1.#QNAN 1.#QNAN 1.#QNAN 1.#QNAN 1.#QNAN 1.#QNAN 1.#QNAN 1.#QNAN 1.#QNAN 1.#QNAN 1.#QNAN 1.#QNAN 1.#QNAN 1.#QNAN 1.#QNAN 1.#QNAN 1.#QNAN 299 292 288 285 280 277 273 275 272 269 266 263 257 253 246 240 247 250 244 249 250 247 242 241 241 244 239 237 241 248 242 242 239 230 212 206 213 218 218 204 209 205 194 199 197 198 209 205 208 220 211 214 229 228 234 238 242 249
1.#QNAN 1.#QNAN 1.#QNAN 1.#QNAN 1.#QNAN 1.#QNAN 1.#QNAN 1.#QNAN 1.#QNAN 1.#QNAN 1.#QNAN 1.#QNAN 1.#QNAN 1.#QNAN 1.#QNAN 1.#QNAN 1.#QNAN 1.#QNAN 1.#QNAN 1.#QNAN 1.#QNAN 1.#QNAN 1.#QNAN 1.#QNAN 1.#QNAN 1.#QNAN 296 298 292 288 283 279 275 274 274 272 269 265 262 257 251 245 251 255 255 254 249 245 240 245 244 247 243 237 239 242 249 247 239 223 217 212 219 222 225 216 216 221 213 214 212 203 213 221 213 217 225 223 230 237 238 245 251 251
1.#QNAN 1.#QNAN 1.#QNAN 1.#QNAN 1.#QNAN 1.#QNAN 1.#QNAN 1.#QNAN 1.#QNAN 1.#QNAN 1.#QNAN 1.#QNAN 1.#QNAN 1.#QNAN 1.#QNAN 1.#QNAN 1.#QNAN 1.#QNAN 1.#QNAN 1.#QNAN 1.#QNAN 1.#QNAN 1.#QNAN 1.#QNAN 1.#QNAN 1.#QNAN 1.#QNAN 300 297 293 290 285 277 274 276 274 272 269 266 260 253 246 249 258 258 257 251 249 248 252 251 251 246 239 239 243 248 250 236 227 225 226 226 231 229 223 229 230 228 222 211 207 213 227 227 223 231 236 236 244 245 248 252 255
1.#QNAN 1.#QNAN 1.#QNAN 1.#QNAN 1.#QNAN 1.#QNAN 1.#QNAN 1.#QNAN 1.#QNAN 1.#QNAN 1.#QNAN 1.#QNAN 1.#QNAN 1.#QNAN 1.#QNAN 1.#QNAN 1.#QNAN 1.#QNAN 1.#QNAN 1.#QNAN 1.#QNAN 1.#QNAN 1.#QNAN 1.#QNAN 1.#QNAN 1.#QNAN 1.#QNAN 302 300 297 294 287 280 276 280 276 274 273 268 261 253 246 252 260 261 260 257 256 256 255 251 249 248 242 239 241 246 254 249 241 237 230 237 237 240 233 233 239 235 225 216 213 217 229 237 232 237 243 242 246 251 252 252 255
1.#QNAN 1.#QNAN 1.#QNAN 1.#QNAN 1.#QNAN 1.#QNAN 1.#QNAN 1.#QNAN 1.#QNAN 1.#QNAN 1.#QNAN 1.#QNAN 1.#QNAN 1.#QNAN 1.#QNAN 1.#QNAN 1.#QNAN 1.#QNAN 1.#QNAN 1.#QNAN 1.#QNAN 1.#QNAN 1.#QNAN 1.#QNAN 1.#QNAN 1.#QNAN 1.#QNAN 302 301 300 298 293 285 283 280 279 277 274 267 258 248 252 257 262 263 262 261 260 259 256 250 246 247 241 237 239 245 254 257 249 240 240 237 243 248 242 240 243 233 233 228 219 224 227 242 239 241 248 251 252 253 257 256 257
1.#QNAN 1.#QNAN 1.#QNAN 1.#QNAN 1.#QNAN 1.#QNAN 1.#QNAN 1.#QNAN 1.#QNAN 1.#QNAN 1.#QNAN 1.#QNAN 1.#QNAN 1.#QNAN 1.#QNAN 1.#QNAN 1.#QNAN 1.#QNAN 1.#QNAN 1.#QNAN 1.#QNAN 1.#QNAN 1.#QNAN 1.#QNAN 1.#QNAN 1.#QNAN 1.#QNAN 302 302 300 299 297 292 286 284 282 277 271 259 248 250 257 261 264 264 263 261 260 258 256 252 246 241 241 233 234 238 245 258 258 254 253 245 248 252 250 242 247 236 241 235 226 233 232 243 250 245 246 255 257 255 255 260 258
1.#QNAN 1.#QNAN 1.#QNAN 1.#QNAN 1.#QNAN 1.#QNAN 1.#QNAN 1.#QNAN 1.#QNAN 1.#QNAN 1.#QNAN 1.#QNAN 1.#QNAN 1.#QNAN 1.#QNAN 1.#QNAN 1.#QNAN 1.#QNAN 1.#QNAN 1.#QNAN 1.#QNAN 1.#QNAN 1.#QNAN 1.#QNAN 1.#QNAN 1.#QNAN 302 302 301 300 299 295 292 289 286 283 276 266 247 245 254 259 263 263 262 257 252 256 256 253 248 243 236 238 231 232 236 239 248 263 262 260 252 255 257 256 252 254 246 248 239 237 241 245 248 255 250 249 250 258 261 255 262 263
1.#QNAN 1.#QNAN 1.#QNAN 1.#QNAN 1.#QNAN 1.#QNAN 1.#QNAN 1.#QNAN 1.#QNAN 1.#QNAN 1.#QNAN 1.#QNAN 1.#QNAN 1.#QNAN 1.#QNAN 1.#QNAN 1.#QNAN 1.#QNAN 1.#QNAN 1.#QNAN 1.#QNAN 1.#QNAN 1.#QNAN 1.#QNAN 1.#QNAN 1.#QNAN 301 302 302 301 297 294 290 288 284 280 272 259 249 252 253 259 264 263 261 254 247 257 261 256 248 242 239 240 238 241 237 244 253 259 267 265 259 256 260 264 255 260 257 256 253 246 253 255 255 259 252 256 254 252 259 261 263 263
1.#QNAN 1.#QNAN 1.#QNAN 1.#QNAN 1.#QNAN 1.#QNAN 1.#QNAN 1.#QNAN 1.#QNAN 1.#QNAN 1.#QNAN 1.#QNAN 1.#QNAN 1.#QNAN 1.#QNAN 1.#QNAN 1.#QNAN 1.#QNAN 1.#QNAN 1.#QNAN 1.#QNAN 1.#QNAN 1.#QNAN 1.#QNAN 1.#QNAN 295 299 296 298 298 298 294 291 286 278 271 272 257 253 255 261 264 264 264 261 255 247 257 263 261 257 252 248 248 248 251 248 248 257 266 270 265 263 265 263 268 267 267 265 264 263 259 257 257 262 262 260 262 266 265 268 267 266 268
1.#QNAN 1.#QNAN 1.#QNAN 1.#QNAN 1.#QNAN 1.#QNAN 1.#QNAN 1.#QNAN 1.#QNAN 1.#QNAN 1.#QNAN 1.#QNAN 1.#QNAN 1.#QNAN 1.#QNAN 1.#QNAN 1.#QNAN 1.#QNAN 1.#QNAN 1.#QNAN 1.#QNAN 1.#QNAN 1.#QNAN 1.#QNAN 1.#QNAN 290 296 290 289 285 286 287 292 286 279 273 272 263 255 247 257 264 265 264 264 258 254 256 264 263 260 253 256 254 253 250 260 258 260 268 273 270 264 265 270 272 271 267 267 268 266 266 265 265 268 268 269 270 270 271 272 273 273 272
1.#QNAN 1.#QNAN 1.#QNAN 1.#QNAN 1.#QNAN 1.#QNAN 1.#QNAN 1.#QNAN 1.#QNAN 1.#QNAN 1.#QNAN 1.#QNAN 1.#QNAN 1.#QNAN 1.#QNAN 1.#QNAN 1.#QNAN 1.#QNAN 1.#QNAN 1.#QNAN 1.#QNAN 1.#QNAN 1.#QNAN 1.#QNAN 293 286 289 285 276 269 270 272 285 287 283 278 278 271 255 251 254 255 267 265 265 266 262 261 264 267 260 254 260 262 258 254 264 263 265 270 275 273 268 261 267 273 274 274 275 274 270 272 272 272 271 270 271 273 273 273 274 275 273 269
1.#QNAN 1.#QNAN 1.#QNAN 1.#QNAN 1.#QNAN 1.#QNAN 1.#QNAN 1.#QNAN 1.#QNAN 1.#QNAN 1.#QNAN 1.#QNAN 1.#QNAN 1.#QNAN 1.#QNAN 1.#QNAN 1.#QNAN 1.#QNAN 1.#QNAN 1.#QNAN 1.#QNAN 1.#QNAN 1.#QNAN 1.#QNAN 280 280 280 277 272 264 267 275 284 290 288 284 280 268 257 252 251 255 263 269 269 270 269 267 269 270 264 259 261 265 264 263 267 269 270 266 270 277 274 269 270 274 276 277 277 277 276 275 276 275 274 273 274 274 275 273 275 275 274 271
1.#QNAN 1.#QNAN 1.#QNAN 1.#QNAN 1.#QNAN 1.#QNAN 1.#QNAN 1.#QNAN 1.#QNAN 1.#QNAN 1.#QNAN 1.#QNAN 1.#QNAN 1.#QNAN 1.#QNAN 1.#QNAN 1.#QNAN 1.#QNAN 1.#QNAN 1.#QNAN 1.#QNAN 1.#QNAN 1.#QNAN 1.#QNAN 272 271 272 270 274 272 274 275 284 288 289 285 278 267 260 256 257 258 259 262 268 272 273 272 271 268 265 259 264 266 268 268 265 271 275 267 264 270 278 279 279 278 278 278 279 279 278 277 277 277 276 275 276 276 277 275 274 277 275 274
1.#QNAN 1.#QNAN 1.#QNAN 1.#QNAN 1.#QNAN 1.#QNAN 1.#QNAN 1.#QNAN 1.#QNAN 1.#QNAN 1.#QNAN 1.#QNAN 1.#QNAN 1.#QNAN 1.#QNAN 1.#QNAN 1.#QNAN 1.#QNAN 1.#QNAN 1.#QNAN 1.#QNAN 1.#QNAN 1.#QNAN 1.#QNAN 1.#QNAN 267 271 274 275 275 279 282 284 287 284 278 272 276 271 262 253 248 245 251 259 267 273 275 274 272 272 269 268 265 270 273 274 273 274 276 277 280 282 281 282 280 280 280 281 281 280 279 279 279 278 278 278 279 278 276 276 278 277 277
1.#QNAN 1.#QNAN 1.#QNAN 1.#QNAN 1.#QNAN 1.#QNAN 1.#QNAN 1.#QNAN 1.#QNAN 1.#QNAN 1.#QNAN 1.#QNAN 1.#QNAN 1.#QNAN 1.#QNAN 1.#QNAN 1.#QNAN 1.#QNAN 1.#QNAN 1.#QNAN 1.#QNAN 1.#QNAN 1.#QNAN 1.#QNAN 1.#QNAN 1.#QNAN 1.#QNAN 1.#QNAN 276 278 281 284 286 283 282 272 265 265 265 265 253 242 238 248 259 265 271 274 276 276 276 275 272 270 274 274 278 277 276 281 283 283 283 283 283 282 282 282 282 283 281 281 282 281 279 280 280 279 278 277 277 278 279 276
1.#QNAN 1.#QNAN 1.#QNAN 1.#QNAN 1.#QNAN 1.#QNAN 1.#QNAN 1.#QNAN 1.#QNAN 1.#QNAN 1.#QNAN 1.#QNAN 1.#QNAN 1.#QNAN 1.#QNAN 1.#QNAN 1.#QNAN 1.#QNAN 1.#QNAN 1.#QNAN 1.#QNAN 1.#QNAN 1.#QNAN 1.#QNAN 1.#QNAN 1.#QNAN 1.#QNAN 1.#QNAN 275 277 279 282 282 280 275 270 264 260 260 265 256 246 252 258 264 265 266 270 274 275 277 278 277 277 277 278 280 281 283 283 284 284 284 284 284 284 284 284 283 284 285 284 282 279 277 280 281 280 280 279 278 277 277 277
1.#QNAN 1.#QNAN 1.#QNAN 1.#QNAN 1.#QNAN 1.#QNAN 1.#QNAN 1.#QNAN 1.#QNAN 1.#QNAN 1.#QNAN 1.#QNAN 1.#QNAN 1.#QNAN 1.#QNAN 1.#QNAN 1.#QNAN 1.#QNAN 1.#QNAN 1.#QNAN 1.#QNAN 1.#QNAN 1.#QNAN 1.#QNAN 1.#QNAN 1.#QNAN 1.#QNAN 1.#QNAN 274 275 277 278 276 273 266 265 261 259 262 264 258 251 252 254 257 255 256 263 272 272 273 272 277 279 280 280 281 282 284 284 285 285 284 285 285 284 284 284 283 280 280 283 283 282 280 277 281 280 280 278 277 277 275 277
1.#QNAN 1.#QNAN 1.#QNAN 1.#QNAN 1.#QNAN 1.#QNAN 1.#QNAN 1.#QNAN 1.#QNAN 1.#QNAN 1.#QNAN 1.#QNAN 1.#QNAN 1.#QNAN 1.#QNAN 1.#QNAN 1.#QNAN 1.#QNAN 1.#QNAN 1.#QNAN 1.#QNAN 1.#QNAN 1.#QNAN 1.#QNAN 1.#QNAN 1.#QNAN 1.#QNAN 265 270 273 274 274 268 267 260 259 253 252 257 261 258 252 241 239 244 243 248 262 270 269 262 262 267 272 273 279 282 283 283 284 285 285 285 283 282 281 282 280 274 270 270 277 281 282 283 281 281 280 278 277 275 275 277 275
1.#QNAN 1.#QNAN 1.#QNAN 1.#QNAN 1.#QNAN 1.#QNAN 1.#QNAN 1.#QNAN 1.#QNAN 1.#QNAN 1.#QNAN 1.#QNAN 1.#QNAN 1.#QNAN 1.#QNAN 1.#QNAN 1.#QNAN 1.#QNAN 1.#QNAN 1.#QNAN 1.#QNAN 1.#QNAN 1.#QNAN 1.#QNAN 1.#QNAN 1.#QNAN 1.#QNAN 262 266 268 271 269 260 252 247 249 247 252 254 259 262 253 243 241 245 249 252 262 264 259 259 267 274 272 274 278 280 279 278 283 283 282 282 279 279 278 277 272 263 267 272 276 278 279 281 282 281 278 277 278 274 274 277 272
1.#QNAN 1.#QNAN 1.#QNAN 1.#QNAN 1.#QNAN 1.#QNAN 1.#QNAN 1.#QNAN 1.#QNAN 1.#QNAN 1.#QNAN 1.#QNAN 1.#QNAN 1.#QNAN 1.#QNAN 1.#QNAN 1.#QNAN 1.#QNAN 1.#QNAN 1.#QNAN 1.#QNAN 1.#QNAN 1.#QNAN 1.#QNAN 1.#QNAN 1.#QNAN 1.#QNAN 257 261 258 264 258 256 242 238 236 243 243 248 256 265 261 256 256 258 261 262 267 261 255 264 271 277 278 279 281 278 273 273 274 275 279 276 272 271 269 269 271 272 273 275 277 278 279 280 280 281 281 281 281 280 278 275 271
1.#QNAN 1.#QNAN 1.#QNAN 1.#QNAN 1.#QNAN 1.#QNAN 1.#QNAN 1.#QNAN 1.#QNAN 1.#QNAN 1.#QNAN 1.#QNAN 1.#QNAN 1.#QNAN 1.#QNAN 1.#QNAN 1.#QNAN 1.#QNAN 1.#QNAN 1.#QNAN 1.#QNAN 1.#QNAN 1.#QNAN 1.#QNAN 1.#QNAN 1.#QNAN 247 252 257 254 260 253 247 245 238 237 244 254 257 262 266 267 267 266 267 262 265 271 267 265 272 274 278 279 280 279 280 279 279 275 273 275 272 262 259 263 267 271 273 274 276 275 272 271 275 273 274 274 275 275 273 278 272 269
1.#QNAN 1.#QNAN 1.#QNAN 1.#QNAN 1.#QNAN 1.#QNAN 1.#QNAN 1.#QNAN 1.#QNAN 1.#QNAN 1.#QNAN 1.#QNAN 1.#QNAN 1.#QNAN 1.#QNAN 1.#QNAN 1.#QNAN 1.#QNAN 1.#QNAN 1.#QNAN 1.#QNAN 1.#QNAN 1.#QNAN 1.#QNAN 1.#QNAN 1.#QNAN 242 249 253 254 251 252 249 245 244 248 255 261 266 268 271 271 271 270 271 269 270 273 273 270 273 278 280 277 277 278 280 277 279 279 277 274 269 259 247 261 269 272 273 274 270 264 261 263 262 260 263 263 267 273 277 278 272 267
1.#QNAN 1.#QNAN 1.#QNAN 1.#QNAN 1.#QNAN 1.#QNAN 1.#QNAN 1.#QNAN 1.#QNAN 1.#QNAN 1.#QNAN 1.#QNAN 1.#QNAN 1.#QNAN 1.#QNAN 1.#QNAN 1.#QNAN 1.#QNAN 1.#QNAN 1.#QNAN 1.#QNAN 1.#QNAN 1.#QNAN 1.#QNAN 1.#QNAN 1.#QNAN 237 240 243 244 242 243 240 234 242 248 251 259 262 268 273 274 273 274 274 275 276 275 275 276 279 278 277 273 273 275 278 275 276 276 275 270 268 260 246 260 266 269 271 269 264 263 265 266 263 257 259 264 270 273 275 279 274 272
1.#QNAN 1.#QNAN 1.#QNAN 1.#QNAN 1.#QNAN 1.#QNAN 1.#QNAN 1.#QNAN 1.#QNAN 1.#QNAN 1.#QNAN 1.#QNAN 1.#QNAN 1.#QNAN 1.#QNAN 1.#QNAN 1.#QNAN 1.#QNAN 1.#QNAN 1.#QNAN 1.#QNAN 1.#QNAN 1.#QNAN 1.#QNAN 1.#QNAN 1.#QNAN 1.#QNAN 233 238 247 248 249 239 237 249 246 245 260 267 272 275 275 276 276 277 277 277 277 278 279 275 275 272 272 275 277 276 274 275 275 275 273 269 263 259 264 266 264 266 263 261 260 262 265 267 262 264 268 268 270 276 279 278 278
1.#QNAN 1.#QNAN 1.#QNAN 1.#QNAN 1.#QNAN 1.#QNAN 1.#QNAN 1.#QNAN 1.#QNAN 1.#QNAN 1.#QNAN 1.#QNAN 1.#QNAN 1.#QNAN 1.#QNAN 1.#QNAN 1.#QNAN 1.#QNAN 1.#QNAN 1.#QNAN 1.#QNAN 1.#QNAN 1.#QNAN 1.#QNAN 1.#QNAN 1.#QNAN 1.#QNAN 1.#QNAN 1.#QNAN 250 255 246 239 250 254 248 257 263 266 273 276 277 277 278 278 279 279 279 279 279 277 277 275 272 275 275 273 270 274 271 271 268 267 266 267 267 267 264 259 257 258 259 261 265 268 267 265 270 271 271 274 279 279 281
1.#QNAN 1.#QNAN 1.#QNAN 1.#QNAN 1.#QNAN 1.#QNAN 1.#QNAN 1.#QNAN 1.#QNAN 1.#QNAN 1.#QNAN 1.#QNAN 1.#QNAN 1.#QNAN 1.#QNAN 1.#QNAN 1.#QNAN 1.#QNAN 1.#QNAN 1.#QNAN 1.#QNAN 1.#QNAN 1.#QNAN 1.#QNAN 1.#QNAN 1.#QNAN 1.#QNAN 1.#QNAN 1.#QNAN 251 254 252 248 254 258 260 267 271 271 277 278 278 279 279 280 280 280 280 278 278 277 276 276 272 272 274 271 272 271 271 269 267 267 265 267 268 267 261 259 257 256 256 258 259 264 269 265 270 274 275 275 275 279 281
1.#QNAN 1.#QNAN 1.#QNAN 1.#QNAN 1.#QNAN 1.#QNAN 1.#QNAN 1.#QNAN 1.#QNAN 1.#QNAN 1.#QNAN 1.#QNAN 1.#QNAN 1.#QNAN 1.#QNAN 1.#QNAN 1.#QNAN 1.#QNAN 1.#QNAN 1.#QNAN 1.#QNAN 1.#QNAN 1.#QNAN 1.#QNAN 1.#QNAN 1.#QNAN 1.#QNAN 1.#QNAN 1.#QNAN 243 250 257 258 259 265 268 272 274 276 278 279 279 280 280 281 281 280 279 278 278 276 274 273 273 272 272 270 271 271 269 269 263 266 268 267 268 265 264 260 261 253 253 252 257 265 270 269 272 272 270 272 276 276 279
1.#QNAN 1.#QNAN 1.#QNAN 1.#QNAN 1.#QNAN 1.#QNAN 1.#QNAN 1.#QNAN 1.#QNAN 1.#QNAN 1.#QNAN 1.#QNAN 1.#QNAN 1.#QNAN 1.#QNAN 1.#QNAN 1.#QNAN 1.#QNAN 1.#QNAN 1.#QNAN 1.#QNAN 1.#QNAN 1.#QNAN 1.#QNAN 1.#QNAN 1.#QNAN 1.#QNAN 1.#QNAN 1.#QNAN 242 250 260 263 264 266 270 272 268 274 278 279 278 280 281 281 280 279 278 277 277 276 274 272 268 271 269 265 264 269 270 271 269 262 264 269 269 271 268 265 261 256 251 251 261 266 267 268 268 267 270 273 274 274 277
1.#QNAN 1.#QNAN 1.#QNAN 1.#QNAN 1.#QNAN 1.#QNAN 1.#QNAN 1.#QNAN 1.#QNAN 1.#QNAN 1.#QNAN 1.#QNAN 1.#QNAN 1.#QNAN 1.#QNAN 1.#QNAN 1.#QNAN 1.#QNAN 1.#QNAN 1.#QNAN 1.#QNAN 1.#QNAN 1.#QNAN 1.#QNAN 1.#QNAN 1.#QNAN 1.#QNAN 1.#QNAN 1.#QNAN 237 246 255 262 260 264 268 268 270 275 278 277 275 280 281 281 279 278 277 276 275 275 273 272 268 266 265 257 255 262 269 271 271 270 268 265 269 272 273 269 268 264 259 254 256 261 263 265 266 269 271 270 271 275 276
1.#QNAN 1.#QNAN 1.#QNAN 1.#QNAN 1.#QNAN 1.#QNAN 1.#QNAN 1.#QNAN 1.#QNAN 1.#QNAN 1.#QNAN 1.#QNAN 1.#QNAN 1.#QNAN 1.#QNAN 1.#QNAN 1.#QNAN 1.#QNAN 1.#QNAN 1.#QNAN 1.#QNAN 1.#QNAN 1.#QNAN 1.#QNAN 1.#QNAN 1.#QNAN 1.#QNAN 1.#QNAN 1.#QNAN 1.#QNAN 249 256 260 258 261 266 269 272 275 277 274 279 280 279 279 278 275 277 276 275 273 273 271 266 254 250 259 265 267 268 269 269 271 271 269 267 268 273 274 270 269 266 262 257 264 264 265 266 269 267 269 269 270 272
1.#QNAN 1.#QNAN 1.#QNAN 1.#QNAN 1.#QNAN 1.#QNAN 1.#QNAN 1.#QNAN 1.#QNAN 1.#QNAN 1.#QNAN 1.#QNAN 1.#QNAN 1.#QNAN 1.#QNAN 1.#QNAN 1.#QNAN 1.#QNAN 1.#QNAN 1.#QNAN 1.#QNAN 1.#QNAN 1.#QNAN 1.#QNAN 1.#QNAN 1.#QNAN 1.#QNAN 1.#QNAN 1.#QNAN 1.#QNAN 246 253 255 256 253 260 269 266 264 272 276 279 278 273 274 276 274 275 275 273 271 270 270 265 263 258 265 270 270 267 268 267 268 272 272 271 274 274 276 273 272 272 270 267 266 266 265 265 269 271 273 275 276 277
1.#QNAN 1.#QNAN 1.#QNAN 1.#QNAN 1.#QNAN 1.#QNAN 1.#QNAN 1.#QNAN 1.#QNAN 1.#QNAN 1.#QNAN 1.#QNAN 1.#QNAN 1.#QNAN 1.#QNAN 1.#QNAN 1.#QNAN 1.#QNAN 1.#QNAN 1.#QNAN 1.#QNAN 1.#QNAN 1.#QNAN 1.#QNAN 1.#QNAN 1.#QNAN 1.#QNAN 1.#QNAN 1.#QNAN 1.#QNAN 248 251 259 263 261 260 267 259 256 269 278 274 267 265 270 274 271 274 274 273 270 263 266 266 268 268 269 271 272 269 266 268 270 274 276 276 276 276 277 275 275 275 274 274 270 272 272 271 273 274 275 276 276 279
1.#QNAN 1.#QNAN 1.#QNAN 1.#QNAN 1.#QNAN 1.#QNAN 1.#QNAN 1.#QNAN 1.#QNAN 1.#QNAN 1.#QNAN 1.#QNAN 1.#QNAN 1.#QNAN 1.#QNAN 1.#QNAN 1.#QNAN 1.#QNAN 1.#QNAN 1.#QNAN 1.#QNAN 1.#QNAN 1.#QNAN 1.#QNAN 1.#QNAN 1.#QNAN 1.#QNAN 1.#QNAN 1.#QNAN 1.#QNAN 251 255 261 266 265 262 271 262 259 271 277 266 258 262 268 272 270 271 272 272 270 262 258 261 266 269 271 272 273 274 272 270 271 272 272 276 277 278 278 278 278 277 277 275 272 274 275 275 274 276 277 280 280 276
