08 Ecocrop/raster/current/tmax_1.asc
ncols        683
nrows        518
xllcorner    -87.691666666667
yllcorner    10.708333333333
cellsize     0.008333333333
NODATA_value  1.#QNAN
[rows 444 to 480 of 518, columns 336 to 419 of 683]
286 287 287 287 288 289 289 290 290 290 290 290 290 290 289 290 290 290 290 290 289 288 285 286 287 286 286 285 287 289 289 289 289 289 289 289 288 286 287 288 288 288 288 288 286 286 287 286 284 283 284 285 285 285 285 285 285 285 284 284 283 282 281 280 280 280 280 281 281 281 281 282 282 281 281 282 282 279 276 275 274 274 274 276
286 286 287 287 288 288 289 289 290 290 290 290 290 289 287 289 290 290 290 290 290 289 287 286 286 283 284 285 287 289 289 289 289 289 289 289 289 288 289 289 288 288 287 287 287 287 286 285 284 284 285 285 285 286 286 286 285 285 284 284 283 280 281 281 279 279 280 281 281 282 282 281 280 280 281 281 279 278 278 275 272 273 275 277
287 286 286 287 287 288 289 289 290 290 290 290 290 290 288 286 289 290 290 290 290 289 288 288 287 286 285 284 286 286 289 289 289 289 289 289 289 289 289 289 288 288 287 287 287 287 285 285 285 285 285 286 286 286 286 286 285 285 284 283 283 282 281 279 279 280 281 281 281 282 281 280 280 279 280 280 278 276 277 273 271 271 274 275
287 287 286 286 287 288 288 289 289 289 290 290 290 289 287 286 288 289 290 290 289 288 288 287 287 286 285 285 284 284 288 289 289 289 289 289 289 289 289 289 288 288 287 288 288 287 285 286 286 286 286 286 286 286 286 286 285 285 281 279 280 282 279 279 280 280 281 281 281 280 280 280 280 278 278 278 276 274 274 270 270 271 273 270
287 287 287 287 287 287 288 288 289 289 289 289 290 290 288 287 288 289 290 290 289 287 286 285 285 285 284 284 283 284 287 289 289 289 289 289 289 289 289 289 289 288 288 288 287 286 286 287 286 285 284 285 287 287 286 286 284 283 279 277 277 278 277 279 279 278 280 280 280 279 279 280 280 278 275 274 273 271 271 271 272 272 270 268
287 287 287 287 287 287 287 288 288 289 289 289 289 290 289 288 288 289 290 290 290 288 285 281 284 284 284 284 284 283 285 287 289 289 289 289 289 289 289 289 289 289 289 289 288 287 287 287 286 283 281 284 286 287 286 286 285 284 278 278 278 277 279 278 278 278 279 280 280 279 278 279 278 276 275 273 271 271 270 272 271 272 270 267
287 287 287 287 287 287 287 287 288 288 289 289 289 290 289 286 286 289 289 290 290 289 287 285 285 284 282 283 283 284 285 285 285 288 288 289 288 288 288 289 289 289 289 289 288 286 287 287 285 282 283 285 286 287 286 285 284 284 283 280 281 282 282 280 278 277 280 281 281 280 280 280 277 274 273 272 269 269 269 270 272 270 269 269
287 287 287 287 287 287 287 287 287 288 288 289 289 290 290 289 289 290 289 289 289 290 289 288 288 287 284 283 284 284 284 285 284 284 287 287 287 285 287 288 289 289 289 288 286 288 288 287 286 285 286 286 287 287 287 285 284 282 283 284 284 284 282 279 278 280 281 282 282 281 281 280 277 275 274 271 269 270 270 270 271 267 265 264
287 287 287 287 287 287 287 287 287 287 288 289 289 290 290 290 290 290 290 289 289 289 290 290 290 289 287 285 284 284 284 283 283 285 285 282 284 283 286 287 289 289 289 288 287 288 287 288 287 286 286 286 287 287 287 286 285 285 285 285 285 284 283 283 282 283 283 283 282 281 281 279 277 276 272 270 269 269 270 270 270 269 267 266
287 287 287 287 287 287 287 287 287 287 288 288 289 290 290 290 290 290 290 289 289 289 290 291 290 289 287 286 285 284 286 286 285 286 286 283 280 280 284 288 288 288 286 287 288 287 287 287 287 286 286 286 287 287 288 287 286 286 285 286 285 284 284 284 283 283 284 284 283 282 281 281 279 275 272 271 269 269 270 270 269 267 267 267
287 287 287 287 287 287 287 287 287 287 288 288 289 290 290 290 290 291 291 291 291 291 291 291 291 289 287 287 286 286 286 286 288 288 288 286 280 280 283 288 289 288 288 288 287 286 287 287 286 286 286 286 287 286 287 287 286 286 285 285 285 285 284 284 284 284 284 283 282 282 282 280 276 273 272 271 270 270 271 270 267 265 268 272
288 288 287 287 287 287 287 287 287 287 288 288 289 290 290 290 290 290 291 291 291 291 291 291 291 290 287 287 286 289 289 288 289 289 288 285 279 283 287 288 288 288 288 287 287 286 286 286 286 285 285 283 285 287 287 287 286 286 286 285 285 285 285 285 285 285 284 283 283 282 281 280 278 274 271 270 270 271 272 271 266 268 269 273
288 288 288 288 288 288 288 287 287 287 288 288 289 289 289 290 290 290 291 291 291 291 291 291 291 290 289 289 287 289 290 290 289 289 288 286 281 284 287 288 288 287 287 287 287 285 284 285 285 284 281 281 284 286 286 287 287 286 285 286 285 285 285 284 284 284 284 283 282 281 279 277 274 271 270 271 271 271 273 274 270 272 273 275
288 288 288 288 288 288 288 288 288 287 288 288 289 289 289 290 290 290 291 291 291 289 290 290 291 290 288 289 288 289 290 290 289 289 288 285 282 284 287 287 287 287 286 287 286 283 283 284 283 282 281 283 285 286 287 287 286 285 286 286 285 284 283 284 283 284 284 283 280 279 278 274 271 271 271 270 271 273 275 276 274 274 275 275
288 288 288 288 288 288 288 288 288 288 288 288 289 289 289 290 290 289 290 290 289 288 289 289 290 290 290 290 290 289 291 290 290 289 287 285 284 287 288 287 287 287 286 286 285 285 285 283 280 281 284 285 285 287 287 287 286 287 286 284 285 284 282 283 281 282 283 284 282 280 276 272 270 272 275 276 277 278 278 278 275 273 272 271
288 288 288 288 288 288 288 288 288 288 288 288 289 289 290 290 290 290 290 289 288 289 289 290 290 290 290 291 290 290 290 290 290 289 287 285 285 288 289 287 287 288 287 287 286 285 285 283 279 280 283 285 286 286 287 286 286 286 286 284 284 284 282 283 282 282 283 283 282 279 278 277 273 273 273 275 276 279 280 277 274 274 271 271
288 288 288 288 288 288 288 288 288 288 288 289 289 289 290 290 290 290 289 288 290 291 290 290 291 291 290 290 291 291 291 290 289 288 285 282 284 288 288 289 288 288 286 287 287 286 285 282 281 281 283 284 285 287 288 287 287 286 285 284 283 283 281 282 282 282 283 283 282 282 280 277 279 276 277 278 279 280 279 277 277 275 272 272
288 288 288 288 288 288 288 288 288 288 288 289 289 289 289 290 290 290 288 289 291 291 291 290 291 291 291 291 291 291 291 290 290 289 287 287 287 288 288 289 288 286 286 287 287 284 285 284 284 282 282 282 285 286 288 288 287 285 284 283 282 281 282 281 281 283 284 284 283 281 279 278 280 280 281 281 281 281 280 279 279 276 274 275
289 288 288 288 288 288 288 288 288 288 288 289 290 290 290 289 290 290 289 290 291 291 291 291 290 291 291 291 291 291 291 291 290 290 290 288 289 289 289 289 287 287 288 287 286 286 286 286 286 285 284 282 285 287 288 288 286 286 286 285 284 284 284 283 284 285 286 285 282 282 282 281 282 283 282 282 282 282 281 279 277 275 275 277
289 289 289 289 289 289 289 289 289 289 289 289 290 290 290 289 290 290 289 290 291 292 291 291 291 292 292 291 291 292 291 291 290 290 290 289 290 290 290 289 288 288 287 287 287 288 287 286 287 287 285 285 286 286 288 288 287 286 285 285 283 285 285 285 286 286 286 285 284 284 284 283 283 284 283 283 282 280 279 277 276 277 277 278
289 289 289 289 289 289 289 289 289 289 289 289 290 290 290 290 290 290 290 291 292 292 291 291 291 292 292 292 292 292 292 291 290 290 291 290 290 290 290 289 289 289 288 288 288 288 287 285 288 287 286 286 286 286 287 288 286 286 285 283 281 285 285 285 286 287 287 286 286 285 285 284 284 283 282 281 281 279 278 276 276 278 278 277
289 289 289 289 289 289 289 289 289 289 289 289 290 290 290 290 291 292 291 292 292 292 292 292 292 292 292 292 292 292 292 291 291 291 291 290 290 290 290 289 289 288 288 288 289 288 287 288 288 288 287 287 287 286 287 288 287 286 286 286 286 286 285 286 286 287 287 286 286 284 284 283 282 281 279 278 279 278 278 277 276 276 278 279
289 289 289 289 289 289 289 289 289 289 289 290 290 290 290 290 291 292 292 292 292 292 292 292 293 292 292 292 292 292 292 292 291 291 291 291 290 290 290 289 289 288 288 289 289 288 288 288 288 288 288 288 287 287 288 288 288 287 286 287 287 286 286 286 286 287 284 285 285 285 283 283 282 280 278 278 279 279 279 278 276 277 279 279
290 290 289 289 289 290 290 290 290 289 289 290 290 290 291 291 291 292 292 292 293 293 293 293 293 293 293 293 292 292 292 292 292 291 291 291 290 290 289 289 289 289 289 289 289 289 289 289 289 288 288 287 287 287 288 288 288 287 287 287 286 287 287 286 286 286 283 283 283 283 283 282 281 279 278 275 278 279 278 277 278 280 280 279
290 290 290 290 290 290 290 290 290 290 290 290 290 290 291 291 291 292 292 293 293 293 293 293 293 293 293 293 293 292 292 292 292 291 291 291 290 288 288 289 290 289 289 289 289 289 289 289 288 288 288 288 288 288 288 288 287 287 287 287 287 287 287 287 286 286 285 285 283 283 283 282 280 279 279 279 279 279 279 280 280 280 279 278
290 290 290 290 290 290 290 290 290 290 290 290 290 291 291 291 292 292 292 293 293 293 293 293 293 293 293 293 293 293 292 292 292 291 291 290 289 287 289 290 290 290 289 289 290 289 290 289 288 288 288 288 289 289 289 288 287 287 288 288 287 288 287 287 284 284 284 282 283 284 283 282 279 276 279 279 279 279 279 278 279 280 278 277
290 290 290 290 290 290 290 290 290 290 290 290 291 291 291 292 292 292 293 293 293 293 293 293 293 293 293 293 293 293 293 292 292 292 291 290 289 289 290 291 290 290 290 289 289 290 289 289 288 288 289 289 289 289 289 289 288 287 288 288 288 288 287 286 286 285 285 285 284 283 282 282 278 275 278 278 275 275 276 275 278 279 280 279
290 290 290 290 290 290 290 290 290 290 290 291 291 292 292 292 292 293 292 292 293 293 293 293 293 294 294 294 293 293 293 293 293 292 292 291 291 291 291 291 291 290 290 290 290 290 289 288 289 288 289 289 289 289 288 288 288 288 288 289 289 288 287 286 285 285 285 285 283 281 279 279 275 274 279 280 276 276 279 279 280 280 280 279
290 291 291 291 290 290 290 290 290 290 291 291 292 292 292 293 293 293 293 292 292 293 294 294 294 294 294 294 294 293 293 293 293 293 292 292 292 292 291 291 291 291 290 290 288 289 289 289 288 289 289 289 289 289 288 288 289 289 289 289 289 288 287 286 285 286 285 285 285 283 282 281 278 280 282 281 277 278 277 279 280 280 279 279
291 291 291 291 291 291 290 290 290 291 291 292 292 293 293 293 293 293 293 293 292 293 294 294 294 294 294 294 294 294 293 293 293 293 293 293 292 291 291 291 291 291 290 291 290 289 289 289 288 289 289 290 289 289 289 289 289 289 289 289 289 288 287 287 286 286 286 286 285 284 285 283 282 282 282 281 279 274 273 276 277 279 279 279
291 291 291 291 291 291 291 291 291 291 292 292 293 293 294 294 294 294 294 293 293 293 294 294 294 1.#QNAN 294 294 293 294 293 293 293 293 293 293 292 291 292 292 292 291 290 290 290 290 289 289 289 289 290 290 289 289 289 289 290 290 289 289 288 288 288 287 287 287 287 286 286 285 284 283 283 283 282 282 280 277 271 272 275 277 276 279
291 291 291 291 291 291 291 291 292 292 292 293 293 294 294 294 294 294 294 294 294 294 294 1.#QNAN 1.#QNAN 1.#QNAN 1.#QNAN 1.#QNAN 294 293 293 293 293 293 293 293 292 291 292 292 292 292 291 291 290 290 290 289 289 289 290 289 289 290 290 290 290 290 290 289 288 289 288 287 287 287 286 286 285 285 285 284 284 284 282 281 281 281 277 273 274 275 273 277
292 292 292 292 292 292 292 292 293 293 293 294 294 294 294 294 294 294 294 294 294 294 1.#QNAN 1.#QNAN 1.#QNAN 1.#QNAN 1.#QNAN 1.#QNAN 1.#QNAN 294 294 293 293 293 293 292 292 292 292 292 291 292 292 291 291 291 290 290 290 289 290 289 289 290 290 290 290 290 290 289 289 289 289 288 287 287 286 286 285 285 285 285 285 283 280 279 282 281 276 276 278 278 274 274
292 292 293 293 293 293 293 293 293 294 294 294 294 295 295 295 295 295 294 294 1.#QNAN 1.#QNAN 1.#QNAN 1.#QNAN 1.#QNAN 1.#QNAN 1.#QNAN 1.#QNAN 1.#QNAN 1.#QNAN 1.#QNAN 294 293 293 292 292 293 293 292 291 292 292 292 292 291 291 291 291 290 290 290 288 289 290 290 290 289 290 290 289 289 289 288 288 288 287 286 286 286 286 283 284 284 283 281 282 283 282 280 280 279 276 275 278
293 293 293 294 294 294 294 294 294 294 295 295 295 295 295 295 295 295 1.#QNAN 1.#QNAN 1.#QNAN 1.#QNAN 1.#QNAN 1.#QNAN 1.#QNAN 1.#QNAN 1.#QNAN 1.#QNAN 1.#QNAN 1.#QNAN 1.#QNAN 1.#QNAN 1.#QNAN 293 293 293 1.#QNAN 1.#QNAN 292 292 291 291 291 291 291 291 291 291 291 291 290 290 290 290 290 290 290 290 289 289 289 289 288 288 287 287 286 286 286 285 283 282 285 284 283 283 283 282 281 278 276 272 276 279
294 294 294 294 295 295 295 295 295 295 295 295 296 296 296 296 295 1.#QNAN 1.#QNAN 1.#QNAN 1.#QNAN 1.#QNAN 1.#QNAN 1.#QNAN 1.#QNAN 1.#QNAN 1.#QNAN 1.#QNAN 1.#QNAN 1.#QNAN 1.#QNAN 1.#QNAN 1.#QNAN 1.#QNAN 1.#QNAN 1.#QNAN 1.#QNAN 1.#QNAN 1.#QNAN 292 292 291 291 292 291 291 291 291 291 290 289 290 290 290 289 289 290 289 289 289 289 288 289 289 288 287 286 286 286 285 285 285 285 284 284 284 283 280 281 279 278 273 275 277
295 295 295 295 295 295 295 295 295 296 296 296 296 296 296 1.#QNAN 1.#QNAN 1.#QNAN 1.#QNAN 1.#QNAN 1.#QNAN 1.#QNAN 1.#QNAN 1.#QNAN 1.#QNAN 1.#QNAN 1.#QNAN 1.#QNAN 1.#QNAN 1.#QNAN 1.#QNAN 1.#QNAN 1.#QNAN 1.#QNAN 1.#QNAN 1.#QNAN 1.#QNAN 1.#QNAN 1.#QNAN 1.#QNAN 1.#QNAN 292 291 292 291 291 292 290 289 289 289 290 290 290 289 290 290 290 289 289 289 289 289 288 288 287 287 286 286 285 285 285 284 284 284 284 284 282 281 278 276 271 270 276
