08 Ecocrop/raster/current/tmax_6.asc
ncols        683
nrows        518
xllcorner    -87.691666666667
yllcorner    10.708333333333
cellsize     0.008333333333
NODATA_value  1.#QNAN
[rows 370 to 406 of 518, columns 168 to 251 of 683]
262 263 263 264 265 266 268 269 270 271 272 273 275 276 278 281 285 286 284 285 286 286 284 283 281 280 280 282 292 296 296 297 298 296 295 297 298 299 299 299 299 299 299 298 298 297 296 296 296 296 296 296 296 296 296 296 296 296 296 296 297 297 297 297 297 297 297 297 297 297 297 297 297 297 297 298 298 298 298 298 298 298 298 298
263 264 265 265 266 267 269 270 271 272 273 274 275 276 278 282 282 281 280 282 282 282 282 280 279 277 276 282 294 295 295 296 297 298 295 296 297 298 299 299 299 299 299 298 298 297 296 296 296 296 296 296 296 296 296 296 296 296 296 296 296 297 297 297 297 297 297 297 297 297 297 297 297 297 297 297 298 298 298 298 298 298 298 298
265 264 265 266 267 268 270 271 272 272 273 275 276 277 278 279 280 279 278 279 279 280 280 278 277 275 272 284 294 295 295 295 296 297 293 295 297 298 298 299 299 299 299 298 297 297 296 296 296 296 296 296 296 296 296 296 296 296 296 296 296 296 297 297 297 297 297 297 297 297 297 297 297 297 297 297 297 298 298 298 298 298 298 298
267 266 266 266 267 268 269 270 271 272 273 274 275 276 277 278 278 278 277 277 278 278 278 277 276 274 274 285 294 295 294 295 296 297 293 294 295 297 297 298 298 299 299 298 297 296 296 296 296 296 296 296 296 296 296 296 296 296 296 296 296 296 296 296 296 297 297 297 297 297 297 297 297 297 297 297 297 297 298 298 298 298 298 298
269 268 268 267 268 268 269 269 270 271 272 273 275 276 276 277 277 277 277 277 277 278 277 277 276 275 275 282 289 293 294 291 293 292 287 292 295 296 297 297 298 297 298 297 297 296 295 296 296 296 296 296 296 296 296 296 296 296 296 296 296 296 296 296 296 296 296 297 297 297 297 297 297 297 297 297 297 297 297 297 298 298 298 298
271 270 269 269 268 268 268 269 269 271 272 273 274 276 276 276 277 277 277 277 277 277 277 277 277 277 277 277 278 284 284 280 281 281 285 291 293 295 296 297 296 296 297 297 297 297 296 296 296 296 296 296 296 296 296 296 296 296 296 296 296 296 296 296 296 296 296 296 296 297 297 297 297 297 297 297 297 297 297 297 297 297 298 298
272 272 271 270 270 269 269 269 269 270 271 273 273 275 275 276 276 277 276 277 277 277 278 278 278 278 279 280 280 280 279 280 280 282 286 288 290 293 295 296 295 295 294 297 297 297 296 296 296 296 296 296 296 296 296 296 296 296 296 296 296 296 296 296 296 296 296 296 296 296 297 297 297 297 297 297 297 297 297 297 297 297 297 297
274 273 273 271 271 270 270 270 269 270 270 272 273 274 275 275 276 276 276 277 278 278 279 279 279 279 280 281 281 281 281 281 283 284 285 285 287 289 291 293 293 292 292 295 297 297 296 296 296 296 296 296 296 296 296 296 296 296 296 296 296 296 296 296 296 296 296 296 296 296 296 297 297 297 297 297 297 297 297 297 297 297 297 297
276 274 274 273 272 272 271 271 271 270 271 272 273 274 274 275 276 276 276 277 278 279 280 280 281 281 282 282 282 282 282 283 284 285 285 285 286 286 288 288 290 290 292 293 296 297 296 295 296 296 295 295 295 295 295 295 296 296 296 296 296 296 296 296 296 296 296 296 296 296 296 296 297 297 297 297 297 297 297 297 297 297 297 297
277 276 275 274 273 273 273 272 272 272 272 272 273 274 275 275 276 276 277 278 279 280 281 282 282 283 283 283 283 283 284 284 284 285 284 284 282 282 284 284 285 288 289 291 294 296 296 296 296 295 295 295 295 295 295 295 295 295 295 296 296 296 296 296 296 296 296 296 296 296 296 296 296 297 297 297 297 297 297 297 297 297 297 297
279 278 277 276 275 275 274 274 273 273 273 273 273 274 275 275 276 277 277 278 280 281 283 283 284 284 284 284 285 285 285 285 285 284 280 279 278 276 277 277 279 284 285 287 291 294 296 296 295 295 295 295 295 295 295 295 295 295 295 295 295 296 296 296 296 296 296 296 296 296 296 296 296 296 297 297 297 297 297 297 297 297 297 297
281 280 278 278 277 276 275 275 274 274 274 274 274 275 275 276 277 277 278 279 280 282 284 285 285 285 286 286 286 286 286 286 284 281 277 272 268 266 267 267 276 280 280 283 288 292 295 296 295 295 295 295 295 295 295 295 295 295 295 295 295 295 296 296 296 296 296 296 296 296 296 296 296 296 296 297 297 297 297 297 297 297 297 297
283 281 280 279 278 278 277 277 276 275 275 275 275 276 276 277 278 278 279 280 281 282 284 286 286 286 287 287 287 287 287 286 284 282 276 269 262 252 253 259 270 271 274 279 285 291 295 295 295 295 295 295 295 295 295 295 295 295 295 295 295 295 295 295 296 296 296 296 296 296 296 296 296 296 296 296 297 297 297 297 297 297 297 297
284 283 281 281 280 280 279 278 277 277 277 276 277 277 277 278 279 279 280 280 282 283 285 287 287 287 287 288 288 288 289 287 285 283 278 273 266 250 255 249 254 266 273 280 283 287 292 295 295 295 295 295 295 295 295 295 295 295 295 295 295 295 295 295 295 296 296 296 296 296 296 296 296 296 296 296 296 296 297 297 297 297 297 297
285 284 283 282 281 281 280 280 279 279 278 278 278 278 279 279 280 280 281 282 283 284 285 287 288 288 289 289 289 290 290 288 287 285 281 277 271 264 269 257 261 271 278 283 285 287 291 294 296 295 295 295 295 295 295 295 295 295 295 295 295 295 295 295 295 295 295 296 296 296 296 296 296 296 296 296 296 296 296 296 297 297 297 297
286 285 284 284 283 282 282 281 281 280 280 280 280 280 280 280 281 281 282 283 284 285 286 287 288 289 289 290 290 291 291 290 289 288 286 283 279 275 275 272 273 279 284 287 288 288 288 289 295 296 295 295 295 295 295 295 295 295 295 295 295 295 295 295 295 295 295 295 296 296 296 296 296 296 296 296 296 296 296 296 296 296 296 296
287 287 286 285 285 284 284 283 283 282 282 282 281 281 281 282 282 283 283 284 285 286 287 288 289 289 290 291 292 292 292 292 291 290 289 287 286 284 284 283 284 286 289 291 293 292 290 292 296 296 295 295 295 295 295 295 295 295 295 295 295 295 295 295 295 295 295 295 295 295 296 296 296 296 296 296 296 296 296 296 296 296 296 296
289 288 287 287 286 286 285 285 285 284 284 283 283 283 283 283 284 284 285 285 286 287 288 289 290 290 291 292 293 294 294 294 293 292 291 291 290 289 290 290 291 292 293 295 295 295 294 295 296 296 296 295 295 295 295 295 295 295 295 295 295 295 295 295 295 295 295 295 295 295 295 296 296 296 296 296 296 296 296 296 296 296 296 296
290 289 289 288 288 287 287 287 287 286 285 285 285 285 285 285 285 285 286 286 287 288 289 290 291 291 292 293 294 295 295 295 295 294 294 293 292 293 293 294 295 296 296 296 296 296 296 296 296 296 296 295 295 295 295 295 295 295 295 295 295 295 295 295 295 295 295 295 295 295 295 295 295 296 296 296 296 296 296 296 296 296 296 296
291 291 290 290 289 289 288 288 288 287 287 287 286 286 286 286 286 286 287 287 288 289 290 291 291 292 293 294 294 295 295 295 295 295 295 295 294 295 295 296 297 297 297 297 296 295 295 295 295 295 295 295 295 295 295 295 295 295 295 295 295 295 295 295 295 295 295 295 295 295 295 295 295 295 296 296 296 296 296 296 296 296 296 296
293 292 292 291 290 290 290 290 289 289 288 288 288 287 287 287 287 287 288 289 289 290 291 292 292 293 293 294 295 295 296 296 295 295 295 295 295 296 297 297 297 297 297 296 296 295 295 295 295 295 295 294 294 295 295 295 295 295 293 295 295 294 295 295 295 295 295 295 295 295 295 295 295 295 295 296 296 296 296 296 296 296 296 296
294 294 293 292 292 291 291 291 290 290 289 289 289 289 289 288 288 289 289 289 290 291 292 292 293 293 294 294 295 295 296 296 296 296 295 295 295 296 296 297 297 296 296 296 295 295 295 294 295 295 295 294 293 293 293 294 294 294 288 293 294 294 294 295 295 295 295 295 295 295 295 295 295 295 295 295 295 296 296 296 296 296 296 296
295 295 294 293 293 293 292 292 292 291 291 291 290 290 290 289 289 289 290 290 291 292 292 293 294 294 295 295 295 296 296 296 296 296 296 296 295 295 295 296 296 296 296 296 295 295 294 294 294 295 295 292 289 290 289 290 288 290 289 293 294 294 294 294 294 295 295 295 295 295 295 295 295 295 295 295 295 295 295 296 296 296 296 296
297 296 295 294 293 294 294 294 293 292 292 292 291 291 291 290 290 290 291 291 291 292 293 294 294 295 295 295 296 296 296 296 296 296 296 296 295 295 295 295 296 296 296 295 295 294 294 294 294 294 291 288 286 289 290 284 279 280 286 292 294 294 294 294 294 294 295 295 295 295 295 295 295 295 295 295 295 295 295 295 295 296 296 296
297 297 296 295 295 295 295 295 295 294 293 293 292 291 291 291 290 291 291 292 292 293 293 294 295 295 295 295 296 296 296 296 296 296 296 296 295 295 295 295 296 296 296 296 295 295 294 294 294 293 290 287 281 284 285 279 274 273 281 289 294 294 294 294 294 294 294 295 295 295 295 295 295 295 295 295 295 295 295 295 295 295 295 296
297 297 297 295 296 296 296 296 295 295 294 293 292 292 291 291 289 290 292 292 293 293 294 294 294 295 295 296 296 296 296 296 296 296 297 297 296 296 296 297 296 296 296 296 296 295 295 294 294 294 294 289 284 281 282 279 278 277 281 288 293 294 294 294 294 294 294 294 295 295 295 295 295 295 295 295 295 295 295 295 295 295 295 295
298 298 297 297 297 297 297 296 295 295 295 293 293 292 292 290 287 292 293 293 293 293 294 294 294 295 295 295 296 296 296 296 296 297 297 298 297 297 297 297 297 297 297 297 296 296 295 295 295 294 294 293 289 289 287 288 287 285 284 288 293 294 294 294 294 294 294 294 294 295 295 295 295 295 295 295 295 295 295 295 295 295 295 295
299 299 298 298 298 297 297 296 295 295 294 294 293 291 291 291 291 292 293 293 293 293 293 294 294 294 294 295 295 296 296 297 297 297 298 298 298 298 298 298 298 298 297 297 296 296 295 295 295 294 293 292 293 293 293 293 293 292 290 292 294 294 294 294 294 294 294 294 294 294 295 295 295 295 295 295 295 295 295 295 295 295 295 295
300 298 297 297 297 296 295 294 293 294 293 292 292 291 290 290 291 292 291 291 292 292 292 292 292 292 292 293 295 296 296 296 297 298 298 299 299 299 299 298 298 298 298 297 297 296 296 295 295 294 293 294 294 294 294 294 294 294 294 294 294 294 294 294 294 294 294 294 294 294 294 295 295 295 295 295 295 295 295 295 295 295 295 295
295 293 296 297 297 296 295 294 294 293 292 291 290 288 289 288 291 291 289 290 290 289 291 290 291 291 293 292 294 294 295 295 296 298 298 299 299 299 299 299 299 298 298 297 296 297 296 296 295 295 293 294 294 294 294 294 294 294 294 294 294 294 294 294 294 294 294 294 294 294 294 294 294 295 295 295 295 295 295 295 295 295 295 295
296 298 298 297 296 296 294 295 296 295 292 293 291 288 288 290 290 289 286 287 288 288 289 288 289 292 293 294 295 295 295 296 297 298 298 299 299 299 299 299 299 299 298 298 297 296 297 296 296 295 295 294 294 294 294 294 294 294 294 294 294 294 294 294 294 294 294 294 294 294 294 294 294 294 294 295 295 295 295 295 295 295 295 295
298 296 296 295 296 295 295 296 297 294 293 293 290 288 289 289 288 287 284 284 287 286 286 287 287 290 291 294 295 295 295 296 297 297 298 298 299 299 299 299 299 299 299 298 298 298 296 297 297 296 295 295 294 294 294 294 293 293 293 293 294 294 294 294 294 294 294 294 294 294 294 294 294 294 294 294 295 295 295 295 295 295 295 295
298 296 297 297 297 296 296 297 296 296 293 290 289 288 289 286 281 284 283 282 284 288 287 288 290 290 291 293 293 293 294 295 295 295 296 297 298 299 299 299 299 299 299 299 299 298 296 296 296 296 295 295 294 294 294 294 293 293 293 293 293 293 293 294 294 294 294 294 294 294 294 294 294 294 294 294 294 294 295 295 295 295 295 295
299 298 299 298 299 298 297 295 293 293 289 286 286 288 286 281 279 284 283 284 285 288 288 290 290 289 291 291 292 292 291 292 292 291 292 295 298 299 299 299 299 300 300 299 299 299 298 296 295 296 296 295 294 294 294 293 293 293 293 293 293 293 293 293 294 294 294 294 294 294 294 294 294 294 294 294 294 294 294 295 295 295 295 295
300 299 300 300 300 298 295 294 291 291 287 285 288 286 283 276 279 285 286 284 289 290 286 288 290 288 289 291 291 290 290 291 291 292 293 296 298 298 299 299 300 300 300 300 300 300 300 298 298 297 296 295 295 294 294 293 293 293 293 293 293 293 293 293 293 293 294 294 294 294 294 294 294 294 294 294 294 294 294 294 295 295 295 295
300 300 300 300 299 298 296 294 293 290 285 285 290 287 285 280 285 290 287 288 290 290 286 286 288 291 290 289 291 290 291 292 292 293 295 297 298 298 298 299 299 300 300 300 300 300 300 299 298 297 296 295 295 294 294 293 293 293 293 293 293 293 293 293 293 293 293 294 294 294 294 294 294 294 294 294 294 294 294 294 294 295 295 295
301 300 300 299 296 295 295 291 292 286 286 290 290 288 287 285 289 293 291 291 292 291 288 291 289 293 293 292 291 291 291 292 292 295 296 297 297 298 298 298 299 299 299 299 300 300 300 299 298 298 296 296 295 294 294 293 293 293 293 293 293 293 293 293 293 293 293 293 293 294 294 294 294 294 294 294 294 294 294 294 294 295 295 295
