08 Ecocrop/raster/current/tmean_12.asc
ncols        683
nrows        518
xllcorner    -87.691666666667
yllcorner    10.708333333333
cellsize     0.008333333333
NODATA_value  1.#QNAN
[rows 185 to 221 of 518, columns 84 to 167 of 683]
1.#QNAN 1.#QNAN 1.#QNAN 1.#QNAN 1.#QNAN 1.#QNAN 1.#QNAN 1.#QNAN 1.#QNAN 1.#QNAN 1.#QNAN 1.#QNAN 1.#QNAN 1.#QNAN 1.#QNAN 1.#QNAN 1.#QNAN 1.#QNAN 1.#QNAN 1.#QNAN 1.#QNAN 1.#QNAN 1.#QNAN 1.#QNAN 1.#QNAN 1.#QNAN 1.#QNAN 1.#QNAN 1.#QNAN 1.#QNAN 202 205 209 210 209 209 218 214 211 220 219 216 212 214 217 217 215 216 215 215 211 204 203 203 209 213 214 211 213 217 219 218 214 219 219 218 220 222 222 223 223 221 221 218 217 218 219 222 220 222 224 224 222 215
1.#QNAN 1.#QNAN 1.#QNAN 1.#QNAN 1.#QNAN 1.#QNAN 1.#QNAN 1.#QNAN 1.#QNAN 1.#QNAN 1.#QNAN 1.#QNAN 1.#QNAN 1.#QNAN 1.#QNAN 1.#QNAN 1.#QNAN 1.#QNAN 1.#QNAN 1.#QNAN 1.#QNAN 1.#QNAN 1.#QNAN 1.#QNAN 1.#QNAN 1.#QNAN 1.#QNAN 1.#QNAN 1.#QNAN 1.#QNAN 208 210 212 210 205 208 219 220 221 222 221 219 219 219 219 217 215 214 211 212 209 200 200 204 210 211 209 211 211 214 217 219 218 217 219 221 222 222 223 224 224 224 222 220 218 220 221 223 224 225 221 218 215 207
1.#QNAN 1.#QNAN 1.#QNAN 1.#QNAN 1.#QNAN 1.#QNAN 1.#QNAN 1.#QNAN 1.#QNAN 1.#QNAN 1.#QNAN 1.#QNAN 1.#QNAN 1.#QNAN 1.#QNAN 1.#QNAN 1.#QNAN 1.#QNAN 1.#QNAN 1.#QNAN 1.#QNAN 1.#QNAN 1.#QNAN 1.#QNAN 1.#QNAN 1.#QNAN 1.#QNAN 1.#QNAN 1.#QNAN 1.#QNAN 1.#QNAN 213 214 209 210 213 219 215 220 221 221 219 217 219 218 217 215 213 211 210 209 204 200 206 202 206 207 212 214 216 217 216 217 218 219 219 222 223 224 225 225 225 224 221 219 220 222 224 224 222 216 206 200 197
1.#QNAN 1.#QNAN 1.#QNAN 1.#QNAN 1.#QNAN 1.#QNAN 1.#QNAN 1.#QNAN 1.#QNAN 1.#QNAN 1.#QNAN 1.#QNAN 1.#QNAN 1.#QNAN 1.#QNAN 1.#QNAN 1.#QNAN 1.#QNAN 1.#QNAN 1.#QNAN 1.#QNAN 1.#QNAN 1.#QNAN 1.#QNAN 1.#QNAN 1.#QNAN 1.#QNAN 1.#QNAN 1.#QNAN 1.#QNAN 1.#QNAN 207 210 212 213 211 217 215 219 217 218 219 216 217 217 215 214 212 208 204 205 205 203 199 202 207 209 212 212 214 216 216 216 218 220 222 222 223 224 224 225 226 226 225 224 225 224 225 224 221 214 197 189 197
1.#QNAN 1.#QNAN 1.#QNAN 1.#QNAN 1.#QNAN 1.#QNAN 1.#QNAN 1.#QNAN 1.#QNAN 1.#QNAN 1.#QNAN 1.#QNAN 1.#QNAN 1.#QNAN 1.#QNAN 1.#QNAN 1.#QNAN 1.#QNAN 1.#QNAN 1.#QNAN 1.#QNAN 1.#QNAN 1.#QNAN 1.#QNAN 1.#QNAN 1.#QNAN 1.#QNAN 1.#QNAN 1.#QNAN 1.#QNAN 1.#QNAN 198 202 209 208 213 213 215 213 217 218 218 216 216 214 214 212 210 207 203 200 200 199 195 198 202 207 210 213 213 216 217 219 219 220 220 221 223 224 225 225 226 226 225 225 223 223 223 222 220 213 194 194 199
1.#QNAN 1.#QNAN 1.#QNAN 1.#QNAN 1.#QNAN 1.#QNAN 1.#QNAN 1.#QNAN 1.#QNAN 1.#QNAN 1.#QNAN 1.#QNAN 1.#QNAN 1.#QNAN 1.#QNAN 1.#QNAN 1.#QNAN 1.#QNAN 1.#QNAN 1.#QNAN 1.#QNAN 1.#QNAN 1.#QNAN 1.#QNAN 1.#QNAN 1.#QNAN 1.#QNAN 1.#QNAN 1.#QNAN 1.#QNAN 1.#QNAN 1.#QNAN 196 205 212 213 207 207 212 215 216 216 214 215 213 212 211 208 204 197 192 193 192 188 195 199 201 204 209 210 215 216 215 215 216 218 219 221 223 225 225 224 225 223 223 219 220 220 219 220 211 199 199 194
1.#QNAN 1.#QNAN 1.#QNAN 1.#QNAN 1.#QNAN 1.#QNAN 1.#QNAN 1.#QNAN 1.#QNAN 1.#QNAN 1.#QNAN 1.#QNAN 1.#QNAN 1.#QNAN 1.#QNAN 1.#QNAN 1.#QNAN 1.#QNAN 1.#QNAN 1.#QNAN 1.#QNAN 1.#QNAN 1.#QNAN 1.#QNAN 1.#QNAN 1.#QNAN 1.#QNAN 1.#QNAN 1.#QNAN 1.#QNAN 1.#QNAN 1.#QNAN 198 205 210 213 207 206 211 211 209 215 213 212 212 211 208 205 199 185 178 181 185 191 199 205 208 210 212 214 215 213 215 218 217 218 219 219 223 224 224 226 226 222 221 218 215 215 213 214 205 206 198 192
1.#QNAN 1.#QNAN 1.#QNAN 1.#QNAN 1.#QNAN 1.#QNAN 1.#QNAN 1.#QNAN 1.#QNAN 1.#QNAN 1.#QNAN 1.#QNAN 1.#QNAN 1.#QNAN 1.#QNAN 1.#QNAN 1.#QNAN 1.#QNAN 1.#QNAN 1.#QNAN 1.#QNAN 1.#QNAN 1.#QNAN 1.#QNAN 1.#QNAN 1.#QNAN 1.#QNAN 1.#QNAN 1.#QNAN 1.#QNAN 1.#QNAN 189 201 208 210 211 208 207 208 208 207 213 212 209 207 209 207 201 195 174 163 179 192 200 204 204 208 208 212 215 216 217 217 218 218 219 221 221 222 223 224 225 224 224 221 218 217 216 210 206 206 209 206 203
1.#QNAN 1.#QNAN 1.#QNAN 1.#QNAN 1.#QNAN 1.#QNAN 1.#QNAN 1.#QNAN 1.#QNAN 1.#QNAN 1.#QNAN 1.#QNAN 1.#QNAN 1.#QNAN 1.#QNAN 1.#QNAN 1.#QNAN 1.#QNAN 1.#QNAN 1.#QNAN 1.#QNAN 1.#QNAN 1.#QNAN 1.#QNAN 1.#QNAN 1.#QNAN 1.#QNAN 1.#QNAN 1.#QNAN 1.#QNAN 186 195 203 207 203 206 210 208 200 201 208 211 207 203 199 206 204 191 187 177 172 184 191 202 208 206 209 210 209 213 217 218 218 218 218 218 220 222 222 222 223 224 223 223 220 220 217 215 215 213 213 212 210 206
1.#QNAN 1.#QNAN 1.#QNAN 1.#QNAN 1.#QNAN 1.#QNAN 1.#QNAN 1.#QNAN 1.#QNAN 1.#QNAN 1.#QNAN 1.#QNAN 1.#QNAN 1.#QNAN 1.#QNAN 1.#QNAN 1.#QNAN 1.#QNAN 1.#QNAN 1.#QNAN 1.#QNAN 1.#QNAN 1.#QNAN 1.#QNAN 1.#QNAN 1.#QNAN 1.#QNAN 1.#QNAN 1.#QNAN 1.#QNAN 188 197 203 206 201 201 202 206 204 200 207 205 206 201 200 198 195 186 179 167 183 198 203 207 210 208 209 212 212 215 213 217 218 219 219 218 220 221 222 222 223 222 222 224 221 220 217 213 213 213 211 210 210 208
1.#QNAN 1.#QNAN 1.#QNAN 1.#QNAN 1.#QNAN 1.#QNAN 1.#QNAN 1.#QNAN 1.#QNAN 1.#QNAN 1.#QNAN 1.#QNAN 1.#QNAN 1.#QNAN 1.#QNAN 1.#QNAN 1.#QNAN 1.#QNAN 1.#QNAN 1.#QNAN 1.#QNAN 1.#QNAN 1.#QNAN 1.#QNAN 1.#QNAN 1.#QNAN 1.#QNAN 1.#QNAN 1.#QNAN 173 182 189 197 202 203 197 199 201 198 196 203 199 206 200 197 196 191 183 173 170 183 199 206 210 212 213 212 214 211 217 216 216 217 217 216 218 220 220 221 223 221 220 220 222 221 219 218 216 214 210 210 205 203 204
1.#QNAN 1.#QNAN 1.#QNAN 1.#QNAN 1.#QNAN 1.#QNAN 1.#QNAN 1.#QNAN 1.#QNAN 1.#QNAN 1.#QNAN 1.#QNAN 1.#QNAN 1.#QNAN 1.#QNAN 1.#QNAN 1.#QNAN 1.#QNAN 1.#QNAN 1.#QNAN 1.#QNAN 1.#QNAN 1.#QNAN 1.#QNAN 1.#QNAN 1.#QNAN 1.#QNAN 1.#QNAN 1.#QNAN 170 177 184 193 199 206 202 197 193 194 191 195 190 202 200 197 195 186 179 173 173 188 203 205 207 212 215 215 215 216 216 215 217 217 216 214 213 218 219 221 222 220 221 221 222 221 220 219 216 215 211 206 206 202 197
1.#QNAN 1.#QNAN 1.#QNAN 1.#QNAN 1.#QNAN 1.#QNAN 1.#QNAN 1.#QNAN 1.#QNAN 1.#QNAN 1.#QNAN 1.#QNAN 1.#QNAN 1.#QNAN 1.#QNAN 1.#QNAN 1.#QNAN 1.#QNAN 1.#QNAN 1.#QNAN 1.#QNAN 1.#QNAN 1.#QNAN 1.#QNAN 1.#QNAN 1.#QNAN 1.#QNAN 1.#QNAN 1.#QNAN 1.#QNAN 180 183 193 201 201 201 195 185 185 187 187 193 199 191 193 187 176 183 178 180 189 205 209 209 213 216 216 216 217 216 217 219 219 216 218 219 220 221 221 221 219 220 222 221 221 219 216 213 211 210 207 203 205 198
1.#QNAN 1.#QNAN 1.#QNAN 1.#QNAN 1.#QNAN 1.#QNAN 1.#QNAN 1.#QNAN 1.#QNAN 1.#QNAN 1.#QNAN 1.#QNAN 1.#QNAN 1.#QNAN 1.#QNAN 1.#QNAN 1.#QNAN 1.#QNAN 1.#QNAN 1.#QNAN 1.#QNAN 1.#QNAN 1.#QNAN 1.#QNAN 1.#QNAN 1.#QNAN 1.#QNAN 1.#QNAN 1.#QNAN 1.#QNAN 1.#QNAN 1.#QNAN 190 195 196 199 192 184 181 181 177 188 196 185 178 180 169 182 188 189 193 202 211 211 214 214 217 218 218 218 218 215 214 218 219 219 219 219 218 218 219 221 222 219 218 217 216 213 210 204 203 195 199 196
1.#QNAN 1.#QNAN 1.#QNAN 1.#QNAN 1.#QNAN 1.#QNAN 1.#QNAN 1.#QNAN 1.#QNAN 1.#QNAN 1.#QNAN 1.#QNAN 1.#QNAN 1.#QNAN 1.#QNAN 1.#QNAN 1.#QNAN 1.#QNAN 1.#QNAN 1.#QNAN 1.#QNAN 1.#QNAN 1.#QNAN 1.#QNAN 1.#QNAN 1.#QNAN 1.#QNAN 1.#QNAN 1.#QNAN 1.#QNAN 1.#QNAN 1.#QNAN 1.#QNAN 190 183 189 198 190 180 178 173 189 190 184 176 167 162 176 188 197 203 207 212 214 216 216 218 218 215 215 212 211 211 215 216 216 216 216 215 218 219 221 220 214 211 215 213 210 207 200 192 193 198 199
1.#QNAN 1.#QNAN 1.#QNAN 1.#QNAN 1.#QNAN 1.#QNAN 1.#QNAN 1.#QNAN 1.#QNAN 1.#QNAN 1.#QNAN 1.#QNAN 1.#QNAN 1.#QNAN 1.#QNAN 1.#QNAN 1.#QNAN 1.#QNAN 1.#QNAN 1.#QNAN 1.#QNAN 1.#QNAN 1.#QNAN 1.#QNAN 1.#QNAN 1.#QNAN 1.#QNAN 1.#QNAN 1.#QNAN 1.#QNAN 1.#QNAN 1.#QNAN 1.#QNAN 189 181 189 197 186 181 177 175 181 185 181 177 170 160 166 181 185 196 205 211 214 216 217 217 215 213 211 213 208 207 211 212 211 211 212 216 219 219 221 219 212 212 216 213 204 195 192 190 195 199 196
1.#QNAN 1.#QNAN 1.#QNAN 1.#QNAN 1.#QNAN 1.#QNAN 1.#QNAN 1.#QNAN 1.#QNAN 1.#QNAN 1.#QNAN 1.#QNAN 1.#QNAN 1.#QNAN 1.#QNAN 1.#QNAN 1.#QNAN 1.#QNAN 1.#QNAN 1.#QNAN 1.#QNAN 1.#QNAN 1.#QNAN 1.#QNAN 1.#QNAN 1.#QNAN 1.#QNAN 1.#QNAN 1.#QNAN 1.#QNAN 1.#QNAN 1.#QNAN 1.#QNAN 1.#QNAN 183 187 195 186 184 179 177 177 179 179 174 172 165 161 168 172 187 203 210 213 214 216 214 211 209 212 212 210 208 203 206 207 215 217 218 218 218 219 220 217 218 217 213 203 189 182 187 194 196 194
1.#QNAN 1.#QNAN 1.#QNAN 1.#QNAN 1.#QNAN 1.#QNAN 1.#QNAN 1.#QNAN 1.#QNAN 1.#QNAN 1.#QNAN 1.#QNAN 1.#QNAN 1.#QNAN 1.#QNAN 1.#QNAN 1.#QNAN 1.#QNAN 1.#QNAN 1.#QNAN 1.#QNAN 1.#QNAN 1.#QNAN 1.#QNAN 1.#QNAN 1.#QNAN 1.#QNAN 1.#QNAN 1.#QNAN 1.#QNAN 1.#QNAN 1.#QNAN 1.#QNAN 1.#QNAN 183 191 193 191 184 177 175 171 169 174 170 165 159 159 172 183 192 201 206 210 213 214 213 211 208 207 202 204 207 203 209 210 216 216 217 215 214 217 218 219 219 218 213 203 198 192 189 187 189 186
1.#QNAN 1.#QNAN 1.#QNAN 1.#QNAN 1.#QNAN 1.#QNAN 1.#QNAN 1.#QNAN 1.#QNAN 1.#QNAN 1.#QNAN 1.#QNAN 1.#QNAN 1.#QNAN 1.#QNAN 1.#QNAN 1.#QNAN 1.#QNAN 1.#QNAN 1.#QNAN 1.#QNAN 1.#QNAN 1.#QNAN 1.#QNAN 1.#QNAN 1.#QNAN 1.#QNAN 1.#QNAN 1.#QNAN 1.#QNAN 1.#QNAN 1.#QNAN 1.#QNAN 1.#QNAN 179 189 193 192 184 177 174 170 166 170 164 156 156 164 171 185 194 200 205 209 210 211 211 209 207 206 199 200 205 206 210 213 211 207 213 212 206 213 216 215 216 218 215 212 208 201 191 178 179 177
1.#QNAN 1.#QNAN 1.#QNAN 1.#QNAN 1.#QNAN 1.#QNAN 1.#QNAN 1.#QNAN 1.#QNAN 1.#QNAN 1.#QNAN 1.#QNAN 1.#QNAN 1.#QNAN 1.#QNAN 1.#QNAN 1.#QNAN 1.#QNAN 1.#QNAN 1.#QNAN 1.#QNAN 1.#QNAN 1.#QNAN 1.#QNAN 1.#QNAN 1.#QNAN 1.#QNAN 1.#QNAN 1.#QNAN 1.#QNAN 1.#QNAN 1.#QNAN 1.#QNAN 1.#QNAN 174 183 188 189 188 176 171 169 171 176 168 161 159 169 177 184 193 198 204 202 203 204 208 204 206 205 198 195 200 202 207 212 212 206 205 209 206 207 212 209 213 218 217 209 207 199 193 182 181 187
1.#QNAN 1.#QNAN 1.#QNAN 1.#QNAN 1.#QNAN 1.#QNAN 1.#QNAN 1.#QNAN 1.#QNAN 1.#QNAN 1.#QNAN 1.#QNAN 1.#QNAN 1.#QNAN 1.#QNAN 1.#QNAN 1.#QNAN 1.#QNAN 1.#QNAN 1.#QNAN 1.#QNAN 1.#QNAN 1.#QNAN 1.#QNAN 1.#QNAN 1.#QNAN 1.#QNAN 1.#QNAN 1.#QNAN 1.#QNAN 1.#QNAN 1.#QNAN 1.#QNAN 1.#QNAN 183 185 187 188 186 186 180 175 176 175 164 163 165 177 185 186 190 194 196 197 196 202 205 201 200 201 194 186 194 199 203 209 213 208 205 201 197 197 205 206 212 215 217 216 208 202 197 188 182 187
1.#QNAN 1.#QNAN 1.#QNAN 1.#QNAN 1.#QNAN 1.#QNAN 1.#QNAN 1.#QNAN 1.#QNAN 1.#QNAN 1.#QNAN 1.#QNAN 1.#QNAN 1.#QNAN 1.#QNAN 1.#QNAN 1.#QNAN 1.#QNAN 177 182 175 169 168 1.#QNAN 1.#QNAN 1.#QNAN 1.#QNAN 1.#QNAN 1.#QNAN 1.#QNAN 1.#QNAN 1.#QNAN 1.#QNAN 1.#QNAN 189 200 198 189 181 184 187 186 184 176 161 166 182 185 190 194 191 190 192 194 193 196 196 197 193 197 191 179 186 193 200 208 213 204 198 193 192 194 203 210 206 208 214 217 212 205 190 184 188 192
1.#QNAN 1.#QNAN 1.#QNAN 1.#QNAN 1.#QNAN 1.#QNAN 1.#QNAN 1.#QNAN 1.#QNAN 1.#QNAN 1.#QNAN 1.#QNAN 1.#QNAN 1.#QNAN 222 216 212 193 185 199 189 186 184 175 1.#QNAN 1.#QNAN 1.#QNAN 1.#QNAN 1.#QNAN 1.#QNAN 1.#QNAN 1.#QNAN 1.#QNAN 196 199 206 210 199 188 179 180 180 179 176 169 175 199 200 200 201 196 195 201 202 192 188 189 187 183 186 185 183 194 201 201 207 210 205 195 191 193 199 201 200 196 205 213 216 209 197 185 189 190 196
1.#QNAN 1.#QNAN 1.#QNAN 1.#QNAN 1.#QNAN 1.#QNAN 1.#QNAN 1.#QNAN 1.#QNAN 1.#QNAN 1.#QNAN 1.#QNAN 1.#QNAN 1.#QNAN 229 227 220 203 193 211 207 202 198 189 193 204 1.#QNAN 1.#QNAN 1.#QNAN 1.#QNAN 1.#QNAN 1.#QNAN 214 210 212 211 216 206 191 184 178 176 171 169 165 179 205 210 208 207 202 209 214 204 192 185 178 174 176 178 180 184 195 202 207 209 209 205 198 193 195 199 197 196 199 203 208 215 208 191 183 192 196 194
1.#QNAN 1.#QNAN 1.#QNAN 1.#QNAN 1.#QNAN 1.#QNAN 1.#QNAN 1.#QNAN 1.#QNAN 1.#QNAN 1.#QNAN 1.#QNAN 1.#QNAN 238 232 225 220 211 211 215 222 213 203 208 206 213 205 1.#QNAN 1.#QNAN 1.#QNAN 216 231 230 224 220 221 215 205 199 196 190 184 180 185 172 193 212 220 215 209 208 216 218 203 200 190 178 171 172 178 183 196 201 204 206 206 207 206 205 202 202 198 200 199 202 205 210 215 208 190 181 191 189 188
1.#QNAN 1.#QNAN 1.#QNAN 1.#QNAN 1.#QNAN 1.#QNAN 1.#QNAN 1.#QNAN 1.#QNAN 1.#QNAN 1.#QNAN 247 245 238 229 226 223 219 221 225 228 216 215 219 220 218 213 210 202 211 224 231 234 234 229 224 207 200 208 204 199 189 199 200 189 198 214 224 219 217 222 225 217 197 196 191 184 181 176 181 189 190 193 197 201 204 197 197 198 200 195 193 197 199 202 205 214 211 205 193 182 187 182 177
1.#QNAN 1.#QNAN 1.#QNAN 1.#QNAN 1.#QNAN 1.#QNAN 1.#QNAN 1.#QNAN 1.#QNAN 1.#QNAN 249 247 244 237 236 233 229 230 229 225 232 227 228 226 221 218 220 225 210 208 219 223 225 237 231 217 201 205 212 212 208 207 208 200 186 197 215 225 228 226 230 229 215 201 207 206 202 196 186 181 183 180 185 188 194 199 196 187 188 190 194 193 197 199 203 207 214 212 203 194 185 182 177 173
1.#QNAN 1.#QNAN 1.#QNAN 1.#QNAN 1.#QNAN 1.#QNAN 1.#QNAN 1.#QNAN 1.#QNAN 251 252 250 246 243 237 229 230 236 237 230 235 237 233 224 217 220 225 232 224 211 209 214 230 239 233 221 212 212 218 220 220 213 205 196 187 206 218 225 232 232 233 224 212 215 220 210 213 207 198 183 178 179 182 177 177 189 198 194 192 191 196 196 197 201 204 205 209 213 206 204 193 183 186 179
1.#QNAN 1.#QNAN 1.#QNAN 1.#QNAN 1.#QNAN 1.#QNAN 1.#QNAN 1.#QNAN 1.#QNAN 1.#QNAN 251 248 247 243 237 231 232 238 241 237 237 239 235 230 224 223 229 234 230 219 214 221 232 238 240 234 224 213 215 226 221 207 194 188 195 211 221 226 229 234 234 220 219 227 221 221 217 209 201 192 189 186 176 175 174 188 191 194 194 194 197 196 199 203 205 206 206 211 211 210 202 187 189 187
1.#QNAN 1.#QNAN 1.#QNAN 1.#QNAN 1.#QNAN 1.#QNAN 1.#QNAN 1.#QNAN 1.#QNAN 253 251 251 247 241 235 231 235 238 242 240 240 241 238 236 234 234 236 236 231 224 224 233 238 241 241 229 222 212 219 228 220 203 193 193 200 217 227 233 234 238 237 225 225 231 227 221 216 214 209 210 204 200 183 181 178 178 182 187 193 196 199 199 200 202 205 206 206 206 209 211 202 197 197 189
1.#QNAN 1.#QNAN 1.#QNAN 1.#QNAN 1.#QNAN 1.#QNAN 1.#QNAN 1.#QNAN 1.#QNAN 253 253 250 246 243 241 242 244 243 244 240 243 240 240 242 240 241 240 235 238 235 229 236 241 244 241 232 230 223 227 228 219 206 203 207 200 213 227 234 239 241 240 236 234 234 227 219 216 221 216 218 216 210 200 188 176 175 180 187 191 195 200 201 200 202 203 206 208 208 211 208 205 202 200 194
1.#QNAN 1.#QNAN 1.#QNAN 1.#QNAN 1.#QNAN 1.#QNAN 1.#QNAN 1.#QNAN 1.#QNAN 254 253 250 248 248 241 239 242 247 248 243 246 240 240 243 245 243 242 241 240 243 239 240 241 244 240 238 238 236 232 224 219 212 220 216 208 216 228 229 240 243 239 236 232 235 230 226 221 224 221 217 210 209 205 193 182 179 181 186 193 195 200 202 201 202 202 204 208 211 209 205 198 193 193 194
1.#QNAN 1.#QNAN 1.#QNAN 1.#QNAN 1.#QNAN 1.#QNAN 1.#QNAN 1.#QNAN 1.#QNAN 256 251 249 249 249 249 243 238 239 248 249 246 241 240 245 241 238 236 242 243 245 245 244 243 246 242 242 242 239 229 221 215 222 231 218 221 231 240 239 244 244 242 239 235 238 236 231 227 226 224 221 215 207 196 190 186 188 188 189 194 196 200 202 201 202 202 204 206 210 208 203 196 191 183 182
1.#QNAN 1.#QNAN 1.#QNAN 1.#QNAN 1.#QNAN 1.#QNAN 1.#QNAN 1.#QNAN 258 256 251 250 252 251 252 251 248 244 243 251 246 240 243 249 247 242 241 237 242 246 247 246 247 248 246 245 243 242 237 232 227 224 237 231 233 242 245 244 245 245 244 239 232 239 239 236 232 227 225 227 222 210 197 186 187 190 191 193 194 200 203 205 204 205 206 207 207 210 207 202 195 188 181 179
1.#QNAN 1.#QNAN 1.#QNAN 1.#QNAN 1.#QNAN 1.#QNAN 1.#QNAN 1.#QNAN 259 254 252 252 250 250 252 252 253 252 248 250 249 247 248 251 244 239 240 236 236 244 248 247 248 248 247 244 244 244 240 240 235 233 234 242 241 247 247 247 246 246 244 240 241 241 239 236 235 233 227 228 223 215 203 193 191 193 195 195 192 197 202 204 206 207 208 209 208 209 207 202 196 188 181 179
1.#QNAN 1.#QNAN 1.#QNAN 1.#QNAN 1.#QNAN 1.#QNAN 1.#QNAN 261 258 256 253 250 248 250 251 249 252 254 255 254 248 248 252 243 236 232 237 232 236 243 247 249 247 247 247 246 246 244 243 243 244 246 242 245 248 249 249 248 247 246 245 244 243 240 237 233 228 229 229 228 219 211 196 189 191 193 198 194 194 197 201 201 203 207 209 210 211 210 207 202 196 187 182 180
1.#QNAN 1.#QNAN 1.#QNAN 1.#QNAN 1.#QNAN 1.#QNAN 1.#QNAN 262 261 254 254 252 252 252 250 249 249 253 256 255 256 255 254 244 239 233 234 230 237 242 247 246 246 247 246 246 247 247 244 245 249 248 245 242 248 249 249 248 247 246 244 242 242 240 237 230 222 220 222 228 220 210 194 183 184 189 195 199 196 197 200 202 203 207 209 210 209 210 207 201 194 185 184 183
