08 Ecocrop/raster/current/tmean_10.asc
ncols        683
nrows        518
xllcorner    -87.691666666667
yllcorner    10.708333333333
cellsize     0.008333333333
NODATA_value  1.#QNAN
[rows 259 to 295 of 518, columns 84 to 167 of 683]
273 272 272 272 272 272 271 271 271 271 271 271 271 271 271 271 271 270 270 270 270 270 270 270 270 268 269 270 269 269 269 269 268 268 268 267 266 265 264 261 258 258 261 261 262 262 262 262 260 261 261 261 261 260 260 259 256 248 249 251 249 243 231 222 218 225 235 238 241 247 249 248 251 251 243 246 238 236 243 240 230 224 215 216
272 272 272 272 272 272 271 271 271 271 271 271 271 271 271 271 271 270 270 270 270 270 270 270 270 269 269 269 269 269 269 268 268 268 268 267 266 266 264 262 261 258 259 261 261 262 262 261 261 261 261 261 260 260 260 259 257 254 254 253 250 247 242 234 222 228 237 242 242 244 246 249 253 252 246 249 247 246 240 240 235 231 226 218
272 272 272 272 272 272 271 271 271 271 271 271 271 271 271 271 270 270 270 270 270 270 270 269 269 269 269 269 269 268 269 268 268 267 267 267 266 266 265 265 264 262 260 259 261 260 260 257 259 260 260 260 260 260 260 259 258 256 255 256 254 251 247 239 232 235 240 235 233 237 241 250 254 251 250 252 248 242 234 237 237 231 228 221
272 272 272 272 272 271 271 271 271 271 271 271 271 271 271 270 270 270 270 270 270 270 269 269 269 269 269 269 269 269 269 268 268 267 266 266 266 265 264 263 263 262 261 257 260 256 250 255 255 257 257 259 259 259 259 259 258 257 258 257 255 253 248 240 238 244 242 231 237 241 245 250 253 254 252 254 248 242 237 234 234 233 230 226
272 272 272 272 272 271 271 271 271 271 271 271 271 271 271 270 270 270 270 269 269 269 269 269 269 269 269 269 269 269 269 268 268 268 266 265 263 265 264 260 261 260 257 255 258 254 246 247 247 250 254 256 257 258 259 259 259 258 256 257 255 254 247 244 247 245 239 236 242 245 250 253 253 256 256 253 248 243 239 237 230 231 235 232
272 272 272 272 271 271 271 271 271 271 271 271 271 271 271 270 270 270 270 269 269 269 269 269 269 269 269 269 269 269 269 268 268 268 267 267 266 264 263 261 260 257 255 256 258 250 250 242 240 249 252 252 252 257 258 259 259 256 256 255 256 255 252 250 247 236 230 236 244 248 251 254 255 257 257 254 247 246 241 242 236 229 235 232
271 271 271 271 271 271 271 271 271 271 271 271 271 270 270 270 270 270 270 270 269 269 269 269 269 268 268 268 268 267 268 268 268 268 267 267 266 266 263 260 262 254 250 250 258 256 251 242 242 242 245 252 255 257 256 258 259 254 254 256 256 255 254 251 245 234 232 238 246 251 253 254 256 257 257 256 253 251 248 245 239 241 239 233
271 271 271 271 271 271 271 271 271 271 271 271 271 271 270 270 270 270 270 270 269 269 269 269 269 268 265 268 268 265 268 268 268 268 267 267 266 266 265 263 262 260 253 246 257 261 258 252 243 243 249 250 250 256 259 259 259 254 251 256 256 255 249 247 247 244 241 237 243 248 253 252 252 256 258 256 250 246 248 247 246 240 235 229
269 270 270 270 270 270 270 271 271 271 271 271 271 271 271 270 270 270 270 270 269 269 269 269 269 269 268 267 266 265 266 267 267 268 267 267 266 266 264 264 263 259 254 249 258 263 262 259 251 246 244 249 257 255 257 259 258 253 252 256 256 252 250 249 248 246 245 244 245 248 248 252 252 256 259 257 250 249 250 246 247 240 236 233
268 269 269 269 269 270 270 270 270 270 271 271 271 270 270 270 270 270 270 270 270 270 269 269 269 269 268 267 265 262 258 265 267 267 267 267 266 266 265 265 264 260 258 255 261 263 263 262 257 247 246 252 258 260 261 261 258 253 253 253 255 256 255 251 250 248 244 248 247 248 250 252 255 256 259 256 250 253 251 247 241 242 238 232
266 267 268 268 268 268 269 269 269 270 270 270 270 270 270 270 270 270 270 270 270 270 269 269 269 269 268 268 267 263 255 263 267 267 267 267 267 266 266 265 265 264 262 261 263 264 264 263 258 252 252 257 259 261 262 262 258 254 256 255 256 256 256 254 254 250 244 247 248 251 252 254 252 256 257 252 255 252 244 247 242 240 239 237
263 264 266 266 266 266 267 267 268 269 270 270 270 270 270 270 270 270 270 270 270 269 269 269 269 268 268 268 266 263 259 263 266 265 266 266 267 266 266 266 265 265 264 262 262 264 264 264 261 254 258 258 261 262 263 263 259 255 257 259 258 259 257 257 255 252 248 247 251 251 252 255 254 253 256 257 257 251 246 243 241 243 241 241
258 257 261 263 264 264 265 266 267 268 269 269 270 270 270 270 270 270 270 270 269 269 269 269 268 268 268 268 266 265 260 263 263 264 264 265 266 266 266 266 265 265 265 264 262 264 265 265 264 260 262 262 262 263 263 263 261 257 258 258 259 260 259 258 257 254 250 247 252 254 255 255 254 256 258 257 256 255 252 249 243 240 239 245
249 247 251 258 260 262 263 265 266 267 268 269 269 269 269 270 269 269 269 269 269 269 269 268 268 267 267 267 266 266 264 263 264 265 264 265 266 265 266 266 265 265 265 265 265 265 265 265 265 264 264 264 264 264 263 263 262 261 261 255 258 260 260 259 258 256 250 244 249 252 255 256 257 256 259 255 254 253 250 249 246 246 243 246
235 233 237 252 257 259 262 264 265 266 267 268 269 269 269 269 269 269 269 269 269 269 269 268 267 265 264 266 266 266 265 264 264 265 265 266 266 264 262 265 266 266 266 265 265 265 265 265 264 264 264 264 264 264 264 264 263 262 260 257 256 258 260 259 258 256 250 240 237 247 255 257 257 259 259 256 255 247 246 244 247 245 247 244
235 236 245 251 254 257 259 261 263 265 267 267 268 269 269 269 269 269 269 269 269 269 268 268 266 264 261 261 263 264 265 264 263 264 265 266 266 265 265 265 265 265 265 264 265 265 265 265 264 264 264 264 264 264 264 264 263 263 261 259 255 255 260 260 258 257 251 239 237 242 250 257 256 259 260 255 254 250 245 242 242 246 244 242
237 240 245 248 251 253 255 257 259 261 264 265 265 268 269 269 269 269 269 269 268 268 268 268 266 262 258 258 260 262 264 264 265 264 265 265 264 266 265 265 263 264 261 260 262 261 264 264 264 264 264 264 264 264 264 264 264 263 262 261 260 260 261 257 257 258 253 248 245 252 252 258 260 261 258 256 256 252 251 250 249 246 245 246
230 234 239 242 245 248 250 253 256 259 262 263 266 267 268 268 269 269 269 269 269 268 268 268 268 266 264 260 259 259 260 263 264 265 265 265 264 265 265 265 265 264 263 258 257 258 260 263 264 264 264 264 264 264 264 264 264 263 261 257 256 258 259 257 254 257 252 255 253 253 258 260 261 259 257 255 254 256 255 254 252 249 244 247
220 228 231 233 237 240 244 248 253 257 260 263 266 267 268 268 269 269 269 269 269 268 268 268 268 267 266 264 259 261 260 262 263 264 264 263 264 264 265 265 264 264 263 261 256 254 256 259 263 264 264 264 264 264 264 264 264 264 262 259 259 258 258 256 255 256 254 253 258 256 259 261 261 258 255 252 250 249 251 248 245 247 244 245
213 221 218 220 225 229 237 244 249 254 258 261 264 266 267 268 268 268 268 268 268 268 268 268 268 267 266 265 262 263 264 264 265 265 265 265 265 265 264 263 262 262 263 262 258 254 257 259 263 264 264 264 264 264 264 264 264 264 264 264 264 262 257 257 257 257 254 252 259 257 261 261 258 254 252 250 244 237 241 238 239 242 241 249
213 206 203 207 210 221 229 238 242 247 251 256 261 264 265 267 268 268 268 268 268 268 268 268 268 267 266 266 266 266 266 266 266 266 265 265 265 265 263 260 259 259 259 260 257 260 262 263 264 264 264 264 264 264 264 264 264 264 264 264 265 262 258 256 257 259 257 254 259 259 262 258 252 247 245 243 241 237 236 235 237 237 242 247
222 214 207 205 205 217 231 235 237 239 242 251 259 262 263 262 264 266 267 268 268 268 268 268 268 268 267 267 267 267 266 266 266 266 266 265 265 265 264 262 257 253 251 256 260 262 263 263 264 264 264 264 264 264 264 264 264 264 265 265 265 265 263 260 258 261 260 257 260 262 261 252 250 249 247 244 244 241 237 236 236 238 243 250
231 226 224 218 217 226 234 236 237 235 241 250 257 262 264 265 265 266 267 267 267 268 268 267 267 267 267 267 267 267 266 266 266 266 266 265 265 265 264 263 257 251 248 251 257 261 262 263 264 264 264 264 264 264 265 265 265 264 265 265 265 265 265 264 263 263 261 261 263 259 255 253 255 255 250 246 245 244 239 239 240 239 244 252
237 235 233 229 228 230 235 236 236 235 243 253 257 262 263 264 265 266 266 266 266 266 267 267 267 267 267 267 267 266 266 266 266 266 265 265 265 265 264 264 258 251 248 251 256 260 263 263 264 264 264 264 264 264 265 265 265 265 265 265 265 265 265 265 264 264 263 263 263 261 258 256 258 250 248 246 246 245 244 242 241 240 244 253
241 241 239 238 238 235 234 232 232 239 247 253 258 261 262 263 264 265 265 265 265 265 265 265 265 266 266 266 266 266 266 266 265 266 265 265 265 265 264 263 262 257 248 251 258 261 262 263 263 264 264 264 264 264 265 265 265 265 265 265 265 265 265 265 264 264 264 263 263 263 263 260 261 254 250 247 246 246 246 246 243 242 245 253
246 245 244 244 244 241 239 238 240 246 250 255 259 261 262 262 262 263 263 263 264 263 263 263 263 264 266 266 266 266 266 265 265 265 265 265 265 265 264 263 263 260 253 256 260 262 262 263 263 264 264 264 264 264 265 265 265 265 265 265 265 265 265 265 265 265 264 264 264 264 264 261 263 261 253 250 246 246 247 247 245 243 246 254
249 248 248 249 249 249 246 245 247 250 254 257 259 260 260 260 259 259 259 259 259 260 259 259 259 261 265 266 266 266 265 265 265 264 265 265 265 265 264 264 263 261 259 260 261 262 262 263 263 264 264 264 264 264 265 265 265 265 265 265 265 265 265 265 265 265 265 265 265 265 264 264 264 264 261 258 252 250 251 248 247 251 252 253
252 251 251 252 252 253 251 249 250 252 254 256 257 257 256 255 254 249 252 253 253 253 254 256 256 259 263 265 265 265 265 264 264 264 264 265 265 264 264 264 263 262 262 261 262 262 263 263 264 264 264 264 264 264 265 265 265 265 265 265 265 265 265 265 265 265 265 264 265 265 265 265 265 264 264 264 262 259 259 256 255 259 260 259
255 254 253 254 254 254 253 252 252 253 254 255 255 251 247 249 246 236 244 245 244 244 247 252 253 257 262 264 265 265 265 264 264 264 264 264 264 264 264 264 263 263 262 263 263 263 263 264 264 264 264 264 264 264 265 265 265 265 265 265 265 265 265 265 265 265 265 264 264 265 265 265 265 264 264 264 264 262 260 261 261 260 258 258
256 256 255 255 256 256 255 254 253 254 255 254 252 245 239 240 240 237 237 237 235 237 240 246 251 258 262 264 264 264 264 264 263 263 264 264 264 264 264 264 263 263 262 263 264 264 264 264 264 265 264 264 265 265 265 265 264 265 265 265 265 265 265 265 265 265 265 264 265 265 265 265 265 265 264 264 264 263 261 262 261 257 257 253
257 257 257 257 257 257 256 256 256 256 255 254 251 246 239 240 239 231 230 230 228 227 233 243 250 257 260 263 264 262 264 264 263 263 263 264 264 264 264 264 263 263 263 263 264 264 264 264 265 265 265 264 265 265 265 265 264 265 265 265 265 265 265 265 265 265 265 264 265 265 265 265 265 265 264 264 264 263 263 263 262 261 259 252
259 259 259 258 258 258 258 258 257 256 255 255 253 249 246 242 236 223 224 228 224 227 235 243 251 257 257 261 263 262 263 263 263 263 263 263 263 263 263 263 263 263 263 264 264 264 264 264 265 265 265 265 265 265 265 265 265 265 265 265 265 265 265 265 265 265 265 264 265 265 265 265 265 265 265 264 264 264 263 262 261 261 259 254
260 260 260 260 259 259 259 258 258 257 256 255 253 251 248 244 241 239 235 234 235 237 240 247 253 257 259 259 262 263 263 263 262 262 262 263 263 263 263 263 263 263 264 264 264 264 264 264 264 264 265 265 265 265 265 265 265 265 265 265 265 265 265 265 265 265 265 264 265 265 265 265 265 265 264 264 264 264 263 262 261 260 259 257
261 261 261 261 260 260 260 259 258 258 257 256 254 252 249 248 247 246 245 245 242 239 245 250 255 257 257 258 260 262 262 262 262 262 262 262 262 262 263 263 263 263 263 264 264 264 264 264 264 264 265 265 265 265 265 264 265 265 265 265 265 265 265 265 265 265 264 264 264 264 264 264 264 264 264 264 264 264 264 263 262 261 258 257
262 262 262 261 261 261 261 260 260 259 258 257 255 253 252 251 250 250 249 249 241 232 247 252 256 256 256 257 256 257 260 261 261 261 260 261 261 261 262 262 262 263 263 264 264 264 264 264 265 265 265 265 265 265 265 265 265 265 265 265 265 265 265 265 265 264 264 264 264 264 264 264 264 264 264 264 264 264 264 264 263 262 258 259
263 263 262 262 262 262 262 261 260 259 258 258 257 255 254 253 253 253 253 252 250 249 251 254 255 255 251 251 249 251 253 257 260 260 260 260 260 260 261 261 262 262 263 263 264 264 264 264 264 264 265 265 265 265 265 264 265 265 265 265 265 265 265 265 265 264 264 264 264 264 264 264 264 264 264 264 264 264 264 264 263 262 261 261
264 263 263 263 263 263 262 262 261 260 260 259 258 257 257 256 255 255 256 255 255 255 255 256 256 253 247 242 241 242 245 251 257 258 259 259 259 259 260 260 261 261 262 263 264 264 264 264 264 264 264 264 265 265 265 264 265 265 265 265 265 265 265 265 265 264 264 264 264 264 264 264 264 264 264 264 264 264 264 264 263 263 261 261
