08 Ecocrop/raster/current/tmean_4.asc
ncols        683
nrows        518
xllcorner    -87.691666666667
yllcorner    10.708333333333
cellsize     0.008333333333
NODATA_value  1.#QNAN
[rows 407 to 443 of 518, columns 168 to 251 of 683]
285 285 285 284 278 276 279 278 275 268 274 276 271 267 266 268 273 279 279 276 278 279 278 279 279 280 280 280 279 278 275 276 280 279 280 281 281 281 281 281 281 281 281 281 281 281 281 281 280 279 279 278 277 277 276 276 275 275 275 275 275 275 275 275 275 275 275 275 275 275 275 275 275 275 275 275 275 275 275 275 275 275 275 276
285 285 285 283 279 276 280 278 271 271 277 275 270 265 265 270 274 280 278 277 278 281 281 281 281 280 278 279 278 277 276 279 280 279 280 281 281 281 280 280 280 281 281 281 281 281 281 281 280 279 279 278 277 277 276 276 275 275 275 275 275 275 275 275 275 275 275 275 275 275 275 275 275 275 275 275 275 275 275 275 275 275 275 276
285 284 284 283 280 281 279 275 267 273 276 270 268 266 270 274 277 281 280 278 280 282 282 281 279 278 280 280 280 279 279 280 280 280 280 280 280 280 280 278 279 280 281 281 281 281 281 281 280 279 279 278 277 277 276 276 275 275 275 275 274 274 274 274 274 274 274 274 274 275 275 275 275 275 275 275 275 275 275 275 275 275 276 276
284 285 284 282 282 282 278 275 273 277 272 269 269 267 275 276 276 281 280 281 282 281 279 281 280 281 280 278 277 279 279 280 279 279 280 279 279 279 278 277 279 280 280 280 281 281 281 281 280 279 279 278 277 277 276 276 275 275 275 274 274 274 274 274 274 274 274 274 274 274 275 275 275 275 275 275 275 275 276 276 276 276 276 276
1.#QNAN 284 284 283 283 282 280 278 277 280 274 269 271 270 277 279 279 281 279 282 282 280 278 278 279 280 279 275 275 277 278 277 278 278 278 278 275 274 274 278 279 278 278 279 280 280 281 280 280 279 279 278 277 277 276 276 275 275 275 274 274 274 274 274 274 274 274 274 274 274 275 275 275 275 275 275 276 276 276 276 276 276 276 276
1.#QNAN 1.#QNAN 1.#QNAN 283 282 281 278 276 278 280 273 272 272 270 276 279 280 282 281 282 278 277 275 275 277 276 277 274 274 274 276 277 278 277 275 274 273 273 275 278 277 276 276 276 278 279 280 280 280 279 279 278 278 277 277 276 275 275 275 274 274 274 274 274 274 274 274 274 274 274 274 275 275 275 275 276 276 276 275 275 275 276 275 275
1.#QNAN 1.#QNAN 1.#QNAN 1.#QNAN 1.#QNAN 282 280 280 281 280 276 278 274 273 276 279 280 282 279 277 277 276 275 275 273 275 274 273 276 272 274 278 278 276 272 272 274 276 274 276 277 277 276 275 275 277 280 280 280 279 279 279 278 277 277 276 275 275 274 274 274 274 274 274 274 274 274 274 274 274 274 275 275 275 275 274 274 274 274 273 273 274 274 274
1.#QNAN 1.#QNAN 1.#QNAN 1.#QNAN 1.#QNAN 282 282 282 282 281 280 279 277 276 279 280 282 282 280 279 277 274 274 276 276 276 273 275 277 273 276 279 277 275 272 273 275 276 273 274 276 277 277 276 274 277 279 280 280 279 279 279 278 278 277 276 275 275 274 274 274 274 274 274 274 274 274 274 274 274 274 275 274 273 273 272 272 272 271 270 270 271 273 274
1.#QNAN 1.#QNAN 1.#QNAN 1.#QNAN 1.#QNAN 1.#QNAN 1.#QNAN 1.#QNAN 282 282 281 281 280 277 279 281 282 283 279 278 275 274 275 278 278 275 273 278 275 275 278 278 274 273 273 271 274 275 275 274 276 277 275 275 275 277 278 279 279 279 279 279 278 278 277 276 276 275 275 274 274 274 274 274 274 274 274 274 274 274 274 275 273 272 272 271 271 269 267 265 264 266 270 272
1.#QNAN 1.#QNAN 1.#QNAN 1.#QNAN 1.#QNAN 1.#QNAN 1.#QNAN 1.#QNAN 1.#QNAN 283 282 281 281 278 278 281 282 282 280 278 275 276 278 278 279 277 277 278 273 278 279 276 275 272 270 270 271 273 276 276 277 277 276 276 276 278 278 279 279 279 279 279 278 278 277 276 276 275 275 274 274 274 274 273 273 273 274 274 274 274 274 274 272 271 271 270 268 264 259 251 249 255 262 266
1.#QNAN 1.#QNAN 1.#QNAN 1.#QNAN 1.#QNAN 1.#QNAN 1.#QNAN 1.#QNAN 1.#QNAN 1.#QNAN 1.#QNAN 281 281 279 277 281 282 281 279 280 280 280 280 280 278 278 280 277 274 279 278 274 275 274 272 270 269 271 273 275 276 276 277 277 277 277 279 279 279 279 279 279 278 278 277 277 276 275 275 275 274 274 274 273 273 273 273 273 274 274 275 274 271 270 271 269 267 261 247 231 223 235 254 265
1.#QNAN 1.#QNAN 1.#QNAN 1.#QNAN 1.#QNAN 1.#QNAN 1.#QNAN 1.#QNAN 1.#QNAN 1.#QNAN 1.#QNAN 1.#QNAN 281 279 278 281 282 280 279 281 280 280 279 279 279 280 281 278 280 280 277 276 274 269 270 266 267 268 272 274 272 272 273 276 277 278 278 279 279 279 278 279 278 278 277 277 276 276 275 275 274 274 273 273 273 273 273 273 273 274 274 273 271 270 271 269 265 258 244 221 204 227 252 264
1.#QNAN 1.#QNAN 1.#QNAN 1.#QNAN 1.#QNAN 1.#QNAN 1.#QNAN 1.#QNAN 1.#QNAN 1.#QNAN 1.#QNAN 1.#QNAN 1.#QNAN 280 280 281 280 281 281 280 278 278 279 279 280 282 281 281 281 280 278 276 273 272 266 264 269 272 272 274 271 267 268 272 274 276 277 278 278 278 278 278 278 278 277 277 276 276 275 275 274 274 273 273 273 273 273 273 273 274 274 273 272 271 271 269 265 261 252 238 226 239 255 265
1.#QNAN 1.#QNAN 1.#QNAN 1.#QNAN 1.#QNAN 1.#QNAN 1.#QNAN 1.#QNAN 1.#QNAN 1.#QNAN 1.#QNAN 1.#QNAN 1.#QNAN 1.#QNAN 280 280 277 280 281 279 279 280 279 279 283 283 283 281 281 277 276 275 273 269 267 266 269 273 273 273 269 269 269 271 271 273 275 277 278 278 278 278 278 278 277 277 276 276 276 275 274 274 273 273 273 273 273 273 273 274 274 274 273 272 272 271 268 266 262 254 251 258 262 267
1.#QNAN 1.#QNAN 1.#QNAN 1.#QNAN 1.#QNAN 1.#QNAN 1.#QNAN 1.#QNAN 1.#QNAN 1.#QNAN 1.#QNAN 1.#QNAN 1.#QNAN 1.#QNAN 1.#QNAN 279 277 278 278 279 281 279 279 281 283 283 282 281 281 279 276 274 272 270 270 268 270 273 273 275 272 273 269 272 273 274 274 276 277 278 278 278 278 278 277 277 276 276 276 275 275 274 273 273 273 273 273 273 273 273 273 273 272 272 272 272 271 269 267 265 265 267 268 269
1.#QNAN 1.#QNAN 1.#QNAN 1.#QNAN 1.#QNAN 1.#QNAN 1.#QNAN 1.#QNAN 1.#QNAN 1.#QNAN 1.#QNAN 1.#QNAN 1.#QNAN 1.#QNAN 280 278 277 276 278 280 280 281 280 283 283 281 280 278 280 278 275 270 269 269 272 270 272 273 269 275 275 273 270 272 271 273 275 274 277 277 277 277 277 277 277 277 276 276 276 275 275 274 273 273 273 273 273 273 273 273 273 273 272 273 273 273 272 271 270 270 269 271 272 272
1.#QNAN 1.#QNAN 1.#QNAN 1.#QNAN 1.#QNAN 1.#QNAN 1.#QNAN 1.#QNAN 1.#QNAN 1.#QNAN 1.#QNAN 1.#QNAN 1.#QNAN 1.#QNAN 1.#QNAN 278 277 275 277 281 281 281 281 283 282 278 280 278 278 279 277 273 272 273 273 270 272 270 268 273 275 272 273 274 273 273 275 274 276 277 277 277 277 277 277 276 276 276 276 275 275 274 273 273 273 273 273 273 273 273 273 273 272 273 273 273 273 273 272 272 273 274 274 275
1.#QNAN 1.#QNAN 1.#QNAN 1.#QNAN 1.#QNAN 1.#QNAN 1.#QNAN 1.#QNAN 1.#QNAN 1.#QNAN 1.#QNAN 1.#QNAN 1.#QNAN 1.#QNAN 1.#QNAN 1.#QNAN 279 279 279 281 281 282 282 282 282 281 278 276 277 277 274 273 276 275 270 272 269 270 273 274 276 274 274 276 273 273 275 275 274 276 276 276 276 276 276 277 277 276 276 275 275 274 273 273 273 273 273 273 273 273 273 274 273 273 274 274 274 275 274 271 275 276 275 276
1.#QNAN 1.#QNAN 1.#QNAN 1.#QNAN 1.#QNAN 1.#QNAN 1.#QNAN 1.#QNAN 1.#QNAN 1.#QNAN 1.#QNAN 1.#QNAN 1.#QNAN 1.#QNAN 1.#QNAN 1.#QNAN 1.#QNAN 280 280 280 281 282 282 282 282 281 279 278 276 276 273 277 277 273 273 272 268 273 275 276 277 275 274 277 275 273 276 276 274 275 276 276 276 276 276 276 276 276 276 275 275 274 274 273 273 273 273 273 273 273 273 273 274 274 274 274 275 275 275 275 276 276 276 276
1.#QNAN 1.#QNAN 1.#QNAN 1.#QNAN 1.#QNAN 1.#QNAN 1.#QNAN 1.#QNAN 1.#QNAN 1.#QNAN 1.#QNAN 1.#QNAN 1.#QNAN 1.#QNAN 1.#QNAN 1.#QNAN 1.#QNAN 1.#QNAN 1.#QNAN 1.#QNAN 281 281 282 282 283 282 281 278 275 276 277 278 276 273 275 272 269 274 276 276 277 277 276 277 274 274 276 277 276 274 274 275 276 276 276 276 276 276 276 275 275 274 274 273 273 273 273 273 273 273 273 273 273 274 274 274 274 275 275 275 275 275 275 275
1.#QNAN 1.#QNAN 1.#QNAN 1.#QNAN 1.#QNAN 1.#QNAN 1.#QNAN 1.#QNAN 1.#QNAN 1.#QNAN 1.#QNAN 1.#QNAN 1.#QNAN 1.#QNAN 1.#QNAN 1.#QNAN 1.#QNAN 1.#QNAN 1.#QNAN 1.#QNAN 1.#QNAN 281 282 281 282 282 282 280 279 277 279 278 274 276 274 270 271 274 272 275 277 278 278 276 274 275 277 277 276 274 272 273 275 276 276 276 276 276 276 275 275 275 274 273 273 273 273 273 272 273 273 273 273 273 274 274 274 274 275 275 275 275 275 275
1.#QNAN 1.#QNAN 1.#QNAN 1.#QNAN 1.#QNAN 1.#QNAN 1.#QNAN 1.#QNAN 1.#QNAN 1.#QNAN 1.#QNAN 1.#QNAN 1.#QNAN 1.#QNAN 1.#QNAN 1.#QNAN 1.#QNAN 1.#QNAN 1.#QNAN 1.#QNAN 1.#QNAN 1.#QNAN 282 281 282 281 281 281 281 279 276 272 277 276 275 271 269 271 270 273 276 278 278 275 276 276 277 276 274 274 273 272 274 275 276 276 276 276 276 275 275 275 274 274 273 273 273 273 272 273 273 273 273 273 273 274 274 274 274 274 274 274 274 274
1.#QNAN 1.#QNAN 1.#QNAN 1.#QNAN 1.#QNAN 1.#QNAN 1.#QNAN 1.#QNAN 1.#QNAN 1.#QNAN 1.#QNAN 1.#QNAN 1.#QNAN 1.#QNAN 1.#QNAN 1.#QNAN 1.#QNAN 1.#QNAN 1.#QNAN 1.#QNAN 1.#QNAN 1.#QNAN 1.#QNAN 1.#QNAN 282 280 279 280 281 280 276 276 278 272 266 264 268 267 269 272 275 277 278 278 277 277 276 272 272 272 273 273 274 275 276 276 276 277 276 276 275 275 274 274 274 273 273 273 272 273 273 273 273 273 273 273 273 274 274 274 274 274 274 274
1.#QNAN 1.#QNAN 1.#QNAN 1.#QNAN 1.#QNAN 1.#QNAN 1.#QNAN 1.#QNAN 1.#QNAN 1.#QNAN 1.#QNAN 1.#QNAN 1.#QNAN 1.#QNAN 1.#QNAN 1.#QNAN 1.#QNAN 1.#QNAN 1.#QNAN 1.#QNAN 1.#QNAN 1.#QNAN 1.#QNAN 1.#QNAN 1.#QNAN 280 276 276 280 281 280 280 278 273 268 266 270 270 269 270 275 277 278 278 278 275 274 271 272 273 274 272 273 275 276 276 276 277 276 276 275 275 275 274 274 273 273 273 272 273 273 273 273 273 273 273 273 273 273 273 273 273 274 274
1.#QNAN 1.#QNAN 1.#QNAN 1.#QNAN 1.#QNAN 1.#QNAN 1.#QNAN 1.#QNAN 1.#QNAN 1.#QNAN 1.#QNAN 1.#QNAN 1.#QNAN 1.#QNAN 1.#QNAN 1.#QNAN 1.#QNAN 1.#QNAN 1.#QNAN 1.#QNAN 1.#QNAN 1.#QNAN 1.#QNAN 1.#QNAN 1.#QNAN 1.#QNAN 277 277 280 281 281 281 280 278 275 271 272 271 268 270 275 277 277 279 276 274 269 271 271 274 275 274 273 275 276 276 276 277 276 276 276 275 275 274 274 274 273 273 272 273 273 273 273 273 273 273 273 273 273 273 273 273 273 273
1.#QNAN 1.#QNAN 1.#QNAN 1.#QNAN 1.#QNAN 1.#QNAN 1.#QNAN 1.#QNAN 1.#QNAN 1.#QNAN 1.#QNAN 1.#QNAN 1.#QNAN 1.#QNAN 1.#QNAN 1.#QNAN 1.#QNAN 1.#QNAN 1.#QNAN 1.#QNAN 1.#QNAN 1.#QNAN 1.#QNAN 1.#QNAN 1.#QNAN 1.#QNAN 278 279 280 281 281 281 280 279 277 275 273 267 271 272 276 278 278 279 279 278 272 271 274 274 275 275 275 275 276 276 277 277 277 276 276 276 275 275 274 274 273 273 273 273 273 273 273 273 273 273 273 273 273 273 273 273 273 273
1.#QNAN 1.#QNAN 1.#QNAN 1.#QNAN 1.#QNAN 1.#QNAN 1.#QNAN 1.#QNAN 1.#QNAN 1.#QNAN 1.#QNAN 1.#QNAN 1.#QNAN 1.#QNAN 1.#QNAN 1.#QNAN 1.#QNAN 1.#QNAN 1.#QNAN 1.#QNAN 1.#QNAN 1.#QNAN 1.#QNAN 1.#QNAN 1.#QNAN 1.#QNAN 1.#QNAN 1.#QNAN 280 280 279 278 277 278 277 275 271 269 270 275 276 277 279 279 279 279 277 271 274 275 275 275 276 276 276 276 277 277 277 276 276 276 275 275 274 274 273 273 273 273 273 273 273 273 273 273 273 273 273 273 273 273 273 273
1.#QNAN 1.#QNAN 1.#QNAN 1.#QNAN 1.#QNAN 1.#QNAN 1.#QNAN 1.#QNAN 1.#QNAN 1.#QNAN 1.#QNAN 1.#QNAN 1.#QNAN 1.#QNAN 1.#QNAN 1.#QNAN 1.#QNAN 1.#QNAN 1.#QNAN 1.#QNAN 1.#QNAN 1.#QNAN 1.#QNAN 1.#QNAN 1.#QNAN 1.#QNAN 1.#QNAN 1.#QNAN 1.#QNAN 1.#QNAN 278 276 278 278 278 277 274 273 273 274 277 278 280 279 279 278 279 276 273 276 276 275 275 275 275 276 275 276 276 276 276 276 276 275 275 274 274 273 273 273 273 273 273 273 273 273 273 273 273 273 273 273 273 273
1.#QNAN 1.#QNAN 1.#QNAN 1.#QNAN 1.#QNAN 1.#QNAN 1.#QNAN 1.#QNAN 1.#QNAN 1.#QNAN 1.#QNAN 1.#QNAN 1.#QNAN 1.#QNAN 1.#QNAN 1.#QNAN 1.#QNAN 1.#QNAN 1.#QNAN 1.#QNAN 1.#QNAN 1.#QNAN 1.#QNAN 1.#QNAN 1.#QNAN 1.#QNAN 1.#QNAN 1.#QNAN 1.#QNAN 1.#QNAN 1.#QNAN 279 277 277 279 278 276 275 278 278 275 278 280 280 279 277 277 278 275 277 277 276 275 276 274 276 276 277 277 277 276 276 276 276 275 274 274 273 273 273 273 273 273 273 273 273 273 273 273 273 273 273 273 273
1.#QNAN 1.#QNAN 1.#QNAN 1.#QNAN 1.#QNAN 1.#QNAN 1.#QNAN 1.#QNAN 1.#QNAN 1.#QNAN 1.#QNAN 1.#QNAN 1.#QNAN 1.#QNAN 1.#QNAN 1.#QNAN 1.#QNAN 1.#QNAN 1.#QNAN 1.#QNAN 1.#QNAN 1.#QNAN 1.#QNAN 1.#QNAN 1.#QNAN 1.#QNAN 1.#QNAN 1.#QNAN 1.#QNAN 1.#QNAN 1.#QNAN 279 278 279 277 274 273 276 277 279 277 278 280 278 275 275 274 276 278 278 277 277 277 276 274 275 276 277 277 277 277 277 276 276 275 275 274 273 273 273 273 273 273 273 273 273 273 273 273 273 273 273 273 273
1.#QNAN 1.#QNAN 1.#QNAN 1.#QNAN 1.#QNAN 1.#QNAN 1.#QNAN 1.#QNAN 1.#QNAN 1.#QNAN 1.#QNAN 1.#QNAN 1.#QNAN 1.#QNAN 1.#QNAN 1.#QNAN 1.#QNAN 1.#QNAN 1.#QNAN 1.#QNAN 1.#QNAN 1.#QNAN 1.#QNAN 1.#QNAN 1.#QNAN 1.#QNAN 1.#QNAN 1.#QNAN 1.#QNAN 1.#QNAN 1.#QNAN 279 276 276 276 273 272 272 277 279 280 280 279 277 276 274 275 276 276 276 276 278 278 278 276 276 277 277 277 278 277 277 276 276 276 275 274 274 273 273 273 273 273 273 273 273 273 273 273 273 273 273 273 273
1.#QNAN 1.#QNAN 1.#QNAN 1.#QNAN 1.#QNAN 1.#QNAN 1.#QNAN 1.#QNAN 1.#QNAN 1.#QNAN 1.#QNAN 1.#QNAN 1.#QNAN 1.#QNAN 1.#QNAN 1.#QNAN 1.#QNAN 1.#QNAN 1.#QNAN 1.#QNAN 1.#QNAN 1.#QNAN 1.#QNAN 1.#QNAN 1.#QNAN 1.#QNAN 1.#QNAN 1.#QNAN 1.#QNAN 1.#QNAN 1.#QNAN 1.#QNAN 1.#QNAN 1.#QNAN 279 276 274 271 277 280 280 280 279 275 273 274 275 276 277 277 277 278 278 278 278 278 278 278 277 277 277 277 277 276 276 276 275 274 274 274 273 273 273 273 273 273 273 273 273 273 273 273 273 273
1.#QNAN 1.#QNAN 1.#QNAN 1.#QNAN 1.#QNAN 1.#QNAN 1.#QNAN 1.#QNAN 1.#QNAN 1.#QNAN 1.#QNAN 1.#QNAN 1.#QNAN 1.#QNAN 1.#QNAN 1.#QNAN 1.#QNAN 1.#QNAN 1.#QNAN 1.#QNAN 1.#QNAN 1.#QNAN 1.#QNAN 1.#QNAN 1.#QNAN 1.#QNAN 1.#QNAN 1.#QNAN 1.#QNAN 1.#QNAN 1.#QNAN 1.#QNAN 1.#QNAN 1.#QNAN 278 277 274 273 279 280 280 279 278 274 270 270 272 276 277 277 277 278 278 278 277 278 278 278 278 278 277 277 277 277 276 276 275 275 274 274 274 274 273 273 273 273 273 273 273 273 273 273 273 273
1.#QNAN 1.#QNAN 1.#QNAN 1.#QNAN 1.#QNAN 1.#QNAN 1.#QNAN 1.#QNAN 1.#QNAN 1.#QNAN 1.#QNAN 1.#QNAN 1.#QNAN 1.#QNAN 1.#QNAN 1.#QNAN 1.#QNAN 1.#QNAN 1.#QNAN 1.#QNAN 1.#QNAN 1.#QNAN 1.#QNAN 1.#QNAN 1.#QNAN 1.#QNAN 1.#QNAN 1.#QNAN 1.#QNAN 1.#QNAN 1.#QNAN 1.#QNAN 1.#QNAN 1.#QNAN 1.#QNAN 1.#QNAN 276 275 279 280 280 279 278 277 272 270 271 275 276 277 277 277 277 277 277 277 277 277 278 278 278 277 277 277 277 276 276 275 275 274 274 274 274 273 273 273 273 273 273 273 273 273 273 273
1.#QNAN 1.#QNAN 1.#QNAN 1.#QNAN 1.#QNAN 1.#QNAN 1.#QNAN 1.#QNAN 1.#QNAN 1.#QNAN 1.#QNAN 1.#QNAN 1.#QNAN 1.#QNAN 1.#QNAN 1.#QNAN 1.#QNAN 1.#QNAN 1.#QNAN 1.#QNAN 1.#QNAN 1.#QNAN 1.#QNAN 1.#QNAN 1.#QNAN 1.#QNAN 1.#QNAN 1.#QNAN 1.#QNAN 1.#QNAN 1.#QNAN 1.#QNAN 1.#QNAN 1.#QNAN 1.#QNAN 1.#QNAN 1.#QNAN 1.#QNAN 279 280 278 277 274 275 274 273 271 270 273 276 277 277 277 277 278 278 278 277 278 278 278 277 277 278 277 276 276 276 275 275 274 274 274 273 273 273 273 273 273 273 273 273 273 273
1.#QNAN 1.#QNAN 1.#QNAN 1.#QNAN 1.#QNAN 1.#QNAN 1.#QNAN 1.#QNAN 1.#QNAN 1.#QNAN 1.#QNAN 1.#QNAN 1.#QNAN 1.#QNAN 1.#QNAN 1.#QNAN 1.#QNAN 1.#QNAN 1.#QNAN 1.#QNAN 1.#QNAN 1.#QNAN 1.#QNAN 1.#QNAN 1.#QNAN 1.#QNAN 1.#QNAN 1.#QNAN 1.#QNAN 1.#QNAN 1.#QNAN 1.#QNAN 1.#QNAN 1.#QNAN 1.#QNAN 1.#QNAN 1.#QNAN 1.#QNAN 1.#QNAN 1.#QNAN 278 274 271 275 277 276 273 270 271 276 277 277 277 277 278 278 278 277 277 277 277 276 277 278 276 276 276 276 276 275 275 275 274 274 274 274 274 273 273 273 273 273 274 274
1.#QNAN 1.#QNAN 1.#QNAN 1.#QNAN 1.#QNAN 1.#QNAN 1.#QNAN 1.#QNAN 1.#QNAN 1.#QNAN 1.#QNAN 1.#QNAN 1.#QNAN 1.#QNAN 1.#QNAN 1.#QNAN 1.#QNAN 1.#QNAN 1.#QNAN 1.#QNAN 1.#QNAN 1.#QNAN 1.#QNAN 1.#QNAN 1.#QNAN 1.#QNAN 1.#QNAN 1.#QNAN 1.#QNAN 1.#QNAN 1.#QNAN 1.#QNAN 1.#QNAN 1.#QNAN 1.#QNAN 1.#QNAN 1.#QNAN 1.#QNAN 1.#QNAN 1.#QNAN 1.#QNAN 276 274 273 278 276 276 274 274 273 275 276 276 277 277 278 278 278 278 277 276 276 277 277 275 275 276 276 276 276 276 275 275 274 274 274 274 274 274 274 274 274 274 274
