08 Ecocrop/raster/current/tmean_11.asc
ncols        683
nrows        518
xllcorner    -87.691666666667
yllcorner    10.708333333333
cellsize     0.008333333333
NODATA_value  1.#QNAN
[rows 296 to 332 of 518, columns 168 to 251 of 683]
254 253 254 252 252 253 254 250 252 253 253 252 253 253 254 252 251 248 245 244 244 242 240 237 237 237 238 238 239 238 237 238 235 232 230 230 230 232 235 236 226 216 220 227 233 234 237 238 239 239 239 240 240 240 237 238 238 237 237 240 241 239 236 227 231 238 230 212 208 213 215 212 211 213 215 216 220 229 232 233 233 234 235 237
254 253 252 252 251 252 254 254 253 253 255 252 253 254 254 253 249 241 240 245 245 242 239 237 238 237 237 236 239 239 237 237 235 233 228 232 233 234 238 233 225 220 221 229 233 231 234 236 238 236 237 238 239 240 240 237 237 237 238 241 243 242 236 237 241 238 223 208 209 224 227 223 215 215 215 217 220 225 230 233 235 236 237 238
255 254 253 254 254 254 255 255 254 254 255 254 254 254 254 252 246 240 238 245 247 242 239 238 238 237 238 236 239 240 238 237 236 231 230 231 233 239 238 231 223 219 219 226 229 229 227 232 236 233 231 233 237 239 240 239 237 237 239 242 244 243 235 242 240 231 216 211 223 229 230 227 215 216 216 219 215 222 229 233 233 236 237 238
258 254 254 255 255 255 255 255 255 255 256 256 256 255 254 252 249 245 243 245 248 244 241 240 238 239 242 239 240 240 238 236 234 233 236 237 236 240 233 226 222 219 219 221 229 231 231 231 235 232 227 230 235 237 240 239 238 241 241 244 245 245 239 244 240 232 221 217 228 230 231 229 218 222 219 227 227 226 228 231 233 234 236 238
258 254 253 254 254 255 256 256 254 255 256 255 256 256 255 254 252 249 247 247 249 244 243 241 243 244 245 240 241 242 239 234 233 233 236 241 241 239 233 226 222 220 219 223 229 232 232 229 230 230 229 234 235 238 238 236 240 244 241 242 245 247 244 246 242 237 224 227 233 228 230 231 223 226 224 229 233 231 232 232 229 231 232 238
258 257 255 256 255 255 256 256 256 256 256 254 254 256 255 255 255 252 250 250 250 246 246 247 246 246 247 242 243 244 243 241 238 236 233 240 243 241 238 233 229 226 222 229 231 233 231 228 231 228 226 232 234 230 232 237 244 247 245 243 244 246 247 247 241 231 231 235 236 230 219 218 229 234 226 231 234 233 232 234 232 233 235 239
259 259 258 257 257 257 256 255 257 257 257 256 253 256 256 256 256 255 254 253 252 250 247 248 245 247 248 245 243 247 246 245 243 239 235 237 242 242 240 235 232 230 227 233 234 237 235 235 234 230 225 233 235 231 232 237 244 247 246 247 246 240 244 248 245 236 237 241 237 229 219 216 221 233 231 231 235 234 233 235 236 237 238 239
259 259 259 259 258 257 258 256 256 257 257 257 257 257 257 256 255 255 254 252 252 249 250 251 249 250 249 245 248 250 249 249 246 242 239 238 242 244 240 237 235 232 229 235 238 240 240 240 238 233 230 233 239 237 238 242 244 246 249 249 245 239 243 249 244 241 243 243 241 236 229 225 226 234 238 236 238 238 238 238 239 239 239 239
259 259 259 259 259 258 258 258 255 255 257 257 257 257 257 256 256 256 253 250 249 250 253 252 250 251 249 248 252 253 252 250 247 244 239 237 240 245 243 239 238 235 232 239 243 245 245 243 242 239 238 239 242 243 241 245 244 244 248 249 247 244 246 249 248 245 246 247 242 239 237 230 232 237 238 240 238 239 239 239 239 239 239 238
259 259 259 259 259 259 258 259 258 257 255 257 258 258 256 256 256 256 255 253 249 247 252 255 251 253 251 251 251 252 253 251 249 243 237 240 244 246 242 238 241 236 236 243 243 246 246 245 244 242 242 242 246 248 246 249 246 240 241 246 250 247 248 249 250 247 249 248 242 243 234 231 234 237 240 241 238 240 239 236 238 238 238 234
259 259 259 258 259 259 259 259 259 258 255 256 258 258 255 256 256 256 256 254 249 247 251 255 255 255 252 249 247 252 254 253 250 242 237 236 239 245 245 244 241 235 237 244 247 249 248 247 246 246 245 246 249 250 249 248 242 238 240 245 250 248 248 250 251 248 250 248 248 246 243 240 237 236 240 242 240 239 235 235 236 233 238 237
259 259 259 258 259 259 259 259 259 259 258 259 258 258 257 257 256 257 256 256 252 251 251 253 257 257 253 247 249 253 255 252 248 245 243 238 237 243 248 247 244 237 234 245 249 249 250 249 249 250 249 248 252 252 251 246 245 243 241 247 250 251 250 251 252 252 251 249 249 248 245 242 239 240 243 241 237 234 233 235 236 233 238 235
259 259 259 258 258 259 259 259 259 259 259 259 258 258 258 258 257 257 257 257 255 256 255 253 257 257 255 251 251 252 255 254 253 251 248 243 237 241 245 248 243 239 237 244 250 250 250 250 251 251 251 250 252 251 248 248 250 248 245 246 251 253 254 253 253 252 252 251 247 249 246 244 245 243 242 239 238 234 232 231 236 233 237 234
259 259 259 258 258 258 259 259 259 259 259 259 258 258 258 258 258 257 258 258 257 258 259 257 257 257 257 256 256 255 255 253 250 249 249 244 239 240 247 248 243 240 241 246 249 251 251 249 248 250 251 251 252 254 251 250 250 249 247 248 253 254 254 254 254 253 253 251 251 250 249 249 247 244 242 238 237 234 234 235 233 234 237 234
259 259 258 258 258 259 259 259 259 259 259 259 259 258 258 258 258 259 258 259 259 258 258 259 258 257 257 257 257 257 255 251 245 242 244 242 239 240 246 248 249 245 245 246 249 251 252 251 248 250 252 253 254 255 253 253 254 252 252 252 255 255 255 254 254 254 253 252 250 250 248 245 246 244 241 234 233 235 235 233 232 236 236 234
259 258 258 258 258 258 259 259 259 259 259 259 259 259 259 258 258 259 259 259 259 258 259 259 259 258 257 257 257 257 256 253 249 240 238 239 240 242 243 241 248 249 248 244 248 252 251 249 245 246 248 252 254 255 255 255 256 255 254 255 255 255 255 255 255 254 253 253 250 247 248 244 244 244 239 233 230 235 234 229 232 235 235 234
259 258 258 258 258 258 258 258 259 259 259 259 259 259 259 259 258 258 258 259 260 259 260 259 259 259 257 258 257 257 257 254 248 241 242 239 240 240 239 238 244 248 251 247 247 252 247 243 243 242 245 250 254 256 256 256 256 256 256 256 256 256 255 255 255 254 253 252 249 244 243 245 240 238 236 230 230 234 234 227 232 230 227 228
258 258 258 258 258 258 258 258 259 259 258 258 258 259 259 258 258 258 258 259 260 260 260 260 259 259 258 258 258 258 257 255 249 241 244 247 247 243 242 244 246 244 248 253 250 252 248 244 247 248 248 251 254 256 255 254 255 256 256 256 255 255 255 254 254 253 252 251 250 246 242 239 241 237 229 231 233 232 231 228 230 231 227 221
258 258 258 258 258 258 258 258 258 258 258 258 258 258 258 258 258 258 259 259 260 260 260 260 260 260 259 257 258 258 258 257 254 245 243 246 248 248 243 246 250 246 244 251 252 253 250 245 249 251 250 255 256 256 253 252 250 254 254 255 255 255 254 254 253 252 252 251 249 243 240 239 232 230 227 230 231 235 238 237 238 237 236 233
258 258 258 258 258 258 258 258 258 258 258 258 258 258 258 258 258 259 259 259 260 260 260 260 260 260 259 259 259 258 258 258 256 253 246 247 249 251 250 248 251 250 245 248 253 255 250 246 251 255 255 256 255 254 250 245 245 249 251 254 254 254 253 249 248 250 250 250 249 247 245 242 234 236 228 229 230 237 238 242 242 238 235 231
258 258 258 258 258 258 258 258 258 258 258 258 258 258 258 258 258 259 259 259 260 260 260 260 260 260 259 259 259 259 259 258 257 254 253 252 253 253 254 251 254 250 247 251 254 255 247 247 254 256 255 253 251 250 246 240 240 243 244 250 253 251 250 247 245 245 248 247 247 248 246 241 237 242 237 237 232 238 242 244 241 237 235 233
258 258 258 258 258 258 258 258 257 257 257 258 258 258 258 258 258 259 259 259 260 260 260 260 260 260 260 259 259 259 259 259 258 257 255 254 251 251 252 255 254 248 248 255 257 255 250 251 255 256 252 248 249 243 239 238 237 237 242 249 251 251 250 248 242 241 246 243 245 246 245 242 239 242 243 242 238 236 240 244 240 233 228 225
258 258 258 258 258 258 258 257 257 257 257 257 258 258 258 257 257 259 259 259 259 260 260 260 260 260 260 260 260 259 259 259 257 256 254 251 250 252 253 254 256 251 254 256 257 257 255 255 256 256 250 244 244 243 239 239 237 238 247 249 247 249 245 242 237 238 242 243 241 242 242 242 239 245 244 241 238 236 242 245 243 237 232 223
258 258 258 258 258 258 258 257 257 257 257 257 257 258 258 257 257 258 259 259 259 259 260 260 260 260 260 260 260 260 259 259 255 253 251 249 250 250 254 255 257 256 255 257 257 257 257 256 256 255 251 249 245 240 239 241 240 240 245 248 244 248 244 237 233 236 236 236 236 234 237 237 243 245 246 245 244 243 243 244 246 239 232 229
258 258 258 258 258 258 258 257 257 257 257 257 257 258 258 257 257 258 259 259 259 259 260 260 260 260 260 260 260 260 260 259 257 255 251 246 247 250 254 256 258 259 259 258 255 256 254 252 255 255 254 250 244 244 244 246 246 241 245 244 241 241 239 235 231 231 230 230 231 230 231 234 237 238 245 246 246 245 247 249 247 240 234 237
258 258 258 258 258 258 257 257 257 257 257 257 257 257 258 257 257 258 259 259 259 259 259 260 260 260 260 260 260 260 260 259 259 258 256 248 249 252 253 257 258 259 259 256 253 252 250 248 253 252 251 249 248 250 252 247 248 248 250 247 246 244 238 235 232 228 225 227 227 227 228 232 238 240 241 247 248 246 250 249 240 238 243 245
258 258 258 258 258 258 257 257 257 257 257 257 257 257 258 258 258 258 259 259 259 259 259 260 260 260 260 260 260 260 260 259 258 257 256 250 253 253 254 256 259 259 258 257 256 256 254 251 250 247 246 247 250 253 254 250 249 250 247 246 245 245 238 236 233 230 225 226 224 223 227 234 239 244 246 248 250 249 251 249 241 238 245 249
258 258 258 258 258 257 257 257 257 257 257 257 257 257 258 258 258 258 258 258 259 259 259 259 260 260 260 260 260 260 260 259 259 259 258 255 255 257 257 258 259 259 258 258 258 256 252 250 247 247 247 247 251 255 256 255 254 248 243 238 238 242 239 237 235 231 235 239 235 223 221 228 232 236 243 247 250 250 252 251 248 245 248 250
258 258 258 258 258 257 257 257 257 257 257 257 257 257 258 258 258 258 258 258 258 259 259 259 259 260 260 259 260 259 260 259 259 259 258 258 258 258 259 259 259 259 258 258 258 254 252 252 251 248 248 250 254 256 256 255 252 247 245 239 236 237 238 237 234 241 244 245 242 235 226 225 228 228 232 241 247 251 253 251 248 245 247 250
258 258 258 258 258 257 257 257 257 257 257 257 257 257 258 258 258 258 258 258 258 259 259 259 259 259 259 259 259 259 259 259 259 259 258 258 258 259 259 259 259 259 258 258 259 258 256 256 256 250 251 250 255 257 257 255 254 251 249 243 239 237 239 236 240 246 247 247 247 244 237 230 237 239 233 237 246 252 254 250 248 245 249 251
258 258 258 258 257 257 257 257 257 257 257 257 257 257 258 258 258 258 258 258 258 258 259 259 259 259 259 259 259 259 259 259 259 259 258 259 259 259 259 259 259 259 259 258 259 259 258 257 256 252 255 252 252 257 258 258 257 254 251 248 245 243 246 241 238 247 248 247 248 248 239 238 237 243 241 238 249 254 254 252 249 248 251 254
258 258 258 258 257 257 257 257 257 257 257 257 257 257 258 258 258 257 257 257 258 258 259 259 259 259 259 259 259 259 259 259 259 258 258 259 259 259 259 259 259 259 259 259 259 259 259 256 253 251 256 255 255 258 259 258 254 252 252 252 249 250 250 244 240 248 249 250 250 250 243 236 242 248 243 243 251 253 252 252 250 252 253 254
258 258 258 258 257 257 257 257 257 257 257 257 257 257 257 257 257 257 257 257 258 258 258 259 259 259 259 259 258 258 258 258 258 258 258 259 259 259 259 259 259 259 259 259 259 259 259 259 256 254 258 258 259 259 259 257 254 254 256 253 253 253 251 244 239 246 247 246 247 243 248 240 238 242 249 247 254 254 249 250 253 255 254 254
258 258 258 258 257 257 257 257 257 257 257 257 257 257 257 257 257 257 257 257 257 258 258 259 259 259 259 258 258 258 258 258 258 258 258 259 259 259 259 259 259 259 259 259 259 259 259 259 258 257 259 259 259 259 255 253 257 258 257 256 253 249 245 241 238 238 239 236 241 242 249 241 247 246 252 253 256 254 251 250 255 255 256 255
258 258 258 258 258 257 257 257 257 257 257 257 257 257 257 257 257 257 257 257 257 258 258 258 258 259 258 258 258 258 258 258 258 258 258 259 259 259 259 259 259 259 259 259 259 259 259 260 260 259 260 260 260 260 255 254 258 259 258 254 246 244 243 245 246 244 244 243 245 243 249 251 253 249 246 254 256 256 255 257 257 257 256 256
258 258 258 258 258 257 257 257 257 257 257 257 257 257 257 257 257 257 257 257 257 258 258 258 259 259 258 258 258 258 258 258 258 258 259 259 259 259 259 259 259 259 259 259 259 259 259 259 260 260 260 260 260 260 259 259 260 260 259 255 248 246 246 248 251 251 249 249 247 245 249 247 251 254 250 251 252 256 257 255 256 256 255 255
258 258 258 258 258 257 257 257 257 257 257 257 257 257 257 257 257 257 257 257 257 258 258 258 259 259 258 258 258 258 258 258 258 258 259 259 259 259 259 259 259 259 259 259 259 259 259 259 260 260 260 260 260 260 260 260 260 260 260 257 254 249 250 250 252 254 251 251 248 251 253 248 249 254 255 255 251 256 258 253 252 253 252 251
