08 Ecocrop/raster/current/tmean_10.asc
ncols        683
nrows        518
xllcorner    -87.691666666667
yllcorner    10.708333333333
cellsize     0.008333333333
NODATA_value  1.#QNAN
[rows 111 to 147 of 518, columns 336 to 419 of 683]
227 225 228 236 241 246 247 249 250 250 251 252 251 251 249 242 247 250 253 253 253 254 255 255 255 256 256 255 254 256 256 256 253 253 255 254 255 256 254 243 241 243 242 234 226 232 240 247 251 250 248 253 257 257 257 258 258 257 253 256 257 257 257 257 256 255 254 251 253 256 258 258 258 256 257 257 258 259 259 259 259 260 260 260
230 224 235 236 241 246 248 248 249 250 251 251 251 250 249 243 243 248 252 253 253 254 254 255 255 256 255 255 255 257 257 256 252 253 250 251 250 254 255 251 247 247 238 232 228 227 231 241 251 254 251 256 257 257 257 258 257 257 255 257 257 256 257 256 255 254 251 251 250 254 257 256 256 256 256 258 259 258 259 259 260 260 260 260
230 222 229 241 244 246 248 249 251 251 250 249 247 244 248 242 237 243 250 253 254 253 254 254 255 254 254 254 256 256 257 256 252 251 247 248 250 254 255 251 251 246 236 232 230 228 237 246 250 250 255 256 256 257 258 258 257 257 257 256 256 256 256 256 254 255 254 256 257 255 256 255 256 257 256 258 258 259 260 260 260 260 260 259
232 225 224 236 245 247 248 249 250 250 248 243 238 242 247 245 240 242 248 252 252 253 254 255 254 253 252 253 255 256 256 256 254 251 248 248 250 251 255 253 251 249 243 236 232 237 244 252 253 251 253 256 257 257 258 258 257 257 257 256 257 255 255 254 254 255 256 254 258 256 256 257 256 258 258 257 259 259 260 260 260 259 259 259
234 228 225 235 242 245 248 249 248 248 244 236 231 235 244 240 233 237 245 250 251 253 253 254 248 247 244 249 253 252 255 255 254 254 253 251 249 249 253 248 249 245 238 241 237 242 251 254 254 255 254 256 257 258 258 257 257 257 257 257 257 256 255 255 254 255 257 255 256 258 258 258 258 259 259 258 258 259 259 260 259 259 259 260
238 232 232 237 239 243 248 247 246 246 238 226 226 233 242 238 227 232 242 246 251 251 252 251 247 240 241 243 246 249 252 254 254 254 253 251 247 249 252 250 245 247 247 243 240 247 253 255 255 256 256 256 257 257 257 257 257 257 257 257 257 257 257 255 256 258 259 258 259 259 259 259 259 259 259 259 259 260 260 260 259 260 259 259
241 236 236 236 239 243 247 247 242 241 236 228 225 232 239 235 227 234 241 246 249 251 246 245 244 241 243 245 250 252 253 254 254 254 252 247 243 247 252 252 244 242 251 249 245 250 255 257 257 257 257 257 257 257 257 257 257 257 257 257 258 258 257 258 258 258 259 260 260 260 260 260 260 259 260 259 260 260 260 260 260 260 260 259
242 239 238 234 233 240 246 242 234 230 233 227 227 232 236 236 234 233 236 242 247 251 247 243 245 246 245 249 251 252 253 253 254 254 249 247 244 243 253 254 251 246 250 254 255 256 257 257 256 257 258 258 257 256 255 256 256 257 256 256 257 255 254 256 257 257 258 259 259 259 260 260 261 260 260 260 260 259 259 260 260 260 260 259
243 240 236 230 235 241 245 240 231 227 232 228 229 232 236 238 239 241 241 246 249 248 247 247 249 250 249 251 252 253 253 253 253 253 252 252 252 253 255 254 254 255 256 257 256 256 256 256 257 258 258 257 256 256 253 251 248 249 250 251 252 255 256 257 258 258 258 259 259 259 260 260 261 261 260 260 260 260 259 259 260 260 260 260
244 240 234 229 236 242 244 238 230 231 233 232 233 235 236 242 240 242 246 247 245 244 243 246 249 251 252 252 253 252 252 251 252 252 252 254 254 253 253 254 254 251 254 257 257 256 257 256 256 257 258 254 253 253 250 249 250 244 241 242 244 251 257 257 257 258 259 259 259 260 260 260 260 261 261 260 260 260 259 259 260 260 260 260
246 239 234 236 238 239 241 239 231 232 236 236 233 236 239 241 235 236 240 240 243 241 240 245 248 251 252 249 250 250 247 242 250 252 250 251 250 249 246 248 250 251 256 257 258 258 258 257 256 258 258 252 247 248 245 250 257 254 249 248 246 248 254 256 257 256 256 258 258 259 260 261 260 261 261 260 260 260 260 260 260 260 260 260
246 240 234 236 239 238 239 240 233 230 236 237 238 239 238 238 238 234 235 240 242 238 239 245 250 251 248 246 245 247 244 245 246 245 247 249 248 249 248 247 249 252 255 256 257 258 258 258 259 259 256 254 253 251 250 256 256 258 259 256 256 253 249 250 253 256 256 254 256 258 260 260 261 261 261 260 261 260 261 260 260 260 260 260
246 242 241 240 240 242 237 241 235 234 236 237 238 237 235 235 237 228 232 239 241 242 242 246 249 249 244 244 246 244 245 242 242 241 243 247 243 248 248 251 253 251 251 255 257 256 257 259 259 258 252 254 257 256 256 258 256 258 258 259 259 253 251 250 252 257 258 256 259 259 260 260 261 262 261 259 259 261 260 260 260 260 260 260
247 243 245 245 244 243 239 243 241 237 237 237 237 234 231 238 238 236 235 238 240 242 243 247 248 244 244 246 246 245 243 239 235 234 239 246 246 248 243 246 244 246 249 251 255 253 254 257 259 258 252 255 257 257 258 257 257 259 259 260 260 257 256 252 253 257 259 259 260 260 261 261 261 262 261 260 259 260 260 260 260 261 260 260
244 245 241 246 242 240 240 244 244 238 237 241 237 234 232 235 240 242 242 242 243 245 246 244 243 241 243 245 245 242 238 235 232 235 242 245 241 244 242 239 237 241 247 253 251 248 255 258 259 257 255 255 258 257 258 256 257 260 258 253 254 259 260 258 258 259 257 257 259 261 260 260 261 262 261 259 259 259 260 260 259 261 261 260
240 247 243 246 242 241 243 243 245 242 241 244 243 240 237 238 241 243 244 245 245 245 245 244 243 241 242 244 244 242 235 232 230 239 243 245 242 239 239 236 233 238 250 251 249 247 251 256 259 256 257 256 256 259 258 256 257 259 253 249 254 257 259 259 261 261 261 260 260 259 260 260 261 262 261 261 260 260 261 261 261 261 261 260
240 246 246 245 246 245 244 246 246 245 243 245 247 246 243 242 243 243 244 244 242 241 242 242 242 239 241 244 244 243 240 234 230 234 240 244 241 241 240 237 235 242 249 248 248 247 248 257 258 257 259 258 259 260 256 257 257 255 254 256 257 258 261 261 261 262 262 262 262 262 261 262 261 262 261 262 261 261 261 261 261 261 261 260
244 245 248 246 244 248 246 248 245 247 247 248 247 244 243 244 244 245 245 243 242 243 244 244 244 243 244 244 244 244 244 240 240 240 244 243 246 246 246 244 241 243 243 246 249 249 253 259 257 257 260 260 260 260 257 259 258 257 255 259 260 259 260 260 261 262 261 262 262 262 262 261 261 261 261 261 261 261 261 261 261 261 261 260
246 245 249 248 247 249 246 249 247 248 250 247 243 242 243 244 243 244 243 242 242 240 243 241 242 244 245 245 245 245 246 245 245 247 246 244 249 251 250 248 248 245 242 244 249 251 256 259 259 258 260 261 260 260 260 260 260 260 259 258 261 261 261 262 262 262 262 262 262 262 261 261 261 261 261 261 261 261 261 261 261 261 261 260
246 246 249 250 248 249 248 250 249 250 246 242 242 241 242 242 243 243 242 242 240 240 239 240 241 241 244 245 245 246 247 247 246 247 250 252 253 253 252 253 251 245 240 241 248 254 257 259 260 259 260 260 261 261 261 260 260 260 261 258 261 262 262 262 262 262 262 262 262 262 262 261 261 261 261 261 261 261 261 261 261 261 260 260
244 248 249 250 249 249 251 249 244 248 246 243 242 241 242 242 241 241 239 239 240 240 238 236 236 238 241 242 244 243 245 247 249 249 248 249 245 252 254 253 251 245 241 246 250 255 257 259 260 260 260 260 261 261 260 258 259 261 261 260 262 262 262 262 262 262 262 262 262 262 262 261 261 261 261 261 261 261 261 261 261 261 261 260
238 243 246 251 251 251 251 247 245 246 244 245 244 243 242 242 240 239 239 239 240 240 241 241 240 238 236 234 237 241 243 245 246 248 250 249 245 248 253 252 250 248 244 245 251 255 258 259 259 260 260 261 261 261 261 261 260 261 262 262 262 262 262 262 262 262 262 262 262 260 261 261 261 261 261 261 261 261 261 261 261 261 261 260
236 245 240 250 252 252 250 249 246 244 242 247 245 241 242 241 239 239 239 240 239 241 241 241 241 240 239 238 235 239 239 241 245 247 247 247 247 245 252 255 254 250 249 248 251 255 258 259 259 260 261 261 261 261 261 262 262 262 262 262 262 262 262 261 262 262 262 262 261 261 261 261 261 261 261 261 261 261 261 261 261 261 261 260
245 249 243 245 252 251 248 248 248 244 245 247 246 246 245 242 240 242 241 241 239 240 241 241 241 241 240 237 232 232 231 238 245 243 244 245 243 244 250 255 253 247 246 247 252 257 259 260 260 261 260 260 261 261 261 261 261 262 262 262 262 262 262 260 261 262 262 262 261 261 261 261 261 260 261 261 261 261 261 261 261 261 260 260
248 251 247 248 253 252 250 250 250 245 245 249 249 248 246 244 244 244 242 241 240 241 241 240 240 240 241 240 238 230 229 237 243 241 236 239 240 239 241 250 256 254 251 250 251 255 258 260 260 260 260 260 260 260 260 261 261 262 262 262 262 262 262 262 262 262 262 262 262 261 262 261 261 260 261 261 261 261 261 261 261 260 260 260
250 252 251 250 253 252 251 250 250 247 248 248 250 248 248 248 248 245 242 242 241 241 240 240 239 238 237 239 241 235 236 234 237 236 234 233 238 245 246 247 253 257 257 255 249 251 258 260 259 259 259 260 260 259 260 261 261 262 262 262 262 262 262 262 262 262 262 262 262 261 261 261 261 261 261 261 261 261 261 261 261 260 260 260
250 253 253 253 253 252 251 247 249 251 252 251 252 249 252 252 249 246 242 243 243 242 241 241 239 238 236 238 241 240 233 232 231 231 227 233 239 248 252 254 253 253 254 256 257 257 259 259 258 259 259 260 260 261 261 261 262 262 262 262 262 262 262 262 262 262 262 262 262 261 261 261 261 261 261 261 261 261 261 261 261 260 260 260
252 250 253 253 253 251 248 245 248 251 252 253 252 252 253 252 249 248 246 244 243 241 241 240 240 236 237 240 240 241 236 230 235 235 230 237 241 248 251 250 247 246 245 251 255 256 255 258 258 259 259 260 260 261 261 261 262 262 262 262 262 262 262 262 262 262 262 262 262 262 261 261 261 261 261 261 261 261 261 261 261 260 260 260
253 253 253 254 251 251 248 248 250 252 253 254 251 252 252 249 246 243 242 242 242 242 241 240 239 235 236 238 241 242 242 241 241 241 239 242 240 247 250 249 245 240 236 241 249 254 252 257 259 259 260 260 261 261 261 261 262 262 262 262 262 262 262 262 261 262 262 262 261 262 262 262 262 262 261 261 261 261 261 261 261 260 260 260
253 254 254 253 252 252 251 250 252 252 253 254 252 250 247 244 242 241 240 240 241 240 241 240 234 230 230 237 240 241 242 243 243 244 244 243 241 243 249 247 242 236 230 231 244 250 250 257 259 259 260 261 260 260 261 261 262 262 262 262 261 259 261 261 260 261 261 261 261 261 261 262 262 262 262 261 261 261 261 261 261 260 260 260
249 253 255 255 254 253 252 252 254 253 252 253 253 251 246 246 242 240 238 238 236 238 242 240 233 223 226 234 237 238 242 242 243 242 241 240 239 244 248 245 240 240 233 230 238 246 247 256 258 259 260 261 260 260 261 261 261 262 261 261 259 260 261 260 261 261 261 261 261 261 261 261 262 262 262 261 261 261 261 261 261 260 260 260
252 253 255 255 255 252 253 253 253 254 254 254 253 250 248 244 241 239 235 235 234 241 242 241 238 233 233 238 239 239 242 243 242 239 237 235 239 244 246 244 241 243 239 232 234 244 244 255 258 260 260 260 261 261 262 262 262 262 262 262 260 260 261 260 261 261 261 261 261 261 261 261 261 261 261 262 261 261 261 261 261 261 260 260
254 253 254 256 255 254 254 254 254 254 255 253 248 246 242 242 245 240 232 234 237 242 242 242 241 240 241 242 243 243 244 243 242 237 235 235 240 244 245 240 241 247 241 232 238 246 247 255 259 260 260 260 261 261 261 261 262 262 262 262 261 260 261 261 261 261 261 261 261 261 261 261 261 261 261 261 261 261 261 261 261 261 260 260
256 255 254 255 255 254 254 254 255 255 254 251 244 242 243 243 247 239 231 235 240 242 242 242 243 243 243 243 243 242 240 240 241 242 240 236 238 239 241 242 246 249 244 241 247 252 253 257 258 259 260 260 261 261 261 261 262 262 262 262 262 262 261 261 261 261 261 261 261 261 261 261 261 261 261 261 261 261 261 261 261 260 260 260
256 255 254 254 255 255 255 255 255 255 253 249 247 245 246 248 248 241 239 239 241 241 239 241 242 242 242 242 242 239 239 239 239 238 235 239 242 241 247 250 253 254 252 251 254 257 258 259 259 259 259 260 261 260 261 261 262 262 262 262 261 261 261 261 261 261 261 261 261 261 261 261 261 261 261 261 261 261 261 261 261 261 260 261
256 256 255 254 248 254 255 256 256 255 253 247 248 249 250 250 247 243 239 238 235 232 230 239 241 242 241 241 241 241 240 240 239 240 242 243 247 248 250 252 253 254 254 255 257 257 257 258 256 255 258 260 260 260 261 261 262 262 261 260 261 260 261 261 261 261 261 261 261 261 261 261 261 261 261 261 261 261 261 261 261 261 261 261
257 254 252 253 249 251 256 256 256 254 252 250 246 250 252 248 244 236 232 231 228 229 234 239 242 242 241 239 240 239 238 236 236 241 244 246 248 248 247 248 244 247 248 249 254 254 254 252 248 249 254 256 259 260 261 261 262 261 261 257 259 260 260 261 261 261 261 261 261 261 261 261 261 261 261 261 261 261 261 261 261 261 261 261
