08 Ecocrop/raster/current/tmean_10.asc
ncols        683
nrows        518
xllcorner    -87.691666666667
yllcorner    10.708333333333
cellsize     0.008333333333
NODATA_value  1.#QNAN
[rows 148 to 184 of 518, columns 84 to 167 of 683]
1.#QNAN 1.#QNAN 1.#QNAN 1.#QNAN 1.#QNAN 1.#QNAN 1.#QNAN 1.#QNAN 1.#QNAN 1.#QNAN 1.#QNAN 1.#QNAN 1.#QNAN 1.#QNAN 1.#QNAN 1.#QNAN 1.#QNAN 1.#QNAN 1.#QNAN 1.#QNAN 1.#QNAN 1.#QNAN 1.#QNAN 1.#QNAN 1.#QNAN 1.#QNAN 1.#QNAN 1.#QNAN 1.#QNAN 1.#QNAN 1.#QNAN 238 235 234 232 230 230 229 230 1.#QNAN 1.#QNAN 1.#QNAN 1.#QNAN 222 1.#QNAN 1.#QNAN 1.#QNAN 215 214 211 211 215 213 208 212 212 211 1.#QNAN 1.#QNAN 1.#QNAN 1.#QNAN 1.#QNAN 1.#QNAN 1.#QNAN 1.#QNAN 1.#QNAN 1.#QNAN 1.#QNAN 1.#QNAN 1.#QNAN 1.#QNAN 1.#QNAN 1.#QNAN 1.#QNAN 1.#QNAN 1.#QNAN 1.#QNAN 1.#QNAN 1.#QNAN 1.#QNAN 208 212 217 220
1.#QNAN 1.#QNAN 1.#QNAN 1.#QNAN 1.#QNAN 1.#QNAN 1.#QNAN 1.#QNAN 1.#QNAN 1.#QNAN 1.#QNAN 1.#QNAN 1.#QNAN 1.#QNAN 1.#QNAN 1.#QNAN 1.#QNAN 1.#QNAN 1.#QNAN 1.#QNAN 1.#QNAN 1.#QNAN 1.#QNAN 1.#QNAN 1.#QNAN 1.#QNAN 1.#QNAN 1.#QNAN 1.#QNAN 1.#QNAN 243 239 236 233 230 229 229 227 227 229 226 225 222 217 214 216 214 207 207 212 210 210 216 215 216 213 209 209 1.#QNAN 1.#QNAN 1.#QNAN 1.#QNAN 1.#QNAN 188 186 187 1.#QNAN 1.#QNAN 1.#QNAN 1.#QNAN 1.#QNAN 1.#QNAN 1.#QNAN 1.#QNAN 1.#QNAN 1.#QNAN 1.#QNAN 1.#QNAN 1.#QNAN 198 204 211 217 221
1.#QNAN 1.#QNAN 1.#QNAN 1.#QNAN 1.#QNAN 1.#QNAN 1.#QNAN 1.#QNAN 1.#QNAN 1.#QNAN 1.#QNAN 1.#QNAN 1.#QNAN 1.#QNAN 1.#QNAN 1.#QNAN 1.#QNAN 1.#QNAN 1.#QNAN 1.#QNAN 1.#QNAN 1.#QNAN 1.#QNAN 1.#QNAN 1.#QNAN 1.#QNAN 1.#QNAN 252 246 242 241 238 236 234 231 228 225 224 226 225 224 221 218 218 213 210 210 208 207 209 210 206 212 218 217 217 212 207 205 194 190 187 189 188 185 180 188 1.#QNAN 1.#QNAN 1.#QNAN 1.#QNAN 1.#QNAN 1.#QNAN 184 193 1.#QNAN 1.#QNAN 1.#QNAN 196 192 202 207 215 219
1.#QNAN 1.#QNAN 1.#QNAN 1.#QNAN 1.#QNAN 1.#QNAN 1.#QNAN 1.#QNAN 1.#QNAN 1.#QNAN 1.#QNAN 1.#QNAN 1.#QNAN 1.#QNAN 1.#QNAN 1.#QNAN 1.#QNAN 1.#QNAN 1.#QNAN 1.#QNAN 1.#QNAN 1.#QNAN 1.#QNAN 1.#QNAN 1.#QNAN 1.#QNAN 249 249 245 242 240 237 237 235 233 230 227 225 225 224 222 218 221 219 213 214 219 217 215 212 211 213 211 214 219 219 214 214 211 203 189 188 191 190 191 179 178 172 169 174 169 172 183 181 189 191 189 192 199 193 202 210 209 217
1.#QNAN 1.#QNAN 1.#QNAN 1.#QNAN 1.#QNAN 1.#QNAN 1.#QNAN 1.#QNAN 1.#QNAN 1.#QNAN 1.#QNAN 1.#QNAN 1.#QNAN 1.#QNAN 1.#QNAN 1.#QNAN 1.#QNAN 1.#QNAN 1.#QNAN 1.#QNAN 1.#QNAN 1.#QNAN 1.#QNAN 1.#QNAN 1.#QNAN 1.#QNAN 253 247 244 242 239 237 234 236 234 232 231 229 226 223 219 215 220 221 218 221 221 219 216 215 215 218 214 213 216 220 216 216 214 208 192 186 193 197 197 184 189 185 175 180 178 179 189 185 188 198 191 193 205 204 209 212 215 219
1.#QNAN 1.#QNAN 1.#QNAN 1.#QNAN 1.#QNAN 1.#QNAN 1.#QNAN 1.#QNAN 1.#QNAN 1.#QNAN 1.#QNAN 1.#QNAN 1.#QNAN 1.#QNAN 1.#QNAN 1.#QNAN 1.#QNAN 1.#QNAN 1.#QNAN 1.#QNAN 1.#QNAN 1.#QNAN 1.#QNAN 1.#QNAN 1.#QNAN 1.#QNAN 250 251 247 244 241 238 236 235 235 234 232 230 228 226 222 218 222 224 224 223 221 218 214 218 218 219 217 213 214 216 221 219 214 201 195 191 198 200 203 195 195 199 192 193 191 183 192 199 192 196 202 200 206 211 212 217 220 221
1.#QNAN 1.#QNAN 1.#QNAN 1.#QNAN 1.#QNAN 1.#QNAN 1.#QNAN 1.#QNAN 1.#QNAN 1.#QNAN 1.#QNAN 1.#QNAN 1.#QNAN 1.#QNAN 1.#QNAN 1.#QNAN 1.#QNAN 1.#QNAN 1.#QNAN 1.#QNAN 1.#QNAN 1.#QNAN 1.#QNAN 1.#QNAN 1.#QNAN 1.#QNAN 1.#QNAN 253 250 247 245 241 236 235 236 235 233 232 231 227 223 219 221 226 226 225 221 220 220 222 221 221 219 213 214 216 220 221 211 204 202 203 203 206 205 200 205 206 204 200 190 187 191 204 204 200 206 211 210 215 217 219 221 223
1.#QNAN 1.#QNAN 1.#QNAN 1.#QNAN 1.#QNAN 1.#QNAN 1.#QNAN 1.#QNAN 1.#QNAN 1.#QNAN 1.#QNAN 1.#QNAN 1.#QNAN 1.#QNAN 1.#QNAN 1.#QNAN 1.#QNAN 1.#QNAN 1.#QNAN 1.#QNAN 1.#QNAN 1.#QNAN 1.#QNAN 1.#QNAN 1.#QNAN 1.#QNAN 1.#QNAN 255 253 250 248 243 238 236 238 236 235 234 231 228 223 219 222 227 227 227 225 224 224 224 221 220 219 216 213 215 218 223 220 214 212 206 211 211 213 208 208 212 209 201 194 191 195 205 211 207 211 215 214 217 220 221 221 223
1.#QNAN 1.#QNAN 1.#QNAN 1.#QNAN 1.#QNAN 1.#QNAN 1.#QNAN 1.#QNAN 1.#QNAN 1.#QNAN 1.#QNAN 1.#QNAN 1.#QNAN 1.#QNAN 1.#QNAN 1.#QNAN 1.#QNAN 1.#QNAN 1.#QNAN 1.#QNAN 1.#QNAN 1.#QNAN 1.#QNAN 1.#QNAN 1.#QNAN 1.#QNAN 1.#QNAN 255 254 253 251 247 242 240 238 238 237 235 231 226 220 222 225 228 228 228 227 226 226 224 220 218 218 215 212 213 217 223 224 219 213 213 211 215 218 214 213 215 208 207 204 196 200 203 214 212 213 218 220 221 221 224 223 224
1.#QNAN 1.#QNAN 1.#QNAN 1.#QNAN 1.#QNAN 1.#QNAN 1.#QNAN 1.#QNAN 1.#QNAN 1.#QNAN 1.#QNAN 1.#QNAN 1.#QNAN 1.#QNAN 1.#QNAN 1.#QNAN 1.#QNAN 1.#QNAN 1.#QNAN 1.#QNAN 1.#QNAN 1.#QNAN 1.#QNAN 1.#QNAN 1.#QNAN 1.#QNAN 1.#QNAN 254 254 253 252 250 246 242 241 240 237 233 226 220 221 225 227 229 229 228 227 227 225 224 221 218 215 215 209 209 212 217 225 225 222 222 216 218 221 219 214 217 209 213 208 202 207 207 214 219 216 217 223 224 222 223 226 224
1.#QNAN 1.#QNAN 1.#QNAN 1.#QNAN 1.#QNAN 1.#QNAN 1.#QNAN 1.#QNAN 1.#QNAN 1.#QNAN 1.#QNAN 1.#QNAN 1.#QNAN 1.#QNAN 1.#QNAN 1.#QNAN 1.#QNAN 1.#QNAN 1.#QNAN 1.#QNAN 1.#QNAN 1.#QNAN 1.#QNAN 1.#QNAN 1.#QNAN 1.#QNAN 254 255 254 253 252 248 246 244 242 240 236 230 219 218 223 226 228 228 228 225 222 224 224 222 219 216 211 212 207 208 211 213 219 228 227 226 221 222 224 223 221 222 217 218 211 210 212 216 218 222 219 218 219 224 226 222 226 227
1.#QNAN 1.#QNAN 1.#QNAN 1.#QNAN 1.#QNAN 1.#QNAN 1.#QNAN 1.#QNAN 1.#QNAN 1.#QNAN 1.#QNAN 1.#QNAN 1.#QNAN 1.#QNAN 1.#QNAN 1.#QNAN 1.#QNAN 1.#QNAN 1.#QNAN 1.#QNAN 1.#QNAN 1.#QNAN 1.#QNAN 1.#QNAN 1.#QNAN 1.#QNAN 253 255 255 254 250 249 245 244 241 238 234 226 220 222 222 226 229 228 227 223 219 225 227 224 219 215 213 214 212 214 211 216 222 225 230 229 225 223 226 228 222 226 223 223 221 216 221 222 222 225 220 223 222 220 225 226 227 227
1.#QNAN 1.#QNAN 1.#QNAN 1.#QNAN 1.#QNAN 1.#QNAN 1.#QNAN 1.#QNAN 1.#QNAN 1.#QNAN 1.#QNAN 1.#QNAN 1.#QNAN 1.#QNAN 1.#QNAN 1.#QNAN 1.#QNAN 1.#QNAN 1.#QNAN 1.#QNAN 1.#QNAN 1.#QNAN 1.#QNAN 1.#QNAN 1.#QNAN 249 252 250 252 251 251 248 246 243 237 233 234 225 223 224 227 229 229 229 227 223 219 224 228 227 225 221 219 219 219 221 219 218 224 229 232 229 227 228 227 230 230 229 228 228 227 225 223 223 226 226 225 227 229 228 230 229 229 230
1.#QNAN 1.#QNAN 1.#QNAN 1.#QNAN 1.#QNAN 1.#QNAN 1.#QNAN 1.#QNAN 1.#QNAN 1.#QNAN 1.#QNAN 1.#QNAN 1.#QNAN 1.#QNAN 1.#QNAN 1.#QNAN 1.#QNAN 1.#QNAN 1.#QNAN 1.#QNAN 1.#QNAN 1.#QNAN 1.#QNAN 1.#QNAN 1.#QNAN 245 250 245 245 242 243 243 247 243 238 234 234 228 224 219 225 229 229 229 229 226 223 224 228 228 226 222 224 223 222 220 226 225 226 231 234 232 228 228 232 233 232 230 229 230 229 229 228 228 230 230 231 231 231 232 233 233 233 233
1.#QNAN 1.#QNAN 1.#QNAN 1.#QNAN 1.#QNAN 1.#QNAN 1.#QNAN 1.#QNAN 1.#QNAN 1.#QNAN 1.#QNAN 1.#QNAN 1.#QNAN 1.#QNAN 1.#QNAN 1.#QNAN 1.#QNAN 1.#QNAN 1.#QNAN 1.#QNAN 1.#QNAN 1.#QNAN 1.#QNAN 1.#QNAN 248 243 245 242 236 232 233 234 242 243 241 238 238 233 224 221 223 224 230 229 229 230 227 227 229 231 226 223 226 227 225 223 228 228 229 232 235 233 230 226 230 233 234 234 234 234 231 232 233 232 232 231 232 233 233 233 234 234 233 231
1.#QNAN 1.#QNAN 1.#QNAN 1.#QNAN 1.#QNAN 1.#QNAN 1.#QNAN 1.#QNAN 1.#QNAN 1.#QNAN 1.#QNAN 1.#QNAN 1.#QNAN 1.#QNAN 1.#QNAN 1.#QNAN 1.#QNAN 1.#QNAN 1.#QNAN 1.#QNAN 1.#QNAN 1.#QNAN 1.#QNAN 1.#QNAN 238 239 239 237 234 230 231 236 241 246 244 241 239 231 225 222 221 224 228 232 232 232 231 231 231 232 229 225 226 229 229 228 230 231 232 229 232 236 234 230 231 234 235 236 236 236 235 235 235 234 233 233 233 234 234 233 234 234 234 232
1.#QNAN 1.#QNAN 1.#QNAN 1.#QNAN 1.#QNAN 1.#QNAN 1.#QNAN 1.#QNAN 1.#QNAN 1.#QNAN 1.#QNAN 1.#QNAN 1.#QNAN 1.#QNAN 1.#QNAN 1.#QNAN 1.#QNAN 1.#QNAN 1.#QNAN 1.#QNAN 1.#QNAN 1.#QNAN 1.#QNAN 1.#QNAN 234 233 234 233 235 234 235 236 241 244 244 242 237 230 227 224 225 225 226 227 231 234 234 233 233 231 229 225 228 229 231 230 228 232 234 229 227 231 236 237 237 236 236 236 237 237 236 236 236 236 235 234 235 235 235 234 234 236 235 234
1.#QNAN 1.#QNAN 1.#QNAN 1.#QNAN 1.#QNAN 1.#QNAN 1.#QNAN 1.#QNAN 1.#QNAN 1.#QNAN 1.#QNAN 1.#QNAN 1.#QNAN 1.#QNAN 1.#QNAN 1.#QNAN 1.#QNAN 1.#QNAN 1.#QNAN 1.#QNAN 1.#QNAN 1.#QNAN 1.#QNAN 1.#QNAN 1.#QNAN 231 233 235 236 236 238 240 241 243 241 237 234 236 233 227 222 219 217 221 225 230 234 235 234 233 233 231 231 228 231 233 234 233 234 235 235 237 238 238 239 238 237 237 238 238 237 237 237 236 236 236 236 237 236 235 235 236 236 236
1.#QNAN 1.#QNAN 1.#QNAN 1.#QNAN 1.#QNAN 1.#QNAN 1.#QNAN 1.#QNAN 1.#QNAN 1.#QNAN 1.#QNAN 1.#QNAN 1.#QNAN 1.#QNAN 1.#QNAN 1.#QNAN 1.#QNAN 1.#QNAN 1.#QNAN 1.#QNAN 1.#QNAN 1.#QNAN 1.#QNAN 1.#QNAN 1.#QNAN 1.#QNAN 1.#QNAN 1.#QNAN 236 238 240 241 242 240 239 233 229 229 229 229 223 215 212 219 225 229 232 234 236 236 235 235 232 232 234 234 236 236 235 238 239 239 239 239 239 239 238 239 239 239 238 238 239 238 237 237 237 237 236 236 236 237 237 236
1.#QNAN 1.#QNAN 1.#QNAN 1.#QNAN 1.#QNAN 1.#QNAN 1.#QNAN 1.#QNAN 1.#QNAN 1.#QNAN 1.#QNAN 1.#QNAN 1.#QNAN 1.#QNAN 1.#QNAN 1.#QNAN 1.#QNAN 1.#QNAN 1.#QNAN 1.#QNAN 1.#QNAN 1.#QNAN 1.#QNAN 1.#QNAN 1.#QNAN 1.#QNAN 1.#QNAN 1.#QNAN 236 237 238 239 240 238 235 232 229 226 226 229 224 218 222 225 228 229 229 232 235 235 236 237 236 236 236 236 237 238 239 239 240 240 240 240 240 240 239 240 239 240 240 240 238 237 235 237 238 237 237 236 236 236 236 236
1.#QNAN 1.#QNAN 1.#QNAN 1.#QNAN 1.#QNAN 1.#QNAN 1.#QNAN 1.#QNAN 1.#QNAN 1.#QNAN 1.#QNAN 1.#QNAN 1.#QNAN 1.#QNAN 1.#QNAN 1.#QNAN 1.#QNAN 1.#QNAN 1.#QNAN 1.#QNAN 1.#QNAN 1.#QNAN 1.#QNAN 1.#QNAN 1.#QNAN 1.#QNAN 1.#QNAN 1.#QNAN 235 235 237 237 236 234 229 229 227 226 227 228 225 221 221 223 224 223 223 228 233 233 233 233 236 237 238 237 238 239 240 240 240 240 240 241 240 240 240 240 240 238 238 239 240 239 237 235 238 237 237 236 235 236 234 236
1.#QNAN 1.#QNAN 1.#QNAN 1.#QNAN 1.#QNAN 1.#QNAN 1.#QNAN 1.#QNAN 1.#QNAN 1.#QNAN 1.#QNAN 1.#QNAN 1.#QNAN 1.#QNAN 1.#QNAN 1.#QNAN 1.#QNAN 1.#QNAN 1.#QNAN 1.#QNAN 1.#QNAN 1.#QNAN 1.#QNAN 1.#QNAN 1.#QNAN 1.#QNAN 1.#QNAN 230 232 234 235 235 231 230 226 226 222 222 224 226 225 221 214 212 216 215 218 227 232 231 227 226 230 233 233 237 238 240 239 240 240 241 240 239 239 238 239 237 233 231 230 236 238 239 240 238 238 238 236 236 234 234 236 235
1.#QNAN 1.#QNAN 1.#QNAN 1.#QNAN 1.#QNAN 1.#QNAN 1.#QNAN 1.#QNAN 1.#QNAN 1.#QNAN 1.#QNAN 1.#QNAN 1.#QNAN 1.#QNAN 1.#QNAN 1.#QNAN 1.#QNAN 1.#QNAN 1.#QNAN 1.#QNAN 1.#QNAN 1.#QNAN 1.#QNAN 1.#QNAN 1.#QNAN 1.#QNAN 1.#QNAN 228 230 231 233 232 227 222 219 220 218 221 223 225 227 222 215 214 217 219 221 227 228 225 225 229 234 233 234 236 237 237 236 239 239 239 238 237 237 236 235 232 226 229 232 235 236 237 238 239 238 236 236 236 234 234 236 233
1.#QNAN 1.#QNAN 1.#QNAN 1.#QNAN 1.#QNAN 1.#QNAN 1.#QNAN 1.#QNAN 1.#QNAN 1.#QNAN 1.#QNAN 1.#QNAN 1.#QNAN 1.#QNAN 1.#QNAN 1.#QNAN 1.#QNAN 1.#QNAN 1.#QNAN 1.#QNAN 1.#QNAN 1.#QNAN 1.#QNAN 1.#QNAN 1.#QNAN 1.#QNAN 1.#QNAN 225 227 226 229 226 224 216 213 211 216 216 219 223 228 226 224 224 225 226 227 230 226 222 228 232 236 236 237 238 236 232 232 233 233 237 235 232 231 230 230 231 232 233 234 236 237 237 237 238 238 238 239 239 238 237 235 232
1.#QNAN 1.#QNAN 1.#QNAN 1.#QNAN 1.#QNAN 1.#QNAN 1.#QNAN 1.#QNAN 1.#QNAN 1.#QNAN 1.#QNAN 1.#QNAN 1.#QNAN 1.#QNAN 1.#QNAN 1.#QNAN 1.#QNAN 1.#QNAN 1.#QNAN 1.#QNAN 1.#QNAN 1.#QNAN 1.#QNAN 1.#QNAN 1.#QNAN 1.#QNAN 219 222 225 223 226 223 219 218 213 212 217 223 224 227 229 230 230 229 230 227 229 232 229 228 232 234 237 237 238 237 237 237 236 234 233 234 232 226 224 226 229 231 233 234 235 234 232 232 234 233 234 233 234 235 233 237 233 231
1.#QNAN 1.#QNAN 1.#QNAN 1.#QNAN 1.#QNAN 1.#QNAN 1.#QNAN 1.#QNAN 1.#QNAN 1.#QNAN 1.#QNAN 1.#QNAN 1.#QNAN 1.#QNAN 1.#QNAN 1.#QNAN 1.#QNAN 1.#QNAN 1.#QNAN 1.#QNAN 1.#QNAN 1.#QNAN 1.#QNAN 1.#QNAN 1.#QNAN 1.#QNAN 217 220 222 223 221 222 220 218 217 219 223 226 229 230 232 232 232 232 232 231 231 233 233 231 233 236 237 235 236 236 237 235 236 237 235 233 230 223 216 225 230 232 233 233 231 227 225 226 226 224 226 226 229 233 236 237 233 230
1.#QNAN 1.#QNAN 1.#QNAN 1.#QNAN 1.#QNAN 1.#QNAN 1.#QNAN 1.#QNAN 1.#QNAN 1.#QNAN 1.#QNAN 1.#QNAN 1.#QNAN 1.#QNAN 1.#QNAN 1.#QNAN 1.#QNAN 1.#QNAN 1.#QNAN 1.#QNAN 1.#QNAN 1.#QNAN 1.#QNAN 1.#QNAN 1.#QNAN 1.#QNAN 213 215 217 217 216 217 215 211 215 219 221 225 227 230 233 233 233 234 234 234 235 234 234 235 237 237 235 233 233 234 236 234 235 235 234 231 229 224 215 224 228 230 231 230 227 227 228 228 226 222 224 227 231 233 235 238 234 233
1.#QNAN 1.#QNAN 1.#QNAN 1.#QNAN 1.#QNAN 1.#QNAN 1.#QNAN 1.#QNAN 1.#QNAN 1.#QNAN 1.#QNAN 1.#QNAN 1.#QNAN 1.#QNAN 1.#QNAN 1.#QNAN 1.#QNAN 1.#QNAN 1.#QNAN 1.#QNAN 1.#QNAN 1.#QNAN 1.#QNAN 1.#QNAN 1.#QNAN 1.#QNAN 1.#QNAN 210 214 219 220 220 214 212 220 218 217 225 229 232 234 234 234 235 235 235 236 236 236 237 235 234 232 232 234 235 234 233 234 234 234 232 230 226 224 227 228 227 228 226 225 224 225 227 229 226 227 230 229 231 235 238 236 237
1.#QNAN 1.#QNAN 1.#QNAN 1.#QNAN 1.#QNAN 1.#QNAN 1.#QNAN 1.#QNAN 1.#QNAN 1.#QNAN 1.#QNAN 1.#QNAN 1.#QNAN 1.#QNAN 1.#QNAN 1.#QNAN 1.#QNAN 1.#QNAN 1.#QNAN 1.#QNAN 1.#QNAN 1.#QNAN 1.#QNAN 1.#QNAN 1.#QNAN 1.#QNAN 1.#QNAN 1.#QNAN 1.#QNAN 220 223 218 213 220 222 219 224 227 228 232 235 235 235 236 236 236 236 236 237 237 235 236 234 232 234 234 233 230 233 231 231 229 228 228 229 229 229 227 224 222 223 224 225 228 230 229 227 231 232 232 234 237 238 239
1.#QNAN 1.#QNAN 1.#QNAN 1.#QNAN 1.#QNAN 1.#QNAN 1.#QNAN 1.#QNAN 1.#QNAN 1.#QNAN 1.#QNAN 1.#QNAN 1.#QNAN 1.#QNAN 1.#QNAN 1.#QNAN 1.#QNAN 1.#QNAN 1.#QNAN 1.#QNAN 1.#QNAN 1.#QNAN 1.#QNAN 1.#QNAN 1.#QNAN 1.#QNAN 1.#QNAN 1.#QNAN 1.#QNAN 221 222 221 219 222 225 225 229 231 231 234 235 236 236 236 237 237 237 237 236 236 236 235 235 232 232 233 232 232 232 231 230 228 228 227 229 229 229 225 223 222 222 222 223 224 227 230 228 231 234 234 234 235 237 239
1.#QNAN 1.#QNAN 1.#QNAN 1.#QNAN 1.#QNAN 1.#QNAN 1.#QNAN 1.#QNAN 1.#QNAN 1.#QNAN 1.#QNAN 1.#QNAN 1.#QNAN 1.#QNAN 1.#QNAN 1.#QNAN 1.#QNAN 1.#QNAN 1.#QNAN 1.#QNAN 1.#QNAN 1.#QNAN 1.#QNAN 1.#QNAN 1.#QNAN 1.#QNAN 1.#QNAN 1.#QNAN 1.#QNAN 216 220 224 225 225 228 230 232 233 234 235 236 236 236 236 237 237 237 237 236 236 235 233 233 233 232 232 231 231 231 230 230 226 228 229 229 229 227 227 224 225 220 219 219 222 228 231 230 232 232 231 232 235 235 237
1.#QNAN 1.#QNAN 1.#QNAN 1.#QNAN 1.#QNAN 1.#QNAN 1.#QNAN 1.#QNAN 1.#QNAN 1.#QNAN 1.#QNAN 1.#QNAN 1.#QNAN 1.#QNAN 1.#QNAN 1.#QNAN 1.#QNAN 1.#QNAN 1.#QNAN 1.#QNAN 1.#QNAN 1.#QNAN 1.#QNAN 1.#QNAN 1.#QNAN 1.#QNAN 1.#QNAN 1.#QNAN 1.#QNAN 215 219 225 227 228 229 231 232 229 233 235 236 235 236 237 237 237 236 235 235 235 235 233 232 230 232 230 228 227 230 230 231 229 225 227 230 229 231 229 227 224 221 218 218 225 228 228 229 229 228 230 233 233 234 236
1.#QNAN 1.#QNAN 1.#QNAN 1.#QNAN 1.#QNAN 1.#QNAN 1.#QNAN 1.#QNAN 1.#QNAN 1.#QNAN 1.#QNAN 1.#QNAN 1.#QNAN 1.#QNAN 1.#QNAN 1.#QNAN 1.#QNAN 1.#QNAN 1.#QNAN 1.#QNAN 1.#QNAN 1.#QNAN 1.#QNAN 1.#QNAN 1.#QNAN 1.#QNAN 1.#QNAN 1.#QNAN 1.#QNAN 212 217 222 227 225 228 230 230 230 234 235 235 233 236 237 237 236 236 235 235 234 234 233 232 229 228 227 223 221 225 229 231 231 230 229 227 230 231 232 230 229 226 223 220 221 224 226 227 228 229 231 231 231 234 235
1.#QNAN 1.#QNAN 1.#QNAN 1.#QNAN 1.#QNAN 1.#QNAN 1.#QNAN 1.#QNAN 1.#QNAN 1.#QNAN 1.#QNAN 1.#QNAN 1.#QNAN 1.#QNAN 1.#QNAN 1.#QNAN 1.#QNAN 1.#QNAN 1.#QNAN 1.#QNAN 1.#QNAN 1.#QNAN 1.#QNAN 1.#QNAN 1.#QNAN 1.#QNAN 1.#QNAN 1.#QNAN 1.#QNAN 1.#QNAN 219 223 225 224 225 228 230 232 233 234 233 236 236 236 235 235 233 235 234 234 233 232 231 228 221 218 224 227 229 229 229 229 230 230 229 228 229 232 233 230 230 228 225 222 226 226 227 228 230 229 230 230 231 232
1.#QNAN 1.#QNAN 1.#QNAN 1.#QNAN 1.#QNAN 1.#QNAN 1.#QNAN 1.#QNAN 1.#QNAN 1.#QNAN 1.#QNAN 1.#QNAN 1.#QNAN 1.#QNAN 1.#QNAN 1.#QNAN 1.#QNAN 1.#QNAN 1.#QNAN 1.#QNAN 1.#QNAN 1.#QNAN 1.#QNAN 1.#QNAN 1.#QNAN 1.#QNAN 1.#QNAN 1.#QNAN 1.#QNAN 1.#QNAN 216 220 222 222 220 224 230 228 227 232 234 236 235 232 232 234 233 233 234 233 231 231 231 228 226 223 227 230 230 228 229 228 229 231 231 230 232 232 234 232 231 231 230 228 227 227 227 227 229 231 232 234 234 236
1.#QNAN 1.#QNAN 1.#QNAN 1.#QNAN 1.#QNAN 1.#QNAN 1.#QNAN 1.#QNAN 1.#QNAN 1.#QNAN 1.#QNAN 1.#QNAN 1.#QNAN 1.#QNAN 1.#QNAN 1.#QNAN 1.#QNAN 1.#QNAN 1.#QNAN 1.#QNAN 1.#QNAN 1.#QNAN 1.#QNAN 1.#QNAN 1.#QNAN 1.#QNAN 1.#QNAN 1.#QNAN 1.#QNAN 1.#QNAN 217 219 224 226 225 224 228 224 222 230 236 232 228 226 230 232 231 233 233 232 230 226 228 228 229 229 230 231 232 229 227 229 230 232 233 234 234 233 235 233 233 233 233 232 230 231 231 230 232 233 234 235 235 237
1.#QNAN 1.#QNAN 1.#QNAN 1.#QNAN 1.#QNAN 1.#QNAN 1.#QNAN 1.#QNAN 1.#QNAN 1.#QNAN 1.#QNAN 1.#QNAN 1.#QNAN 1.#QNAN 1.#QNAN 1.#QNAN 1.#QNAN 1.#QNAN 1.#QNAN 1.#QNAN 1.#QNAN 1.#QNAN 1.#QNAN 1.#QNAN 1.#QNAN 1.#QNAN 1.#QNAN 1.#QNAN 1.#QNAN 1.#QNAN 219 221 225 228 227 226 231 225 224 231 235 228 222 225 228 231 230 231 232 232 230 225 223 225 228 230 231 231 232 232 231 229 231 231 231 233 234 235 235 235 235 234 234 233 231 232 233 233 232 234 235 238 238 235
