08 Ecocrop/raster/current/tmean_12.asc
ncols        683
nrows        518
xllcorner    -87.691666666667
yllcorner    10.708333333333
cellsize     0.008333333333
NODATA_value  1.#QNAN
[rows 111 to 147 of 518, columns 336 to 419 of 683]
209 206 210 219 225 231 232 234 235 236 236 237 236 237 234 226 232 236 238 239 239 240 241 241 241 242 242 241 240 241 242 241 238 238 240 239 240 241 239 228 225 227 227 217 208 215 224 231 236 235 233 237 241 241 241 241 241 240 236 239 240 240 240 240 239 237 236 234 236 238 240 240 240 238 239 239 239 240 240 240 240 240 240 240
212 205 218 219 225 231 233 234 235 236 237 237 236 235 234 227 228 234 238 239 239 240 240 240 241 241 241 241 241 242 242 241 238 239 236 236 236 239 241 236 232 232 222 215 210 210 215 225 236 238 236 240 241 241 241 241 241 240 239 240 240 239 240 239 238 237 234 234 233 236 240 238 238 237 237 240 240 239 240 240 241 240 240 240
212 203 212 225 228 231 234 235 236 236 236 234 233 229 233 227 221 228 236 239 239 239 240 240 241 240 240 240 241 242 242 241 238 237 232 234 235 239 240 236 237 231 220 216 213 211 221 231 235 235 239 240 241 241 241 241 241 240 240 239 239 239 239 239 237 238 237 239 239 238 238 237 238 239 237 239 240 241 241 241 241 240 240 240
215 207 206 220 229 232 233 235 235 235 233 227 222 226 233 230 225 227 234 238 238 239 240 241 240 239 237 239 241 242 242 242 240 237 233 233 236 237 240 239 236 235 228 220 215 221 229 237 238 236 238 241 241 241 242 241 241 241 240 239 240 238 238 237 237 238 238 237 240 239 238 239 238 240 240 238 240 241 241 241 240 240 240 240
218 210 207 218 226 230 234 234 234 234 229 219 213 219 229 225 216 221 230 236 237 238 239 240 234 233 228 235 239 238 241 241 240 240 239 237 235 235 239 234 235 231 222 226 221 226 236 239 239 240 239 241 241 242 241 241 241 240 240 240 240 239 238 238 237 238 240 238 239 240 240 240 240 241 241 240 240 240 240 241 240 240 240 240
222 215 215 221 223 228 233 232 231 231 222 208 208 216 227 222 210 215 227 231 237 237 238 237 233 224 225 228 231 235 238 240 240 240 239 237 232 235 238 236 230 233 233 227 225 233 238 240 240 241 240 240 241 241 241 241 240 241 241 240 240 240 240 238 239 241 241 241 241 241 241 241 241 241 241 241 240 241 241 241 241 241 240 240
226 220 220 220 223 228 232 232 227 226 220 210 206 215 223 218 209 217 226 231 235 237 231 231 229 225 228 230 236 238 239 240 240 240 239 233 228 232 238 238 230 227 237 235 230 235 240 242 241 242 241 241 241 241 241 241 241 240 240 240 241 241 240 240 241 241 241 242 242 242 242 242 241 241 241 241 241 241 241 241 241 241 240 240
227 224 223 218 217 224 232 227 217 213 216 210 209 215 219 220 217 215 220 226 233 237 232 228 230 231 230 235 237 238 239 240 240 240 235 233 229 228 239 240 238 232 236 240 240 241 242 242 241 242 242 242 241 240 239 240 240 240 240 239 240 238 237 238 240 239 241 241 241 241 242 242 242 241 242 241 241 240 240 241 241 241 241 240
228 225 220 213 219 226 230 224 214 209 216 210 211 215 220 222 223 226 225 231 235 234 233 233 235 236 235 237 238 239 240 239 240 239 238 239 238 239 241 241 240 241 242 242 242 242 241 241 242 243 243 242 241 240 238 235 233 234 234 235 235 238 239 240 241 240 241 241 241 242 242 242 242 242 242 242 242 241 240 240 241 241 241 241
230 225 217 212 221 228 230 222 213 214 217 215 216 219 220 227 224 226 232 232 230 230 228 231 236 238 239 239 239 239 238 238 239 238 238 240 240 240 239 240 240 238 240 243 242 242 242 241 241 242 243 239 237 238 235 234 234 228 225 226 228 235 240 239 239 241 241 241 241 242 242 242 242 242 242 242 242 241 241 241 241 242 241 241
231 224 217 220 223 223 226 224 214 215 220 220 217 220 224 226 219 220 225 224 228 226 224 230 234 238 238 236 236 237 233 227 236 239 236 238 237 235 232 235 237 238 241 243 243 243 243 242 241 243 242 237 232 232 229 234 241 238 234 232 230 232 237 239 240 239 239 240 241 241 242 243 242 242 242 242 242 242 241 241 241 242 241 241
232 225 218 221 224 222 224 225 216 213 220 222 222 223 223 223 222 218 219 225 227 222 224 231 236 238 235 231 231 233 229 231 232 231 233 236 234 236 234 234 236 239 241 242 243 243 243 243 243 243 240 239 238 236 235 240 240 242 242 240 239 237 233 234 236 239 239 237 239 240 242 242 243 243 243 242 242 242 242 242 242 242 242 241
232 227 226 225 225 227 222 226 219 218 220 222 223 222 218 219 221 211 215 223 226 227 227 232 236 235 230 229 232 230 231 227 227 226 229 233 228 234 234 238 239 237 237 241 242 242 243 244 244 243 238 239 241 240 241 242 240 242 242 243 242 237 235 234 235 240 241 239 242 241 242 242 243 243 243 241 241 242 242 241 242 242 242 242
233 228 230 231 230 229 224 229 226 222 221 222 222 218 215 222 223 221 219 222 225 228 228 233 235 230 230 231 232 231 229 223 219 218 224 233 232 235 229 232 230 232 235 238 241 239 240 242 244 243 237 239 241 241 242 241 241 243 243 243 243 241 240 236 236 240 242 242 243 243 243 243 243 244 243 241 241 242 241 241 242 242 242 242
229 231 226 232 227 225 225 230 230 223 222 227 222 218 215 219 226 227 227 227 229 232 233 230 228 226 229 231 230 228 223 219 216 220 228 231 227 230 228 224 221 226 233 240 238 234 240 243 244 242 240 240 242 241 242 240 241 243 242 237 238 242 243 241 241 241 240 240 241 243 243 242 243 243 243 241 241 241 242 242 241 243 242 242
225 233 228 232 227 227 229 229 232 228 226 230 228 225 222 223 227 228 230 231 232 231 231 230 229 226 227 230 229 227 219 215 214 224 228 231 228 224 224 221 218 223 237 238 235 234 237 241 244 241 241 241 241 243 242 240 241 242 238 234 238 240 242 242 244 243 243 243 242 242 243 242 243 244 243 243 242 242 243 243 243 243 243 242
225 232 233 231 232 232 230 232 232 232 228 231 233 232 229 228 229 229 229 230 227 226 228 227 227 224 226 230 230 229 225 218 213 218 225 230 227 227 226 222 220 228 236 235 235 233 234 243 243 242 244 243 243 244 240 241 241 239 238 240 241 242 244 243 244 244 244 244 244 244 243 244 243 244 243 244 243 243 243 243 243 243 242 242
230 231 234 232 231 235 233 234 232 234 233 235 233 230 229 230 230 231 231 229 228 229 230 230 230 229 229 230 231 231 231 226 226 225 230 229 233 233 233 231 227 229 229 232 235 236 239 244 243 242 245 244 244 244 242 243 241 241 239 242 243 242 242 243 244 244 244 244 244 244 244 243 243 243 243 243 243 243 243 243 243 243 242 242
232 231 235 234 233 236 233 236 233 235 236 234 229 228 229 230 229 230 229 228 228 226 229 227 228 230 231 231 231 231 233 232 231 234 233 230 237 239 238 235 236 232 228 230 235 237 242 245 244 243 245 245 245 244 244 244 244 243 242 241 244 244 244 244 245 244 244 244 244 244 244 243 243 243 243 243 243 243 243 243 243 243 242 242
232 232 236 237 235 235 234 237 236 237 232 228 228 227 228 227 229 229 228 227 225 225 225 225 227 226 230 232 232 233 234 234 233 235 238 239 241 241 240 241 238 231 226 227 235 241 243 244 245 244 244 245 245 245 245 244 244 244 244 242 244 245 245 245 245 245 244 244 244 244 244 244 244 243 243 243 243 243 243 243 243 243 242 242
230 234 236 237 236 236 238 236 230 235 233 229 228 226 228 228 227 227 224 224 226 225 223 221 220 223 227 227 230 230 232 234 237 236 235 237 232 239 242 241 239 231 227 233 237 241 243 244 245 245 245 245 246 246 244 242 243 245 245 243 245 245 245 245 245 245 245 244 244 244 244 244 244 244 244 243 243 243 243 243 243 243 243 242
223 229 233 238 238 238 238 234 231 233 230 231 230 229 228 228 226 224 224 225 225 226 226 226 225 223 221 219 222 227 229 232 233 235 238 237 232 236 240 239 237 235 231 231 238 241 244 244 244 245 245 246 246 246 246 244 243 244 245 245 245 245 245 245 245 245 244 244 244 243 244 244 244 244 243 243 243 243 243 243 243 243 243 242
221 231 226 237 239 239 237 236 233 231 228 233 231 226 228 226 225 225 225 225 225 227 227 227 227 226 225 223 220 225 224 226 232 235 234 235 234 233 239 242 241 238 236 235 238 241 244 245 245 245 245 246 245 246 245 245 245 245 245 245 245 245 245 244 245 245 245 244 244 243 244 244 244 244 243 243 243 243 243 243 243 243 243 242
231 236 229 231 240 239 235 235 235 231 232 234 232 232 232 228 226 228 226 226 224 226 227 227 227 227 226 222 217 216 215 223 232 230 231 232 230 231 237 242 241 235 233 234 239 243 244 245 246 246 245 245 245 245 245 245 245 245 245 245 245 245 245 243 243 245 244 244 244 244 244 244 244 243 243 243 243 243 243 243 243 243 242 242
235 238 234 235 240 239 237 238 237 231 231 236 236 235 232 231 230 230 228 226 226 226 227 226 225 225 227 226 223 214 213 222 229 227 221 225 227 225 228 238 243 241 239 237 238 242 244 246 245 245 244 244 244 244 245 245 245 245 245 245 245 245 245 245 245 245 244 244 244 244 244 244 244 243 243 243 243 243 243 243 243 243 242 242
237 239 238 237 240 240 238 237 237 234 235 235 238 235 235 235 235 232 228 228 227 227 225 226 225 224 223 225 227 220 221 219 223 221 219 218 223 232 233 234 241 243 243 242 236 238 244 245 244 244 244 245 244 244 245 245 245 245 245 245 245 245 245 245 245 245 244 244 244 244 244 244 244 244 244 244 244 243 243 243 243 243 242 242
237 240 240 240 240 239 238 234 237 238 239 238 239 237 239 239 237 232 229 229 229 229 227 227 225 223 221 224 228 226 218 216 215 215 211 218 224 235 240 241 240 240 240 242 243 243 244 245 244 244 244 245 245 245 245 245 245 245 245 245 245 245 245 245 245 245 245 244 244 244 244 244 244 244 244 244 244 243 243 243 243 243 243 242
240 237 241 241 240 238 235 232 235 238 240 240 240 239 240 239 237 235 233 231 230 228 227 227 226 221 223 226 225 228 221 214 220 220 214 222 227 235 238 238 235 233 232 238 241 242 241 243 244 244 244 245 245 245 245 245 245 246 246 245 245 245 245 245 245 245 245 245 245 245 244 244 244 244 244 244 244 243 243 243 243 243 243 242
241 240 240 241 238 238 235 235 238 239 241 241 239 240 239 236 233 229 228 228 229 229 227 226 225 220 221 224 227 229 229 227 228 227 224 229 225 234 237 236 231 226 221 227 235 240 238 242 244 244 245 245 246 245 245 245 246 246 246 246 245 245 245 245 244 245 245 245 245 245 245 245 245 244 244 244 244 244 244 243 243 243 242 242
240 242 242 241 239 239 239 237 240 239 240 241 240 238 234 230 228 227 226 226 227 226 227 226 219 214 214 222 227 228 229 230 230 231 231 229 227 229 237 234 228 221 214 216 230 236 237 242 244 245 245 246 245 245 245 245 246 246 246 245 244 243 244 244 244 244 245 245 245 245 245 245 245 245 245 244 244 244 244 243 243 243 242 242
236 240 242 242 241 240 239 240 241 240 240 241 241 238 233 233 228 226 224 223 221 224 228 226 217 206 209 220 222 224 228 229 230 229 227 226 225 231 235 231 226 226 217 215 224 233 234 242 244 245 245 246 245 245 245 245 245 246 245 244 243 243 244 244 244 244 245 245 245 245 244 245 245 245 245 244 244 244 244 244 243 243 243 243
239 240 242 243 242 240 240 240 241 242 242 242 240 237 235 230 227 225 220 220 219 227 228 228 224 218 217 224 225 225 229 229 228 224 222 220 225 230 234 231 227 230 224 217 219 230 231 241 244 245 245 245 245 246 246 246 246 246 245 245 244 243 244 244 244 245 245 245 245 244 244 244 244 244 245 245 244 244 244 244 244 243 243 243
242 241 242 243 242 242 241 242 241 242 243 241 236 234 228 228 232 226 217 219 223 228 229 229 228 227 228 229 230 230 231 229 228 223 220 220 226 231 232 226 228 234 227 217 224 233 233 241 244 245 245 245 245 245 246 246 246 246 246 245 244 243 244 245 245 245 244 244 245 245 244 245 244 244 244 245 244 244 244 244 244 244 243 243
243 242 242 242 243 242 242 242 243 243 242 239 231 229 230 230 235 225 215 221 227 229 229 229 230 230 230 230 230 229 227 226 228 228 226 222 224 224 227 229 233 236 231 227 234 239 240 243 244 245 245 245 245 245 245 246 246 246 245 245 245 245 245 244 245 245 245 245 245 245 245 244 244 244 244 245 244 244 244 244 244 244 243 243
243 242 241 242 242 243 243 243 243 243 241 237 235 233 234 236 235 228 226 226 228 228 225 228 229 229 229 229 228 225 225 225 225 224 220 224 229 228 235 238 240 241 240 239 241 243 244 245 245 244 245 245 245 245 245 245 246 246 245 246 245 245 245 245 245 245 245 245 245 245 245 244 244 244 244 245 244 244 244 244 244 244 244 244
244 243 242 241 235 241 243 244 244 243 241 234 235 236 238 238 235 229 225 224 220 217 215 225 228 229 228 227 228 228 227 226 225 226 229 230 234 236 238 240 240 241 241 242 243 244 244 244 242 241 244 245 245 245 245 245 245 245 245 243 244 244 245 245 245 245 245 245 245 245 245 245 244 245 245 245 244 244 244 244 244 244 244 244
244 242 240 240 236 239 244 244 243 242 240 238 234 238 240 236 231 222 217 216 212 213 219 226 228 229 228 225 227 225 224 222 222 228 232 234 235 236 235 235 231 234 235 236 241 241 240 239 235 236 240 242 244 245 245 246 245 245 245 241 243 244 244 245 245 245 245 245 245 245 245 245 245 245 245 245 244 244 244 244 244 244 244 244
