08 Ecocrop/raster/current/tmean_8.asc
ncols        683
nrows        518
xllcorner    -87.691666666667
yllcorner    10.708333333333
cellsize     0.008333333333
NODATA_value  1.#QNAN
[rows 74 to 110 of 518, columns 336 to 419 of 683]
244 248 250 245 244 244 240 245 245 247 246 246 246 244 242 247 247 244 242 243 246 249 252 252 252 254 252 255 256 256 257 256 257 257 257 257 257 257 257 256 256 256 256 255 255 253 252 253 253 254 254 254 254 254 253 253 253 253 253 253 253 253 252 250 251 249 251 252 252 251 251 252 253 253 252 251 251 251 251 251 251 251 252 252
246 249 250 246 244 242 238 244 247 247 248 248 248 243 241 245 244 238 239 242 245 251 250 252 254 255 254 255 256 257 257 257 257 257 257 257 257 256 256 256 256 255 255 255 253 252 251 251 253 252 252 252 253 254 254 253 252 252 253 253 253 252 249 246 249 251 251 252 252 252 252 252 253 252 252 250 250 250 251 250 250 252 252 251
251 251 250 247 246 244 244 247 246 246 247 247 249 245 241 245 244 238 240 240 243 250 253 253 253 255 255 256 256 256 257 257 257 257 257 258 257 256 256 256 256 255 254 254 253 251 250 251 252 251 250 251 253 254 253 252 252 252 253 253 253 253 250 249 251 252 252 252 252 252 253 253 253 253 251 251 248 246 249 249 250 251 250 252
252 252 250 249 248 247 245 245 244 244 243 246 249 248 244 244 247 244 245 248 248 250 253 252 248 254 256 255 256 257 257 257 258 257 258 258 257 257 256 256 256 250 245 252 251 251 251 245 247 249 249 249 250 253 253 252 252 252 252 253 253 253 252 251 251 251 251 252 252 253 253 252 251 252 251 250 249 248 249 250 251 252 251 252
252 251 246 245 243 242 244 246 243 243 238 245 248 249 248 244 247 243 244 247 249 251 253 248 246 253 256 256 256 257 257 257 257 257 258 257 257 256 256 255 256 250 245 249 251 250 246 245 242 244 247 251 251 251 252 253 253 252 252 253 254 253 253 252 251 251 251 252 253 253 253 253 252 251 250 248 247 248 250 251 252 252 252 252
250 250 246 240 239 238 240 246 245 246 241 243 249 249 250 246 246 245 240 243 247 250 252 247 246 250 255 256 254 257 257 257 257 257 258 257 256 256 256 256 255 254 251 252 253 250 245 240 239 240 243 249 251 251 252 253 253 252 251 253 254 254 253 252 250 249 249 251 252 252 253 253 252 251 249 250 250 251 250 251 252 252 252 252
250 249 245 243 239 237 238 243 247 247 246 242 246 249 251 249 245 247 239 237 244 247 248 248 242 246 254 255 254 256 257 257 257 257 257 257 256 255 255 255 250 252 254 251 253 252 248 242 241 237 241 246 248 251 252 253 253 252 251 253 254 254 253 253 253 252 252 253 252 252 253 253 251 249 248 250 251 251 252 252 252 252 252 252
251 249 246 242 241 239 240 241 247 248 247 243 246 250 251 250 246 248 244 240 245 244 244 248 244 242 252 256 256 256 257 257 257 257 257 257 256 256 255 252 246 251 255 251 252 249 249 244 242 241 243 247 249 251 252 252 254 253 252 253 254 254 254 253 253 253 254 253 253 253 253 252 252 251 251 251 252 252 252 252 252 252 252 252
248 246 240 241 240 242 245 247 247 249 248 246 248 250 249 252 247 248 248 243 247 244 245 248 247 243 252 256 257 257 257 257 257 257 257 256 256 256 255 248 248 253 254 249 248 247 247 246 246 243 243 246 249 252 253 253 254 253 253 253 253 254 253 253 254 253 253 253 253 253 253 253 252 251 251 251 251 252 252 252 251 252 251 252
246 241 241 242 242 245 245 242 248 250 250 249 250 250 250 251 250 247 250 245 248 246 246 249 249 246 253 256 257 257 257 257 257 257 258 257 256 255 254 246 249 249 251 252 249 250 249 247 247 245 245 248 250 251 253 253 254 253 253 254 254 254 253 253 253 253 253 253 253 252 252 252 251 251 251 251 252 252 252 252 252 252 251 251
243 243 241 240 241 238 237 238 246 249 250 250 251 249 250 248 251 249 250 250 249 248 247 248 250 249 248 256 257 257 257 257 257 257 258 256 255 251 250 250 245 245 245 250 252 250 249 249 249 248 249 249 249 251 253 254 254 254 254 254 254 254 253 253 251 253 252 253 252 252 252 252 252 251 249 252 252 252 252 252 252 252 252 252
242 245 241 239 240 238 235 238 247 249 249 250 250 248 249 248 251 251 249 250 250 247 248 249 250 250 248 254 256 256 257 257 257 257 257 255 251 245 248 250 241 240 242 246 250 251 248 247 249 249 249 249 249 251 253 253 254 254 254 254 254 254 253 253 252 252 252 252 252 252 252 252 251 252 252 252 253 253 253 253 253 252 251 251
246 246 242 241 242 240 244 244 248 249 250 250 246 246 249 250 251 251 250 252 250 244 249 251 251 251 246 251 255 255 256 257 257 258 256 251 248 249 249 249 243 244 248 251 252 252 248 246 249 248 246 245 248 249 252 254 253 254 254 254 253 253 253 252 251 251 251 251 251 252 252 252 251 251 252 252 252 253 253 253 252 252 251 251
247 244 242 242 242 244 247 248 248 249 248 249 248 248 250 250 251 246 251 253 249 246 251 251 246 251 247 250 254 254 257 257 257 258 256 255 255 254 254 253 247 247 250 250 251 252 251 251 251 249 245 248 250 251 253 253 253 254 254 253 250 253 253 252 251 250 251 251 251 251 252 251 249 250 252 252 253 253 253 253 253 252 252 251
244 242 241 241 239 236 239 246 249 250 246 249 249 246 246 248 250 247 248 252 248 251 251 249 242 250 246 251 255 254 255 257 258 257 257 257 257 255 253 252 250 247 250 249 248 251 251 251 252 253 252 253 251 253 253 254 254 254 254 254 253 253 252 251 251 251 252 250 244 245 249 252 250 251 252 252 253 253 253 253 253 253 253 253
240 240 241 241 238 236 237 244 249 248 246 250 249 247 243 247 249 249 250 253 251 251 248 247 240 248 245 246 254 255 256 257 257 257 257 256 256 255 253 253 250 246 248 248 247 251 251 251 250 252 253 253 253 251 252 254 253 254 254 254 253 253 252 251 252 252 251 245 236 242 250 252 251 253 253 253 253 253 253 253 253 253 254 252
240 239 240 242 240 243 245 247 249 246 241 246 251 248 246 251 250 249 248 253 253 249 245 244 239 242 247 247 254 256 256 257 258 257 257 255 256 255 254 254 252 245 244 246 249 251 253 251 248 249 254 253 253 252 252 253 253 254 254 254 253 253 253 252 252 251 247 241 240 248 251 252 252 253 254 254 254 254 254 253 253 253 253 252
246 242 243 243 240 243 247 247 249 243 242 246 252 250 245 252 252 250 246 253 249 243 241 240 234 244 251 248 255 256 256 257 258 257 257 256 256 255 255 254 254 247 246 246 250 253 253 248 247 246 253 254 254 253 253 252 252 254 254 254 253 253 252 251 251 250 248 246 247 250 250 251 253 254 254 254 254 254 254 254 253 253 254 253
246 244 243 242 245 246 245 246 247 242 241 246 253 251 250 253 251 252 250 252 249 242 238 236 233 243 253 252 257 257 257 257 257 258 258 257 257 256 256 253 253 253 252 252 253 253 254 251 253 252 254 254 253 254 254 252 253 254 254 254 253 253 252 251 248 244 238 236 238 245 251 252 253 254 254 253 253 254 254 254 254 254 254 254
244 245 241 239 240 243 245 247 246 243 247 251 253 253 254 254 253 254 254 254 251 242 237 241 239 245 253 255 257 257 257 258 258 258 257 257 257 256 255 254 253 254 254 254 254 254 254 253 254 254 254 254 254 254 255 254 254 254 254 253 252 251 250 246 244 236 228 229 238 246 251 252 253 253 252 252 253 254 254 254 254 254 254 254
241 243 240 239 243 245 246 245 243 244 244 250 252 253 253 253 255 256 254 254 247 239 237 246 243 244 253 257 257 257 258 258 258 258 257 257 256 255 255 256 255 254 254 254 254 254 254 255 254 254 253 253 254 254 254 255 254 254 254 253 248 239 240 232 233 234 232 235 238 243 246 250 252 253 252 252 253 254 254 254 254 254 254 254
240 241 239 239 241 244 242 242 244 249 251 248 250 253 249 253 255 254 256 253 246 236 238 249 246 250 253 257 257 257 258 258 258 258 257 256 256 256 256 256 255 254 255 254 254 254 255 254 254 253 253 252 254 254 254 254 254 254 253 252 244 235 238 235 230 231 238 243 245 247 246 248 250 253 253 253 252 253 254 254 253 254 253 254
242 242 241 237 237 242 239 239 243 248 249 247 249 250 249 250 253 254 256 254 248 237 238 251 247 253 256 257 257 258 258 258 258 258 258 257 257 256 256 255 255 255 255 254 254 254 254 254 253 252 252 253 254 254 254 254 254 254 253 252 250 247 244 241 234 240 240 240 240 241 248 251 252 253 254 255 254 253 254 254 254 254 254 254
242 241 242 240 236 239 237 242 246 247 248 245 247 246 247 248 252 252 254 255 246 238 243 253 251 255 256 257 257 258 258 258 258 258 258 257 256 256 255 255 254 254 255 254 254 254 253 253 254 252 252 252 253 254 254 254 254 254 253 250 245 246 248 242 241 245 242 243 240 235 239 247 249 253 254 255 255 255 255 255 254 254 254 254
238 240 238 240 237 239 239 239 241 244 246 246 249 245 246 250 250 249 251 255 248 246 247 256 256 256 257 257 258 258 258 257 258 258 258 256 256 256 256 255 255 255 255 253 254 254 253 254 254 251 249 250 251 253 254 254 254 252 251 251 250 250 249 249 248 248 249 249 244 239 241 246 250 252 254 255 255 255 255 255 254 254 254 254
237 238 236 240 242 243 244 237 238 241 247 249 250 247 246 247 248 248 253 256 250 253 253 257 256 257 257 257 257 258 257 257 257 257 257 257 256 256 256 255 255 255 255 254 254 254 254 254 254 251 248 249 251 253 254 254 253 250 246 248 250 249 252 252 252 252 252 252 250 249 247 248 250 252 253 255 255 255 255 255 255 255 254 254
234 234 233 242 240 241 245 242 245 246 245 250 250 246 241 246 251 253 255 257 254 255 257 258 257 257 257 257 257 258 258 257 257 258 257 257 257 255 255 256 256 255 255 254 254 254 254 253 254 253 251 247 250 252 254 253 251 249 248 249 251 251 250 252 253 254 254 254 254 254 254 253 253 253 254 255 255 255 255 255 255 255 255 254
235 237 239 242 234 238 244 247 248 248 249 251 250 243 237 248 255 254 256 257 257 254 256 257 258 258 258 258 258 258 258 257 257 257 258 257 257 257 256 256 255 255 254 254 254 253 254 251 252 253 251 246 245 246 253 250 249 251 252 251 252 253 252 252 253 255 255 254 254 252 254 255 255 255 256 256 256 255 255 255 255 255 255 255
234 237 239 240 236 236 243 248 249 249 250 252 249 239 240 251 255 255 257 258 258 257 257 258 258 259 259 258 258 257 257 257 257 258 258 257 257 257 256 256 255 255 254 254 254 252 253 252 251 253 251 245 243 240 250 247 249 251 253 252 253 255 254 254 255 255 256 256 255 254 255 256 255 255 256 256 256 256 256 256 256 256 256 255
233 235 231 235 238 241 245 247 246 246 247 251 249 244 248 255 256 256 257 257 258 258 258 258 259 258 258 257 255 256 257 258 258 258 258 258 257 257 256 256 255 255 255 254 254 253 253 254 253 250 250 249 247 246 249 251 253 253 254 255 255 255 255 255 255 255 255 254 254 253 254 255 256 256 256 255 255 255 256 256 255 255 255 256
229 229 229 237 241 242 242 241 244 248 249 252 253 248 254 255 257 257 257 257 258 258 258 258 258 256 257 255 252 256 258 258 258 258 258 258 257 257 256 256 256 255 255 255 254 251 252 254 253 252 251 251 250 250 251 253 251 250 253 254 254 254 254 255 255 255 254 255 252 252 253 254 256 256 255 254 254 255 255 255 255 255 255 255
232 226 228 236 232 233 242 246 246 246 251 253 254 253 255 253 254 256 257 257 258 258 258 254 254 256 256 257 257 257 259 258 258 258 257 258 257 257 257 257 256 256 255 252 247 245 250 253 253 252 251 251 251 251 252 253 252 254 255 255 255 255 255 255 255 255 255 256 255 255 255 256 256 256 255 254 254 255 255 255 255 255 255 255
231 225 226 235 234 236 244 247 250 251 252 252 254 253 254 254 252 256 257 258 258 258 256 250 253 257 257 258 258 258 258 258 258 258 257 258 257 257 257 257 256 256 254 247 249 244 247 251 252 252 252 251 248 251 251 252 253 255 255 255 255 256 256 256 256 256 256 256 256 256 256 256 256 255 256 255 255 255 255 255 255 255 255 255
222 218 223 231 240 237 242 247 249 249 251 251 253 254 254 252 248 255 257 257 258 257 256 255 256 257 257 258 258 258 257 257 257 258 258 257 258 257 257 256 256 255 253 252 249 248 249 251 251 251 248 247 250 250 252 254 255 255 256 255 255 255 256 256 255 256 256 256 255 256 256 256 256 254 254 255 255 255 255 255 254 254 255 255
220 212 220 230 242 241 242 245 243 248 252 252 253 254 253 247 246 254 257 257 254 254 256 257 257 258 258 258 258 258 258 258 258 258 258 258 257 256 257 256 254 250 245 240 236 238 241 244 246 249 246 247 249 251 254 255 256 256 255 256 256 256 257 256 256 256 256 256 256 255 256 256 256 255 255 255 256 255 255 255 255 255 255 255
225 216 223 232 242 246 247 249 248 250 253 253 254 254 251 245 246 254 256 254 250 255 257 257 258 257 258 257 258 257 258 258 257 258 257 258 258 257 256 255 244 237 234 227 228 231 241 244 245 247 250 251 252 254 254 256 256 256 256 256 256 256 256 256 255 255 255 254 255 256 256 255 256 255 255 255 255 255 255 255 255 255 255 255
227 220 227 232 241 248 249 251 251 252 253 254 254 254 251 246 247 253 255 254 254 256 257 257 256 258 257 257 257 258 258 258 257 255 256 257 257 257 255 243 237 234 240 233 221 237 245 246 249 251 253 254 254 256 256 256 256 255 256 255 254 254 255 255 255 254 254 253 254 255 255 255 255 255 255 254 255 255 255 255 255 255 255 255
