08 Ecocrop/raster/current/tmean_6.asc
ncols        683
nrows        518
xllcorner    -87.691666666667
yllcorner    10.708333333333
cellsize     0.008333333333
NODATA_value  1.#QNAN
[rows 185 to 221 of 518, columns 84 to 167 of 683]
1.#QNAN 1.#QNAN 1.#QNAN 1.#QNAN 1.#QNAN 1.#QNAN 1.#QNAN 1.#QNAN 1.#QNAN 1.#QNAN 1.#QNAN 1.#QNAN 1.#QNAN 1.#QNAN 1.#QNAN 1.#QNAN 1.#QNAN 1.#QNAN 1.#QNAN 1.#QNAN 1.#QNAN 1.#QNAN 1.#QNAN 1.#QNAN 1.#QNAN 1.#QNAN 1.#QNAN 1.#QNAN 1.#QNAN 1.#QNAN 226 228 230 231 230 230 236 233 231 237 236 235 232 233 235 235 234 234 234 234 231 227 226 226 230 233 234 232 233 236 237 236 234 237 237 236 238 239 239 240 240 239 239 236 235 236 237 240 238 240 242 243 241 236
1.#QNAN 1.#QNAN 1.#QNAN 1.#QNAN 1.#QNAN 1.#QNAN 1.#QNAN 1.#QNAN 1.#QNAN 1.#QNAN 1.#QNAN 1.#QNAN 1.#QNAN 1.#QNAN 1.#QNAN 1.#QNAN 1.#QNAN 1.#QNAN 1.#QNAN 1.#QNAN 1.#QNAN 1.#QNAN 1.#QNAN 1.#QNAN 1.#QNAN 1.#QNAN 1.#QNAN 1.#QNAN 1.#QNAN 1.#QNAN 230 231 232 231 227 229 236 237 238 238 238 236 236 237 236 235 234 233 231 232 230 224 224 227 231 231 230 231 232 233 235 237 236 235 237 238 239 239 240 241 241 241 239 237 236 237 238 240 241 243 240 238 235 229
1.#QNAN 1.#QNAN 1.#QNAN 1.#QNAN 1.#QNAN 1.#QNAN 1.#QNAN 1.#QNAN 1.#QNAN 1.#QNAN 1.#QNAN 1.#QNAN 1.#QNAN 1.#QNAN 1.#QNAN 1.#QNAN 1.#QNAN 1.#QNAN 1.#QNAN 1.#QNAN 1.#QNAN 1.#QNAN 1.#QNAN 1.#QNAN 1.#QNAN 1.#QNAN 1.#QNAN 1.#QNAN 1.#QNAN 1.#QNAN 1.#QNAN 233 233 230 231 232 236 234 237 237 237 236 235 236 236 235 234 232 231 231 230 227 224 228 226 228 229 232 233 234 235 235 235 236 237 237 238 240 240 241 241 241 240 238 236 237 239 241 242 240 235 228 224 222
1.#QNAN 1.#QNAN 1.#QNAN 1.#QNAN 1.#QNAN 1.#QNAN 1.#QNAN 1.#QNAN 1.#QNAN 1.#QNAN 1.#QNAN 1.#QNAN 1.#QNAN 1.#QNAN 1.#QNAN 1.#QNAN 1.#QNAN 1.#QNAN 1.#QNAN 1.#QNAN 1.#QNAN 1.#QNAN 1.#QNAN 1.#QNAN 1.#QNAN 1.#QNAN 1.#QNAN 1.#QNAN 1.#QNAN 1.#QNAN 1.#QNAN 229 231 232 233 231 235 234 236 235 235 236 234 235 235 233 233 232 229 226 227 228 226 223 225 229 230 232 231 233 234 234 234 236 237 238 239 239 240 241 241 241 242 241 241 241 240 242 241 238 233 221 216 222
1.#QNAN 1.#QNAN 1.#QNAN 1.#QNAN 1.#QNAN 1.#QNAN 1.#QNAN 1.#QNAN 1.#QNAN 1.#QNAN 1.#QNAN 1.#QNAN 1.#QNAN 1.#QNAN 1.#QNAN 1.#QNAN 1.#QNAN 1.#QNAN 1.#QNAN 1.#QNAN 1.#QNAN 1.#QNAN 1.#QNAN 1.#QNAN 1.#QNAN 1.#QNAN 1.#QNAN 1.#QNAN 1.#QNAN 1.#QNAN 1.#QNAN 223 226 230 229 232 232 233 232 234 235 235 234 234 233 233 232 230 228 226 224 224 223 220 222 225 228 230 232 232 234 235 236 236 237 237 238 239 240 240 241 242 242 241 241 239 240 240 239 238 233 219 219 223
1.#QNAN 1.#QNAN 1.#QNAN 1.#QNAN 1.#QNAN 1.#QNAN 1.#QNAN 1.#QNAN 1.#QNAN 1.#QNAN 1.#QNAN 1.#QNAN 1.#QNAN 1.#QNAN 1.#QNAN 1.#QNAN 1.#QNAN 1.#QNAN 1.#QNAN 1.#QNAN 1.#QNAN 1.#QNAN 1.#QNAN 1.#QNAN 1.#QNAN 1.#QNAN 1.#QNAN 1.#QNAN 1.#QNAN 1.#QNAN 1.#QNAN 1.#QNAN 222 228 232 233 228 228 232 233 234 234 233 233 232 232 231 229 226 222 218 219 218 215 220 223 224 226 229 230 233 234 233 233 234 235 236 237 239 240 241 240 241 239 239 236 237 237 236 237 231 222 222 219
1.#QNAN 1.#QNAN 1.#QNAN 1.#QNAN 1.#QNAN 1.#QNAN 1.#QNAN 1.#QNAN 1.#QNAN 1.#QNAN 1.#QNAN 1.#QNAN 1.#QNAN 1.#QNAN 1.#QNAN 1.#QNAN 1.#QNAN 1.#QNAN 1.#QNAN 1.#QNAN 1.#QNAN 1.#QNAN 1.#QNAN 1.#QNAN 1.#QNAN 1.#QNAN 1.#QNAN 1.#QNAN 1.#QNAN 1.#QNAN 1.#QNAN 1.#QNAN 223 227 231 232 228 227 231 231 229 233 232 231 231 231 229 227 223 214 209 210 213 217 223 226 228 230 231 232 233 232 233 235 234 235 236 236 238 239 240 241 241 238 237 235 233 233 232 233 226 227 222 217
1.#QNAN 1.#QNAN 1.#QNAN 1.#QNAN 1.#QNAN 1.#QNAN 1.#QNAN 1.#QNAN 1.#QNAN 1.#QNAN 1.#QNAN 1.#QNAN 1.#QNAN 1.#QNAN 1.#QNAN 1.#QNAN 1.#QNAN 1.#QNAN 1.#QNAN 1.#QNAN 1.#QNAN 1.#QNAN 1.#QNAN 1.#QNAN 1.#QNAN 1.#QNAN 1.#QNAN 1.#QNAN 1.#QNAN 1.#QNAN 1.#QNAN 218 225 229 231 231 229 228 229 229 228 232 231 229 228 230 228 224 220 206 196 209 218 223 226 226 228 228 231 232 234 234 234 235 235 236 237 237 237 238 239 240 240 239 236 235 234 234 230 227 227 229 227 225
1.#QNAN 1.#QNAN 1.#QNAN 1.#QNAN 1.#QNAN 1.#QNAN 1.#QNAN 1.#QNAN 1.#QNAN 1.#QNAN 1.#QNAN 1.#QNAN 1.#QNAN 1.#QNAN 1.#QNAN 1.#QNAN 1.#QNAN 1.#QNAN 1.#QNAN 1.#QNAN 1.#QNAN 1.#QNAN 1.#QNAN 1.#QNAN 1.#QNAN 1.#QNAN 1.#QNAN 1.#QNAN 1.#QNAN 1.#QNAN 215 221 226 228 226 228 230 228 224 224 229 231 228 226 223 227 226 218 214 207 204 212 217 224 228 226 229 229 229 231 234 235 235 235 235 235 236 237 237 237 238 239 238 239 236 236 234 233 233 231 232 231 230 227
1.#QNAN 1.#QNAN 1.#QNAN 1.#QNAN 1.#QNAN 1.#QNAN 1.#QNAN 1.#QNAN 1.#QNAN 1.#QNAN 1.#QNAN 1.#QNAN 1.#QNAN 1.#QNAN 1.#QNAN 1.#QNAN 1.#QNAN 1.#QNAN 1.#QNAN 1.#QNAN 1.#QNAN 1.#QNAN 1.#QNAN 1.#QNAN 1.#QNAN 1.#QNAN 1.#QNAN 1.#QNAN 1.#QNAN 1.#QNAN 216 222 226 228 224 224 225 228 226 224 228 227 228 224 223 222 220 214 209 200 211 221 225 227 229 228 228 231 231 232 231 234 235 235 235 234 235 236 237 237 238 237 237 239 236 236 234 232 231 232 230 230 230 229
1.#QNAN 1.#QNAN 1.#QNAN 1.#QNAN 1.#QNAN 1.#QNAN 1.#QNAN 1.#QNAN 1.#QNAN 1.#QNAN 1.#QNAN 1.#QNAN 1.#QNAN 1.#QNAN 1.#QNAN 1.#QNAN 1.#QNAN 1.#QNAN 1.#QNAN 1.#QNAN 1.#QNAN 1.#QNAN 1.#QNAN 1.#QNAN 1.#QNAN 1.#QNAN 1.#QNAN 1.#QNAN 1.#QNAN 206 212 217 222 225 226 221 223 224 222 221 225 222 227 223 221 221 217 212 204 201 211 222 227 229 231 231 231 232 230 233 233 233 234 234 233 234 235 235 236 237 236 236 235 237 236 235 234 233 232 230 230 226 225 226
1.#QNAN 1.#QNAN 1.#QNAN 1.#QNAN 1.#QNAN 1.#QNAN 1.#QNAN 1.#QNAN 1.#QNAN 1.#QNAN 1.#QNAN 1.#QNAN 1.#QNAN 1.#QNAN 1.#QNAN 1.#QNAN 1.#QNAN 1.#QNAN 1.#QNAN 1.#QNAN 1.#QNAN 1.#QNAN 1.#QNAN 1.#QNAN 1.#QNAN 1.#QNAN 1.#QNAN 1.#QNAN 1.#QNAN 204 209 213 219 223 227 225 221 219 220 217 220 217 224 223 222 220 214 209 204 204 215 225 226 227 231 233 232 233 233 233 233 234 234 233 232 231 234 235 236 236 235 236 236 237 236 235 235 233 232 230 227 227 224 221
1.#QNAN 1.#QNAN 1.#QNAN 1.#QNAN 1.#QNAN 1.#QNAN 1.#QNAN 1.#QNAN 1.#QNAN 1.#QNAN 1.#QNAN 1.#QNAN 1.#QNAN 1.#QNAN 1.#QNAN 1.#QNAN 1.#QNAN 1.#QNAN 1.#QNAN 1.#QNAN 1.#QNAN 1.#QNAN 1.#QNAN 1.#QNAN 1.#QNAN 1.#QNAN 1.#QNAN 1.#QNAN 1.#QNAN 1.#QNAN 210 213 219 224 224 224 220 213 213 214 215 219 222 217 219 215 207 212 208 209 216 226 229 229 231 233 233 233 234 233 234 235 235 233 234 235 235 235 236 235 235 235 237 236 236 234 233 231 230 230 228 225 226 221
1.#QNAN 1.#QNAN 1.#QNAN 1.#QNAN 1.#QNAN 1.#QNAN 1.#QNAN 1.#QNAN 1.#QNAN 1.#QNAN 1.#QNAN 1.#QNAN 1.#QNAN 1.#QNAN 1.#QNAN 1.#QNAN 1.#QNAN 1.#QNAN 1.#QNAN 1.#QNAN 1.#QNAN 1.#QNAN 1.#QNAN 1.#QNAN 1.#QNAN 1.#QNAN 1.#QNAN 1.#QNAN 1.#QNAN 1.#QNAN 1.#QNAN 1.#QNAN 217 220 220 223 218 212 210 210 208 215 220 213 209 210 202 211 215 216 218 224 230 230 232 232 234 234 235 235 234 233 232 234 235 234 235 235 234 234 234 235 236 234 234 233 233 231 229 226 224 219 222 219
1.#QNAN 1.#QNAN 1.#QNAN 1.#QNAN 1.#QNAN 1.#QNAN 1.#QNAN 1.#QNAN 1.#QNAN 1.#QNAN 1.#QNAN 1.#QNAN 1.#QNAN 1.#QNAN 1.#QNAN 1.#QNAN 1.#QNAN 1.#QNAN 1.#QNAN 1.#QNAN 1.#QNAN 1.#QNAN 1.#QNAN 1.#QNAN 1.#QNAN 1.#QNAN 1.#QNAN 1.#QNAN 1.#QNAN 1.#QNAN 1.#QNAN 1.#QNAN 1.#QNAN 217 212 216 222 216 210 208 204 216 216 212 207 200 195 206 215 221 224 227 231 232 233 234 234 235 233 233 231 230 230 232 233 233 233 233 232 234 234 236 235 231 230 232 231 229 227 223 217 218 221 222
1.#QNAN 1.#QNAN 1.#QNAN 1.#QNAN 1.#QNAN 1.#QNAN 1.#QNAN 1.#QNAN 1.#QNAN 1.#QNAN 1.#QNAN 1.#QNAN 1.#QNAN 1.#QNAN 1.#QNAN 1.#QNAN 1.#QNAN 1.#QNAN 1.#QNAN 1.#QNAN 1.#QNAN 1.#QNAN 1.#QNAN 1.#QNAN 1.#QNAN 1.#QNAN 1.#QNAN 1.#QNAN 1.#QNAN 1.#QNAN 1.#QNAN 1.#QNAN 1.#QNAN 216 210 215 221 213 210 207 205 210 213 210 207 202 194 198 210 213 220 226 230 232 233 234 234 233 231 230 231 228 227 230 230 230 230 231 232 234 234 236 234 231 231 233 231 225 219 216 215 219 222 220
1.#QNAN 1.#QNAN 1.#QNAN 1.#QNAN 1.#QNAN 1.#QNAN 1.#QNAN 1.#QNAN 1.#QNAN 1.#QNAN 1.#QNAN 1.#QNAN 1.#QNAN 1.#QNAN 1.#QNAN 1.#QNAN 1.#QNAN 1.#QNAN 1.#QNAN 1.#QNAN 1.#QNAN 1.#QNAN 1.#QNAN 1.#QNAN 1.#QNAN 1.#QNAN 1.#QNAN 1.#QNAN 1.#QNAN 1.#QNAN 1.#QNAN 1.#QNAN 1.#QNAN 1.#QNAN 211 214 219 213 212 208 206 207 208 208 205 203 198 194 200 202 213 224 229 231 232 233 232 230 229 230 230 229 228 225 227 227 232 233 234 234 234 234 235 233 234 233 231 224 214 208 212 217 220 218
1.#QNAN 1.#QNAN 1.#QNAN 1.#QNAN 1.#QNAN 1.#QNAN 1.#QNAN 1.#QNAN 1.#QNAN 1.#QNAN 1.#QNAN 1.#QNAN 1.#QNAN 1.#QNAN 1.#QNAN 1.#QNAN 1.#QNAN 1.#QNAN 1.#QNAN 1.#QNAN 1.#QNAN 1.#QNAN 1.#QNAN 1.#QNAN 1.#QNAN 1.#QNAN 1.#QNAN 1.#QNAN 1.#QNAN 1.#QNAN 1.#QNAN 1.#QNAN 1.#QNAN 1.#QNAN 210 216 218 216 211 206 205 202 200 204 201 197 192 192 202 210 217 223 226 229 231 232 231 230 228 227 224 225 227 224 228 229 232 232 233 232 231 233 234 235 235 234 231 224 220 216 213 212 213 211
1.#QNAN 1.#QNAN 1.#QNAN 1.#QNAN 1.#QNAN 1.#QNAN 1.#QNAN 1.#QNAN 1.#QNAN 1.#QNAN 1.#QNAN 1.#QNAN 1.#QNAN 1.#QNAN 1.#QNAN 1.#QNAN 1.#QNAN 1.#QNAN 1.#QNAN 1.#QNAN 1.#QNAN 1.#QNAN 1.#QNAN 1.#QNAN 1.#QNAN 1.#QNAN 1.#QNAN 1.#QNAN 1.#QNAN 1.#QNAN 1.#QNAN 1.#QNAN 1.#QNAN 1.#QNAN 208 214 217 217 211 206 204 201 198 201 196 189 189 196 201 212 218 222 226 228 229 230 230 228 227 227 222 223 226 226 229 230 229 227 231 230 226 231 232 232 232 234 232 230 228 223 215 205 206 204
1.#QNAN 1.#QNAN 1.#QNAN 1.#QNAN 1.#QNAN 1.#QNAN 1.#QNAN 1.#QNAN 1.#QNAN 1.#QNAN 1.#QNAN 1.#QNAN 1.#QNAN 1.#QNAN 1.#QNAN 1.#QNAN 1.#QNAN 1.#QNAN 1.#QNAN 1.#QNAN 1.#QNAN 1.#QNAN 1.#QNAN 1.#QNAN 1.#QNAN 1.#QNAN 1.#QNAN 1.#QNAN 1.#QNAN 1.#QNAN 1.#QNAN 1.#QNAN 1.#QNAN 1.#QNAN 203 210 213 214 214 205 201 200 201 205 199 193 191 199 206 211 217 221 224 223 224 225 227 225 227 225 221 219 222 224 227 230 230 226 226 228 226 227 230 228 231 234 233 228 226 221 216 208 207 212
1.#QNAN 1.#QNAN 1.#QNAN 1.#QNAN 1.#QNAN 1.#QNAN 1.#QNAN 1.#QNAN 1.#QNAN 1.#QNAN 1.#QNAN 1.#QNAN 1.#QNAN 1.#QNAN 1.#QNAN 1.#QNAN 1.#QNAN 1.#QNAN 1.#QNAN 1.#QNAN 1.#QNAN 1.#QNAN 1.#QNAN 1.#QNAN 1.#QNAN 1.#QNAN 1.#QNAN 1.#QNAN 1.#QNAN 1.#QNAN 1.#QNAN 1.#QNAN 1.#QNAN 1.#QNAN 209 211 213 213 212 212 208 203 205 204 195 195 196 205 211 211 215 218 219 219 219 223 225 223 222 223 218 212 218 222 224 228 231 228 226 223 220 220 226 226 230 232 233 232 227 223 219 212 208 212
1.#QNAN 1.#QNAN 1.#QNAN 1.#QNAN 1.#QNAN 1.#QNAN 1.#QNAN 1.#QNAN 1.#QNAN 1.#QNAN 1.#QNAN 1.#QNAN 1.#QNAN 1.#QNAN 1.#QNAN 1.#QNAN 1.#QNAN 1.#QNAN 205 209 204 199 198 1.#QNAN 1.#QNAN 1.#QNAN 1.#QNAN 1.#QNAN 1.#QNAN 1.#QNAN 1.#QNAN 1.#QNAN 1.#QNAN 1.#QNAN 213 221 220 214 208 210 212 211 210 204 192 197 208 210 214 217 215 214 216 217 217 219 219 220 217 220 216 206 212 217 222 228 230 225 220 217 216 217 224 229 226 227 231 233 229 225 213 209 212 216
1.#QNAN 1.#QNAN 1.#QNAN 1.#QNAN 1.#QNAN 1.#QNAN 1.#QNAN 1.#QNAN 1.#QNAN 1.#QNAN 1.#QNAN 1.#QNAN 1.#QNAN 1.#QNAN 236 231 229 216 211 220 214 212 210 204 1.#QNAN 1.#QNAN 1.#QNAN 1.#QNAN 1.#QNAN 1.#QNAN 1.#QNAN 1.#QNAN 1.#QNAN 218 220 225 227 220 212 206 207 207 206 204 198 203 220 221 221 221 218 217 221 222 216 213 214 212 209 211 211 210 218 222 222 227 229 225 218 215 216 221 222 222 218 225 230 232 227 219 210 213 214 219
1.#QNAN 1.#QNAN 1.#QNAN 1.#QNAN 1.#QNAN 1.#QNAN 1.#QNAN 1.#QNAN 1.#QNAN 1.#QNAN 1.#QNAN 1.#QNAN 1.#QNAN 1.#QNAN 241 239 234 222 216 228 225 222 219 213 216 223 1.#QNAN 1.#QNAN 1.#QNAN 1.#QNAN 1.#QNAN 1.#QNAN 230 227 228 228 232 225 214 209 205 203 199 198 195 206 224 227 225 225 222 226 230 224 215 210 205 202 204 205 207 210 218 223 226 228 228 225 220 217 217 221 219 218 221 223 227 232 226 214 208 215 218 217
1.#QNAN 1.#QNAN 1.#QNAN 1.#QNAN 1.#QNAN 1.#QNAN 1.#QNAN 1.#QNAN 1.#QNAN 1.#QNAN 1.#QNAN 1.#QNAN 1.#QNAN 249 243 238 234 228 228 230 236 229 222 226 224 229 224 1.#QNAN 1.#QNAN 1.#QNAN 232 243 242 237 234 235 231 223 220 218 213 208 206 209 200 215 228 234 230 226 225 231 232 222 220 213 205 199 200 205 209 219 222 224 226 226 227 226 225 223 223 220 221 220 222 224 228 231 226 213 206 214 212 212
1.#QNAN 1.#QNAN 1.#QNAN 1.#QNAN 1.#QNAN 1.#QNAN 1.#QNAN 1.#QNAN 1.#QNAN 1.#QNAN 1.#QNAN 257 254 248 240 239 236 233 235 237 240 231 230 233 234 233 228 227 221 228 237 243 246 246 241 237 225 220 226 223 220 212 219 220 212 219 230 237 233 231 235 238 231 218 217 214 209 207 203 207 214 214 216 220 222 224 219 220 220 221 217 215 219 220 222 224 231 229 224 215 207 210 207 203
1.#QNAN 1.#QNAN 1.#QNAN 1.#QNAN 1.#QNAN 1.#QNAN 1.#QNAN 1.#QNAN 1.#QNAN 1.#QNAN 258 257 254 248 247 244 241 242 241 238 244 240 240 239 235 232 234 237 226 225 233 236 238 249 243 232 221 223 228 229 225 225 225 220 210 217 230 238 240 238 242 242 230 221 225 224 222 218 210 207 208 206 210 213 217 221 218 211 212 213 216 215 218 220 222 225 230 229 222 215 209 206 203 200
1.#QNAN 1.#QNAN 1.#QNAN 1.#QNAN 1.#QNAN 1.#QNAN 1.#QNAN 1.#QNAN 1.#QNAN 260 261 259 256 253 248 241 242 247 248 242 247 248 244 237 232 234 238 243 237 227 226 229 242 250 244 235 228 228 232 234 234 228 223 217 210 223 232 238 244 244 246 237 227 230 234 227 229 225 219 208 204 205 208 204 204 213 219 217 214 214 217 218 218 221 223 224 227 229 225 223 214 207 210 205
1.#QNAN 1.#QNAN 1.#QNAN 1.#QNAN 1.#QNAN 1.#QNAN 1.#QNAN 1.#QNAN 1.#QNAN 1.#QNAN 261 258 257 253 248 243 243 249 252 248 248 250 246 242 237 236 241 246 241 233 229 234 243 249 251 246 237 228 230 239 235 224 215 210 216 227 234 238 241 246 246 233 233 240 235 234 231 226 220 215 212 210 202 202 201 212 214 216 216 216 218 218 219 222 223 224 224 228 228 228 222 210 212 210
1.#QNAN 1.#QNAN 1.#QNAN 1.#QNAN 1.#QNAN 1.#QNAN 1.#QNAN 1.#QNAN 1.#QNAN 262 260 261 257 252 246 243 247 249 253 251 251 252 250 247 245 245 247 247 242 237 236 244 249 252 252 241 235 227 233 241 234 222 214 214 219 231 239 244 245 249 249 237 237 244 240 235 230 229 226 227 223 220 207 206 204 204 207 211 215 217 219 219 219 221 223 224 224 224 227 228 222 218 218 212
1.#QNAN 1.#QNAN 1.#QNAN 1.#QNAN 1.#QNAN 1.#QNAN 1.#QNAN 1.#QNAN 1.#QNAN 263 263 261 257 253 252 253 255 254 255 251 254 251 252 253 251 251 251 246 249 246 240 247 252 254 251 243 241 236 240 241 233 223 221 224 219 228 239 245 251 253 252 248 245 246 239 233 231 235 231 233 231 227 220 211 202 202 205 210 214 216 220 220 220 221 221 224 225 226 228 226 224 222 220 216
1.#QNAN 1.#QNAN 1.#QNAN 1.#QNAN 1.#QNAN 1.#QNAN 1.#QNAN 1.#QNAN 1.#QNAN 264 263 260 259 258 252 250 253 258 259 254 257 251 251 254 256 254 253 252 251 254 249 250 251 254 250 249 249 248 244 237 232 228 233 230 225 230 240 241 252 255 251 247 243 247 242 239 234 237 235 232 226 226 223 215 207 204 206 209 214 216 220 221 220 221 221 222 225 228 227 224 218 214 214 215
1.#QNAN 1.#QNAN 1.#QNAN 1.#QNAN 1.#QNAN 1.#QNAN 1.#QNAN 1.#QNAN 1.#QNAN 266 261 260 259 260 260 254 249 250 259 260 257 252 251 256 252 249 248 253 254 256 256 255 253 257 252 253 253 250 241 234 230 235 243 232 234 242 251 251 255 256 254 250 246 250 248 244 240 239 237 235 230 224 216 212 210 211 211 212 215 217 220 221 220 221 221 222 224 227 226 222 217 213 206 205
1.#QNAN 1.#QNAN 1.#QNAN 1.#QNAN 1.#QNAN 1.#QNAN 1.#QNAN 1.#QNAN 268 266 261 260 262 261 263 262 258 254 253 262 257 251 254 259 258 253 252 249 253 257 258 257 258 259 257 256 255 254 248 244 239 237 248 242 244 253 257 256 257 257 256 250 244 252 252 249 245 240 238 241 236 227 217 209 210 213 213 215 215 220 222 223 222 223 224 224 225 227 225 221 215 210 204 203
1.#QNAN 1.#QNAN 1.#QNAN 1.#QNAN 1.#QNAN 1.#QNAN 1.#QNAN 1.#QNAN 269 264 262 262 260 260 262 262 263 262 259 260 259 258 258 262 255 250 251 247 247 255 259 258 259 259 258 255 256 255 251 251 247 244 245 253 252 258 259 259 258 258 256 252 253 253 252 248 248 246 240 242 237 231 222 214 213 215 216 216 214 217 221 223 224 225 225 226 225 226 225 221 216 210 205 203
1.#QNAN 1.#QNAN 1.#QNAN 1.#QNAN 1.#QNAN 1.#QNAN 1.#QNAN 271 268 266 264 260 258 260 262 260 262 264 266 265 259 258 263 254 247 243 248 244 247 254 259 261 259 259 258 257 258 255 254 254 256 258 253 256 259 261 260 260 259 258 257 256 255 252 249 246 241 242 243 241 234 228 216 211 213 215 218 215 215 217 220 220 222 225 226 226 227 227 225 221 216 208 205 204
1.#QNAN 1.#QNAN 1.#QNAN 1.#QNAN 1.#QNAN 1.#QNAN 1.#QNAN 272 271 263 264 262 262 262 261 260 259 264 266 265 267 265 265 254 249 244 245 242 248 253 258 258 257 259 258 257 259 258 256 257 261 259 256 253 260 261 260 260 259 258 256 255 254 253 250 242 235 234 236 242 234 227 214 206 207 211 216 219 217 217 220 220 221 224 226 227 226 227 225 220 214 207 206 206
