08 Ecocrop/raster/current/tmean_6.asc
ncols        683
nrows        518
xllcorner    -87.691666666667
yllcorner    10.708333333333
cellsize     0.008333333333
NODATA_value  1.#QNAN
[rows 185 to 221 of 518, columns 168 to 251 of 683]
231 234 236 239 243 244 242 236 238 229 220 216 212 212 209 211 213 215 212 216 227 239 240 234 244 252 245 247 240 237 233 230 234 244 249 252 253 254 254 254 255 256 257 256 255 257 255 241 240 249 250 243 245 247 247 247 252 253 249 248 251 252 255 254 253 252 252 247 245 243 239 235 235 239 235 235 241 243 244 243 243 243 244 245
222 224 228 232 239 242 244 242 235 224 216 220 214 217 216 219 224 225 221 224 231 237 243 239 246 249 246 247 242 239 230 226 234 245 250 252 252 252 252 253 251 253 256 256 257 257 255 245 242 244 248 246 239 242 245 245 250 252 249 247 250 250 254 255 254 253 253 250 241 237 236 238 238 240 242 240 238 243 243 245 244 244 244 244
225 228 232 233 238 238 240 242 234 226 226 230 226 229 224 227 235 231 232 233 236 238 240 247 246 241 245 244 237 232 233 229 233 244 249 250 250 251 251 250 251 254 254 254 254 257 255 251 242 238 242 244 239 240 244 247 248 250 248 247 248 252 254 250 246 248 252 250 245 240 238 240 241 242 244 240 241 243 246 245 244 243 244 243
227 230 229 227 231 230 228 233 241 238 236 236 235 235 234 232 239 237 241 239 240 243 246 248 237 235 233 232 230 226 228 230 230 242 247 247 248 247 250 248 251 254 251 252 254 256 254 252 245 244 243 243 242 241 243 246 246 247 246 249 248 253 252 247 243 245 248 252 250 246 243 243 244 243 243 245 245 246 246 245 242 242 241 243
227 226 224 224 226 223 223 226 235 238 240 243 240 240 245 245 244 244 246 243 244 248 247 241 235 229 224 221 224 219 221 227 230 238 240 246 246 249 249 246 251 253 250 252 252 256 254 253 248 244 242 240 241 245 243 244 247 244 247 251 250 253 244 234 239 247 250 251 250 250 249 247 246 246 246 247 247 243 244 245 241 244 240 240
221 221 219 220 220 213 213 217 225 227 228 236 242 243 236 237 245 246 242 246 244 241 243 235 227 222 220 220 220 218 219 223 228 235 240 244 247 248 246 248 250 252 251 252 253 254 255 251 248 245 246 245 244 245 246 247 248 249 250 251 252 250 237 232 235 246 248 248 247 248 248 247 245 248 247 246 247 243 242 245 242 244 241 238
217 218 212 214 212 209 209 212 217 219 222 230 240 234 224 225 231 232 239 241 241 235 241 236 226 222 222 226 222 221 222 222 227 233 239 242 246 242 242 247 248 250 250 250 249 252 254 253 250 247 248 243 243 244 244 243 243 248 246 247 252 247 239 233 237 243 240 235 244 246 248 247 245 244 242 242 246 246 243 243 244 244 239 234
223 217 209 211 209 205 204 205 209 216 226 233 240 233 224 218 221 235 240 238 233 232 235 236 230 231 231 226 221 222 226 226 230 232 238 243 242 238 241 244 245 246 246 249 250 254 252 251 251 251 244 239 237 238 235 234 243 247 248 249 251 248 244 240 240 244 237 241 245 248 249 246 245 242 242 241 244 244 240 243 245 243 237 232
224 217 215 216 211 206 203 208 213 216 226 234 232 234 228 221 229 238 233 232 225 229 228 229 235 230 234 230 227 227 228 228 228 227 236 236 241 239 242 245 249 250 248 247 249 254 250 247 249 249 243 241 232 225 227 231 238 244 249 251 250 248 248 245 245 245 240 242 245 245 249 248 245 243 241 242 241 243 239 242 244 242 238 233
224 218 221 220 213 207 206 213 221 225 233 233 224 225 220 220 232 235 226 225 222 225 219 223 229 229 227 230 228 229 228 228 226 224 232 237 244 247 250 251 252 253 253 251 253 251 245 244 245 244 246 240 229 225 230 234 235 239 249 248 244 242 243 247 245 242 234 238 241 239 244 248 246 244 242 242 241 239 240 240 244 240 233 233
223 217 222 221 214 212 215 215 222 231 233 225 222 217 213 225 235 228 218 216 213 215 215 219 222 228 224 226 230 226 224 224 224 223 233 242 246 249 251 252 253 254 254 254 253 249 246 240 236 243 244 237 228 227 232 238 241 244 248 241 232 232 237 245 245 236 232 237 238 239 243 246 248 244 243 243 241 235 240 242 243 236 230 230
215 215 220 223 217 218 222 222 228 233 228 219 212 212 213 224 234 225 219 214 211 214 218 222 223 228 225 227 228 223 220 218 221 227 237 244 248 250 251 252 253 253 253 254 253 252 249 243 237 238 241 237 229 220 226 235 241 246 247 238 232 233 238 243 242 234 234 234 235 238 242 242 248 246 245 242 241 239 241 243 241 233 228 228
217 221 221 225 225 227 228 229 230 228 224 213 212 216 213 221 232 230 225 220 214 219 222 225 228 225 223 225 225 223 219 216 224 233 240 245 248 250 251 252 252 253 253 253 253 251 250 247 238 235 231 232 227 216 218 227 239 245 246 242 237 235 240 241 240 235 230 232 233 239 241 241 245 247 246 244 243 242 242 242 239 230 226 228
220 223 224 226 227 228 231 230 224 221 216 219 221 223 220 221 225 232 230 224 217 220 224 227 228 224 220 221 220 220 216 213 224 235 240 244 248 249 250 251 252 252 252 253 252 250 248 246 243 237 232 223 223 221 219 224 232 243 236 233 238 235 237 239 237 231 226 231 235 236 238 239 243 245 246 246 244 241 242 241 236 230 227 228
225 227 226 229 231 230 231 232 227 225 223 224 226 228 225 228 231 232 231 229 223 218 221 222 227 224 219 215 210 210 213 213 220 234 240 245 248 249 250 251 252 251 252 252 251 249 247 241 231 231 232 223 222 226 225 228 234 243 231 229 236 231 228 230 231 229 221 225 230 231 235 239 241 240 244 245 245 241 241 241 236 230 228 231
219 225 228 228 226 227 230 230 230 229 227 223 227 227 228 228 226 232 230 225 221 217 218 221 222 222 221 211 210 210 214 220 222 234 241 245 247 248 249 250 250 251 251 251 249 248 244 237 225 221 222 225 222 228 234 235 242 236 227 228 233 232 228 224 223 218 212 216 219 226 232 237 237 237 242 243 242 240 239 239 234 228 227 232
222 218 225 226 218 227 230 228 226 226 227 221 223 223 223 226 227 228 231 226 225 221 219 220 218 215 219 217 214 213 216 223 225 232 240 243 245 246 248 249 250 251 250 249 248 245 239 231 220 214 218 223 226 228 234 240 242 232 230 230 228 225 228 227 225 221 213 207 218 222 227 233 237 241 240 238 240 236 236 237 235 227 227 231
212 217 226 221 217 227 230 225 223 225 223 221 222 219 218 225 227 227 228 228 221 217 217 218 218 213 213 214 213 214 221 226 229 232 238 242 244 247 248 249 249 248 248 247 245 241 230 219 213 216 218 222 225 230 232 237 242 237 235 229 222 223 224 222 215 216 212 207 217 219 229 235 238 239 234 233 234 233 232 234 235 229 226 231
212 222 226 223 219 228 227 222 221 221 219 220 218 214 214 222 226 224 226 225 215 212 214 217 217 215 209 209 209 210 219 227 231 235 236 239 243 245 247 248 247 246 246 244 241 238 230 218 213 214 218 217 217 225 229 230 237 237 236 229 227 227 224 225 222 217 208 205 211 221 229 235 236 235 230 228 227 228 228 231 231 228 224 230
213 221 225 221 221 226 228 225 225 223 219 218 218 217 215 219 224 223 222 219 215 213 214 216 216 213 208 205 207 209 212 219 227 231 230 233 237 243 245 246 245 244 243 241 237 230 221 214 211 213 215 215 219 221 228 232 236 234 236 233 231 230 231 230 227 218 215 209 214 222 230 233 234 231 227 219 220 219 223 226 222 221 221 225
217 223 224 218 216 222 225 228 226 224 217 220 221 221 218 217 220 221 219 214 207 209 209 211 216 215 209 206 208 211 212 215 219 225 224 220 223 235 242 244 241 239 239 236 233 226 216 212 212 212 212 215 217 219 225 228 236 237 238 237 235 234 235 234 230 224 217 211 211 218 225 230 229 224 220 215 210 207 215 220 221 221 223 227
217 221 223 217 210 214 221 222 226 225 221 222 224 222 221 216 213 215 216 211 202 200 208 211 215 215 212 209 211 213 215 217 218 218 217 215 216 224 239 237 235 233 231 229 226 221 211 213 214 212 212 214 214 217 223 229 232 223 231 234 237 235 231 231 231 227 219 208 205 216 220 226 221 218 214 208 205 200 205 212 220 223 224 223
220 220 220 219 211 207 212 217 224 223 225 223 221 216 215 213 206 206 210 207 196 200 209 212 214 215 214 213 211 213 215 215 216 219 218 216 217 224 237 232 226 220 220 218 215 212 213 214 213 213 214 215 218 219 225 229 226 218 221 229 235 236 233 231 231 228 218 215 212 212 214 217 217 205 205 199 200 198 203 213 218 221 220 218
211 211 214 217 211 202 208 218 222 217 222 223 221 215 209 206 198 198 202 200 196 200 206 208 210 212 212 211 212 213 212 212 215 219 220 222 220 232 226 229 219 213 214 213 213 212 214 214 213 211 213 212 216 221 224 223 220 218 218 226 232 234 230 223 226 229 225 222 216 205 206 210 202 191 192 199 206 206 200 207 215 221 219 220
207 205 206 210 206 203 210 219 217 213 219 222 217 218 213 208 201 193 192 189 191 194 200 202 207 209 211 213 215 215 212 215 217 220 219 217 225 222 220 218 218 211 214 214 214 213 214 216 214 212 213 214 212 214 217 214 215 215 217 225 226 230 231 224 219 227 223 218 214 201 194 195 188 185 196 204 211 213 208 214 217 223 222 222
202 200 199 202 201 206 215 218 217 212 216 217 214 214 215 211 204 196 190 189 190 195 198 201 207 210 213 213 215 217 217 218 219 219 216 217 219 216 212 208 208 210 213 214 215 215 215 215 215 214 215 215 213 210 211 209 209 211 216 220 223 225 228 229 218 222 224 220 214 203 194 189 186 189 198 203 210 218 217 220 224 225 225 224
199 199 198 199 203 209 211 212 213 212 209 210 207 209 205 204 202 195 190 193 196 194 196 201 204 208 209 210 213 213 214 214 216 214 210 215 215 213 211 206 207 211 214 214 215 217 217 216 217 216 218 216 215 212 209 209 209 209 213 219 222 219 223 229 229 227 225 219 212 199 192 195 194 192 191 197 207 215 219 226 229 230 227 230
201 198 198 197 201 204 205 205 206 206 201 202 201 201 198 201 199 198 196 196 201 197 198 199 199 203 204 205 208 210 211 211 214 213 212 213 214 214 214 212 212 214 215 216 216 217 218 218 218 219 219 218 217 213 210 209 209 210 210 213 216 222 224 224 226 228 226 221 216 208 202 197 188 186 187 194 205 208 215 226 232 230 225 227
205 201 197 196 197 198 198 198 198 199 196 198 205 210 210 208 207 203 202 202 203 202 202 202 200 199 199 201 202 204 204 208 210 210 213 215 215 215 216 216 215 215 216 217 217 218 218 217 217 217 217 217 217 214 211 209 210 210 208 209 210 216 222 222 224 226 225 221 217 212 207 205 199 184 191 196 209 218 218 227 232 227 224 222
208 205 199 197 198 198 196 195 196 197 196 196 201 212 216 214 211 209 205 207 204 206 205 205 203 201 201 201 201 200 201 205 209 211 213 215 214 214 214 215 216 217 217 218 217 217 218 216 216 214 213 215 218 216 211 210 212 211 210 210 208 209 215 219 222 221 219 220 215 212 211 208 206 197 203 202 203 218 226 231 233 230 227 220
211 205 202 201 201 198 196 195 200 203 201 200 205 211 219 216 215 215 208 209 209 209 207 206 204 204 203 202 202 201 202 204 205 210 214 213 211 212 211 213 215 215 216 218 218 218 217 216 215 213 211 213 218 214 210 211 213 213 213 211 209 207 208 211 219 219 218 220 220 216 215 212 210 208 210 215 211 219 226 230 234 233 228 222
212 206 206 205 201 198 197 197 202 208 206 204 204 213 217 221 220 214 209 207 208 211 209 206 205 202 201 201 203 202 202 204 206 208 212 210 207 212 214 214 212 214 217 217 218 216 215 214 214 213 213 213 218 215 213 211 214 213 212 211 209 208 208 211 215 220 219 220 219 220 220 218 216 214 215 220 220 221 225 228 232 234 234 225
207 208 206 206 202 202 203 200 204 209 210 205 208 210 212 221 222 215 212 212 211 212 208 206 204 201 200 200 203 204 204 207 208 212 212 212 211 214 216 216 216 216 217 217 217 214 211 212 210 210 213 214 215 218 215 214 214 213 213 211 211 210 209 209 212 220 220 221 220 221 224 222 219 218 221 223 223 225 228 231 234 234 235 232
202 203 202 204 203 202 204 203 208 213 212 210 212 214 217 222 223 219 217 219 215 213 207 207 205 203 203 202 205 207 208 211 212 214 211 215 216 217 217 217 217 217 217 217 216 214 210 208 207 205 210 215 219 215 215 215 214 212 212 211 209 208 206 209 212 216 223 221 223 226 225 225 222 221 223 226 225 226 225 233 237 236 236 235
202 202 201 201 202 202 205 206 210 215 216 214 216 218 220 224 224 223 222 214 214 213 208 208 208 206 205 206 209 209 209 210 215 216 214 216 216 217 217 217 217 217 217 216 216 215 213 210 210 209 212 214 222 220 216 214 213 211 210 211 210 208 206 208 210 213 222 224 221 230 229 227 228 231 230 228 230 228 225 227 235 238 237 235
203 202 201 199 200 203 208 212 214 217 220 217 219 222 223 226 225 221 216 211 213 213 211 212 210 208 209 209 211 210 211 213 215 216 216 216 216 216 217 216 216 217 216 217 216 215 215 213 213 212 213 214 217 223 221 215 212 210 209 208 207 205 207 210 211 214 218 224 225 228 236 232 235 237 235 229 231 230 230 227 228 235 238 236
205 204 202 200 201 204 206 210 213 218 222 217 221 225 227 228 226 220 213 211 213 212 210 210 212 213 211 212 211 207 208 212 215 215 214 215 216 216 216 216 215 216 216 216 216 215 215 214 213 213 212 212 214 216 223 221 214 210 209 207 204 202 206 211 218 221 219 223 226 226 231 240 240 241 237 228 230 231 232 233 230 234 239 238
