08 Ecocrop/raster/current/tmean_2.asc
ncols        683
nrows        518
xllcorner    -87.691666666667
yllcorner    10.708333333333
cellsize     0.008333333333
NODATA_value  1.#QNAN
[rows 296 to 332 of 518, columns 84 to 167 of 683]
276 275 276 276 276 276 276 275 274 273 272 271 270 269 268 266 265 265 266 265 266 266 266 265 263 260 254 241 230 236 239 253 261 263 264 265 265 266 268 267 267 267 269 272 273 273 273 273 273 273 273 273 274 274 274 274 274 274 274 275 275 275 274 273 272 272 271 271 271 270 270 270 270 270 270 271 271 271 271 272 272 272 270 269
276 276 276 276 276 276 276 275 275 274 273 272 271 270 269 268 267 267 268 268 268 267 267 266 264 260 254 241 236 240 246 257 262 263 263 262 263 264 266 266 266 266 267 271 272 273 273 273 273 273 273 273 273 273 273 273 273 274 274 274 275 275 274 273 272 271 271 271 271 270 270 270 270 270 270 271 271 271 271 272 272 272 272 270
276 276 276 276 276 276 276 276 275 275 274 274 272 272 271 271 270 270 270 270 269 269 268 267 265 261 257 252 250 251 254 259 261 261 260 260 261 261 261 264 264 264 265 269 269 271 273 273 272 271 271 272 273 273 272 272 273 273 274 274 275 274 274 273 272 271 271 271 270 270 270 270 270 270 270 270 271 271 271 271 272 272 272 270
276 275 275 276 276 276 276 276 275 275 275 274 274 273 273 272 272 271 271 271 270 270 268 268 266 264 263 260 258 259 259 260 260 259 257 257 258 257 258 260 260 262 264 267 269 270 272 272 269 269 270 272 272 272 272 272 272 273 273 274 274 274 274 273 272 271 270 270 270 270 270 270 270 270 270 270 270 271 271 271 271 271 271 271
275 275 275 275 276 276 276 276 276 276 275 275 275 274 274 273 273 272 272 271 271 270 269 268 267 266 265 262 262 261 260 259 259 253 247 252 252 252 253 254 257 259 264 268 270 271 272 272 270 268 270 271 271 271 271 271 272 272 273 274 274 274 273 272 272 271 270 270 270 270 270 270 270 270 270 270 270 270 271 271 271 271 271 271
275 275 275 275 275 276 276 276 276 276 276 276 276 275 275 274 273 273 272 271 271 270 269 268 267 265 265 264 262 261 260 258 257 254 245 246 242 241 245 249 250 255 261 266 270 271 271 272 271 268 269 269 270 270 270 271 271 272 273 273 274 274 273 272 271 270 270 270 270 270 270 270 270 270 270 270 270 270 270 271 271 271 271 270
275 275 275 275 275 275 276 276 276 276 276 276 276 275 275 274 274 273 272 272 271 270 269 268 267 266 264 263 262 260 257 257 255 251 242 241 232 235 237 235 236 246 257 263 268 270 271 271 271 267 268 268 268 269 269 270 271 271 272 273 273 273 273 272 271 270 270 270 270 270 270 270 270 270 270 269 269 269 270 270 270 270 270 270
275 275 275 275 275 275 275 275 275 275 275 275 275 275 275 274 274 273 273 272 271 270 269 268 266 265 264 262 261 260 258 256 254 251 247 236 221 226 223 224 228 243 257 265 268 271 271 271 270 269 267 266 267 267 268 269 270 271 272 272 273 273 273 272 271 270 270 270 270 270 269 269 269 269 269 269 268 268 269 269 268 268 268 269
275 275 275 275 275 275 275 275 275 275 275 275 275 275 275 274 274 273 272 272 271 270 269 268 266 265 263 262 260 258 257 256 252 252 248 236 227 221 215 221 237 249 260 267 270 271 271 270 270 267 267 265 266 266 267 269 269 271 271 272 273 273 273 272 271 270 269 269 269 269 269 269 268 268 268 268 267 267 267 267 267 267 267 267
275 275 275 275 275 275 275 275 275 275 275 275 275 275 275 274 274 274 273 272 271 270 269 268 266 265 264 263 261 259 258 255 253 252 249 244 236 230 230 233 243 253 263 269 271 271 270 269 268 266 265 263 264 266 267 268 269 270 271 272 273 273 272 272 271 270 269 269 269 269 269 268 268 268 267 267 267 266 266 266 265 265 265 265
275 275 275 275 275 275 275 275 275 275 275 275 275 275 274 274 274 273 273 272 271 270 269 268 267 266 264 263 261 259 258 256 255 252 250 248 246 242 243 246 249 251 264 270 271 271 266 264 265 263 262 263 263 265 266 267 269 269 270 271 272 273 272 272 271 270 269 269 269 268 268 268 267 267 267 266 266 265 265 264 264 263 263 264
275 275 275 275 275 275 275 275 275 275 275 275 275 275 274 274 274 274 273 272 271 270 270 269 268 266 265 263 261 261 259 257 255 255 253 252 250 248 250 253 255 261 266 269 272 271 266 263 256 260 267 271 266 265 266 266 268 269 270 271 272 273 272 271 270 269 269 269 268 268 267 267 267 266 266 265 265 264 264 263 263 262 262 263
276 276 276 275 275 275 275 274 275 275 275 275 274 275 274 274 274 273 272 272 271 271 271 270 268 267 266 264 263 262 260 259 258 257 257 256 254 239 244 258 262 265 268 270 272 272 269 265 256 260 269 270 266 262 262 262 264 265 268 270 271 272 271 271 270 269 268 268 267 267 267 266 266 265 265 264 264 264 263 263 262 262 262 262
276 276 276 276 276 275 274 274 275 275 275 275 275 274 274 274 274 273 273 272 272 272 270 270 269 268 267 266 264 263 262 261 260 260 259 260 260 254 256 264 266 267 269 271 271 271 271 267 267 269 270 269 263 255 256 258 259 260 264 269 271 271 271 270 269 268 267 267 266 266 266 265 265 264 264 264 263 263 263 262 262 262 261 262
276 276 276 276 276 275 272 275 275 276 275 275 274 274 274 274 274 273 273 273 272 272 271 271 270 269 268 267 265 265 264 263 262 261 262 262 263 264 266 269 268 269 270 271 271 272 272 271 266 268 269 264 255 245 243 249 255 258 262 268 270 271 270 269 268 267 266 266 265 265 265 264 264 264 263 263 263 262 262 262 262 261 261 262
277 277 276 276 276 276 275 276 276 275 275 275 275 274 274 273 273 273 273 273 273 272 272 271 271 270 269 268 267 266 265 265 264 263 264 264 265 265 265 268 269 270 271 272 272 272 272 272 271 269 265 256 246 228 217 237 251 256 262 264 270 270 269 268 267 266 265 265 264 264 264 263 263 263 262 262 262 262 262 261 261 261 261 261
277 277 277 276 276 276 276 276 275 275 275 275 274 274 274 274 274 273 273 273 273 273 273 272 271 271 270 270 269 268 267 267 266 265 265 265 266 267 268 268 270 270 271 272 272 272 272 272 271 269 265 257 243 223 210 233 249 255 261 265 269 269 268 267 266 265 264 264 263 263 263 262 262 262 262 261 261 261 261 261 261 261 261 261
276 276 277 277 276 277 276 276 276 276 275 273 273 274 274 274 274 274 274 273 273 273 273 273 272 271 271 271 270 269 268 268 267 267 266 266 265 267 268 269 270 270 271 271 272 272 271 271 270 270 267 260 249 238 233 238 246 249 257 264 267 268 267 266 265 265 264 263 263 263 262 262 262 261 261 261 261 261 261 261 261 261 261 261
276 276 277 277 277 276 276 276 275 275 275 274 273 273 274 274 274 274 274 274 274 274 273 273 272 272 272 271 270 270 269 269 269 268 268 268 268 268 268 269 270 270 270 270 271 271 271 270 269 269 268 265 258 253 250 244 245 248 255 266 267 267 266 265 265 264 263 263 263 262 262 262 262 261 261 261 261 261 261 261 261 260 260 261
274 275 276 276 276 272 272 275 275 275 273 273 271 273 274 274 274 274 274 274 274 274 274 273 273 272 272 272 271 271 270 270 270 269 269 269 269 269 268 269 269 270 270 270 270 271 270 269 268 268 267 266 265 263 261 256 253 253 258 266 266 266 265 265 264 263 263 263 262 262 262 261 261 261 261 261 261 261 261 261 261 260 260 261
276 276 275 275 275 270 266 269 272 273 270 269 269 272 273 274 274 274 274 274 274 274 274 273 273 273 273 272 272 271 271 271 271 271 271 270 270 269 269 269 269 269 268 270 270 270 269 268 267 266 266 266 266 265 265 264 264 263 264 265 265 265 264 264 263 263 262 262 262 262 262 261 261 261 261 261 261 261 261 261 260 260 260 260
274 276 275 272 273 274 273 268 264 265 266 268 269 272 273 274 274 274 275 275 274 274 274 274 273 273 273 273 273 272 272 272 272 272 272 271 271 270 269 268 270 269 267 267 269 269 269 267 266 265 265 265 264 264 264 264 264 264 264 264 264 263 263 263 263 262 262 262 262 262 261 261 261 261 261 261 261 261 261 260 260 260 260 260
274 275 275 274 273 274 274 274 270 265 262 264 268 273 274 274 275 275 275 275 275 274 274 274 274 274 273 273 273 273 273 273 273 273 272 272 271 271 270 269 269 269 268 268 269 269 268 267 266 265 264 264 264 264 263 263 263 263 263 263 263 263 263 262 262 262 262 262 261 261 261 261 261 261 261 261 261 261 261 260 260 260 260 260
274 273 274 275 275 275 274 274 275 272 266 265 266 272 274 275 275 275 275 275 275 275 275 274 274 274 274 274 273 273 273 273 273 273 273 273 272 272 271 271 270 270 269 268 269 270 269 268 267 266 265 265 264 264 264 263 263 263 263 263 263 262 262 262 262 262 262 262 261 261 261 261 261 261 261 261 261 261 261 261 261 260 260 260
274 274 274 274 274 274 274 273 271 270 272 272 267 268 273 275 275 276 276 276 276 275 275 275 275 275 274 274 274 274 273 273 273 273 273 273 273 272 272 271 272 271 270 270 269 269 270 269 268 266 266 265 265 264 264 263 263 263 263 263 263 257 254 262 262 262 262 262 261 261 261 261 261 261 261 261 261 261 261 261 261 261 260 260
274 273 274 274 274 274 274 274 273 273 272 270 272 271 270 275 273 275 276 276 276 276 276 276 275 275 275 274 274 274 274 273 273 273 273 273 273 273 273 272 272 272 271 271 270 269 270 269 268 267 266 266 265 265 264 264 263 263 263 263 263 260 260 262 262 262 262 261 261 261 261 261 261 261 261 261 261 261 261 261 261 261 261 260
273 273 273 273 273 273 273 274 274 274 271 273 271 273 274 276 275 273 274 276 277 276 276 276 276 276 275 275 274 274 274 274 274 274 274 274 274 274 273 273 273 273 272 271 271 270 270 270 269 268 267 266 266 265 264 264 263 263 263 263 262 262 262 262 262 262 262 261 261 261 261 261 261 261 261 261 261 261 261 261 261 261 261 260
1.#QNAN 1.#QNAN 272 272 272 272 273 273 274 274 274 275 274 275 275 276 276 276 274 274 277 277 276 276 276 276 275 275 275 274 274 274 274 274 274 274 274 274 274 274 273 273 273 272 272 271 270 270 270 269 268 267 266 265 265 264 264 263 263 263 262 262 262 262 262 262 262 261 261 261 261 261 261 261 261 261 261 261 261 261 261 261 261 261
1.#QNAN 1.#QNAN 1.#QNAN 272 272 272 273 273 274 274 274 274 274 273 274 275 276 276 275 275 277 277 277 277 276 276 276 275 275 275 274 274 274 274 274 274 274 274 274 274 274 273 273 273 272 272 271 271 270 270 269 268 267 267 266 265 265 264 264 264 263 263 263 262 262 262 262 262 262 262 262 262 262 262 262 262 263 263 262 262 262 262 262 261
1.#QNAN 1.#QNAN 1.#QNAN 1.#QNAN 1.#QNAN 272 273 273 274 274 274 274 274 275 275 273 274 275 275 276 277 277 277 277 277 276 276 276 275 275 275 275 275 275 275 275 274 274 274 274 273 273 273 273 273 272 272 271 271 271 270 269 269 268 267 267 266 266 265 265 264 264 263 263 263 262 262 262 262 262 262 262 263 263 263 263 264 264 264 263 263 263 263 262
1.#QNAN 1.#QNAN 1.#QNAN 1.#QNAN 1.#QNAN 1.#QNAN 273 273 273 274 274 274 275 275 274 274 275 275 275 276 276 277 277 277 277 277 276 276 276 276 276 276 276 276 275 275 275 274 274 274 274 273 273 273 273 273 272 272 272 271 271 270 270 269 269 268 267 267 266 266 265 264 264 263 263 262 262 262 262 263 263 263 263 264 264 265 265 265 265 265 264 264 264 263
1.#QNAN 1.#QNAN 1.#QNAN 1.#QNAN 1.#QNAN 1.#QNAN 1.#QNAN 1.#QNAN 273 273 273 274 273 272 274 275 275 275 275 276 276 276 277 277 277 277 276 276 276 276 276 276 276 276 276 275 275 275 274 274 274 273 273 273 273 273 273 272 272 272 271 271 270 270 270 269 269 268 267 266 266 265 265 264 263 263 262 263 263 263 263 263 264 265 265 266 266 266 266 266 266 265 265 264
1.#QNAN 1.#QNAN 1.#QNAN 1.#QNAN 1.#QNAN 1.#QNAN 1.#QNAN 1.#QNAN 1.#QNAN 1.#QNAN 273 273 272 273 274 275 275 276 276 276 276 277 277 277 277 277 277 277 276 276 277 277 277 277 276 276 275 275 274 274 274 274 273 273 273 273 273 273 273 273 272 271 270 269 269 270 269 269 268 267 267 266 265 264 264 263 263 263 263 263 264 264 265 265 266 267 267 267 266 266 266 266 266 265
1.#QNAN 1.#QNAN 1.#QNAN 1.#QNAN 1.#QNAN 1.#QNAN 1.#QNAN 1.#QNAN 1.#QNAN 1.#QNAN 1.#QNAN 1.#QNAN 273 273 274 274 275 275 275 275 275 276 277 277 277 277 277 276 276 276 277 276 276 276 276 276 276 275 275 274 274 274 273 273 273 273 273 273 273 273 272 271 270 269 269 268 268 268 268 267 267 266 266 265 264 264 263 264 264 264 265 265 266 266 266 267 266 266 266 265 266 266 266 265
1.#QNAN 1.#QNAN 1.#QNAN 1.#QNAN 1.#QNAN 1.#QNAN 1.#QNAN 1.#QNAN 1.#QNAN 1.#QNAN 1.#QNAN 1.#QNAN 1.#QNAN 1.#QNAN 274 274 274 274 274 275 275 275 276 276 276 276 276 276 276 276 276 276 276 276 276 276 276 275 275 274 274 274 274 273 273 273 273 272 272 272 271 271 270 268 267 266 265 265 265 265 266 266 266 266 265 265 264 265 265 265 266 266 266 266 266 264 264 265 262 264 265 266 266 265
1.#QNAN 1.#QNAN 1.#QNAN 1.#QNAN 1.#QNAN 1.#QNAN 1.#QNAN 1.#QNAN 1.#QNAN 1.#QNAN 1.#QNAN 1.#QNAN 1.#QNAN 1.#QNAN 1.#QNAN 274 274 274 274 274 274 274 275 275 275 275 275 275 275 276 276 276 275 276 275 275 275 274 273 274 274 274 274 273 273 273 272 272 272 271 271 270 269 268 267 265 264 263 264 263 264 264 265 266 266 265 265 266 266 267 267 267 266 266 265 262 261 257 254 259 261 264 264 265
1.#QNAN 1.#QNAN 1.#QNAN 1.#QNAN 1.#QNAN 1.#QNAN 1.#QNAN 1.#QNAN 1.#QNAN 1.#QNAN 1.#QNAN 1.#QNAN 1.#QNAN 1.#QNAN 1.#QNAN 1.#QNAN 1.#QNAN 273 273 273 273 274 274 274 274 274 275 275 275 275 276 276 275 275 275 275 275 274 273 274 274 274 274 273 273 272 272 272 271 271 270 269 269 268 267 266 264 262 261 261 263 262 262 264 265 266 266 267 267 268 268 268 267 265 263 260 255 259 257 252 253 258 264 265
