08 Ecocrop/raster/current/tmean_8.asc
ncols        683
nrows        518
xllcorner    -87.691666666667
yllcorner    10.708333333333
cellsize     0.008333333333
NODATA_value  1.#QNAN
[rows 37 to 73 of 518, columns 336 to 419 of 683]
258 258 257 257 258 260 261 261 260 261 261 262 262 262 262 262 262 263 1.#QNAN 1.#QNAN 1.#QNAN 1.#QNAN 1.#QNAN 1.#QNAN 1.#QNAN 1.#QNAN 1.#QNAN 1.#QNAN 1.#QNAN 1.#QNAN 1.#QNAN 1.#QNAN 1.#QNAN 1.#QNAN 1.#QNAN 1.#QNAN 1.#QNAN 1.#QNAN 1.#QNAN 1.#QNAN 1.#QNAN 1.#QNAN 1.#QNAN 1.#QNAN 1.#QNAN 1.#QNAN 1.#QNAN 1.#QNAN 1.#QNAN 1.#QNAN 1.#QNAN 1.#QNAN 1.#QNAN 1.#QNAN 1.#QNAN 1.#QNAN 1.#QNAN 1.#QNAN 1.#QNAN 1.#QNAN 1.#QNAN 1.#QNAN 260 261 1.#QNAN 1.#QNAN 1.#QNAN 1.#QNAN 1.#QNAN 1.#QNAN 1.#QNAN 1.#QNAN 1.#QNAN 1.#QNAN 258 258 257 257 256 256 256 257 256 256
259 258 257 259 260 260 261 261 260 261 261 262 262 262 262 262 262 262 262 1.#QNAN 1.#QNAN 1.#QNAN 1.#QNAN 1.#QNAN 1.#QNAN 1.#QNAN 1.#QNAN 1.#QNAN 1.#QNAN 1.#QNAN 1.#QNAN 1.#QNAN 1.#QNAN 1.#QNAN 1.#QNAN 1.#QNAN 1.#QNAN 1.#QNAN 1.#QNAN 1.#QNAN 1.#QNAN 1.#QNAN 1.#QNAN 1.#QNAN 1.#QNAN 1.#QNAN 1.#QNAN 1.#QNAN 1.#QNAN 1.#QNAN 1.#QNAN 1.#QNAN 1.#QNAN 1.#QNAN 1.#QNAN 1.#QNAN 1.#QNAN 1.#QNAN 1.#QNAN 1.#QNAN 1.#QNAN 1.#QNAN 260 260 260 260 1.#QNAN 1.#QNAN 1.#QNAN 1.#QNAN 1.#QNAN 1.#QNAN 1.#QNAN 1.#QNAN 1.#QNAN 258 257 256 256 256 256 256 256 256
260 260 260 260 260 261 261 261 261 261 261 261 261 261 262 262 262 262 262 262 263 1.#QNAN 1.#QNAN 1.#QNAN 1.#QNAN 1.#QNAN 1.#QNAN 1.#QNAN 1.#QNAN 1.#QNAN 1.#QNAN 1.#QNAN 1.#QNAN 1.#QNAN 1.#QNAN 1.#QNAN 1.#QNAN 1.#QNAN 1.#QNAN 1.#QNAN 1.#QNAN 1.#QNAN 1.#QNAN 1.#QNAN 1.#QNAN 1.#QNAN 1.#QNAN 1.#QNAN 1.#QNAN 1.#QNAN 1.#QNAN 1.#QNAN 1.#QNAN 1.#QNAN 1.#QNAN 1.#QNAN 1.#QNAN 1.#QNAN 1.#QNAN 1.#QNAN 1.#QNAN 260 260 260 260 260 1.#QNAN 1.#QNAN 1.#QNAN 1.#QNAN 1.#QNAN 1.#QNAN 1.#QNAN 1.#QNAN 1.#QNAN 258 256 255 256 256 256 256 256 256
260 259 260 260 260 260 260 260 261 261 261 261 260 260 261 260 260 261 261 261 261 262 1.#QNAN 1.#QNAN 1.#QNAN 263 1.#QNAN 1.#QNAN 1.#QNAN 1.#QNAN 1.#QNAN 1.#QNAN 1.#QNAN 1.#QNAN 1.#QNAN 1.#QNAN 1.#QNAN 1.#QNAN 1.#QNAN 1.#QNAN 1.#QNAN 1.#QNAN 1.#QNAN 1.#QNAN 1.#QNAN 1.#QNAN 1.#QNAN 1.#QNAN 1.#QNAN 1.#QNAN 1.#QNAN 1.#QNAN 1.#QNAN 1.#QNAN 1.#QNAN 1.#QNAN 1.#QNAN 1.#QNAN 1.#QNAN 1.#QNAN 1.#QNAN 259 259 259 259 259 1.#QNAN 1.#QNAN 1.#QNAN 1.#QNAN 1.#QNAN 1.#QNAN 1.#QNAN 1.#QNAN 1.#QNAN 257 256 255 255 256 255 255 255 255
259 257 258 259 260 259 259 260 260 261 259 260 260 260 261 260 261 261 261 261 261 262 262 1.#QNAN 262 262 262 1.#QNAN 1.#QNAN 1.#QNAN 1.#QNAN 1.#QNAN 1.#QNAN 1.#QNAN 1.#QNAN 1.#QNAN 1.#QNAN 1.#QNAN 1.#QNAN 1.#QNAN 1.#QNAN 1.#QNAN 1.#QNAN 1.#QNAN 1.#QNAN 1.#QNAN 1.#QNAN 1.#QNAN 1.#QNAN 1.#QNAN 1.#QNAN 1.#QNAN 1.#QNAN 1.#QNAN 1.#QNAN 1.#QNAN 1.#QNAN 1.#QNAN 1.#QNAN 1.#QNAN 259 259 258 258 258 258 1.#QNAN 1.#QNAN 258 258 258 1.#QNAN 1.#QNAN 1.#QNAN 1.#QNAN 257 257 256 255 255 255 255 255 254
259 258 258 259 259 259 259 260 259 259 259 259 260 260 260 259 260 260 261 261 261 261 262 262 262 262 262 262 262 262 262 1.#QNAN 1.#QNAN 1.#QNAN 1.#QNAN 1.#QNAN 1.#QNAN 1.#QNAN 1.#QNAN 1.#QNAN 1.#QNAN 1.#QNAN 1.#QNAN 1.#QNAN 1.#QNAN 1.#QNAN 1.#QNAN 1.#QNAN 1.#QNAN 1.#QNAN 1.#QNAN 1.#QNAN 1.#QNAN 1.#QNAN 1.#QNAN 1.#QNAN 1.#QNAN 1.#QNAN 1.#QNAN 259 258 258 258 257 257 257 257 257 257 257 257 1.#QNAN 1.#QNAN 1.#QNAN 1.#QNAN 257 256 256 255 255 255 255 255 254
259 259 259 259 259 260 259 258 259 259 259 260 260 260 259 259 259 260 261 261 260 261 262 262 262 261 262 261 261 261 261 261 261 261 1.#QNAN 1.#QNAN 1.#QNAN 1.#QNAN 1.#QNAN 1.#QNAN 1.#QNAN 1.#QNAN 1.#QNAN 1.#QNAN 1.#QNAN 1.#QNAN 1.#QNAN 1.#QNAN 1.#QNAN 1.#QNAN 1.#QNAN 1.#QNAN 1.#QNAN 1.#QNAN 1.#QNAN 1.#QNAN 1.#QNAN 1.#QNAN 259 258 257 257 257 256 256 256 256 256 256 256 257 257 257 1.#QNAN 256 256 256 256 255 255 255 255 255 254
259 259 259 259 260 260 259 258 258 259 259 259 260 259 259 259 260 260 260 260 260 261 261 261 261 261 261 261 261 261 260 260 260 260 260 260 260 261 261 261 260 260 260 260 260 1.#QNAN 1.#QNAN 1.#QNAN 1.#QNAN 1.#QNAN 1.#QNAN 1.#QNAN 1.#QNAN 1.#QNAN 1.#QNAN 1.#QNAN 1.#QNAN 258 258 257 257 257 257 256 256 256 256 256 256 256 256 256 256 256 256 256 255 256 255 255 254 254 254 254
257 259 258 258 259 259 258 257 257 257 258 259 260 259 259 260 260 260 261 261 261 261 261 261 260 261 260 260 260 260 260 260 260 260 260 260 260 260 260 260 260 260 260 260 260 1.#QNAN 1.#QNAN 1.#QNAN 1.#QNAN 1.#QNAN 1.#QNAN 1.#QNAN 1.#QNAN 1.#QNAN 1.#QNAN 1.#QNAN 1.#QNAN 258 258 257 257 257 257 256 256 256 255 256 256 256 256 256 256 256 256 255 255 255 255 254 254 254 254 253
258 257 257 257 258 258 258 256 256 257 259 260 260 260 259 260 260 260 260 260 261 261 261 260 260 260 260 260 260 260 260 259 260 259 259 259 259 260 259 259 259 260 260 1.#QNAN 1.#QNAN 260 259 1.#QNAN 1.#QNAN 1.#QNAN 1.#QNAN 1.#QNAN 1.#QNAN 1.#QNAN 1.#QNAN 259 258 258 257 257 257 257 256 256 256 256 255 255 255 256 256 256 256 255 255 254 255 255 254 254 254 254 254 253
258 256 257 256 257 258 257 256 258 259 260 260 260 260 260 259 260 260 260 261 261 260 260 260 260 259 259 260 260 260 260 259 259 259 259 259 259 259 259 259 259 259 259 260 259 259 259 1.#QNAN 1.#QNAN 1.#QNAN 1.#QNAN 259 258 258 258 258 258 258 258 257 257 256 256 256 255 255 254 254 255 255 255 256 255 254 254 254 254 254 254 254 254 254 254 254
257 256 256 256 256 258 258 258 259 259 260 260 260 260 260 260 260 260 261 260 260 260 260 260 259 259 259 260 260 260 259 259 259 259 259 259 259 259 258 258 258 258 259 259 259 259 259 259 259 259 1.#QNAN 258 258 258 258 257 257 257 257 257 257 256 256 256 255 255 255 254 255 253 253 255 255 254 253 254 254 254 254 253 253 254 253 253
257 256 256 257 258 258 258 258 259 260 260 260 260 260 260 260 260 260 260 259 259 259 260 259 259 259 260 260 260 259 259 259 259 259 259 259 259 258 257 258 258 258 259 259 259 259 259 259 259 258 258 258 258 258 258 258 257 256 257 257 256 256 255 255 255 255 255 255 255 252 252 255 255 254 253 254 253 252 253 253 253 254 253 253
257 257 257 258 259 259 257 259 260 260 260 260 259 257 259 258 258 260 260 259 259 260 260 260 259 260 259 259 258 259 259 259 259 259 258 259 258 257 257 257 258 258 259 259 259 259 258 258 258 258 258 258 258 258 258 257 257 256 257 256 256 255 254 253 251 254 254 254 254 254 253 254 254 253 253 253 253 252 251 252 253 253 253 253
257 258 259 259 259 259 259 260 260 259 259 259 257 251 253 258 259 258 259 259 259 258 259 259 259 259 258 258 258 259 259 259 259 259 259 259 258 257 257 258 258 258 259 258 258 258 258 258 258 258 258 257 258 257 258 258 257 256 256 256 254 252 249 247 249 250 247 252 254 252 252 254 255 254 253 252 252 252 251 251 252 252 253 253
258 259 259 259 259 259 259 259 259 259 257 258 255 249 252 254 258 258 259 258 258 258 259 259 259 259 259 258 259 259 258 258 258 258 258 258 258 257 257 257 257 258 258 258 258 258 258 258 258 258 257 257 257 257 257 257 257 257 257 255 254 253 253 251 248 246 250 253 253 253 254 254 254 254 254 253 251 251 249 249 250 251 251 251
258 258 259 259 259 259 259 258 258 257 257 256 256 256 257 257 259 258 258 258 258 258 259 259 259 259 258 258 259 259 258 258 258 258 258 257 258 257 256 255 257 258 258 258 258 258 258 258 257 257 257 257 257 257 257 257 257 257 256 256 254 253 254 253 252 251 250 249 251 253 251 252 253 254 253 251 249 248 247 248 249 250 249 250
258 258 259 259 258 257 259 259 259 258 256 257 257 258 258 259 258 257 256 257 257 257 258 258 259 259 258 259 258 258 258 258 258 258 258 258 257 256 256 256 257 257 258 258 258 258 258 257 257 257 257 257 257 257 257 257 257 256 256 255 255 254 253 254 253 251 245 244 246 251 250 252 253 253 251 249 248 248 248 248 248 249 248 249
259 259 258 256 258 259 259 258 258 258 256 256 256 257 257 258 258 257 258 258 258 258 259 259 259 259 258 258 258 258 258 255 257 257 257 257 257 257 255 256 257 258 258 257 257 257 257 257 257 257 257 257 257 257 257 257 256 256 256 256 256 255 254 254 253 250 246 246 248 250 250 252 251 251 251 250 250 250 249 249 249 248 248 249
258 258 255 258 259 258 259 258 257 257 257 256 254 257 255 257 257 258 258 258 258 258 258 258 258 258 258 258 258 258 256 255 257 256 256 256 256 256 255 256 257 257 257 257 257 257 257 257 256 257 257 257 257 257 257 257 255 256 256 256 256 255 255 255 254 252 252 251 251 251 252 252 251 251 252 252 252 251 251 251 250 249 249 249
257 257 258 258 258 258 258 256 253 254 256 254 256 255 256 256 257 257 258 258 256 257 258 258 258 258 258 258 258 258 256 255 255 255 255 255 256 257 257 257 257 257 257 257 256 256 256 256 255 256 257 257 256 255 256 257 256 256 256 256 256 255 255 255 255 253 253 253 252 251 251 251 252 252 252 252 252 251 251 252 252 252 249 249
256 257 257 258 259 257 256 252 252 253 255 253 252 255 257 257 257 256 255 256 256 254 256 258 258 258 258 257 257 258 256 254 253 254 255 256 256 255 256 256 257 257 257 257 256 254 255 256 256 255 256 256 256 256 255 256 256 256 256 256 256 256 255 255 255 254 254 252 253 252 252 252 252 252 252 252 252 252 252 252 252 252 251 251
256 256 258 258 258 256 253 251 249 249 252 254 256 257 257 256 257 253 254 253 252 251 251 255 257 257 257 257 257 257 257 254 253 253 253 255 254 252 251 253 256 257 257 257 256 255 255 255 254 254 255 255 255 255 255 253 255 256 256 256 256 256 255 255 255 255 254 253 253 253 253 252 253 253 253 252 253 253 253 252 252 251 251 251
256 258 257 257 257 256 255 254 253 253 254 255 255 256 256 255 256 254 252 249 251 253 253 253 255 256 256 257 257 257 257 256 255 253 253 254 252 247 245 250 256 256 257 257 256 256 256 255 255 254 254 254 254 254 254 253 254 255 256 256 255 255 255 255 255 255 254 254 253 254 253 253 253 253 253 253 253 253 253 252 251 251 252 252
258 258 257 256 254 254 252 252 250 249 247 246 251 254 255 254 254 249 249 246 245 250 252 252 252 254 256 257 256 257 257 253 254 254 252 252 253 252 251 253 256 256 256 256 255 255 254 255 255 255 254 254 253 253 253 254 254 254 255 255 255 255 255 255 255 255 254 254 254 253 253 253 253 253 253 253 253 253 253 252 253 252 253 252
256 257 257 256 251 252 247 247 248 245 247 248 247 251 250 250 251 248 245 244 246 252 253 253 254 255 256 256 256 257 256 251 255 255 253 251 254 254 255 256 256 254 254 256 255 253 251 253 255 256 255 255 255 254 254 254 254 255 255 255 255 255 255 255 254 254 254 254 253 253 253 253 253 253 253 253 253 253 253 252 252 253 253 253
253 255 256 254 249 249 247 247 241 239 245 249 248 249 248 249 251 247 249 249 250 252 254 255 255 256 256 256 256 257 257 255 255 255 253 253 255 255 253 255 255 254 255 255 255 256 253 253 254 254 255 256 256 255 254 254 255 255 255 255 255 255 255 255 254 254 253 253 253 253 253 253 253 253 253 253 253 253 253 252 253 253 253 253
248 253 254 253 251 253 252 250 243 241 246 249 250 250 250 251 249 246 249 250 252 253 254 254 254 255 255 256 256 256 256 256 256 254 249 251 253 254 249 249 253 253 254 255 255 256 256 255 255 255 254 254 255 256 255 255 254 255 255 255 255 255 254 254 254 254 253 253 252 252 252 253 253 253 253 253 253 253 253 253 253 253 253 253
251 252 252 253 252 250 251 246 241 240 244 249 248 244 244 246 245 246 244 246 247 249 252 251 253 255 256 256 256 256 256 256 256 256 252 249 252 254 252 249 247 250 250 251 255 256 256 256 256 255 255 255 254 255 255 255 255 256 255 255 255 255 254 254 254 254 253 252 252 252 252 252 252 252 253 253 253 253 253 253 253 253 253 253
251 250 246 251 250 248 250 246 236 232 244 248 244 238 236 238 240 245 243 246 249 250 252 250 251 252 254 255 255 256 256 256 256 256 253 248 253 254 252 248 248 250 252 252 255 256 256 256 256 256 256 256 255 255 256 256 255 255 255 254 255 254 254 254 253 253 253 252 252 252 252 252 252 252 252 251 252 252 252 252 253 253 253 253
244 243 242 249 247 249 251 243 234 239 247 246 240 233 231 234 241 242 242 248 250 252 253 251 253 253 253 255 255 255 256 256 256 256 256 254 253 255 253 249 250 252 253 254 255 256 256 256 256 256 256 255 254 255 255 255 255 254 254 253 253 254 254 254 253 253 253 253 252 252 252 252 252 252 252 252 252 251 252 252 253 253 252 252
239 241 246 247 244 249 247 238 236 240 246 244 238 234 234 238 240 238 242 247 249 251 252 250 251 252 253 254 254 255 256 256 256 257 257 256 256 256 256 255 254 255 255 255 256 256 257 256 256 256 256 255 253 254 255 255 254 254 254 252 253 254 254 254 253 253 253 252 252 252 252 252 252 252 252 251 251 251 252 252 253 253 252 252
237 245 247 245 241 246 242 238 237 242 243 240 237 234 235 240 240 237 241 247 249 251 250 251 251 251 252 255 255 255 253 256 256 256 256 257 256 256 256 256 256 256 256 256 256 256 256 256 256 256 256 255 254 253 254 255 254 253 254 253 253 254 254 253 253 253 253 252 252 252 252 252 252 252 252 251 252 252 252 252 253 252 252 252
243 249 243 244 240 244 247 244 243 245 244 238 233 236 241 244 244 244 243 246 248 249 248 251 252 252 254 255 256 256 256 256 257 257 257 257 257 257 256 256 256 256 257 256 256 256 257 256 256 256 255 256 255 252 252 254 254 253 254 254 254 254 253 253 253 252 252 252 252 252 252 252 252 252 252 252 252 252 252 252 252 252 252 252
249 247 241 246 238 243 247 244 245 247 245 240 232 237 240 245 247 247 247 247 249 250 246 251 253 253 254 254 255 256 257 257 257 257 257 257 257 257 256 256 255 257 257 257 256 256 256 255 255 255 255 255 255 254 252 253 253 254 254 254 253 254 253 253 252 252 250 251 252 252 252 252 252 253 252 252 252 253 252 252 251 251 252 252
244 243 244 247 241 242 246 244 244 247 246 242 236 242 242 245 247 248 249 250 250 250 249 249 253 254 255 255 255 256 256 256 257 257 257 257 257 257 257 257 256 256 256 256 255 255 255 255 255 255 255 255 255 254 252 253 253 253 254 254 254 253 253 252 252 250 250 251 252 252 252 252 252 252 253 253 253 252 250 251 252 252 253 251
242 244 249 248 244 245 243 245 245 247 245 243 242 245 244 247 248 248 247 248 248 247 249 250 252 252 251 254 255 256 256 256 257 257 256 257 256 257 257 257 257 256 255 255 254 254 253 255 253 254 255 254 254 255 254 253 252 253 253 253 254 253 252 251 252 251 251 252 252 252 252 252 253 253 253 252 251 251 250 251 251 252 252 252
