08 Ecocrop/raster/current/tmean_4.asc
ncols        683
nrows        518
xllcorner    -87.691666666667
yllcorner    10.708333333333
cellsize     0.008333333333
NODATA_value  1.#QNAN
[rows 370 to 406 of 518, columns 168 to 251 of 683]
234 236 236 238 238 240 243 244 245 247 248 250 252 254 257 261 267 267 265 267 267 268 265 264 263 261 260 263 276 280 280 280 281 279 277 278 280 280 281 281 281 281 281 281 280 279 279 279 278 278 278 278 278 278 278 278 278 278 278 278 278 278 278 278 278 278 278 278 278 278 278 278 278 278 278 278 278 278 278 278 278 278 278 278
235 237 238 238 240 242 243 246 247 248 250 252 253 255 257 262 263 262 261 263 263 264 263 261 260 257 256 264 278 279 279 279 280 281 276 277 279 280 281 281 281 281 281 281 280 279 279 279 278 278 278 278 278 278 278 278 278 278 278 278 278 278 278 278 278 278 278 278 278 278 278 278 278 278 278 278 278 278 278 278 278 278 278 278
239 237 238 240 241 243 245 246 248 249 250 253 255 257 258 260 260 259 259 259 260 261 261 259 258 255 252 266 278 279 278 279 280 280 275 276 278 280 280 281 281 281 281 281 280 279 279 279 278 278 278 278 278 278 278 278 278 278 278 278 278 278 278 278 278 278 278 278 278 278 278 278 278 278 278 278 278 278 278 278 278 278 278 278
241 240 240 240 241 243 244 245 247 248 250 251 254 255 256 258 259 258 257 257 259 259 259 258 257 254 254 268 278 279 278 279 280 280 276 276 278 279 280 280 281 281 281 281 280 279 279 279 279 278 278 278 278 278 278 278 278 278 278 278 278 278 278 278 278 278 278 278 278 278 278 278 278 278 278 278 278 278 278 278 278 278 278 278
244 242 242 241 242 243 244 245 246 248 250 251 254 255 256 257 258 257 257 257 258 258 258 257 257 256 256 264 272 277 278 275 276 275 269 274 277 278 280 280 280 280 281 280 280 279 279 279 279 278 278 278 278 278 278 278 278 278 278 278 278 278 278 278 278 278 278 278 278 278 278 278 278 278 278 278 278 278 278 278 278 278 278 278
246 245 244 243 243 243 243 244 245 247 249 250 253 255 255 256 257 257 256 257 257 258 258 258 258 258 258 259 260 267 267 261 262 262 266 274 276 278 279 280 280 280 280 281 281 280 279 279 279 279 278 278 278 278 278 278 278 278 278 278 278 278 278 278 278 278 278 278 278 278 278 278 278 278 278 278 278 278 278 278 278 278 278 278
248 247 246 245 245 244 244 244 244 246 248 250 252 254 255 255 256 256 256 256 257 258 259 259 259 260 260 262 262 262 261 261 261 263 268 270 272 276 279 279 279 278 278 280 281 280 279 279 279 279 278 278 278 278 278 278 278 278 278 278 278 278 278 278 278 278 278 278 278 278 278 278 278 278 278 278 278 278 278 278 278 278 278 278
250 248 248 247 247 246 246 245 245 246 247 249 252 253 254 255 255 256 256 256 258 259 260 260 261 261 262 263 263 263 263 264 265 266 267 267 269 272 275 276 277 276 276 278 281 280 280 279 279 279 278 278 278 278 278 278 278 278 278 278 278 278 278 278 278 278 278 278 278 278 278 278 278 278 278 278 278 278 278 278 278 278 278 278
252 250 250 249 248 248 247 247 247 247 247 249 251 253 253 254 255 255 256 257 259 260 261 262 262 263 264 265 264 265 265 266 266 267 268 268 268 269 271 271 273 274 275 277 280 280 280 279 279 279 278 278 278 278 278 278 278 278 278 278 278 278 278 278 278 278 278 278 278 278 278 278 278 278 278 278 278 278 278 278 278 278 278 278
254 253 251 251 250 249 249 249 249 248 249 249 250 253 253 254 255 256 256 257 260 261 262 263 264 265 265 266 266 266 267 267 267 267 266 266 263 264 266 266 268 271 272 274 278 280 280 279 279 279 278 278 278 278 278 278 278 277 277 277 277 278 278 278 278 278 278 278 278 278 278 278 278 278 278 278 278 278 278 278 278 278 278 278
256 255 254 252 252 251 251 251 250 250 250 251 251 253 254 254 255 256 257 258 261 263 264 265 266 266 267 267 268 268 268 268 268 266 261 261 259 256 257 257 260 266 268 270 274 277 279 279 279 279 278 278 278 278 278 277 277 277 277 277 277 277 277 277 277 277 277 277 277 277 277 277 277 277 277 277 278 278 278 278 278 278 278 278
259 257 256 255 254 253 253 253 252 252 251 252 252 253 254 255 256 257 258 259 261 263 265 267 267 268 269 269 269 269 270 269 267 264 258 250 246 243 244 244 256 261 261 265 271 276 279 279 279 278 278 278 278 277 277 277 277 277 277 277 277 277 277 277 277 277 277 277 277 277 277 277 277 277 277 277 277 277 277 277 277 277 277 277
261 259 258 257 256 256 255 255 254 253 253 253 254 254 255 256 257 258 259 260 262 264 266 268 268 269 270 270 270 271 271 270 267 264 257 247 237 225 226 234 247 250 254 260 268 275 278 279 279 278 278 278 277 277 277 277 277 277 277 277 277 277 277 277 277 277 277 277 277 277 277 277 277 277 277 277 277 277 277 277 277 277 277 277
263 261 260 259 258 258 257 257 256 256 255 255 256 256 256 257 258 259 260 261 262 265 267 269 270 270 270 271 271 271 272 271 268 266 260 252 242 223 229 221 227 242 252 262 265 270 276 279 279 279 278 278 278 278 277 277 277 277 277 277 277 277 277 277 277 277 277 277 277 277 277 277 277 277 277 277 277 277 277 277 277 277 277 277
264 263 262 261 261 260 260 259 258 258 258 257 258 258 258 259 260 261 262 262 264 265 267 269 270 271 272 272 272 273 273 272 270 268 263 257 249 240 247 231 236 249 258 265 268 270 274 278 279 279 278 278 278 278 278 278 278 278 277 277 277 277 277 277 277 277 277 277 277 277 277 277 277 277 277 277 277 277 277 277 277 277 277 277
266 265 264 263 263 262 262 261 261 260 260 260 260 260 260 261 261 262 263 264 265 266 268 270 271 272 272 273 273 274 274 273 272 270 268 264 260 254 255 251 252 260 266 270 271 271 272 273 279 279 279 278 278 278 278 278 278 278 278 277 277 277 277 277 277 277 277 277 277 277 277 277 277 277 277 277 277 277 277 277 277 277 277 277
268 267 266 266 265 265 264 263 263 262 262 262 262 262 262 263 263 264 264 265 266 267 268 270 271 272 272 274 275 275 275 275 274 273 272 270 268 266 266 265 265 269 272 275 277 275 274 276 280 279 279 279 278 278 278 278 278 278 278 278 277 277 277 277 277 277 277 277 277 277 277 277 277 277 277 277 277 277 277 277 277 277 277 277
270 269 268 268 267 267 266 266 266 265 265 264 264 264 264 265 265 265 266 267 267 268 270 271 272 273 274 275 276 277 277 277 276 275 275 275 273 273 273 273 275 275 277 279 279 279 278 279 280 280 279 279 278 278 278 278 278 278 278 278 277 277 277 277 277 277 277 277 277 277 277 277 277 277 277 277 277 277 277 277 277 277 277 277
272 271 271 270 270 269 269 268 268 267 267 267 267 267 266 267 267 267 268 268 269 270 271 272 273 274 275 276 277 278 278 278 278 277 277 277 276 277 277 278 279 280 280 280 280 280 280 281 280 280 279 279 278 278 278 278 278 278 278 278 278 277 277 277 277 277 277 277 277 277 277 277 277 277 277 277 277 277 277 277 277 277 277 277
274 273 273 272 271 271 270 270 270 269 269 269 268 268 268 268 268 268 269 270 270 271 272 274 274 275 276 277 277 278 278 279 279 278 279 279 279 279 279 280 281 281 281 281 280 280 280 279 279 279 279 279 278 278 278 278 278 278 278 278 278 277 277 277 277 277 277 277 277 277 277 277 277 277 277 277 277 277 277 277 277 277 277 277
276 275 274 274 273 273 272 272 272 271 270 270 270 270 270 270 269 270 271 271 272 273 274 275 275 276 276 277 278 278 279 279 279 279 279 279 279 280 281 281 281 281 281 280 280 279 279 279 279 279 279 278 277 278 278 278 278 278 276 278 278 277 277 277 277 277 277 277 276 276 277 277 277 277 277 277 277 277 277 277 277 277 277 277
277 277 276 275 275 274 274 274 273 273 272 272 272 272 271 271 271 271 272 273 273 274 275 276 276 277 277 277 278 279 279 279 279 279 279 280 280 280 281 281 281 281 281 280 279 279 279 278 279 279 278 278 276 276 277 277 277 278 271 276 278 277 277 277 277 277 277 276 276 276 276 276 276 276 277 277 277 277 277 277 277 277 277 277
278 278 277 277 276 276 276 276 275 275 274 274 274 273 273 272 272 273 273 274 275 276 276 277 277 278 278 278 279 279 279 279 279 280 280 280 279 280 280 280 281 280 280 280 279 279 278 278 278 278 278 275 272 273 273 273 271 273 272 276 278 277 277 277 277 277 277 276 276 276 276 276 276 276 276 276 276 276 277 277 277 277 277 277
280 280 279 277 277 278 278 278 277 276 276 275 275 274 274 274 273 274 274 275 276 276 277 278 278 278 279 279 279 280 280 280 280 280 280 280 279 279 279 279 280 280 280 280 279 279 278 278 278 278 275 272 269 272 273 266 261 261 268 275 278 277 277 277 277 277 277 276 276 276 276 276 276 276 276 276 276 276 276 276 276 276 276 276
281 281 280 279 279 279 279 279 279 278 277 276 276 275 274 274 274 274 275 276 277 277 278 278 279 279 279 280 280 280 280 280 280 280 280 280 279 279 279 280 280 280 280 280 280 279 278 278 278 277 274 270 263 266 267 260 254 252 262 272 277 277 277 277 277 277 276 276 276 276 276 276 276 276 276 276 276 276 276 276 276 276 276 276
281 282 281 279 281 281 280 280 279 279 279 277 276 276 275 275 272 273 276 277 277 278 278 279 279 280 280 280 280 280 280 280 280 280 280 280 280 280 280 280 280 280 281 280 280 280 279 279 278 278 278 273 266 263 264 260 260 258 263 271 276 277 277 277 276 276 276 276 276 276 276 276 276 276 276 276 276 276 276 276 276 276 276 276
282 282 281 281 282 281 281 280 280 280 279 277 277 276 276 274 270 276 277 277 278 278 279 279 279 280 280 280 281 281 281 280 280 281 281 281 280 280 280 281 281 281 281 281 280 280 279 279 279 278 278 277 272 272 270 271 270 268 266 271 276 277 276 276 276 276 276 276 276 276 276 276 276 276 276 276 276 276 276 276 276 276 276 276
284 283 283 282 282 282 281 280 280 280 278 278 277 275 275 275 275 276 277 277 278 278 279 279 279 279 279 280 281 281 281 281 281 281 281 281 281 281 281 281 281 282 281 281 280 280 280 279 279 278 277 276 277 277 276 277 276 275 273 274 276 276 276 276 276 276 276 276 276 276 276 276 276 276 276 276 276 276 276 276 276 276 276 276
284 283 281 281 282 281 280 279 277 278 277 276 276 274 274 274 275 276 275 276 276 276 277 278 277 277 278 278 280 281 281 281 281 281 281 281 281 281 282 281 281 282 281 281 281 280 280 280 279 278 277 277 277 277 277 277 276 276 276 276 276 276 276 276 276 276 276 276 276 276 276 276 276 276 276 276 276 276 276 276 276 276 276 276
279 278 280 282 282 281 279 278 279 277 276 275 274 272 272 272 275 275 272 274 274 274 276 275 276 276 279 277 279 280 280 279 281 281 282 282 282 282 282 282 282 282 281 281 280 280 280 280 279 279 277 278 277 277 277 276 276 276 276 276 276 276 276 276 276 276 276 276 276 276 276 276 276 276 276 276 276 276 276 276 276 276 276 276
281 282 282 281 280 280 278 280 280 279 276 277 275 272 271 273 274 272 269 271 272 271 273 272 274 278 279 280 280 280 281 281 281 281 282 282 282 282 282 282 281 281 281 281 280 280 280 280 280 279 278 278 277 277 277 276 276 276 276 276 276 276 276 276 276 276 275 275 275 275 275 275 275 275 275 275 276 276 276 276 276 276 276 276
282 281 281 279 280 279 279 281 281 279 277 278 274 271 272 273 271 270 267 267 270 270 270 271 271 275 277 280 280 281 281 281 281 281 282 282 282 282 282 282 281 281 281 281 281 281 279 280 280 279 278 278 277 277 277 276 276 276 276 276 276 275 275 275 275 275 275 275 275 275 275 275 275 275 275 275 275 275 275 275 276 276 276 276
283 281 282 281 282 280 281 282 281 280 278 274 272 271 272 269 262 266 265 264 267 272 271 272 275 276 277 279 279 279 279 280 280 280 280 280 282 282 282 282 281 281 281 281 281 280 279 278 279 279 279 278 278 277 277 276 276 276 275 275 275 275 275 275 275 275 275 275 275 275 275 275 275 275 275 275 275 275 275 275 275 275 276 276
284 283 284 283 283 283 282 279 278 277 273 269 268 271 269 262 260 267 266 266 268 273 273 275 276 274 276 277 278 277 276 277 276 275 275 279 281 282 282 282 281 281 281 281 281 281 280 278 278 279 279 278 278 277 277 276 276 275 275 275 275 275 275 275 275 275 275 275 275 275 275 275 275 275 275 275 275 275 275 275 275 275 275 275
285 284 285 285 285 282 279 279 275 274 270 268 271 268 265 256 260 268 269 268 273 275 271 273 276 273 275 276 277 275 276 276 276 277 277 280 282 282 282 282 281 281 281 281 281 281 281 280 280 279 279 278 278 277 277 276 276 275 275 275 275 275 275 275 275 275 275 275 275 275 275 275 275 275 275 275 275 275 275 275 275 275 275 275
286 285 285 285 284 283 281 279 277 274 268 268 273 269 267 261 267 275 271 272 275 275 270 271 274 277 276 275 277 275 276 277 277 278 280 281 282 282 282 281 281 281 281 281 281 281 281 281 280 279 279 278 278 277 277 276 276 275 275 275 275 275 275 275 275 275 275 275 275 275 275 275 275 275 275 275 275 275 275 275 275 275 275 275
286 285 285 284 281 279 280 276 276 269 270 275 274 272 270 268 272 278 276 276 277 276 273 276 275 279 279 278 276 276 276 277 277 280 280 281 282 282 281 281 281 281 281 281 281 281 281 281 280 279 279 278 277 277 276 276 275 275 275 275 275 275 275 275 275 275 275 275 275 275 275 275 275 275 275 275 275 275 275 275 275 275 275 275
