08 Ecocrop/raster/current/tmean_7.asc
ncols        683
nrows        518
xllcorner    -87.691666666667
yllcorner    10.708333333333
cellsize     0.008333333333
NODATA_value  1.#QNAN
[rows 148 to 184 of 518, columns 336 to 419 of 683]
262 258 249 255 257 260 262 263 262 259 260 259 257 258 259 257 252 251 246 238 233 240 247 246 251 250 245 240 242 239 234 232 239 243 245 244 246 249 249 248 242 250 256 255 257 258 256 255 253 251 257 261 263 263 263 264 264 263 263 261 259 257 260 262 263 263 262 262 262 262 262 263 263 263 262 263 263 262 262 262 262 262 262 262
262 254 252 256 260 261 262 263 262 261 259 259 256 259 258 254 252 251 249 238 230 240 250 253 246 245 243 239 234 231 226 231 237 242 247 241 240 247 251 252 252 255 256 254 254 254 257 257 257 256 259 260 261 262 263 264 263 263 263 260 259 258 261 263 263 262 262 262 263 263 263 263 263 263 262 262 262 262 262 262 262 262 262 262
262 260 259 257 259 261 263 263 262 261 260 260 259 260 258 257 255 253 249 241 240 246 252 251 239 238 233 230 229 230 235 240 246 250 250 248 249 248 254 254 256 257 257 253 248 251 253 255 253 256 259 260 260 260 263 263 262 263 263 262 263 262 262 263 263 262 262 262 263 262 263 263 263 263 262 262 263 263 263 262 262 262 262 262
261 259 260 259 262 262 263 262 262 261 260 261 261 259 257 256 254 252 245 246 250 251 256 251 247 243 242 237 239 242 248 246 246 253 249 253 255 254 256 256 255 255 258 257 254 251 249 250 251 253 257 258 259 260 263 263 262 262 263 262 260 261 259 263 263 263 263 262 262 262 263 263 263 263 263 262 263 263 263 262 262 262 262 262
261 259 261 261 263 263 262 262 261 260 261 261 261 258 257 255 254 249 246 252 255 255 257 258 257 255 252 248 246 253 254 254 250 255 256 256 257 257 256 255 255 256 258 259 258 256 255 255 256 257 259 260 261 261 262 262 261 262 262 262 260 260 259 261 263 263 263 262 262 263 263 262 263 263 263 263 263 263 262 262 262 262 262 262
263 260 262 262 263 262 262 262 262 262 262 261 260 258 257 255 253 246 249 256 257 257 255 258 259 258 257 254 252 253 256 257 258 259 260 259 259 258 256 256 255 258 258 258 259 259 259 259 258 259 261 261 262 262 262 260 262 262 262 261 261 261 260 260 262 263 263 263 263 263 263 263 263 263 263 263 263 263 262 263 263 263 262 262
263 262 263 263 263 263 263 262 261 261 262 260 259 259 257 258 256 250 253 258 258 258 257 260 260 258 254 254 250 248 251 256 259 261 261 261 259 259 257 255 258 258 258 255 259 261 260 259 259 259 259 260 261 262 262 258 258 262 263 261 261 262 262 261 262 263 263 263 263 263 263 263 263 264 264 263 263 263 263 263 263 263 263 263
263 262 262 263 263 263 262 262 262 262 262 260 258 259 258 259 258 258 255 257 257 258 260 261 261 258 255 256 254 249 250 256 258 260 261 262 261 259 260 259 257 258 259 257 258 260 262 261 261 261 261 261 261 261 261 261 261 261 262 263 262 263 263 263 263 263 263 263 263 263 263 263 263 263 264 264 263 263 263 263 263 263 263 262
263 263 263 263 263 263 263 262 262 261 261 260 260 261 259 259 256 257 257 256 255 253 257 261 261 258 257 258 260 259 257 259 262 261 261 262 262 262 261 260 259 259 260 259 259 261 262 263 262 262 261 262 263 262 259 260 262 262 261 262 263 263 263 263 263 263 263 263 263 263 263 263 263 263 263 264 264 263 263 263 263 263 263 263
263 263 263 263 263 263 262 263 262 261 262 262 262 262 261 260 259 258 258 256 257 255 258 261 260 256 256 258 260 262 261 261 262 263 263 262 263 263 262 260 262 260 261 262 262 262 263 263 263 263 262 263 263 262 262 261 262 263 261 261 263 263 263 263 263 263 263 263 263 263 263 263 263 263 263 264 264 264 264 263 263 263 263 263
263 263 263 263 263 263 262 263 262 260 262 262 262 262 261 260 261 261 261 259 258 257 260 262 260 258 257 257 260 262 263 263 263 263 263 263 263 263 263 263 262 262 261 262 262 261 260 262 263 264 262 263 264 264 264 263 263 263 262 262 263 263 263 263 263 263 263 263 263 263 263 263 263 263 263 263 264 264 264 263 263 263 263 263
263 263 263 263 263 263 263 263 262 262 262 262 263 262 261 259 258 262 262 262 261 261 262 262 261 258 258 261 258 260 261 263 263 264 263 263 264 263 264 264 264 263 263 262 263 262 261 263 264 264 264 264 264 264 264 264 264 264 263 263 263 263 263 263 263 263 263 263 263 263 263 263 263 263 263 263 264 264 263 263 263 264 263 263
263 263 262 263 263 263 263 263 263 262 263 262 263 262 262 260 259 260 262 262 262 262 262 262 261 261 262 262 257 256 262 263 264 264 263 264 264 264 264 264 264 264 264 264 264 264 264 264 264 264 264 264 264 264 264 264 264 263 263 263 263 263 263 263 263 263 263 263 263 264 264 264 264 264 263 263 263 263 263 262 264 263 264 264
262 263 261 262 263 263 263 263 262 262 263 262 263 263 263 262 262 260 261 262 262 262 262 263 262 262 262 262 262 261 263 263 264 264 264 264 264 264 264 262 263 264 265 265 265 265 265 265 264 264 264 264 264 265 265 264 264 264 263 263 264 263 263 263 263 263 263 263 263 263 264 264 264 264 264 263 263 263 262 263 264 264 264 264
262 259 259 261 261 262 263 263 261 261 263 262 263 263 263 263 262 260 261 263 263 262 262 263 263 262 262 263 263 262 262 262 264 264 264 264 264 264 264 264 264 264 264 265 265 263 259 265 264 264 265 264 265 265 265 264 264 264 264 264 264 263 263 263 263 263 263 263 263 263 264 264 263 264 264 263 263 263 263 264 264 263 263 263
261 258 259 261 262 261 263 263 262 261 263 263 262 262 263 263 262 262 262 262 262 260 262 262 260 261 262 261 262 262 261 262 264 263 260 264 264 264 264 264 264 264 265 264 265 264 264 265 264 264 264 264 264 265 265 264 264 264 263 263 264 263 264 263 263 263 263 263 263 263 263 263 263 263 263 263 263 263 264 264 263 263 263 263
261 259 260 261 262 262 263 262 261 262 263 263 263 263 263 262 263 263 263 261 258 256 260 262 262 261 261 257 257 261 261 261 261 262 261 262 263 264 264 264 264 263 264 264 264 265 265 264 264 264 264 264 264 264 264 264 264 264 263 262 261 262 263 263 263 263 263 263 263 263 263 263 263 263 263 263 263 264 264 264 263 263 263 263
261 260 260 262 262 262 263 262 261 261 262 262 262 263 263 263 264 263 263 261 258 257 258 259 262 259 259 258 254 257 254 257 261 261 260 260 261 264 264 264 264 264 264 264 265 265 265 264 264 264 264 264 265 264 264 264 264 263 263 262 260 261 263 263 263 263 263 263 263 263 263 263 263 263 263 263 263 264 263 263 263 263 262 262
261 260 261 262 262 262 263 262 261 259 261 262 262 262 263 264 263 261 263 263 261 258 256 259 262 262 257 251 252 250 246 253 259 262 262 261 260 262 263 264 265 264 264 264 264 264 265 265 264 264 264 264 265 264 264 264 263 263 263 262 260 260 262 263 263 263 263 263 263 263 263 263 263 263 263 263 263 264 264 263 263 262 262 262
261 261 262 262 262 262 263 261 261 256 257 261 262 261 262 263 263 261 261 263 263 262 258 258 260 262 262 259 252 251 249 256 259 261 261 262 261 262 263 264 265 264 264 264 264 265 265 265 264 264 264 264 264 264 264 264 263 263 263 262 261 260 261 262 262 262 262 262 262 263 263 263 264 264 264 264 264 264 264 264 263 262 262 262
261 261 262 262 262 263 262 263 260 256 258 259 262 261 262 262 262 262 261 260 261 263 261 262 261 261 262 263 261 256 247 256 258 258 257 259 259 263 263 264 265 264 264 264 263 263 264 265 265 264 264 264 264 264 264 264 264 263 263 262 261 260 261 261 262 263 262 262 262 263 263 264 264 264 263 264 264 264 264 264 263 262 262 262
260 261 261 262 262 262 262 263 259 259 257 261 262 262 261 257 260 260 261 260 260 262 263 263 262 260 261 263 262 255 255 259 260 257 258 256 256 258 260 263 264 264 263 263 262 262 264 264 264 264 264 264 264 264 264 264 264 263 263 263 262 261 261 262 262 263 263 263 262 263 264 263 263 263 263 264 264 264 264 264 263 263 263 262
259 260 262 262 261 261 262 262 262 261 260 261 262 263 261 258 260 260 262 262 261 262 263 264 261 259 261 262 263 261 262 262 259 257 258 257 258 256 258 262 263 264 264 264 264 263 264 264 264 264 264 264 264 264 264 264 264 264 263 263 263 261 262 262 262 263 263 263 263 263 263 263 263 263 263 264 264 264 264 264 263 263 263 262
258 261 261 261 261 262 262 261 262 262 262 263 263 263 261 260 258 261 260 261 263 263 263 263 263 262 262 262 263 263 262 262 258 255 257 259 259 259 260 261 263 263 264 264 264 264 264 264 264 264 264 264 264 264 263 264 264 264 263 263 263 262 262 262 262 262 263 262 262 263 263 263 263 263 263 263 263 264 264 264 264 263 263 262
260 261 261 260 261 262 261 260 261 262 263 263 263 263 262 262 260 259 260 259 261 263 263 262 263 263 263 262 263 263 261 262 259 257 257 259 260 261 262 263 263 263 263 264 264 264 264 264 264 264 264 264 264 264 263 264 264 264 263 263 263 262 262 263 262 261 261 262 262 262 263 263 263 263 263 263 263 263 263 263 264 263 263 263
261 261 261 261 262 262 261 261 261 261 262 263 263 263 262 262 261 260 260 261 261 261 263 262 262 263 263 263 263 263 261 261 261 260 257 255 260 262 262 262 263 263 263 264 264 264 264 264 264 264 264 264 264 264 264 264 264 264 264 263 263 263 263 263 263 261 261 262 262 262 263 263 263 263 263 263 263 263 263 263 264 264 263 263
260 261 261 261 261 262 262 261 261 261 262 263 263 263 263 261 259 258 258 260 260 259 261 261 262 263 263 263 263 263 262 261 261 260 256 257 258 262 261 262 263 263 263 264 264 264 264 264 264 264 264 264 264 264 264 264 264 264 264 263 263 263 263 263 263 262 261 261 262 262 263 263 263 264 264 263 263 263 263 263 264 264 264 263
260 261 261 261 261 261 262 261 261 261 262 262 263 263 262 260 257 256 258 259 258 258 259 259 261 262 263 263 262 262 262 260 259 259 256 255 258 262 262 263 263 263 262 263 263 263 264 263 263 264 264 264 264 264 264 264 264 264 264 263 263 263 263 263 263 263 262 262 262 262 262 263 264 264 264 264 263 263 263 263 263 264 264 264
260 260 261 260 261 261 262 261 260 262 262 263 263 263 262 259 254 256 257 258 257 256 254 257 256 255 258 262 262 262 263 261 259 259 260 260 262 262 262 263 263 263 263 263 263 263 263 263 263 264 264 264 263 264 264 264 264 264 264 264 263 263 263 263 263 263 262 262 262 262 262 263 264 264 264 264 263 263 264 263 263 263 264 264
261 261 261 261 261 262 262 262 260 262 262 263 262 263 261 261 258 255 258 259 257 254 248 254 250 251 256 257 261 262 263 262 262 262 262 262 262 263 263 263 263 263 262 262 263 263 263 263 263 264 264 264 263 264 264 264 264 264 264 264 263 263 263 263 263 263 263 262 263 263 263 263 264 264 264 264 264 264 264 264 264 263 263 264
260 260 261 261 261 261 261 262 262 262 262 263 263 263 262 261 258 257 257 260 259 257 254 254 253 251 252 257 259 259 262 262 262 262 262 262 262 263 262 263 263 263 262 262 262 263 263 263 263 263 263 263 263 264 264 264 264 264 264 264 264 263 263 263 263 263 263 263 263 263 263 263 263 264 264 264 264 264 264 264 264 264 264 264
260 260 261 261 261 262 262 262 262 262 262 262 263 262 261 260 258 259 259 260 257 252 253 257 258 256 256 260 260 260 260 261 262 262 262 262 262 262 263 263 263 263 263 263 262 263 263 263 263 263 263 263 264 264 264 264 264 264 264 264 264 264 263 263 263 263 263 263 263 263 263 263 263 263 264 264 264 264 264 264 264 264 264 264
261 261 261 261 261 261 262 260 260 262 262 263 263 262 261 259 260 260 256 259 259 252 250 257 260 259 257 258 257 257 260 261 261 262 262 263 263 262 263 262 261 263 263 263 263 263 263 263 263 263 263 263 263 263 263 263 264 264 264 264 264 264 263 263 263 263 264 263 263 263 263 263 263 263 264 264 264 264 264 264 264 264 264 264
260 260 261 261 260 261 262 261 261 261 262 263 263 262 261 259 259 260 257 255 258 259 257 259 261 258 257 257 259 258 260 260 261 261 262 262 262 262 262 262 262 262 262 263 262 263 263 263 263 263 263 263 263 263 263 263 263 263 264 263 264 264 263 263 263 263 264 264 263 263 263 263 263 263 264 264 264 264 264 264 264 264 264 264
260 260 261 259 259 260 262 262 261 262 262 263 262 261 261 259 256 257 257 257 256 261 261 261 261 257 255 258 258 257 258 259 261 261 261 262 262 262 262 262 262 262 262 262 263 262 262 262 263 263 263 263 263 263 263 263 263 263 263 263 263 263 264 264 264 263 263 264 264 263 263 263 264 264 263 264 264 264 264 265 265 264 264 264
260 260 260 260 261 260 262 261 261 262 262 262 262 259 261 258 256 259 257 258 258 260 259 261 261 260 259 259 257 257 257 260 260 260 259 261 262 262 261 262 262 262 262 262 262 260 262 263 263 263 263 263 263 263 263 263 263 263 263 263 263 263 264 264 263 264 263 263 264 263 263 263 263 263 264 264 264 264 265 265 265 265 264 265
260 259 260 261 261 261 262 261 261 262 262 262 262 260 261 259 260 259 259 259 258 257 257 261 261 259 260 258 252 256 259 259 259 260 259 260 260 261 261 262 262 262 262 262 262 261 260 261 263 263 263 263 262 263 263 263 263 263 263 263 263 263 263 264 264 264 263 263 264 264 263 263 263 263 264 264 264 264 265 265 265 265 265 265
