08 Ecocrop/raster/current/tmean_5.asc
ncols        683
nrows        518
xllcorner    -87.691666666667
yllcorner    10.708333333333
cellsize     0.008333333333
NODATA_value  1.#QNAN
[rows 148 to 184 of 518, columns 84 to 167 of 683]
1.#QNAN 1.#QNAN 1.#QNAN 1.#QNAN 1.#QNAN 1.#QNAN 1.#QNAN 1.#QNAN 1.#QNAN 1.#QNAN 1.#QNAN 1.#QNAN 1.#QNAN 1.#QNAN 1.#QNAN 1.#QNAN 1.#QNAN 1.#QNAN 1.#QNAN 1.#QNAN 1.#QNAN 1.#QNAN 1.#QNAN 1.#QNAN 1.#QNAN 1.#QNAN 1.#QNAN 1.#QNAN 1.#QNAN 1.#QNAN 1.#QNAN 255 252 250 247 245 245 244 245 1.#QNAN 1.#QNAN 1.#QNAN 1.#QNAN 234 1.#QNAN 1.#QNAN 1.#QNAN 226 224 221 220 225 222 217 222 221 220 1.#QNAN 1.#QNAN 1.#QNAN 1.#QNAN 1.#QNAN 1.#QNAN 1.#QNAN 1.#QNAN 1.#QNAN 1.#QNAN 1.#QNAN 1.#QNAN 1.#QNAN 1.#QNAN 1.#QNAN 1.#QNAN 1.#QNAN 1.#QNAN 1.#QNAN 1.#QNAN 1.#QNAN 1.#QNAN 1.#QNAN 218 223 228 233
1.#QNAN 1.#QNAN 1.#QNAN 1.#QNAN 1.#QNAN 1.#QNAN 1.#QNAN 1.#QNAN 1.#QNAN 1.#QNAN 1.#QNAN 1.#QNAN 1.#QNAN 1.#QNAN 1.#QNAN 1.#QNAN 1.#QNAN 1.#QNAN 1.#QNAN 1.#QNAN 1.#QNAN 1.#QNAN 1.#QNAN 1.#QNAN 1.#QNAN 1.#QNAN 1.#QNAN 1.#QNAN 1.#QNAN 1.#QNAN 261 256 253 248 245 243 243 240 241 243 240 238 235 228 224 226 224 216 216 221 219 219 227 225 227 223 218 218 1.#QNAN 1.#QNAN 1.#QNAN 1.#QNAN 1.#QNAN 195 193 195 1.#QNAN 1.#QNAN 1.#QNAN 1.#QNAN 1.#QNAN 1.#QNAN 1.#QNAN 1.#QNAN 1.#QNAN 1.#QNAN 1.#QNAN 1.#QNAN 1.#QNAN 206 213 221 229 234
1.#QNAN 1.#QNAN 1.#QNAN 1.#QNAN 1.#QNAN 1.#QNAN 1.#QNAN 1.#QNAN 1.#QNAN 1.#QNAN 1.#QNAN 1.#QNAN 1.#QNAN 1.#QNAN 1.#QNAN 1.#QNAN 1.#QNAN 1.#QNAN 1.#QNAN 1.#QNAN 1.#QNAN 1.#QNAN 1.#QNAN 1.#QNAN 1.#QNAN 1.#QNAN 1.#QNAN 272 265 260 258 255 252 250 246 241 238 236 239 238 237 232 229 228 223 218 219 217 216 218 218 215 221 229 228 228 221 215 213 202 197 195 197 196 193 187 196 1.#QNAN 1.#QNAN 1.#QNAN 1.#QNAN 1.#QNAN 1.#QNAN 191 201 1.#QNAN 1.#QNAN 1.#QNAN 204 200 210 216 226 230
1.#QNAN 1.#QNAN 1.#QNAN 1.#QNAN 1.#QNAN 1.#QNAN 1.#QNAN 1.#QNAN 1.#QNAN 1.#QNAN 1.#QNAN 1.#QNAN 1.#QNAN 1.#QNAN 1.#QNAN 1.#QNAN 1.#QNAN 1.#QNAN 1.#QNAN 1.#QNAN 1.#QNAN 1.#QNAN 1.#QNAN 1.#QNAN 1.#QNAN 1.#QNAN 269 268 263 260 257 254 253 250 249 244 240 237 238 236 234 228 232 229 222 223 230 228 224 221 219 222 219 223 230 230 224 223 221 211 197 195 198 198 199 186 185 179 176 181 176 179 190 188 197 199 197 200 207 201 211 220 218 228
1.#QNAN 1.#QNAN 1.#QNAN 1.#QNAN 1.#QNAN 1.#QNAN 1.#QNAN 1.#QNAN 1.#QNAN 1.#QNAN 1.#QNAN 1.#QNAN 1.#QNAN 1.#QNAN 1.#QNAN 1.#QNAN 1.#QNAN 1.#QNAN 1.#QNAN 1.#QNAN 1.#QNAN 1.#QNAN 1.#QNAN 1.#QNAN 1.#QNAN 1.#QNAN 273 265 263 260 256 253 250 252 250 248 245 243 239 236 230 225 231 233 228 232 233 230 226 225 225 228 224 222 226 231 226 227 224 216 199 194 201 205 204 192 197 193 182 187 185 186 197 192 195 206 198 200 214 213 218 221 225 231
1.#QNAN 1.#QNAN 1.#QNAN 1.#QNAN 1.#QNAN 1.#QNAN 1.#QNAN 1.#QNAN 1.#QNAN 1.#QNAN 1.#QNAN 1.#QNAN 1.#QNAN 1.#QNAN 1.#QNAN 1.#QNAN 1.#QNAN 1.#QNAN 1.#QNAN 1.#QNAN 1.#QNAN 1.#QNAN 1.#QNAN 1.#QNAN 1.#QNAN 1.#QNAN 269 271 265 262 258 254 251 251 251 250 248 244 243 239 234 228 233 237 237 236 232 229 224 228 228 230 227 222 223 226 232 231 224 209 203 198 205 208 211 202 203 206 199 200 198 190 199 207 200 203 211 208 215 221 221 228 232 233
1.#QNAN 1.#QNAN 1.#QNAN 1.#QNAN 1.#QNAN 1.#QNAN 1.#QNAN 1.#QNAN 1.#QNAN 1.#QNAN 1.#QNAN 1.#QNAN 1.#QNAN 1.#QNAN 1.#QNAN 1.#QNAN 1.#QNAN 1.#QNAN 1.#QNAN 1.#QNAN 1.#QNAN 1.#QNAN 1.#QNAN 1.#QNAN 1.#QNAN 1.#QNAN 1.#QNAN 272 269 266 264 259 252 250 252 251 249 247 246 241 235 229 231 239 239 238 233 232 230 233 233 233 229 223 223 226 231 232 220 212 210 211 211 215 214 208 213 214 212 207 197 194 199 212 212 208 215 220 220 226 227 230 233 236
1.#QNAN 1.#QNAN 1.#QNAN 1.#QNAN 1.#QNAN 1.#QNAN 1.#QNAN 1.#QNAN 1.#QNAN 1.#QNAN 1.#QNAN 1.#QNAN 1.#QNAN 1.#QNAN 1.#QNAN 1.#QNAN 1.#QNAN 1.#QNAN 1.#QNAN 1.#QNAN 1.#QNAN 1.#QNAN 1.#QNAN 1.#QNAN 1.#QNAN 1.#QNAN 1.#QNAN 275 272 270 267 261 255 252 255 252 251 250 246 241 234 229 234 240 241 240 238 237 237 236 233 231 230 226 223 225 229 235 231 224 221 214 220 220 223 216 216 221 218 209 201 199 202 213 220 216 220 225 225 228 232 232 232 235
1.#QNAN 1.#QNAN 1.#QNAN 1.#QNAN 1.#QNAN 1.#QNAN 1.#QNAN 1.#QNAN 1.#QNAN 1.#QNAN 1.#QNAN 1.#QNAN 1.#QNAN 1.#QNAN 1.#QNAN 1.#QNAN 1.#QNAN 1.#QNAN 1.#QNAN 1.#QNAN 1.#QNAN 1.#QNAN 1.#QNAN 1.#QNAN 1.#QNAN 1.#QNAN 1.#QNAN 275 273 272 270 266 259 257 255 254 254 251 246 239 230 233 238 242 242 241 241 240 239 236 232 228 229 224 221 223 228 235 237 231 222 222 220 225 229 223 222 225 216 216 212 204 208 211 224 222 223 229 232 232 233 236 235 236
1.#QNAN 1.#QNAN 1.#QNAN 1.#QNAN 1.#QNAN 1.#QNAN 1.#QNAN 1.#QNAN 1.#QNAN 1.#QNAN 1.#QNAN 1.#QNAN 1.#QNAN 1.#QNAN 1.#QNAN 1.#QNAN 1.#QNAN 1.#QNAN 1.#QNAN 1.#QNAN 1.#QNAN 1.#QNAN 1.#QNAN 1.#QNAN 1.#QNAN 1.#QNAN 1.#QNAN 274 274 273 272 270 265 260 258 257 254 248 239 230 232 238 240 243 243 242 241 240 238 236 233 228 224 224 217 218 222 227 238 238 234 233 227 229 232 230 223 228 218 223 217 210 215 215 225 230 227 227 235 236 234 235 239 237
1.#QNAN 1.#QNAN 1.#QNAN 1.#QNAN 1.#QNAN 1.#QNAN 1.#QNAN 1.#QNAN 1.#QNAN 1.#QNAN 1.#QNAN 1.#QNAN 1.#QNAN 1.#QNAN 1.#QNAN 1.#QNAN 1.#QNAN 1.#QNAN 1.#QNAN 1.#QNAN 1.#QNAN 1.#QNAN 1.#QNAN 1.#QNAN 1.#QNAN 1.#QNAN 274 275 273 273 272 268 265 263 261 258 252 244 229 227 235 239 242 242 241 237 233 237 236 234 229 226 220 221 216 217 220 222 230 242 241 239 232 234 236 236 232 234 227 229 221 219 222 226 229 234 231 230 230 237 239 234 240 241
1.#QNAN 1.#QNAN 1.#QNAN 1.#QNAN 1.#QNAN 1.#QNAN 1.#QNAN 1.#QNAN 1.#QNAN 1.#QNAN 1.#QNAN 1.#QNAN 1.#QNAN 1.#QNAN 1.#QNAN 1.#QNAN 1.#QNAN 1.#QNAN 1.#QNAN 1.#QNAN 1.#QNAN 1.#QNAN 1.#QNAN 1.#QNAN 1.#QNAN 1.#QNAN 273 275 275 274 270 268 264 263 259 256 249 239 231 233 234 239 243 242 240 235 229 237 240 236 229 225 222 223 221 224 220 226 233 238 245 243 238 235 239 242 235 239 236 235 233 226 233 234 235 238 232 235 234 232 238 239 241 241
1.#QNAN 1.#QNAN 1.#QNAN 1.#QNAN 1.#QNAN 1.#QNAN 1.#QNAN 1.#QNAN 1.#QNAN 1.#QNAN 1.#QNAN 1.#QNAN 1.#QNAN 1.#QNAN 1.#QNAN 1.#QNAN 1.#QNAN 1.#QNAN 1.#QNAN 1.#QNAN 1.#QNAN 1.#QNAN 1.#QNAN 1.#QNAN 1.#QNAN 267 272 268 271 271 271 268 265 261 254 249 250 238 234 236 240 243 243 243 241 235 229 237 242 240 237 232 229 229 229 232 230 229 237 244 248 244 241 243 241 245 244 244 242 242 241 238 235 236 240 240 239 241 243 243 245 244 244 246
1.#QNAN 1.#QNAN 1.#QNAN 1.#QNAN 1.#QNAN 1.#QNAN 1.#QNAN 1.#QNAN 1.#QNAN 1.#QNAN 1.#QNAN 1.#QNAN 1.#QNAN 1.#QNAN 1.#QNAN 1.#QNAN 1.#QNAN 1.#QNAN 1.#QNAN 1.#QNAN 1.#QNAN 1.#QNAN 1.#QNAN 1.#QNAN 1.#QNAN 262 268 263 263 259 260 261 266 261 256 250 250 242 236 230 237 243 244 243 242 238 235 236 242 242 239 234 236 234 234 231 239 238 239 246 250 248 242 243 247 249 248 245 244 245 244 243 243 242 245 245 246 247 247 247 249 249 249 249
1.#QNAN 1.#QNAN 1.#QNAN 1.#QNAN 1.#QNAN 1.#QNAN 1.#QNAN 1.#QNAN 1.#QNAN 1.#QNAN 1.#QNAN 1.#QNAN 1.#QNAN 1.#QNAN 1.#QNAN 1.#QNAN 1.#QNAN 1.#QNAN 1.#QNAN 1.#QNAN 1.#QNAN 1.#QNAN 1.#QNAN 1.#QNAN 265 259 263 259 252 246 247 249 260 262 259 255 255 249 236 232 235 236 245 244 243 244 241 240 243 246 239 234 239 241 237 234 242 242 243 247 251 249 245 239 244 250 250 251 251 250 247 248 249 248 248 247 248 249 249 249 250 251 249 246
1.#QNAN 1.#QNAN 1.#QNAN 1.#QNAN 1.#QNAN 1.#QNAN 1.#QNAN 1.#QNAN 1.#QNAN 1.#QNAN 1.#QNAN 1.#QNAN 1.#QNAN 1.#QNAN 1.#QNAN 1.#QNAN 1.#QNAN 1.#QNAN 1.#QNAN 1.#QNAN 1.#QNAN 1.#QNAN 1.#QNAN 1.#QNAN 254 254 255 252 248 242 244 251 259 265 263 260 257 246 237 233 232 235 242 247 247 248 247 246 247 248 243 238 240 243 243 242 245 246 247 243 247 253 250 245 246 250 252 253 253 253 252 251 252 251 250 249 250 251 251 250 251 251 251 248
1.#QNAN 1.#QNAN 1.#QNAN 1.#QNAN 1.#QNAN 1.#QNAN 1.#QNAN 1.#QNAN 1.#QNAN 1.#QNAN 1.#QNAN 1.#QNAN 1.#QNAN 1.#QNAN 1.#QNAN 1.#QNAN 1.#QNAN 1.#QNAN 1.#QNAN 1.#QNAN 1.#QNAN 1.#QNAN 1.#QNAN 1.#QNAN 248 247 248 247 250 248 250 251 259 263 263 260 255 245 240 236 237 238 239 241 246 250 250 249 249 246 243 238 242 244 246 246 243 248 251 244 241 246 254 254 255 254 254 254 254 255 254 253 253 253 252 252 252 252 253 251 251 253 252 250
1.#QNAN 1.#QNAN 1.#QNAN 1.#QNAN 1.#QNAN 1.#QNAN 1.#QNAN 1.#QNAN 1.#QNAN 1.#QNAN 1.#QNAN 1.#QNAN 1.#QNAN 1.#QNAN 1.#QNAN 1.#QNAN 1.#QNAN 1.#QNAN 1.#QNAN 1.#QNAN 1.#QNAN 1.#QNAN 1.#QNAN 1.#QNAN 1.#QNAN 244 248 250 251 251 255 257 259 262 259 254 249 252 248 241 233 229 227 232 238 245 250 252 251 249 249 247 246 243 247 249 250 249 250 251 252 255 256 256 257 255 255 255 256 256 255 255 255 254 254 254 254 255 254 252 252 254 254 253
1.#QNAN 1.#QNAN 1.#QNAN 1.#QNAN 1.#QNAN 1.#QNAN 1.#QNAN 1.#QNAN 1.#QNAN 1.#QNAN 1.#QNAN 1.#QNAN 1.#QNAN 1.#QNAN 1.#QNAN 1.#QNAN 1.#QNAN 1.#QNAN 1.#QNAN 1.#QNAN 1.#QNAN 1.#QNAN 1.#QNAN 1.#QNAN 1.#QNAN 1.#QNAN 1.#QNAN 1.#QNAN 253 254 257 259 261 258 257 248 243 243 243 244 234 224 221 230 238 243 249 251 253 253 253 252 249 247 250 250 253 253 251 255 257 257 257 257 258 257 257 257 257 258 256 257 257 256 255 256 256 255 254 253 254 254 255 253
1.#QNAN 1.#QNAN 1.#QNAN 1.#QNAN 1.#QNAN 1.#QNAN 1.#QNAN 1.#QNAN 1.#QNAN 1.#QNAN 1.#QNAN 1.#QNAN 1.#QNAN 1.#QNAN 1.#QNAN 1.#QNAN 1.#QNAN 1.#QNAN 1.#QNAN 1.#QNAN 1.#QNAN 1.#QNAN 1.#QNAN 1.#QNAN 1.#QNAN 1.#QNAN 1.#QNAN 1.#QNAN 252 253 255 257 258 255 251 247 242 239 238 243 236 227 233 238 242 243 244 248 252 252 254 255 254 253 253 254 255 256 257 257 258 258 258 258 258 258 258 258 258 259 260 259 257 255 253 255 257 256 256 255 254 253 254 253
1.#QNAN 1.#QNAN 1.#QNAN 1.#QNAN 1.#QNAN 1.#QNAN 1.#QNAN 1.#QNAN 1.#QNAN 1.#QNAN 1.#QNAN 1.#QNAN 1.#QNAN 1.#QNAN 1.#QNAN 1.#QNAN 1.#QNAN 1.#QNAN 1.#QNAN 1.#QNAN 1.#QNAN 1.#QNAN 1.#QNAN 1.#QNAN 1.#QNAN 1.#QNAN 1.#QNAN 1.#QNAN 251 252 254 254 252 249 243 243 239 237 240 242 237 231 232 234 236 234 236 241 249 250 250 249 253 255 256 255 256 257 258 258 258 259 259 259 259 259 259 259 259 256 256 258 259 258 256 253 257 256 256 254 253 253 252 254
1.#QNAN 1.#QNAN 1.#QNAN 1.#QNAN 1.#QNAN 1.#QNAN 1.#QNAN 1.#QNAN 1.#QNAN 1.#QNAN 1.#QNAN 1.#QNAN 1.#QNAN 1.#QNAN 1.#QNAN 1.#QNAN 1.#QNAN 1.#QNAN 1.#QNAN 1.#QNAN 1.#QNAN 1.#QNAN 1.#QNAN 1.#QNAN 1.#QNAN 1.#QNAN 1.#QNAN 243 247 250 251 251 246 244 239 237 233 232 235 239 237 231 222 221 225 225 228 241 247 246 240 239 244 249 249 254 257 258 258 259 259 259 259 257 257 257 257 256 250 246 246 253 257 258 259 257 257 256 254 254 251 252 254 252
1.#QNAN 1.#QNAN 1.#QNAN 1.#QNAN 1.#QNAN 1.#QNAN 1.#QNAN 1.#QNAN 1.#QNAN 1.#QNAN 1.#QNAN 1.#QNAN 1.#QNAN 1.#QNAN 1.#QNAN 1.#QNAN 1.#QNAN 1.#QNAN 1.#QNAN 1.#QNAN 1.#QNAN 1.#QNAN 1.#QNAN 1.#QNAN 1.#QNAN 1.#QNAN 1.#QNAN 240 244 246 249 246 239 232 228 229 227 231 233 237 239 232 224 223 226 230 232 240 242 238 237 244 250 248 250 254 255 254 253 257 257 257 257 255 254 253 253 248 240 244 249 253 254 256 257 258 257 254 253 254 251 251 254 249
1.#QNAN 1.#QNAN 1.#QNAN 1.#QNAN 1.#QNAN 1.#QNAN 1.#QNAN 1.#QNAN 1.#QNAN 1.#QNAN 1.#QNAN 1.#QNAN 1.#QNAN 1.#QNAN 1.#QNAN 1.#QNAN 1.#QNAN 1.#QNAN 1.#QNAN 1.#QNAN 1.#QNAN 1.#QNAN 1.#QNAN 1.#QNAN 1.#QNAN 1.#QNAN 1.#QNAN 236 240 238 242 238 235 225 221 219 224 224 228 234 242 238 235 235 237 239 240 244 239 234 242 248 253 253 255 256 254 248 248 249 250 254 252 248 247 245 245 248 248 249 252 253 255 255 256 257 257 257 258 257 257 255 252 249
1.#QNAN 1.#QNAN 1.#QNAN 1.#QNAN 1.#QNAN 1.#QNAN 1.#QNAN 1.#QNAN 1.#QNAN 1.#QNAN 1.#QNAN 1.#QNAN 1.#QNAN 1.#QNAN 1.#QNAN 1.#QNAN 1.#QNAN 1.#QNAN 1.#QNAN 1.#QNAN 1.#QNAN 1.#QNAN 1.#QNAN 1.#QNAN 1.#QNAN 1.#QNAN 228 232 236 234 239 233 229 227 221 219 225 233 235 239 242 244 243 243 244 240 243 247 243 242 248 250 254 254 256 254 255 254 254 250 249 251 248 239 237 241 244 248 250 251 252 252 249 248 252 250 251 251 251 252 250 255 249 247
1.#QNAN 1.#QNAN 1.#QNAN 1.#QNAN 1.#QNAN 1.#QNAN 1.#QNAN 1.#QNAN 1.#QNAN 1.#QNAN 1.#QNAN 1.#QNAN 1.#QNAN 1.#QNAN 1.#QNAN 1.#QNAN 1.#QNAN 1.#QNAN 1.#QNAN 1.#QNAN 1.#QNAN 1.#QNAN 1.#QNAN 1.#QNAN 1.#QNAN 1.#QNAN 224 229 233 234 231 233 230 227 226 229 234 238 242 244 247 247 247 247 248 245 246 249 249 246 249 253 255 252 253 253 255 252 254 254 252 250 245 236 226 239 246 248 250 251 247 242 239 240 240 238 241 240 244 250 254 255 249 245
1.#QNAN 1.#QNAN 1.#QNAN 1.#QNAN 1.#QNAN 1.#QNAN 1.#QNAN 1.#QNAN 1.#QNAN 1.#QNAN 1.#QNAN 1.#QNAN 1.#QNAN 1.#QNAN 1.#QNAN 1.#QNAN 1.#QNAN 1.#QNAN 1.#QNAN 1.#QNAN 1.#QNAN 1.#QNAN 1.#QNAN 1.#QNAN 1.#QNAN 1.#QNAN 219 222 225 225 224 225 223 218 223 228 230 236 239 243 248 249 249 250 250 250 251 251 250 251 254 254 252 248 249 251 253 250 252 252 250 246 244 237 226 238 243 246 248 247 242 241 243 244 240 236 238 241 247 250 252 256 251 249
1.#QNAN 1.#QNAN 1.#QNAN 1.#QNAN 1.#QNAN 1.#QNAN 1.#QNAN 1.#QNAN 1.#QNAN 1.#QNAN 1.#QNAN 1.#QNAN 1.#QNAN 1.#QNAN 1.#QNAN 1.#QNAN 1.#QNAN 1.#QNAN 1.#QNAN 1.#QNAN 1.#QNAN 1.#QNAN 1.#QNAN 1.#QNAN 1.#QNAN 1.#QNAN 1.#QNAN 217 221 228 229 229 221 220 229 226 225 237 243 246 249 250 250 251 251 252 252 252 253 254 251 251 247 248 250 252 251 249 250 251 250 249 245 240 237 241 243 242 243 240 239 238 240 242 244 240 242 246 245 247 253 256 254 254
1.#QNAN 1.#QNAN 1.#QNAN 1.#QNAN 1.#QNAN 1.#QNAN 1.#QNAN 1.#QNAN 1.#QNAN 1.#QNAN 1.#QNAN 1.#QNAN 1.#QNAN 1.#QNAN 1.#QNAN 1.#QNAN 1.#QNAN 1.#QNAN 1.#QNAN 1.#QNAN 1.#QNAN 1.#QNAN 1.#QNAN 1.#QNAN 1.#QNAN 1.#QNAN 1.#QNAN 1.#QNAN 1.#QNAN 230 234 227 221 230 233 228 235 239 241 247 250 251 251 252 253 253 253 253 254 254 252 253 251 247 250 250 249 245 249 247 247 244 243 243 244 244 244 241 237 236 236 237 239 243 246 245 242 247 248 248 251 255 256 257
1.#QNAN 1.#QNAN 1.#QNAN 1.#QNAN 1.#QNAN 1.#QNAN 1.#QNAN 1.#QNAN 1.#QNAN 1.#QNAN 1.#QNAN 1.#QNAN 1.#QNAN 1.#QNAN 1.#QNAN 1.#QNAN 1.#QNAN 1.#QNAN 1.#QNAN 1.#QNAN 1.#QNAN 1.#QNAN 1.#QNAN 1.#QNAN 1.#QNAN 1.#QNAN 1.#QNAN 1.#QNAN 1.#QNAN 231 233 232 228 233 236 237 243 246 245 250 251 252 252 252 253 254 254 254 253 253 252 251 251 248 248 249 247 247 247 247 245 243 243 242 244 245 244 239 237 235 235 235 236 238 241 246 243 247 251 252 252 252 255 258
1.#QNAN 1.#QNAN 1.#QNAN 1.#QNAN 1.#QNAN 1.#QNAN 1.#QNAN 1.#QNAN 1.#QNAN 1.#QNAN 1.#QNAN 1.#QNAN 1.#QNAN 1.#QNAN 1.#QNAN 1.#QNAN 1.#QNAN 1.#QNAN 1.#QNAN 1.#QNAN 1.#QNAN 1.#QNAN 1.#QNAN 1.#QNAN 1.#QNAN 1.#QNAN 1.#QNAN 1.#QNAN 1.#QNAN 224 230 236 237 237 242 244 247 248 250 251 252 252 253 253 254 254 254 253 252 252 251 249 248 248 248 247 246 247 247 245 245 240 242 244 244 244 242 241 238 239 232 232 231 236 243 248 246 249 249 247 249 253 252 256
1.#QNAN 1.#QNAN 1.#QNAN 1.#QNAN 1.#QNAN 1.#QNAN 1.#QNAN 1.#QNAN 1.#QNAN 1.#QNAN 1.#QNAN 1.#QNAN 1.#QNAN 1.#QNAN 1.#QNAN 1.#QNAN 1.#QNAN 1.#QNAN 1.#QNAN 1.#QNAN 1.#QNAN 1.#QNAN 1.#QNAN 1.#QNAN 1.#QNAN 1.#QNAN 1.#QNAN 1.#QNAN 1.#QNAN 223 229 238 240 242 243 246 247 243 247 251 252 251 253 254 254 254 253 252 251 251 251 249 248 244 247 245 242 241 245 246 247 245 239 241 245 245 248 245 242 238 234 230 230 239 244 244 245 245 244 247 250 250 251 254
1.#QNAN 1.#QNAN 1.#QNAN 1.#QNAN 1.#QNAN 1.#QNAN 1.#QNAN 1.#QNAN 1.#QNAN 1.#QNAN 1.#QNAN 1.#QNAN 1.#QNAN 1.#QNAN 1.#QNAN 1.#QNAN 1.#QNAN 1.#QNAN 1.#QNAN 1.#QNAN 1.#QNAN 1.#QNAN 1.#QNAN 1.#QNAN 1.#QNAN 1.#QNAN 1.#QNAN 1.#QNAN 1.#QNAN 219 226 234 240 237 241 244 244 245 249 251 250 249 253 254 254 252 252 252 251 250 250 249 248 244 242 241 235 233 238 245 247 247 246 244 242 245 248 249 246 244 241 236 232 234 238 241 242 243 245 248 247 248 252 253
1.#QNAN 1.#QNAN 1.#QNAN 1.#QNAN 1.#QNAN 1.#QNAN 1.#QNAN 1.#QNAN 1.#QNAN 1.#QNAN 1.#QNAN 1.#QNAN 1.#QNAN 1.#QNAN 1.#QNAN 1.#QNAN 1.#QNAN 1.#QNAN 1.#QNAN 1.#QNAN 1.#QNAN 1.#QNAN 1.#QNAN 1.#QNAN 1.#QNAN 1.#QNAN 1.#QNAN 1.#QNAN 1.#QNAN 1.#QNAN 228 234 238 236 238 242 244 246 248 250 248 252 253 252 252 251 249 251 251 250 248 248 247 243 232 229 237 241 243 244 244 245 246 247 245 243 244 249 250 246 245 243 239 235 241 241 242 243 246 244 246 246 247 249
1.#QNAN 1.#QNAN 1.#QNAN 1.#QNAN 1.#QNAN 1.#QNAN 1.#QNAN 1.#QNAN 1.#QNAN 1.#QNAN 1.#QNAN 1.#QNAN 1.#QNAN 1.#QNAN 1.#QNAN 1.#QNAN 1.#QNAN 1.#QNAN 1.#QNAN 1.#QNAN 1.#QNAN 1.#QNAN 1.#QNAN 1.#QNAN 1.#QNAN 1.#QNAN 1.#QNAN 1.#QNAN 1.#QNAN 1.#QNAN 225 231 233 233 231 236 244 241 239 246 249 252 251 247 247 250 248 249 250 249 246 246 246 242 240 236 242 246 246 243 244 243 244 248 247 247 249 250 251 249 248 248 246 243 243 242 242 241 245 248 250 251 253 254
1.#QNAN 1.#QNAN 1.#QNAN 1.#QNAN 1.#QNAN 1.#QNAN 1.#QNAN 1.#QNAN 1.#QNAN 1.#QNAN 1.#QNAN 1.#QNAN 1.#QNAN 1.#QNAN 1.#QNAN 1.#QNAN 1.#QNAN 1.#QNAN 1.#QNAN 1.#QNAN 1.#QNAN 1.#QNAN 1.#QNAN 1.#QNAN 1.#QNAN 1.#QNAN 1.#QNAN 1.#QNAN 1.#QNAN 1.#QNAN 227 229 236 239 237 236 242 235 232 243 251 247 241 239 243 247 246 248 249 248 245 240 243 243 245 245 245 247 248 245 242 244 245 249 251 252 251 251 253 251 250 250 250 249 246 248 248 247 249 251 252 253 254 257
1.#QNAN 1.#QNAN 1.#QNAN 1.#QNAN 1.#QNAN 1.#QNAN 1.#QNAN 1.#QNAN 1.#QNAN 1.#QNAN 1.#QNAN 1.#QNAN 1.#QNAN 1.#QNAN 1.#QNAN 1.#QNAN 1.#QNAN 1.#QNAN 1.#QNAN 1.#QNAN 1.#QNAN 1.#QNAN 1.#QNAN 1.#QNAN 1.#QNAN 1.#QNAN 1.#QNAN 1.#QNAN 1.#QNAN 1.#QNAN 229 232 237 242 241 238 246 237 235 245 251 241 233 236 242 246 245 246 247 247 246 239 235 239 242 246 247 248 249 249 248 245 247 247 247 251 252 253 253 253 253 252 252 250 247 249 251 251 250 252 254 257 257 254
