08 Ecocrop/raster/current/tmean_2.asc
ncols        683
nrows        518
xllcorner    -87.691666666667
yllcorner    10.708333333333
cellsize     0.008333333333
NODATA_value  1.#QNAN
[rows 407 to 443 of 518, columns 168 to 251 of 683]
268 268 268 267 261 259 261 261 257 250 256 258 253 249 248 249 255 261 262 259 261 262 261 262 262 263 263 263 262 262 259 259 263 263 264 265 265 265 265 265 265 266 266 266 266 266 267 266 266 265 264 264 263 263 262 262 261 261 260 260 260 260 260 260 260 260 260 260 260 260 260 260 260 261 261 261 261 261 261 261 261 261 261 261
268 268 268 267 262 259 263 260 253 253 260 257 252 247 247 252 256 263 261 260 261 263 264 264 264 263 261 262 261 260 259 263 263 262 264 265 265 265 265 264 264 265 266 266 266 266 266 266 266 265 264 264 263 263 262 262 261 261 260 260 260 260 260 260 260 260 260 260 260 260 260 260 260 261 261 261 261 261 261 261 261 261 261 261
268 268 268 267 264 264 262 258 249 255 259 252 250 247 252 257 260 264 263 261 264 265 265 264 261 260 263 264 263 263 263 264 264 263 264 264 264 264 264 262 263 265 266 266 266 267 266 266 266 265 264 264 263 263 262 262 261 261 260 260 260 260 260 260 260 260 260 260 260 260 260 260 260 261 261 261 261 261 261 261 261 261 261 261
268 268 268 266 266 266 261 258 255 260 255 251 252 249 257 259 259 264 263 264 265 264 262 264 263 264 263 261 260 262 262 263 263 263 263 263 263 263 262 261 264 265 265 266 266 266 266 266 266 265 265 264 263 263 262 262 261 261 261 260 260 260 260 260 260 260 260 260 260 260 260 260 261 261 261 261 261 261 261 262 262 261 261 261
1.#QNAN 268 268 267 266 266 263 261 260 264 257 252 254 253 260 262 262 264 262 266 266 264 261 261 262 263 262 258 258 261 262 261 261 262 261 261 259 258 258 262 264 263 263 264 265 265 266 266 266 265 265 264 264 263 263 262 261 261 261 261 260 260 260 260 260 260 260 260 260 260 260 261 261 261 261 261 261 262 262 262 262 262 262 262
1.#QNAN 1.#QNAN 1.#QNAN 267 267 265 262 260 261 264 256 255 255 253 259 262 263 265 264 265 262 261 258 258 260 259 260 257 257 257 259 260 262 261 259 258 256 256 259 262 262 261 261 261 263 264 266 266 266 265 265 265 264 263 263 262 262 261 261 261 260 260 260 260 260 260 260 260 260 260 261 261 261 261 261 261 262 262 260 260 261 261 261 261
1.#QNAN 1.#QNAN 1.#QNAN 1.#QNAN 1.#QNAN 266 264 264 265 264 260 261 258 256 259 263 264 266 262 260 260 260 258 258 256 258 257 256 259 255 258 262 262 260 255 256 258 260 259 260 262 262 261 260 260 263 265 266 266 265 265 265 265 264 263 263 262 261 261 261 261 260 260 260 260 260 260 260 260 260 261 261 261 261 261 260 260 260 259 258 258 259 259 259
1.#QNAN 1.#QNAN 1.#QNAN 1.#QNAN 1.#QNAN 267 267 266 266 265 264 263 261 260 262 264 266 266 264 263 260 258 257 259 260 259 256 258 260 256 259 262 260 259 256 256 259 260 257 258 261 262 262 261 259 262 265 266 266 266 265 265 265 264 263 263 262 261 261 261 261 260 260 260 260 260 260 260 260 260 261 261 260 259 258 258 258 258 257 255 255 256 257 259
1.#QNAN 1.#QNAN 1.#QNAN 1.#QNAN 1.#QNAN 1.#QNAN 1.#QNAN 1.#QNAN 267 266 265 265 264 261 263 265 266 267 263 262 259 257 259 261 262 258 256 261 258 258 262 262 258 257 257 255 258 260 259 258 261 262 260 260 261 262 264 265 266 266 265 265 265 264 264 263 262 261 261 261 261 260 260 260 260 260 260 260 260 260 261 261 259 258 257 256 256 254 252 249 248 250 254 256
1.#QNAN 1.#QNAN 1.#QNAN 1.#QNAN 1.#QNAN 1.#QNAN 1.#QNAN 1.#QNAN 1.#QNAN 267 267 266 265 262 262 265 267 266 264 262 259 259 262 262 263 261 261 262 257 262 263 260 258 256 253 254 254 258 260 260 262 262 261 261 261 263 264 265 265 265 265 265 265 264 264 263 263 262 262 261 261 261 260 260 260 260 260 260 260 261 261 261 259 257 257 256 254 249 243 234 232 239 246 251
1.#QNAN 1.#QNAN 1.#QNAN 1.#QNAN 1.#QNAN 1.#QNAN 1.#QNAN 1.#QNAN 1.#QNAN 1.#QNAN 1.#QNAN 266 265 263 261 266 266 265 263 264 264 265 264 264 262 262 264 261 258 263 262 257 258 258 256 254 253 255 257 259 261 261 262 263 263 263 264 265 265 265 265 265 265 264 264 263 263 262 262 261 261 261 260 260 260 260 260 260 260 261 261 260 258 256 257 255 252 245 230 213 205 218 237 250
1.#QNAN 1.#QNAN 1.#QNAN 1.#QNAN 1.#QNAN 1.#QNAN 1.#QNAN 1.#QNAN 1.#QNAN 1.#QNAN 1.#QNAN 1.#QNAN 266 264 262 266 266 265 263 266 264 265 263 263 263 265 265 262 264 264 261 260 258 253 253 249 250 252 256 259 256 257 258 261 263 263 264 264 265 265 265 265 265 264 264 264 263 263 262 262 261 261 260 260 260 260 260 260 260 261 261 260 258 257 257 255 250 242 227 203 185 210 236 249
1.#QNAN 1.#QNAN 1.#QNAN 1.#QNAN 1.#QNAN 1.#QNAN 1.#QNAN 1.#QNAN 1.#QNAN 1.#QNAN 1.#QNAN 1.#QNAN 1.#QNAN 264 264 266 265 266 265 265 262 262 263 263 264 266 266 266 265 264 262 260 257 256 249 247 253 256 256 258 256 251 252 257 260 262 263 264 264 264 265 265 265 264 264 264 263 263 263 262 261 261 260 260 260 260 260 260 260 261 261 260 259 258 258 255 251 245 235 220 208 222 238 250
1.#QNAN 1.#QNAN 1.#QNAN 1.#QNAN 1.#QNAN 1.#QNAN 1.#QNAN 1.#QNAN 1.#QNAN 1.#QNAN 1.#QNAN 1.#QNAN 1.#QNAN 1.#QNAN 265 265 261 265 265 263 264 265 264 263 267 268 267 265 265 261 260 259 257 253 250 249 252 257 258 258 253 253 254 256 256 258 260 263 264 264 264 265 265 264 264 264 264 263 263 262 262 261 260 260 260 260 260 260 260 261 261 261 260 260 259 257 255 252 246 238 235 242 247 252
1.#QNAN 1.#QNAN 1.#QNAN 1.#QNAN 1.#QNAN 1.#QNAN 1.#QNAN 1.#QNAN 1.#QNAN 1.#QNAN 1.#QNAN 1.#QNAN 1.#QNAN 1.#QNAN 1.#QNAN 264 262 262 263 263 266 264 264 265 267 268 266 266 265 263 260 258 256 254 253 252 254 258 258 260 257 257 253 256 258 260 260 262 263 264 264 264 264 264 264 264 264 264 263 263 262 261 261 260 260 260 260 260 260 260 261 260 259 260 260 259 257 255 253 250 250 252 253 254
1.#QNAN 1.#QNAN 1.#QNAN 1.#QNAN 1.#QNAN 1.#QNAN 1.#QNAN 1.#QNAN 1.#QNAN 1.#QNAN 1.#QNAN 1.#QNAN 1.#QNAN 1.#QNAN 265 262 262 260 263 265 265 266 265 267 267 266 265 263 264 263 259 253 253 253 256 254 256 257 253 260 261 258 255 257 256 258 261 260 263 264 264 264 264 264 264 264 264 263 263 262 262 261 261 260 260 260 260 260 260 260 260 260 260 260 260 260 259 257 256 256 255 257 258 258
1.#QNAN 1.#QNAN 1.#QNAN 1.#QNAN 1.#QNAN 1.#QNAN 1.#QNAN 1.#QNAN 1.#QNAN 1.#QNAN 1.#QNAN 1.#QNAN 1.#QNAN 1.#QNAN 1.#QNAN 263 261 260 262 266 266 266 266 267 267 263 265 263 263 263 261 257 257 258 257 254 256 255 252 258 260 257 258 260 259 259 261 261 262 263 263 264 264 264 264 264 264 264 263 263 262 262 261 260 260 260 260 260 260 260 261 260 260 260 260 261 260 260 258 258 260 260 260 261
1.#QNAN 1.#QNAN 1.#QNAN 1.#QNAN 1.#QNAN 1.#QNAN 1.#QNAN 1.#QNAN 1.#QNAN 1.#QNAN 1.#QNAN 1.#QNAN 1.#QNAN 1.#QNAN 1.#QNAN 1.#QNAN 264 264 264 266 266 267 267 267 267 266 263 261 262 262 259 258 261 260 254 257 254 254 259 259 262 260 260 262 259 259 262 262 261 263 263 263 263 264 264 264 264 264 263 263 262 262 261 261 260 260 260 260 260 260 261 261 260 260 261 261 261 262 261 258 262 262 262 262
1.#QNAN 1.#QNAN 1.#QNAN 1.#QNAN 1.#QNAN 1.#QNAN 1.#QNAN 1.#QNAN 1.#QNAN 1.#QNAN 1.#QNAN 1.#QNAN 1.#QNAN 1.#QNAN 1.#QNAN 1.#QNAN 1.#QNAN 265 265 266 267 267 267 268 267 266 264 263 260 261 258 262 262 258 258 257 252 258 261 262 262 260 260 263 262 260 263 263 261 262 263 263 263 263 263 263 264 264 263 263 262 262 261 261 261 260 260 260 260 260 260 261 261 261 261 261 262 262 262 262 263 263 262 262
1.#QNAN 1.#QNAN 1.#QNAN 1.#QNAN 1.#QNAN 1.#QNAN 1.#QNAN 1.#QNAN 1.#QNAN 1.#QNAN 1.#QNAN 1.#QNAN 1.#QNAN 1.#QNAN 1.#QNAN 1.#QNAN 1.#QNAN 1.#QNAN 1.#QNAN 1.#QNAN 267 266 268 268 268 268 267 263 260 262 263 264 261 258 260 257 253 260 262 262 263 264 262 263 260 261 263 264 263 261 261 262 263 263 263 263 263 264 263 263 263 262 261 261 261 260 260 260 260 260 260 260 261 261 261 261 262 262 262 262 262 262 262 262
1.#QNAN 1.#QNAN 1.#QNAN 1.#QNAN 1.#QNAN 1.#QNAN 1.#QNAN 1.#QNAN 1.#QNAN 1.#QNAN 1.#QNAN 1.#QNAN 1.#QNAN 1.#QNAN 1.#QNAN 1.#QNAN 1.#QNAN 1.#QNAN 1.#QNAN 1.#QNAN 1.#QNAN 267 267 267 267 268 267 266 264 262 265 263 259 262 259 255 256 260 258 261 263 265 264 262 260 262 264 264 263 261 259 260 262 263 263 263 264 264 263 263 263 262 262 261 261 261 260 260 260 260 260 260 260 261 261 261 261 262 262 262 262 262 262 261
1.#QNAN 1.#QNAN 1.#QNAN 1.#QNAN 1.#QNAN 1.#QNAN 1.#QNAN 1.#QNAN 1.#QNAN 1.#QNAN 1.#QNAN 1.#QNAN 1.#QNAN 1.#QNAN 1.#QNAN 1.#QNAN 1.#QNAN 1.#QNAN 1.#QNAN 1.#QNAN 1.#QNAN 1.#QNAN 267 267 267 267 267 267 266 265 261 257 263 262 260 256 254 257 255 258 262 264 265 262 263 263 264 263 261 261 260 259 261 263 263 264 264 264 263 263 263 263 262 262 261 261 261 260 260 260 260 260 260 260 261 261 261 261 261 261 261 261 261 261
1.#QNAN 1.#QNAN 1.#QNAN 1.#QNAN 1.#QNAN 1.#QNAN 1.#QNAN 1.#QNAN 1.#QNAN 1.#QNAN 1.#QNAN 1.#QNAN 1.#QNAN 1.#QNAN 1.#QNAN 1.#QNAN 1.#QNAN 1.#QNAN 1.#QNAN 1.#QNAN 1.#QNAN 1.#QNAN 1.#QNAN 1.#QNAN 267 266 264 266 267 266 262 261 264 258 251 248 253 252 254 258 262 264 265 265 264 264 263 259 258 259 260 260 262 263 263 264 264 264 264 264 263 263 262 262 261 261 261 260 260 260 260 260 260 260 260 260 261 261 261 261 261 261 261 261
1.#QNAN 1.#QNAN 1.#QNAN 1.#QNAN 1.#QNAN 1.#QNAN 1.#QNAN 1.#QNAN 1.#QNAN 1.#QNAN 1.#QNAN 1.#QNAN 1.#QNAN 1.#QNAN 1.#QNAN 1.#QNAN 1.#QNAN 1.#QNAN 1.#QNAN 1.#QNAN 1.#QNAN 1.#QNAN 1.#QNAN 1.#QNAN 1.#QNAN 266 262 262 266 267 266 266 264 259 253 250 255 256 255 256 261 264 265 265 265 262 261 257 258 260 261 259 260 263 264 264 264 265 264 264 263 263 263 262 262 261 261 260 260 260 260 260 260 260 260 260 260 260 260 260 260 260 260 260
1.#QNAN 1.#QNAN 1.#QNAN 1.#QNAN 1.#QNAN 1.#QNAN 1.#QNAN 1.#QNAN 1.#QNAN 1.#QNAN 1.#QNAN 1.#QNAN 1.#QNAN 1.#QNAN 1.#QNAN 1.#QNAN 1.#QNAN 1.#QNAN 1.#QNAN 1.#QNAN 1.#QNAN 1.#QNAN 1.#QNAN 1.#QNAN 1.#QNAN 1.#QNAN 263 263 266 267 267 267 266 264 261 257 258 257 253 256 261 264 264 266 264 261 255 257 258 261 262 261 260 263 264 264 264 265 264 264 264 264 263 263 262 261 261 260 260 260 260 260 260 260 260 260 260 260 260 260 260 260 260 260
1.#QNAN 1.#QNAN 1.#QNAN 1.#QNAN 1.#QNAN 1.#QNAN 1.#QNAN 1.#QNAN 1.#QNAN 1.#QNAN 1.#QNAN 1.#QNAN 1.#QNAN 1.#QNAN 1.#QNAN 1.#QNAN 1.#QNAN 1.#QNAN 1.#QNAN 1.#QNAN 1.#QNAN 1.#QNAN 1.#QNAN 1.#QNAN 1.#QNAN 1.#QNAN 264 265 266 267 267 267 266 265 264 261 259 253 256 258 262 265 265 266 266 265 259 257 261 262 262 262 263 263 264 264 265 265 265 264 264 264 264 263 262 262 261 261 260 260 260 260 260 260 260 260 260 260 260 260 260 260 260 260
1.#QNAN 1.#QNAN 1.#QNAN 1.#QNAN 1.#QNAN 1.#QNAN 1.#QNAN 1.#QNAN 1.#QNAN 1.#QNAN 1.#QNAN 1.#QNAN 1.#QNAN 1.#QNAN 1.#QNAN 1.#QNAN 1.#QNAN 1.#QNAN 1.#QNAN 1.#QNAN 1.#QNAN 1.#QNAN 1.#QNAN 1.#QNAN 1.#QNAN 1.#QNAN 1.#QNAN 1.#QNAN 267 267 265 264 263 264 263 261 257 254 256 261 263 264 266 266 266 266 264 258 261 263 263 263 263 263 264 264 265 265 265 264 264 264 264 263 263 262 261 261 260 260 260 260 260 260 260 260 260 260 260 260 260 260 260 260
1.#QNAN 1.#QNAN 1.#QNAN 1.#QNAN 1.#QNAN 1.#QNAN 1.#QNAN 1.#QNAN 1.#QNAN 1.#QNAN 1.#QNAN 1.#QNAN 1.#QNAN 1.#QNAN 1.#QNAN 1.#QNAN 1.#QNAN 1.#QNAN 1.#QNAN 1.#QNAN 1.#QNAN 1.#QNAN 1.#QNAN 1.#QNAN 1.#QNAN 1.#QNAN 1.#QNAN 1.#QNAN 1.#QNAN 1.#QNAN 265 263 264 264 264 263 260 259 260 260 264 265 267 266 266 266 266 263 260 264 263 263 262 263 263 263 263 264 265 265 264 264 264 264 263 262 262 261 260 260 260 260 260 260 260 260 260 260 260 260 260 260 260 260
1.#QNAN 1.#QNAN 1.#QNAN 1.#QNAN 1.#QNAN 1.#QNAN 1.#QNAN 1.#QNAN 1.#QNAN 1.#QNAN 1.#QNAN 1.#QNAN 1.#QNAN 1.#QNAN 1.#QNAN 1.#QNAN 1.#QNAN 1.#QNAN 1.#QNAN 1.#QNAN 1.#QNAN 1.#QNAN 1.#QNAN 1.#QNAN 1.#QNAN 1.#QNAN 1.#QNAN 1.#QNAN 1.#QNAN 1.#QNAN 1.#QNAN 266 263 264 265 264 263 262 264 264 262 265 267 267 266 264 264 265 262 264 264 263 262 263 261 263 264 265 265 265 264 264 264 264 263 263 262 261 260 260 260 260 260 260 260 260 260 260 260 260 260 260 260 260
1.#QNAN 1.#QNAN 1.#QNAN 1.#QNAN 1.#QNAN 1.#QNAN 1.#QNAN 1.#QNAN 1.#QNAN 1.#QNAN 1.#QNAN 1.#QNAN 1.#QNAN 1.#QNAN 1.#QNAN 1.#QNAN 1.#QNAN 1.#QNAN 1.#QNAN 1.#QNAN 1.#QNAN 1.#QNAN 1.#QNAN 1.#QNAN 1.#QNAN 1.#QNAN 1.#QNAN 1.#QNAN 1.#QNAN 1.#QNAN 1.#QNAN 266 265 265 264 260 260 262 263 266 264 265 267 265 262 261 261 263 265 266 265 265 265 264 262 263 264 265 265 265 265 265 265 264 264 263 262 261 261 260 260 260 260 260 260 260 260 260 260 260 260 260 260 260
1.#QNAN 1.#QNAN 1.#QNAN 1.#QNAN 1.#QNAN 1.#QNAN 1.#QNAN 1.#QNAN 1.#QNAN 1.#QNAN 1.#QNAN 1.#QNAN 1.#QNAN 1.#QNAN 1.#QNAN 1.#QNAN 1.#QNAN 1.#QNAN 1.#QNAN 1.#QNAN 1.#QNAN 1.#QNAN 1.#QNAN 1.#QNAN 1.#QNAN 1.#QNAN 1.#QNAN 1.#QNAN 1.#QNAN 1.#QNAN 1.#QNAN 266 263 262 262 259 258 258 264 266 267 267 266 264 263 260 262 263 263 264 264 265 265 265 264 264 264 265 265 266 265 265 265 264 264 263 263 262 261 261 261 261 260 260 260 260 260 260 260 260 260 260 260 260
1.#QNAN 1.#QNAN 1.#QNAN 1.#QNAN 1.#QNAN 1.#QNAN 1.#QNAN 1.#QNAN 1.#QNAN 1.#QNAN 1.#QNAN 1.#QNAN 1.#QNAN 1.#QNAN 1.#QNAN 1.#QNAN 1.#QNAN 1.#QNAN 1.#QNAN 1.#QNAN 1.#QNAN 1.#QNAN 1.#QNAN 1.#QNAN 1.#QNAN 1.#QNAN 1.#QNAN 1.#QNAN 1.#QNAN 1.#QNAN 1.#QNAN 1.#QNAN 1.#QNAN 1.#QNAN 265 263 261 257 264 267 267 267 266 261 259 261 262 263 264 264 264 265 266 265 265 265 265 266 265 265 265 265 265 264 264 264 263 262 262 261 261 261 261 260 260 260 260 260 260 260 260 260 260 260
1.#QNAN 1.#QNAN 1.#QNAN 1.#QNAN 1.#QNAN 1.#QNAN 1.#QNAN 1.#QNAN 1.#QNAN 1.#QNAN 1.#QNAN 1.#QNAN 1.#QNAN 1.#QNAN 1.#QNAN 1.#QNAN 1.#QNAN 1.#QNAN 1.#QNAN 1.#QNAN 1.#QNAN 1.#QNAN 1.#QNAN 1.#QNAN 1.#QNAN 1.#QNAN 1.#QNAN 1.#QNAN 1.#QNAN 1.#QNAN 1.#QNAN 1.#QNAN 1.#QNAN 1.#QNAN 265 264 260 259 266 267 267 266 265 261 257 256 258 263 264 264 265 265 265 265 265 265 265 265 266 265 265 265 265 265 264 264 263 263 262 262 261 261 261 261 260 260 260 260 260 260 260 260 260 260
1.#QNAN 1.#QNAN 1.#QNAN 1.#QNAN 1.#QNAN 1.#QNAN 1.#QNAN 1.#QNAN 1.#QNAN 1.#QNAN 1.#QNAN 1.#QNAN 1.#QNAN 1.#QNAN 1.#QNAN 1.#QNAN 1.#QNAN 1.#QNAN 1.#QNAN 1.#QNAN 1.#QNAN 1.#QNAN 1.#QNAN 1.#QNAN 1.#QNAN 1.#QNAN 1.#QNAN 1.#QNAN 1.#QNAN 1.#QNAN 1.#QNAN 1.#QNAN 1.#QNAN 1.#QNAN 1.#QNAN 1.#QNAN 263 262 266 267 267 266 265 264 258 256 258 262 263 264 265 265 265 264 264 264 265 265 265 266 265 265 265 265 265 264 264 263 263 262 262 261 261 261 261 261 260 260 260 260 260 260 260 260
1.#QNAN 1.#QNAN 1.#QNAN 1.#QNAN 1.#QNAN 1.#QNAN 1.#QNAN 1.#QNAN 1.#QNAN 1.#QNAN 1.#QNAN 1.#QNAN 1.#QNAN 1.#QNAN 1.#QNAN 1.#QNAN 1.#QNAN 1.#QNAN 1.#QNAN 1.#QNAN 1.#QNAN 1.#QNAN 1.#QNAN 1.#QNAN 1.#QNAN 1.#QNAN 1.#QNAN 1.#QNAN 1.#QNAN 1.#QNAN 1.#QNAN 1.#QNAN 1.#QNAN 1.#QNAN 1.#QNAN 1.#QNAN 1.#QNAN 1.#QNAN 266 266 265 264 261 262 261 259 258 256 260 264 264 264 265 265 265 265 265 264 265 266 265 265 264 265 264 264 264 263 263 263 262 262 261 261 261 261 261 261 261 260 260 260 260 260
1.#QNAN 1.#QNAN 1.#QNAN 1.#QNAN 1.#QNAN 1.#QNAN 1.#QNAN 1.#QNAN 1.#QNAN 1.#QNAN 1.#QNAN 1.#QNAN 1.#QNAN 1.#QNAN 1.#QNAN 1.#QNAN 1.#QNAN 1.#QNAN 1.#QNAN 1.#QNAN 1.#QNAN 1.#QNAN 1.#QNAN 1.#QNAN 1.#QNAN 1.#QNAN 1.#QNAN 1.#QNAN 1.#QNAN 1.#QNAN 1.#QNAN 1.#QNAN 1.#QNAN 1.#QNAN 1.#QNAN 1.#QNAN 1.#QNAN 1.#QNAN 1.#QNAN 1.#QNAN 265 261 257 262 264 263 259 257 257 263 264 264 264 264 265 265 265 265 265 265 264 263 264 265 263 264 264 264 264 263 263 262 262 261 261 261 261 261 261 261 261 260 260 260
1.#QNAN 1.#QNAN 1.#QNAN 1.#QNAN 1.#QNAN 1.#QNAN 1.#QNAN 1.#QNAN 1.#QNAN 1.#QNAN 1.#QNAN 1.#QNAN 1.#QNAN 1.#QNAN 1.#QNAN 1.#QNAN 1.#QNAN 1.#QNAN 1.#QNAN 1.#QNAN 1.#QNAN 1.#QNAN 1.#QNAN 1.#QNAN 1.#QNAN 1.#QNAN 1.#QNAN 1.#QNAN 1.#QNAN 1.#QNAN 1.#QNAN 1.#QNAN 1.#QNAN 1.#QNAN 1.#QNAN 1.#QNAN 1.#QNAN 1.#QNAN 1.#QNAN 1.#QNAN 1.#QNAN 263 260 259 265 263 263 261 261 260 262 264 264 264 265 265 265 265 265 264 263 263 265 265 263 263 263 264 264 263 263 263 262 262 261 261 261 261 261 261 261 261 261 260
