08 Ecocrop/raster/current/tmean_3.asc
ncols        683
nrows        518
xllcorner    -87.691666666667
yllcorner    10.708333333333
cellsize     0.008333333333
NODATA_value  1.#QNAN
[rows 296 to 332 of 518, columns 252 to 335 of 683]
250 248 247 252 251 249 245 242 244 245 242 239 236 231 229 231 231 230 232 235 234 233 234 234 227 226 237 240 240 243 245 246 247 249 249 249 250 249 249 250 250 250 251 247 247 248 251 251 249 247 247 244 246 247 246 247 243 241 243 244 243 244 243 242 242 241 240 237 238 239 242 243 246 247 247 245 247 249 249 250 250 250 251 251
246 248 246 252 251 248 244 241 246 243 240 237 237 234 229 230 228 227 232 233 231 229 230 231 229 227 230 234 237 244 245 246 249 250 250 251 251 250 251 251 248 249 251 249 246 246 250 250 250 248 248 245 246 246 247 247 245 242 244 243 242 242 242 242 241 239 239 239 237 239 244 245 247 245 242 241 248 249 249 250 250 250 251 251
248 250 250 252 251 249 247 248 246 245 241 237 232 230 228 229 225 228 227 227 227 222 226 230 235 232 225 227 235 241 246 248 249 249 250 251 252 252 252 250 248 247 248 246 248 244 247 249 250 250 245 241 242 245 247 245 243 242 244 243 242 241 240 239 240 238 239 236 235 237 239 242 244 239 238 244 242 248 249 249 250 250 250 251
246 248 251 251 251 251 249 247 245 244 238 231 229 228 231 228 225 227 223 221 222 215 225 232 236 236 232 230 239 244 247 247 248 249 251 251 251 252 252 250 247 245 244 239 243 245 247 246 249 250 243 242 244 246 246 243 242 243 241 241 240 239 239 239 241 240 238 231 234 235 242 245 239 237 240 240 241 247 249 250 250 250 250 251
248 250 251 250 249 250 249 247 245 242 240 233 229 233 231 223 223 225 221 218 219 220 227 233 237 238 234 227 235 244 246 248 250 251 252 252 251 251 252 251 249 247 246 244 243 243 241 244 248 248 247 245 246 246 243 243 243 241 240 239 239 239 240 240 239 239 239 237 237 236 238 242 237 237 236 236 243 248 247 249 250 251 251 251
249 250 250 249 247 248 249 244 237 233 236 230 227 231 232 230 229 231 229 229 230 229 230 235 239 239 233 222 232 241 248 250 251 252 251 252 251 251 251 250 249 248 247 245 244 245 244 246 245 246 249 249 248 246 243 245 241 241 240 239 241 242 243 240 238 238 238 236 236 236 237 236 234 239 240 243 247 243 244 249 250 251 251 251
250 249 247 247 245 245 248 244 236 231 229 230 232 232 235 234 234 236 230 236 237 235 234 238 240 238 233 225 234 241 248 249 250 252 253 252 252 252 252 250 249 247 246 247 245 243 245 245 242 245 248 248 249 248 247 243 239 242 240 241 242 244 243 240 235 236 236 233 235 235 235 235 237 241 244 246 242 243 248 249 250 250 250 251
249 247 245 241 242 244 246 243 241 233 229 232 235 237 238 233 239 235 229 235 240 240 236 238 240 233 237 237 243 246 246 247 248 251 252 252 250 251 252 251 250 249 248 248 246 241 244 244 245 246 247 246 248 249 247 244 242 243 242 243 243 246 245 241 240 238 236 237 237 236 235 236 238 242 245 244 242 246 249 248 249 250 251 250
246 242 239 240 238 238 239 241 238 237 230 227 227 235 240 240 241 238 238 239 240 243 239 240 238 233 240 243 246 248 249 251 252 252 252 248 246 249 251 251 251 250 249 248 245 244 242 243 244 246 244 244 247 248 247 244 241 244 244 245 245 244 242 242 242 239 238 237 236 235 233 238 238 242 244 237 235 243 248 249 250 250 250 249
243 243 243 243 239 233 229 231 234 229 227 227 227 234 237 238 243 242 243 241 239 241 244 245 241 240 241 246 247 246 247 249 250 251 250 244 245 248 251 250 250 251 250 249 248 246 242 242 242 243 244 246 247 248 247 245 241 245 246 246 246 242 236 239 242 240 241 238 236 235 236 239 241 244 237 233 238 244 249 250 248 247 247 250
248 246 243 243 240 237 231 230 232 229 230 234 231 237 240 241 244 245 245 244 243 239 241 244 248 248 245 246 248 248 248 246 249 252 251 249 249 249 250 250 250 251 250 250 249 247 245 244 242 244 244 246 246 247 246 246 244 245 247 248 246 241 234 239 243 244 242 237 235 237 239 239 241 241 237 238 241 247 249 248 248 248 249 249
245 243 239 241 239 234 237 237 237 233 236 237 235 238 237 239 243 245 246 246 245 242 242 242 242 249 250 249 250 249 250 249 249 251 249 249 250 250 249 250 250 250 249 250 245 248 246 243 245 244 245 244 243 245 247 248 247 247 248 248 247 245 239 240 245 244 240 238 238 239 238 242 243 242 244 244 246 248 249 248 249 248 248 248
239 237 237 232 233 236 239 240 240 233 237 240 238 240 242 243 244 247 248 247 247 245 244 243 242 245 250 251 251 250 250 251 251 251 251 251 250 250 249 249 250 250 249 249 247 245 238 237 242 244 245 245 244 245 246 248 248 248 248 249 248 246 244 244 247 244 237 235 240 241 240 243 245 244 246 247 249 249 249 249 249 248 248 247
240 234 231 223 226 233 237 241 241 237 241 242 242 243 246 246 246 245 244 244 244 248 247 247 248 249 251 250 251 252 251 247 247 249 251 251 250 249 249 249 249 249 248 246 246 245 237 236 236 240 245 246 247 246 245 247 247 248 249 249 249 247 246 247 246 237 228 230 239 244 244 242 247 247 249 249 249 249 249 250 249 248 247 248
240 233 227 221 226 233 238 241 241 241 242 242 241 239 240 241 240 241 239 236 239 242 244 242 243 247 250 249 248 250 248 246 247 250 250 252 251 251 250 249 247 245 246 246 245 245 244 239 233 237 241 241 243 247 248 247 247 247 249 249 249 248 248 248 243 230 228 233 241 246 247 246 248 248 248 249 249 249 249 250 249 249 248 249
241 231 222 227 229 232 236 238 238 239 240 239 240 242 243 244 243 242 241 242 243 245 248 248 248 247 247 249 249 250 249 250 251 250 250 251 250 250 251 250 249 247 247 247 246 245 243 242 239 234 229 228 234 244 248 248 248 248 249 249 250 248 248 248 244 238 235 236 245 248 248 248 249 249 249 249 249 250 250 250 250 250 250 250
239 233 224 225 229 232 235 235 237 238 238 240 241 243 244 245 246 246 245 249 249 249 248 248 251 250 247 249 249 251 251 252 251 248 244 244 243 246 249 250 249 249 247 245 245 246 243 242 240 237 233 230 230 242 247 248 249 249 248 248 249 248 249 248 247 244 241 245 248 247 247 249 249 247 249 250 250 250 251 250 249 246 249 250
232 231 226 222 223 229 231 234 237 238 240 241 241 240 241 244 244 246 250 249 245 240 245 249 251 251 251 251 249 251 252 252 251 248 246 245 244 244 243 248 249 248 248 246 241 244 245 242 239 239 238 232 236 241 246 248 249 249 248 248 249 250 250 249 248 248 247 248 247 242 246 249 249 248 250 251 251 251 250 249 247 248 247 249
239 233 228 228 225 224 229 231 237 240 239 239 239 240 242 243 242 247 249 245 235 232 237 242 245 251 250 251 252 251 252 252 252 250 248 247 246 246 243 243 247 249 248 246 243 242 243 243 239 240 243 236 239 241 244 249 249 248 247 247 249 250 250 249 249 249 249 248 245 242 248 248 250 250 250 250 251 250 249 248 246 246 246 245
236 233 238 237 238 236 236 237 239 240 240 240 240 240 239 241 243 241 248 243 235 233 235 242 247 245 247 249 251 251 250 248 248 251 248 247 247 247 245 243 245 249 248 246 246 245 243 243 243 244 246 241 240 243 247 249 248 249 249 249 250 250 250 248 250 249 249 249 246 246 248 249 250 250 250 250 249 248 248 247 246 246 245 248
237 238 245 246 245 242 240 243 242 242 240 239 239 239 237 237 239 239 246 248 240 236 236 242 245 240 242 246 249 250 252 252 252 252 249 249 249 248 247 245 244 246 249 248 247 244 243 242 246 245 247 244 242 242 247 249 248 248 248 249 250 250 250 249 250 250 250 250 248 248 248 249 251 250 250 249 249 246 246 247 247 246 247 249
241 247 250 251 250 247 244 246 244 243 243 241 240 239 238 238 241 244 246 245 243 239 237 238 241 240 240 240 242 250 252 252 252 252 252 251 250 249 248 248 246 244 248 248 248 246 243 243 246 248 247 247 244 243 246 250 249 248 249 250 250 250 250 250 250 251 251 251 250 251 250 251 250 249 249 248 248 246 246 247 247 248 247 248
242 248 250 254 255 251 249 246 244 243 242 243 244 242 243 244 247 248 248 243 238 238 236 237 241 240 240 242 244 250 252 252 252 251 252 252 251 250 250 248 246 243 246 248 248 246 244 244 248 248 246 247 248 245 245 249 250 250 249 249 251 249 250 251 252 251 251 251 251 250 250 251 250 249 248 247 246 246 247 248 249 249 249 250
248 254 256 255 256 255 251 245 242 242 242 242 244 244 245 244 244 245 247 244 240 238 237 237 239 238 242 247 249 250 250 248 251 252 252 252 252 251 249 248 245 243 245 248 247 245 244 243 248 249 247 246 248 247 247 250 251 250 249 250 251 251 251 251 251 251 251 250 250 248 251 251 251 250 249 247 244 243 246 248 249 249 250 250
254 258 258 256 253 257 252 247 245 245 244 243 244 246 244 243 243 245 244 242 241 239 238 238 237 237 244 247 245 248 245 244 250 252 252 252 251 251 250 249 248 244 245 247 246 243 240 243 248 250 249 247 248 248 248 251 251 251 250 251 252 252 250 251 250 251 251 250 249 250 251 251 250 248 248 246 245 243 245 247 249 249 249 249
262 259 259 259 255 259 256 252 246 247 246 245 245 245 245 242 244 244 243 240 239 240 238 238 236 238 239 239 239 242 246 249 250 251 251 252 252 251 250 249 246 245 245 247 245 243 239 239 245 248 249 248 245 249 246 250 251 251 251 251 251 252 251 250 250 251 250 249 249 249 249 250 250 247 248 245 243 238 239 245 247 247 248 246
263 264 264 262 259 260 256 253 250 248 247 246 246 246 245 244 243 242 241 241 239 239 239 238 236 237 238 239 241 244 248 248 244 248 249 249 251 251 250 246 246 245 242 242 245 246 242 244 242 242 245 249 249 249 244 250 251 251 251 251 251 251 250 248 249 250 251 249 248 249 249 250 250 249 248 247 243 237 238 242 242 245 246 245
265 267 266 264 259 262 255 253 251 248 248 248 248 247 246 245 244 242 241 238 237 238 239 238 237 235 237 237 237 238 241 241 244 249 248 249 250 249 248 244 245 245 245 245 245 248 247 248 247 246 246 248 247 250 249 251 250 251 251 251 251 250 249 246 249 250 250 250 248 249 250 248 250 249 248 245 237 237 241 241 237 241 245 248
267 267 266 265 259 260 260 255 250 249 248 248 248 248 247 245 246 244 241 234 235 237 238 239 238 236 236 235 235 236 238 240 245 247 247 249 248 248 247 244 243 245 244 244 245 246 247 249 249 249 248 246 248 250 249 250 251 251 251 250 251 250 250 249 249 249 250 248 248 249 249 249 250 249 248 245 239 240 241 236 235 242 246 249
268 268 266 261 257 264 258 256 252 250 250 250 249 248 248 249 247 245 244 239 238 240 237 237 238 237 235 232 232 236 238 241 242 246 246 245 247 247 247 245 242 244 245 245 245 245 241 246 248 250 250 250 250 250 251 250 251 251 250 250 250 249 248 247 247 248 248 247 246 247 248 247 250 248 245 243 240 241 238 233 234 237 244 247
268 268 264 259 263 264 258 255 250 255 255 251 252 251 253 253 250 248 249 246 247 244 232 228 236 238 235 233 237 238 239 240 241 243 239 238 245 246 246 245 242 244 245 244 243 243 238 241 248 249 249 250 250 249 251 249 250 250 250 249 249 247 244 240 238 246 247 245 244 246 246 247 250 246 244 242 241 243 240 233 236 234 238 244
268 268 268 267 266 264 260 254 252 258 258 256 256 255 257 256 253 254 255 253 250 245 238 234 237 243 240 235 237 233 238 241 241 240 238 237 239 244 244 244 243 242 244 244 243 241 237 240 247 249 249 249 249 249 250 249 249 248 248 247 245 243 242 239 237 242 246 244 245 248 248 248 249 247 244 244 243 245 242 238 240 237 234 238
269 269 267 264 259 260 257 252 254 259 259 259 257 256 257 258 256 257 256 255 253 251 245 245 248 244 246 240 228 226 236 241 239 237 236 236 235 236 241 242 243 241 238 241 242 238 231 238 246 247 247 248 247 249 249 248 243 243 245 243 238 235 234 237 236 238 244 247 249 249 250 250 249 244 244 244 244 246 245 243 243 237 238 240
270 269 267 264 259 254 252 254 256 259 260 260 260 256 258 257 256 258 258 256 253 255 249 248 253 253 252 242 233 230 237 239 234 234 232 232 236 238 240 242 243 240 238 236 234 231 228 234 244 241 244 247 242 245 245 242 238 237 239 233 231 229 229 228 231 236 245 248 249 248 248 250 249 246 245 245 245 247 247 246 245 244 246 245
270 269 268 263 256 254 253 253 255 256 260 262 261 256 257 260 260 257 254 248 250 248 247 249 254 255 254 247 242 234 235 236 230 228 234 235 235 239 243 243 242 241 240 237 234 233 231 232 237 238 244 245 237 239 238 233 231 230 231 230 231 233 232 229 234 237 243 244 243 248 249 250 247 246 245 245 246 248 248 248 247 247 247 247
269 268 267 265 257 257 257 254 252 253 257 262 264 259 262 263 260 258 256 256 251 245 251 254 255 257 255 253 246 242 236 233 226 222 229 233 234 238 242 242 242 240 241 239 237 236 232 229 230 235 239 242 236 234 233 230 232 231 230 233 235 236 233 231 238 241 241 241 244 248 248 250 246 244 243 245 246 247 249 248 248 248 248 248
266 267 263 265 262 260 260 258 256 256 257 261 265 264 261 257 253 255 250 252 246 247 257 255 258 258 257 254 251 250 245 240 229 223 221 226 234 239 241 242 241 239 239 238 237 237 236 234 230 230 235 237 235 234 227 230 233 231 230 234 237 239 236 235 239 241 243 246 247 247 246 250 247 246 245 245 246 248 249 248 248 248 248 248
