08 Ecocrop/raster/current/tmean_12.asc
ncols        683
nrows        518
xllcorner    -87.691666666667
yllcorner    10.708333333333
cellsize     0.008333333333
NODATA_value  1.#QNAN
[rows 185 to 221 of 518, columns 168 to 251 of 683]
209 212 214 218 221 222 220 214 216 206 194 189 184 184 180 183 186 189 185 190 203 216 217 212 221 228 222 224 217 214 210 207 211 221 225 228 229 230 230 230 231 232 233 233 231 233 231 218 217 226 226 220 222 223 224 224 229 230 225 225 228 229 231 231 230 229 228 224 222 220 216 213 213 216 213 212 218 220 221 220 220 221 222 222
197 200 205 209 217 220 222 220 212 199 189 193 187 190 189 194 199 201 196 200 208 214 220 216 223 225 223 223 218 216 207 202 211 221 226 228 228 228 228 229 227 229 232 232 233 233 231 222 219 221 225 222 217 219 222 222 227 229 226 224 227 227 230 231 231 230 230 227 218 214 213 215 215 217 219 217 216 220 221 222 221 222 222 222
201 205 210 211 216 216 218 220 211 202 201 206 201 205 200 203 213 207 209 210 213 215 218 223 223 218 222 221 214 209 209 206 210 221 225 226 226 227 227 226 227 230 230 230 230 233 232 227 219 215 219 221 216 218 221 224 225 227 225 224 225 228 230 227 223 225 228 227 222 217 216 217 218 219 221 218 218 221 223 223 222 220 221 221
204 207 206 203 208 207 204 210 218 215 213 213 213 212 211 210 217 215 218 217 218 220 223 225 214 212 210 209 207 203 205 207 206 218 224 224 225 224 227 224 227 229 227 228 230 232 231 228 222 221 220 220 220 218 221 223 223 224 223 226 225 230 228 224 220 222 224 228 226 223 220 220 221 220 220 222 223 223 223 222 219 220 219 220
204 202 200 200 202 197 197 202 212 216 217 221 217 218 222 223 221 221 223 221 222 225 224 219 212 206 201 197 201 195 198 204 207 215 218 223 223 225 226 223 227 229 226 228 228 232 230 229 225 221 219 217 218 222 220 222 224 221 224 227 227 229 221 211 216 224 227 228 226 227 226 224 223 224 224 224 224 221 221 223 218 221 218 218
196 197 194 195 194 185 186 191 201 204 204 213 220 221 214 215 222 223 220 224 222 219 220 213 204 198 196 196 196 194 194 200 205 212 217 221 224 225 223 225 227 229 227 228 229 231 231 227 225 222 223 222 221 222 223 224 225 227 227 228 229 227 214 209 212 222 225 225 224 225 225 224 223 226 225 224 224 221 220 222 220 222 219 215
192 192 185 187 185 181 181 184 192 194 197 207 218 211 200 202 208 210 217 219 219 213 218 213 203 198 198 202 199 198 198 199 204 211 216 220 223 219 220 224 225 227 227 227 226 228 231 229 227 224 225 220 220 221 221 220 220 225 223 224 229 223 216 210 214 220 217 212 221 224 225 224 222 222 220 219 224 224 220 220 222 221 217 212
199 191 181 183 181 176 175 176 181 190 202 211 218 210 200 193 197 213 217 215 211 209 212 213 207 208 208 203 197 198 203 203 207 209 215 220 220 215 219 221 222 223 224 226 228 231 229 227 228 228 221 216 214 215 212 211 220 224 225 226 228 225 221 217 217 221 214 218 222 225 227 223 222 220 219 219 222 221 218 221 222 221 215 210
201 192 189 190 184 177 174 180 186 191 203 212 209 212 205 197 206 216 211 210 202 206 205 207 212 207 211 207 204 204 205 206 205 204 213 214 219 217 220 222 227 228 226 224 227 231 228 224 226 225 220 218 209 202 204 209 215 221 226 228 227 225 225 222 222 222 217 219 222 223 226 225 222 221 219 219 219 220 217 219 222 220 215 211
202 193 197 197 187 179 177 187 197 202 212 211 201 202 196 196 210 213 203 202 199 202 195 199 206 206 204 207 205 206 205 205 203 201 210 215 222 225 227 229 230 231 230 229 230 228 223 221 222 221 223 217 207 203 208 211 213 217 226 225 221 219 220 224 222 219 211 216 218 216 221 225 223 221 220 219 219 217 217 218 222 218 211 211
200 193 198 197 188 186 189 190 199 209 212 202 198 192 187 201 213 206 194 191 188 190 191 195 199 205 201 203 208 203 201 201 201 200 211 219 224 227 229 230 231 232 231 232 231 227 224 218 214 220 221 214 206 205 210 215 219 221 225 218 209 209 214 222 222 213 209 214 215 216 220 224 225 222 221 221 219 213 218 220 221 214 208 207
189 190 196 200 192 194 199 199 206 212 206 194 186 186 187 201 211 202 195 189 185 189 194 198 200 205 202 205 205 200 197 195 198 205 215 222 225 227 229 230 231 231 231 231 231 229 226 220 215 216 218 214 207 198 204 213 219 224 224 215 210 210 215 220 219 212 211 211 212 215 219 220 225 224 222 219 218 217 218 220 219 211 206 206
193 198 197 202 202 205 206 207 209 206 201 188 186 191 187 197 210 208 202 196 190 195 199 202 205 202 200 202 202 200 196 193 201 210 218 222 225 227 228 229 230 230 231 231 230 228 227 224 215 212 209 209 205 193 196 205 217 223 223 219 214 213 217 218 217 212 208 209 211 216 219 219 223 225 224 222 221 220 220 220 217 208 204 206
196 200 202 204 205 206 209 209 201 197 191 195 197 199 196 197 202 210 207 200 193 196 201 204 205 200 196 198 197 197 193 189 202 212 218 222 225 227 228 229 230 230 230 230 229 227 225 223 220 215 209 201 200 198 196 202 210 220 214 211 216 213 214 216 214 208 204 208 212 213 215 217 221 223 224 223 222 218 219 219 214 208 205 206
202 205 204 208 210 209 210 210 204 202 200 201 203 205 202 205 209 210 208 206 200 194 198 199 204 201 195 191 185 186 189 189 198 212 218 223 225 227 228 229 229 229 230 230 228 226 224 218 209 208 209 201 200 203 203 206 212 221 209 207 214 209 206 208 209 206 198 202 207 209 213 217 218 217 222 223 222 219 218 219 213 208 205 208
196 203 206 207 204 205 209 208 208 207 205 199 204 204 206 205 203 209 207 202 197 193 195 197 199 199 198 187 186 186 191 198 200 212 218 222 224 225 227 228 228 229 229 228 227 225 221 215 203 198 200 202 199 205 211 212 219 214 205 206 210 210 206 201 201 196 189 193 196 203 210 214 214 215 220 221 220 218 217 217 212 205 205 210
199 194 203 204 194 205 208 206 204 203 204 198 200 200 200 203 204 206 208 203 202 198 195 197 195 192 196 194 190 190 194 201 203 210 218 221 222 224 226 227 228 228 227 227 225 222 216 209 198 192 195 201 204 206 211 218 219 210 208 208 205 203 206 204 202 198 190 183 195 200 205 210 215 219 217 216 217 213 213 214 213 205 205 209
186 193 204 198 193 205 208 202 200 202 200 197 199 195 195 202 204 204 205 206 197 194 193 195 195 189 190 191 190 192 199 204 207 210 216 220 222 224 226 227 227 226 225 224 222 219 208 196 190 194 196 200 203 208 210 214 220 215 213 207 199 201 202 199 192 194 189 183 194 197 206 213 216 216 212 210 211 210 210 211 212 206 204 208
187 200 205 201 195 206 205 199 197 197 195 196 194 190 189 199 203 201 203 202 192 187 190 194 194 192 185 185 185 187 197 205 209 214 214 217 221 223 225 226 225 224 223 221 219 215 207 196 190 191 195 195 194 202 207 208 215 215 214 207 205 205 202 203 200 195 184 181 188 198 206 212 213 213 208 205 205 205 206 209 209 206 202 207
189 198 204 198 197 204 206 202 202 200 195 194 194 193 191 196 201 200 199 196 191 189 191 192 193 190 184 180 183 185 189 197 205 209 208 211 216 221 223 224 222 222 220 218 215 208 199 191 188 190 192 192 197 199 206 209 214 211 213 211 209 208 209 208 205 195 193 185 192 199 208 211 212 209 204 197 197 197 200 204 200 198 199 203
193 200 202 195 192 199 202 206 204 201 194 197 198 198 195 193 197 198 196 190 181 184 184 188 193 192 186 181 185 188 189 193 197 203 202 199 202 213 220 222 219 217 216 214 211 204 193 190 189 189 190 193 195 197 202 205 214 215 215 214 212 211 213 211 208 202 195 188 188 195 203 207 206 202 198 192 187 183 192 197 199 198 201 205
194 199 201 193 184 189 197 199 203 202 197 199 201 199 198 192 189 191 193 187 174 173 183 188 192 192 189 186 188 190 193 195 196 197 195 193 195 202 217 215 213 211 209 207 204 199 189 191 191 189 189 192 192 195 201 207 210 201 209 212 215 212 208 209 209 205 197 185 181 193 197 203 198 195 191 184 181 176 182 189 197 201 202 201
198 197 198 196 186 181 187 194 201 200 202 200 198 193 191 189 181 180 186 183 167 173 185 189 191 192 191 190 188 191 192 193 195 198 196 195 195 203 215 210 204 199 198 196 193 190 190 192 191 190 192 193 196 197 203 206 203 196 199 206 213 213 211 209 209 206 196 192 190 189 192 195 194 181 181 174 175 173 179 191 196 199 198 196
187 187 190 194 186 174 182 195 199 193 200 200 198 191 184 180 170 170 176 173 168 174 181 185 187 189 189 189 190 191 189 189 193 198 199 201 199 210 205 207 197 191 192 191 191 190 191 192 190 189 191 190 194 199 202 201 198 196 196 204 209 212 207 201 204 207 203 199 194 182 182 186 177 164 165 173 182 183 175 184 193 199 198 198
181 179 179 184 179 176 185 196 194 189 195 199 194 195 189 183 173 163 162 159 162 165 173 177 183 186 188 191 192 193 190 193 195 198 197 196 204 201 198 196 196 189 192 192 192 191 192 194 192 190 191 192 190 192 195 191 193 193 194 203 204 207 208 202 197 205 201 196 192 177 168 169 161 158 171 180 188 190 185 192 196 202 200 201
176 172 171 174 173 180 191 194 194 188 193 194 190 191 191 187 179 168 160 160 160 166 171 176 183 188 190 191 193 194 195 196 197 197 194 195 197 195 190 185 185 187 191 193 193 194 193 193 193 192 194 193 190 187 188 186 186 189 194 198 200 203 206 206 196 200 201 197 191 179 168 162 158 161 172 178 187 195 195 198 202 204 204 204
171 171 170 170 177 184 187 188 189 189 185 186 182 185 179 179 176 167 161 165 168 166 169 175 179 185 186 187 191 191 193 192 194 192 189 193 193 191 189 182 184 189 192 192 193 195 195 195 195 194 196 194 193 190 186 187 187 187 191 197 199 197 201 207 206 205 203 198 189 174 166 169 168 165 165 172 184 193 198 205 208 209 206 209
175 170 169 169 173 178 180 179 181 180 174 176 175 175 171 174 173 171 169 169 175 170 171 173 173 178 179 182 185 188 189 190 193 192 191 192 192 193 193 190 190 192 194 194 195 196 196 196 196 197 197 196 195 191 187 186 187 187 187 191 194 200 202 202 204 206 204 199 194 185 179 172 162 159 161 169 182 186 194 205 210 209 204 206
180 175 169 168 168 170 170 170 171 171 168 171 181 187 187 186 183 178 177 178 179 177 177 177 173 173 173 175 177 180 181 185 188 189 191 193 194 194 195 194 194 194 195 196 196 196 196 196 196 195 195 196 196 192 189 187 188 187 186 186 188 194 200 200 202 204 203 199 195 190 184 182 174 158 166 172 186 196 197 206 211 207 203 201
184 181 173 169 170 170 168 167 168 170 168 169 176 190 195 193 190 187 182 184 180 184 181 182 178 176 176 176 176 175 176 182 187 190 192 193 193 193 193 194 195 195 196 196 196 196 196 195 195 192 191 194 197 194 189 188 190 190 188 188 185 187 193 198 200 200 198 198 193 190 189 186 183 173 181 180 180 197 205 210 213 209 206 200
188 180 176 175 175 171 168 168 173 178 176 174 181 189 198 195 194 195 186 188 188 188 184 183 180 181 179 178 177 176 178 180 183 189 193 192 189 191 189 192 194 194 195 196 196 196 196 195 194 191 189 191 196 193 188 189 191 192 191 189 187 184 186 189 197 198 197 198 198 195 193 191 189 186 188 194 189 198 206 210 213 213 208 202
190 182 182 180 175 172 170 169 177 185 183 180 181 192 197 201 199 194 188 186 187 190 187 184 182 178 176 177 179 178 178 180 184 186 191 189 186 191 193 193 191 193 195 196 196 195 194 193 192 191 191 192 196 193 192 190 192 191 191 189 186 186 186 189 193 199 198 199 198 199 199 197 195 193 194 199 199 200 205 208 212 214 214 206
184 186 183 183 178 176 178 175 180 187 188 182 186 189 192 201 202 196 192 192 190 191 187 183 181 176 174 176 180 181 181 185 187 191 191 191 190 193 195 195 195 196 196 196 196 193 189 190 188 188 191 192 194 197 194 193 192 192 191 189 189 188 186 187 190 198 198 200 199 201 203 202 198 197 201 203 203 205 208 211 214 214 216 212
178 178 178 181 178 177 180 178 186 191 191 189 191 194 197 203 203 199 198 199 195 193 186 186 182 180 179 178 182 185 186 190 192 193 190 194 195 196 196 196 196 196 196 196 195 193 188 186 184 182 188 193 197 194 194 194 193 190 191 190 187 186 183 187 190 195 202 200 202 205 204 204 202 201 203 206 205 206 205 213 217 216 217 215
178 177 177 176 177 177 182 184 188 195 195 194 196 198 200 205 205 203 202 195 195 193 187 187 186 184 182 183 188 188 189 189 194 195 194 196 196 196 196 196 196 196 196 195 195 194 192 188 188 187 190 193 200 199 195 193 192 190 189 190 188 186 183 186 188 192 201 203 200 209 209 207 208 211 211 209 210 208 205 207 215 218 217 215
180 178 177 173 175 179 187 191 194 197 199 197 199 203 204 207 206 202 197 192 194 194 192 192 190 187 188 188 191 189 191 193 195 195 195 196 196 196 196 195 196 196 196 196 195 194 194 192 192 191 192 193 196 202 200 194 191 189 187 187 186 182 185 188 189 193 198 204 204 208 216 212 215 218 216 209 212 211 210 207 208 215 218 216
182 181 178 175 177 181 183 189 193 198 202 197 202 206 208 209 207 201 195 192 195 192 190 190 192 192 191 192 190 185 187 192 195 195 194 194 195 196 196 195 195 196 195 195 195 194 194 193 192 192 191 191 193 195 202 200 194 189 187 186 181 179 183 190 197 200 198 202 205 206 211 220 221 222 217 208 210 212 213 213 210 214 220 218
