08 Ecocrop/raster/current/tmean_4.asc
ncols        683
nrows        518
xllcorner    -87.691666666667
yllcorner    10.708333333333
cellsize     0.008333333333
NODATA_value  1.#QNAN
[rows 74 to 110 of 518, columns 336 to 419 of 683]
253 256 258 253 252 253 248 253 254 255 254 254 254 252 250 254 254 252 250 251 254 257 260 260 260 261 259 262 263 264 264 263 264 264 264 264 264 264 264 263 263 263 263 262 262 260 259 259 260 261 261 260 261 261 260 259 259 259 259 259 259 259 258 256 256 255 257 257 257 257 257 258 258 258 258 256 256 256 256 256 255 256 257 257
255 257 259 254 252 250 246 252 255 255 256 256 256 251 249 253 252 246 247 250 253 259 258 260 262 262 261 263 264 264 264 264 264 264 264 264 264 263 264 263 263 262 262 262 260 259 258 259 260 259 259 259 260 261 260 259 258 258 259 259 259 258 255 252 255 257 257 257 258 258 258 258 259 258 257 256 256 255 256 255 255 256 257 256
260 259 258 255 254 252 253 255 255 254 255 255 257 253 249 253 252 246 248 248 251 258 261 261 261 262 262 264 264 264 264 265 265 265 264 265 264 263 263 263 263 262 261 261 260 258 258 258 259 258 257 258 260 260 260 258 259 258 259 259 259 259 257 255 257 258 258 258 258 258 258 259 258 258 257 256 254 252 255 255 255 256 255 256
261 260 259 257 256 256 253 254 252 252 251 254 257 256 252 252 255 252 253 256 256 258 261 260 256 262 264 263 263 264 265 265 265 265 265 265 264 264 263 263 263 258 253 260 258 258 258 252 254 256 256 256 257 259 259 259 258 258 258 259 259 259 258 257 257 257 257 257 258 258 258 258 257 258 257 256 254 253 254 256 256 257 256 257
261 260 254 253 251 250 252 254 251 251 246 253 256 257 256 252 255 251 252 255 257 259 261 256 254 261 264 264 264 264 264 264 265 265 265 265 264 264 263 263 263 258 252 257 259 257 253 252 249 251 254 257 258 258 258 259 259 258 258 259 260 259 259 258 257 257 257 257 258 259 259 259 258 257 256 254 253 254 256 256 257 257 257 257
258 259 254 249 247 246 248 254 253 254 249 252 258 258 259 255 254 253 248 251 255 258 260 255 254 258 263 263 262 264 265 265 265 265 265 265 264 263 263 263 263 262 259 259 260 257 252 248 247 248 250 256 258 258 258 259 259 258 258 259 260 260 259 258 256 255 255 257 258 258 259 259 258 257 255 256 256 256 256 256 257 257 257 257
258 258 254 252 248 246 246 252 255 255 254 251 255 258 260 257 254 255 247 245 252 255 256 257 250 254 262 263 262 264 265 265 264 264 265 265 264 263 262 262 258 259 261 259 260 259 256 249 248 245 248 253 255 258 258 259 260 258 258 259 260 260 259 259 259 258 258 259 258 258 259 259 257 255 254 256 256 257 257 257 257 257 257 257
260 258 255 251 249 248 248 249 256 257 256 251 255 258 259 258 254 256 252 248 253 252 252 257 253 250 260 264 264 264 265 264 264 265 265 265 264 263 263 260 254 259 262 259 259 256 256 251 249 248 250 254 256 258 259 259 260 259 259 259 260 260 260 259 259 259 259 259 259 259 259 258 258 257 257 257 257 257 257 257 257 257 257 257
257 255 248 249 248 250 253 255 255 258 257 254 257 259 258 260 256 257 256 252 255 253 253 256 255 252 261 264 265 264 265 265 265 265 265 264 264 263 262 256 256 261 261 256 255 255 255 253 253 250 251 253 256 258 259 260 260 259 260 259 260 260 259 260 260 259 259 259 259 259 259 259 258 257 257 257 257 257 257 257 257 257 257 257
254 250 249 250 251 253 253 251 256 258 258 257 259 259 259 260 258 255 258 254 256 254 254 257 258 254 262 264 265 265 265 265 264 265 265 264 263 263 262 254 257 257 258 260 257 258 257 254 255 253 253 255 257 258 260 260 260 260 260 260 260 260 260 260 259 259 259 259 259 259 259 258 257 257 257 257 257 258 257 257 257 257 257 256
252 252 250 249 249 247 245 246 255 258 259 259 259 257 258 257 260 258 259 258 257 257 256 257 259 257 257 264 265 265 265 265 265 265 265 264 263 259 258 258 253 253 253 257 259 258 257 256 257 256 256 256 256 258 260 260 260 261 260 260 261 260 260 259 257 259 259 259 259 259 259 258 258 257 256 257 258 258 258 257 258 257 257 257
251 253 250 248 248 246 244 246 256 258 258 259 259 256 257 257 260 260 258 259 259 256 257 258 259 258 256 263 265 264 265 266 265 265 265 263 259 253 256 257 249 248 250 254 258 259 255 255 257 256 257 256 256 258 260 260 260 261 261 261 260 260 260 260 259 259 259 258 258 258 259 258 258 258 258 258 258 259 258 258 258 257 256 256
255 255 251 250 250 249 253 253 257 258 259 258 255 255 258 259 260 260 259 261 259 253 258 260 260 260 254 259 263 263 265 265 265 266 264 260 256 257 257 257 251 251 255 258 259 260 256 254 257 255 254 253 255 256 259 261 260 261 261 261 260 260 259 259 258 258 257 257 258 258 259 259 257 257 258 258 258 259 259 258 258 257 256 256
256 253 251 250 251 252 256 257 257 258 257 258 257 257 258 259 260 255 260 262 257 255 260 260 255 259 256 259 263 263 265 265 265 266 264 263 263 262 262 261 255 255 258 257 258 260 259 258 258 256 253 255 257 258 260 260 260 261 261 260 257 259 260 258 258 257 258 258 258 258 258 257 255 256 258 258 259 258 258 259 259 258 257 257
252 251 250 250 247 245 248 255 258 259 255 259 258 255 255 257 259 256 257 261 257 260 260 257 251 258 255 259 263 263 264 265 266 265 266 265 265 264 261 260 258 255 258 257 256 259 258 259 259 260 260 260 258 260 261 261 261 261 261 261 260 260 259 258 258 258 258 257 251 251 255 258 257 257 258 258 258 259 259 259 259 259 258 258
249 248 249 250 247 245 246 253 258 258 256 259 258 256 252 257 258 258 259 262 260 260 257 256 249 256 254 255 262 264 264 265 266 266 265 265 264 263 261 261 259 254 256 256 255 259 259 259 257 259 260 260 260 259 259 261 261 261 261 261 260 260 259 259 259 259 257 251 243 249 257 258 257 259 259 259 258 259 259 258 259 259 259 258
249 248 249 251 249 252 254 256 258 255 250 255 260 257 255 260 259 259 257 262 262 258 254 253 248 251 256 255 262 264 264 265 266 266 266 263 264 263 262 263 261 253 252 254 257 258 260 258 256 257 261 260 260 259 259 260 260 261 261 261 260 260 260 260 259 258 254 248 247 254 257 258 259 259 260 259 259 259 259 259 259 259 259 257
255 251 252 251 249 252 256 257 258 252 251 255 262 259 254 261 261 259 256 262 258 252 250 249 242 252 259 256 264 264 265 265 266 266 266 265 264 263 263 263 262 255 255 254 258 261 261 255 255 254 260 261 261 260 260 259 259 261 261 261 261 261 260 258 258 257 255 252 254 257 256 257 259 260 260 260 259 259 260 259 259 259 259 259
255 253 252 251 254 255 254 255 257 251 250 256 262 260 260 263 261 261 259 262 259 251 247 244 242 252 261 261 265 265 265 265 265 266 266 265 265 265 264 261 262 261 261 260 260 261 262 259 261 259 261 261 261 261 261 259 260 261 261 261 261 260 260 258 255 251 245 243 245 252 257 259 259 260 260 259 259 259 260 260 260 259 260 259
253 254 249 247 249 252 254 256 256 252 256 260 262 263 263 264 263 263 263 264 260 251 246 249 247 253 262 264 265 266 266 266 266 266 266 266 265 264 263 262 262 262 262 262 262 262 262 261 262 262 262 261 261 262 262 262 261 262 261 261 260 259 258 253 251 243 234 236 245 253 257 258 259 259 258 258 259 259 260 260 260 260 260 260
250 252 249 247 252 254 255 254 252 253 253 260 262 263 262 262 265 265 263 263 256 248 246 255 252 253 262 265 265 266 266 266 267 266 265 265 265 263 264 264 263 263 262 263 262 262 262 263 262 262 261 261 262 262 262 262 262 261 261 260 256 247 247 240 240 241 239 242 245 249 252 257 259 259 258 258 259 260 260 260 260 259 259 260
249 250 247 248 249 253 251 251 254 258 260 257 260 262 258 262 264 264 265 263 256 245 246 258 255 259 262 265 266 266 266 267 267 266 266 265 265 265 264 264 263 263 263 263 263 262 263 263 262 261 261 260 262 262 262 262 262 261 260 259 252 242 245 242 237 238 245 250 252 253 253 254 256 259 259 259 259 259 259 260 259 259 259 259
251 251 250 246 246 251 248 248 252 258 259 257 259 260 258 260 262 263 265 263 257 245 246 260 256 262 264 265 266 266 267 267 266 267 266 266 265 265 264 264 263 263 263 262 263 263 262 262 262 260 261 262 262 262 262 262 262 261 260 259 257 254 251 248 242 247 247 247 247 248 255 258 258 259 261 261 260 259 259 260 259 260 260 260
251 250 251 248 244 247 245 251 255 256 257 254 257 255 256 258 261 262 264 264 255 246 252 262 260 264 265 266 266 266 267 267 266 267 267 266 265 265 264 263 263 263 263 262 263 262 262 261 262 260 260 260 261 262 262 262 262 261 260 257 253 253 255 249 249 252 249 250 247 242 246 253 256 260 261 261 261 261 261 260 260 260 260 260
247 248 247 248 246 248 247 248 250 253 255 256 259 255 255 260 260 258 260 265 257 255 256 265 265 265 266 266 266 266 267 266 267 266 267 265 264 264 264 263 264 263 263 262 263 262 262 263 262 259 257 258 259 261 262 262 261 260 258 259 258 257 256 256 255 255 256 256 251 247 248 253 257 259 260 261 261 261 261 261 260 260 260 260
246 246 245 249 251 252 253 246 247 250 257 259 260 256 255 257 257 258 262 266 260 263 262 266 265 265 266 266 266 266 266 266 266 266 266 266 265 265 264 264 264 264 264 262 263 262 263 263 262 260 256 258 260 262 262 262 261 258 254 256 257 256 259 259 259 259 259 259 257 256 254 255 257 259 260 261 261 261 261 261 261 261 260 260
242 243 242 251 249 250 254 251 254 255 254 260 260 256 251 255 261 262 265 267 264 265 266 267 266 266 266 266 266 267 267 266 266 267 266 266 266 264 264 265 264 264 264 263 262 262 263 262 262 261 260 256 258 261 262 261 259 257 256 257 259 258 258 259 260 261 261 261 261 261 261 260 260 260 261 262 261 261 261 261 261 261 261 260
244 246 247 250 243 247 253 256 257 258 258 260 259 252 246 258 264 264 266 267 266 264 265 266 267 267 267 267 267 267 267 266 266 266 267 266 266 265 265 265 264 264 263 263 262 262 262 260 261 262 260 255 254 255 261 258 257 259 260 258 260 260 260 259 261 262 262 261 261 259 261 262 262 262 262 262 262 261 261 261 262 262 261 261
243 245 247 249 244 245 252 257 259 259 260 262 259 248 249 261 265 265 267 267 268 267 267 267 267 268 268 268 267 266 266 266 267 267 267 266 266 266 265 264 264 263 263 263 263 261 262 261 260 261 260 254 251 249 258 255 257 259 261 260 261 262 262 262 263 263 263 263 263 262 262 263 262 262 263 263 262 262 262 262 262 262 262 261
241 243 239 243 247 250 255 256 255 256 257 261 259 253 257 265 266 266 267 267 268 268 268 268 268 268 267 267 264 266 267 267 267 267 267 267 266 266 265 265 264 265 264 263 263 262 262 263 262 259 259 257 255 255 258 260 261 261 262 262 263 263 263 263 263 263 263 262 261 261 262 262 263 263 263 262 261 261 262 262 262 262 262 262
238 237 237 246 250 251 251 250 253 258 259 261 263 258 264 265 267 267 267 267 268 268 268 268 268 266 266 265 261 266 267 267 267 267 267 267 267 266 266 266 265 264 264 264 263 260 261 263 262 261 260 259 258 259 260 261 259 259 261 262 262 262 262 262 263 263 262 263 260 259 260 262 263 263 262 261 261 262 262 262 261 261 261 261
240 234 236 244 241 242 251 255 255 256 261 263 264 263 265 264 264 267 267 268 268 268 268 264 264 266 266 267 266 267 268 268 268 267 267 267 266 267 266 266 266 265 265 261 257 254 259 262 262 261 260 260 260 260 260 261 260 262 263 263 263 263 263 263 263 263 263 263 262 263 262 263 263 263 262 261 261 262 262 262 261 261 261 261
239 232 234 243 243 244 254 257 260 261 262 262 264 263 264 264 263 266 267 268 268 268 266 260 263 267 267 267 267 268 268 267 267 267 267 267 267 267 267 266 266 265 263 257 258 253 256 260 261 261 261 260 257 260 260 261 262 263 263 263 263 264 264 264 264 264 264 264 264 264 263 263 263 262 263 262 262 262 262 262 261 261 261 261
230 225 231 239 249 246 251 257 259 259 261 261 263 264 265 263 258 265 268 268 268 268 266 265 266 267 268 268 268 268 266 267 267 267 267 267 267 266 267 266 265 264 263 262 259 257 258 260 260 260 257 256 259 258 260 263 263 263 264 263 263 263 264 264 263 264 264 264 263 264 264 263 263 262 261 262 262 262 262 261 261 261 261 261
228 218 227 239 251 251 252 255 253 259 262 262 263 264 264 257 257 265 267 267 265 265 266 268 268 268 268 268 268 268 268 267 267 267 267 267 267 266 267 266 264 260 254 250 245 247 250 254 256 259 255 256 258 260 262 264 264 264 264 264 264 264 265 264 264 264 264 264 263 263 263 263 263 263 262 262 263 262 262 262 261 261 261 261
233 224 230 241 251 256 257 259 258 260 263 264 264 265 261 255 256 264 266 265 260 265 267 268 268 268 268 267 268 268 268 268 267 267 267 268 267 267 266 265 254 246 243 236 236 240 250 254 254 256 259 260 261 262 263 264 264 264 264 264 264 264 264 264 263 263 263 262 263 263 263 263 263 263 263 262 262 262 262 262 262 262 262 262
235 228 235 241 250 258 259 261 261 263 264 264 265 264 261 256 257 264 265 265 265 267 268 268 267 268 267 268 268 268 268 268 267 266 267 267 267 267 265 253 247 243 249 241 229 246 254 256 259 260 262 263 263 264 265 264 265 264 264 264 263 263 264 263 263 262 262 261 262 263 263 263 263 263 262 262 262 262 263 262 262 262 262 262
