08 Ecocrop/raster/current/tmean_1.asc
ncols        683
nrows        518
xllcorner    -87.691666666667
yllcorner    10.708333333333
cellsize     0.008333333333
NODATA_value  1.#QNAN
[rows 148 to 184 of 518, columns 252 to 335 of 683]
194 191 184 183 187 193 201 205 213 219 223 224 225 225 229 227 232 234 235 235 235 234 233 235 229 228 232 230 226 228 224 227 228 228 226 225 221 219 217 218 224 227 227 224 221 218 214 214 209 205 204 209 216 221 226 226 226 226 229 230 231 228 225 219 209 189 204 213 214 219 226 230 237 239 239 235 237 242 244 244 244 244 245 246
180 184 193 189 188 195 198 201 210 220 224 225 226 230 230 228 232 233 235 235 235 236 236 236 232 233 231 230 227 226 221 226 227 228 228 224 223 220 218 220 222 225 226 223 221 219 216 211 201 211 207 214 217 222 226 227 227 229 228 227 225 224 224 211 201 187 190 198 207 207 213 219 229 236 238 239 241 243 244 245 245 245 246 246
179 186 196 197 192 193 194 195 203 216 225 225 228 230 229 233 233 234 234 234 235 235 236 235 233 233 232 232 230 228 224 225 228 227 228 225 225 222 220 221 221 224 225 223 220 219 215 209 205 205 217 215 220 225 225 225 227 226 225 223 216 218 219 215 199 175 167 182 191 190 198 213 224 233 238 241 243 244 243 243 245 246 245 246
183 187 199 203 195 192 194 197 206 215 226 227 230 227 228 232 233 233 234 234 235 235 235 235 235 234 233 232 231 231 226 225 226 229 228 228 225 223 223 224 222 222 222 223 221 218 212 215 211 208 217 222 219 223 224 226 226 224 221 219 213 210 210 210 201 185 181 185 193 198 203 211 221 227 234 241 242 243 243 244 245 246 246 246
193 188 192 204 201 201 199 202 208 218 226 228 230 222 227 230 233 233 234 235 235 235 235 235 234 234 233 232 231 230 228 226 227 228 227 226 223 226 225 225 223 221 220 220 219 215 214 217 219 211 211 222 222 223 225 226 225 222 217 212 204 197 190 190 198 198 194 194 188 187 190 200 208 220 230 239 242 243 244 244 245 246 246 247
194 193 193 200 209 205 200 207 215 217 224 227 230 222 225 231 232 233 234 235 235 235 234 234 234 233 233 232 230 230 230 228 227 226 225 226 226 224 224 225 223 222 219 215 213 218 222 218 221 220 216 219 226 222 227 226 224 220 214 206 197 186 174 177 185 196 203 205 200 189 188 188 198 216 228 234 241 243 244 245 246 246 246 247
198 196 196 198 208 212 206 201 213 217 223 228 228 222 224 230 231 233 234 234 235 234 234 234 234 233 233 232 230 230 229 226 227 224 224 224 225 225 222 222 224 222 218 214 212 218 220 224 225 224 225 220 227 229 229 226 221 217 209 198 184 175 163 167 179 187 200 209 208 200 200 193 199 212 222 230 238 243 244 245 246 246 246 247
204 200 199 201 207 215 207 204 210 215 223 227 222 219 227 232 233 233 234 234 234 233 233 233 233 232 232 231 230 229 227 225 226 225 224 222 220 219 219 223 223 222 219 214 213 218 222 224 228 223 224 228 227 231 229 224 218 213 204 194 187 179 171 173 180 189 198 208 215 211 208 200 202 211 220 228 237 242 244 245 245 245 246 247
204 198 198 197 205 216 211 208 208 216 225 225 219 223 228 231 232 233 234 234 233 232 232 232 232 231 230 230 226 228 227 225 226 225 223 220 213 213 221 225 222 217 218 211 206 212 218 222 227 229 227 229 230 231 229 221 214 207 198 186 177 171 171 177 181 189 200 209 216 217 211 204 209 213 218 228 239 243 245 245 245 246 246 246
208 204 199 198 206 212 217 210 208 217 223 226 221 225 227 231 232 229 233 234 233 232 231 230 226 221 220 225 226 226 226 224 225 224 221 215 208 213 219 226 219 217 213 211 206 211 215 222 225 226 230 231 232 231 226 218 214 208 197 181 170 167 168 172 175 180 195 208 216 221 214 214 214 221 229 234 239 243 244 244 245 246 246 246
208 208 203 205 212 214 215 210 209 212 222 224 224 226 228 231 233 233 233 234 232 231 230 228 222 212 214 220 226 225 226 225 222 218 215 212 212 217 223 224 221 214 209 208 216 212 213 225 229 230 230 232 232 230 227 218 213 208 200 192 182 179 174 179 187 191 200 212 219 220 216 222 225 223 225 231 240 242 245 245 245 246 246 246
201 207 206 206 214 217 217 215 214 213 224 225 224 226 228 232 232 233 231 233 230 230 228 229 223 215 213 220 224 223 224 225 218 217 217 216 218 222 226 222 225 219 210 211 213 222 219 225 229 231 231 233 233 231 227 218 211 206 195 185 184 186 187 188 189 199 207 217 223 219 219 223 227 231 234 235 242 244 245 245 245 246 246 247
193 201 207 206 207 217 221 218 216 222 227 228 227 226 231 232 232 233 233 232 229 226 227 227 223 218 216 218 222 219 222 227 221 218 225 223 225 227 227 229 226 220 215 218 209 222 225 226 228 232 233 233 232 228 229 219 213 206 192 181 177 185 190 195 199 199 208 218 225 223 223 224 224 232 237 240 243 242 243 245 245 246 246 246
195 194 208 215 209 219 224 215 220 225 228 228 225 227 231 232 233 233 231 227 228 225 217 218 221 217 218 221 220 220 225 228 226 224 226 225 229 229 230 229 225 216 213 224 217 221 226 228 228 233 234 234 232 229 226 221 212 204 194 187 181 178 181 189 204 210 216 223 224 224 220 219 222 230 237 240 241 241 242 244 245 245 246 246
197 197 204 216 219 222 222 216 222 227 229 229 224 228 231 233 233 231 227 225 225 223 209 208 212 213 220 224 220 223 228 229 230 228 229 229 231 231 230 228 220 213 213 221 227 228 227 230 229 233 234 233 231 228 227 223 214 208 196 187 181 183 190 193 200 211 222 227 224 229 220 215 222 230 236 241 241 241 240 244 245 245 245 246
201 201 205 213 221 226 223 216 225 228 226 229 230 232 232 232 231 230 229 226 225 221 208 203 207 215 219 224 225 227 229 229 230 230 231 231 232 231 228 227 223 214 208 212 222 228 230 230 233 234 234 230 230 229 228 222 213 211 205 197 193 190 196 205 209 217 224 229 232 233 227 226 231 236 239 242 242 243 242 244 245 245 245 246
206 207 210 214 212 221 227 222 223 228 224 227 230 231 229 232 231 230 228 224 222 212 203 197 206 216 218 222 226 229 230 230 231 232 232 232 233 232 227 222 224 220 217 216 227 227 228 230 233 234 233 231 227 227 229 223 211 214 215 211 206 207 208 211 219 224 225 225 231 235 234 234 233 236 239 241 240 243 242 243 244 245 245 246
209 213 218 219 215 222 225 227 225 227 227 227 231 231 228 231 232 227 224 226 211 204 205 205 205 215 221 223 225 228 229 231 232 232 232 233 232 230 229 229 230 228 226 225 225 229 230 232 234 233 231 232 228 231 227 221 214 213 217 219 220 221 223 226 226 228 229 227 232 237 235 235 236 239 241 240 240 241 244 244 244 244 245 246
213 216 219 220 212 215 222 225 228 229 230 231 229 227 226 231 231 230 229 225 214 210 205 211 211 211 219 222 225 228 229 231 232 232 233 233 231 228 225 230 231 230 230 224 222 224 225 232 235 232 230 232 230 232 229 223 215 213 212 218 226 229 230 231 232 233 232 234 236 235 234 238 240 241 241 241 240 240 242 244 244 244 245 245
216 215 217 219 219 224 226 223 224 222 227 232 229 226 228 230 231 231 230 228 222 215 212 214 217 215 214 221 221 223 228 231 232 233 234 233 229 223 223 227 232 232 229 225 218 218 228 234 235 233 233 231 230 230 224 221 220 220 218 218 226 230 233 233 234 235 233 234 236 237 239 240 242 242 240 242 242 242 244 244 244 245 245 245
216 219 220 222 223 218 222 226 223 220 229 231 231 230 230 229 229 229 228 229 228 221 219 222 220 214 211 216 212 217 228 232 233 233 233 233 231 231 231 232 232 230 229 228 219 224 230 234 235 234 234 229 225 223 224 216 222 226 224 225 230 232 233 234 235 234 233 234 238 238 241 242 242 241 241 242 242 242 244 244 244 245 245 245
219 218 222 221 216 212 218 225 225 226 229 230 230 229 227 227 225 226 225 228 228 227 225 225 220 219 214 216 212 218 228 232 233 234 233 234 232 233 234 233 231 226 228 228 225 228 231 235 236 235 233 232 223 215 214 213 218 226 229 229 232 231 230 230 235 232 236 237 239 240 241 242 242 242 242 241 240 242 243 243 244 245 244 243
220 218 219 213 217 218 221 223 226 228 230 228 229 226 223 227 224 224 227 228 225 228 227 225 221 222 218 220 221 225 230 233 233 234 234 233 235 234 234 232 228 228 229 226 227 231 233 235 236 235 233 231 228 222 217 213 212 220 225 227 230 228 223 229 234 237 237 237 236 239 241 242 242 242 242 240 242 242 242 243 244 245 244 244
207 209 212 214 216 218 221 225 228 228 230 227 226 223 220 222 222 222 224 227 227 227 220 224 221 224 224 226 229 230 231 229 231 234 234 234 235 234 232 230 224 228 226 218 223 229 234 236 236 233 234 228 224 223 222 219 220 223 226 228 225 224 221 230 233 236 238 237 234 237 241 242 242 242 242 243 243 243 244 244 244 245 245 243
205 207 211 214 217 221 224 226 227 230 230 229 227 223 220 218 220 221 225 229 227 227 217 224 226 224 226 227 229 226 224 215 224 232 234 235 235 232 229 229 225 230 223 213 220 227 234 236 235 233 234 233 229 225 227 227 225 225 223 220 214 215 221 231 229 229 233 237 237 236 238 242 242 243 243 243 243 244 244 244 244 245 245 243
204 208 210 211 212 216 223 227 229 230 227 228 226 219 216 219 223 223 222 228 226 226 224 227 229 227 227 227 228 221 213 214 228 231 234 235 235 234 232 232 231 230 223 216 223 231 235 235 230 230 232 230 225 230 226 224 226 226 223 214 205 210 223 230 227 229 234 237 239 238 240 242 242 242 243 243 244 244 244 244 244 245 245 244
196 202 203 201 206 212 219 225 229 229 226 225 224 223 216 220 225 226 227 224 219 223 222 225 229 230 229 228 223 219 219 223 227 232 234 234 235 234 234 233 233 231 224 224 229 234 236 234 225 227 231 230 223 220 219 214 215 214 219 222 214 215 217 226 219 226 231 238 240 241 241 241 241 242 242 243 243 243 243 244 244 244 245 245
199 198 198 203 207 213 219 226 229 227 224 224 224 221 214 218 225 226 227 220 214 216 216 222 221 226 231 225 218 225 228 229 231 233 234 233 234 233 234 234 232 230 228 230 234 236 234 229 220 225 229 225 220 212 210 206 204 208 214 219 226 225 223 220 213 227 232 238 239 241 242 242 242 242 242 242 242 243 244 244 244 244 244 244
201 201 201 205 211 215 223 228 227 224 217 218 219 219 212 215 226 228 225 219 213 215 214 215 220 225 230 229 221 221 228 231 232 231 231 232 232 230 232 233 235 233 233 234 236 233 226 220 223 227 216 210 206 207 201 198 205 213 218 216 221 227 230 225 219 223 231 236 238 240 240 241 241 242 242 242 243 243 243 244 244 244 244 244
201 202 202 207 212 221 227 224 225 225 223 222 218 218 216 220 225 226 223 222 215 210 211 220 220 224 226 232 231 225 229 232 231 223 222 230 226 220 224 228 232 235 235 236 235 231 220 220 218 214 208 199 192 198 197 192 198 209 216 223 223 227 229 232 231 230 233 235 238 240 238 239 241 240 242 243 243 243 243 243 244 244 244 244
204 205 205 209 213 225 227 221 224 222 224 223 219 220 222 223 223 226 225 224 219 215 219 221 227 228 231 232 233 233 233 232 230 224 217 222 224 218 219 226 230 235 236 236 231 226 227 222 213 210 204 194 191 192 191 190 198 210 217 222 221 223 227 229 226 234 236 236 239 238 235 238 241 241 241 241 242 243 243 243 244 244 244 244
209 207 211 211 218 228 224 221 222 219 216 219 214 222 220 215 222 223 222 220 218 212 214 218 225 229 229 230 232 233 233 229 225 224 224 222 223 221 222 229 231 235 236 235 225 228 230 219 212 207 198 194 194 197 197 201 203 209 214 214 217 220 224 229 225 231 236 237 238 236 236 239 240 241 241 242 240 242 243 243 243 244 244 244
211 211 215 216 225 225 224 223 220 211 211 215 218 220 217 215 219 221 220 219 214 210 215 218 223 228 229 231 232 233 234 232 231 231 229 229 225 223 227 228 233 236 236 235 232 231 227 217 214 207 201 200 203 205 207 212 214 214 218 216 218 221 225 231 232 233 237 238 239 238 238 239 239 240 241 242 242 242 243 243 244 242 243 245
215 216 219 224 226 219 219 220 214 212 206 212 214 214 214 216 211 219 213 219 211 212 217 221 226 228 230 232 233 233 234 234 234 234 232 232 225 226 231 232 234 236 235 235 233 225 220 222 216 204 198 205 212 210 205 210 220 224 219 220 224 225 225 229 235 237 238 239 240 239 239 238 237 239 241 242 242 242 241 242 243 242 242 244
218 219 224 225 226 221 219 218 212 211 207 201 209 207 208 211 209 213 206 214 213 216 219 223 223 228 230 232 232 233 234 234 234 235 234 231 222 228 234 234 235 236 236 235 231 223 214 214 212 205 199 206 217 217 214 208 216 225 226 221 225 231 229 230 234 238 239 240 240 240 240 239 237 238 240 242 241 240 240 240 241 241 243 244
220 220 224 224 219 224 222 218 216 213 205 199 200 203 201 204 204 204 200 208 213 215 216 214 218 226 230 232 233 233 233 234 234 235 235 235 229 227 235 235 236 236 236 235 230 225 220 224 218 214 208 211 217 223 220 212 215 220 227 226 228 230 234 234 237 238 239 240 240 241 241 240 240 238 241 241 237 232 237 241 242 241 242 244
221 224 223 217 214 222 220 219 217 213 205 201 203 208 204 199 197 198 201 204 204 204 206 198 205 217 229 232 233 233 233 234 234 234 231 234 235 234 236 236 236 236 236 235 231 226 227 224 214 207 203 213 220 225 220 218 218 221 227 229 231 233 235 236 238 239 239 240 240 241 241 241 240 241 241 237 234 235 240 241 242 242 242 244
