08 Ecocrop/raster/current/tmean_5.asc
ncols        683
nrows        518
xllcorner    -87.691666666667
yllcorner    10.708333333333
cellsize     0.008333333333
NODATA_value  1.#QNAN
[rows 259 to 295 of 518, columns 252 to 335 of 683]
264 267 266 265 264 264 265 266 267 267 267 267 265 263 258 258 261 257 256 256 262 264 264 262 261 259 257 254 250 251 255 260 260 257 254 254 251 258 263 266 266 265 265 264 266 266 266 266 265 264 264 264 261 261 260 262 260 260 262 263 260 260 259 253 252 256 258 260 259 262 261 263 262 262 261 262 265 262 258 259 258 262 263 263
268 268 268 267 267 265 265 265 267 268 267 267 267 265 263 262 264 262 259 259 263 264 261 263 261 256 255 253 246 253 260 260 261 258 254 256 253 259 262 265 266 267 264 265 266 266 266 267 266 265 264 264 264 262 263 262 259 257 260 263 262 260 260 257 253 254 257 260 261 263 263 262 261 260 264 265 265 256 255 253 255 261 263 262
269 269 268 268 267 266 266 266 268 268 266 266 267 265 266 266 265 265 264 266 266 264 262 261 259 255 252 251 255 259 261 262 261 259 259 258 257 260 262 264 265 266 266 266 266 267 266 267 266 265 264 263 264 265 264 263 261 258 260 262 264 262 260 261 258 256 257 256 258 262 264 262 261 262 264 264 261 256 257 254 256 257 261 261
269 269 269 269 268 267 268 269 269 268 267 268 268 266 266 266 266 266 266 266 265 264 261 260 257 255 252 254 255 258 261 262 262 261 259 257 254 257 262 261 265 266 267 267 266 267 267 266 266 264 264 263 266 266 265 263 263 261 262 260 262 264 263 261 256 256 260 259 255 260 264 264 261 261 264 265 261 259 261 257 255 257 259 261
268 268 269 269 269 269 269 269 269 269 268 268 267 266 267 267 267 267 267 266 265 263 261 257 257 255 254 259 259 259 261 263 263 262 261 258 258 257 258 260 264 266 266 267 267 266 267 266 267 266 264 263 266 266 265 259 260 263 263 260 259 264 264 260 259 254 256 261 256 258 261 264 261 262 265 264 264 263 261 257 256 256 257 258
268 268 268 268 269 268 269 269 269 269 268 268 267 267 267 267 267 267 267 266 264 264 261 257 258 254 256 261 262 261 264 263 262 261 261 260 260 260 261 263 264 265 266 266 267 267 267 267 267 267 266 264 266 267 265 263 263 265 263 258 259 262 265 263 262 257 256 261 262 262 264 265 266 265 265 261 261 262 258 259 257 257 256 256
267 267 267 268 268 268 269 269 269 269 267 267 268 267 268 267 268 268 267 266 265 264 263 261 257 256 260 262 263 263 264 263 263 262 261 258 252 251 254 260 259 263 264 265 266 267 267 267 268 267 267 267 267 267 264 264 263 266 263 260 258 263 266 264 262 261 258 257 261 264 265 265 266 266 264 262 261 263 261 259 257 255 255 255
267 267 267 267 268 268 269 269 269 269 268 268 268 267 268 268 268 267 267 267 266 265 263 260 259 258 259 261 263 264 263 262 263 261 260 258 256 253 250 254 260 261 263 265 266 267 265 266 267 268 267 267 266 267 266 264 262 265 266 265 264 265 266 263 263 265 262 261 263 265 266 266 265 265 264 262 259 260 258 257 253 253 254 254
267 267 267 268 268 268 268 269 269 269 270 270 269 268 268 268 268 268 267 267 266 265 264 261 257 256 262 261 263 264 263 264 263 261 259 258 254 252 248 254 257 259 260 264 265 266 266 265 265 266 267 267 266 267 267 262 262 266 266 266 266 266 263 264 263 264 265 264 265 266 265 265 263 264 264 262 256 256 253 253 253 253 253 253
267 267 267 268 269 268 268 268 269 269 269 269 269 268 269 268 267 268 267 265 265 263 263 262 258 262 263 260 263 264 264 262 262 261 261 260 258 256 253 255 255 259 261 264 265 265 264 264 264 265 266 265 267 266 267 266 266 264 262 265 266 263 264 266 265 264 265 266 266 264 264 264 263 261 265 263 258 254 252 252 253 254 253 253
267 267 267 268 268 269 269 268 269 269 269 269 269 269 269 267 266 265 264 263 265 263 264 262 261 263 263 261 264 263 265 264 264 262 262 262 260 256 252 256 258 258 260 261 264 265 264 264 264 265 266 266 266 266 267 267 266 263 262 264 261 261 264 266 266 265 264 266 266 265 263 262 259 260 264 264 263 258 254 254 255 254 254 253
264 267 268 268 268 268 268 269 269 269 269 269 269 268 269 267 265 262 263 263 263 266 265 262 263 264 261 261 264 265 265 265 265 263 263 261 259 257 250 252 258 259 261 259 261 264 265 266 264 265 266 266 266 266 267 267 266 264 260 258 257 261 263 265 266 266 264 265 266 264 263 262 260 258 262 262 264 261 257 256 256 254 255 254
263 264 267 267 267 267 268 269 269 269 269 269 267 267 269 268 266 266 263 264 266 265 265 265 265 264 262 263 264 265 265 265 265 264 263 262 259 256 254 251 259 261 261 262 261 263 265 265 265 265 263 265 265 265 266 266 260 262 260 258 260 263 262 263 265 265 266 266 266 265 264 261 259 256 257 258 259 263 261 259 257 255 255 255
261 261 266 267 267 268 268 268 269 268 269 268 267 268 267 267 265 266 266 265 266 264 266 265 264 264 264 263 265 264 265 264 266 264 264 264 261 258 257 254 259 261 263 264 263 263 265 265 265 264 261 262 266 265 266 266 263 261 261 260 262 263 264 265 265 265 264 266 266 265 263 262 259 258 256 255 256 259 261 262 259 256 255 254
263 264 265 267 267 267 267 268 268 268 268 267 267 267 266 265 263 261 268 268 267 266 267 263 266 266 264 264 265 265 264 261 264 264 266 265 264 261 258 257 258 261 262 262 264 263 263 264 264 263 262 262 265 265 265 265 264 265 263 261 260 261 262 263 264 264 265 264 266 265 263 263 261 258 257 257 257 257 257 260 260 257 254 255
265 262 262 266 266 266 268 268 268 268 268 267 266 267 266 264 263 260 267 267 267 268 266 267 266 267 266 265 266 266 265 264 261 263 266 266 264 262 261 260 260 259 261 261 262 262 262 262 264 264 264 263 263 264 263 266 264 263 265 263 261 260 259 261 264 264 265 265 265 266 264 264 262 259 258 258 257 257 256 258 261 261 257 255
264 264 265 265 266 266 267 268 268 268 268 267 266 265 266 265 265 266 267 267 267 266 261 265 267 267 266 265 265 266 266 264 260 264 266 266 264 260 261 260 259 259 258 261 260 260 263 261 261 263 265 265 264 264 266 266 264 261 263 263 262 260 260 263 263 262 264 265 264 265 265 264 263 260 260 259 258 257 256 259 261 261 259 258
262 260 264 264 265 266 267 267 268 268 267 266 266 266 265 267 268 268 268 266 266 265 261 264 266 267 266 265 266 265 266 265 263 265 266 263 264 263 262 262 260 259 258 260 261 261 259 259 258 259 262 266 266 266 263 264 263 260 258 260 262 263 263 263 261 260 263 264 263 265 265 263 262 262 260 259 258 257 256 257 259 260 259 259
257 261 260 261 266 267 267 268 268 268 268 268 267 268 265 267 268 267 265 265 265 264 261 263 266 267 267 268 267 265 267 266 265 266 266 264 263 263 264 262 262 259 256 257 260 261 262 262 258 257 261 262 266 265 259 261 263 259 257 260 262 262 262 263 262 261 263 264 264 264 265 264 263 261 260 259 257 255 255 255 258 261 259 259
254 255 254 259 266 267 267 268 268 268 267 265 267 267 268 268 267 265 264 265 264 263 261 263 266 266 267 267 267 268 267 267 265 267 266 265 264 264 265 265 262 262 262 256 261 262 261 264 262 262 263 265 266 265 261 256 260 258 257 254 255 253 255 261 261 262 263 263 264 265 265 263 261 261 260 257 255 254 255 257 258 259 257 257
259 261 261 265 267 266 266 267 268 267 266 265 262 263 268 268 266 264 264 264 263 263 262 266 266 267 268 267 267 264 265 267 267 266 264 265 265 264 265 263 264 260 263 263 263 263 262 261 264 265 266 265 263 263 264 259 254 257 259 256 256 251 253 259 262 263 262 262 264 264 264 263 262 262 258 258 256 255 256 257 257 258 257 256
259 264 265 266 266 266 265 267 267 267 266 264 263 264 267 267 265 264 264 263 263 264 265 267 267 267 268 267 266 265 265 267 268 267 267 266 266 266 264 262 261 263 263 264 262 264 263 262 259 260 263 266 263 260 260 260 257 255 255 255 256 258 257 259 262 262 262 262 264 264 264 264 262 261 260 260 259 256 256 256 256 255 255 256
261 264 265 265 266 266 266 266 267 265 264 263 264 266 265 267 265 263 263 263 264 265 266 267 267 267 267 267 267 266 266 266 267 267 267 264 267 265 263 265 263 259 262 262 264 261 264 265 263 258 260 265 265 261 258 255 254 255 254 254 256 257 259 261 261 262 262 263 263 262 263 264 263 262 262 260 260 258 256 257 257 257 256 256
264 265 261 261 265 266 266 265 267 266 264 265 264 264 263 265 264 263 263 264 262 263 266 266 266 266 266 266 267 267 266 265 266 267 266 265 267 263 264 267 263 260 259 261 261 261 265 265 266 262 261 263 265 262 258 256 256 255 254 253 253 254 255 256 260 262 262 262 263 262 260 263 263 263 261 262 261 260 258 259 260 258 258 257
264 264 263 264 265 266 265 262 264 267 266 264 263 262 261 261 261 261 262 262 262 264 264 266 267 266 266 265 266 267 266 265 267 266 266 267 267 267 267 266 265 264 262 263 260 261 262 265 266 266 262 264 266 261 258 257 256 254 251 253 253 253 254 256 258 257 261 261 261 262 259 261 263 263 261 262 262 262 261 261 261 260 259 257
261 263 263 262 264 265 265 265 264 266 265 264 264 263 261 261 260 261 260 259 260 260 264 266 265 265 265 264 266 267 266 266 266 265 265 266 267 264 264 265 267 265 266 264 262 259 260 265 267 266 266 266 266 261 259 259 257 253 252 253 252 253 253 254 254 255 257 261 257 259 258 258 262 262 261 262 262 262 261 259 260 259 259 258
260 262 262 257 263 265 265 266 266 266 265 265 265 263 261 261 261 260 259 258 259 263 265 265 265 264 264 264 267 266 265 266 266 266 261 260 264 264 263 265 267 267 267 264 265 264 265 265 267 264 265 264 265 261 261 257 254 254 254 253 253 253 254 254 253 254 257 257 260 256 256 255 261 262 262 262 262 262 262 261 259 258 258 257
252 259 259 256 261 265 265 266 265 265 265 265 264 262 261 260 260 260 258 259 260 263 264 264 263 263 264 266 266 266 266 266 266 264 260 259 261 261 263 263 263 265 265 263 267 267 267 265 266 266 263 262 265 263 259 256 256 256 255 253 254 254 254 254 254 254 254 255 258 259 255 256 260 261 262 262 262 261 262 261 261 259 257 258
252 254 254 257 261 265 264 265 263 263 262 263 260 257 257 256 254 257 259 260 262 262 263 262 260 261 264 265 266 265 266 266 265 262 261 260 261 263 264 263 264 266 267 264 267 266 266 266 266 265 262 264 266 264 260 260 259 257 254 254 254 255 254 254 254 254 252 253 256 258 257 256 257 260 262 263 263 262 262 262 261 260 260 258
249 256 258 261 263 266 265 265 264 263 260 258 259 254 249 250 249 257 259 259 261 263 261 260 261 263 265 265 265 264 265 266 265 264 262 260 262 264 264 266 266 266 266 267 266 266 266 265 264 260 261 262 266 265 263 261 259 255 255 254 254 254 255 255 254 255 253 253 254 254 255 255 258 260 261 262 263 262 261 262 260 257 253 255
259 261 262 263 264 265 264 264 263 263 258 256 255 254 247 245 248 254 252 257 261 261 261 262 263 263 263 263 263 262 264 265 265 265 263 264 264 261 260 264 266 265 266 267 266 266 263 262 263 261 260 263 266 265 263 261 258 257 258 256 256 255 254 255 255 254 255 253 253 253 253 252 253 259 261 262 263 263 263 263 262 259 251 252
256 259 258 262 265 265 263 263 262 260 260 256 252 254 248 243 248 250 255 259 260 260 262 263 264 261 260 259 262 260 261 263 265 265 265 263 260 261 260 263 264 262 265 266 266 265 265 261 264 263 261 265 265 265 263 260 260 259 257 256 257 256 255 253 255 255 255 253 252 252 252 254 254 253 259 262 263 263 263 263 262 261 258 254
257 257 253 263 265 265 264 264 262 259 258 255 248 250 248 241 241 249 254 257 258 257 260 262 262 260 259 259 261 258 263 264 264 265 265 264 263 263 264 265 264 264 266 267 265 264 265 265 264 264 263 263 264 265 263 263 262 260 256 256 257 257 256 255 254 256 255 254 253 252 251 253 255 254 259 262 263 263 263 263 263 262 261 260
255 255 260 264 265 265 265 265 261 259 257 258 253 248 243 238 239 249 252 257 257 255 260 260 257 259 260 261 260 260 263 262 263 264 264 264 263 263 264 265 265 266 266 266 267 265 265 265 264 264 265 263 265 265 265 263 261 259 256 257 258 257 257 256 256 256 256 255 255 254 251 253 257 257 259 259 262 263 263 263 263 263 262 262
260 263 265 265 264 263 265 264 262 261 258 256 256 253 248 243 248 249 250 255 256 252 258 254 249 256 258 259 257 260 262 263 263 262 263 263 262 264 265 263 262 261 263 264 267 267 264 262 261 264 265 265 263 261 262 263 262 261 260 258 259 258 257 257 256 256 255 255 254 253 253 254 255 256 259 261 262 263 263 263 263 264 264 263
262 264 263 266 266 265 264 264 259 259 257 253 256 253 246 243 249 252 252 255 252 251 257 253 247 251 253 255 256 260 262 260 259 261 261 262 263 264 262 261 261 263 266 265 266 266 265 261 258 262 262 264 262 261 262 262 260 261 259 258 258 258 257 257 256 256 253 254 254 254 255 256 256 257 261 262 262 262 262 263 263 263 264 264
262 263 263 266 266 265 263 262 258 257 257 252 251 250 247 244 245 245 248 252 250 248 255 254 249 244 252 255 258 259 259 257 257 261 262 262 264 263 262 260 263 265 266 263 264 265 266 263 260 259 261 261 261 262 262 261 260 258 258 259 258 258 257 256 256 256 255 253 252 250 254 256 256 259 262 262 262 263 262 264 264 264 264 264
