08 Ecocrop/raster/current/tmean_12.asc
ncols        683
nrows        518
xllcorner    -87.691666666667
yllcorner    10.708333333333
cellsize     0.008333333333
NODATA_value  1.#QNAN
[rows 259 to 295 of 518, columns 84 to 167 of 683]
268 268 268 268 268 267 267 267 267 266 266 266 266 265 266 266 265 264 265 265 265 265 265 265 265 263 264 264 264 264 264 264 264 263 263 263 262 261 259 257 253 253 256 256 256 256 256 256 254 255 255 255 255 255 254 254 250 242 243 245 243 237 223 212 207 216 227 231 235 242 243 243 246 246 238 241 233 231 238 234 222 215 204 205
268 268 268 268 268 267 267 267 267 266 266 266 266 266 266 265 265 265 264 265 265 265 264 264 264 264 264 264 264 264 264 263 263 263 263 262 262 261 260 257 256 253 253 255 256 256 256 255 255 255 255 255 255 255 254 254 252 249 248 247 244 241 235 227 212 219 230 236 236 239 240 244 248 247 241 244 242 241 235 234 229 224 217 208
269 269 268 268 268 267 267 267 267 267 266 266 266 266 266 265 265 265 265 265 264 264 264 264 264 264 264 264 264 263 264 263 263 262 262 262 262 261 261 260 259 257 254 254 255 254 254 251 253 254 254 254 254 254 254 254 253 251 249 250 249 245 242 233 224 228 233 228 226 231 236 245 249 247 245 247 244 238 228 232 231 224 220 211
269 269 268 268 268 267 267 267 267 267 267 266 266 266 265 265 265 265 264 264 264 264 263 263 264 264 264 264 264 264 264 263 263 262 261 261 261 261 260 258 258 257 255 251 254 250 244 249 249 251 251 253 254 253 254 254 253 252 252 252 249 248 243 234 232 238 236 224 231 235 240 246 248 250 247 250 244 237 232 228 228 226 223 217
269 269 269 268 268 267 267 267 267 267 267 266 266 266 265 265 265 264 264 264 263 263 263 263 263 263 263 264 264 264 263 263 262 262 261 260 258 260 259 255 256 255 252 249 252 248 240 241 241 244 248 250 251 252 254 254 254 253 251 252 250 249 241 238 242 239 232 229 236 240 245 248 248 252 251 249 244 239 234 232 224 224 229 225
269 269 269 269 268 268 267 267 267 267 267 267 266 266 266 265 265 264 264 264 263 263 263 263 263 263 263 263 263 263 263 263 263 262 262 262 261 259 259 256 255 251 250 250 252 244 244 236 233 243 246 246 247 252 253 254 254 251 251 250 251 250 247 245 241 229 223 230 239 243 246 249 251 252 252 249 244 242 237 237 230 222 229 225
269 269 269 269 268 268 268 268 268 268 268 267 267 266 266 265 265 264 264 264 263 263 263 263 263 263 262 263 263 262 263 263 263 263 262 262 261 261 259 255 257 248 244 244 253 250 245 236 236 235 238 247 249 252 251 253 254 249 249 251 251 250 249 246 239 227 225 232 241 247 248 250 251 252 252 252 249 247 243 241 234 235 233 227
269 269 269 269 269 269 269 268 268 268 268 268 268 267 266 266 265 264 264 264 264 263 263 263 263 262 259 263 263 260 263 263 263 263 262 262 262 261 260 258 257 255 248 240 251 256 252 246 237 237 243 245 245 251 254 254 254 249 246 251 251 250 245 242 242 239 235 231 238 243 248 247 247 251 254 252 246 242 244 242 241 235 229 222
268 269 269 269 269 269 269 269 269 269 269 268 268 268 267 266 266 265 264 264 264 264 264 264 264 263 262 262 261 260 261 262 263 263 263 262 262 261 259 260 258 254 248 244 253 257 257 253 245 240 238 244 252 250 253 255 254 248 248 251 251 248 245 244 243 241 240 239 240 244 243 247 247 252 254 252 246 245 245 241 242 235 230 227
267 268 268 269 269 269 269 270 270 270 269 269 269 268 267 267 266 265 265 265 264 264 264 264 264 264 263 262 261 257 253 261 263 263 263 262 262 261 261 260 259 255 253 249 255 258 258 257 252 242 240 247 253 255 256 256 253 249 248 248 251 251 250 247 245 243 239 243 242 244 246 248 250 252 254 251 245 249 246 242 236 237 232 225
266 266 268 268 268 268 269 269 270 270 270 270 269 268 268 267 266 265 265 265 265 264 264 264 264 264 264 263 262 258 250 259 263 263 262 263 262 262 261 260 260 259 257 256 258 259 259 258 253 247 247 252 254 256 258 258 254 249 252 251 252 252 252 250 249 246 240 242 243 246 247 250 247 251 253 247 251 247 239 242 237 234 233 230
262 262 264 265 265 266 266 267 268 268 269 269 269 268 267 266 266 265 265 265 264 264 264 264 264 264 263 263 262 259 254 258 262 261 262 262 262 262 262 261 260 260 259 257 257 259 259 259 255 248 252 253 256 257 258 259 254 251 252 254 254 254 253 253 251 247 244 242 246 247 248 250 250 248 252 252 252 247 242 238 236 238 235 235
256 254 259 261 262 262 263 264 266 266 267 268 268 267 267 266 265 265 264 264 264 264 264 263 263 263 263 263 261 260 255 258 258 259 260 261 262 261 261 261 260 260 260 259 257 259 259 259 259 255 257 257 257 259 258 259 257 253 254 254 255 256 255 254 253 250 246 243 248 250 250 250 249 252 254 252 251 250 248 244 237 234 233 240
244 242 246 255 257 259 260 262 264 265 266 267 267 267 266 266 265 264 264 264 264 263 263 263 263 262 262 263 261 261 259 259 260 261 260 261 262 261 261 261 261 260 260 260 260 260 260 260 260 259 259 259 259 259 259 259 258 256 257 251 254 256 256 255 254 251 246 239 245 248 250 252 253 251 255 250 249 249 245 244 241 241 238 240
227 225 229 248 253 255 258 260 262 263 265 266 266 266 266 265 265 264 264 263 263 263 263 262 262 260 259 261 262 262 261 260 260 261 261 262 261 260 258 260 261 261 261 261 261 260 260 260 259 259 259 259 259 259 259 259 258 258 256 253 252 254 256 256 254 251 246 235 232 242 250 253 253 255 255 252 251 243 241 239 242 240 241 238
226 228 238 245 249 252 254 257 259 261 263 264 265 265 265 264 264 263 263 263 263 263 262 262 260 259 256 256 259 260 261 260 259 260 261 261 262 261 260 260 261 261 260 259 260 260 260 260 259 259 259 259 259 259 259 259 259 258 257 255 251 251 256 256 254 253 246 234 232 237 246 252 252 255 256 251 250 246 240 236 237 241 239 237
229 232 237 242 245 247 249 252 254 256 260 261 262 264 264 264 264 263 264 263 263 263 263 262 260 257 253 253 255 258 259 260 260 260 261 261 260 261 261 260 259 260 257 255 257 257 259 260 259 259 259 259 259 259 259 259 259 259 258 257 256 256 257 254 254 254 249 244 240 248 248 254 256 256 254 252 252 248 246 245 243 241 239 240
220 225 230 234 238 241 243 247 251 254 257 259 262 263 264 264 264 264 264 264 263 263 263 263 262 261 259 255 254 254 256 259 260 261 261 260 259 261 260 261 260 260 259 254 252 253 255 258 259 259 260 260 260 260 259 259 259 259 257 253 252 254 256 253 250 254 248 251 250 249 254 257 257 255 253 250 250 251 251 249 247 243 238 242
208 218 221 224 229 232 236 241 246 251 255 258 261 262 263 264 264 264 264 264 264 264 264 264 263 263 262 259 254 256 256 257 259 260 260 259 260 260 260 260 260 259 258 257 251 249 252 254 258 260 260 260 260 260 260 260 260 260 258 255 255 254 254 252 251 252 250 250 255 252 255 257 257 254 251 248 245 244 246 243 239 241 238 239
200 209 206 208 214 219 228 236 242 247 253 256 259 261 263 264 264 264 264 264 264 264 264 264 264 263 261 261 257 258 260 260 261 261 261 261 261 261 259 259 258 258 259 257 254 250 253 255 259 260 260 260 260 260 260 260 260 260 260 260 260 258 254 253 253 254 251 249 255 253 257 257 254 250 248 245 239 231 235 232 233 236 235 244
199 191 187 192 196 208 218 229 234 239 244 249 256 259 260 262 264 264 264 264 264 264 264 264 264 263 262 262 261 261 262 262 262 262 262 261 261 261 259 256 255 254 255 256 253 255 258 259 260 260 261 261 261 260 260 260 260 260 260 261 261 258 254 252 253 256 254 251 256 256 259 255 248 243 241 238 235 231 230 229 230 231 235 241
210 201 192 189 189 204 221 226 228 230 234 244 253 256 258 258 260 263 264 264 264 265 265 264 264 264 263 263 263 263 262 263 262 262 262 262 261 261 260 257 252 248 246 252 256 258 259 259 260 261 261 261 261 261 260 260 260 260 261 261 261 261 260 256 255 259 257 254 258 259 258 249 246 245 243 239 239 235 231 230 229 231 237 244
221 216 213 205 204 215 225 227 229 226 233 244 252 257 259 260 261 263 263 263 264 264 264 264 264 263 263 263 263 263 262 262 262 262 262 262 261 261 261 259 253 246 244 246 253 257 259 260 261 261 261 261 261 261 261 261 261 261 261 261 261 261 261 260 260 260 258 258 260 256 252 250 251 251 246 241 241 239 233 232 234 232 238 246
229 227 224 220 218 221 226 228 227 226 235 247 251 257 259 260 261 262 262 262 262 263 263 263 263 263 263 262 262 262 262 262 262 262 262 262 261 261 261 260 254 246 244 247 252 257 259 260 261 261 261 261 261 261 261 261 261 261 261 261 261 261 261 261 261 261 260 261 261 258 255 254 255 247 244 242 241 240 238 237 235 234 238 247
235 234 232 230 230 226 225 223 223 231 240 247 253 256 258 259 260 261 261 261 261 261 261 261 261 262 262 262 262 262 262 262 262 262 262 262 261 261 261 260 258 253 244 247 254 258 259 260 260 261 262 262 262 262 262 262 262 262 261 261 261 261 261 261 261 261 261 261 261 261 260 257 258 251 246 243 242 241 241 241 238 237 240 248
240 239 238 238 238 234 231 230 232 239 245 250 254 256 257 257 258 259 259 259 259 259 259 259 258 260 261 262 262 262 262 261 261 261 261 261 261 261 261 260 259 257 249 253 257 258 259 260 261 261 262 262 262 262 262 262 262 262 262 261 261 261 261 261 261 262 262 262 262 262 262 259 261 258 250 247 242 242 242 242 240 238 241 249
244 243 243 243 243 243 240 239 241 244 249 252 254 255 256 255 255 255 255 255 255 255 254 254 254 257 260 261 262 262 261 261 261 260 261 261 261 261 261 261 260 258 256 257 258 259 260 260 261 262 262 262 262 263 263 263 263 262 262 261 261 261 261 261 262 262 262 262 262 262 262 262 262 262 259 255 249 246 247 243 243 247 248 249
248 246 246 247 247 248 246 244 245 247 249 251 252 252 251 250 249 243 247 248 247 247 248 250 251 254 258 260 261 261 261 260 260 260 261 261 261 261 261 261 261 259 258 258 258 259 260 261 261 262 262 262 262 263 263 263 263 262 262 262 261 261 261 261 262 262 262 262 262 262 262 263 262 262 262 261 259 256 255 252 251 255 255 255
251 250 249 250 250 250 249 247 247 248 249 250 250 245 241 243 240 229 238 239 237 238 241 246 248 252 258 260 260 261 261 260 260 260 261 261 261 261 261 261 261 260 259 259 259 260 260 261 261 262 262 262 262 262 263 263 263 262 262 262 261 261 261 262 262 262 262 261 262 262 262 262 262 262 262 261 261 259 257 258 258 256 255 254
253 252 252 252 252 252 252 250 249 250 250 249 246 239 232 233 233 229 229 230 228 229 232 240 245 253 257 259 260 260 261 260 260 260 261 261 261 261 261 261 261 260 259 260 260 261 261 261 262 262 262 262 262 263 264 264 263 263 262 262 262 262 262 262 262 262 261 261 262 262 262 262 262 262 262 261 261 260 258 259 258 254 253 249
255 254 254 254 254 254 253 253 252 252 251 249 246 240 233 233 232 223 221 221 218 218 225 236 244 251 255 259 259 258 260 260 260 260 260 261 261 261 261 261 261 260 260 260 260 261 261 261 261 261 262 262 263 263 263 263 263 263 263 262 262 262 262 262 262 261 261 261 262 262 262 262 262 262 262 262 261 261 260 260 258 258 255 248
257 256 256 256 256 256 255 255 254 252 251 250 248 244 240 235 229 213 213 219 214 218 227 236 245 252 252 256 259 258 259 259 259 260 260 260 261 261 261 261 260 260 260 260 260 261 261 261 261 261 261 262 263 263 263 264 263 263 263 263 263 262 262 262 262 261 261 261 261 262 262 262 262 262 262 262 262 261 261 260 258 258 256 251
258 258 257 257 257 257 257 256 255 253 253 251 248 246 242 238 234 231 227 226 226 229 233 240 247 251 254 255 258 259 259 259 259 259 259 260 260 260 261 261 260 260 261 261 260 261 261 261 261 261 261 262 263 263 263 264 264 264 263 263 263 263 262 262 262 261 261 261 261 261 262 262 262 262 262 262 262 262 261 260 258 257 256 254
259 259 258 258 258 258 258 257 256 255 254 252 250 247 244 242 241 240 239 238 235 232 238 244 249 252 251 253 256 257 258 258 258 258 258 258 259 259 260 260 260 260 260 261 261 261 261 261 261 261 261 262 263 263 263 264 264 264 263 263 263 263 263 262 262 261 261 261 261 261 261 261 261 261 262 262 262 262 261 261 259 258 255 253
260 260 260 260 259 259 259 259 258 257 255 254 252 250 248 247 245 245 243 243 234 224 240 247 250 251 250 252 251 252 255 257 257 257 257 257 258 258 259 259 259 260 260 260 261 261 261 261 261 261 261 262 263 263 263 264 264 264 264 264 264 263 263 262 262 261 261 261 261 261 261 261 261 261 261 262 262 262 261 261 260 260 255 255
261 261 260 260 260 260 260 260 259 258 256 255 254 252 251 249 249 248 248 247 245 243 246 249 250 250 245 246 243 245 248 252 255 255 256 256 257 257 258 258 259 259 260 260 261 261 261 261 261 261 261 262 263 263 263 263 263 264 264 264 264 263 263 262 262 261 260 260 261 261 261 261 261 261 261 261 261 261 261 261 260 260 258 258
262 261 261 261 261 261 261 261 260 259 258 257 256 255 254 252 251 251 252 251 251 251 251 252 251 248 241 236 234 235 239 245 252 253 254 255 255 256 257 257 258 258 259 260 261 261 261 261 261 261 261 262 262 263 263 263 263 264 264 264 264 264 263 262 262 261 260 260 260 260 261 261 261 261 261 261 261 261 261 261 261 260 259 258
