08 Ecocrop/raster/current/tmean_3.asc
ncols        683
nrows        518
xllcorner    -87.691666666667
yllcorner    10.708333333333
cellsize     0.008333333333
NODATA_value  1.#QNAN
[rows 148 to 184 of 518, columns 336 to 419 of 683]
263 259 249 256 258 261 263 264 263 260 261 261 259 259 261 258 254 253 248 239 233 241 247 247 252 251 246 240 242 239 233 231 239 243 245 244 246 249 250 249 243 251 257 256 258 258 257 255 253 252 257 260 262 262 263 263 263 262 262 260 259 256 259 261 261 261 261 260 260 260 260 260 260 260 260 260 260 260 260 260 260 260 259 260
263 255 253 257 261 262 263 264 263 263 261 261 257 261 260 256 254 252 250 239 231 241 251 254 247 245 244 239 233 231 225 230 237 242 247 241 240 248 252 253 253 256 257 255 255 255 257 257 257 257 259 260 261 262 263 263 262 262 262 259 259 257 260 261 261 261 261 261 261 260 260 261 260 260 260 260 260 260 260 260 260 260 260 259
263 261 260 258 260 262 264 264 264 263 262 262 261 262 260 259 257 255 250 242 241 247 253 252 239 238 233 229 228 229 234 240 246 251 251 249 250 249 255 255 257 258 258 254 249 251 253 256 254 256 259 260 259 260 262 263 262 262 262 261 261 261 261 261 261 261 261 261 261 260 261 261 260 260 260 260 260 260 260 260 260 260 260 260
262 260 262 260 263 263 264 264 263 263 262 263 263 261 259 258 256 253 246 248 252 253 258 253 248 244 242 237 239 242 248 247 246 254 250 254 256 255 257 257 256 256 259 258 254 252 250 250 252 253 257 258 259 260 262 262 261 262 262 261 259 259 258 261 261 261 261 261 261 260 261 260 260 260 260 260 260 260 260 260 260 260 260 260
262 260 262 262 264 264 263 263 262 262 263 263 263 260 259 257 255 251 247 253 257 257 258 260 258 256 253 249 246 253 255 254 250 255 257 257 258 258 257 257 256 257 259 260 259 256 255 255 256 258 259 260 260 260 261 261 260 261 262 261 259 259 258 259 261 261 261 261 260 261 261 260 260 261 261 260 260 260 260 260 260 260 260 260
263 261 263 263 264 264 263 263 263 263 264 263 262 260 259 257 255 248 251 258 259 259 257 260 261 260 258 256 253 254 257 258 259 260 261 260 260 259 258 257 256 259 259 259 260 259 260 260 259 259 261 261 262 262 262 260 261 262 261 260 260 260 259 258 260 261 261 261 261 261 261 261 261 261 261 261 260 260 260 260 260 260 260 260
263 263 263 264 264 264 264 263 263 263 264 262 261 261 259 260 258 252 255 260 261 260 259 262 262 260 256 256 252 249 252 258 260 262 262 262 261 260 258 256 259 259 259 257 259 262 261 260 259 260 260 260 261 262 261 258 257 261 262 260 260 261 261 259 261 261 261 261 261 261 261 261 261 261 261 261 260 261 260 261 260 260 260 260
264 263 263 264 264 264 264 263 263 264 264 262 260 262 260 261 261 260 257 259 260 260 263 263 263 260 257 258 256 251 251 258 260 261 262 263 262 260 261 260 259 259 260 259 259 261 262 262 261 262 261 261 261 261 260 260 261 261 261 262 261 261 261 261 262 261 261 261 261 261 261 261 261 261 261 261 261 261 261 261 261 260 260 260
264 264 264 264 264 264 264 264 264 263 263 262 262 263 262 262 259 259 259 258 258 256 259 264 263 261 259 260 262 260 258 261 263 263 263 263 263 263 262 262 260 260 261 260 260 262 262 263 262 262 261 262 263 262 259 259 261 261 260 261 262 262 262 262 261 261 261 261 261 261 261 261 261 261 261 262 261 261 261 261 261 261 260 260
264 264 264 264 264 264 264 264 264 262 263 264 264 264 263 262 261 260 261 258 259 257 260 264 263 258 258 260 262 263 263 263 264 264 264 263 264 264 263 261 263 261 262 262 263 263 264 264 264 263 262 263 263 262 262 260 261 262 260 260 262 262 262 262 261 261 262 261 261 261 261 261 261 261 261 262 262 261 261 261 261 261 261 260
264 264 264 264 264 264 264 264 264 262 263 264 264 264 263 262 263 263 263 261 260 259 263 264 262 260 259 259 261 264 264 264 265 264 264 264 264 264 264 264 264 263 262 263 263 261 261 263 264 264 262 263 264 264 263 262 262 263 262 261 262 262 262 261 261 261 261 262 261 261 261 261 261 261 261 261 262 262 261 261 261 261 261 261
264 264 264 265 265 265 264 264 264 263 264 264 265 264 263 261 260 264 264 264 264 264 264 264 263 261 261 263 260 261 263 264 265 265 265 265 265 265 265 265 265 264 263 263 264 263 262 263 264 264 264 264 264 264 264 263 263 263 262 262 262 262 261 262 261 262 262 261 262 261 261 261 261 261 261 261 261 261 261 261 261 261 261 261
264 264 263 264 264 265 264 264 264 264 264 264 265 264 264 262 261 262 264 264 264 264 264 264 263 263 264 264 259 258 263 264 265 265 265 265 265 265 265 265 265 265 265 265 265 265 264 264 264 264 264 263 264 264 264 263 263 262 262 262 262 262 262 262 262 262 262 262 262 262 262 262 261 262 261 261 261 261 261 260 261 261 261 261
264 264 262 263 264 264 265 264 264 264 264 264 265 265 265 264 264 262 263 264 264 264 264 265 264 264 264 264 264 263 265 264 265 265 265 265 265 265 265 263 264 265 265 265 265 265 265 265 264 264 264 264 264 264 264 264 263 263 262 262 262 262 262 262 262 262 262 262 262 262 262 262 262 262 261 261 261 261 260 261 261 261 261 261
263 260 260 262 263 264 265 264 262 263 264 264 264 265 265 265 264 262 263 265 265 264 264 265 265 264 264 264 264 264 264 264 265 265 266 265 265 265 265 265 265 265 265 265 265 263 260 265 264 264 264 264 264 264 264 264 263 263 263 262 262 262 262 262 262 262 262 262 262 262 262 262 261 262 261 261 261 261 261 261 261 261 261 261
263 260 261 262 263 263 264 264 263 263 264 265 264 264 265 265 264 264 264 264 263 262 264 264 262 263 264 263 263 264 263 263 265 265 261 265 265 265 265 265 265 265 265 265 265 265 264 265 264 264 264 264 264 264 264 264 263 263 262 262 262 262 262 262 262 262 262 262 262 262 262 261 261 261 261 261 261 261 261 261 261 261 261 261
262 261 262 263 263 264 264 264 262 264 264 265 264 265 265 264 265 265 265 263 260 258 261 264 264 263 262 259 258 263 263 262 263 263 262 263 264 265 265 265 265 264 265 265 265 265 265 264 264 264 264 264 264 264 264 263 263 263 262 261 261 261 262 262 261 262 262 262 262 261 262 261 261 261 261 261 261 261 261 261 261 261 261 260
262 262 262 263 263 264 264 264 262 263 264 264 264 265 265 265 265 265 265 263 260 259 260 261 264 261 260 259 256 258 256 259 262 262 262 261 263 265 265 265 265 265 265 265 265 265 265 264 264 264 264 264 264 264 264 263 263 262 262 261 259 260 262 262 262 261 261 261 261 261 262 261 261 261 261 261 261 261 261 261 261 260 260 260
262 262 263 263 264 264 264 264 263 261 263 264 264 264 265 265 265 263 265 265 263 260 258 261 263 264 259 252 254 251 247 255 261 263 263 262 261 263 264 265 265 265 265 265 264 264 265 264 264 264 264 264 264 264 263 263 262 262 262 261 260 259 261 262 262 261 261 261 261 261 261 261 261 261 261 261 261 262 262 261 261 260 260 260
262 262 263 264 264 264 264 263 263 258 259 263 264 263 264 265 264 263 263 265 265 263 260 260 262 263 264 261 254 253 251 258 260 262 262 263 262 263 264 264 265 265 264 264 264 265 265 265 264 264 264 264 264 264 263 263 262 262 262 261 260 259 260 261 261 261 261 260 261 261 262 262 262 262 262 262 262 262 262 261 261 260 260 260
262 263 263 264 264 264 264 264 262 258 260 261 264 263 264 263 264 264 262 262 263 265 263 263 263 263 264 264 263 257 248 258 260 259 259 260 260 264 264 265 265 265 264 264 263 263 264 265 265 264 264 264 264 264 263 263 263 262 262 261 260 259 260 260 261 261 261 261 261 261 262 262 262 262 262 262 262 262 262 262 261 260 260 260
262 262 263 264 263 263 263 264 261 260 259 262 264 264 262 258 261 262 263 261 262 263 265 265 263 261 263 264 263 256 257 261 261 259 259 257 257 259 261 264 264 264 263 263 262 262 264 264 264 264 263 264 264 264 263 263 263 263 262 262 261 260 260 261 261 261 261 261 261 262 262 262 261 261 261 262 262 262 262 262 261 261 260 260
260 262 263 263 263 263 264 263 264 263 261 263 264 264 263 260 262 262 264 264 262 264 264 265 262 261 262 264 264 262 263 263 261 258 259 258 259 257 259 263 264 264 264 264 264 264 264 264 264 264 264 263 264 264 263 263 263 263 263 262 262 261 261 261 261 261 261 261 261 261 261 261 261 261 261 262 262 262 262 262 261 261 261 260
259 262 263 262 263 263 263 262 263 264 263 264 264 264 263 262 260 262 262 263 264 265 265 265 264 264 263 263 264 264 263 263 259 257 258 260 259 260 261 262 264 263 264 264 264 264 264 264 264 264 264 263 264 264 262 263 263 263 263 262 262 261 261 261 261 261 261 261 261 261 261 261 261 261 261 261 261 262 262 262 262 261 261 260
261 262 262 261 263 263 263 262 262 263 264 265 264 264 264 263 262 261 262 261 262 265 264 264 265 265 264 264 264 264 262 263 260 258 258 260 261 262 263 263 263 263 263 264 264 264 264 264 264 264 264 264 264 264 263 263 263 263 263 262 262 261 261 262 261 260 260 260 260 261 261 261 261 261 261 261 261 262 261 261 262 261 261 261
262 262 262 262 263 263 263 262 262 262 264 264 264 264 264 264 263 262 261 263 262 263 264 264 263 264 265 264 264 264 263 262 262 261 258 256 260 262 262 262 263 263 263 264 264 264 264 264 264 263 264 264 264 264 263 263 263 263 263 262 262 262 262 262 261 260 260 260 260 261 261 261 261 261 262 261 261 261 261 262 262 262 261 261
261 262 262 263 263 263 263 263 262 262 263 264 264 264 264 263 261 260 259 261 262 261 262 263 264 264 264 264 264 264 263 262 262 261 257 258 259 262 262 262 263 263 263 264 264 264 264 264 264 264 264 263 263 264 263 263 263 263 263 262 262 262 262 262 262 261 260 260 260 261 261 262 262 262 262 261 261 262 262 261 262 262 262 261
261 262 262 263 262 263 263 263 262 263 263 264 264 264 264 262 259 258 260 260 260 260 260 260 262 263 264 264 263 263 263 261 260 260 257 256 259 262 262 263 263 263 262 263 263 263 263 263 263 263 263 263 263 263 263 263 263 263 263 262 262 262 262 262 262 262 261 261 261 260 261 262 262 262 262 262 261 262 261 261 261 262 262 262
261 262 262 261 262 263 263 263 262 263 263 264 264 264 263 261 256 257 259 259 259 258 255 259 257 256 260 263 263 264 264 262 260 260 260 261 262 262 263 263 263 263 263 263 263 263 263 263 263 263 263 263 263 263 263 263 263 263 263 262 262 262 262 262 262 262 261 261 261 261 261 261 262 263 263 262 262 262 262 261 261 262 262 262
262 262 262 262 262 263 263 263 262 263 264 264 264 264 263 263 259 257 260 260 258 255 249 255 251 252 257 258 262 263 264 263 263 263 262 262 262 263 263 263 263 263 262 262 263 263 263 262 263 263 263 263 263 263 263 263 263 263 263 263 262 262 262 262 262 262 262 261 262 262 262 262 262 263 263 263 262 262 262 262 262 262 262 262
261 261 262 262 262 262 262 263 263 264 264 264 264 264 263 262 260 259 259 261 260 258 255 255 254 252 254 258 261 260 263 263 263 263 262 263 263 263 262 263 263 263 262 262 262 263 263 263 263 263 263 263 263 263 263 263 263 263 263 262 263 262 262 262 262 262 262 262 262 262 262 262 262 262 263 263 262 262 262 262 262 262 262 262
261 262 262 262 262 263 263 263 264 263 263 264 264 264 262 261 260 261 261 262 259 254 254 258 259 258 257 261 261 261 261 262 262 263 263 262 262 262 263 263 263 263 263 263 262 263 263 263 263 263 262 263 263 263 263 263 262 263 263 262 263 262 262 262 262 262 262 262 262 262 262 262 262 262 263 263 263 263 263 262 263 262 262 262
262 262 262 263 262 262 263 262 262 264 263 264 264 263 262 261 262 261 257 260 260 254 252 259 261 260 258 259 258 258 261 261 262 263 263 263 263 262 263 262 261 262 263 263 263 263 263 263 263 263 263 263 263 262 262 262 262 262 262 262 262 262 262 262 262 262 262 262 262 262 262 262 262 262 262 263 263 263 263 263 263 263 263 263
261 261 262 262 262 263 263 262 262 263 264 264 264 263 262 260 260 261 258 257 260 260 259 260 262 259 258 258 260 259 260 261 261 262 262 262 262 262 262 262 262 262 262 262 262 262 262 262 263 263 263 262 262 262 262 262 262 262 262 262 262 262 262 262 262 262 262 262 262 262 262 262 262 262 262 263 263 263 263 263 263 263 263 263
261 262 262 261 260 261 263 263 262 263 263 264 263 262 262 260 257 258 258 258 257 262 262 262 262 258 256 259 259 258 259 260 261 261 262 262 262 262 262 262 262 262 262 262 262 262 262 262 262 262 262 262 262 262 262 262 262 262 262 262 262 262 262 262 262 262 262 262 262 262 262 262 262 262 262 263 263 263 263 263 263 263 263 263
261 262 262 261 262 262 263 263 262 263 263 263 262 260 261 259 257 260 258 259 259 261 260 262 262 261 260 260 258 258 258 260 260 261 260 262 262 262 261 261 261 262 262 262 262 260 261 262 262 262 262 262 262 262 262 261 262 262 262 262 262 262 262 262 262 262 262 262 262 262 262 262 262 262 262 262 263 263 263 263 263 263 263 263
261 261 262 263 263 263 263 263 262 263 263 263 263 261 262 260 261 260 260 260 259 258 258 262 262 260 261 259 253 257 259 260 260 260 259 260 260 261 261 261 261 261 262 262 262 261 260 261 262 262 262 262 261 262 262 261 261 262 262 262 262 262 262 262 262 262 262 262 262 262 262 262 262 262 262 262 262 263 263 263 264 264 264 264
