08 Ecocrop/raster/current/tmean_3.asc
ncols        683
nrows        518
xllcorner    -87.691666666667
yllcorner    10.708333333333
cellsize     0.008333333333
NODATA_value  1.#QNAN
[rows 333 to 369 of 518, columns 168 to 251 of 683]
275 274 273 273 272 272 271 271 271 271 271 270 270 270 270 270 270 270 270 270 271 273 275 276 278 279 279 278 278 278 278 278 278 278 278 278 278 278 278 277 277 276 276 276 276 276 276 276 277 277 277 278 278 278 278 278 279 279 278 275 267 263 268 266 269 268 265 266 266 271 272 269 265 268 274 272 275 274 270 272 271 268 262 258
275 274 273 273 272 272 271 271 271 271 270 270 270 270 270 270 270 270 270 270 271 273 275 276 278 279 279 279 279 278 278 279 279 279 279 278 278 278 278 278 277 276 276 276 276 276 276 276 276 277 277 278 278 278 278 278 279 279 278 273 268 263 272 271 269 268 266 267 271 274 275 275 273 270 274 274 276 274 269 267 269 266 261 254
275 274 273 272 272 272 271 271 271 271 271 270 270 270 270 270 270 270 270 270 271 273 275 276 278 279 279 279 279 279 279 279 279 279 279 279 279 278 278 278 277 277 276 276 276 276 276 276 276 276 277 277 277 278 278 278 278 278 278 276 266 267 273 270 266 265 268 272 274 271 275 276 276 273 272 276 276 275 271 268 270 265 261 254
275 274 273 272 272 272 271 271 271 271 271 271 270 270 270 270 270 270 270 270 271 273 275 276 278 279 279 279 279 279 279 279 279 279 279 279 279 278 278 278 277 277 277 277 276 276 276 276 276 276 276 277 277 277 277 278 278 278 278 277 272 272 274 267 265 267 272 275 274 270 275 276 276 276 275 276 276 276 274 272 269 262 257 254
275 274 273 272 272 271 271 271 271 271 271 271 271 271 271 270 270 270 270 270 272 273 275 276 278 279 280 279 279 279 279 279 279 279 279 279 279 278 278 278 278 278 277 277 276 276 276 275 276 276 276 276 276 277 277 277 277 278 278 277 276 276 274 271 269 273 276 277 273 273 276 277 277 277 276 276 276 276 274 271 269 267 262 258
274 273 273 272 271 271 271 271 271 271 271 271 271 271 271 271 271 271 271 271 272 273 275 277 278 280 280 280 280 280 280 280 279 279 279 279 279 279 279 278 278 278 277 277 277 276 276 275 275 275 275 275 276 276 276 277 277 277 277 277 276 275 275 276 275 275 276 277 275 276 277 277 277 276 276 276 276 276 275 274 272 269 266 265
274 273 272 272 271 271 271 271 271 271 271 271 271 271 271 271 271 271 271 271 272 274 275 276 278 280 280 280 280 280 280 280 280 280 280 280 279 279 279 279 278 278 278 277 277 276 275 275 275 275 275 275 275 275 276 276 276 277 277 277 274 273 274 277 277 277 277 277 277 276 277 277 276 276 277 276 276 275 274 274 273 271 269 268
275 274 273 273 273 272 272 272 272 272 272 272 272 272 272 272 272 272 272 272 273 274 276 277 278 280 280 280 280 280 280 280 280 280 280 279 279 279 279 279 278 278 278 277 277 276 275 275 275 275 275 275 275 275 276 276 276 276 276 276 276 276 275 274 277 277 277 277 277 277 277 276 277 277 277 276 276 274 270 269 271 271 270 269
276 275 275 274 274 274 274 274 274 273 273 273 273 273 273 273 273 273 273 273 274 275 276 277 278 280 280 280 280 280 280 280 280 279 279 279 279 279 278 278 278 278 277 277 276 276 275 275 275 275 275 275 275 275 275 276 276 276 276 276 276 277 277 276 274 275 276 276 276 276 276 276 277 277 277 276 275 270 265 264 262 264 266 268
277 276 276 276 275 275 275 275 275 275 275 275 275 275 275 275 275 275 275 275 275 276 277 277 278 280 280 280 280 280 280 280 279 279 279 279 279 278 278 278 278 278 277 276 276 275 275 275 275 275 275 275 275 275 275 275 275 275 276 276 276 276 276 276 276 276 276 276 276 275 276 276 276 276 277 276 272 265 259 264 260 255 261 265
278 277 277 277 277 277 277 276 276 276 276 276 276 276 276 276 276 276 276 276 276 277 277 277 279 280 280 280 280 280 280 279 279 279 279 279 278 278 278 278 277 277 277 276 276 275 275 275 275 275 275 275 275 275 275 275 275 275 275 275 275 276 276 276 275 276 275 275 275 275 276 276 276 276 276 276 271 265 263 269 260 255 253 257
277 278 278 278 278 277 277 277 276 277 277 277 277 277 277 277 277 277 277 277 277 278 278 278 279 280 280 280 280 280 279 279 279 279 279 278 278 278 278 277 277 277 276 276 276 275 275 274 275 275 275 275 275 275 275 275 275 275 275 275 275 275 275 275 275 275 275 275 275 275 275 276 276 276 276 277 276 275 273 272 268 261 251 251
277 277 277 278 277 277 277 276 276 277 277 277 277 278 278 278 278 278 278 278 278 278 278 278 278 279 280 280 280 279 279 279 279 279 278 278 278 277 277 277 277 277 276 276 276 275 275 275 275 275 275 275 275 275 274 274 274 274 274 274 274 274 274 274 274 274 274 274 274 275 275 275 276 276 276 276 276 276 274 267 266 255 248 255
275 275 276 276 276 276 276 275 275 276 276 276 277 278 278 278 278 278 278 278 279 278 278 278 278 279 279 279 279 279 279 279 279 278 278 277 277 277 277 277 277 277 276 276 276 275 275 275 275 275 275 275 275 274 274 274 274 274 274 274 274 274 274 274 274 274 274 274 274 274 275 275 276 276 276 276 277 276 274 267 259 257 258 260
274 275 275 275 275 275 275 274 275 275 275 276 277 278 278 278 278 278 278 278 279 278 277 278 278 278 279 279 279 279 279 279 278 278 277 277 277 277 277 277 276 276 276 276 276 275 275 275 275 275 275 275 274 274 274 274 273 273 273 273 273 273 273 273 273 273 273 273 273 274 274 275 275 276 276 276 276 276 275 269 263 259 266 263
272 273 273 273 273 273 273 273 273 274 274 275 276 277 278 278 278 278 278 279 278 277 277 277 278 278 278 278 279 279 279 279 278 278 277 277 276 276 276 276 276 276 276 276 276 276 276 275 275 275 275 274 274 274 274 273 273 273 273 273 273 272 272 272 272 273 273 273 273 274 274 275 275 276 276 276 276 275 276 273 267 263 269 266
270 270 271 271 271 272 272 271 272 272 273 274 275 277 278 278 278 278 278 279 278 277 277 277 278 278 278 278 278 279 279 278 278 277 277 276 276 276 276 276 276 276 276 276 276 276 276 276 275 275 274 274 274 273 273 273 273 273 272 272 272 272 271 271 272 272 272 272 272 273 274 274 275 276 275 274 275 272 274 274 269 269 272 270
268 267 269 269 269 270 270 269 270 271 272 273 274 276 277 277 278 278 278 279 277 276 276 277 277 278 278 277 278 278 279 278 278 277 276 276 275 275 275 275 275 275 276 276 276 276 276 276 275 275 274 274 273 273 273 273 272 272 272 272 271 271 271 271 271 271 271 272 272 273 274 274 275 275 275 275 269 268 270 268 265 268 272 274
264 264 265 266 266 267 267 267 268 269 270 271 273 274 275 276 277 277 278 277 276 275 275 275 276 277 277 277 277 278 278 278 278 277 277 276 276 276 276 276 276 276 276 276 276 276 276 275 275 274 274 274 273 273 273 272 272 272 272 271 271 271 271 271 271 271 271 272 272 272 273 273 274 274 275 275 272 265 259 265 269 269 272 274
261 261 261 262 263 263 265 265 267 268 269 270 272 273 275 276 276 277 277 276 274 274 274 274 275 275 276 276 277 278 278 278 278 277 277 276 276 276 276 276 276 276 276 276 276 275 275 275 274 274 274 273 273 272 272 272 272 272 271 271 271 271 271 271 271 271 271 271 272 272 272 273 273 274 274 275 275 272 265 264 271 274 274 273
258 258 257 259 259 261 262 264 265 266 268 269 271 273 274 275 276 276 276 274 273 273 273 273 274 275 275 276 276 277 278 278 278 278 277 277 277 277 277 276 276 276 276 276 275 275 275 274 274 273 273 273 272 272 272 272 271 271 271 271 271 271 271 271 271 271 271 271 271 272 272 272 272 273 273 274 274 274 271 265 268 272 275 276
255 254 253 256 256 258 260 263 264 266 268 269 271 272 274 275 275 275 275 273 272 272 272 273 273 274 274 275 276 277 278 278 278 278 278 277 277 277 277 277 277 277 276 276 275 275 274 274 273 273 272 272 272 271 271 271 271 271 271 271 271 271 270 270 271 271 271 271 271 271 271 272 272 272 273 273 274 273 266 264 268 273 270 275
251 250 250 252 253 255 259 261 264 265 267 269 270 271 273 273 274 274 274 272 271 271 271 272 272 273 274 274 275 276 277 278 278 278 278 278 277 277 277 277 277 277 276 276 275 274 274 273 273 272 272 271 271 271 271 271 271 271 271 271 270 270 270 270 270 270 270 270 270 271 271 271 271 271 272 272 273 270 259 267 269 273 274 275
247 246 246 248 249 251 255 259 263 265 266 267 268 270 271 271 272 273 272 272 271 271 271 271 272 272 273 273 274 276 277 277 277 278 278 278 277 278 277 277 277 277 276 275 275 274 274 273 273 272 272 271 271 271 271 271 271 271 271 270 270 270 270 270 270 270 270 270 270 270 271 271 271 271 272 272 272 267 262 269 273 274 275 274
243 243 242 243 245 247 248 255 262 264 265 266 267 268 269 269 270 271 271 271 271 271 270 270 271 271 272 272 273 275 276 277 277 277 278 278 278 278 277 277 277 276 276 275 274 274 273 273 272 272 272 271 271 271 271 271 271 271 271 271 271 270 270 270 270 270 270 270 270 270 271 271 271 271 271 271 270 272 270 272 274 274 274 274
239 238 238 238 240 242 241 248 260 262 263 264 265 266 266 267 268 269 270 271 271 271 270 270 270 270 271 272 273 274 276 276 277 277 278 278 278 278 277 277 276 276 275 275 274 273 273 272 272 272 271 271 271 271 271 271 271 271 271 271 271 271 270 270 270 270 270 270 270 270 271 271 271 271 271 271 272 272 272 273 273 273 273 273
235 234 233 234 235 237 243 249 258 261 261 262 262 263 263 264 265 267 269 270 270 270 270 270 269 270 270 271 272 274 275 276 276 277 278 278 278 278 277 277 276 275 275 274 274 273 272 272 272 272 271 271 271 271 271 271 271 271 271 271 271 271 271 271 271 270 270 270 270 271 271 271 271 271 271 271 271 272 272 272 272 272 272 272
231 229 229 228 231 239 246 253 257 259 259 259 260 263 263 263 264 265 267 269 269 270 270 269 268 269 269 270 272 273 275 276 276 277 278 279 278 278 277 276 275 275 274 274 273 273 272 272 271 271 271 271 271 271 271 271 271 271 271 271 271 271 271 271 271 271 271 271 271 271 271 271 271 271 271 271 271 271 271 271 271 271 271 271
224 223 223 228 235 242 245 254 256 257 256 255 261 262 262 263 264 264 265 267 268 269 269 269 268 267 268 270 271 273 275 275 276 277 278 278 278 278 277 276 275 275 274 274 273 272 272 271 271 271 271 271 271 271 271 271 271 271 271 271 271 271 271 271 271 271 271 271 271 271 271 271 271 271 271 271 271 271 271 271 271 271 271 271
220 223 226 230 235 244 250 253 255 255 254 253 260 260 261 262 262 263 264 266 267 268 268 268 267 267 268 268 270 273 274 275 276 277 278 278 278 278 277 276 275 275 274 274 273 272 272 271 271 271 271 271 271 271 271 271 271 271 271 271 271 271 271 271 271 271 271 271 271 271 271 271 271 271 271 271 271 271 271 271 271 271 271 271
222 224 227 233 237 240 250 252 253 253 251 256 259 257 256 256 258 262 266 268 270 269 267 265 266 267 268 269 270 272 273 274 275 276 277 278 278 277 277 276 275 275 274 274 273 272 272 271 271 271 271 271 271 271 271 271 271 271 271 271 271 271 271 271 271 271 271 271 271 271 271 271 271 271 271 271 271 271 271 271 269 270 271 271
224 226 229 231 237 244 248 250 251 251 249 252 258 255 248 248 248 262 267 269 272 270 266 266 266 267 267 268 269 271 272 273 274 275 276 277 278 277 276 276 275 274 274 273 273 272 272 271 271 271 271 271 271 271 271 271 271 271 271 271 271 271 271 271 271 271 271 271 271 271 271 271 271 271 271 271 271 271 271 271 271 271 271 271
224 225 228 236 241 244 248 248 249 249 246 244 248 253 250 248 253 261 266 269 272 272 268 266 266 266 266 267 268 270 270 271 273 274 275 276 277 277 276 276 275 274 274 273 273 272 271 271 271 271 271 271 271 271 271 271 271 271 271 271 271 271 271 271 271 271 271 271 271 271 271 271 271 271 271 271 271 271 271 271 271 271 271 271
223 227 230 231 234 241 241 244 246 245 246 247 248 250 252 253 256 262 266 269 271 272 268 266 265 264 265 265 266 267 268 270 271 273 274 276 277 276 276 275 275 274 274 273 273 272 271 271 271 271 271 271 271 271 271 271 271 271 271 271 271 271 271 271 271 271 271 271 271 271 271 271 271 271 271 271 271 271 271 271 270 271 271 271
226 226 227 230 233 234 235 239 239 244 246 248 250 252 254 256 258 264 267 270 271 271 268 264 263 263 262 263 264 265 266 267 269 271 273 275 276 276 276 275 275 275 274 273 273 272 271 271 271 271 271 271 271 271 271 271 271 271 271 271 271 271 271 271 271 271 271 271 271 271 271 271 271 271 271 271 271 271 271 271 271 271 271 271
225 225 226 226 227 230 231 234 237 241 246 248 249 249 250 256 259 262 267 270 271 270 265 261 261 260 260 261 261 262 263 265 268 270 272 274 275 275 275 275 275 275 274 274 273 272 271 271 271 271 271 271 271 271 271 271 271 271 271 271 271 271 271 271 271 271 271 271 271 271 271 271 271 271 271 271 271 271 271 271 271 271 271 271
225 225 226 226 227 229 232 234 234 237 241 243 244 245 249 254 258 261 262 265 264 263 261 259 258 257 257 257 259 263 268 270 269 269 271 273 274 274 275 275 275 275 274 274 273 272 271 271 271 271 271 271 271 271 271 271 271 271 271 271 271 271 271 271 271 271 271 271 271 271 271 271 271 271 271 271 271 271 271 271 271 271 271 271
