08 Ecocrop/raster/current/tmean_5.asc
ncols        683
nrows        518
xllcorner    -87.691666666667
yllcorner    10.708333333333
cellsize     0.008333333333
NODATA_value  1.#QNAN
[rows 37 to 73 of 518, columns 336 to 419 of 683]
269 269 268 268 269 272 272 272 272 272 273 273 273 273 273 273 274 274 1.#QNAN 1.#QNAN 1.#QNAN 1.#QNAN 1.#QNAN 1.#QNAN 1.#QNAN 1.#QNAN 1.#QNAN 1.#QNAN 1.#QNAN 1.#QNAN 1.#QNAN 1.#QNAN 1.#QNAN 1.#QNAN 1.#QNAN 1.#QNAN 1.#QNAN 1.#QNAN 1.#QNAN 1.#QNAN 1.#QNAN 1.#QNAN 1.#QNAN 1.#QNAN 1.#QNAN 1.#QNAN 1.#QNAN 1.#QNAN 1.#QNAN 1.#QNAN 1.#QNAN 1.#QNAN 1.#QNAN 1.#QNAN 1.#QNAN 1.#QNAN 1.#QNAN 1.#QNAN 1.#QNAN 1.#QNAN 1.#QNAN 1.#QNAN 272 273 1.#QNAN 1.#QNAN 1.#QNAN 1.#QNAN 1.#QNAN 1.#QNAN 1.#QNAN 1.#QNAN 1.#QNAN 1.#QNAN 269 269 268 268 267 267 267 268 267 268
270 269 269 270 271 272 272 272 272 272 273 273 273 273 273 274 274 273 274 1.#QNAN 1.#QNAN 1.#QNAN 1.#QNAN 1.#QNAN 1.#QNAN 1.#QNAN 1.#QNAN 1.#QNAN 1.#QNAN 1.#QNAN 1.#QNAN 1.#QNAN 1.#QNAN 1.#QNAN 1.#QNAN 1.#QNAN 1.#QNAN 1.#QNAN 1.#QNAN 1.#QNAN 1.#QNAN 1.#QNAN 1.#QNAN 1.#QNAN 1.#QNAN 1.#QNAN 1.#QNAN 1.#QNAN 1.#QNAN 1.#QNAN 1.#QNAN 1.#QNAN 1.#QNAN 1.#QNAN 1.#QNAN 1.#QNAN 1.#QNAN 1.#QNAN 1.#QNAN 1.#QNAN 1.#QNAN 1.#QNAN 272 272 272 272 1.#QNAN 1.#QNAN 1.#QNAN 1.#QNAN 1.#QNAN 1.#QNAN 1.#QNAN 1.#QNAN 1.#QNAN 269 268 267 267 267 267 267 267 267
271 271 271 271 272 272 272 272 272 272 273 273 273 273 273 273 273 273 273 274 274 1.#QNAN 1.#QNAN 1.#QNAN 1.#QNAN 1.#QNAN 1.#QNAN 1.#QNAN 1.#QNAN 1.#QNAN 1.#QNAN 1.#QNAN 1.#QNAN 1.#QNAN 1.#QNAN 1.#QNAN 1.#QNAN 1.#QNAN 1.#QNAN 1.#QNAN 1.#QNAN 1.#QNAN 1.#QNAN 1.#QNAN 1.#QNAN 1.#QNAN 1.#QNAN 1.#QNAN 1.#QNAN 1.#QNAN 1.#QNAN 1.#QNAN 1.#QNAN 1.#QNAN 1.#QNAN 1.#QNAN 1.#QNAN 1.#QNAN 1.#QNAN 1.#QNAN 1.#QNAN 271 271 271 271 271 1.#QNAN 1.#QNAN 1.#QNAN 1.#QNAN 1.#QNAN 1.#QNAN 1.#QNAN 1.#QNAN 1.#QNAN 269 267 266 266 267 267 267 267 267
271 271 271 271 271 271 271 272 272 272 272 272 272 272 272 272 272 273 273 273 273 274 1.#QNAN 1.#QNAN 1.#QNAN 274 1.#QNAN 1.#QNAN 1.#QNAN 1.#QNAN 1.#QNAN 1.#QNAN 1.#QNAN 1.#QNAN 1.#QNAN 1.#QNAN 1.#QNAN 1.#QNAN 1.#QNAN 1.#QNAN 1.#QNAN 1.#QNAN 1.#QNAN 1.#QNAN 1.#QNAN 1.#QNAN 1.#QNAN 1.#QNAN 1.#QNAN 1.#QNAN 1.#QNAN 1.#QNAN 1.#QNAN 1.#QNAN 1.#QNAN 1.#QNAN 1.#QNAN 1.#QNAN 1.#QNAN 1.#QNAN 1.#QNAN 271 271 270 271 271 1.#QNAN 1.#QNAN 1.#QNAN 1.#QNAN 1.#QNAN 1.#QNAN 1.#QNAN 1.#QNAN 1.#QNAN 268 267 266 266 267 266 266 266 266
270 269 270 271 271 271 271 271 272 272 271 271 272 272 272 272 272 272 272 272 272 273 274 1.#QNAN 274 274 274 1.#QNAN 1.#QNAN 1.#QNAN 1.#QNAN 1.#QNAN 1.#QNAN 1.#QNAN 1.#QNAN 1.#QNAN 1.#QNAN 1.#QNAN 1.#QNAN 1.#QNAN 1.#QNAN 1.#QNAN 1.#QNAN 1.#QNAN 1.#QNAN 1.#QNAN 1.#QNAN 1.#QNAN 1.#QNAN 1.#QNAN 1.#QNAN 1.#QNAN 1.#QNAN 1.#QNAN 1.#QNAN 1.#QNAN 1.#QNAN 1.#QNAN 1.#QNAN 1.#QNAN 270 270 270 269 270 270 1.#QNAN 1.#QNAN 269 269 269 1.#QNAN 1.#QNAN 1.#QNAN 1.#QNAN 268 267 267 266 266 266 266 266 265
270 270 270 270 271 270 271 271 271 271 271 271 271 272 271 270 271 272 272 272 272 273 274 273 273 273 273 273 273 273 273 1.#QNAN 1.#QNAN 1.#QNAN 1.#QNAN 1.#QNAN 1.#QNAN 1.#QNAN 1.#QNAN 1.#QNAN 1.#QNAN 1.#QNAN 1.#QNAN 1.#QNAN 1.#QNAN 1.#QNAN 1.#QNAN 1.#QNAN 1.#QNAN 1.#QNAN 1.#QNAN 1.#QNAN 1.#QNAN 1.#QNAN 1.#QNAN 1.#QNAN 1.#QNAN 1.#QNAN 1.#QNAN 270 269 269 269 268 268 269 269 268 268 268 268 1.#QNAN 1.#QNAN 1.#QNAN 1.#QNAN 268 267 267 265 266 266 266 266 265
271 271 271 271 270 271 271 270 270 270 271 271 271 271 270 270 270 272 272 272 272 272 273 273 273 273 273 273 273 273 272 272 272 272 1.#QNAN 1.#QNAN 1.#QNAN 1.#QNAN 1.#QNAN 1.#QNAN 1.#QNAN 1.#QNAN 1.#QNAN 1.#QNAN 1.#QNAN 1.#QNAN 1.#QNAN 1.#QNAN 1.#QNAN 1.#QNAN 1.#QNAN 1.#QNAN 1.#QNAN 1.#QNAN 1.#QNAN 1.#QNAN 1.#QNAN 1.#QNAN 270 269 268 268 268 267 267 267 267 268 267 268 268 268 268 1.#QNAN 267 267 267 267 265 265 265 266 265 265
270 270 271 271 271 271 270 269 270 270 270 271 271 271 270 271 271 271 272 271 272 272 273 273 272 272 272 272 272 272 272 271 271 271 271 271 272 272 272 272 271 271 271 271 271 1.#QNAN 1.#QNAN 1.#QNAN 1.#QNAN 1.#QNAN 1.#QNAN 1.#QNAN 1.#QNAN 1.#QNAN 1.#QNAN 1.#QNAN 1.#QNAN 270 269 269 268 268 268 267 267 267 267 267 267 267 268 267 267 267 267 267 266 266 266 265 265 265 265 265
269 270 270 269 270 270 270 269 268 269 270 271 271 271 271 271 271 272 272 272 272 272 272 272 272 272 272 272 272 272 272 271 271 271 271 271 271 271 271 271 271 271 271 271 271 1.#QNAN 1.#QNAN 1.#QNAN 1.#QNAN 1.#QNAN 1.#QNAN 1.#QNAN 1.#QNAN 1.#QNAN 1.#QNAN 1.#QNAN 1.#QNAN 270 269 268 268 268 268 267 267 267 266 267 267 267 267 267 267 267 267 266 266 266 266 265 265 265 265 264
269 269 268 269 270 270 269 268 268 269 270 271 271 271 271 271 272 271 272 272 272 272 272 272 272 271 271 271 271 272 271 271 271 271 270 270 270 271 270 270 270 271 271 1.#QNAN 1.#QNAN 271 270 1.#QNAN 1.#QNAN 1.#QNAN 1.#QNAN 1.#QNAN 1.#QNAN 1.#QNAN 1.#QNAN 270 269 269 268 268 268 267 267 267 267 267 267 266 266 267 267 267 267 266 266 265 266 266 265 265 265 265 265 264
269 268 268 268 269 269 269 268 269 271 271 272 271 272 271 271 271 271 272 272 272 271 271 272 271 271 271 271 271 271 271 271 271 270 270 270 270 270 270 270 270 270 270 271 270 270 270 1.#QNAN 1.#QNAN 1.#QNAN 1.#QNAN 270 270 269 270 269 269 269 269 268 268 267 267 267 266 266 265 266 266 266 266 267 266 265 265 265 266 265 265 265 265 265 265 265
269 268 268 268 267 269 269 269 271 271 271 271 271 272 272 272 271 272 272 272 271 271 271 271 270 270 270 271 271 271 271 270 270 270 270 270 270 270 269 269 269 269 270 270 270 270 270 270 270 270 1.#QNAN 269 269 269 269 269 268 268 268 268 267 267 267 267 266 266 266 265 266 264 264 266 266 265 264 265 265 265 265 264 265 265 264 264
268 268 267 269 270 270 270 270 270 271 271 271 272 271 271 271 271 271 271 271 271 271 271 270 270 271 271 271 271 271 270 270 270 270 270 270 270 269 269 269 269 269 270 270 270 270 270 270 270 270 270 269 269 269 269 269 268 267 268 268 267 267 266 266 266 266 266 266 266 263 263 266 266 265 264 265 264 264 264 264 264 265 264 264
269 269 269 270 270 270 269 271 271 271 271 271 270 269 270 270 270 271 271 271 271 271 271 271 271 271 270 270 270 270 270 270 270 270 270 270 269 268 268 268 269 269 270 270 270 270 269 269 269 269 269 269 269 269 269 269 268 267 268 267 267 266 265 264 262 265 265 266 266 265 264 265 265 264 264 265 264 264 263 264 264 264 264 264
269 270 270 271 271 271 271 271 271 271 271 270 269 263 265 269 270 270 271 270 270 269 270 270 271 271 270 269 269 270 270 270 270 270 270 270 269 268 268 269 269 269 269 269 269 269 269 269 269 269 269 268 269 269 269 269 268 268 267 267 265 263 261 258 261 261 259 264 265 263 264 266 266 265 265 263 263 263 262 262 264 264 264 264
270 270 271 271 271 271 271 271 270 270 269 269 267 261 264 266 270 270 270 270 269 270 270 270 270 271 270 269 270 270 270 269 269 269 269 269 269 268 268 268 268 269 269 269 269 269 269 269 269 269 268 268 269 268 269 269 268 268 268 267 265 265 264 263 260 257 261 264 265 265 265 265 266 265 265 264 262 262 261 260 261 263 262 263
270 270 270 271 271 271 270 270 270 269 268 267 268 268 269 269 270 269 269 270 270 269 270 270 271 270 270 270 270 270 270 270 270 269 269 268 269 268 267 266 268 269 269 269 269 269 268 268 268 268 268 268 268 268 269 268 268 268 267 267 265 265 265 265 263 262 261 261 262 264 263 263 264 265 264 263 260 260 259 259 260 262 261 261
270 270 270 270 269 269 270 270 270 270 268 268 269 269 270 270 270 268 267 269 268 268 269 270 270 270 270 270 270 270 270 269 269 269 269 269 268 267 267 267 268 268 269 268 269 268 268 268 268 268 268 268 268 268 268 268 268 268 267 267 266 265 265 266 264 263 257 255 258 262 262 264 264 264 263 261 260 259 259 260 260 260 260 260
270 270 270 268 270 270 270 270 270 269 268 268 268 269 269 269 269 269 269 269 269 270 270 270 270 270 269 270 269 269 269 267 268 268 268 268 268 268 266 268 268 269 269 268 268 268 268 268 268 268 268 268 268 268 268 268 267 268 267 267 267 266 265 265 264 262 258 257 260 262 262 263 263 262 262 262 262 261 261 261 261 260 260 261
270 269 267 269 270 270 270 270 269 269 269 268 266 268 266 268 268 269 270 270 270 270 270 270 270 270 269 269 269 269 268 266 268 268 267 267 267 267 266 267 268 268 268 268 268 268 268 268 267 268 268 268 268 268 268 268 267 267 267 267 267 266 266 266 265 264 263 263 262 263 263 263 263 263 263 263 263 263 262 262 262 261 261 261
269 268 269 269 270 270 270 268 265 266 268 266 267 267 267 268 269 269 269 269 268 268 269 269 269 270 269 269 269 269 267 266 266 267 267 267 267 268 268 268 268 268 268 268 267 267 267 267 266 267 268 268 268 267 267 268 268 268 267 267 267 266 266 266 266 265 265 264 263 263 262 262 263 263 263 264 263 263 263 263 264 264 261 261
268 269 269 269 270 269 268 264 264 264 266 264 264 267 269 268 268 267 266 268 268 265 268 269 269 269 269 269 269 269 268 266 264 266 266 267 267 266 267 268 268 268 268 268 267 265 266 267 267 267 267 267 267 267 266 267 268 267 267 267 267 267 267 266 266 266 265 263 264 264 263 263 263 264 264 264 263 263 264 263 264 264 263 263
268 268 270 270 269 268 265 262 261 261 264 266 268 268 269 267 268 265 266 264 264 262 262 267 268 268 268 268 268 269 268 266 264 265 265 267 265 263 262 265 268 268 268 268 267 266 266 266 265 265 266 266 266 266 266 265 267 267 267 267 267 267 267 266 266 266 265 264 265 264 264 264 264 264 264 264 264 264 264 264 264 262 263 262
268 270 269 269 269 268 267 266 264 265 266 266 267 268 268 267 268 265 264 261 262 264 265 264 266 268 268 268 268 268 268 267 266 264 265 265 263 259 257 261 267 268 268 268 268 267 267 266 266 265 265 266 266 265 265 265 266 267 267 267 267 267 266 266 266 266 266 265 265 265 265 264 264 265 265 264 264 264 264 264 263 262 264 263
270 270 269 268 266 266 264 264 262 261 259 258 263 266 266 265 265 261 261 258 257 262 263 264 264 266 267 268 268 268 268 264 266 265 264 263 264 263 262 264 267 267 267 267 266 266 265 266 267 266 266 265 264 264 265 265 265 265 266 267 266 266 266 266 266 266 266 265 265 265 265 264 265 265 265 265 265 265 264 264 264 264 264 264
268 268 269 268 263 264 260 259 260 257 259 260 259 263 262 262 263 260 257 256 258 264 264 265 266 267 267 268 268 268 267 263 266 266 265 263 265 265 266 267 267 265 265 267 267 264 263 264 266 267 267 267 266 265 265 265 266 266 266 267 266 267 266 266 266 266 265 265 265 265 264 264 265 265 265 264 264 265 264 264 264 265 264 264
265 267 268 266 261 261 259 259 253 252 258 261 260 261 260 260 263 259 260 261 261 264 266 266 267 267 267 267 268 268 268 267 267 266 265 264 266 266 264 266 266 265 266 267 267 267 264 264 265 265 266 267 267 267 266 266 266 266 267 267 266 266 266 266 266 265 265 265 264 264 264 264 264 264 264 264 265 264 265 264 264 264 265 264
260 265 266 265 263 265 264 262 256 253 258 261 262 262 262 263 261 258 260 261 264 265 266 266 266 267 267 267 268 268 267 267 267 266 261 262 264 265 261 260 264 265 265 266 266 267 267 266 266 266 265 265 267 267 266 266 266 267 267 267 266 266 266 266 266 265 265 264 264 264 264 264 264 264 264 265 264 264 265 265 264 264 265 265
263 265 264 265 265 262 263 258 253 253 257 261 260 256 256 258 257 258 255 258 258 261 264 263 265 266 267 268 267 267 267 267 267 267 264 261 263 266 264 260 258 261 262 262 266 267 267 267 267 267 267 267 266 266 267 267 267 267 267 267 266 266 266 266 265 265 264 264 263 263 263 264 264 264 264 264 264 264 264 264 265 265 265 265
263 262 258 263 262 260 262 258 248 244 256 260 256 250 248 250 252 257 255 258 261 262 263 262 262 263 265 267 267 268 268 268 268 267 264 259 264 266 263 259 260 262 263 264 266 267 267 267 268 268 267 267 266 267 267 267 267 266 266 266 266 266 266 266 265 265 264 264 263 263 263 263 264 264 264 263 264 263 264 264 264 264 265 264
256 256 254 261 259 261 263 255 246 252 259 257 252 245 243 246 253 253 254 260 262 263 264 262 264 265 265 266 266 266 267 268 268 268 267 265 264 267 264 261 261 263 264 266 267 267 268 268 267 267 267 266 266 267 267 267 266 266 266 264 265 266 265 265 265 265 265 264 264 263 263 263 263 263 263 263 263 263 263 263 264 264 264 264
251 253 258 259 256 261 259 250 248 252 258 256 250 246 246 250 252 250 254 259 260 263 263 262 263 263 264 265 265 267 267 268 268 268 268 267 267 267 267 267 266 266 266 266 267 267 268 268 267 267 267 266 265 266 267 267 266 266 266 264 264 266 266 265 265 264 264 264 263 263 264 263 263 263 263 263 263 263 263 264 264 264 264 264
249 257 259 257 253 258 254 250 249 254 255 252 249 246 247 251 252 249 253 259 261 263 262 262 263 262 264 266 266 267 265 268 268 268 268 268 268 267 267 267 267 267 268 267 267 268 268 267 267 267 267 267 266 265 266 266 265 265 265 264 265 266 265 265 265 264 264 264 263 264 264 264 263 263 263 263 263 263 263 264 264 264 264 264
256 261 255 256 252 256 258 256 255 257 256 250 245 248 253 256 255 255 254 258 259 261 260 263 264 263 265 266 267 267 267 267 268 268 268 268 268 268 268 267 267 268 268 267 267 268 268 267 267 267 267 267 267 264 264 265 265 265 266 266 265 266 265 265 264 264 263 264 263 263 264 264 264 263 263 263 264 264 264 264 264 264 264 264
261 259 253 258 250 255 259 256 257 258 257 252 244 249 252 257 259 259 258 259 261 262 258 262 265 265 265 266 266 268 268 268 268 268 268 269 268 268 268 267 267 268 268 268 268 268 267 266 267 267 267 267 267 265 263 264 265 265 265 266 265 265 265 265 264 263 262 263 263 264 264 264 264 264 264 264 264 264 264 263 263 263 264 264
257 255 256 259 253 254 258 256 256 259 258 254 248 253 254 257 259 260 261 262 262 261 260 261 265 266 266 266 267 267 268 268 268 268 269 269 268 269 268 268 268 268 268 267 266 266 267 267 266 267 266 267 267 266 264 264 264 265 265 266 265 265 265 264 264 262 262 263 263 264 264 264 264 264 264 264 264 264 261 263 263 264 264 263
254 256 261 260 256 257 255 257 257 259 257 255 254 256 256 259 260 259 258 259 260 259 261 262 263 264 263 266 267 268 268 268 268 268 268 268 268 268 268 268 268 268 267 266 266 265 265 266 265 266 266 266 266 266 265 264 264 265 265 265 265 265 264 263 263 263 263 263 263 264 264 264 264 264 265 263 263 263 262 263 263 263 264 264
