08 Ecocrop/raster/current/tmean_1.asc
ncols        683
nrows        518
xllcorner    -87.691666666667
yllcorner    10.708333333333
cellsize     0.008333333333
NODATA_value  1.#QNAN
[rows 222 to 258 of 518, columns 168 to 251 of 683]
183 181 179 176 177 179 181 182 187 195 201 198 202 206 208 207 202 197 195 196 196 188 183 182 189 190 190 191 186 184 185 188 191 192 191 191 191 192 192 192 191 192 192 191 190 189 188 187 185 185 184 182 186 189 195 200 195 185 183 180 182 181 179 187 195 199 196 197 200 205 204 213 221 220 212 203 203 205 210 212 214 216 217 216
186 187 184 180 179 180 185 189 192 195 203 200 200 203 209 207 202 198 197 203 202 196 192 187 188 186 188 193 190 189 191 190 192 193 193 192 192 192 192 191 189 191 191 191 185 182 181 179 178 178 177 175 179 188 193 200 195 185 180 179 192 188 186 188 194 198 199 199 201 208 209 213 222 221 215 209 205 207 205 212 218 216 217 218
189 190 183 182 183 183 185 189 191 195 198 204 203 206 210 207 202 203 204 206 203 201 197 196 190 189 191 194 194 192 194 194 194 194 192 192 192 192 192 190 186 189 190 190 187 183 176 169 166 167 166 168 174 187 192 197 201 196 187 192 202 195 188 188 192 200 203 203 206 209 214 215 220 222 217 210 204 204 209 212 217 216 214 217
188 194 191 190 185 180 181 187 191 195 200 204 204 208 209 206 205 211 210 210 207 206 202 202 194 187 188 192 195 195 195 195 194 193 192 192 192 192 192 188 181 184 188 190 188 185 180 177 173 167 163 162 175 185 192 196 200 203 194 201 208 202 193 189 193 202 205 206 211 212 217 218 223 224 220 214 207 197 204 213 219 223 218 216
188 193 195 195 190 180 181 185 191 196 201 206 202 210 206 203 209 215 215 212 209 210 208 206 197 184 183 189 192 195 195 195 194 192 192 192 192 192 191 182 177 179 184 188 188 181 175 168 168 170 168 163 168 181 189 196 201 205 203 208 212 210 204 196 197 206 205 208 213 217 219 222 223 224 222 217 208 196 194 206 216 220 225 225
195 196 198 197 198 191 193 191 195 200 206 205 204 207 207 202 210 216 216 214 211 212 211 204 196 187 185 188 191 195 194 194 191 191 189 190 188 191 186 174 172 176 180 186 185 184 175 168 164 161 164 164 174 183 188 198 203 205 202 206 213 215 213 205 203 211 210 210 212 217 222 225 225 225 221 217 209 203 196 200 210 219 221 219
194 192 192 188 197 201 202 203 202 204 209 209 204 209 209 204 211 216 213 210 215 215 212 209 202 194 193 191 192 195 194 193 188 188 188 187 181 188 180 166 171 171 179 181 179 184 176 171 165 158 160 169 181 183 188 198 201 202 200 202 207 212 215 212 212 215 212 210 210 215 220 222 226 224 223 218 212 210 203 195 206 212 210 217
190 180 180 183 186 190 194 201 201 202 203 209 209 211 212 212 214 215 210 206 211 214 215 211 204 203 200 200 199 198 193 191 183 183 187 177 179 182 167 167 166 172 176 177 179 184 181 173 168 164 164 163 176 184 189 193 197 197 197 199 204 207 211 214 218 216 212 215 211 210 222 223 225 225 227 221 221 219 211 199 209 220 216 220
187 179 178 183 190 195 198 194 195 196 199 201 204 203 205 209 211 210 207 208 212 212 214 217 214 211 207 209 210 205 197 191 185 179 190 187 176 174 160 165 166 171 172 173 179 178 183 178 174 169 167 163 164 168 175 185 191 193 199 203 206 208 214 218 221 218 214 216 210 210 215 225 226 224 226 219 224 223 215 203 208 221 226 225
180 183 183 184 187 190 190 189 193 198 201 204 203 204 203 204 204 201 204 208 207 205 211 214 217 217 214 213 208 201 193 189 181 180 191 188 174 167 162 165 169 168 167 174 172 173 181 177 174 173 171 168 169 168 172 174 184 189 200 206 210 213 213 217 223 220 218 212 213 212 216 225 229 224 228 220 224 220 213 210 204 211 225 229
191 196 192 190 193 189 182 182 189 195 201 209 209 211 209 207 205 199 200 202 202 202 203 207 215 217 214 207 204 198 194 190 182 180 190 189 179 168 162 166 165 164 170 170 169 172 175 181 179 176 175 173 173 174 173 175 186 193 198 206 212 216 218 220 224 220 219 215 216 219 219 228 230 230 229 229 225 221 221 218 205 205 213 226
200 205 204 203 206 197 180 182 190 195 203 206 212 215 216 213 206 201 202 202 203 203 203 207 213 212 220 209 198 197 193 184 177 176 188 188 178 162 155 162 162 163 166 164 170 176 178 181 179 178 173 171 172 174 173 176 189 199 202 203 212 213 218 222 225 224 221 220 217 222 224 229 228 227 226 229 229 226 225 217 210 214 214 223
208 209 211 214 212 200 195 191 202 197 192 202 206 210 219 217 206 202 202 202 203 205 213 210 215 219 221 214 206 206 200 192 179 173 186 187 178 159 158 162 159 160 162 163 171 175 177 181 179 180 177 174 173 174 174 174 186 198 205 209 212 217 219 222 225 226 227 226 225 226 226 219 225 218 216 227 230 229 225 222 221 222 226 228
203 200 206 213 215 206 208 205 209 204 194 199 202 208 216 218 205 204 202 203 204 206 215 222 221 219 221 216 214 208 203 193 180 177 186 185 178 164 159 158 161 160 160 164 171 174 170 177 174 175 171 170 174 171 177 179 183 194 205 208 212 216 219 222 226 228 225 221 223 223 224 219 220 215 214 221 226 230 230 230 230 229 228 223
202 198 200 208 215 217 214 217 208 201 204 206 206 211 222 217 208 213 206 207 214 218 214 224 225 223 222 219 217 212 207 199 187 181 181 182 171 163 157 158 160 160 163 166 170 170 169 174 173 174 167 167 170 169 180 186 188 195 204 214 217 216 219 226 228 228 221 221 222 219 220 222 219 216 214 223 224 226 226 228 227 226 221 218
191 193 199 204 211 214 220 220 207 209 215 220 218 221 225 221 220 218 215 217 222 224 224 227 227 225 222 215 216 213 211 205 201 194 185 175 164 161 159 157 159 159 162 164 163 167 167 171 173 172 166 165 166 173 185 195 197 195 201 210 217 223 227 227 222 227 221 213 211 207 213 222 221 218 216 221 221 214 217 222 221 224 216 220
184 193 198 201 206 213 218 222 217 209 221 224 224 227 227 225 226 225 223 223 227 226 226 227 226 225 223 218 212 204 201 206 203 200 192 177 166 173 172 167 159 156 160 162 164 168 168 170 171 166 166 168 170 174 182 194 204 199 204 204 210 221 225 220 216 224 223 216 207 201 205 218 219 216 215 214 217 213 214 214 218 224 216 213
184 194 201 207 204 207 213 218 223 216 225 228 229 229 230 231 230 229 227 227 224 222 224 224 218 216 221 219 216 208 198 195 200 193 193 186 182 187 186 184 174 167 164 161 164 167 169 170 170 168 175 182 182 184 185 191 203 207 205 214 216 223 217 212 211 215 223 214 204 197 199 212 211 211 206 208 212 213 214 216 221 218 214 209
187 197 204 213 211 210 215 220 225 223 229 229 228 227 226 223 225 230 230 230 228 228 227 224 216 210 220 220 216 208 197 189 191 184 191 195 196 196 191 188 189 184 180 172 163 164 164 168 170 179 185 190 189 188 189 196 206 213 206 213 221 220 213 209 214 219 218 209 204 195 198 203 197 202 194 197 206 213 217 219 218 214 216 214
199 206 210 214 212 215 223 227 227 227 227 229 227 226 220 215 220 230 232 231 227 228 229 226 220 212 219 219 213 209 199 188 187 189 191 193 198 195 183 185 194 192 186 176 162 159 161 164 174 187 195 195 194 196 194 199 207 216 213 217 221 216 212 206 211 217 212 202 200 196 195 198 190 187 184 188 199 211 215 212 213 217 217 216
208 209 215 217 217 216 222 227 225 221 223 228 229 225 215 211 219 228 233 232 229 228 230 229 224 217 218 218 215 211 203 196 191 195 198 200 202 199 194 196 197 192 187 179 165 163 165 164 170 187 197 203 203 204 203 205 211 218 219 221 220 219 213 207 205 212 207 203 199 192 188 185 183 182 183 189 197 203 211 211 211 215 218 218
200 206 210 210 218 222 224 223 226 221 222 226 228 226 219 215 219 229 234 232 232 229 231 231 228 225 223 218 208 202 198 198 191 194 201 199 202 205 203 201 197 190 185 179 173 177 177 174 179 192 199 204 206 207 207 209 215 217 213 213 214 217 215 209 204 206 207 202 199 194 189 184 185 185 185 194 204 207 210 213 215 216 216 216
193 196 202 207 213 212 222 226 219 212 218 224 227 226 222 221 218 222 230 229 229 232 231 230 229 228 223 213 207 195 199 202 195 192 193 189 198 207 202 195 191 185 179 170 177 186 186 180 177 185 194 199 204 205 208 209 210 213 208 207 211 216 215 210 204 201 200 205 202 195 188 188 185 185 186 191 200 205 210 211 213 212 211 213
194 191 199 205 204 207 218 221 206 208 215 222 226 225 224 221 217 221 226 228 228 230 229 226 227 225 215 209 204 203 204 206 199 198 188 193 198 203 208 201 197 190 185 181 185 194 192 184 180 179 182 190 196 204 205 203 204 206 207 205 207 207 208 204 203 199 199 203 199 192 189 189 186 187 185 186 194 199 205 204 206 206 202 207
199 197 204 212 210 213 222 216 202 206 210 221 227 226 226 222 218 223 225 229 229 232 230 224 222 221 210 201 205 210 210 203 203 207 198 184 186 203 211 209 202 195 191 193 192 197 197 188 191 192 188 186 192 204 203 202 202 205 203 205 204 201 200 201 196 193 194 199 197 190 190 190 188 190 190 188 187 190 195 195 195 197 197 204
208 209 214 214 217 219 217 221 217 208 206 219 228 231 231 227 226 228 226 232 231 234 232 228 226 226 218 207 209 214 213 211 210 214 208 197 194 202 212 213 207 201 199 200 199 201 200 189 190 200 198 192 194 199 199 196 200 199 197 203 201 197 192 192 190 187 190 188 185 186 188 191 192 191 194 191 191 196 197 193 188 193 197 211
212 210 203 195 204 206 204 218 223 213 203 219 228 231 231 235 234 227 227 233 235 233 228 228 231 232 224 217 216 216 216 214 214 216 215 209 201 205 215 218 213 208 204 206 203 207 202 196 197 202 203 199 191 190 190 190 194 193 194 200 196 193 189 188 191 194 192 191 185 182 186 189 190 192 196 198 203 206 207 202 198 199 205 213
203 198 190 190 195 195 197 206 223 225 215 224 232 234 232 236 229 224 226 235 235 231 228 232 234 234 227 221 218 216 217 213 211 215 219 212 213 214 216 219 216 205 203 209 206 209 205 203 200 205 205 203 197 196 199 199 200 193 191 198 192 190 187 186 188 192 200 200 195 194 191 192 189 188 190 191 200 207 212 211 207 206 206 211
193 190 188 190 192 199 205 210 226 233 233 232 236 236 232 237 231 225 235 236 230 226 228 233 235 235 231 223 218 220 218 215 212 216 220 210 215 219 218 220 215 210 204 209 211 211 208 207 205 206 205 204 202 205 209 206 207 199 195 192 189 186 183 181 181 190 201 206 204 199 196 196 191 187 190 192 196 198 211 216 212 213 214 210
183 182 186 190 198 209 215 224 229 232 236 237 238 238 234 238 235 227 234 237 234 229 230 235 235 235 231 224 222 216 217 217 216 216 221 217 219 220 220 221 217 212 204 207 212 210 205 204 203 202 201 207 209 212 212 212 206 198 194 188 185 185 180 179 186 194 203 205 207 195 197 200 194 193 195 196 194 197 211 219 218 220 221 217
188 186 187 192 199 196 198 210 224 231 236 237 238 238 237 240 237 229 237 237 235 229 233 237 236 237 232 222 227 217 215 222 221 220 222 224 223 222 221 220 214 210 211 214 212 206 201 197 195 196 197 203 203 213 215 215 212 208 205 192 193 193 184 185 194 199 204 209 206 199 203 203 201 201 199 204 206 196 208 222 225 224 226 219
191 191 191 193 193 194 197 205 215 225 236 238 239 240 240 239 234 234 238 237 237 237 238 238 238 237 234 228 229 222 214 225 226 220 216 224 224 220 220 218 216 216 214 211 206 198 194 187 183 183 189 197 207 216 215 217 215 211 202 200 202 198 193 191 200 204 207 209 212 204 207 208 210 205 206 210 214 200 212 226 229 228 229 223
197 194 194 193 197 199 204 213 223 230 236 238 239 240 240 240 238 238 238 237 237 238 238 237 237 237 234 231 229 225 221 226 225 222 219 224 223 220 219 218 218 216 213 209 202 191 186 179 174 182 192 206 213 217 219 217 217 212 201 208 208 202 199 201 204 206 207 210 213 213 213 211 212 209 210 217 219 214 219 228 231 231 231 229
206 208 209 203 201 202 207 218 227 231 236 238 239 240 240 240 239 239 238 237 237 237 237 237 237 236 232 230 227 221 223 225 225 225 224 224 219 215 216 217 213 212 212 207 199 189 183 177 175 190 203 212 217 219 219 217 218 211 206 210 211 212 207 209 207 206 212 213 213 219 218 215 219 213 212 214 222 221 225 230 232 233 232 231
206 206 211 217 213 207 207 216 226 230 236 239 239 240 240 239 239 238 238 237 237 237 237 237 237 235 231 229 226 224 227 227 225 224 224 220 215 210 212 209 208 206 205 201 197 188 178 178 183 193 206 215 217 219 220 220 215 211 209 211 210 216 214 215 209 206 211 217 219 221 224 221 221 222 221 217 221 226 228 231 233 234 233 231
211 213 210 217 221 221 217 221 227 234 238 239 239 240 240 239 239 238 238 237 237 237 237 237 237 233 230 228 223 225 226 221 221 220 219 214 211 207 211 207 201 198 198 193 189 189 190 189 193 191 206 214 217 218 220 221 220 218 220 220 219 217 219 219 215 211 209 212 216 219 222 225 222 221 226 222 222 226 230 231 232 234 234 229
209 212 216 218 223 226 224 224 230 232 238 239 239 239 240 239 239 238 238 237 237 237 237 237 235 232 228 225 218 223 225 219 216 218 217 219 216 214 210 211 207 206 203 196 195 196 192 191 205 207 212 215 215 215 221 223 222 222 224 223 222 217 217 221 221 221 216 212 213 214 218 224 231 224 224 226 223 224 226 231 233 234 235 230
