08 Ecocrop/raster/current/tmean_5.asc
ncols        683
nrows        518
xllcorner    -87.691666666667
yllcorner    10.708333333333
cellsize     0.008333333333
NODATA_value  1.#QNAN
[rows 185 to 221 of 518, columns 84 to 167 of 683]
1.#QNAN 1.#QNAN 1.#QNAN 1.#QNAN 1.#QNAN 1.#QNAN 1.#QNAN 1.#QNAN 1.#QNAN 1.#QNAN 1.#QNAN 1.#QNAN 1.#QNAN 1.#QNAN 1.#QNAN 1.#QNAN 1.#QNAN 1.#QNAN 1.#QNAN 1.#QNAN 1.#QNAN 1.#QNAN 1.#QNAN 1.#QNAN 1.#QNAN 1.#QNAN 1.#QNAN 1.#QNAN 1.#QNAN 1.#QNAN 235 238 241 242 241 240 248 244 242 249 248 246 243 244 247 247 245 246 245 245 242 236 235 236 241 245 246 243 245 249 250 249 246 250 250 250 251 253 253 254 254 253 252 249 248 249 251 253 252 254 256 257 254 248
1.#QNAN 1.#QNAN 1.#QNAN 1.#QNAN 1.#QNAN 1.#QNAN 1.#QNAN 1.#QNAN 1.#QNAN 1.#QNAN 1.#QNAN 1.#QNAN 1.#QNAN 1.#QNAN 1.#QNAN 1.#QNAN 1.#QNAN 1.#QNAN 1.#QNAN 1.#QNAN 1.#QNAN 1.#QNAN 1.#QNAN 1.#QNAN 1.#QNAN 1.#QNAN 1.#QNAN 1.#QNAN 1.#QNAN 1.#QNAN 240 242 243 242 237 239 249 250 250 251 251 249 249 249 249 247 246 244 242 243 241 233 233 237 242 243 241 243 243 246 248 251 250 248 250 252 253 253 254 255 255 255 253 251 250 251 252 254 255 257 253 251 247 240
1.#QNAN 1.#QNAN 1.#QNAN 1.#QNAN 1.#QNAN 1.#QNAN 1.#QNAN 1.#QNAN 1.#QNAN 1.#QNAN 1.#QNAN 1.#QNAN 1.#QNAN 1.#QNAN 1.#QNAN 1.#QNAN 1.#QNAN 1.#QNAN 1.#QNAN 1.#QNAN 1.#QNAN 1.#QNAN 1.#QNAN 1.#QNAN 1.#QNAN 1.#QNAN 1.#QNAN 1.#QNAN 1.#QNAN 1.#QNAN 1.#QNAN 244 245 240 241 244 249 245 250 250 250 248 247 249 248 247 246 244 242 241 240 236 233 239 235 238 239 244 246 247 248 248 248 249 250 250 252 254 254 256 255 256 254 251 250 251 253 255 256 254 248 238 233 230
1.#QNAN 1.#QNAN 1.#QNAN 1.#QNAN 1.#QNAN 1.#QNAN 1.#QNAN 1.#QNAN 1.#QNAN 1.#QNAN 1.#QNAN 1.#QNAN 1.#QNAN 1.#QNAN 1.#QNAN 1.#QNAN 1.#QNAN 1.#QNAN 1.#QNAN 1.#QNAN 1.#QNAN 1.#QNAN 1.#QNAN 1.#QNAN 1.#QNAN 1.#QNAN 1.#QNAN 1.#QNAN 1.#QNAN 1.#QNAN 1.#QNAN 239 242 243 244 242 247 245 249 247 248 249 246 247 247 245 245 243 239 236 237 237 236 232 234 239 241 244 243 245 247 247 247 249 251 252 253 254 255 255 256 256 256 256 255 256 254 256 256 252 245 231 223 231
1.#QNAN 1.#QNAN 1.#QNAN 1.#QNAN 1.#QNAN 1.#QNAN 1.#QNAN 1.#QNAN 1.#QNAN 1.#QNAN 1.#QNAN 1.#QNAN 1.#QNAN 1.#QNAN 1.#QNAN 1.#QNAN 1.#QNAN 1.#QNAN 1.#QNAN 1.#QNAN 1.#QNAN 1.#QNAN 1.#QNAN 1.#QNAN 1.#QNAN 1.#QNAN 1.#QNAN 1.#QNAN 1.#QNAN 1.#QNAN 1.#QNAN 231 234 240 239 244 244 245 243 247 248 248 247 246 244 244 243 241 238 235 233 233 232 228 231 235 239 242 244 244 247 248 250 250 251 250 252 253 255 255 256 256 257 255 255 253 254 254 253 252 245 228 228 232
1.#QNAN 1.#QNAN 1.#QNAN 1.#QNAN 1.#QNAN 1.#QNAN 1.#QNAN 1.#QNAN 1.#QNAN 1.#QNAN 1.#QNAN 1.#QNAN 1.#QNAN 1.#QNAN 1.#QNAN 1.#QNAN 1.#QNAN 1.#QNAN 1.#QNAN 1.#QNAN 1.#QNAN 1.#QNAN 1.#QNAN 1.#QNAN 1.#QNAN 1.#QNAN 1.#QNAN 1.#QNAN 1.#QNAN 1.#QNAN 1.#QNAN 1.#QNAN 229 237 243 244 238 238 243 245 246 247 245 245 244 243 242 239 235 229 225 226 226 222 228 231 234 236 240 241 245 247 246 246 246 248 250 252 254 255 255 255 256 253 253 250 251 251 249 251 242 232 232 228
1.#QNAN 1.#QNAN 1.#QNAN 1.#QNAN 1.#QNAN 1.#QNAN 1.#QNAN 1.#QNAN 1.#QNAN 1.#QNAN 1.#QNAN 1.#QNAN 1.#QNAN 1.#QNAN 1.#QNAN 1.#QNAN 1.#QNAN 1.#QNAN 1.#QNAN 1.#QNAN 1.#QNAN 1.#QNAN 1.#QNAN 1.#QNAN 1.#QNAN 1.#QNAN 1.#QNAN 1.#QNAN 1.#QNAN 1.#QNAN 1.#QNAN 1.#QNAN 231 237 241 243 239 237 242 242 240 246 243 243 243 242 239 237 231 220 214 216 220 224 231 237 239 241 243 245 246 244 246 248 247 248 249 249 253 254 255 256 256 253 251 248 245 246 244 245 237 238 231 225
1.#QNAN 1.#QNAN 1.#QNAN 1.#QNAN 1.#QNAN 1.#QNAN 1.#QNAN 1.#QNAN 1.#QNAN 1.#QNAN 1.#QNAN 1.#QNAN 1.#QNAN 1.#QNAN 1.#QNAN 1.#QNAN 1.#QNAN 1.#QNAN 1.#QNAN 1.#QNAN 1.#QNAN 1.#QNAN 1.#QNAN 1.#QNAN 1.#QNAN 1.#QNAN 1.#QNAN 1.#QNAN 1.#QNAN 1.#QNAN 1.#QNAN 224 233 239 241 242 239 238 240 239 239 244 243 240 238 240 238 233 227 210 200 214 225 232 236 236 239 239 242 245 247 247 247 248 248 249 251 251 252 253 254 255 254 254 251 249 247 247 241 237 238 240 238 235
1.#QNAN 1.#QNAN 1.#QNAN 1.#QNAN 1.#QNAN 1.#QNAN 1.#QNAN 1.#QNAN 1.#QNAN 1.#QNAN 1.#QNAN 1.#QNAN 1.#QNAN 1.#QNAN 1.#QNAN 1.#QNAN 1.#QNAN 1.#QNAN 1.#QNAN 1.#QNAN 1.#QNAN 1.#QNAN 1.#QNAN 1.#QNAN 1.#QNAN 1.#QNAN 1.#QNAN 1.#QNAN 1.#QNAN 1.#QNAN 221 228 235 238 235 237 241 239 233 234 239 242 239 235 232 237 235 225 220 212 208 218 224 234 238 237 240 240 240 243 246 248 248 248 248 248 249 251 252 252 253 254 253 253 250 250 247 245 245 244 244 243 241 237
1.#QNAN 1.#QNAN 1.#QNAN 1.#QNAN 1.#QNAN 1.#QNAN 1.#QNAN 1.#QNAN 1.#QNAN 1.#QNAN 1.#QNAN 1.#QNAN 1.#QNAN 1.#QNAN 1.#QNAN 1.#QNAN 1.#QNAN 1.#QNAN 1.#QNAN 1.#QNAN 1.#QNAN 1.#QNAN 1.#QNAN 1.#QNAN 1.#QNAN 1.#QNAN 1.#QNAN 1.#QNAN 1.#QNAN 1.#QNAN 222 230 234 237 233 233 234 238 236 233 238 237 238 233 232 231 228 220 214 203 217 229 234 237 240 238 239 243 243 245 243 247 248 248 248 248 249 250 251 252 253 251 252 254 250 250 248 244 243 244 242 241 241 240
1.#QNAN 1.#QNAN 1.#QNAN 1.#QNAN 1.#QNAN 1.#QNAN 1.#QNAN 1.#QNAN 1.#QNAN 1.#QNAN 1.#QNAN 1.#QNAN 1.#QNAN 1.#QNAN 1.#QNAN 1.#QNAN 1.#QNAN 1.#QNAN 1.#QNAN 1.#QNAN 1.#QNAN 1.#QNAN 1.#QNAN 1.#QNAN 1.#QNAN 1.#QNAN 1.#QNAN 1.#QNAN 1.#QNAN 210 217 223 229 233 235 229 231 233 230 229 234 231 237 232 229 228 224 218 209 205 217 231 237 240 242 243 243 244 241 246 246 246 247 247 246 247 249 250 251 252 250 250 250 252 250 249 248 247 245 241 241 237 235 236
1.#QNAN 1.#QNAN 1.#QNAN 1.#QNAN 1.#QNAN 1.#QNAN 1.#QNAN 1.#QNAN 1.#QNAN 1.#QNAN 1.#QNAN 1.#QNAN 1.#QNAN 1.#QNAN 1.#QNAN 1.#QNAN 1.#QNAN 1.#QNAN 1.#QNAN 1.#QNAN 1.#QNAN 1.#QNAN 1.#QNAN 1.#QNAN 1.#QNAN 1.#QNAN 1.#QNAN 1.#QNAN 1.#QNAN 207 213 219 226 231 237 233 229 226 227 225 228 224 234 232 230 228 220 214 209 208 221 234 236 238 242 245 245 245 246 245 245 246 247 246 244 243 248 249 250 251 250 250 250 252 251 250 248 247 245 241 238 237 234 229
1.#QNAN 1.#QNAN 1.#QNAN 1.#QNAN 1.#QNAN 1.#QNAN 1.#QNAN 1.#QNAN 1.#QNAN 1.#QNAN 1.#QNAN 1.#QNAN 1.#QNAN 1.#QNAN 1.#QNAN 1.#QNAN 1.#QNAN 1.#QNAN 1.#QNAN 1.#QNAN 1.#QNAN 1.#QNAN 1.#QNAN 1.#QNAN 1.#QNAN 1.#QNAN 1.#QNAN 1.#QNAN 1.#QNAN 1.#QNAN 215 218 226 232 232 233 227 220 220 221 221 226 231 224 226 221 212 217 213 214 222 235 240 239 243 246 246 246 247 246 247 249 248 246 248 248 249 250 250 250 249 249 251 251 250 248 246 243 242 241 238 235 236 230
1.#QNAN 1.#QNAN 1.#QNAN 1.#QNAN 1.#QNAN 1.#QNAN 1.#QNAN 1.#QNAN 1.#QNAN 1.#QNAN 1.#QNAN 1.#QNAN 1.#QNAN 1.#QNAN 1.#QNAN 1.#QNAN 1.#QNAN 1.#QNAN 1.#QNAN 1.#QNAN 1.#QNAN 1.#QNAN 1.#QNAN 1.#QNAN 1.#QNAN 1.#QNAN 1.#QNAN 1.#QNAN 1.#QNAN 1.#QNAN 1.#QNAN 1.#QNAN 223 227 228 231 225 218 216 216 213 222 228 219 213 215 206 216 221 222 225 233 241 241 244 244 246 247 248 248 247 245 244 248 249 248 248 249 248 248 248 250 251 249 247 247 246 243 240 236 234 227 231 228
1.#QNAN 1.#QNAN 1.#QNAN 1.#QNAN 1.#QNAN 1.#QNAN 1.#QNAN 1.#QNAN 1.#QNAN 1.#QNAN 1.#QNAN 1.#QNAN 1.#QNAN 1.#QNAN 1.#QNAN 1.#QNAN 1.#QNAN 1.#QNAN 1.#QNAN 1.#QNAN 1.#QNAN 1.#QNAN 1.#QNAN 1.#QNAN 1.#QNAN 1.#QNAN 1.#QNAN 1.#QNAN 1.#QNAN 1.#QNAN 1.#QNAN 1.#QNAN 1.#QNAN 223 217 222 230 223 215 213 209 222 223 218 211 203 199 211 221 228 233 237 242 244 246 246 247 248 245 245 242 242 241 245 245 245 246 246 245 248 249 250 250 244 242 245 243 240 238 232 225 226 230 231
1.#QNAN 1.#QNAN 1.#QNAN 1.#QNAN 1.#QNAN 1.#QNAN 1.#QNAN 1.#QNAN 1.#QNAN 1.#QNAN 1.#QNAN 1.#QNAN 1.#QNAN 1.#QNAN 1.#QNAN 1.#QNAN 1.#QNAN 1.#QNAN 1.#QNAN 1.#QNAN 1.#QNAN 1.#QNAN 1.#QNAN 1.#QNAN 1.#QNAN 1.#QNAN 1.#QNAN 1.#QNAN 1.#QNAN 1.#QNAN 1.#QNAN 1.#QNAN 1.#QNAN 221 215 221 229 219 216 212 210 215 219 215 211 206 197 202 215 218 227 235 241 244 245 247 247 245 243 242 243 239 238 241 242 241 241 243 245 248 249 250 249 243 243 246 243 235 227 224 223 227 231 228
1.#QNAN 1.#QNAN 1.#QNAN 1.#QNAN 1.#QNAN 1.#QNAN 1.#QNAN 1.#QNAN 1.#QNAN 1.#QNAN 1.#QNAN 1.#QNAN 1.#QNAN 1.#QNAN 1.#QNAN 1.#QNAN 1.#QNAN 1.#QNAN 1.#QNAN 1.#QNAN 1.#QNAN 1.#QNAN 1.#QNAN 1.#QNAN 1.#QNAN 1.#QNAN 1.#QNAN 1.#QNAN 1.#QNAN 1.#QNAN 1.#QNAN 1.#QNAN 1.#QNAN 1.#QNAN 216 220 226 219 218 213 211 211 213 213 209 207 201 197 204 207 219 233 240 243 244 245 244 242 240 242 242 241 239 234 237 238 244 246 248 247 247 249 249 247 247 246 243 234 222 215 220 226 228 226
1.#QNAN 1.#QNAN 1.#QNAN 1.#QNAN 1.#QNAN 1.#QNAN 1.#QNAN 1.#QNAN 1.#QNAN 1.#QNAN 1.#QNAN 1.#QNAN 1.#QNAN 1.#QNAN 1.#QNAN 1.#QNAN 1.#QNAN 1.#QNAN 1.#QNAN 1.#QNAN 1.#QNAN 1.#QNAN 1.#QNAN 1.#QNAN 1.#QNAN 1.#QNAN 1.#QNAN 1.#QNAN 1.#QNAN 1.#QNAN 1.#QNAN 1.#QNAN 1.#QNAN 1.#QNAN 215 222 224 222 217 211 209 206 204 208 205 201 195 195 206 216 224 232 236 240 242 244 243 241 239 238 234 235 238 234 239 241 246 246 246 245 244 246 248 249 249 248 243 234 229 224 221 219 221 218
1.#QNAN 1.#QNAN 1.#QNAN 1.#QNAN 1.#QNAN 1.#QNAN 1.#QNAN 1.#QNAN 1.#QNAN 1.#QNAN 1.#QNAN 1.#QNAN 1.#QNAN 1.#QNAN 1.#QNAN 1.#QNAN 1.#QNAN 1.#QNAN 1.#QNAN 1.#QNAN 1.#QNAN 1.#QNAN 1.#QNAN 1.#QNAN 1.#QNAN 1.#QNAN 1.#QNAN 1.#QNAN 1.#QNAN 1.#QNAN 1.#QNAN 1.#QNAN 1.#QNAN 1.#QNAN 212 220 223 223 216 211 209 205 201 205 199 192 192 199 205 217 225 230 235 239 240 241 241 239 238 237 230 232 236 237 241 243 241 238 243 243 237 243 245 245 245 248 245 242 239 232 223 211 212 210
1.#QNAN 1.#QNAN 1.#QNAN 1.#QNAN 1.#QNAN 1.#QNAN 1.#QNAN 1.#QNAN 1.#QNAN 1.#QNAN 1.#QNAN 1.#QNAN 1.#QNAN 1.#QNAN 1.#QNAN 1.#QNAN 1.#QNAN 1.#QNAN 1.#QNAN 1.#QNAN 1.#QNAN 1.#QNAN 1.#QNAN 1.#QNAN 1.#QNAN 1.#QNAN 1.#QNAN 1.#QNAN 1.#QNAN 1.#QNAN 1.#QNAN 1.#QNAN 1.#QNAN 1.#QNAN 206 214 219 220 220 209 206 204 205 209 202 196 194 203 210 216 224 229 234 233 234 235 238 235 237 236 230 228 232 234 238 242 242 236 236 240 237 238 242 239 243 247 246 239 237 230 225 214 214 219
1.#QNAN 1.#QNAN 1.#QNAN 1.#QNAN 1.#QNAN 1.#QNAN 1.#QNAN 1.#QNAN 1.#QNAN 1.#QNAN 1.#QNAN 1.#QNAN 1.#QNAN 1.#QNAN 1.#QNAN 1.#QNAN 1.#QNAN 1.#QNAN 1.#QNAN 1.#QNAN 1.#QNAN 1.#QNAN 1.#QNAN 1.#QNAN 1.#QNAN 1.#QNAN 1.#QNAN 1.#QNAN 1.#QNAN 1.#QNAN 1.#QNAN 1.#QNAN 1.#QNAN 1.#QNAN 214 215 218 219 217 218 212 208 209 208 198 198 200 210 216 217 221 225 227 227 227 232 235 232 231 232 226 219 226 231 234 239 243 239 236 232 228 228 236 236 242 245 246 245 238 232 228 219 214 219
1.#QNAN 1.#QNAN 1.#QNAN 1.#QNAN 1.#QNAN 1.#QNAN 1.#QNAN 1.#QNAN 1.#QNAN 1.#QNAN 1.#QNAN 1.#QNAN 1.#QNAN 1.#QNAN 1.#QNAN 1.#QNAN 1.#QNAN 1.#QNAN 208 212 207 201 201 1.#QNAN 1.#QNAN 1.#QNAN 1.#QNAN 1.#QNAN 1.#QNAN 1.#QNAN 1.#QNAN 1.#QNAN 1.#QNAN 1.#QNAN 218 228 227 219 213 215 217 217 215 208 195 200 213 216 221 224 221 220 223 224 224 227 227 228 225 228 223 212 219 225 231 239 242 235 229 225 223 225 233 240 236 237 243 246 241 235 221 216 220 224
1.#QNAN 1.#QNAN 1.#QNAN 1.#QNAN 1.#QNAN 1.#QNAN 1.#QNAN 1.#QNAN 1.#QNAN 1.#QNAN 1.#QNAN 1.#QNAN 1.#QNAN 1.#QNAN 246 240 237 221 215 226 218 215 214 206 1.#QNAN 1.#QNAN 1.#QNAN 1.#QNAN 1.#QNAN 1.#QNAN 1.#QNAN 1.#QNAN 1.#QNAN 224 226 233 236 227 218 211 212 211 210 208 201 207 227 228 228 229 225 224 230 231 223 219 220 219 215 218 218 216 226 232 231 237 240 235 226 223 224 230 231 231 226 235 242 245 238 228 217 220 221 227
1.#QNAN 1.#QNAN 1.#QNAN 1.#QNAN 1.#QNAN 1.#QNAN 1.#QNAN 1.#QNAN 1.#QNAN 1.#QNAN 1.#QNAN 1.#QNAN 1.#QNAN 1.#QNAN 252 250 243 228 221 235 232 228 224 217 220 230 1.#QNAN 1.#QNAN 1.#QNAN 1.#QNAN 1.#QNAN 1.#QNAN 239 235 237 237 242 233 220 214 209 207 203 201 198 210 232 237 234 234 230 236 241 233 222 216 210 207 209 211 213 216 226 233 237 239 239 235 229 224 226 229 228 227 229 233 237 244 237 222 214 223 227 225
1.#QNAN 1.#QNAN 1.#QNAN 1.#QNAN 1.#QNAN 1.#QNAN 1.#QNAN 1.#QNAN 1.#QNAN 1.#QNAN 1.#QNAN 1.#QNAN 1.#QNAN 261 255 248 243 235 235 239 246 237 228 232 231 237 230 1.#QNAN 1.#QNAN 1.#QNAN 241 255 254 248 245 246 240 231 226 224 218 213 210 214 203 221 238 245 241 235 235 242 244 231 228 220 210 204 205 210 215 227 231 234 236 236 237 236 235 233 232 228 230 229 232 234 239 243 237 221 212 222 220 220
1.#QNAN 1.#QNAN 1.#QNAN 1.#QNAN 1.#QNAN 1.#QNAN 1.#QNAN 1.#QNAN 1.#QNAN 1.#QNAN 1.#QNAN 270 267 260 251 249 245 242 244 247 250 239 239 242 243 242 236 234 227 235 248 255 258 259 253 248 233 227 234 230 226 217 226 227 217 225 239 249 244 242 247 251 243 225 224 221 214 212 208 212 220 221 224 228 231 234 228 228 228 230 225 223 227 229 231 234 242 240 234 223 213 218 213 209
1.#QNAN 1.#QNAN 1.#QNAN 1.#QNAN 1.#QNAN 1.#QNAN 1.#QNAN 1.#QNAN 1.#QNAN 1.#QNAN 272 270 267 260 259 256 252 252 252 248 255 250 251 249 244 241 243 248 234 232 242 246 249 261 254 241 227 230 237 238 233 232 234 226 215 224 240 250 253 251 255 255 241 228 234 233 230 225 217 212 214 212 216 220 224 229 227 218 219 221 224 223 227 229 232 235 241 240 232 223 216 213 209 206
1.#QNAN 1.#QNAN 1.#QNAN 1.#QNAN 1.#QNAN 1.#QNAN 1.#QNAN 1.#QNAN 1.#QNAN 274 275 273 269 266 260 252 253 258 260 253 258 260 255 246 240 243 248 255 247 235 233 237 253 263 257 245 236 237 242 245 245 237 231 223 215 231 243 249 257 257 259 249 237 240 245 236 239 234 227 214 209 210 213 209 210 220 228 225 222 221 226 226 226 230 233 233 237 241 235 232 222 214 217 211
1.#QNAN 1.#QNAN 1.#QNAN 1.#QNAN 1.#QNAN 1.#QNAN 1.#QNAN 1.#QNAN 1.#QNAN 1.#QNAN 275 271 270 266 260 254 254 261 264 260 260 262 258 253 247 246 252 258 253 242 238 244 255 262 264 258 248 237 239 250 246 232 221 215 222 235 245 250 254 259 259 245 244 253 247 246 243 235 228 221 218 216 207 207 207 219 221 224 224 224 227 226 228 232 233 234 234 239 239 238 231 217 219 217
1.#QNAN 1.#QNAN 1.#QNAN 1.#QNAN 1.#QNAN 1.#QNAN 1.#QNAN 1.#QNAN 1.#QNAN 276 274 274 270 264 258 254 258 261 265 263 263 264 262 259 257 256 259 259 254 247 246 256 261 265 265 252 245 236 243 252 244 229 220 219 226 241 251 257 258 263 262 249 250 257 252 246 241 239 235 237 232 228 213 212 210 209 213 218 223 225 228 228 228 231 233 234 234 234 237 239 231 227 226 219
1.#QNAN 1.#QNAN 1.#QNAN 1.#QNAN 1.#QNAN 1.#QNAN 1.#QNAN 1.#QNAN 1.#QNAN 277 277 274 270 266 265 265 268 266 268 263 266 263 264 266 263 264 263 258 261 258 251 259 265 268 265 255 253 246 251 253 242 230 228 231 225 237 250 258 264 266 265 261 259 259 251 244 241 246 241 244 242 237 228 217 207 207 211 217 221 224 229 229 229 230 231 234 235 236 239 237 233 231 229 224
1.#QNAN 1.#QNAN 1.#QNAN 1.#QNAN 1.#QNAN 1.#QNAN 1.#QNAN 1.#QNAN 1.#QNAN 278 277 274 272 272 264 262 265 271 272 266 270 263 263 266 269 267 266 265 263 267 262 263 264 268 263 262 262 261 256 247 242 236 243 239 232 240 252 252 265 268 264 260 256 260 255 251 245 249 247 243 236 235 232 222 212 210 212 216 222 225 229 230 229 230 230 232 236 238 237 234 227 222 222 223
1.#QNAN 1.#QNAN 1.#QNAN 1.#QNAN 1.#QNAN 1.#QNAN 1.#QNAN 1.#QNAN 1.#QNAN 280 275 273 273 273 273 266 261 262 272 273 270 264 263 268 265 261 259 265 267 269 269 269 267 271 266 266 267 263 252 244 238 245 255 241 244 254 264 264 269 269 268 264 259 263 261 256 252 251 249 247 241 233 224 219 216 218 218 219 223 225 229 231 230 231 230 232 234 238 236 231 225 221 213 212
1.#QNAN 1.#QNAN 1.#QNAN 1.#QNAN 1.#QNAN 1.#QNAN 1.#QNAN 1.#QNAN 283 281 275 274 276 275 276 275 272 267 266 275 270 263 266 273 271 266 264 260 266 270 272 271 272 273 271 270 268 267 261 255 249 247 261 254 256 266 270 270 271 270 270 263 256 265 265 262 258 252 250 253 248 237 224 215 216 220 220 222 223 229 231 233 232 233 234 234 234 237 234 230 223 218 211 209
1.#QNAN 1.#QNAN 1.#QNAN 1.#QNAN 1.#QNAN 1.#QNAN 1.#QNAN 1.#QNAN 283 278 276 276 274 274 276 276 277 276 272 274 273 271 272 275 268 262 264 258 259 268 273 272 273 273 272 269 269 268 264 264 259 256 257 266 265 272 273 272 272 271 269 265 266 267 265 261 261 259 252 254 249 241 230 221 219 222 224 224 221 226 230 232 234 235 235 236 235 236 234 230 224 217 211 209
1.#QNAN 1.#QNAN 1.#QNAN 1.#QNAN 1.#QNAN 1.#QNAN 1.#QNAN 286 282 281 277 273 272 274 275 273 276 278 280 279 272 272 277 267 259 254 260 255 259 267 272 275 272 272 272 271 271 269 267 267 269 271 266 269 273 274 274 273 273 272 270 270 268 265 262 258 253 254 255 253 245 237 223 217 219 222 226 223 222 225 229 229 231 235 236 237 238 237 235 229 224 216 212 210
1.#QNAN 1.#QNAN 1.#QNAN 1.#QNAN 1.#QNAN 1.#QNAN 1.#QNAN 287 286 277 278 276 276 276 274 273 273 278 281 279 281 279 279 267 261 256 256 253 260 266 271 271 271 272 271 270 272 272 269 270 274 272 269 266 273 274 274 273 273 272 270 268 267 266 262 254 246 244 247 254 245 236 221 212 213 218 224 227 225 225 229 229 230 234 236 237 236 237 234 229 222 214 213 213
