08 Ecocrop/raster/current/tmean_1.asc
ncols        683
nrows        518
xllcorner    -87.691666666667
yllcorner    10.708333333333
cellsize     0.008333333333
NODATA_value  1.#QNAN
[rows 407 to 443 of 518, columns 168 to 251 of 683]
262 262 262 260 255 253 255 255 251 244 250 252 246 243 242 243 249 255 255 253 255 255 255 256 256 257 257 257 256 256 252 253 257 257 258 259 259 259 260 260 260 260 260 261 261 261 261 261 260 260 259 259 258 258 258 257 257 256 256 256 256 256 256 256 256 256 256 256 256 256 256 256 257 257 257 257 257 257 257 257 257 257 257 257
262 262 262 261 256 253 257 254 247 247 254 251 245 241 241 246 250 256 255 254 255 257 257 258 257 256 255 256 255 254 253 256 257 256 258 259 259 259 259 258 259 260 260 260 261 261 261 261 260 260 259 259 258 258 258 257 257 256 256 256 256 256 256 256 256 256 256 256 256 256 256 256 256 257 257 257 257 257 257 257 257 257 257 257
262 262 262 261 257 258 256 252 243 249 253 246 244 241 246 251 253 257 256 255 257 258 258 257 255 254 256 257 257 256 257 258 258 257 258 258 258 258 258 256 258 259 260 260 261 261 261 261 260 260 259 259 258 258 258 257 257 256 256 256 256 256 256 256 256 256 256 256 256 256 256 256 256 257 257 257 257 257 257 257 257 257 257 257
262 262 262 260 259 260 255 252 249 254 248 245 246 243 251 253 253 258 256 257 259 258 256 257 257 257 257 255 254 256 256 257 257 257 257 257 257 257 256 256 258 259 259 260 260 261 261 261 260 260 260 259 259 258 258 257 257 256 256 256 256 256 256 256 256 256 256 256 256 256 256 256 256 257 257 257 257 257 257 257 257 257 257 257
1.#QNAN 262 262 261 260 260 257 255 254 257 251 246 248 247 254 256 256 258 256 259 259 257 255 254 256 257 256 252 252 254 255 255 255 256 255 255 253 252 252 256 258 257 257 258 259 260 260 261 260 260 260 259 259 258 258 258 257 257 256 256 256 256 256 256 256 256 256 256 256 256 256 256 256 257 257 257 257 257 257 257 257 257 257 257
1.#QNAN 1.#QNAN 1.#QNAN 261 261 259 256 254 255 258 250 249 249 247 253 256 257 259 258 259 256 255 252 252 254 253 254 251 251 251 253 254 256 255 253 252 250 250 253 256 256 255 255 255 258 259 260 260 260 260 260 260 259 259 258 258 257 257 256 256 256 256 256 256 256 256 256 256 256 256 256 256 256 257 257 257 257 257 256 255 256 256 256 256
1.#QNAN 1.#QNAN 1.#QNAN 1.#QNAN 1.#QNAN 260 258 258 259 258 254 255 252 250 253 257 257 259 256 254 254 253 252 252 250 252 251 250 253 249 252 256 256 254 250 250 252 254 253 254 256 256 256 255 255 257 260 260 260 260 260 260 260 259 258 258 257 257 257 256 256 256 256 256 256 256 256 256 256 256 256 256 256 256 256 255 255 255 254 253 253 254 254 254
1.#QNAN 1.#QNAN 1.#QNAN 1.#QNAN 1.#QNAN 261 261 260 260 259 258 257 255 254 256 258 259 260 258 257 254 252 251 253 254 253 250 252 254 251 253 256 254 253 250 251 253 254 252 253 255 256 256 256 254 257 259 260 260 260 260 260 260 259 259 258 257 257 257 256 256 256 256 256 256 256 256 256 256 256 256 256 256 254 254 253 253 253 251 250 250 251 252 254
1.#QNAN 1.#QNAN 1.#QNAN 1.#QNAN 1.#QNAN 1.#QNAN 1.#QNAN 1.#QNAN 261 260 259 259 258 255 257 259 260 260 257 256 253 251 253 255 255 252 250 255 252 253 256 256 252 251 251 249 252 254 254 253 255 256 255 254 255 257 259 260 260 260 260 260 260 259 259 258 258 257 257 257 256 256 256 256 256 256 256 256 256 256 256 256 254 253 252 251 251 249 247 244 243 245 249 251
1.#QNAN 1.#QNAN 1.#QNAN 1.#QNAN 1.#QNAN 1.#QNAN 1.#QNAN 1.#QNAN 1.#QNAN 261 261 260 259 256 257 259 260 260 258 256 253 253 256 256 257 255 255 256 251 256 257 254 252 250 247 248 248 252 254 254 256 256 255 255 256 258 258 259 260 260 260 260 260 259 259 258 258 257 257 257 257 256 256 256 256 256 256 256 256 256 256 256 254 252 252 250 248 244 238 229 227 234 241 246
1.#QNAN 1.#QNAN 1.#QNAN 1.#QNAN 1.#QNAN 1.#QNAN 1.#QNAN 1.#QNAN 1.#QNAN 1.#QNAN 1.#QNAN 260 260 258 255 260 261 259 257 258 258 258 258 258 256 256 257 255 252 257 256 251 253 252 250 248 247 249 252 253 255 255 257 257 257 257 259 259 259 259 260 260 260 259 259 258 258 258 257 257 257 256 256 256 256 256 256 256 256 256 257 256 253 251 252 250 247 240 225 209 201 214 233 245
1.#QNAN 1.#QNAN 1.#QNAN 1.#QNAN 1.#QNAN 1.#QNAN 1.#QNAN 1.#QNAN 1.#QNAN 1.#QNAN 1.#QNAN 1.#QNAN 260 258 257 260 260 259 257 260 258 258 257 257 257 258 259 256 258 258 255 254 252 247 248 243 245 246 250 253 251 251 253 255 257 258 258 259 259 259 259 260 260 259 259 259 258 258 258 257 257 257 256 256 256 256 256 256 256 256 256 255 252 251 252 250 245 238 223 200 182 206 232 244
1.#QNAN 1.#QNAN 1.#QNAN 1.#QNAN 1.#QNAN 1.#QNAN 1.#QNAN 1.#QNAN 1.#QNAN 1.#QNAN 1.#QNAN 1.#QNAN 1.#QNAN 259 259 260 259 260 260 259 256 256 257 257 258 260 260 260 259 258 256 254 251 250 244 242 247 250 251 252 250 246 247 252 254 256 257 258 259 259 259 259 259 259 259 259 259 258 258 258 257 257 256 256 256 256 256 256 256 256 256 255 254 252 252 250 246 240 231 216 205 218 234 245
1.#QNAN 1.#QNAN 1.#QNAN 1.#QNAN 1.#QNAN 1.#QNAN 1.#QNAN 1.#QNAN 1.#QNAN 1.#QNAN 1.#QNAN 1.#QNAN 1.#QNAN 1.#QNAN 260 259 256 259 259 258 258 259 258 257 261 261 261 259 259 255 254 253 252 247 244 244 247 251 252 252 248 248 248 250 251 253 254 257 258 259 259 259 259 259 259 259 259 259 258 258 257 257 256 256 256 256 256 256 256 256 256 256 255 254 253 252 249 246 241 233 230 237 242 247
1.#QNAN 1.#QNAN 1.#QNAN 1.#QNAN 1.#QNAN 1.#QNAN 1.#QNAN 1.#QNAN 1.#QNAN 1.#QNAN 1.#QNAN 1.#QNAN 1.#QNAN 1.#QNAN 1.#QNAN 259 257 257 257 258 260 258 258 259 261 262 260 259 259 257 254 252 250 248 248 246 249 252 252 254 251 252 248 251 253 254 254 256 258 259 259 259 259 259 259 259 259 259 258 258 257 257 256 256 256 256 256 256 256 256 256 255 254 254 254 253 252 250 247 245 245 247 248 249
1.#QNAN 1.#QNAN 1.#QNAN 1.#QNAN 1.#QNAN 1.#QNAN 1.#QNAN 1.#QNAN 1.#QNAN 1.#QNAN 1.#QNAN 1.#QNAN 1.#QNAN 1.#QNAN 260 258 257 255 257 259 259 260 259 261 261 260 259 257 258 256 254 248 247 247 250 248 251 252 248 254 255 253 250 251 251 253 256 255 257 258 258 259 259 259 259 259 259 259 258 258 257 257 256 256 256 256 256 256 256 256 255 255 255 255 255 254 254 252 251 251 250 252 252 253
1.#QNAN 1.#QNAN 1.#QNAN 1.#QNAN 1.#QNAN 1.#QNAN 1.#QNAN 1.#QNAN 1.#QNAN 1.#QNAN 1.#QNAN 1.#QNAN 1.#QNAN 1.#QNAN 1.#QNAN 258 256 255 257 260 261 260 260 261 260 257 259 256 257 257 255 251 251 252 252 249 251 249 247 253 255 252 252 254 253 254 256 255 257 258 258 258 258 259 259 259 259 259 258 258 258 257 256 256 256 256 256 256 256 256 256 255 255 255 255 255 255 254 253 253 254 255 255 256
1.#QNAN 1.#QNAN 1.#QNAN 1.#QNAN 1.#QNAN 1.#QNAN 1.#QNAN 1.#QNAN 1.#QNAN 1.#QNAN 1.#QNAN 1.#QNAN 1.#QNAN 1.#QNAN 1.#QNAN 1.#QNAN 259 259 259 261 261 261 262 261 261 260 257 255 256 256 253 252 255 254 249 251 248 249 253 254 256 254 254 256 254 254 256 257 256 257 258 258 258 258 258 259 259 259 258 258 258 257 257 256 256 256 256 256 256 256 256 256 255 255 256 256 256 257 256 253 256 257 256 257
1.#QNAN 1.#QNAN 1.#QNAN 1.#QNAN 1.#QNAN 1.#QNAN 1.#QNAN 1.#QNAN 1.#QNAN 1.#QNAN 1.#QNAN 1.#QNAN 1.#QNAN 1.#QNAN 1.#QNAN 1.#QNAN 1.#QNAN 260 260 260 261 261 262 262 260 260 258 257 254 255 252 256 256 252 252 251 247 253 255 256 257 255 255 257 256 254 257 257 256 257 257 258 258 258 258 258 258 259 258 258 258 257 257 256 256 256 256 256 256 256 256 256 256 256 256 257 257 257 257 257 257 257 257 257
1.#QNAN 1.#QNAN 1.#QNAN 1.#QNAN 1.#QNAN 1.#QNAN 1.#QNAN 1.#QNAN 1.#QNAN 1.#QNAN 1.#QNAN 1.#QNAN 1.#QNAN 1.#QNAN 1.#QNAN 1.#QNAN 1.#QNAN 1.#QNAN 1.#QNAN 1.#QNAN 261 261 262 262 262 261 260 257 254 256 256 258 255 252 254 251 248 254 256 257 258 258 257 257 255 255 257 258 257 256 255 257 258 258 258 258 258 258 258 258 258 257 257 256 256 256 256 256 256 256 256 256 256 256 256 257 257 257 257 257 257 257 257 257
1.#QNAN 1.#QNAN 1.#QNAN 1.#QNAN 1.#QNAN 1.#QNAN 1.#QNAN 1.#QNAN 1.#QNAN 1.#QNAN 1.#QNAN 1.#QNAN 1.#QNAN 1.#QNAN 1.#QNAN 1.#QNAN 1.#QNAN 1.#QNAN 1.#QNAN 1.#QNAN 1.#QNAN 261 261 261 261 261 261 260 258 256 258 257 253 256 254 249 250 254 252 255 257 259 258 257 255 256 258 258 257 256 254 254 257 258 258 258 258 259 258 258 258 258 257 257 256 256 256 256 256 256 256 256 256 256 256 256 257 257 257 257 257 257 257 257
1.#QNAN 1.#QNAN 1.#QNAN 1.#QNAN 1.#QNAN 1.#QNAN 1.#QNAN 1.#QNAN 1.#QNAN 1.#QNAN 1.#QNAN 1.#QNAN 1.#QNAN 1.#QNAN 1.#QNAN 1.#QNAN 1.#QNAN 1.#QNAN 1.#QNAN 1.#QNAN 1.#QNAN 1.#QNAN 261 261 261 261 261 261 260 259 255 252 257 256 254 250 248 251 250 253 257 259 259 256 257 257 258 257 255 256 255 253 256 257 258 258 259 259 258 258 258 258 257 257 257 256 256 256 256 256 256 256 256 256 256 256 256 256 257 257 257 257 256 256
1.#QNAN 1.#QNAN 1.#QNAN 1.#QNAN 1.#QNAN 1.#QNAN 1.#QNAN 1.#QNAN 1.#QNAN 1.#QNAN 1.#QNAN 1.#QNAN 1.#QNAN 1.#QNAN 1.#QNAN 1.#QNAN 1.#QNAN 1.#QNAN 1.#QNAN 1.#QNAN 1.#QNAN 1.#QNAN 1.#QNAN 1.#QNAN 261 260 259 260 261 260 256 256 258 252 245 243 247 246 249 253 256 258 259 259 259 258 258 253 253 254 254 254 256 257 258 258 259 259 259 258 258 258 258 257 257 257 256 256 256 256 256 256 256 256 256 256 256 256 256 256 256 256 256 256
1.#QNAN 1.#QNAN 1.#QNAN 1.#QNAN 1.#QNAN 1.#QNAN 1.#QNAN 1.#QNAN 1.#QNAN 1.#QNAN 1.#QNAN 1.#QNAN 1.#QNAN 1.#QNAN 1.#QNAN 1.#QNAN 1.#QNAN 1.#QNAN 1.#QNAN 1.#QNAN 1.#QNAN 1.#QNAN 1.#QNAN 1.#QNAN 1.#QNAN 260 256 256 260 261 260 260 258 253 248 245 250 251 249 251 256 258 259 260 259 256 255 252 253 254 255 253 254 257 258 258 259 259 259 258 258 258 258 257 257 257 256 256 256 256 256 256 256 256 256 256 256 256 256 256 256 256 256 256
1.#QNAN 1.#QNAN 1.#QNAN 1.#QNAN 1.#QNAN 1.#QNAN 1.#QNAN 1.#QNAN 1.#QNAN 1.#QNAN 1.#QNAN 1.#QNAN 1.#QNAN 1.#QNAN 1.#QNAN 1.#QNAN 1.#QNAN 1.#QNAN 1.#QNAN 1.#QNAN 1.#QNAN 1.#QNAN 1.#QNAN 1.#QNAN 1.#QNAN 1.#QNAN 258 257 260 261 261 261 260 259 255 251 253 252 248 251 256 259 258 260 258 256 249 252 252 255 256 255 254 257 258 258 259 259 259 259 259 258 258 258 257 257 256 256 256 256 256 256 256 256 256 256 256 256 256 256 256 256 256 255
1.#QNAN 1.#QNAN 1.#QNAN 1.#QNAN 1.#QNAN 1.#QNAN 1.#QNAN 1.#QNAN 1.#QNAN 1.#QNAN 1.#QNAN 1.#QNAN 1.#QNAN 1.#QNAN 1.#QNAN 1.#QNAN 1.#QNAN 1.#QNAN 1.#QNAN 1.#QNAN 1.#QNAN 1.#QNAN 1.#QNAN 1.#QNAN 1.#QNAN 1.#QNAN 258 259 260 261 261 261 260 259 258 255 254 247 251 253 257 259 259 260 260 259 253 252 255 256 256 257 257 257 258 259 259 259 259 259 259 259 258 258 257 257 257 256 256 256 256 256 256 256 256 256 256 256 256 256 256 256 256 256
1.#QNAN 1.#QNAN 1.#QNAN 1.#QNAN 1.#QNAN 1.#QNAN 1.#QNAN 1.#QNAN 1.#QNAN 1.#QNAN 1.#QNAN 1.#QNAN 1.#QNAN 1.#QNAN 1.#QNAN 1.#QNAN 1.#QNAN 1.#QNAN 1.#QNAN 1.#QNAN 1.#QNAN 1.#QNAN 1.#QNAN 1.#QNAN 1.#QNAN 1.#QNAN 1.#QNAN 1.#QNAN 261 261 260 258 258 258 257 255 251 249 251 256 257 258 260 260 261 260 258 252 255 257 257 257 258 257 258 258 259 259 259 259 259 259 259 258 258 257 257 256 256 256 256 256 256 256 256 256 256 256 256 256 256 256 256 256
1.#QNAN 1.#QNAN 1.#QNAN 1.#QNAN 1.#QNAN 1.#QNAN 1.#QNAN 1.#QNAN 1.#QNAN 1.#QNAN 1.#QNAN 1.#QNAN 1.#QNAN 1.#QNAN 1.#QNAN 1.#QNAN 1.#QNAN 1.#QNAN 1.#QNAN 1.#QNAN 1.#QNAN 1.#QNAN 1.#QNAN 1.#QNAN 1.#QNAN 1.#QNAN 1.#QNAN 1.#QNAN 1.#QNAN 1.#QNAN 259 257 258 258 258 257 254 254 254 255 258 259 261 261 260 260 260 258 254 258 258 257 256 257 257 258 257 259 259 259 259 259 259 259 258 257 257 256 256 256 256 256 256 256 256 256 256 256 256 256 256 256 256 256
1.#QNAN 1.#QNAN 1.#QNAN 1.#QNAN 1.#QNAN 1.#QNAN 1.#QNAN 1.#QNAN 1.#QNAN 1.#QNAN 1.#QNAN 1.#QNAN 1.#QNAN 1.#QNAN 1.#QNAN 1.#QNAN 1.#QNAN 1.#QNAN 1.#QNAN 1.#QNAN 1.#QNAN 1.#QNAN 1.#QNAN 1.#QNAN 1.#QNAN 1.#QNAN 1.#QNAN 1.#QNAN 1.#QNAN 1.#QNAN 1.#QNAN 260 257 258 259 259 257 256 258 258 256 259 261 261 260 258 258 259 257 259 258 257 256 257 256 258 258 259 259 259 259 259 259 259 258 258 257 257 256 256 256 256 256 256 256 256 256 256 256 256 256 256 256 256
1.#QNAN 1.#QNAN 1.#QNAN 1.#QNAN 1.#QNAN 1.#QNAN 1.#QNAN 1.#QNAN 1.#QNAN 1.#QNAN 1.#QNAN 1.#QNAN 1.#QNAN 1.#QNAN 1.#QNAN 1.#QNAN 1.#QNAN 1.#QNAN 1.#QNAN 1.#QNAN 1.#QNAN 1.#QNAN 1.#QNAN 1.#QNAN 1.#QNAN 1.#QNAN 1.#QNAN 1.#QNAN 1.#QNAN 1.#QNAN 1.#QNAN 260 259 259 258 255 254 256 257 260 258 259 261 259 256 256 255 257 259 260 259 259 259 258 256 257 258 259 259 259 259 259 259 259 259 258 257 257 256 256 256 256 256 256 256 256 256 256 256 256 256 256 256 256
1.#QNAN 1.#QNAN 1.#QNAN 1.#QNAN 1.#QNAN 1.#QNAN 1.#QNAN 1.#QNAN 1.#QNAN 1.#QNAN 1.#QNAN 1.#QNAN 1.#QNAN 1.#QNAN 1.#QNAN 1.#QNAN 1.#QNAN 1.#QNAN 1.#QNAN 1.#QNAN 1.#QNAN 1.#QNAN 1.#QNAN 1.#QNAN 1.#QNAN 1.#QNAN 1.#QNAN 1.#QNAN 1.#QNAN 1.#QNAN 1.#QNAN 260 257 257 256 253 253 252 258 260 261 261 260 258 257 255 256 257 257 258 258 259 259 259 258 258 259 259 259 260 260 259 259 259 259 258 258 257 256 256 256 256 256 256 256 256 256 256 256 256 256 256 256 256
1.#QNAN 1.#QNAN 1.#QNAN 1.#QNAN 1.#QNAN 1.#QNAN 1.#QNAN 1.#QNAN 1.#QNAN 1.#QNAN 1.#QNAN 1.#QNAN 1.#QNAN 1.#QNAN 1.#QNAN 1.#QNAN 1.#QNAN 1.#QNAN 1.#QNAN 1.#QNAN 1.#QNAN 1.#QNAN 1.#QNAN 1.#QNAN 1.#QNAN 1.#QNAN 1.#QNAN 1.#QNAN 1.#QNAN 1.#QNAN 1.#QNAN 1.#QNAN 1.#QNAN 1.#QNAN 260 257 255 252 258 261 261 261 260 256 254 255 256 257 258 258 258 259 260 260 260 259 260 260 259 259 260 259 259 259 259 258 258 257 257 257 256 256 256 256 256 256 256 256 256 256 256 256 256 256
1.#QNAN 1.#QNAN 1.#QNAN 1.#QNAN 1.#QNAN 1.#QNAN 1.#QNAN 1.#QNAN 1.#QNAN 1.#QNAN 1.#QNAN 1.#QNAN 1.#QNAN 1.#QNAN 1.#QNAN 1.#QNAN 1.#QNAN 1.#QNAN 1.#QNAN 1.#QNAN 1.#QNAN 1.#QNAN 1.#QNAN 1.#QNAN 1.#QNAN 1.#QNAN 1.#QNAN 1.#QNAN 1.#QNAN 1.#QNAN 1.#QNAN 1.#QNAN 1.#QNAN 1.#QNAN 259 258 255 254 260 261 261 260 259 255 251 251 253 257 258 259 259 259 260 259 259 259 260 260 260 260 259 259 259 259 259 259 258 258 257 257 257 257 256 256 256 256 256 256 256 256 256 256 256 256
1.#QNAN 1.#QNAN 1.#QNAN 1.#QNAN 1.#QNAN 1.#QNAN 1.#QNAN 1.#QNAN 1.#QNAN 1.#QNAN 1.#QNAN 1.#QNAN 1.#QNAN 1.#QNAN 1.#QNAN 1.#QNAN 1.#QNAN 1.#QNAN 1.#QNAN 1.#QNAN 1.#QNAN 1.#QNAN 1.#QNAN 1.#QNAN 1.#QNAN 1.#QNAN 1.#QNAN 1.#QNAN 1.#QNAN 1.#QNAN 1.#QNAN 1.#QNAN 1.#QNAN 1.#QNAN 1.#QNAN 1.#QNAN 257 257 260 261 261 260 259 258 253 251 252 256 257 258 259 259 259 258 258 259 259 259 259 260 260 259 259 259 259 259 258 258 258 257 257 257 256 256 256 256 256 256 256 256 256 256 256 256
1.#QNAN 1.#QNAN 1.#QNAN 1.#QNAN 1.#QNAN 1.#QNAN 1.#QNAN 1.#QNAN 1.#QNAN 1.#QNAN 1.#QNAN 1.#QNAN 1.#QNAN 1.#QNAN 1.#QNAN 1.#QNAN 1.#QNAN 1.#QNAN 1.#QNAN 1.#QNAN 1.#QNAN 1.#QNAN 1.#QNAN 1.#QNAN 1.#QNAN 1.#QNAN 1.#QNAN 1.#QNAN 1.#QNAN 1.#QNAN 1.#QNAN 1.#QNAN 1.#QNAN 1.#QNAN 1.#QNAN 1.#QNAN 1.#QNAN 1.#QNAN 261 261 259 258 256 256 255 254 252 251 254 258 259 259 259 259 259 260 259 259 260 260 260 259 258 259 259 259 258 258 258 258 257 257 257 256 256 256 256 256 256 256 256 256 256 256
1.#QNAN 1.#QNAN 1.#QNAN 1.#QNAN 1.#QNAN 1.#QNAN 1.#QNAN 1.#QNAN 1.#QNAN 1.#QNAN 1.#QNAN 1.#QNAN 1.#QNAN 1.#QNAN 1.#QNAN 1.#QNAN 1.#QNAN 1.#QNAN 1.#QNAN 1.#QNAN 1.#QNAN 1.#QNAN 1.#QNAN 1.#QNAN 1.#QNAN 1.#QNAN 1.#QNAN 1.#QNAN 1.#QNAN 1.#QNAN 1.#QNAN 1.#QNAN 1.#QNAN 1.#QNAN 1.#QNAN 1.#QNAN 1.#QNAN 1.#QNAN 1.#QNAN 1.#QNAN 259 256 252 256 258 257 254 251 252 257 258 258 258 258 259 259 260 259 259 259 259 258 259 259 258 258 258 258 258 258 258 257 257 257 256 256 256 256 256 256 256 256 256 256
1.#QNAN 1.#QNAN 1.#QNAN 1.#QNAN 1.#QNAN 1.#QNAN 1.#QNAN 1.#QNAN 1.#QNAN 1.#QNAN 1.#QNAN 1.#QNAN 1.#QNAN 1.#QNAN 1.#QNAN 1.#QNAN 1.#QNAN 1.#QNAN 1.#QNAN 1.#QNAN 1.#QNAN 1.#QNAN 1.#QNAN 1.#QNAN 1.#QNAN 1.#QNAN 1.#QNAN 1.#QNAN 1.#QNAN 1.#QNAN 1.#QNAN 1.#QNAN 1.#QNAN 1.#QNAN 1.#QNAN 1.#QNAN 1.#QNAN 1.#QNAN 1.#QNAN 1.#QNAN 1.#QNAN 258 255 254 259 257 257 255 255 254 256 258 258 258 259 259 259 259 260 259 257 257 259 259 257 257 258 258 258 258 258 258 257 257 257 257 256 256 256 256 256 256 256 256
