08 Ecocrop/raster/current/tmean_8.asc
ncols        683
nrows        518
xllcorner    -87.691666666667
yllcorner    10.708333333333
cellsize     0.008333333333
NODATA_value  1.#QNAN
[rows 370 to 406 of 518, columns 168 to 251 of 683]
226 227 227 228 229 231 233 234 235 237 238 239 241 242 245 248 252 253 251 252 253 253 251 250 249 248 248 250 260 264 264 265 265 263 261 263 264 265 266 266 267 268 268 268 267 267 267 267 267 267 267 267 267 267 267 267 267 267 267 267 267 267 267 267 267 267 267 267 267 267 267 267 267 267 267 267 267 267 267 267 267 267 267 267
226 227 229 229 230 232 233 236 237 237 239 241 242 244 245 249 250 249 248 249 249 250 250 248 247 245 244 251 263 264 264 264 265 265 262 262 264 265 266 267 267 268 268 268 268 267 267 267 267 267 267 267 267 267 267 267 267 267 267 267 267 267 267 267 267 267 267 267 267 267 267 267 267 267 267 267 267 267 267 267 267 267 267 267
229 228 229 230 231 233 235 236 237 238 240 241 243 245 246 247 247 246 246 246 247 248 248 247 246 243 240 253 263 264 264 264 265 265 260 262 263 265 266 266 267 268 268 268 267 267 267 267 267 267 267 267 267 267 267 267 267 267 267 267 267 267 267 267 267 267 267 267 267 267 267 267 267 267 267 267 267 267 267 267 267 267 267 267
231 230 230 230 232 233 234 235 236 238 239 240 242 244 244 246 246 245 245 245 246 246 246 246 245 243 243 255 263 264 264 264 265 265 261 261 262 264 265 266 267 267 268 267 267 267 267 267 267 267 267 267 267 267 267 267 267 267 267 267 267 267 267 267 267 267 267 267 267 267 267 267 267 267 267 267 267 267 267 267 267 267 267 267
233 232 232 231 232 233 233 234 236 237 239 240 242 243 244 245 245 245 244 245 245 246 245 245 245 244 244 251 258 263 263 261 261 260 255 260 262 264 265 266 266 266 267 267 267 267 267 267 267 267 267 267 267 267 267 267 267 267 267 267 267 267 267 267 267 267 267 267 267 267 267 267 267 267 267 267 267 267 267 267 267 267 267 267
235 235 234 233 233 233 233 234 235 237 238 239 241 243 243 244 244 244 244 244 245 245 245 246 246 246 246 247 248 254 254 249 250 250 253 259 261 263 265 265 265 265 266 267 267 267 267 267 267 267 267 267 267 267 267 267 267 267 267 267 267 267 267 267 267 267 267 267 267 267 267 267 267 267 267 267 267 267 267 267 267 267 267 267
237 236 236 235 234 234 234 233 234 235 237 239 240 242 243 243 244 244 244 244 245 245 246 246 247 247 248 249 249 249 249 249 249 251 255 256 258 261 264 265 264 264 264 267 268 267 267 267 267 267 267 267 267 267 267 267 267 267 267 267 267 267 267 267 267 267 267 267 267 267 267 267 267 267 267 267 267 267 267 267 267 267 267 267
239 237 238 236 236 235 235 235 235 235 236 238 240 241 242 243 243 244 243 244 245 246 247 247 248 249 249 250 251 251 250 251 252 253 253 253 255 258 260 262 263 262 262 265 267 267 267 267 267 267 267 267 267 267 267 267 267 267 267 267 267 267 267 267 267 267 267 267 267 267 267 267 267 267 267 267 267 267 267 267 267 267 267 267
240 239 239 238 237 237 237 236 236 236 236 237 239 241 241 242 243 243 244 244 246 247 248 249 249 250 251 251 251 252 252 253 253 254 254 254 254 255 257 258 260 260 262 264 267 267 267 267 267 267 267 267 267 267 267 267 267 267 267 267 267 267 267 267 267 267 267 267 267 267 267 267 267 267 267 267 267 267 267 267 267 267 267 267
242 241 240 239 238 238 238 238 237 237 237 238 239 241 242 242 243 243 244 245 247 248 249 250 251 251 252 252 252 253 253 253 254 254 253 253 250 251 253 254 255 258 259 262 265 267 267 267 267 267 267 267 267 267 267 267 267 267 267 267 267 267 267 267 267 267 267 267 267 267 267 267 267 267 267 267 267 267 267 267 267 267 267 267
244 243 242 241 240 240 239 239 239 238 239 239 239 241 242 242 243 244 245 246 248 249 250 251 252 252 253 253 254 254 254 254 255 253 249 248 247 245 245 246 249 254 256 258 262 265 267 267 267 267 267 267 267 267 267 267 267 267 267 267 267 267 267 267 267 267 267 267 267 267 267 267 267 267 267 267 267 267 267 267 267 267 267 267
246 245 244 243 242 241 241 241 240 240 240 240 241 241 242 243 244 245 246 247 248 250 252 253 253 254 254 254 255 255 256 255 254 251 246 240 235 233 234 234 246 250 251 254 260 264 267 267 267 267 267 267 267 267 267 267 267 267 267 267 267 267 267 267 267 267 267 267 267 267 267 267 267 267 267 267 267 267 267 267 267 267 267 267
248 246 246 245 244 244 243 242 242 241 241 241 242 242 243 244 245 246 246 247 249 250 252 254 254 254 255 255 255 256 257 256 254 251 245 236 228 216 218 225 238 240 244 250 257 263 266 267 267 267 267 267 267 267 267 267 267 267 267 267 267 267 267 267 267 267 267 267 267 267 267 267 267 267 267 267 267 267 267 267 267 267 267 267
249 248 247 246 246 246 245 244 244 243 243 243 243 244 244 245 246 246 247 248 249 251 253 254 255 255 256 256 256 257 258 256 255 253 248 241 232 215 220 213 219 233 242 251 254 258 264 267 267 267 267 267 267 267 267 267 267 267 267 267 267 267 267 267 267 267 267 267 267 267 267 267 267 267 267 267 267 267 267 267 267 267 267 267
251 250 249 248 247 247 247 246 245 245 245 245 245 245 246 246 247 248 248 249 250 252 253 255 255 256 257 257 258 258 259 257 256 254 251 245 239 230 237 222 227 239 247 253 256 258 262 266 267 267 267 267 267 267 267 267 267 267 267 267 267 267 267 267 267 267 267 267 267 267 267 267 267 267 267 267 267 267 267 267 267 267 267 267
252 251 250 250 249 249 248 248 247 247 247 247 247 247 247 248 248 249 249 250 251 252 254 255 256 257 258 259 259 259 260 259 258 257 255 252 248 243 244 241 241 249 255 258 259 259 260 261 267 267 267 267 267 267 267 267 267 267 267 267 267 267 267 267 267 267 267 267 267 267 267 267 267 267 267 267 267 267 267 267 267 267 267 267
254 253 252 252 251 251 250 250 249 249 249 249 249 249 249 249 250 250 251 251 252 253 254 255 257 257 258 259 260 261 261 261 260 259 258 257 256 253 254 253 253 257 260 262 264 263 262 263 267 267 267 267 267 267 267 267 267 267 267 267 267 267 267 267 267 267 267 267 267 267 267 267 267 267 267 267 267 267 267 267 267 267 267 267
256 255 254 254 253 253 252 252 251 251 251 251 251 251 251 251 251 252 252 253 253 254 255 256 257 258 259 260 261 262 262 263 262 261 261 261 260 259 260 260 261 262 263 265 266 266 265 267 268 268 267 267 267 267 267 267 267 267 267 267 267 267 267 267 267 267 267 267 267 267 267 267 267 267 267 267 267 267 267 267 267 267 267 267
257 256 256 255 255 254 254 254 254 253 252 252 252 252 252 253 253 253 253 254 255 255 256 258 258 259 260 261 262 263 264 264 264 263 263 263 262 263 263 264 265 266 266 267 267 267 267 268 268 268 267 267 267 267 267 267 267 267 267 267 267 267 267 267 267 267 267 267 267 267 267 267 267 267 267 267 267 267 267 267 267 267 267 267
259 258 258 257 256 256 256 255 255 254 254 254 254 254 254 254 254 254 255 255 256 257 258 259 259 260 261 262 263 264 264 264 264 264 264 265 265 265 265 266 267 267 267 267 267 267 267 267 267 267 267 267 267 267 267 267 267 267 267 267 267 267 267 267 267 267 267 267 267 267 267 267 267 267 267 267 267 267 267 267 267 267 267 267
260 260 259 258 258 257 257 257 256 256 256 255 255 255 255 255 255 255 256 257 257 258 259 260 260 261 262 262 263 264 264 265 265 265 265 265 265 266 267 267 267 267 267 267 267 267 267 267 267 267 267 267 266 267 267 267 267 266 265 267 267 267 267 267 267 267 267 267 267 267 267 267 267 267 267 267 267 267 267 267 267 267 267 267
262 261 260 260 259 259 259 259 258 258 257 257 257 257 256 256 256 257 257 258 258 259 260 261 261 262 263 263 264 264 265 265 265 265 265 266 266 266 267 267 267 267 267 267 267 267 267 267 267 267 267 266 265 265 265 265 265 266 260 265 267 267 267 267 267 267 267 267 267 267 267 267 267 267 267 267 267 267 267 267 267 267 267 267
263 262 262 261 261 261 260 260 260 259 258 258 258 258 257 257 257 258 258 258 259 260 261 262 262 263 263 264 264 265 265 265 265 266 266 266 266 266 266 266 267 267 267 267 267 267 267 267 267 267 267 264 261 262 262 262 260 262 261 265 267 267 267 267 267 267 267 267 267 267 267 267 267 267 267 267 267 267 267 267 267 267 267 267
264 264 263 262 261 262 262 262 261 261 260 260 259 259 258 258 258 259 259 259 260 261 262 263 263 264 264 265 265 265 265 266 266 266 266 266 265 266 266 266 266 266 267 267 267 267 267 267 267 266 264 261 258 261 262 255 250 251 258 264 267 267 267 267 267 267 267 267 267 267 267 266 266 266 266 266 266 266 266 266 266 266 266 266
265 265 264 263 264 263 263 263 263 262 262 261 260 260 259 259 258 259 260 261 261 262 263 263 264 264 265 265 265 266 266 266 266 266 266 266 266 266 266 266 267 267 267 268 267 268 267 267 267 266 263 259 253 256 257 251 245 243 253 261 266 267 267 267 267 267 267 267 267 267 266 266 266 266 266 266 266 266 266 266 266 266 266 266
265 266 265 263 265 265 264 264 264 263 263 262 261 261 260 260 257 258 261 261 262 262 263 264 264 265 265 265 266 266 266 266 266 266 266 266 266 266 266 267 267 267 267 268 268 268 267 267 267 267 267 262 256 253 254 251 250 248 253 261 266 267 267 267 267 267 267 267 267 266 266 266 266 266 266 266 266 266 266 266 266 266 266 266
266 266 265 266 266 265 265 264 264 264 264 262 261 261 261 259 256 261 262 262 262 263 263 264 264 265 265 266 266 266 266 266 266 267 267 267 267 266 267 267 267 268 268 268 268 268 268 267 267 267 267 266 262 262 260 261 260 258 257 261 266 267 267 267 267 267 267 267 267 266 266 266 266 266 266 266 266 266 266 266 266 266 266 266
267 267 267 266 266 266 265 265 264 264 263 263 262 260 260 260 260 261 262 262 263 263 263 264 264 265 265 265 266 266 266 267 267 267 267 267 267 267 267 267 267 268 268 268 268 268 268 268 268 267 266 266 266 266 266 266 266 265 263 265 266 267 267 267 267 267 267 267 266 266 266 266 266 266 266 266 266 266 266 266 266 266 266 266
268 267 266 266 266 265 264 263 262 263 262 261 261 259 259 259 260 261 261 261 261 262 263 263 262 263 263 263 265 266 266 266 267 267 267 268 268 268 268 268 267 268 268 268 268 268 268 268 268 267 266 267 267 267 267 267 267 267 267 267 267 267 267 267 267 267 267 266 266 266 266 266 266 266 266 266 266 266 266 266 266 266 266 266
264 262 265 266 266 265 264 263 263 262 261 260 259 257 257 257 260 260 258 259 260 259 261 261 262 262 264 263 264 265 266 265 266 267 267 268 268 268 268 268 268 268 268 268 267 268 268 268 268 268 266 267 267 267 267 267 267 267 267 267 267 267 267 266 266 266 266 266 266 266 266 266 266 266 266 266 266 266 266 266 266 266 266 266
265 266 267 266 265 265 263 264 265 264 261 262 260 257 256 259 260 258 256 257 258 258 259 258 260 264 265 265 266 266 266 267 267 267 268 268 268 268 268 268 268 268 268 268 268 267 268 268 268 268 267 267 267 267 267 267 267 267 267 267 267 267 266 266 266 266 266 266 266 266 266 266 266 266 266 266 266 266 266 266 266 266 266 266
267 265 265 264 265 264 264 265 266 264 262 263 259 257 258 259 257 256 254 254 257 256 257 257 257 261 263 265 266 266 266 267 267 267 267 268 268 268 268 268 268 268 268 268 268 268 267 268 268 268 268 268 267 267 267 267 267 267 267 267 266 266 266 266 266 266 266 266 266 266 266 266 266 266 266 266 266 266 266 266 266 266 266 266
267 265 266 266 267 265 266 267 266 265 263 260 258 257 258 255 249 253 252 251 253 258 257 259 261 262 263 264 265 265 265 266 265 266 266 267 268 268 268 268 268 268 268 269 268 268 267 267 267 268 268 268 268 267 267 267 267 267 266 266 266 266 266 266 266 266 266 266 266 266 266 266 266 266 266 266 266 266 266 266 266 266 266 266
268 267 268 267 268 268 266 264 263 263 259 255 255 257 255 249 247 254 253 253 255 259 259 261 262 261 262 263 263 263 262 263 262 262 262 265 267 268 268 268 268 269 269 269 269 268 268 267 266 268 268 268 268 267 267 267 267 266 266 266 266 266 266 266 266 266 266 266 266 266 266 266 266 266 266 266 266 266 266 266 266 266 266 266
269 269 269 269 269 267 264 264 261 260 256 255 257 255 252 244 247 255 256 255 260 261 257 259 262 260 261 262 263 261 262 262 262 263 263 266 268 268 268 268 269 269 269 269 269 269 269 268 268 268 268 268 268 267 267 267 267 266 266 266 266 266 266 266 266 266 266 266 266 266 266 266 266 266 266 266 266 266 266 266 266 266 266 266
270 269 270 270 268 267 266 264 263 260 255 255 259 256 254 248 254 261 257 259 261 262 257 258 260 263 262 261 263 261 262 264 263 264 266 267 268 268 268 268 269 269 269 269 269 269 269 269 269 268 268 268 268 267 267 267 267 266 266 266 266 266 266 266 266 266 266 266 266 266 266 266 266 266 266 266 266 266 266 266 266 266 266 266
270 270 270 269 266 265 265 261 262 256 256 261 260 258 256 255 259 264 262 262 263 262 260 262 261 264 265 264 263 262 262 263 264 266 266 267 268 268 268 268 268 268 269 269 269 269 269 269 269 269 268 268 268 268 267 267 267 266 266 266 266 266 266 266 266 266 266 266 266 266 266 266 266 266 266 266 266 266 266 266 266 266 266 266
