08 Ecocrop/raster/current/tmean_1.asc
ncols        683
nrows        518
xllcorner    -87.691666666667
yllcorner    10.708333333333
cellsize     0.008333333333
NODATA_value  1.#QNAN
[rows 370 to 406 of 518, columns 168 to 251 of 683]
208 209 208 210 211 212 215 216 217 219 220 222 224 226 229 234 239 240 238 240 240 241 239 237 236 235 235 237 251 255 256 257 257 255 253 255 257 258 258 259 259 259 259 259 258 257 256 256 256 256 256 256 256 256 256 256 256 256 256 256 256 256 256 256 256 256 257 257 257 257 257 257 257 257 257 257 257 257 257 257 257 257 257 257
208 209 210 210 212 214 215 218 219 220 222 224 225 228 230 235 236 235 234 235 236 237 236 235 233 231 230 239 254 255 255 256 257 258 254 255 256 258 258 259 259 260 260 259 258 257 257 256 256 256 256 256 256 256 256 256 256 256 256 256 256 256 256 256 256 257 257 257 257 257 257 257 257 257 257 257 257 257 257 257 257 257 257 257
211 210 211 212 213 214 217 218 220 221 222 225 227 229 231 232 233 232 231 232 233 234 234 233 232 229 226 241 254 255 255 256 257 257 252 254 256 257 258 259 259 260 259 259 258 257 257 256 256 256 256 256 256 256 256 256 256 256 256 256 256 256 256 257 257 257 257 257 257 257 257 257 257 257 257 257 257 257 257 257 257 257 257 257
214 212 212 212 214 215 216 217 219 220 222 223 226 227 229 230 231 230 230 230 232 232 232 232 231 228 228 243 254 255 255 256 256 257 253 253 255 256 257 258 259 259 259 259 258 257 257 257 257 257 256 256 256 256 256 256 256 256 256 256 256 257 257 257 257 257 257 257 257 257 257 257 257 257 257 257 257 257 257 257 257 257 257 257
216 215 214 214 214 215 216 217 218 220 221 223 226 227 228 229 230 229 229 230 230 231 231 231 230 230 230 239 248 253 254 251 252 252 245 251 254 256 257 258 258 258 259 258 258 257 256 257 257 257 257 256 256 256 256 256 256 256 256 257 257 257 257 257 257 257 257 257 257 257 257 257 257 257 257 257 257 257 257 257 257 257 257 257
218 217 216 215 215 215 215 216 217 219 221 222 224 227 228 228 229 229 229 229 230 231 231 231 232 232 232 234 235 242 243 238 239 239 242 250 252 255 256 257 257 257 258 258 258 258 257 257 257 257 257 257 256 256 256 256 256 256 257 257 257 257 257 257 257 257 257 257 257 257 257 257 257 257 257 257 257 257 257 257 257 257 257 257
220 219 218 217 217 216 216 216 216 218 220 222 223 226 227 228 228 229 228 229 230 231 232 232 233 234 235 236 237 237 237 237 237 239 244 246 248 253 255 256 256 256 255 258 258 258 257 257 257 257 257 257 257 257 257 257 257 257 257 257 257 257 257 257 257 257 257 257 257 257 257 257 257 257 257 257 257 257 257 257 257 257 257 257
222 220 220 219 219 218 218 217 217 218 219 221 224 225 226 227 227 228 228 229 231 232 233 234 234 235 237 238 238 238 238 239 241 242 243 243 245 248 251 253 254 253 253 256 258 258 258 257 257 257 257 257 257 257 257 257 257 257 257 257 257 257 257 257 257 257 257 257 257 257 257 257 257 257 257 257 257 257 257 257 257 257 257 257
224 222 222 221 220 220 219 219 219 219 219 221 223 225 225 226 227 228 228 229 232 233 234 235 236 237 238 239 239 240 240 241 242 243 243 243 244 245 247 248 250 251 253 254 258 258 258 257 257 257 257 257 257 257 257 257 257 257 257 257 257 257 257 257 257 257 257 257 257 257 257 257 257 257 257 257 257 257 257 257 257 257 257 257
226 225 223 223 222 221 221 221 221 220 221 221 222 225 226 226 227 228 229 230 233 234 236 237 238 239 240 241 240 241 242 242 242 242 241 241 239 240 242 242 244 247 249 252 256 257 258 257 257 257 257 257 257 257 257 257 257 257 257 257 257 257 257 257 257 257 257 257 257 257 257 257 257 257 257 257 257 257 257 257 257 257 257 257
228 227 226 224 224 223 223 223 222 222 222 223 223 225 226 227 228 229 230 231 234 236 238 239 240 241 241 242 242 243 243 243 243 241 236 236 234 232 232 233 237 242 244 247 252 255 257 257 257 257 257 257 257 257 257 257 257 257 257 257 257 257 257 257 257 257 257 257 257 257 257 257 257 257 257 257 257 257 257 257 257 257 257 257
231 229 228 227 226 225 225 225 224 224 224 224 225 226 226 228 229 230 231 232 234 237 239 240 241 242 243 243 243 244 244 244 242 238 232 225 221 218 220 220 232 237 238 242 249 253 257 257 257 257 257 257 257 257 257 257 257 257 257 257 257 257 257 257 257 257 257 257 257 257 257 257 257 257 257 257 257 257 257 257 257 257 257 257
233 231 230 229 228 228 227 227 226 225 226 226 226 227 228 229 230 231 232 233 235 237 240 242 242 243 244 244 244 245 246 244 242 239 232 222 212 201 203 210 223 226 230 237 245 253 256 257 257 257 257 257 257 257 257 257 257 257 257 257 257 257 257 257 257 257 257 257 257 257 257 257 257 257 257 257 257 257 257 257 257 257 257 257
235 233 232 232 231 231 230 229 228 228 228 228 228 229 229 230 231 232 233 234 236 238 241 243 244 245 245 246 246 246 247 245 243 240 235 227 217 199 205 198 204 218 228 239 242 247 254 257 257 257 257 257 257 257 257 257 257 257 257 257 257 257 257 257 257 257 257 257 257 257 257 257 257 257 257 257 257 257 257 257 257 257 257 257
237 236 235 234 233 233 232 231 231 231 231 230 231 231 232 232 233 234 235 236 238 239 241 243 245 246 246 247 247 248 249 247 245 243 238 232 224 216 223 207 213 225 235 242 245 247 252 256 258 258 257 257 257 257 257 257 257 257 257 257 257 257 257 257 257 257 257 257 257 257 257 257 257 257 257 257 257 257 257 257 257 257 257 257
239 238 237 236 236 235 235 234 233 233 233 233 233 233 234 234 235 236 237 237 239 241 242 244 246 247 248 249 249 250 250 249 248 246 244 240 236 230 231 227 228 236 243 247 248 249 250 251 258 258 258 257 257 257 257 257 257 257 257 257 257 257 257 257 257 257 257 257 257 257 257 257 257 257 257 257 257 257 257 257 257 257 257 257
241 240 239 239 238 238 237 237 236 235 236 236 236 236 236 236 237 237 238 239 240 242 243 245 246 247 248 249 251 251 252 252 251 249 248 247 245 242 243 242 242 246 249 252 254 253 252 254 258 258 258 257 257 257 257 257 257 257 257 257 257 257 257 257 257 257 257 257 257 257 257 257 257 257 257 257 257 257 257 257 257 257 257 257
244 243 242 241 241 240 240 240 239 238 238 238 238 238 238 239 239 240 240 241 242 243 245 246 247 249 250 251 252 253 254 254 253 252 252 251 250 250 250 250 252 252 254 256 257 256 256 258 258 258 258 258 257 257 257 257 257 257 257 257 257 257 257 257 257 257 257 257 257 257 257 257 257 257 257 257 257 257 257 257 257 257 257 257
246 245 244 244 243 243 242 242 242 241 241 241 241 241 241 241 241 241 242 243 244 245 246 248 249 250 251 252 254 255 255 255 255 255 254 255 253 254 254 255 256 257 257 258 258 258 258 259 259 258 258 258 257 257 257 257 257 257 257 257 257 257 257 257 257 257 257 257 257 257 257 257 257 257 257 257 257 257 257 257 257 257 257 257
248 247 246 246 245 245 244 244 244 243 243 243 243 242 242 243 242 243 244 244 245 246 248 249 250 251 252 253 254 255 256 256 256 256 256 256 256 256 256 257 258 259 259 258 258 258 258 258 258 258 258 258 257 257 257 257 257 257 257 257 257 257 257 257 257 257 257 257 257 257 257 257 257 257 257 257 257 257 257 257 257 257 257 257
250 249 248 248 247 247 246 246 246 245 245 245 245 244 244 244 244 245 245 246 247 248 249 251 252 252 253 254 255 256 256 256 256 257 257 257 257 258 258 259 259 259 259 258 258 258 258 257 258 258 258 257 256 257 257 257 257 257 255 257 257 257 257 257 257 257 257 257 257 257 257 257 257 257 257 257 257 257 257 257 257 257 257 257
251 251 250 249 249 249 248 248 248 248 247 247 246 246 246 246 246 246 247 247 249 250 251 252 253 253 254 255 255 256 257 257 257 257 257 257 257 258 258 258 259 258 258 258 258 258 258 257 257 258 257 257 255 255 256 256 256 257 250 255 257 257 257 257 257 257 257 257 257 257 257 257 257 257 257 257 257 257 257 257 257 257 257 257
253 252 252 251 251 251 250 250 250 249 248 248 248 248 247 247 247 248 248 248 250 251 252 253 254 255 255 256 256 257 257 257 257 257 257 257 257 257 257 258 258 258 258 258 258 258 257 257 257 257 257 254 251 252 252 252 249 252 251 255 257 257 257 257 257 257 257 257 257 257 257 257 257 257 257 257 257 257 257 257 257 257 257 257
255 254 253 252 252 253 252 253 252 251 251 250 250 249 249 248 248 249 249 250 251 252 253 254 255 256 256 257 257 257 258 258 257 258 257 257 256 257 257 257 258 258 258 258 258 258 257 257 257 257 254 251 248 251 252 245 239 240 247 254 257 257 257 257 257 257 257 257 257 257 257 257 257 257 257 257 257 257 257 257 257 257 257 257
256 255 255 253 254 254 254 254 254 253 252 251 250 250 249 249 248 249 250 251 252 253 254 255 255 256 257 257 257 258 258 258 258 258 258 258 257 257 257 257 258 258 258 259 258 258 258 257 257 256 253 249 242 245 246 239 233 231 241 251 257 257 257 257 257 257 257 257 257 257 257 257 257 257 257 257 257 257 257 257 257 257 257 257
256 256 256 253 255 255 255 255 254 254 254 252 251 251 250 250 247 248 251 252 253 253 254 255 256 256 257 257 258 258 258 258 258 258 258 258 257 257 258 258 258 258 259 259 259 259 258 258 258 258 257 252 245 242 243 239 239 237 242 250 256 257 257 257 257 257 257 257 257 257 257 257 257 257 257 257 257 257 257 257 257 257 257 257
257 257 256 256 256 256 256 255 255 255 254 252 251 251 251 248 245 251 252 252 253 254 254 255 256 257 257 257 258 258 258 258 258 258 259 258 258 258 258 258 259 259 260 259 259 259 259 258 258 258 258 256 252 251 249 250 250 247 246 251 256 257 257 257 257 257 257 257 257 257 257 257 257 257 257 257 257 257 257 257 257 257 257 257
259 258 258 257 257 257 256 255 254 255 253 253 252 250 250 249 250 251 252 252 253 254 254 255 255 256 256 257 258 258 258 258 258 259 259 259 259 259 259 259 259 260 260 260 259 259 259 259 258 258 256 256 256 256 256 256 256 255 253 254 257 257 257 257 257 257 257 257 257 257 257 257 257 257 257 257 257 257 257 257 257 257 257 257
260 258 256 256 257 256 255 254 252 253 252 251 251 249 249 248 249 251 251 251 251 252 253 254 253 254 254 254 257 258 258 258 258 259 259 259 259 259 259 259 259 260 260 260 260 260 259 259 259 258 257 257 257 257 257 257 257 257 257 257 257 257 257 257 257 257 257 257 257 257 257 257 257 257 257 257 257 257 257 257 257 257 257 257
255 253 255 257 257 256 255 253 254 252 251 250 249 247 247 246 250 250 247 249 249 249 251 251 252 252 255 254 256 257 257 256 258 259 259 259 259 259 260 260 260 260 260 260 259 260 259 259 259 258 257 258 257 257 257 257 257 257 256 256 257 257 257 257 257 257 257 257 257 257 257 257 257 257 257 257 257 257 257 257 257 257 257 257
256 257 258 256 256 255 253 255 256 254 251 252 250 247 245 248 250 247 244 246 247 247 249 248 250 254 256 257 257 257 258 258 259 259 259 259 260 260 260 260 260 260 260 260 260 259 260 259 259 259 258 258 258 257 257 257 257 256 256 256 256 256 256 256 257 257 257 257 257 257 257 257 257 257 257 257 257 257 257 257 257 257 257 257
258 256 256 254 256 255 254 256 257 254 252 253 249 246 247 248 246 245 242 242 246 246 246 247 247 252 254 257 257 258 258 258 259 259 259 259 260 260 260 260 260 260 260 260 260 260 258 260 260 259 258 258 258 257 257 257 257 256 256 256 256 256 256 256 256 256 256 257 257 257 257 257 257 257 257 257 257 257 257 257 257 257 257 257
259 256 257 257 258 256 256 257 257 256 253 249 247 246 247 244 237 241 241 240 242 248 247 248 251 252 253 255 256 256 256 257 257 257 257 258 259 260 260 260 260 260 260 260 260 260 258 258 258 259 259 258 258 258 257 257 257 256 256 256 256 256 256 256 256 256 256 256 256 257 257 257 257 257 257 257 257 257 257 257 257 257 257 257
260 259 260 259 259 259 257 255 253 253 248 244 243 246 244 237 235 242 242 242 244 249 249 252 252 251 253 254 254 254 253 254 253 253 253 257 259 260 260 260 260 260 260 260 260 260 260 258 258 259 259 259 258 258 258 257 257 256 256 256 256 256 256 256 256 256 256 256 256 256 257 257 257 257 257 257 257 257 257 257 257 257 257 257
261 260 261 261 260 258 255 254 250 250 245 243 246 243 240 231 235 244 245 244 250 251 247 249 252 250 252 253 254 252 253 253 253 254 255 258 260 260 260 260 260 260 261 261 261 261 261 260 260 259 259 259 258 258 258 257 257 256 256 256 256 256 256 256 256 256 256 256 256 256 257 257 257 257 257 257 257 257 257 257 257 257 257 257
262 261 261 261 260 259 257 255 253 249 243 244 249 245 242 236 243 251 247 248 251 252 246 247 250 253 252 251 253 252 253 255 254 256 258 259 260 260 260 260 260 260 260 260 261 261 261 260 260 260 259 259 258 258 258 257 257 256 256 256 256 256 256 256 256 256 256 256 256 256 256 257 257 257 257 257 257 257 257 257 257 257 257 257
262 262 261 260 257 256 256 252 252 245 245 250 250 248 245 243 248 254 252 252 253 253 250 253 251 255 256 254 253 253 253 254 255 258 258 259 260 260 260 260 260 260 260 260 261 261 261 261 260 260 259 259 258 258 258 257 257 256 256 256 256 256 256 256 256 256 256 256 256 256 256 256 257 257 257 257 257 257 257 257 257 257 257 257
