08 Ecocrop/raster/current/tmean_11.asc
ncols        683
nrows        518
xllcorner    -87.691666666667
yllcorner    10.708333333333
cellsize     0.008333333333
NODATA_value  1.#QNAN
[rows 148 to 184 of 518, columns 336 to 419 of 683]
249 245 237 243 244 247 249 250 249 246 246 246 244 244 246 243 239 238 234 227 222 229 234 234 238 237 233 228 230 227 223 221 227 231 233 232 234 236 237 236 231 238 243 243 245 246 244 243 241 240 245 249 251 251 252 252 252 252 252 250 249 246 249 251 252 252 252 252 252 252 252 252 252 252 252 252 252 252 252 252 252 252 252 252
249 242 240 244 247 248 249 250 249 248 246 246 243 246 245 241 239 238 236 227 220 229 237 239 234 233 231 228 223 221 216 220 226 230 235 230 229 235 239 240 240 243 244 242 242 242 245 245 245 244 247 248 249 251 252 252 252 252 252 249 249 247 250 252 252 252 252 252 252 252 252 252 252 252 252 252 252 252 252 252 252 252 252 252
249 248 247 245 247 248 250 250 249 248 247 247 246 247 244 243 242 240 236 230 228 234 239 238 228 227 223 219 218 220 224 228 233 237 237 236 237 236 242 241 243 245 244 241 237 239 241 243 241 244 247 248 248 249 251 252 251 251 252 251 252 251 251 252 252 252 252 252 252 252 252 252 252 252 252 252 252 252 252 252 252 252 252 252
248 246 248 246 249 249 250 249 249 248 247 247 248 245 244 243 241 239 233 234 237 238 243 238 235 231 230 226 228 230 235 234 234 240 237 240 242 241 243 243 243 243 246 245 242 239 238 238 240 241 245 246 248 249 251 252 251 251 252 251 249 250 248 252 252 252 252 252 252 252 252 252 252 252 252 252 252 252 252 252 252 252 252 252
249 247 248 248 250 250 249 249 248 247 248 248 247 245 244 242 241 237 234 239 242 242 243 245 243 241 239 236 234 239 241 240 237 241 243 243 244 244 243 243 243 244 245 247 246 243 243 243 244 245 247 248 249 249 250 250 249 251 251 251 249 249 248 250 252 252 252 252 251 252 252 252 252 252 252 252 252 252 252 252 252 252 252 252
250 248 250 250 250 250 249 249 249 249 249 248 247 245 244 242 240 234 237 243 243 244 242 245 245 245 243 241 239 240 242 244 245 246 247 246 246 245 244 244 243 245 245 246 247 247 247 247 246 247 249 250 250 251 251 249 250 251 251 250 250 250 249 249 251 252 252 252 252 252 252 252 252 252 252 252 252 252 252 252 252 252 252 252
250 249 250 250 250 250 250 249 248 249 249 247 246 246 244 245 243 238 240 245 245 245 243 247 246 245 241 241 238 235 238 243 245 248 248 248 247 246 244 243 245 246 246 243 246 249 248 247 247 248 248 248 249 251 250 247 246 251 252 250 250 251 251 250 252 252 252 252 252 252 252 252 252 252 252 252 252 252 252 252 252 252 252 252
251 250 250 251 250 250 250 249 249 249 249 247 245 246 245 246 245 245 242 244 244 245 247 247 247 245 242 243 241 237 238 243 245 247 248 249 249 246 247 246 245 246 247 245 246 248 250 249 249 250 249 250 249 250 249 249 250 250 251 251 251 252 252 252 252 252 252 252 252 252 252 252 252 252 252 252 252 252 252 252 252 252 252 252
250 251 250 251 250 250 250 250 249 249 248 247 247 248 247 247 244 244 244 243 243 241 244 248 248 245 244 245 247 246 244 246 249 248 249 249 250 249 249 248 246 246 248 247 247 249 250 251 250 250 250 251 251 250 247 248 250 251 250 250 252 252 252 252 252 252 252 252 252 252 252 252 252 252 252 253 253 252 252 252 252 252 252 252
250 250 250 250 251 250 250 250 249 248 249 249 249 249 248 247 246 245 245 243 244 242 245 248 247 243 243 245 247 249 248 248 249 250 250 249 250 250 249 247 249 248 249 249 250 250 251 251 251 251 251 251 252 251 250 249 250 251 250 250 252 252 252 252 252 252 252 252 252 252 252 252 252 252 252 252 253 252 252 252 252 252 252 252
250 250 250 250 251 250 250 250 250 248 249 250 249 249 248 247 247 248 248 246 245 244 247 249 247 245 244 244 247 249 250 250 250 250 250 250 250 251 251 250 250 250 249 250 250 249 248 250 252 252 251 252 252 252 252 251 251 252 251 251 252 252 252 252 252 252 252 252 252 252 252 252 252 252 252 252 252 252 252 252 252 252 252 252
250 251 251 251 251 251 250 250 250 249 249 250 250 249 248 246 245 248 249 249 248 248 248 249 248 245 246 248 245 247 249 250 251 251 251 251 251 251 251 251 251 251 250 250 251 250 249 251 252 252 252 252 252 253 252 252 252 252 251 251 251 251 251 252 252 252 252 252 252 252 252 252 252 252 252 252 252 252 252 252 252 252 252 252
250 251 250 251 250 251 250 250 250 250 250 249 250 249 249 247 246 247 249 249 249 249 249 249 248 248 249 249 244 244 249 250 251 251 251 251 251 251 251 252 252 252 252 252 252 252 252 252 252 252 252 252 252 253 252 252 252 252 251 252 252 252 252 252 252 252 252 252 252 252 252 252 252 252 252 252 252 251 251 251 252 252 252 252
250 250 248 250 250 251 251 251 250 250 250 249 250 250 250 249 249 247 248 249 249 249 249 250 249 249 249 249 249 248 250 250 251 251 251 252 251 251 252 249 250 252 252 252 253 253 253 252 252 252 252 252 253 253 253 253 252 252 252 252 252 252 252 252 252 252 252 252 252 252 252 252 252 252 252 252 251 252 251 252 252 252 252 252
250 247 247 249 249 250 251 251 248 249 250 249 250 250 250 250 249 247 248 250 250 249 249 250 250 249 249 250 250 249 249 250 251 252 252 252 252 252 252 252 252 252 252 252 252 251 247 252 252 252 253 252 253 253 253 252 252 252 252 252 252 252 252 252 252 252 252 252 252 252 252 252 252 252 252 251 252 252 251 252 252 252 252 252
249 246 247 249 249 249 251 250 249 249 250 250 249 249 250 250 249 249 249 249 249 247 249 250 248 248 249 248 249 250 249 249 251 251 247 251 252 251 252 252 252 252 252 252 252 252 252 252 252 252 253 252 252 253 253 252 252 252 251 251 252 252 252 252 252 252 252 252 252 252 252 252 252 251 251 251 251 252 252 252 252 251 252 252
249 248 248 249 250 250 251 250 249 250 250 250 250 250 250 249 250 250 250 248 245 243 247 249 249 249 248 245 244 248 249 248 249 249 249 249 251 252 252 252 252 251 252 252 252 253 253 252 252 252 252 252 252 252 253 252 252 252 251 250 250 251 251 252 251 251 251 252 252 252 252 252 251 251 251 251 251 252 252 252 252 251 251 251
249 248 249 250 250 250 251 250 249 249 250 250 250 250 251 251 251 251 250 248 246 244 245 247 250 247 246 245 242 244 242 245 249 249 248 248 249 252 252 252 252 252 252 252 253 253 253 252 252 252 252 252 253 252 252 252 252 251 251 250 249 250 251 252 251 251 251 251 251 251 252 252 252 251 251 251 251 252 251 251 251 251 250 250
249 249 249 250 250 250 251 250 249 247 249 250 250 250 250 251 250 248 250 251 248 245 243 246 249 250 245 239 240 238 235 241 247 250 250 249 248 250 251 252 252 252 252 252 252 252 253 253 252 252 252 252 253 252 252 252 251 251 251 250 249 248 250 251 251 251 251 251 251 251 251 251 252 251 251 251 251 252 252 251 251 250 250 250
250 249 250 251 251 250 251 250 249 245 246 249 250 249 249 251 250 249 249 250 251 249 245 246 248 249 250 247 241 240 238 244 247 248 249 250 249 250 251 252 252 252 252 252 252 252 253 253 252 252 252 252 252 252 252 252 251 251 251 250 249 248 249 250 251 251 250 250 250 251 251 252 252 252 252 252 252 252 252 252 251 250 250 250
250 250 250 251 251 251 251 251 248 244 246 247 250 249 250 249 250 250 248 248 249 251 248 249 249 249 250 250 249 244 236 244 246 246 246 247 248 251 252 252 253 252 252 252 251 251 252 253 253 252 252 252 252 252 252 252 252 251 251 250 249 248 249 249 250 251 250 250 251 251 251 252 252 252 251 252 252 252 252 252 251 250 250 250
249 249 250 250 250 250 250 251 248 247 245 249 250 250 248 244 247 248 248 247 247 249 251 250 249 247 249 251 250 243 244 247 248 246 246 245 245 246 248 251 252 252 251 251 250 250 252 252 253 252 252 252 252 252 252 252 252 251 251 251 250 249 249 250 250 251 251 251 250 251 251 251 251 251 251 252 252 252 252 252 251 251 250 250
248 249 250 250 250 249 251 250 251 249 248 250 250 250 249 246 248 248 250 250 248 249 250 251 248 246 248 250 251 249 250 250 248 245 246 246 246 245 246 250 252 252 252 252 252 252 252 252 252 252 252 252 252 252 252 252 252 252 251 251 251 249 250 250 250 251 251 251 251 251 251 251 251 251 251 251 252 252 252 252 251 251 250 250
246 249 250 249 250 250 250 249 250 251 250 251 251 251 249 248 246 248 248 249 250 251 251 251 250 250 250 250 251 251 250 250 246 244 245 248 247 248 249 250 252 252 252 252 252 252 252 252 252 252 252 252 252 252 251 252 252 252 251 251 251 250 250 251 250 250 251 250 250 251 251 251 251 251 251 251 251 251 251 251 252 251 251 250
249 249 249 248 250 250 250 249 249 250 251 251 251 251 250 250 248 247 247 246 248 251 250 250 251 251 251 250 251 251 249 250 248 245 246 248 249 250 251 251 252 251 251 252 252 252 252 252 252 252 252 252 252 252 251 252 252 252 251 251 251 250 250 251 250 249 250 250 250 250 250 250 250 251 251 251 251 251 251 251 252 251 251 250
250 250 249 250 250 250 250 250 250 249 251 251 251 251 250 250 249 248 247 249 249 249 250 250 250 250 251 251 251 251 250 249 249 248 246 244 248 250 250 250 251 251 252 252 252 252 252 252 252 252 252 252 252 252 252 252 252 252 252 251 251 251 251 251 251 250 249 250 250 250 251 251 251 251 251 251 251 251 251 251 252 251 251 251
249 249 250 250 250 250 250 250 250 250 250 251 251 251 251 249 247 246 246 248 248 247 249 249 250 251 251 251 251 251 251 249 249 248 245 246 247 250 250 250 251 251 252 252 252 252 252 252 252 252 252 252 252 252 252 252 252 252 251 251 251 251 251 251 251 250 249 249 250 250 250 251 251 251 251 251 251 251 251 251 251 252 251 251
249 249 250 250 250 250 251 250 250 250 250 251 251 251 250 248 246 244 246 247 246 246 247 247 249 250 251 251 250 251 251 248 247 248 244 244 247 250 251 251 252 251 251 251 252 252 252 252 252 252 252 252 252 252 252 252 252 252 251 251 251 251 251 251 251 251 250 250 250 250 250 251 252 252 252 251 251 251 251 251 251 251 251 251
249 249 249 249 250 250 250 250 249 250 250 251 251 251 250 248 243 244 246 246 246 244 242 245 244 243 246 250 251 251 251 249 248 248 248 249 250 251 251 251 251 252 251 251 251 252 252 251 252 252 252 252 252 252 252 252 252 252 252 251 251 251 251 251 251 251 250 250 250 250 250 251 252 252 252 251 251 251 251 251 251 251 251 251
250 250 249 250 250 250 250 250 249 250 251 251 251 251 250 250 246 244 247 248 245 243 237 242 239 240 244 245 249 251 251 250 250 251 250 250 250 251 252 252 252 252 251 251 252 252 251 251 252 252 252 252 252 252 252 252 252 252 252 252 251 251 251 251 251 251 251 250 251 251 251 251 252 252 252 252 252 251 251 251 251 251 251 251
249 249 250 250 250 250 250 251 250 251 251 251 251 251 250 249 247 246 246 248 247 246 243 242 241 240 241 246 248 248 250 251 251 251 250 251 251 251 250 252 252 252 251 251 251 251 252 252 252 252 252 252 252 252 252 252 252 252 252 252 252 251 251 251 251 251 251 251 251 251 251 251 251 252 252 252 252 252 251 251 251 251 251 251
250 250 250 250 250 251 251 251 251 251 251 251 251 251 250 248 247 248 248 249 246 241 242 246 247 245 245 248 248 248 249 250 250 251 251 250 251 250 251 252 251 251 252 251 251 251 252 252 252 252 252 252 252 252 252 252 252 252 252 252 252 251 251 251 251 251 251 251 251 251 251 251 251 251 252 252 252 252 252 252 252 252 252 252
250 250 250 250 250 250 251 249 249 251 251 251 251 251 249 248 249 248 245 248 248 241 240 246 248 248 246 247 246 246 249 249 250 251 251 251 251 251 251 250 249 251 251 252 252 252 252 252 252 252 252 252 252 251 251 251 251 251 252 251 252 251 251 251 251 251 251 251 251 251 251 251 251 251 251 252 252 252 252 252 252 252 252 252
250 250 250 250 250 250 251 250 250 250 251 251 251 250 249 248 247 249 246 244 247 247 246 248 249 247 246 246 248 247 248 249 249 250 250 251 251 251 251 251 251 251 251 251 251 251 251 251 252 252 252 251 251 251 251 251 251 251 251 251 251 251 251 251 251 251 251 251 251 251 251 251 251 251 251 252 252 252 252 252 252 252 252 252
250 250 250 249 249 249 251 251 250 251 251 251 251 249 250 248 245 246 246 246 245 250 250 250 250 246 244 247 247 247 247 248 249 250 250 251 251 251 250 250 250 251 251 251 251 251 251 251 252 252 252 251 251 251 251 251 251 251 251 251 251 251 252 251 251 251 251 251 251 251 251 251 251 251 251 252 252 252 252 252 252 252 252 252
250 250 250 250 250 250 251 251 250 251 251 251 250 248 249 246 245 248 246 247 247 249 248 250 250 249 248 248 246 246 246 249 249 249 248 250 250 250 250 250 250 250 250 251 251 249 251 252 252 251 251 251 251 251 251 251 251 251 251 251 251 251 251 251 251 251 251 251 251 251 251 251 251 251 251 251 252 252 252 252 252 252 252 252
250 249 250 251 251 251 251 251 250 251 251 251 251 249 250 248 249 248 248 248 247 246 246 250 250 248 249 248 242 245 248 248 248 249 248 249 249 250 250 250 250 250 251 251 251 250 249 250 251 252 251 251 251 251 251 251 251 251 251 251 251 251 251 251 251 251 251 251 251 251 251 251 251 251 251 251 251 252 252 252 252 252 252 252
