08 Ecocrop/raster/current/tmean_2.asc
ncols        683
nrows        518
xllcorner    -87.691666666667
yllcorner    10.708333333333
cellsize     0.008333333333
NODATA_value  1.#QNAN
[rows 185 to 221 of 518, columns 84 to 167 of 683]
1.#QNAN 1.#QNAN 1.#QNAN 1.#QNAN 1.#QNAN 1.#QNAN 1.#QNAN 1.#QNAN 1.#QNAN 1.#QNAN 1.#QNAN 1.#QNAN 1.#QNAN 1.#QNAN 1.#QNAN 1.#QNAN 1.#QNAN 1.#QNAN 1.#QNAN 1.#QNAN 1.#QNAN 1.#QNAN 1.#QNAN 1.#QNAN 1.#QNAN 1.#QNAN 1.#QNAN 1.#QNAN 1.#QNAN 1.#QNAN 209 212 215 216 215 215 224 220 217 226 225 222 218 220 223 222 220 221 220 219 216 209 208 208 215 218 219 216 219 223 224 223 220 224 224 223 225 228 227 228 228 227 226 223 222 223 224 227 225 227 229 230 227 221
1.#QNAN 1.#QNAN 1.#QNAN 1.#QNAN 1.#QNAN 1.#QNAN 1.#QNAN 1.#QNAN 1.#QNAN 1.#QNAN 1.#QNAN 1.#QNAN 1.#QNAN 1.#QNAN 1.#QNAN 1.#QNAN 1.#QNAN 1.#QNAN 1.#QNAN 1.#QNAN 1.#QNAN 1.#QNAN 1.#QNAN 1.#QNAN 1.#QNAN 1.#QNAN 1.#QNAN 1.#QNAN 1.#QNAN 1.#QNAN 215 217 218 216 211 214 225 226 227 228 228 225 225 225 225 223 221 219 216 217 214 205 205 209 215 216 214 216 217 219 222 225 224 222 224 226 227 227 228 230 230 230 228 225 224 225 226 228 229 230 226 223 220 212
1.#QNAN 1.#QNAN 1.#QNAN 1.#QNAN 1.#QNAN 1.#QNAN 1.#QNAN 1.#QNAN 1.#QNAN 1.#QNAN 1.#QNAN 1.#QNAN 1.#QNAN 1.#QNAN 1.#QNAN 1.#QNAN 1.#QNAN 1.#QNAN 1.#QNAN 1.#QNAN 1.#QNAN 1.#QNAN 1.#QNAN 1.#QNAN 1.#QNAN 1.#QNAN 1.#QNAN 1.#QNAN 1.#QNAN 1.#QNAN 1.#QNAN 219 220 215 216 219 225 221 226 227 227 225 223 225 224 222 221 218 216 215 214 209 205 211 208 211 212 218 219 221 222 222 222 224 224 224 227 229 229 230 230 231 229 226 224 225 227 229 230 227 221 211 205 202
1.#QNAN 1.#QNAN 1.#QNAN 1.#QNAN 1.#QNAN 1.#QNAN 1.#QNAN 1.#QNAN 1.#QNAN 1.#QNAN 1.#QNAN 1.#QNAN 1.#QNAN 1.#QNAN 1.#QNAN 1.#QNAN 1.#QNAN 1.#QNAN 1.#QNAN 1.#QNAN 1.#QNAN 1.#QNAN 1.#QNAN 1.#QNAN 1.#QNAN 1.#QNAN 1.#QNAN 1.#QNAN 1.#QNAN 1.#QNAN 1.#QNAN 213 217 219 219 217 223 221 226 224 224 225 222 223 223 220 220 217 213 208 210 210 208 204 207 212 214 217 217 219 221 221 222 223 226 227 228 228 229 230 231 231 231 230 230 230 229 231 229 225 218 203 195 202
1.#QNAN 1.#QNAN 1.#QNAN 1.#QNAN 1.#QNAN 1.#QNAN 1.#QNAN 1.#QNAN 1.#QNAN 1.#QNAN 1.#QNAN 1.#QNAN 1.#QNAN 1.#QNAN 1.#QNAN 1.#QNAN 1.#QNAN 1.#QNAN 1.#QNAN 1.#QNAN 1.#QNAN 1.#QNAN 1.#QNAN 1.#QNAN 1.#QNAN 1.#QNAN 1.#QNAN 1.#QNAN 1.#QNAN 1.#QNAN 1.#QNAN 204 208 215 214 219 219 221 219 223 224 224 222 222 220 219 217 215 212 207 205 205 204 200 203 207 212 215 218 218 221 222 224 225 225 225 227 228 230 230 231 232 232 230 230 228 229 228 227 225 218 200 199 204
1.#QNAN 1.#QNAN 1.#QNAN 1.#QNAN 1.#QNAN 1.#QNAN 1.#QNAN 1.#QNAN 1.#QNAN 1.#QNAN 1.#QNAN 1.#QNAN 1.#QNAN 1.#QNAN 1.#QNAN 1.#QNAN 1.#QNAN 1.#QNAN 1.#QNAN 1.#QNAN 1.#QNAN 1.#QNAN 1.#QNAN 1.#QNAN 1.#QNAN 1.#QNAN 1.#QNAN 1.#QNAN 1.#QNAN 1.#QNAN 1.#QNAN 1.#QNAN 202 211 218 220 212 213 219 221 222 222 220 221 219 218 216 213 208 201 196 198 197 193 200 204 207 209 214 215 220 222 221 220 221 223 225 227 229 230 231 230 231 228 228 225 225 225 223 224 216 204 204 199
1.#QNAN 1.#QNAN 1.#QNAN 1.#QNAN 1.#QNAN 1.#QNAN 1.#QNAN 1.#QNAN 1.#QNAN 1.#QNAN 1.#QNAN 1.#QNAN 1.#QNAN 1.#QNAN 1.#QNAN 1.#QNAN 1.#QNAN 1.#QNAN 1.#QNAN 1.#QNAN 1.#QNAN 1.#QNAN 1.#QNAN 1.#QNAN 1.#QNAN 1.#QNAN 1.#QNAN 1.#QNAN 1.#QNAN 1.#QNAN 1.#QNAN 1.#QNAN 204 211 216 219 213 212 217 217 215 221 219 217 218 216 213 210 203 190 184 186 190 196 204 210 213 215 217 219 220 219 221 223 222 224 225 225 228 229 230 231 231 228 226 223 220 220 218 219 210 211 203 197
1.#QNAN 1.#QNAN 1.#QNAN 1.#QNAN 1.#QNAN 1.#QNAN 1.#QNAN 1.#QNAN 1.#QNAN 1.#QNAN 1.#QNAN 1.#QNAN 1.#QNAN 1.#QNAN 1.#QNAN 1.#QNAN 1.#QNAN 1.#QNAN 1.#QNAN 1.#QNAN 1.#QNAN 1.#QNAN 1.#QNAN 1.#QNAN 1.#QNAN 1.#QNAN 1.#QNAN 1.#QNAN 1.#QNAN 1.#QNAN 1.#QNAN 196 207 214 216 218 213 213 214 214 213 219 217 214 212 215 212 206 199 180 170 185 197 205 209 209 213 213 217 220 222 222 223 223 224 225 227 227 228 229 230 231 230 229 226 223 222 221 215 211 211 213 211 208
1.#QNAN 1.#QNAN 1.#QNAN 1.#QNAN 1.#QNAN 1.#QNAN 1.#QNAN 1.#QNAN 1.#QNAN 1.#QNAN 1.#QNAN 1.#QNAN 1.#QNAN 1.#QNAN 1.#QNAN 1.#QNAN 1.#QNAN 1.#QNAN 1.#QNAN 1.#QNAN 1.#QNAN 1.#QNAN 1.#QNAN 1.#QNAN 1.#QNAN 1.#QNAN 1.#QNAN 1.#QNAN 1.#QNAN 1.#QNAN 192 200 208 213 209 212 215 213 206 207 214 217 213 208 204 211 208 196 191 182 178 189 196 207 212 211 214 215 214 218 222 223 224 224 224 224 225 227 228 228 229 229 228 229 226 225 222 220 220 218 217 217 215 210
1.#QNAN 1.#QNAN 1.#QNAN 1.#QNAN 1.#QNAN 1.#QNAN 1.#QNAN 1.#QNAN 1.#QNAN 1.#QNAN 1.#QNAN 1.#QNAN 1.#QNAN 1.#QNAN 1.#QNAN 1.#QNAN 1.#QNAN 1.#QNAN 1.#QNAN 1.#QNAN 1.#QNAN 1.#QNAN 1.#QNAN 1.#QNAN 1.#QNAN 1.#QNAN 1.#QNAN 1.#QNAN 1.#QNAN 1.#QNAN 194 203 208 212 206 206 208 212 209 206 213 211 212 206 205 203 200 191 184 173 188 202 207 211 215 213 214 218 218 220 218 222 224 224 224 224 225 226 227 228 229 227 227 229 226 225 223 218 218 218 216 215 214 213
1.#QNAN 1.#QNAN 1.#QNAN 1.#QNAN 1.#QNAN 1.#QNAN 1.#QNAN 1.#QNAN 1.#QNAN 1.#QNAN 1.#QNAN 1.#QNAN 1.#QNAN 1.#QNAN 1.#QNAN 1.#QNAN 1.#QNAN 1.#QNAN 1.#QNAN 1.#QNAN 1.#QNAN 1.#QNAN 1.#QNAN 1.#QNAN 1.#QNAN 1.#QNAN 1.#QNAN 1.#QNAN 1.#QNAN 180 188 195 202 207 209 202 204 206 203 202 208 204 211 205 202 201 196 188 178 175 188 204 211 215 218 218 218 220 216 222 221 221 222 222 221 223 225 225 227 228 226 226 225 227 226 224 223 221 219 215 215 210 208 209
1.#QNAN 1.#QNAN 1.#QNAN 1.#QNAN 1.#QNAN 1.#QNAN 1.#QNAN 1.#QNAN 1.#QNAN 1.#QNAN 1.#QNAN 1.#QNAN 1.#QNAN 1.#QNAN 1.#QNAN 1.#QNAN 1.#QNAN 1.#QNAN 1.#QNAN 1.#QNAN 1.#QNAN 1.#QNAN 1.#QNAN 1.#QNAN 1.#QNAN 1.#QNAN 1.#QNAN 1.#QNAN 1.#QNAN 177 183 190 199 204 211 207 202 199 200 197 200 196 207 205 202 199 191 184 178 178 193 208 210 212 218 221 220 220 221 221 221 222 222 221 219 219 224 225 226 227 225 226 226 227 226 225 223 221 219 215 211 211 207 202
1.#QNAN 1.#QNAN 1.#QNAN 1.#QNAN 1.#QNAN 1.#QNAN 1.#QNAN 1.#QNAN 1.#QNAN 1.#QNAN 1.#QNAN 1.#QNAN 1.#QNAN 1.#QNAN 1.#QNAN 1.#QNAN 1.#QNAN 1.#QNAN 1.#QNAN 1.#QNAN 1.#QNAN 1.#QNAN 1.#QNAN 1.#QNAN 1.#QNAN 1.#QNAN 1.#QNAN 1.#QNAN 1.#QNAN 1.#QNAN 185 189 198 206 206 206 200 191 191 193 193 198 203 195 197 192 181 188 183 185 194 209 214 214 219 221 222 221 223 221 222 224 224 221 223 224 225 226 226 226 225 225 227 226 225 223 221 218 216 215 212 208 209 203
1.#QNAN 1.#QNAN 1.#QNAN 1.#QNAN 1.#QNAN 1.#QNAN 1.#QNAN 1.#QNAN 1.#QNAN 1.#QNAN 1.#QNAN 1.#QNAN 1.#QNAN 1.#QNAN 1.#QNAN 1.#QNAN 1.#QNAN 1.#QNAN 1.#QNAN 1.#QNAN 1.#QNAN 1.#QNAN 1.#QNAN 1.#QNAN 1.#QNAN 1.#QNAN 1.#QNAN 1.#QNAN 1.#QNAN 1.#QNAN 1.#QNAN 1.#QNAN 195 200 201 204 197 189 187 187 183 193 200 190 183 184 175 187 192 194 197 206 216 216 219 220 222 223 224 223 223 221 219 224 224 224 224 224 223 223 224 226 227 224 223 222 221 218 214 209 207 199 204 200
1.#QNAN 1.#QNAN 1.#QNAN 1.#QNAN 1.#QNAN 1.#QNAN 1.#QNAN 1.#QNAN 1.#QNAN 1.#QNAN 1.#QNAN 1.#QNAN 1.#QNAN 1.#QNAN 1.#QNAN 1.#QNAN 1.#QNAN 1.#QNAN 1.#QNAN 1.#QNAN 1.#QNAN 1.#QNAN 1.#QNAN 1.#QNAN 1.#QNAN 1.#QNAN 1.#QNAN 1.#QNAN 1.#QNAN 1.#QNAN 1.#QNAN 1.#QNAN 1.#QNAN 195 189 194 203 195 186 183 179 193 194 188 180 172 167 180 192 201 207 212 217 219 221 222 223 223 220 221 217 217 216 220 221 221 221 222 221 223 224 226 225 219 216 220 218 215 212 205 197 198 203 203
1.#QNAN 1.#QNAN 1.#QNAN 1.#QNAN 1.#QNAN 1.#QNAN 1.#QNAN 1.#QNAN 1.#QNAN 1.#QNAN 1.#QNAN 1.#QNAN 1.#QNAN 1.#QNAN 1.#QNAN 1.#QNAN 1.#QNAN 1.#QNAN 1.#QNAN 1.#QNAN 1.#QNAN 1.#QNAN 1.#QNAN 1.#QNAN 1.#QNAN 1.#QNAN 1.#QNAN 1.#QNAN 1.#QNAN 1.#QNAN 1.#QNAN 1.#QNAN 1.#QNAN 194 186 193 202 191 187 182 180 185 190 185 181 174 166 171 185 190 200 209 216 219 221 222 222 221 219 217 218 213 212 216 217 216 216 218 221 224 224 226 224 218 218 221 218 209 201 197 195 200 204 201
1.#QNAN 1.#QNAN 1.#QNAN 1.#QNAN 1.#QNAN 1.#QNAN 1.#QNAN 1.#QNAN 1.#QNAN 1.#QNAN 1.#QNAN 1.#QNAN 1.#QNAN 1.#QNAN 1.#QNAN 1.#QNAN 1.#QNAN 1.#QNAN 1.#QNAN 1.#QNAN 1.#QNAN 1.#QNAN 1.#QNAN 1.#QNAN 1.#QNAN 1.#QNAN 1.#QNAN 1.#QNAN 1.#QNAN 1.#QNAN 1.#QNAN 1.#QNAN 1.#QNAN 1.#QNAN 187 192 200 191 189 184 182 181 183 183 178 176 170 167 173 177 191 207 215 218 220 221 219 217 214 217 217 215 213 208 211 212 220 222 223 223 223 225 225 222 223 222 218 208 195 187 192 198 201 199
1.#QNAN 1.#QNAN 1.#QNAN 1.#QNAN 1.#QNAN 1.#QNAN 1.#QNAN 1.#QNAN 1.#QNAN 1.#QNAN 1.#QNAN 1.#QNAN 1.#QNAN 1.#QNAN 1.#QNAN 1.#QNAN 1.#QNAN 1.#QNAN 1.#QNAN 1.#QNAN 1.#QNAN 1.#QNAN 1.#QNAN 1.#QNAN 1.#QNAN 1.#QNAN 1.#QNAN 1.#QNAN 1.#QNAN 1.#QNAN 1.#QNAN 1.#QNAN 1.#QNAN 1.#QNAN 187 195 198 195 188 182 179 175 174 178 174 170 164 165 176 187 197 206 211 215 218 219 218 216 213 212 207 209 212 208 214 216 221 221 222 220 220 222 223 224 224 223 218 208 203 197 193 191 193 190
1.#QNAN 1.#QNAN 1.#QNAN 1.#QNAN 1.#QNAN 1.#QNAN 1.#QNAN 1.#QNAN 1.#QNAN 1.#QNAN 1.#QNAN 1.#QNAN 1.#QNAN 1.#QNAN 1.#QNAN 1.#QNAN 1.#QNAN 1.#QNAN 1.#QNAN 1.#QNAN 1.#QNAN 1.#QNAN 1.#QNAN 1.#QNAN 1.#QNAN 1.#QNAN 1.#QNAN 1.#QNAN 1.#QNAN 1.#QNAN 1.#QNAN 1.#QNAN 1.#QNAN 1.#QNAN 184 193 197 197 188 181 179 174 171 174 169 162 162 169 175 189 198 204 210 214 215 216 216 214 212 211 203 205 210 211 215 218 216 213 219 218 211 218 221 220 221 223 220 217 213 206 196 182 183 181
1.#QNAN 1.#QNAN 1.#QNAN 1.#QNAN 1.#QNAN 1.#QNAN 1.#QNAN 1.#QNAN 1.#QNAN 1.#QNAN 1.#QNAN 1.#QNAN 1.#QNAN 1.#QNAN 1.#QNAN 1.#QNAN 1.#QNAN 1.#QNAN 1.#QNAN 1.#QNAN 1.#QNAN 1.#QNAN 1.#QNAN 1.#QNAN 1.#QNAN 1.#QNAN 1.#QNAN 1.#QNAN 1.#QNAN 1.#QNAN 1.#QNAN 1.#QNAN 1.#QNAN 1.#QNAN 178 187 192 194 192 180 176 174 175 179 172 166 164 173 181 188 198 203 208 207 208 209 212 209 211 209 202 200 205 207 212 217 218 211 211 215 212 213 217 214 218 223 222 214 211 204 198 186 186 192
1.#QNAN 1.#QNAN 1.#QNAN 1.#QNAN 1.#QNAN 1.#QNAN 1.#QNAN 1.#QNAN 1.#QNAN 1.#QNAN 1.#QNAN 1.#QNAN 1.#QNAN 1.#QNAN 1.#QNAN 1.#QNAN 1.#QNAN 1.#QNAN 1.#QNAN 1.#QNAN 1.#QNAN 1.#QNAN 1.#QNAN 1.#QNAN 1.#QNAN 1.#QNAN 1.#QNAN 1.#QNAN 1.#QNAN 1.#QNAN 1.#QNAN 1.#QNAN 1.#QNAN 1.#QNAN 187 188 191 192 190 190 184 178 180 178 168 168 170 181 188 190 194 198 200 201 200 206 209 206 204 205 198 190 198 204 208 214 219 214 211 206 202 202 211 211 218 220 222 220 213 206 201 192 186 192
1.#QNAN 1.#QNAN 1.#QNAN 1.#QNAN 1.#QNAN 1.#QNAN 1.#QNAN 1.#QNAN 1.#QNAN 1.#QNAN 1.#QNAN 1.#QNAN 1.#QNAN 1.#QNAN 1.#QNAN 1.#QNAN 1.#QNAN 1.#QNAN 182 187 180 174 173 1.#QNAN 1.#QNAN 1.#QNAN 1.#QNAN 1.#QNAN 1.#QNAN 1.#QNAN 1.#QNAN 1.#QNAN 1.#QNAN 1.#QNAN 193 204 202 193 185 188 190 189 187 179 165 171 185 188 194 198 195 194 196 198 198 201 200 201 197 201 195 183 191 198 205 214 218 210 203 198 197 199 208 216 211 213 219 222 216 209 194 188 192 197
1.#QNAN 1.#QNAN 1.#QNAN 1.#QNAN 1.#QNAN 1.#QNAN 1.#QNAN 1.#QNAN 1.#QNAN 1.#QNAN 1.#QNAN 1.#QNAN 1.#QNAN 1.#QNAN 229 222 218 198 191 204 194 191 189 180 1.#QNAN 1.#QNAN 1.#QNAN 1.#QNAN 1.#QNAN 1.#QNAN 1.#QNAN 1.#QNAN 1.#QNAN 200 203 210 214 202 191 183 184 183 182 179 172 178 202 204 203 205 199 199 204 206 196 192 193 191 187 189 189 187 198 205 205 212 215 210 200 196 198 204 206 206 201 210 218 221 213 202 189 193 194 200
1.#QNAN 1.#QNAN 1.#QNAN 1.#QNAN 1.#QNAN 1.#QNAN 1.#QNAN 1.#QNAN 1.#QNAN 1.#QNAN 1.#QNAN 1.#QNAN 1.#QNAN 1.#QNAN 237 234 226 208 199 216 212 206 202 193 197 208 1.#QNAN 1.#QNAN 1.#QNAN 1.#QNAN 1.#QNAN 1.#QNAN 218 214 216 215 221 210 194 187 181 179 174 173 169 182 209 214 211 211 206 213 218 208 196 188 182 178 180 182 184 188 199 207 212 214 215 210 203 198 200 204 203 202 204 208 213 220 212 196 187 196 200 198
1.#QNAN 1.#QNAN 1.#QNAN 1.#QNAN 1.#QNAN 1.#QNAN 1.#QNAN 1.#QNAN 1.#QNAN 1.#QNAN 1.#QNAN 1.#QNAN 1.#QNAN 247 240 232 226 217 217 220 228 218 207 212 211 218 209 1.#QNAN 1.#QNAN 1.#QNAN 221 237 236 229 225 226 219 208 202 200 193 186 183 187 175 195 215 224 219 212 212 220 222 206 203 193 181 174 176 181 186 200 205 209 211 210 212 211 210 208 207 203 205 204 207 210 215 220 212 194 185 196 193 192
1.#QNAN 1.#QNAN 1.#QNAN 1.#QNAN 1.#QNAN 1.#QNAN 1.#QNAN 1.#QNAN 1.#QNAN 1.#QNAN 1.#QNAN 257 254 246 236 233 229 225 228 231 234 222 221 224 225 224 217 214 206 215 229 237 241 241 234 229 211 204 212 207 202 192 202 203 191 201 218 229 223 221 226 230 221 201 199 195 187 184 179 184 193 194 197 202 206 209 202 202 203 205 200 198 202 204 207 210 219 216 209 197 186 191 185 180
1.#QNAN 1.#QNAN 1.#QNAN 1.#QNAN 1.#QNAN 1.#QNAN 1.#QNAN 1.#QNAN 1.#QNAN 1.#QNAN 259 257 253 246 244 241 237 237 236 232 239 234 234 233 227 223 225 230 214 212 224 228 231 244 237 222 205 208 216 216 211 210 211 203 189 199 218 230 232 230 235 234 219 205 211 209 206 200 190 184 186 184 189 192 198 203 200 191 192 194 199 198 202 204 208 211 219 217 207 198 189 186 181 177
1.#QNAN 1.#QNAN 1.#QNAN 1.#QNAN 1.#QNAN 1.#QNAN 1.#QNAN 1.#QNAN 1.#QNAN 261 262 260 256 252 246 237 238 243 245 237 243 244 240 230 223 226 231 238 229 215 213 218 236 246 239 226 216 216 222 225 225 216 209 199 189 209 222 229 238 238 239 229 215 219 224 214 217 211 202 187 181 182 186 181 181 193 202 199 196 195 200 201 202 206 209 210 214 218 211 208 197 187 190 183
1.#QNAN 1.#QNAN 1.#QNAN 1.#QNAN 1.#QNAN 1.#QNAN 1.#QNAN 1.#QNAN 1.#QNAN 1.#QNAN 261 258 257 252 245 239 239 246 249 244 244 247 242 237 230 229 236 242 236 224 219 227 238 245 247 241 230 217 219 231 226 210 197 190 198 214 225 231 234 240 240 225 224 233 226 225 221 213 204 196 192 189 179 179 178 192 195 198 199 199 202 201 204 208 210 210 211 216 216 214 206 191 193 191
1.#QNAN 1.#QNAN 1.#QNAN 1.#QNAN 1.#QNAN 1.#QNAN 1.#QNAN 1.#QNAN 1.#QNAN 263 261 261 257 250 243 239 243 246 250 248 248 249 246 244 241 241 244 243 237 230 229 240 245 249 249 235 227 216 224 234 224 207 196 195 203 221 232 238 239 244 243 229 230 237 232 226 220 218 213 214 208 204 186 185 182 182 186 191 197 200 204 204 204 207 210 211 211 211 214 216 207 202 201 193
1.#QNAN 1.#QNAN 1.#QNAN 1.#QNAN 1.#QNAN 1.#QNAN 1.#QNAN 1.#QNAN 1.#QNAN 264 264 261 257 252 251 251 253 252 253 248 251 248 249 251 248 249 248 242 245 242 235 244 249 252 248 238 236 228 233 234 223 209 206 210 203 217 231 239 245 248 247 242 240 240 232 224 221 226 220 223 221 214 204 191 179 179 184 191 196 199 204 205 205 207 207 211 213 213 216 213 209 207 204 199
1.#QNAN 1.#QNAN 1.#QNAN 1.#QNAN 1.#QNAN 1.#QNAN 1.#QNAN 1.#QNAN 1.#QNAN 265 264 261 259 258 250 248 251 257 257 251 255 249 248 251 254 251 251 249 248 251 246 248 248 252 247 245 245 243 238 229 223 216 224 220 212 220 233 234 247 250 246 241 238 241 236 232 225 229 226 222 214 213 209 197 186 183 185 190 197 200 205 206 205 206 207 209 213 216 214 210 203 198 198 198
1.#QNAN 1.#QNAN 1.#QNAN 1.#QNAN 1.#QNAN 1.#QNAN 1.#QNAN 1.#QNAN 1.#QNAN 267 262 260 260 260 260 252 247 248 258 259 256 249 249 254 250 246 244 250 251 253 254 253 251 255 249 250 250 246 235 226 219 226 237 222 225 236 246 246 250 251 249 245 241 244 242 237 233 231 229 227 220 211 199 194 190 192 192 193 198 201 205 207 206 207 207 209 211 215 213 207 201 196 187 186
1.#QNAN 1.#QNAN 1.#QNAN 1.#QNAN 1.#QNAN 1.#QNAN 1.#QNAN 1.#QNAN 270 268 262 261 263 262 263 262 258 253 252 261 256 248 252 258 256 251 249 245 251 254 256 255 256 256 255 253 251 250 243 238 232 229 243 236 239 249 252 252 252 252 251 245 238 246 246 243 238 233 230 233 228 215 200 190 190 194 195 197 198 205 207 209 209 210 211 212 212 215 211 207 199 193 185 183
1.#QNAN 1.#QNAN 1.#QNAN 1.#QNAN 1.#QNAN 1.#QNAN 1.#QNAN 1.#QNAN 271 266 263 263 261 261 263 263 264 262 258 260 259 257 257 261 253 247 248 243 243 253 257 256 257 257 256 252 252 251 247 247 242 239 240 248 248 254 255 254 254 253 251 247 247 248 246 242 241 239 233 234 229 220 207 197 195 197 199 199 197 201 207 209 211 212 213 213 213 214 212 207 201 192 185 183
1.#QNAN 1.#QNAN 1.#QNAN 1.#QNAN 1.#QNAN 1.#QNAN 1.#QNAN 273 270 268 265 260 259 261 262 260 263 265 266 265 258 258 263 252 244 239 244 239 243 251 256 259 256 256 256 254 255 252 250 250 252 254 249 252 255 257 256 255 255 254 252 251 250 247 243 240 234 235 236 234 225 216 200 193 195 197 202 198 198 201 205 206 208 212 214 214 216 215 212 206 200 191 186 184
1.#QNAN 1.#QNAN 1.#QNAN 1.#QNAN 1.#QNAN 1.#QNAN 1.#QNAN 275 273 265 266 263 263 263 261 260 260 265 267 266 267 266 265 253 247 241 241 237 244 250 255 255 255 256 255 254 256 255 252 253 257 255 252 249 256 257 256 256 255 254 251 250 249 247 244 236 227 225 227 234 225 214 197 186 187 193 199 204 201 201 205 206 207 212 214 215 214 214 212 205 198 189 188 188
