08 Ecocrop/raster/current/tmean_10.asc
ncols        683
nrows        518
xllcorner    -87.691666666667
yllcorner    10.708333333333
cellsize     0.008333333333
NODATA_value  1.#QNAN
[rows 185 to 221 of 518, columns 84 to 167 of 683]
1.#QNAN 1.#QNAN 1.#QNAN 1.#QNAN 1.#QNAN 1.#QNAN 1.#QNAN 1.#QNAN 1.#QNAN 1.#QNAN 1.#QNAN 1.#QNAN 1.#QNAN 1.#QNAN 1.#QNAN 1.#QNAN 1.#QNAN 1.#QNAN 1.#QNAN 1.#QNAN 1.#QNAN 1.#QNAN 1.#QNAN 1.#QNAN 1.#QNAN 1.#QNAN 1.#QNAN 1.#QNAN 1.#QNAN 1.#QNAN 223 225 227 228 227 227 232 230 228 234 233 231 229 230 232 232 230 231 230 230 228 224 223 223 227 229 230 228 229 232 233 232 230 233 233 232 233 235 235 236 236 235 235 232 231 232 233 235 234 235 237 238 236 231
1.#QNAN 1.#QNAN 1.#QNAN 1.#QNAN 1.#QNAN 1.#QNAN 1.#QNAN 1.#QNAN 1.#QNAN 1.#QNAN 1.#QNAN 1.#QNAN 1.#QNAN 1.#QNAN 1.#QNAN 1.#QNAN 1.#QNAN 1.#QNAN 1.#QNAN 1.#QNAN 1.#QNAN 1.#QNAN 1.#QNAN 1.#QNAN 1.#QNAN 1.#QNAN 1.#QNAN 1.#QNAN 1.#QNAN 1.#QNAN 227 228 229 228 225 226 233 234 234 235 235 233 233 233 233 232 231 230 228 229 227 221 221 224 227 228 227 228 228 230 232 233 233 231 233 234 235 235 235 237 237 237 235 233 232 233 234 236 237 238 235 233 230 225
1.#QNAN 1.#QNAN 1.#QNAN 1.#QNAN 1.#QNAN 1.#QNAN 1.#QNAN 1.#QNAN 1.#QNAN 1.#QNAN 1.#QNAN 1.#QNAN 1.#QNAN 1.#QNAN 1.#QNAN 1.#QNAN 1.#QNAN 1.#QNAN 1.#QNAN 1.#QNAN 1.#QNAN 1.#QNAN 1.#QNAN 1.#QNAN 1.#QNAN 1.#QNAN 1.#QNAN 1.#QNAN 1.#QNAN 1.#QNAN 1.#QNAN 229 230 227 228 229 233 230 234 234 234 233 232 233 232 231 231 229 228 227 227 224 221 225 223 225 225 229 230 231 231 231 231 232 233 233 234 236 236 237 237 237 236 234 233 233 235 236 237 235 231 224 220 217
1.#QNAN 1.#QNAN 1.#QNAN 1.#QNAN 1.#QNAN 1.#QNAN 1.#QNAN 1.#QNAN 1.#QNAN 1.#QNAN 1.#QNAN 1.#QNAN 1.#QNAN 1.#QNAN 1.#QNAN 1.#QNAN 1.#QNAN 1.#QNAN 1.#QNAN 1.#QNAN 1.#QNAN 1.#QNAN 1.#QNAN 1.#QNAN 1.#QNAN 1.#QNAN 1.#QNAN 1.#QNAN 1.#QNAN 1.#QNAN 1.#QNAN 226 228 229 229 228 232 230 233 232 232 233 231 231 232 230 230 228 226 223 224 224 223 221 222 226 227 228 228 230 231 231 231 232 233 234 235 235 236 237 237 237 238 237 237 237 236 238 237 234 229 218 212 218
1.#QNAN 1.#QNAN 1.#QNAN 1.#QNAN 1.#QNAN 1.#QNAN 1.#QNAN 1.#QNAN 1.#QNAN 1.#QNAN 1.#QNAN 1.#QNAN 1.#QNAN 1.#QNAN 1.#QNAN 1.#QNAN 1.#QNAN 1.#QNAN 1.#QNAN 1.#QNAN 1.#QNAN 1.#QNAN 1.#QNAN 1.#QNAN 1.#QNAN 1.#QNAN 1.#QNAN 1.#QNAN 1.#QNAN 1.#QNAN 1.#QNAN 221 223 227 226 229 229 230 229 231 232 232 231 231 230 229 228 227 225 223 221 221 220 218 219 222 225 227 229 229 231 231 232 233 233 233 234 235 236 237 237 238 238 237 237 235 236 236 235 233 228 215 215 219
1.#QNAN 1.#QNAN 1.#QNAN 1.#QNAN 1.#QNAN 1.#QNAN 1.#QNAN 1.#QNAN 1.#QNAN 1.#QNAN 1.#QNAN 1.#QNAN 1.#QNAN 1.#QNAN 1.#QNAN 1.#QNAN 1.#QNAN 1.#QNAN 1.#QNAN 1.#QNAN 1.#QNAN 1.#QNAN 1.#QNAN 1.#QNAN 1.#QNAN 1.#QNAN 1.#QNAN 1.#QNAN 1.#QNAN 1.#QNAN 1.#QNAN 1.#QNAN 219 225 229 230 225 225 229 230 231 231 230 230 229 228 227 226 223 219 216 216 216 213 218 220 222 223 226 227 230 231 230 230 230 231 232 234 235 236 237 236 237 235 235 232 233 233 232 233 227 219 219 215
1.#QNAN 1.#QNAN 1.#QNAN 1.#QNAN 1.#QNAN 1.#QNAN 1.#QNAN 1.#QNAN 1.#QNAN 1.#QNAN 1.#QNAN 1.#QNAN 1.#QNAN 1.#QNAN 1.#QNAN 1.#QNAN 1.#QNAN 1.#QNAN 1.#QNAN 1.#QNAN 1.#QNAN 1.#QNAN 1.#QNAN 1.#QNAN 1.#QNAN 1.#QNAN 1.#QNAN 1.#QNAN 1.#QNAN 1.#QNAN 1.#QNAN 1.#QNAN 220 225 228 229 226 225 228 227 226 230 229 228 228 228 226 224 220 211 206 208 211 215 220 224 226 227 228 229 230 229 230 231 231 231 232 232 234 235 236 237 237 234 233 231 229 229 228 229 222 223 218 213
1.#QNAN 1.#QNAN 1.#QNAN 1.#QNAN 1.#QNAN 1.#QNAN 1.#QNAN 1.#QNAN 1.#QNAN 1.#QNAN 1.#QNAN 1.#QNAN 1.#QNAN 1.#QNAN 1.#QNAN 1.#QNAN 1.#QNAN 1.#QNAN 1.#QNAN 1.#QNAN 1.#QNAN 1.#QNAN 1.#QNAN 1.#QNAN 1.#QNAN 1.#QNAN 1.#QNAN 1.#QNAN 1.#QNAN 1.#QNAN 1.#QNAN 215 222 226 228 228 226 225 226 226 225 229 228 226 225 227 225 222 217 203 194 207 216 221 223 223 225 225 228 229 230 231 231 231 232 232 233 233 234 235 235 237 236 235 233 231 230 230 226 223 223 225 223 221
1.#QNAN 1.#QNAN 1.#QNAN 1.#QNAN 1.#QNAN 1.#QNAN 1.#QNAN 1.#QNAN 1.#QNAN 1.#QNAN 1.#QNAN 1.#QNAN 1.#QNAN 1.#QNAN 1.#QNAN 1.#QNAN 1.#QNAN 1.#QNAN 1.#QNAN 1.#QNAN 1.#QNAN 1.#QNAN 1.#QNAN 1.#QNAN 1.#QNAN 1.#QNAN 1.#QNAN 1.#QNAN 1.#QNAN 1.#QNAN 213 218 223 226 223 225 227 226 221 222 225 228 225 223 220 224 223 215 212 205 202 210 215 222 225 224 226 226 226 228 230 231 231 231 231 231 232 233 234 234 235 235 234 235 232 232 230 229 229 227 227 227 226 223
1.#QNAN 1.#QNAN 1.#QNAN 1.#QNAN 1.#QNAN 1.#QNAN 1.#QNAN 1.#QNAN 1.#QNAN 1.#QNAN 1.#QNAN 1.#QNAN 1.#QNAN 1.#QNAN 1.#QNAN 1.#QNAN 1.#QNAN 1.#QNAN 1.#QNAN 1.#QNAN 1.#QNAN 1.#QNAN 1.#QNAN 1.#QNAN 1.#QNAN 1.#QNAN 1.#QNAN 1.#QNAN 1.#QNAN 1.#QNAN 214 220 223 225 222 222 222 225 223 221 225 224 225 221 220 220 218 212 207 197 209 219 222 225 227 225 226 228 228 229 228 230 231 232 231 231 232 232 233 233 234 233 233 235 232 232 230 228 227 228 226 226 226 224
1.#QNAN 1.#QNAN 1.#QNAN 1.#QNAN 1.#QNAN 1.#QNAN 1.#QNAN 1.#QNAN 1.#QNAN 1.#QNAN 1.#QNAN 1.#QNAN 1.#QNAN 1.#QNAN 1.#QNAN 1.#QNAN 1.#QNAN 1.#QNAN 1.#QNAN 1.#QNAN 1.#QNAN 1.#QNAN 1.#QNAN 1.#QNAN 1.#QNAN 1.#QNAN 1.#QNAN 1.#QNAN 1.#QNAN 204 210 215 219 222 223 219 220 221 219 218 222 220 224 221 219 218 215 210 202 199 209 220 224 227 228 228 228 229 227 230 230 230 230 230 229 230 232 232 233 234 232 232 232 233 232 231 231 229 228 226 226 222 221 222
1.#QNAN 1.#QNAN 1.#QNAN 1.#QNAN 1.#QNAN 1.#QNAN 1.#QNAN 1.#QNAN 1.#QNAN 1.#QNAN 1.#QNAN 1.#QNAN 1.#QNAN 1.#QNAN 1.#QNAN 1.#QNAN 1.#QNAN 1.#QNAN 1.#QNAN 1.#QNAN 1.#QNAN 1.#QNAN 1.#QNAN 1.#QNAN 1.#QNAN 1.#QNAN 1.#QNAN 1.#QNAN 1.#QNAN 202 207 211 217 220 225 222 219 216 217 215 217 215 222 221 219 217 212 207 202 202 213 222 223 225 228 230 229 229 230 230 229 230 230 229 228 228 231 231 232 233 232 232 232 233 233 232 231 229 228 226 223 223 220 217
1.#QNAN 1.#QNAN 1.#QNAN 1.#QNAN 1.#QNAN 1.#QNAN 1.#QNAN 1.#QNAN 1.#QNAN 1.#QNAN 1.#QNAN 1.#QNAN 1.#QNAN 1.#QNAN 1.#QNAN 1.#QNAN 1.#QNAN 1.#QNAN 1.#QNAN 1.#QNAN 1.#QNAN 1.#QNAN 1.#QNAN 1.#QNAN 1.#QNAN 1.#QNAN 1.#QNAN 1.#QNAN 1.#QNAN 1.#QNAN 208 211 217 221 221 221 217 211 211 212 213 216 220 215 216 213 205 210 206 207 213 223 226 226 228 230 230 230 231 230 230 232 231 229 231 231 232 232 232 232 231 232 233 232 232 231 229 227 226 226 224 221 222 217
1.#QNAN 1.#QNAN 1.#QNAN 1.#QNAN 1.#QNAN 1.#QNAN 1.#QNAN 1.#QNAN 1.#QNAN 1.#QNAN 1.#QNAN 1.#QNAN 1.#QNAN 1.#QNAN 1.#QNAN 1.#QNAN 1.#QNAN 1.#QNAN 1.#QNAN 1.#QNAN 1.#QNAN 1.#QNAN 1.#QNAN 1.#QNAN 1.#QNAN 1.#QNAN 1.#QNAN 1.#QNAN 1.#QNAN 1.#QNAN 1.#QNAN 1.#QNAN 215 217 218 220 216 210 208 208 206 213 218 211 207 208 200 209 212 213 216 221 227 227 229 229 230 231 231 231 231 229 228 231 231 231 231 231 230 230 231 232 233 231 230 230 229 227 225 222 221 215 218 216
1.#QNAN 1.#QNAN 1.#QNAN 1.#QNAN 1.#QNAN 1.#QNAN 1.#QNAN 1.#QNAN 1.#QNAN 1.#QNAN 1.#QNAN 1.#QNAN 1.#QNAN 1.#QNAN 1.#QNAN 1.#QNAN 1.#QNAN 1.#QNAN 1.#QNAN 1.#QNAN 1.#QNAN 1.#QNAN 1.#QNAN 1.#QNAN 1.#QNAN 1.#QNAN 1.#QNAN 1.#QNAN 1.#QNAN 1.#QNAN 1.#QNAN 1.#QNAN 1.#QNAN 215 210 214 219 214 208 206 203 213 214 210 205 198 193 204 213 218 222 224 228 229 230 230 231 231 229 229 227 227 226 229 229 229 229 229 229 230 231 232 232 228 226 228 227 225 223 219 213 214 218 218
1.#QNAN 1.#QNAN 1.#QNAN 1.#QNAN 1.#QNAN 1.#QNAN 1.#QNAN 1.#QNAN 1.#QNAN 1.#QNAN 1.#QNAN 1.#QNAN 1.#QNAN 1.#QNAN 1.#QNAN 1.#QNAN 1.#QNAN 1.#QNAN 1.#QNAN 1.#QNAN 1.#QNAN 1.#QNAN 1.#QNAN 1.#QNAN 1.#QNAN 1.#QNAN 1.#QNAN 1.#QNAN 1.#QNAN 1.#QNAN 1.#QNAN 1.#QNAN 1.#QNAN 213 208 213 219 211 208 205 203 208 211 208 205 200 192 196 208 211 217 223 227 229 230 230 230 229 228 227 228 225 224 226 227 226 226 227 229 231 231 232 231 227 227 229 227 221 215 213 212 215 218 216
1.#QNAN 1.#QNAN 1.#QNAN 1.#QNAN 1.#QNAN 1.#QNAN 1.#QNAN 1.#QNAN 1.#QNAN 1.#QNAN 1.#QNAN 1.#QNAN 1.#QNAN 1.#QNAN 1.#QNAN 1.#QNAN 1.#QNAN 1.#QNAN 1.#QNAN 1.#QNAN 1.#QNAN 1.#QNAN 1.#QNAN 1.#QNAN 1.#QNAN 1.#QNAN 1.#QNAN 1.#QNAN 1.#QNAN 1.#QNAN 1.#QNAN 1.#QNAN 1.#QNAN 1.#QNAN 209 212 217 211 210 206 205 205 206 207 203 201 196 192 198 200 211 222 226 228 229 230 228 227 225 227 227 226 224 221 223 224 228 229 230 230 230 231 231 230 230 229 227 221 211 205 209 214 216 214
1.#QNAN 1.#QNAN 1.#QNAN 1.#QNAN 1.#QNAN 1.#QNAN 1.#QNAN 1.#QNAN 1.#QNAN 1.#QNAN 1.#QNAN 1.#QNAN 1.#QNAN 1.#QNAN 1.#QNAN 1.#QNAN 1.#QNAN 1.#QNAN 1.#QNAN 1.#QNAN 1.#QNAN 1.#QNAN 1.#QNAN 1.#QNAN 1.#QNAN 1.#QNAN 1.#QNAN 1.#QNAN 1.#QNAN 1.#QNAN 1.#QNAN 1.#QNAN 1.#QNAN 1.#QNAN 209 214 216 214 209 205 203 200 199 202 199 196 190 190 200 208 215 220 223 226 228 228 228 227 225 224 221 222 224 221 225 226 229 229 229 228 228 229 230 231 231 230 227 220 217 213 210 209 210 208
1.#QNAN 1.#QNAN 1.#QNAN 1.#QNAN 1.#QNAN 1.#QNAN 1.#QNAN 1.#QNAN 1.#QNAN 1.#QNAN 1.#QNAN 1.#QNAN 1.#QNAN 1.#QNAN 1.#QNAN 1.#QNAN 1.#QNAN 1.#QNAN 1.#QNAN 1.#QNAN 1.#QNAN 1.#QNAN 1.#QNAN 1.#QNAN 1.#QNAN 1.#QNAN 1.#QNAN 1.#QNAN 1.#QNAN 1.#QNAN 1.#QNAN 1.#QNAN 1.#QNAN 1.#QNAN 206 213 215 215 209 204 203 199 196 199 194 187 187 194 199 210 216 220 223 225 226 227 226 225 224 223 218 220 223 223 226 227 226 224 227 227 223 227 229 228 229 230 228 226 224 219 212 202 203 201
1.#QNAN 1.#QNAN 1.#QNAN 1.#QNAN 1.#QNAN 1.#QNAN 1.#QNAN 1.#QNAN 1.#QNAN 1.#QNAN 1.#QNAN 1.#QNAN 1.#QNAN 1.#QNAN 1.#QNAN 1.#QNAN 1.#QNAN 1.#QNAN 1.#QNAN 1.#QNAN 1.#QNAN 1.#QNAN 1.#QNAN 1.#QNAN 1.#QNAN 1.#QNAN 1.#QNAN 1.#QNAN 1.#QNAN 1.#QNAN 1.#QNAN 1.#QNAN 1.#QNAN 1.#QNAN 202 208 212 213 212 203 200 198 200 203 197 192 189 198 204 209 215 218 222 221 221 222 224 222 223 222 218 216 219 221 224 227 227 223 222 225 223 223 226 224 227 230 230 225 223 218 213 205 204 209
1.#QNAN 1.#QNAN 1.#QNAN 1.#QNAN 1.#QNAN 1.#QNAN 1.#QNAN 1.#QNAN 1.#QNAN 1.#QNAN 1.#QNAN 1.#QNAN 1.#QNAN 1.#QNAN 1.#QNAN 1.#QNAN 1.#QNAN 1.#QNAN 1.#QNAN 1.#QNAN 1.#QNAN 1.#QNAN 1.#QNAN 1.#QNAN 1.#QNAN 1.#QNAN 1.#QNAN 1.#QNAN 1.#QNAN 1.#QNAN 1.#QNAN 1.#QNAN 1.#QNAN 1.#QNAN 208 209 211 212 210 210 206 202 203 202 194 193 195 204 209 210 213 216 217 217 217 220 222 220 219 220 215 210 215 219 221 224 227 224 222 219 216 216 222 222 226 228 229 229 224 219 216 209 205 209
1.#QNAN 1.#QNAN 1.#QNAN 1.#QNAN 1.#QNAN 1.#QNAN 1.#QNAN 1.#QNAN 1.#QNAN 1.#QNAN 1.#QNAN 1.#QNAN 1.#QNAN 1.#QNAN 1.#QNAN 1.#QNAN 1.#QNAN 1.#QNAN 204 208 203 198 197 1.#QNAN 1.#QNAN 1.#QNAN 1.#QNAN 1.#QNAN 1.#QNAN 1.#QNAN 1.#QNAN 1.#QNAN 1.#QNAN 1.#QNAN 212 219 218 212 207 209 210 210 208 203 190 195 207 209 213 215 213 212 214 215 215 217 217 217 214 217 213 204 210 214 219 224 227 222 217 214 212 214 220 225 222 223 227 229 226 221 211 206 209 213
1.#QNAN 1.#QNAN 1.#QNAN 1.#QNAN 1.#QNAN 1.#QNAN 1.#QNAN 1.#QNAN 1.#QNAN 1.#QNAN 1.#QNAN 1.#QNAN 1.#QNAN 1.#QNAN 234 229 227 215 210 219 213 210 209 202 1.#QNAN 1.#QNAN 1.#QNAN 1.#QNAN 1.#QNAN 1.#QNAN 1.#QNAN 1.#QNAN 1.#QNAN 216 218 223 225 218 211 205 206 205 204 202 197 202 218 219 219 219 216 215 219 220 213 211 211 210 207 209 209 207 215 219 219 223 225 222 215 212 213 217 219 218 215 222 227 229 224 216 207 210 211 215
1.#QNAN 1.#QNAN 1.#QNAN 1.#QNAN 1.#QNAN 1.#QNAN 1.#QNAN 1.#QNAN 1.#QNAN 1.#QNAN 1.#QNAN 1.#QNAN 1.#QNAN 1.#QNAN 239 237 232 221 215 226 223 220 218 212 214 221 1.#QNAN 1.#QNAN 1.#QNAN 1.#QNAN 1.#QNAN 1.#QNAN 228 225 226 226 229 223 213 208 204 202 198 197 193 204 222 225 223 223 220 224 227 221 213 208 203 200 202 203 205 208 216 220 223 224 225 222 217 213 214 217 216 215 217 220 223 228 223 211 205 212 215 214
1.#QNAN 1.#QNAN 1.#QNAN 1.#QNAN 1.#QNAN 1.#QNAN 1.#QNAN 1.#QNAN 1.#QNAN 1.#QNAN 1.#QNAN 1.#QNAN 1.#QNAN 246 241 236 232 226 226 229 234 227 220 224 223 227 222 1.#QNAN 1.#QNAN 1.#QNAN 229 240 239 234 232 232 228 221 218 216 212 207 204 208 198 213 226 231 228 224 223 229 230 220 218 212 203 197 198 203 207 216 219 221 223 222 223 222 222 220 220 216 218 217 219 221 225 228 223 210 203 212 210 209
1.#QNAN 1.#QNAN 1.#QNAN 1.#QNAN 1.#QNAN 1.#QNAN 1.#QNAN 1.#QNAN 1.#QNAN 1.#QNAN 1.#QNAN 253 251 246 238 237 234 231 233 235 237 229 228 231 231 230 226 224 219 225 234 240 243 243 238 234 223 218 224 221 218 211 218 218 210 217 227 235 230 229 232 235 229 216 215 212 207 205 201 205 211 212 214 217 219 221 216 216 217 218 214 212 216 217 219 221 227 225 221 212 204 208 204 201
1.#QNAN 1.#QNAN 1.#QNAN 1.#QNAN 1.#QNAN 1.#QNAN 1.#QNAN 1.#QNAN 1.#QNAN 1.#QNAN 255 253 251 245 244 242 239 239 239 236 241 237 237 236 232 230 231 235 224 223 230 233 235 245 239 229 219 221 226 226 223 223 223 218 208 216 228 235 237 235 239 238 228 218 222 222 219 215 209 205 206 204 208 210 214 217 215 209 209 210 213 212 215 217 219 222 226 225 219 213 206 204 201 198
1.#QNAN 1.#QNAN 1.#QNAN 1.#QNAN 1.#QNAN 1.#QNAN 1.#QNAN 1.#QNAN 1.#QNAN 256 257 256 253 250 245 239 240 244 245 239 244 245 241 234 229 231 235 240 234 225 223 227 239 247 241 232 225 226 230 232 232 226 221 215 208 221 230 235 241 241 242 234 225 227 231 224 226 222 216 206 202 203 205 202 202 210 216 214 212 211 214 215 215 217 220 220 223 226 222 220 212 204 207 202
1.#QNAN 1.#QNAN 1.#QNAN 1.#QNAN 1.#QNAN 1.#QNAN 1.#QNAN 1.#QNAN 1.#QNAN 1.#QNAN 257 254 253 250 245 240 241 246 248 245 245 246 243 239 234 233 238 242 238 230 227 232 240 245 247 242 234 226 227 236 232 222 214 209 214 225 232 236 238 243 243 231 230 237 232 231 229 223 218 212 210 208 200 200 199 209 211 213 213 213 215 214 216 219 220 221 221 225 225 224 218 207 209 207
1.#QNAN 1.#QNAN 1.#QNAN 1.#QNAN 1.#QNAN 1.#QNAN 1.#QNAN 1.#QNAN 1.#QNAN 258 257 257 253 249 243 240 244 246 249 247 248 248 246 244 242 242 244 243 239 234 233 241 245 248 248 238 232 225 230 238 231 220 213 212 217 229 236 241 242 246 245 234 235 240 236 232 227 226 223 224 220 217 205 204 202 201 205 208 212 214 216 216 216 218 220 221 221 221 223 224 219 215 215 209
1.#QNAN 1.#QNAN 1.#QNAN 1.#QNAN 1.#QNAN 1.#QNAN 1.#QNAN 1.#QNAN 1.#QNAN 259 259 257 253 250 249 249 251 250 251 247 250 247 248 249 247 248 247 242 245 242 237 243 248 250 248 240 238 233 237 238 230 221 219 222 217 226 236 242 247 249 248 244 242 242 236 230 228 231 227 229 228 224 217 208 200 199 203 208 211 213 216 217 217 218 218 221 222 222 224 223 220 219 217 213
1.#QNAN 1.#QNAN 1.#QNAN 1.#QNAN 1.#QNAN 1.#QNAN 1.#QNAN 1.#QNAN 1.#QNAN 260 259 256 255 254 249 247 249 254 255 250 253 248 247 250 252 250 249 248 247 250 245 247 247 250 247 245 246 244 241 234 230 225 230 228 222 228 237 238 248 250 247 243 240 243 239 235 231 233 232 229 223 223 220 212 204 202 203 207 211 213 217 217 217 217 218 219 222 224 223 220 215 211 211 212
1.#QNAN 1.#QNAN 1.#QNAN 1.#QNAN 1.#QNAN 1.#QNAN 1.#QNAN 1.#QNAN 1.#QNAN 261 257 256 255 256 256 250 246 247 255 256 253 248 247 251 248 245 244 248 250 251 252 251 249 253 248 249 249 247 238 231 227 232 240 229 231 239 247 247 251 251 250 246 242 246 244 240 236 235 234 232 227 221 214 210 207 208 208 209 212 214 217 218 217 218 218 219 220 223 222 218 213 210 203 203
1.#QNAN 1.#QNAN 1.#QNAN 1.#QNAN 1.#QNAN 1.#QNAN 1.#QNAN 1.#QNAN 263 262 257 256 258 257 258 257 254 250 250 257 253 247 250 255 253 249 248 245 249 252 254 253 254 254 253 252 250 250 244 240 235 234 244 239 241 249 252 252 253 252 251 246 240 247 247 244 241 236 234 237 232 224 214 207 207 210 210 212 212 216 218 219 219 219 220 221 221 223 221 218 212 207 202 200
1.#QNAN 1.#QNAN 1.#QNAN 1.#QNAN 1.#QNAN 1.#QNAN 1.#QNAN 1.#QNAN 264 260 258 258 256 256 258 258 259 258 255 256 255 253 254 257 251 246 247 243 243 251 255 253 254 254 254 251 251 251 247 247 243 241 241 249 248 254 254 254 254 253 251 248 248 249 247 244 243 241 236 238 233 227 219 211 210 212 213 213 211 214 217 219 220 221 221 222 221 222 221 218 213 207 202 200
1.#QNAN 1.#QNAN 1.#QNAN 1.#QNAN 1.#QNAN 1.#QNAN 1.#QNAN 266 263 262 259 256 254 256 257 256 257 259 261 260 254 254 258 250 244 240 244 240 243 249 254 256 254 254 253 253 253 251 250 250 251 253 249 252 255 256 255 255 254 253 252 251 250 247 244 241 237 237 238 237 230 224 213 208 210 212 215 212 211 214 216 216 218 221 222 222 223 223 221 217 212 206 202 201
1.#QNAN 1.#QNAN 1.#QNAN 1.#QNAN 1.#QNAN 1.#QNAN 1.#QNAN 267 266 259 260 258 258 258 256 255 255 259 261 260 262 260 260 250 245 241 241 238 244 249 253 253 253 254 253 252 254 253 251 252 256 254 251 249 255 256 256 255 254 253 251 250 249 248 245 238 231 230 232 237 230 223 211 203 204 208 213 216 213 213 216 217 217 220 222 223 222 222 221 216 211 204 203 203
