08 Ecocrop/raster/current/tmean_6.asc
ncols        683
nrows        518
xllcorner    -87.691666666667
yllcorner    10.708333333333
cellsize     0.008333333333
NODATA_value  1.#QNAN
[rows 222 to 258 of 518, columns 252 to 335 of 683]
233 226 226 235 234 236 238 236 233 229 220 209 214 212 218 229 235 246 246 244 246 249 252 251 248 247 249 251 253 253 255 256 255 255 252 254 255 254 255 251 248 250 247 240 244 251 256 256 256 256 257 257 257 257 258 257 256 253 247 251 257 258 257 257 256 255 257 258 258 258 258 257 257 258 258 258 258 258 257 258 258 258 258 258
235 228 229 236 236 239 240 234 228 227 225 218 221 220 225 234 239 246 249 249 250 251 253 253 251 247 251 253 254 253 255 256 256 254 253 256 256 256 256 253 245 251 252 248 250 255 256 256 255 254 255 256 257 257 257 256 254 253 250 253 257 258 258 258 257 256 257 258 258 258 258 258 258 257 258 257 257 257 257 258 258 258 258 257
239 235 237 240 242 242 237 229 225 230 232 229 229 229 231 236 241 247 249 251 246 245 246 250 254 254 253 254 255 255 256 255 254 255 256 256 256 256 256 255 251 251 256 255 255 252 252 254 256 255 255 256 256 257 257 253 249 250 253 255 256 257 257 257 257 256 257 258 258 258 258 258 257 256 257 257 257 257 257 258 258 256 256 256
240 239 241 238 237 243 238 229 223 228 234 236 234 232 235 235 239 245 249 251 248 245 245 246 252 254 254 254 253 255 253 250 249 249 253 255 255 253 255 256 256 256 254 253 252 249 246 252 256 256 253 255 256 257 256 252 252 251 253 255 256 257 257 256 257 258 257 258 257 257 257 257 257 256 257 257 257 257 257 257 256 256 255 255
246 242 240 233 234 244 238 229 227 226 233 238 239 241 239 241 243 244 248 251 250 244 246 251 254 254 253 254 255 252 252 248 247 251 254 255 254 251 249 252 254 256 254 251 250 248 245 253 256 256 254 254 256 257 256 252 254 254 252 255 256 257 257 257 257 257 256 256 257 257 257 257 256 256 256 256 257 257 257 256 255 256 256 256
247 243 234 233 233 241 241 237 235 235 235 239 240 245 243 243 245 242 245 252 252 250 249 252 255 255 253 253 252 251 246 245 251 252 253 251 245 244 244 248 251 255 255 253 250 246 239 249 256 255 254 254 256 257 256 253 253 255 255 256 257 257 257 257 257 257 257 256 256 256 256 257 256 255 256 256 255 256 256 257 256 257 257 256
245 247 241 235 237 239 243 245 239 238 238 242 239 242 249 250 246 247 245 249 253 250 252 254 255 255 252 250 245 247 244 247 246 250 252 247 241 236 238 244 249 254 255 252 247 245 239 248 255 254 253 255 256 256 256 253 251 252 254 256 256 256 256 257 257 257 257 257 257 256 257 257 256 255 256 255 256 256 255 257 257 256 256 257
247 248 246 244 242 242 241 246 243 237 239 240 245 244 246 252 250 249 247 248 253 252 252 254 254 254 251 245 240 241 239 245 247 248 246 247 244 242 241 243 245 253 255 252 247 243 242 249 254 254 255 255 255 254 256 254 254 252 253 256 256 255 255 257 257 257 257 257 257 257 257 257 256 256 255 255 255 256 255 256 255 256 256 256
247 248 248 250 246 243 245 247 243 241 240 242 243 247 249 253 253 251 250 249 252 254 253 254 253 251 252 247 238 232 237 241 239 245 241 241 243 244 241 241 247 252 254 253 251 246 243 248 251 253 255 255 255 256 256 255 255 255 253 255 256 255 256 257 257 257 257 257 257 257 257 257 256 255 256 256 256 257 256 256 255 256 256 256
249 249 247 250 250 246 249 252 248 250 248 246 248 250 253 253 254 255 253 251 252 253 254 255 253 249 249 249 239 232 233 232 235 237 237 238 242 244 243 242 247 252 252 253 251 249 245 245 247 247 253 255 254 255 255 256 255 256 255 255 255 256 256 257 257 257 256 256 256 257 257 256 257 257 257 256 256 256 256 255 254 256 256 256
251 252 250 250 251 252 250 251 252 245 251 253 252 253 249 248 250 251 254 254 254 254 253 254 252 247 243 248 238 229 228 231 232 237 235 236 243 245 245 245 248 250 251 254 250 247 244 243 249 248 252 254 253 253 254 255 256 256 256 256 254 256 256 257 257 256 255 255 256 257 256 256 256 257 257 256 255 255 255 255 256 256 256 256
250 250 242 237 240 247 250 250 250 242 242 248 252 250 243 246 249 250 251 253 252 252 249 254 251 250 246 244 239 228 231 232 233 234 235 234 239 242 244 246 248 247 251 253 251 245 244 247 251 250 254 254 252 253 254 255 255 255 256 257 255 257 257 257 257 256 255 255 256 256 256 254 255 256 256 256 255 255 256 255 256 256 256 256
250 248 240 233 236 245 249 248 247 246 246 248 250 252 246 243 249 247 250 253 252 250 247 251 253 253 251 248 246 235 233 235 235 235 236 233 233 239 242 248 249 246 251 252 251 247 247 246 251 249 253 252 251 253 254 255 255 256 256 257 257 257 257 257 257 256 255 255 255 256 256 255 255 256 256 256 256 256 256 256 256 256 256 256
244 248 241 234 237 244 249 249 247 245 247 251 251 252 248 245 246 245 250 252 249 249 243 243 244 250 253 252 249 241 239 238 238 238 234 232 235 236 238 243 249 244 250 251 251 249 249 245 251 253 253 252 253 254 254 255 256 256 257 257 256 256 257 257 257 255 255 255 255 256 256 255 255 256 256 256 256 256 256 256 256 256 256 256
245 247 246 240 241 247 250 248 250 249 248 250 253 248 240 239 242 248 248 245 246 244 240 234 243 251 247 252 251 246 242 240 242 239 237 234 236 234 240 245 248 245 247 252 252 249 246 244 251 252 254 253 254 255 255 256 256 256 257 256 255 257 256 256 256 256 254 255 256 256 255 256 255 256 256 256 256 256 256 256 255 254 255 255
239 237 242 236 235 245 249 249 248 250 249 249 251 248 245 241 243 247 244 239 241 241 240 238 248 244 241 240 249 250 246 243 243 243 244 241 235 235 241 242 244 247 246 252 249 251 249 246 249 249 253 255 255 255 256 256 256 256 256 256 256 256 256 255 256 255 254 254 254 254 255 255 254 254 256 256 254 254 255 255 255 254 255 255
230 229 232 231 227 236 242 245 246 248 251 251 251 250 250 247 243 243 241 241 242 243 243 246 248 241 243 242 246 251 247 246 245 245 246 242 237 236 239 242 243 243 246 251 248 246 249 248 249 246 251 253 256 256 256 256 256 256 255 256 256 256 256 255 256 256 255 254 253 254 253 254 254 253 254 256 254 251 252 253 253 253 254 254
233 232 232 230 232 232 236 237 244 249 251 251 250 249 249 248 245 238 238 242 244 243 240 246 244 242 244 246 243 247 251 246 248 248 246 244 246 244 236 238 239 239 244 250 245 242 247 247 248 246 251 254 255 256 256 256 255 256 255 255 255 255 255 254 255 256 253 253 253 254 254 254 255 254 255 256 255 252 250 248 248 252 253 253
236 236 233 234 238 235 231 231 242 249 248 249 249 248 245 246 246 239 239 241 242 242 241 242 243 243 245 246 238 240 250 249 249 250 249 249 247 244 238 233 232 235 240 248 247 242 246 248 247 248 250 254 254 256 256 256 255 255 253 252 253 253 255 254 255 255 254 254 254 254 254 254 255 255 255 255 255 254 252 247 245 249 252 250
236 238 233 237 237 240 239 234 246 250 248 245 244 245 243 241 244 241 240 240 243 243 241 240 246 245 246 245 240 241 247 251 252 252 251 248 246 244 239 229 226 230 234 243 247 242 244 247 248 250 250 250 251 256 256 256 256 254 252 249 247 247 253 254 255 256 253 252 253 253 253 253 254 255 255 255 253 253 251 248 245 247 250 249
241 239 234 238 239 239 241 246 248 247 247 246 240 240 238 235 237 242 242 243 245 245 245 244 246 245 246 244 240 244 249 252 252 251 250 249 246 243 239 232 222 226 228 232 241 244 246 246 247 250 251 251 253 256 255 255 255 252 251 247 248 250 253 253 253 254 255 253 253 254 254 253 254 255 255 255 253 251 249 244 243 245 249 251
240 241 240 240 241 238 239 247 244 242 244 239 235 236 237 239 239 241 243 244 242 244 244 247 248 247 247 245 246 249 251 252 251 250 248 248 245 241 235 228 219 214 219 223 235 239 241 244 249 249 251 251 251 256 255 255 254 253 251 250 249 250 252 252 253 253 254 254 252 253 253 254 254 254 252 252 254 252 250 248 244 246 247 251
239 241 241 240 238 234 243 243 241 236 236 236 237 237 238 239 239 240 243 243 243 243 242 243 247 249 250 249 251 252 251 252 252 252 250 247 246 240 232 224 215 202 203 209 225 231 236 244 248 247 250 252 254 255 254 255 255 253 253 251 251 251 251 250 252 253 254 254 253 252 252 253 252 251 252 253 252 253 251 249 248 248 248 249
235 237 238 237 236 240 244 240 234 231 229 233 238 239 239 239 239 241 239 242 241 241 239 241 243 249 250 251 251 251 250 251 252 252 250 245 243 239 231 212 207 208 204 201 210 219 232 243 247 247 249 252 254 254 255 256 256 255 253 251 252 252 250 250 252 253 253 254 253 251 249 248 247 247 246 249 251 253 253 249 250 249 248 246
231 235 238 239 239 241 243 237 234 233 234 231 234 235 237 237 237 239 235 233 238 236 236 242 245 248 250 247 248 247 247 247 250 250 248 245 241 239 233 224 219 222 213 216 219 216 229 242 247 248 247 249 253 252 254 255 255 255 254 253 252 251 251 251 252 254 252 252 252 250 246 243 244 248 243 242 248 252 253 250 250 249 249 246
235 238 240 241 243 243 241 236 236 236 234 230 230 229 230 233 233 236 232 225 233 232 237 240 244 248 246 246 243 244 247 248 249 249 247 246 246 243 237 233 232 231 222 226 224 219 234 244 248 248 248 250 253 253 252 254 255 254 254 253 251 249 251 252 253 253 252 251 251 249 246 244 246 248 247 243 245 251 251 249 250 246 249 251
239 239 239 240 241 241 239 238 238 237 235 231 226 223 225 227 226 227 228 221 226 226 237 243 246 247 246 243 241 241 247 249 251 249 249 249 246 244 241 241 241 240 236 237 231 230 239 247 248 249 249 251 252 252 253 254 255 254 254 253 252 248 247 251 252 251 250 248 250 249 246 244 245 247 250 248 250 252 252 251 251 249 250 253
235 238 237 233 235 240 241 240 239 237 233 227 221 214 210 213 209 209 216 215 220 229 239 240 244 244 243 242 238 242 247 249 251 250 250 249 246 238 233 238 244 247 247 247 242 242 246 249 250 249 248 245 250 252 252 253 254 254 254 253 251 248 246 249 250 250 244 242 244 245 241 244 243 243 247 250 250 246 246 250 252 252 250 253
234 235 235 235 238 241 241 240 239 236 226 217 213 211 213 208 203 203 206 205 221 234 240 238 242 241 238 238 241 244 248 249 250 251 250 249 247 241 238 234 237 242 247 249 249 249 249 250 250 249 248 245 249 252 250 252 254 254 254 253 251 245 247 246 246 248 243 241 243 245 243 241 244 243 244 244 245 241 240 247 251 252 251 253
230 226 232 236 240 241 241 239 235 233 229 222 208 216 216 208 210 211 207 212 224 236 242 242 242 241 238 236 237 244 249 250 251 251 250 250 249 246 246 241 242 241 248 251 250 251 250 251 250 250 248 247 248 250 249 252 254 254 254 253 250 243 245 248 247 247 244 244 246 247 246 242 242 246 246 245 245 245 239 244 252 251 251 251
235 228 234 238 241 241 239 236 233 229 232 227 216 223 224 220 216 209 209 215 226 234 243 244 244 242 238 239 239 240 246 245 248 247 251 251 251 249 244 242 245 245 247 252 252 251 251 251 251 251 248 248 246 250 251 253 254 254 253 253 250 243 244 247 245 244 243 244 245 248 249 246 243 244 244 244 243 249 242 241 252 252 246 253
243 239 241 242 240 239 234 229 235 237 237 234 224 229 231 222 210 209 217 220 225 235 243 245 245 241 238 240 243 244 242 241 243 243 249 252 253 251 244 245 248 244 249 252 253 252 251 251 251 251 249 249 248 251 252 252 253 253 253 253 251 248 245 247 246 244 246 247 246 248 249 247 245 242 242 243 247 250 250 249 251 253 247 254
245 242 246 244 241 236 230 234 240 243 244 240 234 238 228 217 218 221 223 227 231 240 245 247 246 242 241 242 244 244 242 241 241 242 246 249 253 253 248 248 249 244 251 253 253 251 251 251 251 251 249 249 251 252 252 251 252 253 253 252 252 249 245 245 248 247 246 249 247 249 249 247 247 244 242 242 242 245 245 253 250 254 252 255
244 246 243 241 237 232 224 236 241 245 247 245 244 244 236 230 230 226 229 231 235 243 246 247 246 243 243 243 246 245 243 241 244 244 244 248 252 254 250 250 249 246 252 254 253 252 252 251 252 251 250 247 249 251 251 249 251 253 254 252 250 250 248 245 248 248 248 248 250 250 250 249 247 241 240 244 246 248 253 254 252 255 254 250
248 249 247 238 236 237 235 238 244 247 250 250 243 245 241 234 234 227 230 233 234 244 246 249 246 244 245 247 246 244 244 243 246 248 249 248 250 253 254 251 250 247 253 254 254 253 250 251 251 252 250 246 243 247 250 246 250 248 253 251 249 249 246 245 245 248 249 250 248 248 251 249 244 240 241 242 241 241 252 250 244 249 254 252
247 251 246 239 243 243 242 244 246 250 251 252 249 242 241 239 240 236 231 239 241 248 249 249 248 247 248 245 241 244 244 247 246 245 245 246 248 253 254 253 250 245 251 254 254 253 252 253 252 252 251 248 242 243 247 245 248 245 251 252 249 248 245 242 244 245 247 249 250 249 251 248 245 244 240 245 245 247 253 252 244 249 254 254
245 251 247 245 247 247 248 249 250 252 252 253 249 245 242 244 244 238 240 245 246 250 250 250 249 248 245 243 242 242 243 248 247 245 240 240 241 249 253 254 252 249 251 254 255 254 254 254 253 252 253 251 247 247 248 247 249 245 250 252 250 248 247 241 243 244 244 246 248 251 252 249 247 247 245 248 252 252 254 251 245 251 253 254
