08 Ecocrop/raster/current/tmean_11.asc
ncols        683
nrows        518
xllcorner    -87.691666666667
yllcorner    10.708333333333
cellsize     0.008333333333
NODATA_value  1.#QNAN
[rows 148 to 184 of 518, columns 252 to 335 of 683]
205 202 195 194 198 204 211 215 223 229 233 233 234 235 238 236 240 242 243 243 243 242 241 243 237 237 240 238 234 236 232 235 236 236 234 233 229 226 225 225 231 234 234 232 228 226 222 222 217 214 212 217 223 228 232 232 232 232 235 236 237 234 231 226 216 198 211 220 221 226 231 235 242 244 243 240 242 247 249 249 248 248 249 249
191 195 204 200 199 206 209 211 221 229 234 235 235 239 239 237 241 242 243 243 243 244 244 244 241 241 240 238 235 234 229 233 234 235 235 232 231 228 225 227 229 232 233 231 229 227 223 219 210 219 215 222 224 229 232 233 234 235 234 233 231 230 230 218 209 196 199 207 214 215 220 226 235 241 243 244 246 248 248 249 249 249 250 250
190 197 207 208 203 204 205 206 214 226 235 234 238 239 238 242 241 242 243 242 243 243 244 243 241 241 240 240 238 236 232 233 235 235 235 233 233 230 228 229 229 231 232 230 227 226 223 217 214 214 225 223 228 231 232 232 233 233 232 230 223 225 226 222 207 185 177 191 200 199 206 220 230 238 243 245 247 248 247 247 249 250 249 250
194 198 210 214 206 203 205 208 216 225 235 236 239 236 237 241 241 242 242 243 243 243 244 243 243 242 241 240 239 239 234 233 234 236 236 235 233 231 231 231 229 230 230 230 228 226 220 223 219 216 225 229 227 230 231 232 232 230 228 225 220 218 218 218 209 195 190 194 202 206 212 219 227 232 239 246 247 247 248 248 249 250 250 250
204 198 203 215 212 212 210 213 218 228 235 237 240 231 237 239 241 242 243 243 243 243 243 243 242 242 241 240 239 238 236 234 235 235 235 234 231 233 233 232 230 229 228 227 227 223 222 225 226 219 219 229 229 230 232 233 231 229 225 220 213 206 199 199 206 206 203 203 197 197 199 208 216 226 236 243 246 247 248 248 249 250 250 251
204 204 204 211 220 216 211 217 225 227 233 237 239 231 235 240 241 242 243 243 243 243 243 243 242 241 241 240 238 239 238 236 235 234 233 234 234 232 232 232 230 230 227 223 222 226 229 225 229 227 223 226 232 229 234 233 231 227 222 214 206 196 184 187 195 205 211 213 209 198 197 197 206 223 234 239 245 248 248 249 249 250 250 251
209 207 207 209 219 222 217 212 224 227 233 237 237 232 234 239 240 242 243 243 243 242 242 242 242 241 241 240 238 238 237 234 235 233 232 232 233 233 230 230 232 230 226 222 220 226 228 231 232 231 232 228 234 236 236 233 229 225 217 207 194 185 174 178 189 196 209 217 216 209 208 202 208 219 228 236 242 247 248 249 249 250 250 250
214 211 210 212 218 226 218 215 220 225 233 237 231 228 236 240 241 242 242 243 242 242 241 241 241 241 240 240 238 237 236 234 235 234 233 230 228 227 228 231 231 230 227 223 221 226 230 231 235 230 231 235 234 237 235 231 225 221 212 203 197 189 181 183 190 198 207 216 222 218 216 209 211 218 227 234 241 246 248 248 249 249 250 250
215 209 208 208 215 226 221 218 218 226 234 235 228 232 237 240 241 241 242 243 242 241 241 241 240 240 239 239 235 237 235 234 235 233 232 228 222 222 230 233 231 225 226 220 215 220 226 230 234 236 234 236 237 238 236 229 222 215 208 196 187 182 182 187 191 199 209 217 224 224 219 212 217 220 224 233 243 247 249 249 249 249 250 250
219 214 209 208 217 222 227 221 218 227 232 235 231 234 236 240 241 238 242 243 241 240 240 239 235 230 229 234 235 235 235 233 234 232 230 224 217 222 228 234 227 225 221 220 215 220 223 230 232 233 237 238 238 238 233 226 222 217 206 192 181 178 179 182 185 191 204 216 223 227 221 221 221 227 234 239 243 247 248 248 249 249 250 250
218 219 214 215 222 224 225 220 220 222 232 233 233 235 237 240 242 242 242 243 240 240 239 237 231 221 224 229 234 233 234 233 231 227 224 221 221 226 231 232 229 223 217 216 224 221 221 232 236 236 237 239 239 237 234 226 221 216 209 201 192 189 185 189 197 200 208 220 226 227 223 228 231 229 231 236 244 246 249 249 249 250 250 250
211 218 216 216 224 228 227 225 224 224 233 234 233 235 237 241 241 242 240 242 239 239 237 238 232 224 222 228 233 232 233 234 227 226 226 225 227 231 234 230 233 227 219 220 222 230 227 233 236 238 238 239 240 238 234 226 219 215 205 195 194 196 197 198 199 208 215 224 229 226 226 230 233 236 239 240 246 248 249 249 249 250 250 250
204 211 218 217 217 227 231 228 226 231 236 237 236 235 241 241 241 242 242 241 239 235 236 236 232 227 225 227 231 228 230 236 230 227 233 231 233 235 235 236 234 228 223 226 218 230 233 233 235 239 239 240 239 235 235 226 221 214 201 191 188 195 200 205 208 208 216 225 231 229 229 230 230 237 242 245 247 247 247 249 249 250 250 250
206 205 218 225 219 229 233 225 230 235 237 238 234 236 240 241 242 242 240 236 237 235 226 227 230 226 227 230 229 229 233 236 235 232 235 233 236 237 238 237 233 225 222 232 225 229 233 235 235 239 241 241 239 236 233 228 220 213 204 197 191 188 191 199 212 218 223 229 230 230 226 225 228 236 242 244 246 245 246 249 249 249 250 250
208 207 214 227 229 232 232 226 232 236 238 238 234 237 240 242 242 240 237 234 235 232 219 218 222 222 229 232 229 232 236 237 238 237 237 237 238 238 237 235 228 221 222 230 234 235 235 238 237 240 241 239 238 235 234 230 222 216 205 197 191 193 200 202 209 218 229 233 230 234 227 222 228 236 241 246 245 246 245 248 249 249 250 250
211 212 215 223 231 235 233 226 235 237 235 238 239 241 241 242 240 239 238 236 235 230 218 213 217 224 228 233 233 235 237 237 239 238 239 239 240 239 235 234 231 223 217 220 230 236 237 238 240 241 241 237 237 236 235 229 221 219 213 206 202 199 205 214 217 224 231 236 237 238 233 232 236 241 244 247 247 247 246 248 249 249 249 250
217 218 221 225 222 231 236 232 233 237 234 236 239 240 238 241 241 240 237 233 231 222 213 207 215 225 227 231 235 237 238 238 239 240 240 240 240 240 235 231 232 228 225 225 234 235 236 238 240 241 240 238 234 234 236 230 219 222 223 219 214 215 216 219 226 230 232 232 236 241 239 240 239 241 244 246 245 248 247 248 249 249 249 250
219 223 228 229 225 232 235 237 235 237 236 237 241 240 238 241 241 237 233 235 221 215 215 215 215 224 230 232 234 236 237 239 240 240 240 241 240 238 237 237 238 235 234 233 233 237 237 239 241 240 238 239 236 238 234 228 221 220 224 226 227 228 230 232 232 235 236 234 238 242 240 240 241 244 246 245 244 246 248 248 249 249 249 250
223 226 229 230 222 225 233 235 238 238 239 240 239 236 236 240 241 239 238 234 224 220 215 221 220 221 228 231 234 236 237 239 240 240 241 241 239 236 233 238 238 238 238 232 230 231 233 240 242 239 237 239 237 238 236 230 223 220 220 225 233 236 237 237 238 239 238 240 242 241 240 243 246 246 246 246 245 244 247 249 249 249 249 250
227 225 227 229 229 234 236 234 234 232 236 241 238 236 238 240 240 240 240 237 232 224 222 223 227 225 224 230 230 231 236 239 240 241 241 241 237 231 231 235 239 239 237 233 226 226 236 241 242 240 240 238 237 237 231 229 227 227 226 225 233 237 239 239 240 241 239 240 242 243 244 246 247 247 245 247 247 247 249 249 249 249 249 250
226 229 230 232 233 229 232 235 233 230 238 240 240 240 239 239 239 238 238 239 237 231 228 231 229 223 220 225 221 226 236 240 241 241 241 241 239 239 239 240 240 238 237 236 227 231 238 241 242 241 241 236 232 230 231 224 229 233 231 232 236 238 239 240 241 240 239 240 243 244 246 247 247 246 246 247 247 247 248 249 249 250 250 249
229 229 232 232 226 223 229 235 235 235 239 240 239 239 237 237 235 236 235 237 237 236 234 235 230 228 223 225 221 227 236 240 241 241 241 241 240 241 242 240 239 234 236 236 233 236 239 242 243 242 240 239 230 223 222 221 225 233 235 236 238 238 236 236 241 239 242 243 245 246 246 247 247 247 247 246 245 247 248 248 249 249 249 247
231 229 229 224 227 229 231 233 235 238 240 238 238 235 233 237 234 234 237 237 234 237 236 234 231 231 228 229 230 234 238 241 241 242 242 241 242 242 242 240 236 235 236 233 234 238 240 242 243 242 240 238 235 230 225 221 220 228 232 234 237 235 230 236 241 243 243 243 242 245 247 247 248 248 247 245 247 247 247 248 249 249 249 249
218 220 223 225 227 229 232 235 237 237 240 237 236 233 230 232 232 232 234 236 236 237 230 234 231 233 233 235 238 239 239 237 239 242 242 242 242 242 240 237 232 235 234 226 231 237 241 243 243 240 241 235 232 230 230 227 228 230 233 235 232 231 228 236 239 242 244 243 240 243 246 247 248 248 248 248 248 248 249 249 250 250 250 248
216 218 221 224 227 232 234 236 237 239 239 238 237 233 230 228 230 231 234 238 237 236 227 233 235 233 235 236 237 234 232 224 232 240 242 242 242 240 237 237 233 238 231 222 228 235 241 243 242 240 241 240 236 233 234 235 232 232 230 228 221 223 228 238 236 236 240 244 243 242 244 248 248 248 249 249 249 249 249 249 249 250 250 247
215 219 221 222 222 226 233 237 238 240 237 238 236 230 227 229 233 233 232 238 235 236 233 236 238 236 236 236 237 230 222 223 236 239 242 243 243 242 240 240 238 238 231 224 231 238 243 243 237 238 239 237 233 237 234 231 234 233 231 222 214 218 230 237 234 236 240 243 245 244 246 247 247 248 248 249 249 249 249 249 250 250 250 249
207 213 213 212 216 222 229 235 239 239 236 235 234 234 227 230 235 236 237 234 229 233 232 235 238 239 238 237 232 228 228 232 236 240 242 242 243 242 242 241 241 239 233 232 237 242 243 241 233 235 238 237 231 228 227 222 223 223 226 230 222 223 225 233 227 234 238 244 246 247 247 247 247 248 248 249 249 249 249 249 249 249 250 250
210 209 209 214 218 224 229 235 238 237 234 234 235 231 225 228 235 236 237 230 224 226 226 231 231 235 240 234 227 234 237 238 240 242 242 242 242 241 242 242 240 238 236 238 242 243 242 236 228 233 236 233 229 221 219 215 213 217 222 227 234 232 231 227 221 234 239 245 246 247 248 248 248 248 248 248 248 249 249 250 250 250 249 249
212 211 212 216 222 225 233 237 237 234 228 229 230 230 222 226 236 237 235 229 224 226 225 225 230 234 239 238 231 230 237 240 241 240 239 241 241 239 240 241 243 241 241 242 243 241 234 228 231 235 225 219 215 216 210 207 214 222 226 224 229 235 238 232 227 231 238 243 244 247 247 247 247 248 248 248 249 248 249 249 249 250 249 249
211 213 213 217 222 231 237 234 235 235 233 233 229 228 227 230 236 236 234 232 225 221 221 230 230 233 235 241 240 234 238 240 240 233 231 238 235 229 233 237 240 243 243 244 243 239 228 229 226 223 217 208 202 208 206 202 207 217 224 231 231 235 237 239 239 237 240 242 245 246 245 245 247 247 248 249 249 249 248 249 249 249 249 250
215 215 216 219 223 234 236 231 234 233 234 233 230 230 232 233 233 236 235 234 230 225 229 231 236 238 240 241 242 242 241 241 239 233 226 231 233 227 228 235 239 243 244 244 239 234 235 230 222 219 213 203 201 202 201 200 208 219 225 229 229 231 234 236 234 241 243 243 245 244 242 244 247 247 247 247 248 249 249 249 249 250 250 250
219 217 221 221 228 237 234 231 232 229 226 229 224 232 231 226 232 233 233 230 228 222 224 228 234 238 238 239 241 242 242 238 234 233 233 231 232 230 231 237 239 243 244 243 234 236 238 227 221 216 208 204 203 206 207 210 212 218 222 222 225 228 232 237 232 239 243 244 244 242 242 246 246 247 247 248 246 248 249 249 249 250 250 250
221 221 225 227 235 235 233 233 230 222 222 226 228 230 228 226 229 231 230 229 225 221 225 228 233 237 239 240 241 242 243 240 240 240 237 238 234 232 236 237 241 244 243 242 239 239 235 226 223 216 210 209 212 214 216 221 222 223 226 225 226 229 232 238 239 241 244 245 246 245 244 245 245 247 248 248 248 249 249 249 250 248 249 250
225 226 229 233 236 229 229 230 225 223 217 222 225 224 225 226 222 229 224 229 222 223 227 231 236 237 240 241 241 242 243 243 243 242 240 241 234 234 240 240 242 244 243 243 241 233 228 231 225 213 208 214 221 219 214 219 229 231 227 228 232 232 232 236 242 244 245 246 246 246 246 245 244 246 247 249 248 248 248 248 249 247 248 250
227 228 234 234 235 231 229 228 222 221 217 211 219 218 219 221 220 224 217 225 223 226 229 233 232 237 240 241 241 242 243 243 243 243 242 239 231 237 242 242 243 243 244 243 239 231 223 223 221 214 208 215 226 225 222 217 224 233 234 229 232 239 236 237 241 245 246 246 247 247 247 246 244 244 247 248 247 246 246 246 247 247 248 250
229 230 233 234 229 233 231 228 226 223 215 209 211 214 212 215 215 215 211 219 223 225 226 224 228 235 240 241 242 242 242 242 243 243 243 243 237 236 243 243 244 244 244 242 238 233 229 232 227 223 217 220 225 231 228 220 223 228 235 234 235 237 242 241 244 245 246 246 247 247 247 247 246 244 248 247 243 239 243 247 248 247 248 250
230 233 233 227 224 231 230 229 227 223 216 211 213 219 214 210 208 209 212 215 215 215 217 209 215 227 238 241 242 242 242 243 243 243 240 242 243 242 244 244 244 244 244 242 238 234 235 233 223 216 212 221 228 233 229 227 227 229 235 237 238 240 242 244 245 246 246 247 247 247 248 247 247 247 248 244 241 241 246 248 248 248 248 250
