08 Ecocrop/raster/current/tmean_3.asc
ncols        683
nrows        518
xllcorner    -87.691666666667
yllcorner    10.708333333333
cellsize     0.008333333333
NODATA_value  1.#QNAN
[rows 148 to 184 of 518, columns 84 to 167 of 683]
1.#QNAN 1.#QNAN 1.#QNAN 1.#QNAN 1.#QNAN 1.#QNAN 1.#QNAN 1.#QNAN 1.#QNAN 1.#QNAN 1.#QNAN 1.#QNAN 1.#QNAN 1.#QNAN 1.#QNAN 1.#QNAN 1.#QNAN 1.#QNAN 1.#QNAN 1.#QNAN 1.#QNAN 1.#QNAN 1.#QNAN 1.#QNAN 1.#QNAN 1.#QNAN 1.#QNAN 1.#QNAN 1.#QNAN 1.#QNAN 1.#QNAN 242 237 235 232 229 229 227 228 1.#QNAN 1.#QNAN 1.#QNAN 1.#QNAN 214 1.#QNAN 1.#QNAN 1.#QNAN 205 203 199 198 203 200 195 200 200 198 1.#QNAN 1.#QNAN 1.#QNAN 1.#QNAN 1.#QNAN 1.#QNAN 1.#QNAN 1.#QNAN 1.#QNAN 1.#QNAN 1.#QNAN 1.#QNAN 1.#QNAN 1.#QNAN 1.#QNAN 1.#QNAN 1.#QNAN 1.#QNAN 1.#QNAN 1.#QNAN 1.#QNAN 1.#QNAN 1.#QNAN 196 201 207 211
1.#QNAN 1.#QNAN 1.#QNAN 1.#QNAN 1.#QNAN 1.#QNAN 1.#QNAN 1.#QNAN 1.#QNAN 1.#QNAN 1.#QNAN 1.#QNAN 1.#QNAN 1.#QNAN 1.#QNAN 1.#QNAN 1.#QNAN 1.#QNAN 1.#QNAN 1.#QNAN 1.#QNAN 1.#QNAN 1.#QNAN 1.#QNAN 1.#QNAN 1.#QNAN 1.#QNAN 1.#QNAN 1.#QNAN 1.#QNAN 248 242 239 233 229 226 226 222 223 226 221 219 215 207 203 205 203 195 194 200 198 198 205 203 205 201 196 196 1.#QNAN 1.#QNAN 1.#QNAN 1.#QNAN 1.#QNAN 173 171 173 1.#QNAN 1.#QNAN 1.#QNAN 1.#QNAN 1.#QNAN 1.#QNAN 1.#QNAN 1.#QNAN 1.#QNAN 1.#QNAN 1.#QNAN 1.#QNAN 1.#QNAN 185 191 199 207 213
1.#QNAN 1.#QNAN 1.#QNAN 1.#QNAN 1.#QNAN 1.#QNAN 1.#QNAN 1.#QNAN 1.#QNAN 1.#QNAN 1.#QNAN 1.#QNAN 1.#QNAN 1.#QNAN 1.#QNAN 1.#QNAN 1.#QNAN 1.#QNAN 1.#QNAN 1.#QNAN 1.#QNAN 1.#QNAN 1.#QNAN 1.#QNAN 1.#QNAN 1.#QNAN 1.#QNAN 262 254 247 245 242 238 235 230 224 220 217 221 219 218 212 209 208 202 197 198 196 195 196 197 193 199 208 207 206 199 193 191 180 175 173 175 174 171 166 174 1.#QNAN 1.#QNAN 1.#QNAN 1.#QNAN 1.#QNAN 1.#QNAN 169 179 1.#QNAN 1.#QNAN 1.#QNAN 183 178 188 194 204 209
1.#QNAN 1.#QNAN 1.#QNAN 1.#QNAN 1.#QNAN 1.#QNAN 1.#QNAN 1.#QNAN 1.#QNAN 1.#QNAN 1.#QNAN 1.#QNAN 1.#QNAN 1.#QNAN 1.#QNAN 1.#QNAN 1.#QNAN 1.#QNAN 1.#QNAN 1.#QNAN 1.#QNAN 1.#QNAN 1.#QNAN 1.#QNAN 1.#QNAN 1.#QNAN 258 258 252 247 244 240 239 236 233 228 223 219 219 218 215 208 213 209 201 203 210 207 203 200 198 201 198 202 210 209 203 202 199 189 175 173 176 176 177 165 164 158 155 160 155 158 168 167 175 177 175 178 185 180 189 198 197 207
1.#QNAN 1.#QNAN 1.#QNAN 1.#QNAN 1.#QNAN 1.#QNAN 1.#QNAN 1.#QNAN 1.#QNAN 1.#QNAN 1.#QNAN 1.#QNAN 1.#QNAN 1.#QNAN 1.#QNAN 1.#QNAN 1.#QNAN 1.#QNAN 1.#QNAN 1.#QNAN 1.#QNAN 1.#QNAN 1.#QNAN 1.#QNAN 1.#QNAN 1.#QNAN 263 255 251 248 243 239 235 237 235 232 229 226 221 217 211 205 211 213 208 212 213 210 205 204 204 207 203 201 205 211 205 206 203 194 177 172 179 183 183 170 175 171 161 166 164 164 175 171 174 184 177 179 192 192 197 200 204 210
1.#QNAN 1.#QNAN 1.#QNAN 1.#QNAN 1.#QNAN 1.#QNAN 1.#QNAN 1.#QNAN 1.#QNAN 1.#QNAN 1.#QNAN 1.#QNAN 1.#QNAN 1.#QNAN 1.#QNAN 1.#QNAN 1.#QNAN 1.#QNAN 1.#QNAN 1.#QNAN 1.#QNAN 1.#QNAN 1.#QNAN 1.#QNAN 1.#QNAN 1.#QNAN 259 261 255 251 246 241 237 236 237 235 232 228 226 221 215 209 214 218 218 217 212 208 203 208 207 210 206 201 202 205 212 210 203 188 181 177 184 187 189 181 181 185 178 179 177 169 178 185 178 182 189 187 193 200 200 207 211 212
1.#QNAN 1.#QNAN 1.#QNAN 1.#QNAN 1.#QNAN 1.#QNAN 1.#QNAN 1.#QNAN 1.#QNAN 1.#QNAN 1.#QNAN 1.#QNAN 1.#QNAN 1.#QNAN 1.#QNAN 1.#QNAN 1.#QNAN 1.#QNAN 1.#QNAN 1.#QNAN 1.#QNAN 1.#QNAN 1.#QNAN 1.#QNAN 1.#QNAN 1.#QNAN 1.#QNAN 263 259 255 252 247 239 235 238 236 234 232 230 224 217 210 212 220 221 219 213 212 211 214 213 213 209 202 203 206 211 212 199 191 189 190 190 194 192 187 192 193 191 186 176 172 177 191 190 187 194 199 199 205 207 209 212 215
1.#QNAN 1.#QNAN 1.#QNAN 1.#QNAN 1.#QNAN 1.#QNAN 1.#QNAN 1.#QNAN 1.#QNAN 1.#QNAN 1.#QNAN 1.#QNAN 1.#QNAN 1.#QNAN 1.#QNAN 1.#QNAN 1.#QNAN 1.#QNAN 1.#QNAN 1.#QNAN 1.#QNAN 1.#QNAN 1.#QNAN 1.#QNAN 1.#QNAN 1.#QNAN 1.#QNAN 266 263 260 257 249 242 238 241 238 236 235 231 225 216 210 215 222 223 222 219 218 218 217 213 211 210 205 202 205 209 215 211 203 200 193 199 199 202 195 195 200 197 188 180 177 181 191 199 195 199 204 204 207 211 212 212 215
1.#QNAN 1.#QNAN 1.#QNAN 1.#QNAN 1.#QNAN 1.#QNAN 1.#QNAN 1.#QNAN 1.#QNAN 1.#QNAN 1.#QNAN 1.#QNAN 1.#QNAN 1.#QNAN 1.#QNAN 1.#QNAN 1.#QNAN 1.#QNAN 1.#QNAN 1.#QNAN 1.#QNAN 1.#QNAN 1.#QNAN 1.#QNAN 1.#QNAN 1.#QNAN 1.#QNAN 266 264 263 260 255 247 245 241 241 239 236 230 221 212 215 220 224 225 223 223 221 220 217 212 208 209 204 200 202 208 215 218 211 202 202 199 205 208 203 201 204 195 195 191 183 186 189 203 201 202 208 211 212 213 216 215 217
1.#QNAN 1.#QNAN 1.#QNAN 1.#QNAN 1.#QNAN 1.#QNAN 1.#QNAN 1.#QNAN 1.#QNAN 1.#QNAN 1.#QNAN 1.#QNAN 1.#QNAN 1.#QNAN 1.#QNAN 1.#QNAN 1.#QNAN 1.#QNAN 1.#QNAN 1.#QNAN 1.#QNAN 1.#QNAN 1.#QNAN 1.#QNAN 1.#QNAN 1.#QNAN 1.#QNAN 265 265 263 262 260 254 248 246 244 240 233 222 212 214 220 223 226 226 224 223 222 220 217 214 209 204 204 197 197 201 207 219 219 214 214 207 209 213 210 203 208 198 202 196 189 195 195 204 210 206 207 215 217 214 215 219 218
1.#QNAN 1.#QNAN 1.#QNAN 1.#QNAN 1.#QNAN 1.#QNAN 1.#QNAN 1.#QNAN 1.#QNAN 1.#QNAN 1.#QNAN 1.#QNAN 1.#QNAN 1.#QNAN 1.#QNAN 1.#QNAN 1.#QNAN 1.#QNAN 1.#QNAN 1.#QNAN 1.#QNAN 1.#QNAN 1.#QNAN 1.#QNAN 1.#QNAN 1.#QNAN 265 266 264 263 262 257 254 251 248 245 238 229 211 209 217 222 225 224 223 219 214 218 218 215 210 206 199 201 195 196 200 202 210 223 222 220 213 215 217 216 213 214 207 209 200 199 202 206 209 215 211 210 210 218 220 214 221 222
1.#QNAN 1.#QNAN 1.#QNAN 1.#QNAN 1.#QNAN 1.#QNAN 1.#QNAN 1.#QNAN 1.#QNAN 1.#QNAN 1.#QNAN 1.#QNAN 1.#QNAN 1.#QNAN 1.#QNAN 1.#QNAN 1.#QNAN 1.#QNAN 1.#QNAN 1.#QNAN 1.#QNAN 1.#QNAN 1.#QNAN 1.#QNAN 1.#QNAN 1.#QNAN 264 266 265 264 260 257 252 251 247 242 235 222 213 215 216 222 226 225 222 216 210 219 222 218 210 205 202 203 201 204 200 206 214 219 227 225 220 217 220 224 216 220 217 216 213 206 213 215 215 218 213 216 214 212 219 220 222 222
1.#QNAN 1.#QNAN 1.#QNAN 1.#QNAN 1.#QNAN 1.#QNAN 1.#QNAN 1.#QNAN 1.#QNAN 1.#QNAN 1.#QNAN 1.#QNAN 1.#QNAN 1.#QNAN 1.#QNAN 1.#QNAN 1.#QNAN 1.#QNAN 1.#QNAN 1.#QNAN 1.#QNAN 1.#QNAN 1.#QNAN 1.#QNAN 1.#QNAN 258 262 258 261 261 261 257 254 249 240 234 235 220 216 218 223 226 226 225 223 216 210 218 225 222 219 213 210 210 210 214 210 210 218 226 230 226 223 225 223 228 226 226 224 223 222 219 216 217 221 221 220 222 225 224 226 226 225 227
1.#QNAN 1.#QNAN 1.#QNAN 1.#QNAN 1.#QNAN 1.#QNAN 1.#QNAN 1.#QNAN 1.#QNAN 1.#QNAN 1.#QNAN 1.#QNAN 1.#QNAN 1.#QNAN 1.#QNAN 1.#QNAN 1.#QNAN 1.#QNAN 1.#QNAN 1.#QNAN 1.#QNAN 1.#QNAN 1.#QNAN 1.#QNAN 1.#QNAN 252 258 252 252 247 248 249 255 249 242 236 235 226 219 211 220 227 227 226 225 220 216 218 225 225 221 215 218 216 215 212 221 220 221 228 233 230 224 225 230 232 231 227 226 227 226 225 224 224 227 227 228 229 229 229 231 231 231 230
1.#QNAN 1.#QNAN 1.#QNAN 1.#QNAN 1.#QNAN 1.#QNAN 1.#QNAN 1.#QNAN 1.#QNAN 1.#QNAN 1.#QNAN 1.#QNAN 1.#QNAN 1.#QNAN 1.#QNAN 1.#QNAN 1.#QNAN 1.#QNAN 1.#QNAN 1.#QNAN 1.#QNAN 1.#QNAN 1.#QNAN 1.#QNAN 256 248 252 248 238 231 232 235 248 250 246 241 241 234 219 214 217 218 229 227 226 227 223 222 225 229 222 216 221 223 219 216 225 224 225 230 234 232 228 221 227 233 233 234 234 233 229 231 231 230 230 229 230 231 231 232 232 233 231 228
1.#QNAN 1.#QNAN 1.#QNAN 1.#QNAN 1.#QNAN 1.#QNAN 1.#QNAN 1.#QNAN 1.#QNAN 1.#QNAN 1.#QNAN 1.#QNAN 1.#QNAN 1.#QNAN 1.#QNAN 1.#QNAN 1.#QNAN 1.#QNAN 1.#QNAN 1.#QNAN 1.#QNAN 1.#QNAN 1.#QNAN 1.#QNAN 242 243 242 240 234 227 229 238 247 254 251 247 243 230 220 215 214 218 225 231 231 231 230 229 230 231 226 221 222 226 225 224 228 229 230 226 230 236 233 228 229 234 235 236 236 236 234 234 234 234 232 232 232 233 234 232 233 233 233 230
1.#QNAN 1.#QNAN 1.#QNAN 1.#QNAN 1.#QNAN 1.#QNAN 1.#QNAN 1.#QNAN 1.#QNAN 1.#QNAN 1.#QNAN 1.#QNAN 1.#QNAN 1.#QNAN 1.#QNAN 1.#QNAN 1.#QNAN 1.#QNAN 1.#QNAN 1.#QNAN 1.#QNAN 1.#QNAN 1.#QNAN 1.#QNAN 234 233 234 233 236 234 236 238 246 251 252 248 241 229 223 219 220 221 222 224 229 234 234 233 233 230 226 220 225 227 229 229 225 231 234 227 223 229 237 238 239 237 237 237 238 238 237 236 236 236 234 234 234 235 235 234 233 235 234 233
1.#QNAN 1.#QNAN 1.#QNAN 1.#QNAN 1.#QNAN 1.#QNAN 1.#QNAN 1.#QNAN 1.#QNAN 1.#QNAN 1.#QNAN 1.#QNAN 1.#QNAN 1.#QNAN 1.#QNAN 1.#QNAN 1.#QNAN 1.#QNAN 1.#QNAN 1.#QNAN 1.#QNAN 1.#QNAN 1.#QNAN 1.#QNAN 1.#QNAN 230 234 237 238 238 242 245 247 250 247 241 235 238 233 224 215 211 208 213 221 228 235 237 236 233 233 231 229 226 231 233 234 233 234 235 236 238 241 240 241 239 239 239 240 240 239 238 238 238 237 237 237 238 236 235 235 237 236 236
1.#QNAN 1.#QNAN 1.#QNAN 1.#QNAN 1.#QNAN 1.#QNAN 1.#QNAN 1.#QNAN 1.#QNAN 1.#QNAN 1.#QNAN 1.#QNAN 1.#QNAN 1.#QNAN 1.#QNAN 1.#QNAN 1.#QNAN 1.#QNAN 1.#QNAN 1.#QNAN 1.#QNAN 1.#QNAN 1.#QNAN 1.#QNAN 1.#QNAN 1.#QNAN 1.#QNAN 1.#QNAN 239 241 244 247 249 245 244 234 227 227 227 228 216 206 202 211 221 227 233 236 238 238 237 236 233 231 234 235 238 237 236 240 241 241 242 242 242 241 241 241 241 242 240 240 241 240 238 239 239 238 237 236 237 237 238 236
1.#QNAN 1.#QNAN 1.#QNAN 1.#QNAN 1.#QNAN 1.#QNAN 1.#QNAN 1.#QNAN 1.#QNAN 1.#QNAN 1.#QNAN 1.#QNAN 1.#QNAN 1.#QNAN 1.#QNAN 1.#QNAN 1.#QNAN 1.#QNAN 1.#QNAN 1.#QNAN 1.#QNAN 1.#QNAN 1.#QNAN 1.#QNAN 1.#QNAN 1.#QNAN 1.#QNAN 1.#QNAN 239 240 242 245 245 243 237 232 226 222 222 227 218 209 215 220 226 227 228 232 236 237 239 240 238 238 238 238 240 241 242 242 242 243 242 243 243 243 242 243 242 243 244 243 241 239 236 239 240 239 239 238 237 236 237 236
1.#QNAN 1.#QNAN 1.#QNAN 1.#QNAN 1.#QNAN 1.#QNAN 1.#QNAN 1.#QNAN 1.#QNAN 1.#QNAN 1.#QNAN 1.#QNAN 1.#QNAN 1.#QNAN 1.#QNAN 1.#QNAN 1.#QNAN 1.#QNAN 1.#QNAN 1.#QNAN 1.#QNAN 1.#QNAN 1.#QNAN 1.#QNAN 1.#QNAN 1.#QNAN 1.#QNAN 1.#QNAN 237 238 241 242 239 235 228 227 223 221 223 225 220 213 214 216 219 217 218 225 233 234 234 233 238 240 240 240 241 242 243 243 243 243 243 244 244 243 244 244 243 240 240 242 243 241 239 236 241 239 239 237 236 236 234 236
1.#QNAN 1.#QNAN 1.#QNAN 1.#QNAN 1.#QNAN 1.#QNAN 1.#QNAN 1.#QNAN 1.#QNAN 1.#QNAN 1.#QNAN 1.#QNAN 1.#QNAN 1.#QNAN 1.#QNAN 1.#QNAN 1.#QNAN 1.#QNAN 1.#QNAN 1.#QNAN 1.#QNAN 1.#QNAN 1.#QNAN 1.#QNAN 1.#QNAN 1.#QNAN 1.#QNAN 228 233 236 237 238 231 229 223 221 216 214 218 222 219 214 204 202 206 206 210 224 231 230 223 223 228 233 233 239 242 243 243 244 244 244 244 242 242 241 242 240 233 230 229 237 240 241 243 240 240 240 237 237 234 234 237 235
1.#QNAN 1.#QNAN 1.#QNAN 1.#QNAN 1.#QNAN 1.#QNAN 1.#QNAN 1.#QNAN 1.#QNAN 1.#QNAN 1.#QNAN 1.#QNAN 1.#QNAN 1.#QNAN 1.#QNAN 1.#QNAN 1.#QNAN 1.#QNAN 1.#QNAN 1.#QNAN 1.#QNAN 1.#QNAN 1.#QNAN 1.#QNAN 1.#QNAN 1.#QNAN 1.#QNAN 225 229 231 235 232 223 216 211 212 210 214 216 220 223 214 205 204 208 212 214 223 225 221 220 227 234 233 234 238 240 239 238 242 242 241 241 239 238 237 236 231 223 227 232 236 238 239 240 242 241 238 237 237 234 234 237 232
1.#QNAN 1.#QNAN 1.#QNAN 1.#QNAN 1.#QNAN 1.#QNAN 1.#QNAN 1.#QNAN 1.#QNAN 1.#QNAN 1.#QNAN 1.#QNAN 1.#QNAN 1.#QNAN 1.#QNAN 1.#QNAN 1.#QNAN 1.#QNAN 1.#QNAN 1.#QNAN 1.#QNAN 1.#QNAN 1.#QNAN 1.#QNAN 1.#QNAN 1.#QNAN 1.#QNAN 221 224 222 227 222 219 207 203 201 207 206 210 217 225 222 218 218 220 222 223 228 222 216 225 232 238 238 240 241 238 232 232 233 234 239 236 231 231 229 228 231 232 232 235 237 238 239 239 240 241 241 241 241 240 238 235 232
1.#QNAN 1.#QNAN 1.#QNAN 1.#QNAN 1.#QNAN 1.#QNAN 1.#QNAN 1.#QNAN 1.#QNAN 1.#QNAN 1.#QNAN 1.#QNAN 1.#QNAN 1.#QNAN 1.#QNAN 1.#QNAN 1.#QNAN 1.#QNAN 1.#QNAN 1.#QNAN 1.#QNAN 1.#QNAN 1.#QNAN 1.#QNAN 1.#QNAN 1.#QNAN 211 216 220 218 223 217 211 209 203 201 208 216 218 222 226 228 228 227 228 223 226 232 227 226 233 235 239 239 240 239 240 239 238 234 232 234 231 222 219 223 227 231 233 234 236 235 232 231 235 233 234 234 235 235 233 239 232 229
1.#QNAN 1.#QNAN 1.#QNAN 1.#QNAN 1.#QNAN 1.#QNAN 1.#QNAN 1.#QNAN 1.#QNAN 1.#QNAN 1.#QNAN 1.#QNAN 1.#QNAN 1.#QNAN 1.#QNAN 1.#QNAN 1.#QNAN 1.#QNAN 1.#QNAN 1.#QNAN 1.#QNAN 1.#QNAN 1.#QNAN 1.#QNAN 1.#QNAN 1.#QNAN 206 213 216 217 215 216 213 210 208 211 218 222 226 228 232 231 232 231 232 230 231 234 233 231 234 238 240 237 237 238 240 237 238 239 236 234 229 219 208 221 229 232 233 234 230 225 222 223 223 220 223 223 227 233 237 238 232 228
1.#QNAN 1.#QNAN 1.#QNAN 1.#QNAN 1.#QNAN 1.#QNAN 1.#QNAN 1.#QNAN 1.#QNAN 1.#QNAN 1.#QNAN 1.#QNAN 1.#QNAN 1.#QNAN 1.#QNAN 1.#QNAN 1.#QNAN 1.#QNAN 1.#QNAN 1.#QNAN 1.#QNAN 1.#QNAN 1.#QNAN 1.#QNAN 1.#QNAN 1.#QNAN 201 204 207 208 207 207 205 200 206 211 213 220 223 228 233 234 234 235 235 236 237 236 236 237 240 239 237 233 233 235 238 235 236 236 234 230 227 220 208 220 227 229 231 230 225 224 226 227 223 218 220 224 230 233 235 240 235 232
1.#QNAN 1.#QNAN 1.#QNAN 1.#QNAN 1.#QNAN 1.#QNAN 1.#QNAN 1.#QNAN 1.#QNAN 1.#QNAN 1.#QNAN 1.#QNAN 1.#QNAN 1.#QNAN 1.#QNAN 1.#QNAN 1.#QNAN 1.#QNAN 1.#QNAN 1.#QNAN 1.#QNAN 1.#QNAN 1.#QNAN 1.#QNAN 1.#QNAN 1.#QNAN 1.#QNAN 198 203 211 212 212 204 202 213 209 207 221 228 232 235 236 236 237 237 238 238 238 239 240 236 236 232 232 235 237 235 233 234 235 234 232 229 223 220 224 226 225 226 223 222 221 222 225 227 223 225 229 228 230 236 240 238 238
1.#QNAN 1.#QNAN 1.#QNAN 1.#QNAN 1.#QNAN 1.#QNAN 1.#QNAN 1.#QNAN 1.#QNAN 1.#QNAN 1.#QNAN 1.#QNAN 1.#QNAN 1.#QNAN 1.#QNAN 1.#QNAN 1.#QNAN 1.#QNAN 1.#QNAN 1.#QNAN 1.#QNAN 1.#QNAN 1.#QNAN 1.#QNAN 1.#QNAN 1.#QNAN 1.#QNAN 1.#QNAN 1.#QNAN 213 219 210 203 213 216 211 219 224 225 233 237 237 238 238 239 239 239 239 240 240 237 238 236 232 235 235 233 229 234 231 230 228 227 226 227 227 228 224 220 218 219 220 222 226 229 228 225 230 231 231 235 239 240 241
1.#QNAN 1.#QNAN 1.#QNAN 1.#QNAN 1.#QNAN 1.#QNAN 1.#QNAN 1.#QNAN 1.#QNAN 1.#QNAN 1.#QNAN 1.#QNAN 1.#QNAN 1.#QNAN 1.#QNAN 1.#QNAN 1.#QNAN 1.#QNAN 1.#QNAN 1.#QNAN 1.#QNAN 1.#QNAN 1.#QNAN 1.#QNAN 1.#QNAN 1.#QNAN 1.#QNAN 1.#QNAN 1.#QNAN 214 217 216 212 217 221 221 229 232 231 237 238 238 239 239 240 240 240 240 239 239 238 237 237 233 232 234 231 231 231 231 229 227 227 225 227 228 227 222 219 218 217 217 219 220 224 229 226 230 235 235 235 236 239 242
1.#QNAN 1.#QNAN 1.#QNAN 1.#QNAN 1.#QNAN 1.#QNAN 1.#QNAN 1.#QNAN 1.#QNAN 1.#QNAN 1.#QNAN 1.#QNAN 1.#QNAN 1.#QNAN 1.#QNAN 1.#QNAN 1.#QNAN 1.#QNAN 1.#QNAN 1.#QNAN 1.#QNAN 1.#QNAN 1.#QNAN 1.#QNAN 1.#QNAN 1.#QNAN 1.#QNAN 1.#QNAN 1.#QNAN 207 214 220 222 222 228 230 234 235 237 238 239 239 240 240 241 241 240 240 238 238 237 234 233 233 232 232 230 231 231 229 229 223 226 228 228 228 226 224 221 221 215 214 213 218 226 231 230 232 232 231 232 237 236 240
1.#QNAN 1.#QNAN 1.#QNAN 1.#QNAN 1.#QNAN 1.#QNAN 1.#QNAN 1.#QNAN 1.#QNAN 1.#QNAN 1.#QNAN 1.#QNAN 1.#QNAN 1.#QNAN 1.#QNAN 1.#QNAN 1.#QNAN 1.#QNAN 1.#QNAN 1.#QNAN 1.#QNAN 1.#QNAN 1.#QNAN 1.#QNAN 1.#QNAN 1.#QNAN 1.#QNAN 1.#QNAN 1.#QNAN 206 213 223 226 227 229 233 234 229 234 238 239 239 240 241 242 241 239 238 237 237 237 235 233 229 232 230 226 224 229 230 231 229 223 224 229 229 232 229 225 221 217 213 212 222 227 227 228 228 228 230 234 234 235 238
1.#QNAN 1.#QNAN 1.#QNAN 1.#QNAN 1.#QNAN 1.#QNAN 1.#QNAN 1.#QNAN 1.#QNAN 1.#QNAN 1.#QNAN 1.#QNAN 1.#QNAN 1.#QNAN 1.#QNAN 1.#QNAN 1.#QNAN 1.#QNAN 1.#QNAN 1.#QNAN 1.#QNAN 1.#QNAN 1.#QNAN 1.#QNAN 1.#QNAN 1.#QNAN 1.#QNAN 1.#QNAN 1.#QNAN 202 209 218 225 222 227 230 230 231 236 238 238 235 240 241 241 239 239 238 237 236 236 234 233 228 227 225 218 216 222 229 231 231 230 228 226 229 232 233 229 228 225 219 215 217 221 224 226 227 229 232 231 232 236 237
1.#QNAN 1.#QNAN 1.#QNAN 1.#QNAN 1.#QNAN 1.#QNAN 1.#QNAN 1.#QNAN 1.#QNAN 1.#QNAN 1.#QNAN 1.#QNAN 1.#QNAN 1.#QNAN 1.#QNAN 1.#QNAN 1.#QNAN 1.#QNAN 1.#QNAN 1.#QNAN 1.#QNAN 1.#QNAN 1.#QNAN 1.#QNAN 1.#QNAN 1.#QNAN 1.#QNAN 1.#QNAN 1.#QNAN 1.#QNAN 212 219 223 221 223 228 231 233 236 237 235 239 240 240 239 238 235 237 237 236 234 234 232 227 216 212 220 225 228 229 229 229 231 231 229 227 228 233 234 230 229 227 222 218 224 225 226 227 230 228 230 230 231 233
1.#QNAN 1.#QNAN 1.#QNAN 1.#QNAN 1.#QNAN 1.#QNAN 1.#QNAN 1.#QNAN 1.#QNAN 1.#QNAN 1.#QNAN 1.#QNAN 1.#QNAN 1.#QNAN 1.#QNAN 1.#QNAN 1.#QNAN 1.#QNAN 1.#QNAN 1.#QNAN 1.#QNAN 1.#QNAN 1.#QNAN 1.#QNAN 1.#QNAN 1.#QNAN 1.#QNAN 1.#QNAN 1.#QNAN 1.#QNAN 209 216 218 218 215 222 230 227 225 233 236 239 238 233 234 237 235 236 236 235 232 231 231 226 224 220 226 231 231 227 229 227 228 233 232 231 234 234 236 233 232 232 231 228 227 226 226 226 230 232 234 236 237 239
1.#QNAN 1.#QNAN 1.#QNAN 1.#QNAN 1.#QNAN 1.#QNAN 1.#QNAN 1.#QNAN 1.#QNAN 1.#QNAN 1.#QNAN 1.#QNAN 1.#QNAN 1.#QNAN 1.#QNAN 1.#QNAN 1.#QNAN 1.#QNAN 1.#QNAN 1.#QNAN 1.#QNAN 1.#QNAN 1.#QNAN 1.#QNAN 1.#QNAN 1.#QNAN 1.#QNAN 1.#QNAN 1.#QNAN 1.#QNAN 211 214 222 225 223 222 229 220 216 229 239 234 227 224 230 234 232 235 235 234 231 224 228 227 230 230 230 232 233 229 226 228 230 234 236 236 236 236 237 235 235 235 234 234 230 233 233 232 234 235 236 238 238 241
1.#QNAN 1.#QNAN 1.#QNAN 1.#QNAN 1.#QNAN 1.#QNAN 1.#QNAN 1.#QNAN 1.#QNAN 1.#QNAN 1.#QNAN 1.#QNAN 1.#QNAN 1.#QNAN 1.#QNAN 1.#QNAN 1.#QNAN 1.#QNAN 1.#QNAN 1.#QNAN 1.#QNAN 1.#QNAN 1.#QNAN 1.#QNAN 1.#QNAN 1.#QNAN 1.#QNAN 1.#QNAN 1.#QNAN 1.#QNAN 214 217 223 229 227 224 233 223 220 232 239 227 218 222 228 232 231 233 233 233 231 223 219 223 227 231 233 233 234 234 233 230 232 232 232 236 237 237 237 238 238 237 237 235 232 234 235 236 235 237 238 242 242 238
