08 Ecocrop/raster/current/tmean_7.asc
ncols        683
nrows        518
xllcorner    -87.691666666667
yllcorner    10.708333333333
cellsize     0.008333333333
NODATA_value  1.#QNAN
[rows 370 to 406 of 518, columns 168 to 251 of 683]
224 225 225 226 227 229 231 232 233 235 235 237 239 240 243 246 251 251 250 251 251 252 250 249 248 247 246 249 260 264 264 265 265 263 261 263 264 265 266 267 267 268 268 268 268 267 267 267 267 267 267 267 267 267 267 267 267 267 267 267 268 268 268 268 268 268 268 268 268 268 268 268 268 268 268 268 268 268 268 268 268 268 269 269
224 225 226 227 228 230 231 233 235 235 237 239 240 242 243 247 248 247 246 247 247 248 248 247 245 244 243 250 262 264 264 264 265 265 261 262 263 265 266 267 267 268 268 268 268 267 267 267 267 267 267 267 267 267 267 267 267 267 267 267 268 268 268 268 268 268 268 268 268 268 268 268 268 268 268 268 268 268 268 268 268 268 269 269
227 226 226 228 229 230 232 234 235 236 237 239 241 243 244 245 246 244 244 244 245 246 246 245 244 241 239 252 263 263 264 264 265 265 260 261 263 265 266 266 267 268 268 268 268 267 267 267 267 267 267 267 267 267 267 267 267 267 267 267 268 268 268 268 268 268 268 268 268 268 268 268 268 268 268 268 268 268 268 268 268 268 269 269
229 228 228 228 229 230 231 233 234 235 237 238 240 242 242 244 244 243 243 243 244 245 245 244 243 241 241 254 263 263 264 264 265 265 261 261 262 264 265 266 267 268 268 268 267 267 267 267 267 267 267 267 267 267 267 267 267 267 267 268 268 268 268 268 268 268 268 268 268 268 268 268 268 268 268 268 268 268 268 268 268 269 269 269
231 230 229 229 230 230 231 232 233 235 236 238 240 241 242 243 243 243 242 243 243 244 244 243 243 242 242 250 257 262 263 260 261 260 255 259 262 263 265 266 266 266 268 267 267 267 267 267 267 267 267 267 267 267 267 267 267 267 267 268 268 268 268 268 268 268 268 268 268 268 268 268 268 268 268 268 268 268 268 268 268 269 269 269
233 232 231 231 230 230 231 231 232 234 236 237 239 241 242 242 243 243 242 243 243 243 244 244 244 244 244 245 247 253 253 248 249 249 252 259 260 263 264 265 265 265 266 267 268 267 267 267 267 267 267 267 267 267 267 267 267 267 267 268 268 268 268 268 268 268 268 268 268 268 268 268 268 268 268 268 268 268 268 268 268 269 269 269
234 234 233 232 232 231 231 231 231 233 235 237 238 240 241 241 242 242 242 242 243 244 244 245 245 246 247 248 248 248 248 248 248 250 254 256 257 261 264 265 264 264 264 267 268 267 267 267 267 267 267 267 267 267 267 267 267 267 267 268 268 268 268 268 268 268 268 268 268 268 268 268 268 268 268 268 268 268 268 268 269 269 269 269
236 235 235 234 233 233 233 232 232 232 234 236 238 239 240 241 241 242 242 242 244 244 245 246 246 247 248 249 249 249 249 250 251 252 253 253 255 257 260 262 262 261 262 265 267 267 267 267 267 267 267 267 267 267 267 267 267 267 268 268 268 268 268 268 268 268 268 268 268 268 268 268 268 268 268 268 268 268 268 268 269 269 269 269
238 236 236 235 235 234 234 234 233 233 234 235 237 239 239 240 241 241 242 243 244 246 246 247 248 249 249 250 250 251 251 252 252 253 254 253 254 255 256 257 259 260 262 263 267 267 267 267 267 267 267 267 267 267 267 267 267 267 267 268 268 268 268 268 268 268 268 268 268 268 268 268 268 268 268 268 268 268 268 268 268 269 269 269
239 238 237 237 236 235 235 235 235 235 235 236 237 239 240 240 241 242 242 243 245 247 248 248 249 250 251 251 251 252 252 252 253 253 252 252 250 251 252 253 255 257 259 262 265 267 267 267 267 267 267 267 267 267 267 267 267 267 267 268 268 268 268 268 268 268 268 268 268 268 268 268 268 268 268 268 268 268 268 268 268 269 269 269
241 240 239 238 237 237 236 237 236 236 236 237 237 239 240 240 241 242 243 244 246 248 249 250 250 251 252 252 253 253 253 253 254 252 248 247 246 244 244 245 248 253 255 258 262 265 267 267 267 267 267 267 267 267 267 267 267 267 267 267 268 268 268 268 268 268 268 268 268 268 268 268 268 268 268 268 268 268 268 268 268 268 269 269
244 242 241 240 240 239 238 238 237 237 237 238 238 239 240 241 242 243 244 245 246 248 250 251 252 252 253 253 253 254 255 254 253 250 244 238 234 232 233 233 245 249 250 253 259 263 267 267 267 267 267 267 267 267 267 267 267 267 267 267 268 268 268 268 268 268 268 268 268 268 268 268 268 268 268 268 268 268 268 268 268 268 269 269
245 244 243 242 241 241 240 240 239 239 239 239 240 240 241 242 243 244 245 246 247 249 251 252 253 253 254 254 254 255 255 254 252 250 244 235 226 215 217 224 237 239 243 249 256 263 266 267 267 267 267 267 267 267 267 267 267 267 267 267 267 268 268 268 268 268 268 268 268 268 268 268 268 268 268 268 268 268 268 268 268 268 268 269
247 246 244 244 243 243 242 242 241 241 241 241 241 242 242 243 244 245 245 246 248 249 251 253 254 254 254 255 255 256 256 255 253 251 246 240 231 213 219 212 218 232 241 250 253 258 264 267 267 267 267 267 267 267 267 267 267 267 267 267 267 267 268 268 268 268 268 268 268 268 268 268 268 268 268 268 268 268 268 268 268 268 268 268
248 247 246 246 245 245 244 243 243 243 243 243 243 243 244 244 245 246 247 247 249 250 252 253 254 255 256 256 256 257 258 256 255 253 249 244 237 229 235 220 226 238 246 253 256 258 262 266 267 267 267 267 267 267 267 267 267 267 267 267 267 267 267 268 268 268 268 268 268 268 268 268 268 268 268 268 268 268 268 268 268 268 268 268
250 249 248 248 247 246 246 245 245 245 245 245 245 245 245 246 246 247 248 248 250 251 252 254 255 256 256 257 258 258 258 258 257 256 254 251 247 242 243 239 240 248 254 257 258 259 260 261 267 267 267 267 267 267 267 267 267 267 267 267 267 267 267 267 268 268 268 268 268 268 268 268 268 268 268 268 268 268 268 268 268 268 268 268
252 251 250 250 249 249 248 248 247 246 247 247 247 247 247 247 248 248 249 249 250 252 253 254 255 256 257 258 259 260 260 260 259 258 257 256 255 252 253 252 253 256 259 262 264 263 261 263 268 268 267 267 267 267 267 267 267 267 267 267 267 267 267 267 267 267 268 268 268 268 268 268 268 268 268 268 268 268 268 268 268 268 268 268
254 253 252 252 251 251 250 250 249 249 249 248 249 249 249 249 249 250 250 251 252 253 254 255 256 257 258 259 260 261 261 261 261 260 260 260 259 259 259 259 261 262 263 265 266 266 265 267 268 268 268 267 267 267 267 267 267 267 267 267 267 267 267 267 267 267 267 267 267 267 268 268 268 268 268 268 268 268 268 268 268 268 268 268
255 255 254 254 253 253 252 252 252 251 251 250 251 250 250 251 251 251 252 252 253 254 255 256 257 258 259 260 261 262 263 263 263 262 262 263 262 262 263 264 265 266 266 267 266 267 267 268 268 268 268 267 267 267 267 267 267 267 267 267 267 267 267 267 267 267 267 267 267 267 267 267 268 268 268 268 268 268 268 268 268 268 268 268
257 256 256 255 255 254 254 254 253 253 252 252 252 252 252 252 252 252 253 254 254 255 256 258 258 259 260 261 262 263 263 263 264 263 264 264 264 264 265 266 267 267 267 267 267 267 267 267 267 267 267 267 267 267 267 267 267 267 267 267 267 267 267 267 267 267 267 267 267 267 267 267 267 268 268 268 268 268 268 268 268 268 268 268
259 258 257 257 256 256 256 255 255 255 254 254 254 253 253 253 253 254 254 255 256 257 258 259 259 260 261 261 262 263 264 264 264 264 264 265 265 266 267 267 267 267 267 267 267 267 267 267 267 267 267 267 266 267 267 267 267 267 265 267 267 267 267 267 267 267 267 267 267 267 267 267 267 267 268 268 268 268 268 268 268 268 268 268
260 260 259 258 258 258 257 257 257 256 256 256 255 255 255 255 255 255 255 256 257 258 259 260 261 261 262 262 263 264 264 264 264 265 265 265 265 266 267 267 267 267 267 267 267 267 267 267 267 267 267 266 265 265 266 266 266 266 260 265 267 267 267 267 267 267 267 267 267 267 267 267 267 267 267 268 268 268 268 268 268 268 268 268
261 261 260 260 259 259 259 259 258 258 257 257 257 256 256 256 256 256 257 257 258 259 260 261 261 262 263 263 264 264 265 265 265 265 265 265 265 266 266 266 267 267 267 267 267 267 267 267 267 267 267 264 261 262 261 262 259 262 261 265 267 267 267 267 267 267 267 267 267 267 267 267 267 267 267 267 267 267 268 268 268 268 268 268
263 262 261 260 260 261 261 261 260 259 259 259 258 258 257 257 257 257 258 258 259 260 261 262 262 263 264 264 264 265 265 265 265 265 266 266 265 265 265 265 266 266 267 267 267 267 267 267 267 266 264 261 258 261 261 255 250 251 258 264 267 267 267 267 267 267 267 267 267 267 267 267 267 267 267 267 267 267 267 267 267 268 268 268
264 263 263 262 262 262 262 262 262 261 261 260 259 258 257 258 257 258 259 259 260 261 262 262 263 264 264 264 265 265 265 265 266 266 266 266 265 265 265 266 267 267 267 268 267 268 267 267 267 266 263 259 253 256 257 250 244 242 252 261 266 267 267 267 267 267 267 267 267 267 267 267 267 267 267 267 267 267 267 267 267 267 267 267
264 264 264 262 264 264 263 263 263 262 262 261 260 259 259 258 256 257 260 261 261 262 262 263 263 264 265 265 265 265 265 265 266 266 266 266 266 266 266 267 267 267 267 268 268 268 267 267 267 267 266 262 256 253 253 250 250 248 253 261 266 267 267 267 267 267 267 267 267 267 267 267 267 267 267 267 267 267 267 267 267 267 267 267
265 265 264 265 265 264 264 263 263 263 263 261 260 260 260 257 255 260 261 261 262 262 263 263 264 264 265 265 266 266 266 266 266 266 267 267 266 266 266 267 267 268 268 268 268 268 268 267 267 267 267 266 262 261 260 261 260 258 257 261 266 267 267 267 267 267 267 267 267 267 267 267 267 267 267 267 267 267 267 267 267 267 267 267
267 266 266 265 265 265 264 263 263 263 262 262 261 259 259 258 259 260 261 261 262 262 263 263 264 264 264 265 266 266 266 266 266 267 267 267 267 267 267 267 267 268 268 268 268 268 268 268 267 267 266 265 266 266 266 266 266 265 263 265 267 267 267 267 267 267 267 267 267 267 267 267 267 267 267 267 267 267 267 267 267 267 267 267
267 266 265 265 265 264 263 262 261 262 261 260 259 258 258 258 259 260 260 260 260 261 262 262 262 262 263 263 265 266 266 266 267 267 267 267 267 268 268 268 267 268 268 268 268 268 268 268 267 267 266 267 267 267 267 267 267 267 267 267 267 267 267 267 267 267 267 267 267 267 267 267 267 267 267 267 267 267 267 267 267 267 267 267
263 261 264 265 265 264 263 262 262 261 260 259 258 256 256 256 259 259 257 258 259 258 260 260 261 261 264 263 264 265 265 265 266 267 267 267 268 268 268 268 268 268 268 268 267 268 268 268 268 267 266 267 267 267 267 267 267 267 267 267 267 267 267 267 267 267 267 267 267 267 267 267 267 267 267 267 267 267 267 267 267 267 267 267
264 265 266 265 264 264 262 263 264 263 260 261 259 256 255 258 259 257 254 256 257 256 258 257 259 263 264 265 265 265 266 267 267 267 267 267 268 268 268 268 268 268 268 268 268 267 268 268 268 268 267 267 267 267 267 267 267 267 267 267 267 267 267 267 267 267 267 267 267 267 267 267 267 267 267 267 267 267 267 267 267 267 267 267
266 264 264 263 264 263 263 264 265 263 261 262 258 255 257 258 256 255 252 252 256 255 256 256 256 260 262 265 265 266 266 266 267 267 267 267 268 268 268 268 268 268 268 268 268 268 266 268 268 268 267 267 267 267 267 267 267 267 267 267 267 267 267 267 267 267 267 267 267 267 267 267 267 267 267 267 267 267 267 267 267 267 267 267
266 264 265 265 266 264 265 266 265 264 262 258 257 255 257 254 248 251 251 250 252 257 256 258 260 261 262 264 264 264 264 265 265 265 266 266 267 268 268 268 268 268 268 268 268 268 267 266 267 268 267 268 267 267 267 267 267 267 267 267 267 267 267 267 267 267 267 267 267 267 267 267 267 267 267 267 267 267 267 267 267 267 267 267
267 266 267 266 267 267 265 263 262 262 258 253 253 256 254 247 245 252 251 252 254 258 258 261 261 260 262 262 263 263 262 263 262 261 261 265 267 268 268 268 268 268 269 269 268 268 268 266 266 267 268 268 267 267 267 267 267 267 266 266 266 266 266 266 267 267 267 267 267 267 267 267 267 267 267 267 267 267 267 267 267 267 267 267
268 268 269 269 268 266 263 263 259 259 255 253 256 253 250 242 245 254 255 253 259 260 256 258 261 259 260 262 262 261 261 261 262 262 263 266 267 268 268 268 268 269 269 269 269 269 269 268 268 268 268 268 267 267 267 267 267 266 266 266 266 266 266 266 266 266 266 266 266 266 267 267 267 267 267 267 267 267 267 267 267 267 267 267
269 269 269 269 268 267 265 263 262 258 253 253 258 255 252 247 253 260 256 257 260 260 256 256 259 262 261 260 262 261 261 263 262 264 266 267 268 268 268 268 268 268 268 268 268 269 269 268 268 268 268 268 267 267 267 267 267 266 266 266 266 266 266 266 266 266 266 266 266 266 266 266 266 266 266 267 267 267 267 267 267 267 267 267
270 269 269 268 265 264 264 260 261 254 255 259 259 257 255 253 258 263 261 261 262 261 258 261 260 264 264 263 262 261 261 262 263 265 266 267 267 268 268 268 268 268 268 268 268 269 269 269 268 268 268 267 267 267 267 267 267 266 266 266 266 266 266 266 266 266 266 266 266 266 266 266 266 266 266 266 266 267 267 267 267 267 267 267
