08 Ecocrop/raster/current/tmean_2.asc
ncols        683
nrows        518
xllcorner    -87.691666666667
yllcorner    10.708333333333
cellsize     0.008333333333
NODATA_value  1.#QNAN
[rows 259 to 295 of 518, columns 84 to 167 of 683]
280 280 280 280 280 279 279 279 279 278 278 278 278 277 278 278 277 277 277 278 278 278 278 278 278 276 278 278 278 277 277 277 277 277 277 276 275 274 272 269 265 265 268 268 268 269 268 268 266 268 268 268 268 267 267 266 262 253 254 255 253 245 230 217 212 221 234 238 242 250 252 251 254 255 246 249 240 237 245 241 228 219 208 209
280 280 280 280 280 279 279 279 279 278 278 278 278 278 278 278 278 277 277 278 278 278 278 278 278 277 278 278 278 278 277 277 276 276 276 276 275 274 272 270 268 264 265 267 268 268 268 268 267 267 267 267 267 267 267 266 264 260 259 258 254 251 244 234 217 225 236 243 244 246 249 253 258 256 249 253 250 249 242 241 235 230 222 212
280 280 280 280 280 279 279 279 279 279 278 278 278 278 278 278 277 277 277 277 277 277 277 277 277 277 277 278 277 277 277 277 276 276 276 275 275 274 273 273 271 270 266 265 267 266 266 263 264 266 266 266 267 267 267 266 265 262 260 262 259 255 251 241 231 235 241 234 232 238 243 254 259 256 254 256 252 245 235 238 238 230 225 215
280 280 280 280 279 279 279 279 279 278 278 278 278 278 278 278 277 277 277 277 277 277 277 277 277 277 277 277 277 277 277 277 276 276 274 274 274 274 272 270 270 269 267 263 266 261 254 260 260 262 262 265 266 266 266 267 265 264 264 263 260 258 252 242 239 247 244 230 238 243 248 255 258 259 257 259 253 245 239 234 234 232 228 222
280 280 280 280 279 279 279 278 278 278 278 278 278 278 278 277 277 277 277 277 276 276 276 276 277 277 277 277 277 277 277 277 276 276 274 273 271 273 272 267 268 267 263 260 263 258 249 250 251 254 259 262 263 264 266 267 266 265 263 264 262 259 251 247 251 247 240 237 244 248 254 258 258 262 261 259 253 247 241 238 229 229 235 231
280 280 280 280 279 279 279 279 279 279 279 278 278 278 278 277 277 277 277 276 276 276 276 276 276 276 277 277 277 277 277 276 276 276 275 275 273 272 271 268 267 262 261 261 263 254 254 245 242 253 256 257 258 264 265 266 266 263 262 262 263 261 257 255 250 236 229 237 247 252 256 259 261 262 263 259 252 250 244 245 236 228 235 230
281 280 281 280 280 280 280 280 279 279 279 279 279 278 278 278 277 277 277 276 276 276 276 276 277 276 276 277 276 275 277 277 276 276 276 275 275 274 271 267 269 259 254 254 264 261 256 245 245 244 248 257 261 263 263 265 266 260 261 262 263 261 259 256 248 235 231 240 250 256 258 260 262 262 263 262 258 256 252 249 241 242 239 232
281 281 281 281 281 281 281 280 280 280 280 280 279 279 278 278 277 276 276 276 276 276 276 277 277 276 272 276 276 274 276 277 276 276 276 275 275 274 273 271 269 267 259 250 263 268 263 256 246 246 253 255 255 262 266 266 266 260 257 263 263 261 255 251 252 247 243 239 246 252 258 257 257 261 264 262 255 250 252 250 249 242 235 227
280 281 281 281 281 281 281 281 281 281 281 280 280 279 279 278 277 276 276 276 277 277 277 277 277 277 276 276 275 273 275 275 276 276 276 275 275 274 272 273 271 266 260 254 264 269 269 265 255 250 248 254 263 261 264 267 265 259 259 263 263 258 255 254 253 250 249 247 249 253 252 257 257 262 265 262 255 253 254 249 250 241 236 232
279 280 281 281 281 281 282 282 282 282 281 281 281 280 279 278 277 277 277 277 277 277 277 277 277 277 277 276 274 270 265 274 276 276 276 276 275 274 274 273 272 267 265 261 268 270 270 269 263 251 250 258 265 268 269 269 265 260 259 259 262 263 261 257 255 252 248 252 251 253 255 257 260 262 265 261 254 258 255 250 243 244 239 231
278 279 280 280 281 281 281 282 282 282 282 282 281 280 279 278 277 277 277 277 277 277 277 277 277 277 277 277 276 271 262 272 276 276 276 276 276 275 275 273 274 272 270 268 271 271 271 271 265 257 258 264 266 268 270 270 265 260 264 262 264 264 263 261 260 256 249 251 252 256 257 260 257 262 263 257 261 256 247 250 244 241 240 236
274 274 277 277 278 278 279 279 280 280 281 281 281 279 279 278 277 276 276 276 276 277 277 277 277 277 277 276 276 272 266 271 275 275 275 275 276 275 275 274 274 273 272 270 270 272 272 272 268 260 264 265 269 269 271 271 266 262 264 266 266 266 265 264 261 257 254 251 256 256 258 260 260 258 262 262 262 256 250 246 243 245 242 242
267 265 270 273 274 274 276 277 278 279 279 280 280 279 278 277 277 276 276 276 276 276 276 276 276 276 277 277 275 274 268 271 271 272 273 274 276 275 275 275 273 273 273 272 270 272 272 272 271 267 270 269 270 271 271 272 269 265 266 266 267 267 267 266 264 261 256 252 258 260 261 260 259 262 264 262 261 260 257 253 245 241 240 247
254 251 256 266 269 270 273 275 276 277 278 279 279 279 278 277 276 275 275 275 276 275 275 275 275 275 275 276 275 275 273 272 273 274 273 275 276 274 275 275 274 273 274 274 273 273 273 273 273 272 271 271 272 272 271 272 270 269 269 262 265 268 267 266 265 262 256 248 254 258 261 262 263 261 265 260 259 258 254 252 249 249 245 248
235 233 238 258 264 267 270 272 274 276 277 278 279 278 278 277 276 275 275 275 275 275 275 275 274 272 272 275 276 276 275 273 273 275 275 275 275 273 271 274 275 275 274 274 274 273 273 273 272 272 272 272 272 272 272 272 271 271 268 264 264 266 268 267 265 262 256 243 239 252 261 263 263 265 265 262 260 251 249 247 250 247 249 246
234 236 247 255 260 263 266 269 271 273 276 277 278 278 277 276 275 275 275 275 274 274 274 274 272 271 268 269 272 273 274 273 273 274 275 275 275 274 274 274 274 274 274 272 273 273 273 273 273 272 272 272 272 272 272 272 272 271 269 268 262 262 268 268 266 264 256 242 239 245 255 263 262 265 266 260 259 254 248 243 244 248 246 244
237 241 246 251 256 258 260 263 266 268 272 273 274 277 277 276 275 275 275 275 275 275 274 274 273 269 265 266 269 271 273 273 274 274 275 275 273 275 275 274 272 273 270 267 270 269 272 273 273 272 272 272 272 272 272 272 272 272 271 270 268 268 269 265 265 265 259 254 249 257 258 265 266 267 264 261 261 257 255 253 252 249 246 248
227 233 239 243 248 250 254 257 262 265 269 271 274 276 276 276 276 276 276 276 275 275 275 275 275 274 272 267 267 267 269 272 274 275 274 274 273 274 274 274 274 273 272 266 264 265 267 271 272 273 273 273 273 273 273 272 272 272 269 264 263 266 267 264 261 265 258 261 260 259 265 267 268 266 263 259 259 261 260 258 255 251 246 250
214 224 228 231 236 240 245 251 257 262 266 270 274 275 276 276 276 276 276 276 276 276 276 276 276 276 275 272 267 269 269 271 272 274 273 272 273 273 274 273 273 272 271 270 263 261 264 267 271 273 273 273 273 273 273 272 272 272 270 267 266 266 265 263 262 263 260 260 265 262 266 268 268 264 261 256 254 253 255 251 247 249 245 247
205 215 211 214 221 226 235 244 252 258 264 268 271 274 275 276 276 277 276 276 277 277 277 277 277 276 275 274 270 272 273 274 274 275 275 274 274 274 273 272 270 271 271 270 266 261 265 267 272 273 273 273 273 273 273 273 273 273 273 272 272 270 265 264 264 264 261 258 266 264 268 268 264 260 257 253 246 238 242 239 240 243 242 252
204 195 191 197 201 214 224 237 242 249 254 260 267 271 272 275 276 277 277 277 277 278 278 278 277 277 276 276 275 275 276 276 276 276 275 275 274 274 272 268 267 266 267 268 265 268 271 272 273 273 274 274 273 273 273 273 273 273 273 273 273 270 265 263 264 267 264 261 267 267 269 265 257 251 249 245 242 238 236 235 237 237 242 249
216 206 197 193 193 209 227 233 235 238 242 254 264 268 270 270 272 276 277 278 278 278 278 278 278 277 276 276 277 276 276 276 276 276 276 275 274 274 273 270 264 259 257 264 268 270 272 272 273 274 274 274 274 273 273 273 273 273 273 273 273 273 271 268 266 270 268 265 268 270 268 258 254 253 250 247 246 242 237 236 236 238 244 253
228 223 219 211 209 221 232 235 236 234 241 254 263 269 271 273 274 276 276 277 277 277 278 277 277 277 277 277 277 277 276 276 276 276 275 275 274 274 274 271 265 257 254 257 265 270 271 272 273 274 274 274 274 274 274 273 273 273 273 273 273 273 273 272 272 272 269 269 271 267 262 259 261 260 254 249 248 246 240 239 240 239 245 255
237 235 232 227 225 228 233 235 235 234 244 257 263 269 271 272 274 275 275 276 276 276 276 276 276 277 277 277 276 276 276 276 276 276 275 275 275 274 274 273 266 257 254 258 264 269 272 273 273 274 274 274 274 274 274 274 274 273 273 273 273 273 273 273 273 273 271 272 272 268 265 263 265 255 252 250 249 248 246 244 242 241 246 256
244 243 241 239 238 234 233 230 230 239 250 258 265 268 270 272 273 274 274 274 274 275 275 275 275 276 276 276 276 276 276 275 275 275 275 275 275 274 274 272 271 265 254 258 266 270 272 272 273 273 274 274 274 274 274 274 274 273 273 273 273 273 273 273 273 273 273 272 272 272 271 268 268 260 255 251 250 249 249 249 245 244 248 257
250 248 248 248 247 243 240 238 241 249 255 261 266 269 270 270 271 272 272 272 273 272 272 272 272 274 275 276 276 276 276 275 275 274 275 275 275 274 274 273 272 269 260 264 269 271 272 272 273 273 274 274 274 274 274 274 274 274 273 273 272 272 273 273 273 273 273 273 273 273 273 269 271 268 259 255 250 250 250 250 247 245 249 259
255 254 253 254 253 253 250 248 251 255 260 264 266 267 268 268 267 268 267 268 268 268 267 267 268 270 274 275 276 276 275 275 274 274 275 275 275 275 274 274 273 270 268 269 270 271 272 272 273 274 274 274 274 274 274 274 274 274 273 273 272 272 272 273 273 273 273 273 273 273 273 273 273 272 269 264 258 255 256 251 251 255 257 258
259 258 257 258 258 259 257 254 256 258 261 263 264 264 263 262 261 254 258 260 259 259 260 263 264 267 272 274 275 275 275 274 274 274 274 274 275 274 274 274 273 272 271 270 270 271 272 273 273 274 274 274 274 274 274 275 274 274 273 273 272 272 272 273 273 273 273 273 273 273 273 273 273 273 272 271 270 266 265 262 261 265 266 265
263 262 261 261 261 261 260 258 258 259 261 261 261 257 251 254 251 238 248 250 248 248 252 258 259 265 271 274 274 274 275 274 273 273 274 274 274 274 274 274 273 272 271 271 271 272 272 273 273 273 273 273 274 274 275 275 274 274 274 273 273 273 273 273 273 273 273 272 273 273 273 273 273 273 272 272 271 270 267 268 268 266 265 264
265 265 264 264 264 264 263 261 260 262 262 260 258 249 242 242 243 238 238 239 236 238 241 250 257 265 271 273 274 273 274 274 273 273 274 274 274 274 274 274 273 272 271 271 272 273 273 273 273 273 273 273 274 275 275 275 274 274 274 273 273 273 273 273 273 273 272 271 273 273 273 273 273 273 272 272 271 271 268 269 268 264 263 258
268 267 267 266 266 266 265 264 264 264 262 261 258 250 242 242 241 231 229 228 226 225 233 246 255 264 268 272 273 271 273 273 273 273 273 273 274 274 274 273 273 272 272 272 272 272 273 273 273 273 273 273 274 275 274 274 274 274 274 274 273 273 273 273 273 272 272 272 273 273 273 273 273 273 272 272 271 271 271 270 269 269 265 258
270 269 269 269 268 268 268 267 266 264 263 262 259 255 251 245 237 220 220 226 221 225 235 245 255 263 264 269 272 271 272 272 273 273 273 273 273 273 273 273 272 272 272 272 272 272 272 272 272 272 273 273 274 274 274 274 274 274 274 274 274 273 273 273 273 272 272 272 272 272 273 273 273 273 273 272 272 272 271 270 269 268 266 260
271 271 271 270 270 270 270 268 268 266 265 263 260 257 253 248 243 240 235 234 234 237 241 249 258 263 266 267 271 272 272 272 272 272 272 272 273 273 273 273 272 272 272 272 272 272 272 272 272 272 272 273 274 274 274 275 274 274 274 274 274 274 273 273 272 272 272 272 272 272 272 272 272 272 272 272 272 272 271 270 268 267 267 264
273 272 272 272 271 271 271 270 268 268 266 264 262 258 255 252 251 250 249 248 245 241 247 254 260 264 263 265 269 270 271 271 271 271 271 271 271 272 272 272 272 272 272 272 272 272 272 272 272 272 273 273 274 274 274 274 274 274 274 274 274 274 273 273 272 272 272 272 272 272 272 272 272 272 272 272 272 272 272 271 269 268 265 264
273 273 273 273 273 272 272 272 270 269 267 266 264 261 259 257 256 255 253 253 243 232 251 258 262 263 262 264 263 264 268 269 269 269 269 270 270 270 271 271 271 272 272 272 272 273 273 273 273 273 273 273 274 274 274 274 274 275 274 274 274 274 274 273 273 272 271 271 271 272 271 271 271 272 272 272 272 272 272 271 271 270 265 266
274 274 274 274 274 274 274 273 272 270 269 267 266 264 262 260 259 259 259 258 255 254 257 260 262 261 256 257 254 256 259 264 267 267 268 268 269 269 270 270 271 271 271 272 273 273 273 273 273 273 273 273 274 274 274 274 274 275 275 275 275 274 274 273 273 272 271 271 271 271 271 271 271 271 271 271 272 272 272 271 271 271 269 269
275 275 275 275 275 275 275 274 273 272 271 269 268 267 265 264 262 262 263 262 262 262 263 263 263 260 252 246 243 245 249 256 263 265 266 267 267 268 269 269 269 269 271 272 273 273 273 273 273 273 273 273 274 274 274 274 274 275 275 275 275 275 274 273 272 272 271 271 271 271 271 270 271 271 271 271 271 271 271 271 271 271 270 269
