08 Ecocrop/raster/current/tmin_12.asc
ncols        683
nrows        518
xllcorner    -87.691666666667
yllcorner    10.708333333333
cellsize     0.008333333333
NODATA_value  1.#QNAN
[rows 185 to 221 of 518, columns 252 to 335 of 683]
175 178 174 172 171 173 178 177 176 171 165 166 167 169 166 161 155 151 154 151 147 153 152 148 159 175 184 188 189 189 190 190 190 190 188 189 191 190 192 192 193 193 193 193 189 186 188 183 174 165 159 163 173 185 185 187 181 179 187 190 192 194 195 196 198 198 198 198 198 198 199 199 198 199 199 198 195 199 200 201 201 202 201 203
179 177 172 170 170 170 173 173 175 172 173 172 169 162 157 158 156 155 155 146 144 148 147 160 170 178 184 186 188 189 190 190 190 190 190 189 190 191 192 192 192 189 192 193 191 189 189 182 175 168 167 173 172 183 187 188 183 180 188 191 192 189 195 197 197 198 198 198 198 198 198 199 199 199 199 198 198 198 201 202 202 202 202 203
178 174 172 171 168 169 169 169 176 174 169 167 161 154 151 148 147 153 157 156 158 160 162 167 175 178 184 183 185 190 190 190 190 190 190 189 190 191 192 192 190 189 193 194 192 190 187 176 169 170 177 180 185 188 191 189 184 180 188 192 192 194 195 196 196 198 198 198 198 199 199 198 199 199 199 198 198 195 197 201 202 202 202 202
173 174 171 169 167 166 168 169 175 171 163 157 156 156 152 146 145 151 157 162 162 169 171 175 178 183 185 185 186 190 190 190 190 190 191 190 191 191 192 191 189 190 192 192 192 192 183 172 166 172 177 182 185 191 190 190 183 181 189 191 193 193 191 197 195 198 198 198 198 199 199 198 198 199 198 198 198 192 198 201 201 202 202 202
168 171 174 168 165 166 169 173 173 165 160 158 156 153 148 145 147 154 158 166 166 168 170 172 179 183 183 183 188 190 190 189 189 190 190 191 191 191 191 191 190 188 190 190 189 188 190 182 178 182 182 189 191 193 192 191 184 183 190 192 187 193 191 195 197 197 198 199 198 199 199 197 196 198 197 199 198 194 197 201 201 201 201 201
167 173 171 167 165 166 169 169 166 165 162 156 151 150 149 148 153 158 162 167 171 171 171 176 180 181 182 186 189 189 188 186 189 190 191 190 189 191 191 190 190 188 190 190 187 183 193 193 191 190 185 190 193 193 192 191 186 183 188 192 186 193 190 191 198 197 198 199 199 199 196 197 196 194 197 199 199 199 200 200 200 200 201 200
168 172 167 165 164 166 168 165 162 162 158 153 152 149 146 150 157 162 164 165 168 172 173 175 177 179 182 186 186 188 181 185 187 190 190 188 189 191 189 184 183 184 189 190 186 187 192 195 195 193 190 194 195 194 191 192 187 182 186 191 188 190 194 193 197 198 199 199 199 198 198 198 195 196 197 200 199 198 200 200 199 199 200 201
167 172 169 165 165 164 158 159 158 154 153 154 151 148 148 149 155 163 165 161 163 170 174 173 178 183 186 185 187 188 186 184 189 190 190 189 190 191 188 177 172 181 186 187 189 184 190 195 196 195 195 195 196 193 189 191 185 178 183 188 188 183 184 194 197 198 199 199 199 200 200 199 199 199 199 200 199 200 198 200 200 201 201 202
169 171 171 166 164 160 153 150 153 152 154 155 154 149 150 150 156 164 163 160 163 167 172 176 176 184 187 186 183 187 188 188 190 190 189 188 190 191 186 176 173 178 179 181 186 182 186 193 195 196 196 197 196 194 188 189 187 179 183 183 181 185 181 192 196 197 198 199 198 198 200 200 200 200 200 200 200 200 199 200 200 201 199 199
171 170 170 168 164 161 155 147 152 154 158 159 154 151 152 153 162 166 163 159 157 168 171 176 176 184 185 187 184 186 189 188 191 189 187 188 188 189 190 186 185 181 177 174 180 187 187 194 194 195 195 196 194 191 185 183 183 179 178 179 177 184 189 191 195 197 198 197 196 198 199 200 200 200 200 200 201 201 201 200 200 199 198 196
170 169 166 166 164 163 157 151 155 156 162 159 155 155 150 156 165 163 159 156 156 161 169 177 175 176 179 184 187 187 188 188 190 188 186 185 186 186 190 189 190 189 184 178 181 190 191 193 193 193 193 196 195 192 183 178 180 172 171 178 180 181 183 192 196 196 198 194 193 197 199 199 199 200 200 200 200 201 200 199 199 199 199 199
168 168 165 164 162 161 157 151 154 160 162 158 158 153 152 160 166 156 154 151 158 165 161 175 177 178 179 184 188 189 189 190 188 183 183 183 183 187 189 187 189 192 191 189 184 190 193 192 191 191 194 195 189 191 185 184 183 179 176 180 184 177 185 187 197 197 198 196 195 198 199 199 200 200 200 200 200 200 201 200 200 200 200 199
167 164 161 162 161 159 157 152 154 160 162 161 156 149 151 161 167 159 156 154 155 166 171 176 176 177 183 187 188 189 190 189 188 184 181 182 187 188 186 187 188 190 193 194 190 193 194 193 188 191 195 196 192 192 187 186 190 183 184 188 188 183 187 194 197 199 199 198 198 198 199 199 200 200 200 200 200 201 201 201 201 200 199 198
167 163 156 157 162 160 156 152 156 161 163 160 158 155 154 163 168 163 161 160 154 162 175 178 175 179 184 188 187 189 189 188 189 186 181 180 187 187 181 188 190 192 192 194 194 195 195 193 188 192 196 196 194 194 191 190 192 189 192 187 185 190 192 197 198 198 199 199 199 199 199 199 199 200 200 200 200 201 200 200 201 200 200 199
166 163 158 157 160 162 161 157 158 164 162 159 160 160 159 161 170 168 165 159 155 157 171 178 179 178 185 185 187 189 188 189 188 187 184 182 186 185 184 192 192 193 193 193 195 195 195 193 187 191 197 196 194 195 195 194 195 192 190 184 184 191 194 196 199 199 199 199 199 199 199 199 200 200 200 201 200 201 200 200 200 200 200 200
165 161 159 155 158 155 159 161 159 163 164 164 168 165 158 162 168 173 166 164 159 156 162 171 176 180 181 180 186 189 188 188 187 186 181 187 186 189 188 192 194 192 188 191 194 195 195 194 189 192 197 194 188 194 196 196 196 191 185 176 181 193 191 193 197 199 199 199 199 200 199 200 200 200 200 200 200 200 200 201 200 200 200 201
165 160 158 154 157 151 153 155 157 163 166 166 172 168 162 160 166 172 162 165 163 158 158 165 176 181 181 182 186 186 181 181 176 179 179 188 189 191 192 192 193 192 191 192 191 193 195 195 195 196 196 195 191 195 197 197 197 190 180 170 177 191 195 192 196 199 199 199 199 199 199 199 200 200 200 200 200 200 201 200 199 199 201 201
165 160 154 149 152 151 148 151 152 160 168 172 174 172 165 165 164 173 163 167 166 162 158 167 176 182 182 181 179 177 169 174 179 183 188 190 191 192 192 193 193 193 191 189 185 192 195 196 196 196 195 197 196 196 197 196 196 192 183 177 180 189 196 196 198 198 198 198 199 198 198 199 200 200 200 200 200 201 199 198 197 198 200 201
163 159 155 148 144 147 144 146 153 158 164 174 178 175 169 171 166 174 168 170 168 162 160 171 178 182 182 179 174 169 163 170 180 188 189 189 191 192 186 191 192 191 190 185 187 192 195 196 195 194 195 195 197 197 196 196 197 195 190 187 187 194 193 198 198 199 199 199 198 197 191 194 199 200 200 200 200 200 199 199 199 200 201 201
163 159 152 148 144 146 148 151 154 158 162 169 176 180 176 171 167 171 176 174 170 160 161 174 180 182 180 177 173 168 169 178 185 187 186 189 191 189 183 182 190 190 187 187 190 191 193 195 194 195 195 196 196 195 197 197 197 197 194 191 193 193 192 197 198 199 199 199 195 197 194 194 199 200 200 200 200 200 200 198 200 201 201 200
162 160 152 145 150 149 148 154 156 158 164 168 174 180 178 173 176 177 174 170 170 162 161 170 178 182 180 177 172 170 176 182 183 180 183 190 187 181 174 174 186 190 188 189 189 192 194 194 194 195 195 196 196 196 197 197 198 198 196 192 198 193 197 198 198 198 199 199 196 196 198 197 199 200 200 200 200 201 200 201 201 201 201 200
160 157 155 151 155 157 152 157 158 159 163 167 169 174 181 179 182 179 177 171 167 162 161 167 175 182 180 180 174 171 182 186 181 179 188 183 176 170 166 175 186 190 188 189 190 192 194 193 194 195 196 196 196 195 196 196 196 197 198 196 199 199 199 197 197 196 199 199 199 199 199 199 198 200 199 200 200 200 201 201 201 201 200 200
152 154 155 160 157 161 155 158 163 163 159 162 167 172 176 183 185 184 178 172 165 167 167 171 177 182 173 178 178 176 181 186 185 187 183 171 168 168 169 179 187 189 187 183 187 190 192 193 194 195 195 196 196 194 197 196 196 198 197 195 198 199 199 195 194 196 198 199 199 199 200 200 200 200 200 200 200 200 201 201 201 200 201 200
155 159 156 160 165 165 162 160 166 169 163 164 166 174 176 177 186 186 174 168 167 169 176 177 180 184 174 175 178 182 185 184 186 186 176 167 164 162 167 184 189 188 187 184 182 182 186 190 194 194 195 196 195 195 196 194 194 197 198 198 199 200 198 197 195 197 197 197 199 199 199 200 200 200 200 200 200 200 200 200 201 201 201 200
160 166 165 165 167 169 167 164 163 172 170 169 170 173 180 179 183 187 182 175 176 174 179 184 185 182 176 173 173 180 183 175 181 175 168 167 164 162 174 187 190 189 185 184 180 173 180 187 192 191 194 196 195 193 195 191 194 196 198 199 199 200 198 196 195 197 194 196 199 199 199 200 200 199 200 200 200 200 200 200 200 201 201 200
162 168 168 167 166 170 171 169 169 172 174 174 172 173 178 183 184 181 186 181 182 180 183 185 184 182 179 172 174 181 180 174 173 164 167 167 170 173 185 189 190 189 182 178 180 176 176 186 192 192 189 190 195 194 195 195 194 191 195 199 199 200 198 196 196 198 197 197 199 199 199 199 199 199 199 200 199 199 199 200 200 200 201 201
167 168 169 169 169 171 172 172 166 168 167 177 175 175 179 185 187 187 189 188 186 184 186 186 186 183 180 175 178 183 180 174 167 165 168 168 175 182 188 190 191 190 185 180 177 183 183 188 193 194 189 186 194 192 194 192 190 189 193 199 199 199 199 197 195 197 199 198 199 199 199 199 199 199 199 199 199 199 199 200 200 200 200 200
162 164 165 169 170 171 170 172 172 165 165 175 179 177 180 182 184 185 184 184 189 188 188 185 183 182 182 180 183 180 178 176 177 171 171 176 183 176 187 190 191 191 189 185 180 181 188 191 194 194 188 183 192 187 191 187 190 193 195 198 198 199 199 199 195 197 199 199 199 199 199 199 198 198 198 198 198 198 199 199 199 199 200 200
152 158 163 168 169 169 170 170 174 174 167 171 179 181 180 180 182 182 181 180 185 189 191 187 185 184 182 183 186 184 179 182 186 180 181 186 183 176 187 191 192 192 191 187 184 186 189 193 193 194 190 183 193 187 188 187 189 192 196 198 198 199 197 199 199 198 199 198 199 199 199 199 198 198 198 197 198 198 199 199 199 200 199 200
150 158 164 168 168 166 168 167 173 178 176 172 178 182 184 181 183 185 188 188 182 185 191 190 187 185 182 184 186 185 180 186 189 188 186 187 181 183 190 191 189 192 191 187 190 190 190 189 193 193 194 190 194 193 193 191 191 191 194 198 197 197 194 197 199 199 200 199 199 200 200 199 198 198 197 198 198 198 198 199 199 199 199 199
152 160 165 168 168 165 164 166 175 178 179 180 179 181 184 185 187 188 188 190 187 188 190 191 187 187 182 185 188 187 184 186 188 190 188 184 186 189 190 191 189 192 192 191 191 187 183 189 194 195 195 189 192 196 196 195 192 193 195 198 198 197 195 196 199 199 199 199 199 200 200 199 198 197 197 197 198 198 198 198 199 199 198 199
158 158 160 166 167 160 159 168 176 173 171 177 179 179 178 181 182 182 182 188 190 189 189 191 191 190 187 187 188 191 189 188 187 189 189 182 185 184 191 191 190 191 188 191 191 185 179 186 194 195 196 192 190 195 197 196 195 196 196 198 198 198 196 196 198 199 199 200 199 200 199 198 198 198 198 198 198 198 199 199 199 199 198 199
164 159 158 163 165 161 166 173 171 168 171 175 178 174 170 176 180 184 186 187 190 190 190 190 191 192 191 191 191 193 192 191 190 191 188 179 179 183 191 192 193 190 184 189 188 186 182 188 193 195 196 193 194 194 197 197 197 196 197 198 199 197 197 196 197 198 198 199 200 200 200 200 199 198 198 198 199 199 199 199 199 198 199 199
166 164 161 158 162 160 165 171 165 162 159 163 170 172 172 172 178 181 186 189 190 190 190 190 189 191 192 192 193 192 193 193 191 191 183 177 178 184 191 193 193 189 185 184 188 187 189 191 193 191 195 195 191 195 197 196 192 195 197 199 199 198 198 196 197 198 199 199 200 200 200 200 199 198 198 198 199 200 200 200 200 200 200 200
166 163 156 156 160 166 169 169 165 161 154 157 159 163 169 173 177 181 183 188 189 189 189 190 189 188 191 192 189 187 188 194 193 190 185 183 188 183 191 193 192 191 186 184 187 188 191 193 193 190 195 197 193 196 196 196 192 195 193 198 199 198 197 196 196 197 198 198 199 199 200 200 200 200 199 199 200 200 200 200 200 200 200 200
162 158 154 156 163 165 171 166 163 162 155 149 150 154 159 170 177 182 184 187 187 186 188 188 188 187 190 190 189 190 191 192 193 192 187 190 184 186 193 192 186 184 186 184 185 192 190 193 194 191 193 197 197 198 198 197 194 197 196 198 199 198 198 197 197 197 198 200 200 200 200 200 201 200 201 200 200 201 201 200 200 200 200 200
166 160 159 162 164 166 171 170 167 163 156 145 143 147 156 167 178 179 181 183 183 185 187 187 186 186 187 188 190 192 193 193 192 193 192 192 191 192 193 189 182 184 186 177 183 192 194 193 194 193 195 197 197 197 198 198 198 196 194 198 199 199 198 198 197 197 198 200 200 200 200 200 200 200 200 201 200 201 201 200 200 200 200 200
