08 Ecocrop/raster/current/tmin_3.asc
ncols        683
nrows        518
xllcorner    -87.691666666667
yllcorner    10.708333333333
cellsize     0.008333333333
NODATA_value  1.#QNAN
[rows 222 to 258 of 518, columns 84 to 167 of 683]
1.#QNAN 1.#QNAN 1.#QNAN 1.#QNAN 1.#QNAN 1.#QNAN 1.#QNAN 220 221 217 214 205 212 214 204 203 202 203 212 214 214 215 214 209 204 201 200 195 198 201 201 194 196 199 200 200 202 201 198 202 203 194 185 193 200 200 197 198 198 197 191 184 191 191 188 185 179 169 168 179 173 158 152 142 136 137 144 148 145 143 149 151 154 156 158 157 155 157 155 150 142 133 132 134
1.#QNAN 1.#QNAN 1.#QNAN 1.#QNAN 1.#QNAN 1.#QNAN 1.#QNAN 219 221 220 214 207 211 214 206 209 210 205 208 213 213 214 216 214 212 209 208 203 203 204 194 188 191 193 200 203 202 204 203 204 203 200 196 199 201 200 199 197 193 193 183 181 188 190 187 181 177 168 158 171 176 169 163 155 139 136 144 148 145 146 151 155 156 157 157 154 155 158 156 152 143 137 133 131
1.#QNAN 1.#QNAN 1.#QNAN 1.#QNAN 1.#QNAN 1.#QNAN 1.#QNAN 1.#QNAN 220 221 216 212 216 212 209 213 213 207 211 213 214 213 216 215 213 211 209 206 208 207 197 188 190 193 195 200 205 205 205 202 199 196 192 199 200 200 198 195 194 188 175 181 185 188 182 180 173 165 155 162 175 172 166 155 145 138 146 144 146 147 152 154 155 157 157 154 154 157 156 150 142 139 139 134
1.#QNAN 1.#QNAN 1.#QNAN 1.#QNAN 1.#QNAN 1.#QNAN 1.#QNAN 221 222 218 215 219 218 217 216 216 213 209 214 217 217 217 217 216 216 215 213 210 208 207 201 194 199 196 201 205 205 202 200 202 201 198 196 197 199 197 197 189 189 184 178 184 184 179 176 172 170 163 147 160 172 168 158 156 151 138 141 139 140 141 149 151 151 154 157 157 156 157 156 151 142 137 141 138
1.#QNAN 1.#QNAN 1.#QNAN 1.#QNAN 1.#QNAN 1.#QNAN 1.#QNAN 222 222 221 219 220 219 218 218 218 215 214 218 219 218 218 217 217 216 214 214 213 211 203 204 202 200 198 209 205 202 198 198 199 202 196 195 197 197 192 189 184 179 174 177 174 177 169 161 165 165 153 137 155 166 161 157 144 138 140 140 138 135 137 144 145 148 152 156 157 158 158 157 154 147 144 142 140
1.#QNAN 1.#QNAN 1.#QNAN 1.#QNAN 1.#QNAN 1.#QNAN 1.#QNAN 223 222 222 220 221 220 220 219 216 211 216 219 219 218 218 217 217 216 216 215 214 213 204 206 204 203 205 209 209 206 205 205 202 200 188 187 193 189 183 179 179 169 164 166 166 168 162 149 157 153 142 137 156 155 144 143 137 134 137 138 132 129 136 139 144 148 152 156 157 158 158 157 156 151 148 144 140
1.#QNAN 1.#QNAN 1.#QNAN 1.#QNAN 1.#QNAN 1.#QNAN 1.#QNAN 223 222 222 222 221 220 220 220 218 215 218 220 219 218 218 217 217 216 215 215 215 211 209 204 204 207 213 212 213 211 207 207 204 201 188 186 187 182 170 163 165 165 160 163 164 168 164 154 149 143 135 141 147 137 131 132 130 131 133 131 125 123 132 138 145 150 152 155 157 157 158 157 156 148 145 143 143
1.#QNAN 1.#QNAN 1.#QNAN 1.#QNAN 1.#QNAN 1.#QNAN 1.#QNAN 224 223 223 222 221 221 221 221 219 218 220 219 214 213 216 217 217 215 215 216 216 212 213 214 207 203 210 215 213 210 208 205 207 204 195 184 184 180 170 167 166 169 166 174 174 172 165 160 152 146 140 138 132 131 138 141 138 137 131 126 121 121 132 141 146 151 154 156 157 157 157 157 155 151 149 148 148
1.#QNAN 1.#QNAN 1.#QNAN 1.#QNAN 1.#QNAN 1.#QNAN 1.#QNAN 223 224 223 223 222 222 221 221 220 220 220 218 216 216 217 216 216 215 214 216 215 212 215 215 215 208 211 214 214 213 211 208 208 204 197 190 195 187 179 172 173 180 179 179 179 174 167 162 153 143 151 152 144 138 147 155 156 150 133 122 120 122 134 140 143 149 154 156 157 157 157 156 151 148 147 145 142
1.#QNAN 1.#QNAN 1.#QNAN 1.#QNAN 1.#QNAN 1.#QNAN 1.#QNAN 1.#QNAN 224 224 222 222 221 222 221 221 221 220 219 217 216 216 217 215 215 216 216 218 216 217 216 214 216 214 211 212 213 211 208 208 204 200 200 198 186 179 177 179 187 191 187 176 174 169 162 156 144 155 162 156 144 154 163 157 142 133 127 120 129 139 142 144 149 154 155 156 156 157 155 151 147 146 142 134
1.#QNAN 1.#QNAN 1.#QNAN 1.#QNAN 1.#QNAN 1.#QNAN 1.#QNAN 1.#QNAN 224 223 223 223 222 222 222 222 222 221 219 218 215 215 217 218 215 216 217 217 218 218 217 213 213 210 206 208 211 210 209 205 205 202 198 195 182 174 179 183 185 193 186 175 173 170 164 157 145 157 168 165 161 160 170 160 149 146 140 128 132 138 147 149 147 152 155 156 156 156 151 149 144 141 139 139
1.#QNAN 1.#QNAN 1.#QNAN 1.#QNAN 1.#QNAN 1.#QNAN 226 225 224 224 224 223 222 222 222 222 221 220 220 220 219 219 219 218 219 217 219 216 212 216 217 214 214 212 207 203 204 201 203 206 205 199 193 196 185 177 181 187 191 192 186 176 174 168 166 166 157 154 170 174 174 172 173 162 158 158 152 144 141 146 148 148 150 153 155 155 155 155 149 147 142 142 146 146
1.#QNAN 1.#QNAN 1.#QNAN 1.#QNAN 1.#QNAN 226 225 223 224 224 224 223 223 222 222 221 221 220 220 220 220 219 220 219 220 220 218 216 215 214 216 213 210 212 213 209 203 198 192 195 198 200 197 199 195 190 193 191 195 195 189 184 178 176 173 172 168 155 162 174 180 180 172 171 167 158 152 145 144 146 141 139 151 155 155 154 155 155 151 144 139 147 155 157
1.#QNAN 1.#QNAN 1.#QNAN 1.#QNAN 227 225 224 224 224 224 224 223 223 223 223 222 221 221 222 221 221 220 220 220 220 219 219 217 215 211 213 215 209 207 209 210 206 197 189 191 190 191 199 200 199 198 198 199 199 197 194 191 182 178 178 177 172 169 172 177 182 182 166 157 157 151 138 133 133 138 141 147 153 154 154 154 154 154 152 147 140 148 153 158
1.#QNAN 1.#QNAN 1.#QNAN 1.#QNAN 227 226 226 225 225 224 224 224 223 223 223 222 220 222 220 221 221 221 220 219 217 217 217 217 216 212 213 213 211 205 205 208 208 203 197 199 199 198 201 201 201 200 200 200 199 198 196 187 177 175 175 176 175 176 178 183 184 185 171 156 151 144 144 140 129 133 144 148 151 152 151 154 153 152 150 148 143 142 148 155
1.#QNAN 1.#QNAN 1.#QNAN 1.#QNAN 226 226 226 226 225 225 224 224 224 223 223 222 222 222 218 219 220 218 218 218 217 217 216 217 216 215 214 214 210 206 201 202 203 206 203 202 197 200 201 201 201 201 200 200 199 195 193 188 185 170 172 178 178 178 179 185 188 186 177 171 163 158 159 148 138 137 142 149 151 152 152 153 152 145 144 145 146 143 141 145
1.#QNAN 1.#QNAN 1.#QNAN 228 227 227 226 226 225 225 225 224 224 223 222 222 223 222 222 220 219 219 220 218 218 219 218 217 215 213 208 207 212 209 208 206 204 207 204 200 196 195 200 201 198 200 200 199 196 191 191 195 190 176 167 177 181 178 179 185 190 186 183 179 176 173 166 161 144 140 146 147 149 151 149 150 150 146 143 145 145 141 135 133
1.#QNAN 1.#QNAN 228 228 227 227 227 226 226 225 225 225 224 223 223 223 223 222 221 221 221 221 220 219 219 218 216 217 215 214 209 202 205 207 203 204 207 203 202 192 193 194 198 197 192 197 199 203 202 197 197 197 192 177 172 180 183 181 184 189 191 186 181 180 182 181 176 167 153 140 142 144 143 144 140 147 147 143 144 144 145 145 138 127
229 229 228 228 228 227 227 225 226 226 225 225 225 224 224 224 223 222 222 222 221 220 219 220 220 219 216 218 217 215 215 213 210 207 203 197 201 201 202 199 200 199 197 197 196 199 201 204 204 204 202 191 191 177 175 182 186 183 187 190 191 189 185 181 182 184 181 171 156 146 140 142 140 137 139 143 145 144 141 144 147 147 138 131
229 229 228 228 228 227 227 227 226 226 225 225 224 222 223 222 222 222 222 222 221 220 219 218 220 220 220 219 219 218 217 218 216 214 213 207 206 208 205 204 203 199 199 196 198 200 203 203 201 206 203 194 183 179 182 178 188 191 189 191 192 188 190 183 183 183 180 177 166 153 139 139 133 131 133 139 141 144 141 142 147 149 143 147
229 229 228 228 228 227 227 227 226 226 226 225 224 222 222 221 221 221 220 221 221 219 221 221 220 220 221 220 220 220 219 219 218 218 215 213 212 208 200 203 207 203 200 201 199 204 207 208 207 207 205 201 189 186 192 185 187 194 194 191 195 194 193 190 184 172 171 172 163 145 135 134 127 127 129 132 136 143 140 141 148 150 151 154
229 229 228 228 228 228 227 227 226 224 226 225 225 223 221 220 221 221 221 221 221 220 221 221 221 221 221 221 221 220 217 218 217 214 218 216 213 208 201 204 210 205 204 208 210 210 205 205 207 208 205 203 198 196 193 193 187 193 196 193 195 191 192 192 186 171 169 166 157 138 136 135 125 123 126 128 136 141 138 140 146 149 150 154
230 229 228 227 228 228 228 227 227 225 225 225 223 224 223 221 222 222 222 221 221 220 221 221 221 221 221 220 220 219 218 217 213 204 216 217 210 205 201 203 211 210 208 213 212 204 198 197 201 207 207 205 203 199 195 197 194 195 196 194 196 192 191 192 186 174 173 165 159 144 150 140 130 128 121 125 133 138 134 138 145 146 144 145
230 230 229 227 227 228 228 228 228 227 227 226 225 225 224 222 223 223 223 222 222 221 221 222 222 221 221 220 220 219 219 218 215 209 214 217 216 211 205 207 213 214 214 214 211 205 194 191 198 206 208 206 204 200 199 198 198 196 194 195 196 193 190 191 188 177 170 169 169 162 163 151 142 134 123 125 127 131 133 134 138 140 141 147
229 228 229 229 229 229 229 228 228 228 227 225 225 225 225 224 224 224 223 223 223 222 222 222 221 221 221 220 219 219 215 217 217 215 212 216 216 217 212 213 215 215 215 213 212 205 198 195 198 207 209 206 200 189 192 194 196 190 189 194 194 188 187 189 188 179 172 174 174 170 162 155 145 132 127 128 128 127 131 141 144 143 143 151
229 230 230 230 230 229 229 229 228 228 227 226 226 226 226 225 225 224 223 223 223 223 222 221 220 220 220 220 219 218 216 215 214 216 212 213 215 217 216 215 215 216 216 215 214 209 204 199 204 209 206 199 197 187 186 192 192 186 191 195 194 191 188 187 187 178 174 176 175 172 165 155 145 132 129 130 130 128 129 135 146 153 154 155
229 231 231 230 230 230 229 229 229 228 228 227 227 226 226 225 225 224 224 224 223 222 222 221 221 220 219 219 218 216 215 215 212 215 215 210 206 212 216 213 212 215 216 216 215 213 210 205 208 211 207 192 193 192 195 198 196 191 190 192 194 195 193 188 186 179 171 172 176 175 171 164 148 141 141 140 137 132 131 134 144 150 151 163
230 231 230 230 230 230 229 229 229 228 228 227 227 226 226 225 225 225 224 224 223 222 222 222 221 220 218 215 216 215 210 214 213 214 214 208 204 209 215 211 210 212 214 216 215 214 213 210 210 212 209 199 202 202 200 198 195 190 181 184 189 193 194 193 190 186 175 167 175 179 169 156 148 147 155 151 151 139 136 138 148 145 142 151
230 230 230 230 230 230 230 229 229 228 228 227 227 226 226 225 225 224 224 223 223 223 223 222 221 221 219 217 217 216 214 215 216 214 212 212 211 212 214 213 211 211 214 216 216 215 212 210 211 212 211 208 207 199 195 193 191 186 177 172 182 191 193 192 189 184 167 165 173 183 173 158 155 161 167 161 159 151 143 144 148 138 134 140
230 230 230 230 230 230 230 229 229 228 228 227 227 226 226 226 225 224 224 224 223 223 223 222 222 221 220 218 220 218 217 217 218 217 213 213 211 212 212 212 211 212 214 216 216 215 214 214 213 213 211 208 206 199 194 198 197 191 184 174 176 187 191 192 190 180 161 168 179 184 179 170 170 177 178 170 155 152 146 140 140 134 134 136
230 230 230 230 230 230 230 230 229 229 228 228 227 226 226 226 224 225 224 224 224 224 223 223 222 222 221 220 219 217 218 218 218 217 215 217 214 211 211 210 209 212 214 215 216 215 215 214 214 213 212 212 211 206 200 199 203 199 191 182 173 176 188 188 187 180 159 166 182 186 188 178 184 186 176 168 159 158 152 150 143 140 137 139
230 230 230 230 230 230 230 230 229 229 228 228 227 227 226 226 225 225 224 224 224 224 224 223 222 220 221 220 221 219 217 219 220 218 217 218 216 215 212 210 210 212 214 215 215 215 214 214 214 213 213 213 212 211 209 207 206 200 192 183 173 172 182 177 178 173 156 166 176 179 192 188 191 193 182 170 163 166 161 164 155 150 148 145
230 230 230 230 229 229 229 229 229 228 228 227 227 227 226 226 225 225 224 224 225 224 224 224 223 222 222 222 221 219 219 220 219 220 218 219 219 216 214 210 210 211 214 216 216 215 215 215 214 214 213 213 213 212 212 210 205 200 190 177 176 172 164 163 170 167 156 161 167 173 191 197 197 185 169 163 158 165 170 174 165 158 153 155
229 229 229 229 229 229 229 229 228 228 228 227 227 226 226 226 225 225 224 225 225 224 224 223 222 223 223 222 222 222 221 221 220 221 220 218 218 217 214 213 209 211 214 215 216 215 215 215 214 214 214 213 213 213 212 210 207 202 192 191 186 176 160 157 164 168 165 171 173 175 182 194 196 177 176 176 171 178 178 176 170 167 163 157
229 229 229 229 229 229 229 228 228 228 227 227 227 226 226 226 226 226 225 225 225 225 224 224 223 224 223 223 222 222 222 222 221 219 221 218 216 215 216 212 209 211 212 215 216 216 215 215 215 214 214 214 213 213 212 211 208 205 202 197 186 177 167 158 162 165 160 170 177 184 182 196 197 186 185 187 180 188 187 176 167 164 162 159
229 229 229 228 228 228 228 228 228 227 227 227 226 226 226 226 226 226 226 225 225 222 224 224 221 224 223 223 222 222 223 222 222 222 221 219 217 214 215 215 210 207 212 215 216 216 215 215 215 214 214 214 214 213 213 211 205 200 198 196 189 188 180 173 160 161 163 172 178 191 190 192 201 195 193 191 186 190 193 175 162 159 160 164
229 228 228 228 228 228 228 228 227 227 227 227 226 226 226 226 226 226 226 226 225 224 223 225 224 223 224 224 223 222 223 223 222 222 222 220 220 218 216 215 212 211 213 215 216 216 215 215 213 214 214 214 214 214 213 212 204 198 198 200 200 197 188 175 163 172 178 184 189 197 200 201 200 204 197 197 189 190 196 190 173 155 155 159
