08 Ecocrop/raster/current/tmin_7.asc
ncols        683
nrows        518
xllcorner    -87.691666666667
yllcorner    10.708333333333
cellsize     0.008333333333
NODATA_value  1.#QNAN
[rows 148 to 184 of 518, columns 336 to 419 of 683]
225 222 213 219 221 224 226 227 226 223 224 224 222 222 224 222 217 217 212 204 199 206 212 212 217 216 211 206 208 205 200 199 206 210 212 211 213 216 216 216 210 217 223 223 225 225 224 222 220 219 225 228 230 230 231 231 231 231 230 229 227 225 228 230 231 231 231 231 231 231 231 231 231 231 231 231 232 231 231 232 232 232 232 232
226 218 216 220 224 225 226 227 226 225 223 223 220 224 223 219 218 216 214 204 196 206 216 219 212 211 209 206 200 198 193 198 204 209 214 209 207 215 219 219 220 222 224 222 222 222 224 225 225 224 226 228 229 230 231 231 231 230 230 228 227 226 229 231 231 231 231 231 231 231 231 231 231 231 231 231 231 231 231 232 232 232 232 232
226 224 223 221 223 225 227 227 226 226 224 224 223 225 223 222 220 219 215 207 206 212 218 217 205 204 200 196 195 197 202 207 213 218 217 215 217 215 222 221 223 225 224 220 216 218 220 223 221 223 227 228 228 228 230 231 230 230 231 230 231 230 230 231 231 231 231 231 231 231 231 232 232 232 231 231 232 232 232 232 232 232 232 232
224 223 224 223 226 226 227 226 226 225 224 225 226 223 222 221 220 217 210 212 216 217 222 217 213 210 208 204 206 209 215 213 213 220 217 221 223 221 223 223 222 223 225 224 221 219 217 217 219 221 225 226 227 228 230 231 230 230 230 230 228 229 227 231 231 231 231 231 231 231 231 231 231 232 232 231 232 232 232 232 232 232 232 232
225 223 224 225 227 227 226 226 225 224 226 226 225 223 222 220 219 215 211 217 221 221 222 224 222 221 218 215 212 219 221 220 217 222 224 223 224 224 223 223 222 223 225 226 225 223 222 222 224 225 227 228 229 228 229 229 228 230 230 230 228 228 228 229 231 231 231 231 230 231 231 231 232 232 232 232 232 232 232 232 232 232 232 232
226 224 226 226 227 226 226 226 226 226 226 225 225 223 222 220 218 211 215 222 222 223 221 224 225 224 223 221 219 219 222 224 225 226 227 226 226 225 224 223 222 225 225 225 227 226 227 227 226 227 228 229 230 230 230 228 230 230 230 229 229 229 228 228 230 231 232 231 231 232 232 232 232 232 232 232 232 232 231 232 232 232 232 232
226 225 226 227 227 227 227 226 225 226 226 225 223 224 222 223 221 216 218 223 224 224 222 226 226 224 220 221 217 214 218 223 225 228 228 228 226 226 224 222 225 225 225 223 226 228 228 227 226 227 227 227 229 230 229 226 226 230 231 229 229 230 230 229 231 231 231 232 232 232 232 232 232 232 232 232 232 232 232 232 232 232 232 232
227 226 226 227 227 227 226 226 226 226 226 224 222 224 223 224 224 223 220 222 223 224 226 226 226 224 221 222 220 216 216 223 225 227 228 229 228 226 227 226 225 225 226 225 226 227 229 229 228 229 228 229 228 229 228 228 229 229 230 231 231 231 231 231 232 232 231 232 232 232 232 232 232 232 232 232 232 232 232 232 232 232 233 232
226 227 226 227 227 227 227 227 227 226 226 225 225 226 224 224 221 222 222 221 221 219 222 227 227 224 223 224 226 225 223 226 228 228 228 229 229 229 228 227 226 226 227 226 227 228 229 230 229 229 229 230 230 230 227 227 230 230 229 230 232 232 232 232 232 232 232 232 232 232 232 232 232 232 232 233 233 232 232 232 233 232 232 232
226 227 227 226 227 227 226 227 226 225 226 226 226 226 225 225 224 223 224 221 222 220 224 227 226 222 222 224 227 228 228 227 229 229 229 229 230 230 229 227 229 227 228 229 229 230 230 231 231 230 230 231 231 230 230 229 230 231 229 230 231 232 232 232 232 231 232 232 232 232 232 232 232 232 232 233 233 233 233 232 233 233 233 233
226 227 227 227 227 227 226 227 227 225 226 227 227 227 226 225 226 226 226 224 224 223 226 227 225 224 223 223 226 228 229 229 230 230 230 229 229 230 230 230 229 229 228 229 229 228 228 230 231 231 230 231 231 232 231 231 231 231 231 230 232 232 232 232 232 232 232 232 232 232 232 232 232 232 232 233 233 233 233 233 233 233 233 233
226 227 227 227 227 227 227 227 227 226 227 227 227 227 226 224 223 227 227 227 227 227 227 227 227 224 224 227 224 226 228 229 230 230 230 230 230 230 230 231 230 230 230 229 230 229 229 230 231 232 231 231 231 232 232 232 232 232 231 231 231 231 231 232 232 232 232 232 232 232 232 232 232 232 232 232 233 233 233 233 233 233 233 233
226 227 226 227 227 228 227 227 227 227 227 227 227 227 227 225 224 225 227 228 228 228 227 227 227 227 228 228 223 223 228 229 230 230 230 231 230 230 230 231 231 231 231 231 231 231 231 231 231 231 232 231 231 232 232 232 232 231 231 232 231 231 231 232 232 232 232 232 232 232 233 233 233 233 232 233 232 232 232 232 233 233 234 234
226 226 225 226 227 227 227 228 227 227 227 227 228 228 227 227 227 225 227 228 228 228 228 228 228 228 228 228 228 228 229 229 230 230 230 231 230 230 231 228 229 231 231 232 232 232 232 232 232 232 232 232 232 232 232 232 232 232 231 232 232 232 232 232 232 232 232 232 232 232 233 233 233 233 233 233 233 233 232 233 233 234 234 234
226 223 223 225 225 226 228 228 225 226 227 227 227 228 228 228 227 225 227 228 228 228 228 228 228 228 228 229 229 228 229 229 230 231 231 231 231 231 231 231 231 231 231 232 232 230 226 232 232 232 232 232 232 232 232 232 232 232 232 232 232 232 232 232 232 232 232 232 232 232 233 233 233 233 233 233 233 233 232 233 234 233 233 234
225 222 223 225 226 226 227 227 226 226 228 228 227 227 228 228 227 227 227 228 227 226 227 228 226 227 228 227 228 229 228 228 230 230 226 230 231 230 231 231 231 231 231 231 232 232 231 232 232 232 232 232 232 232 232 232 232 232 231 231 232 232 232 232 232 232 232 232 232 232 233 233 233 233 232 232 233 233 233 233 233 233 233 234
225 223 224 226 226 227 227 227 225 227 227 228 228 228 228 227 228 229 228 226 224 222 225 228 228 227 227 224 223 228 228 227 228 228 228 228 230 231 231 231 231 230 231 231 232 232 232 232 232 232 232 232 232 232 232 232 232 232 231 230 230 231 232 232 232 232 232 232 232 232 232 233 232 232 232 232 233 233 233 233 233 233 233 233
225 224 224 226 226 227 227 227 225 226 227 227 227 228 228 228 229 229 228 226 224 223 224 225 228 225 225 224 221 223 221 224 228 228 227 227 228 231 231 231 231 231 231 231 232 232 232 232 232 232 232 232 232 232 232 232 232 231 231 230 229 230 231 232 232 232 232 232 232 232 232 233 233 232 232 232 233 233 233 233 233 232 232 232
225 224 225 226 227 226 227 227 226 224 226 227 227 227 228 229 228 226 228 229 227 224 222 225 228 228 224 217 219 217 213 220 226 229 229 228 227 229 230 231 231 231 231 231 231 232 232 232 232 232 232 232 232 232 232 232 231 231 231 230 229 229 231 232 232 231 231 232 232 232 232 232 233 232 233 232 233 233 233 233 233 232 232 232
225 225 226 227 227 227 227 226 226 221 222 226 227 226 227 228 228 227 227 229 229 228 224 224 226 228 229 226 219 218 216 223 226 227 228 229 228 229 230 231 231 231 231 231 231 232 232 232 232 232 232 232 232 232 232 232 231 231 231 230 229 229 229 230 231 231 231 231 231 232 232 233 233 233 233 233 233 233 233 233 233 232 232 232
225 225 226 227 227 227 227 227 225 221 223 224 227 226 227 227 227 228 226 226 227 229 227 228 227 228 229 229 228 223 214 223 225 225 224 226 227 230 231 231 232 232 231 231 231 231 232 232 232 232 232 232 232 232 232 232 232 231 231 231 229 229 230 230 231 232 231 231 232 232 233 233 233 233 233 233 233 233 233 233 233 232 232 232
224 225 226 226 226 226 227 228 224 223 222 226 227 227 226 222 225 226 227 225 226 228 229 229 228 226 228 230 229 222 222 226 227 225 225 223 224 225 227 230 231 231 230 230 229 229 231 232 232 232 231 232 232 232 232 232 232 231 232 231 231 230 230 230 231 232 232 232 232 232 233 233 232 233 233 233 233 233 233 233 233 233 232 232
223 225 226 226 226 226 227 227 227 226 225 226 227 228 226 223 226 226 228 228 227 228 229 230 227 225 227 229 230 228 228 229 226 224 225 225 225 224 225 229 231 231 231 231 231 231 231 231 232 232 232 232 232 232 232 232 232 232 232 231 231 230 230 231 231 232 232 232 232 232 232 232 232 233 233 233 233 233 233 233 233 233 233 232
222 225 226 225 226 226 227 226 227 227 227 228 228 228 226 225 224 226 226 227 228 229 229 230 229 229 228 228 230 229 229 229 225 223 224 227 226 227 228 229 231 231 231 231 231 231 231 231 232 232 232 232 232 232 231 232 232 232 232 231 231 230 231 231 231 231 232 231 232 232 232 232 232 233 233 233 233 233 233 233 233 233 233 233
224 225 225 224 226 226 226 225 226 227 228 228 228 228 227 227 225 225 226 225 226 229 229 229 230 230 229 229 230 230 228 229 226 224 225 226 228 229 230 230 231 230 230 232 231 232 231 231 232 232 232 232 232 232 231 232 232 232 232 232 231 231 231 232 231 230 231 231 231 232 232 232 232 232 233 233 233 233 233 233 234 233 233 233
225 226 225 226 226 226 226 226 226 226 227 228 228 228 228 228 227 226 225 227 227 228 229 229 228 229 230 230 230 230 228 228 228 227 224 223 227 229 229 229 230 230 231 231 232 232 231 231 232 231 232 232 232 232 232 232 232 232 232 232 232 231 232 232 232 231 230 231 231 231 232 232 232 233 233 233 233 233 233 233 234 234 233 233
224 225 226 226 226 226 226 226 226 226 227 228 228 228 228 227 224 224 224 226 226 225 227 227 229 229 229 230 229 230 229 228 228 227 224 225 225 229 229 229 230 230 231 231 231 231 232 232 232 232 232 232 232 232 232 232 232 232 232 232 232 232 232 232 232 231 230 231 231 231 232 233 233 233 233 232 233 233 233 233 233 234 234 233
224 225 226 226 226 226 227 226 226 226 227 227 228 228 228 226 223 222 224 225 224 224 225 225 227 228 230 229 229 229 229 227 226 226 223 223 225 229 229 230 231 231 230 230 231 231 231 231 231 231 231 232 232 232 232 232 232 232 232 232 232 232 232 232 232 232 231 231 231 231 232 233 233 233 233 233 233 233 233 233 233 234 234 234
225 225 225 224 225 226 226 226 225 227 227 228 228 228 227 225 220 221 223 224 223 222 220 224 222 221 225 229 229 229 230 228 226 226 227 228 229 229 230 230 230 231 230 230 230 231 231 231 231 232 232 232 232 232 232 232 232 232 233 232 232 232 232 232 233 232 232 231 232 232 232 232 233 233 233 233 233 233 233 233 233 233 234 234
225 225 225 225 226 226 226 227 225 227 227 228 228 228 227 227 224 221 224 225 223 220 214 221 217 218 222 224 228 229 230 229 229 229 229 229 229 230 231 231 231 231 230 230 230 231 230 230 231 232 232 232 232 232 232 232 233 232 233 233 233 232 232 232 232 233 232 232 232 232 232 232 233 234 234 234 234 234 234 234 234 233 234 234
225 225 226 225 226 225 226 227 226 227 227 228 228 228 228 226 224 223 223 226 225 223 221 220 219 217 219 224 226 226 229 230 229 230 229 229 230 230 229 231 231 231 230 230 230 230 231 231 231 231 231 231 232 232 232 232 233 233 233 233 233 233 232 232 233 233 233 232 232 232 233 232 232 233 234 234 234 234 234 234 234 234 234 234
225 225 226 226 226 226 226 227 227 227 227 228 228 228 227 225 224 225 226 226 223 219 219 224 225 223 223 226 227 227 227 229 229 230 230 229 229 229 230 231 230 231 231 230 230 230 231 231 231 231 231 232 232 232 232 232 232 233 233 233 233 233 232 232 233 233 233 233 233 233 233 233 232 233 234 234 234 234 234 234 234 234 234 234
225 225 225 226 226 225 227 225 225 227 227 228 228 228 226 225 226 226 222 225 225 219 217 224 226 226 224 225 224 224 227 228 229 229 230 230 230 230 230 229 229 230 231 231 231 231 231 231 231 231 231 231 232 232 232 232 232 232 233 233 233 233 233 232 233 233 233 233 233 233 233 233 233 233 234 234 234 234 234 234 234 234 234 234
225 225 225 225 225 226 226 226 225 226 228 228 228 228 226 225 225 226 223 222 225 225 224 225 227 225 224 224 226 225 227 227 228 229 229 230 230 230 230 230 230 230 230 230 230 231 231 231 231 231 231 231 231 231 231 232 232 232 232 232 233 233 233 232 233 233 233 233 233 233 233 233 233 233 234 234 234 234 234 234 234 234 234 234
225 225 225 224 224 225 226 226 226 227 227 228 228 226 227 225 222 223 223 223 222 227 228 227 227 223 222 225 225 225 226 227 228 228 229 230 230 230 230 229 230 230 230 230 231 230 230 230 231 231 231 231 231 231 231 231 232 232 232 232 232 233 233 233 233 233 233 233 233 233 233 233 233 233 233 234 234 234 234 235 235 234 234 234
224 225 225 225 225 225 226 226 226 227 227 228 227 225 226 224 222 225 223 224 225 226 225 228 227 227 226 226 224 224 224 227 227 228 227 229 229 229 229 229 229 230 230 230 230 229 230 231 231 231 231 231 231 231 231 231 232 232 232 232 232 233 233 233 233 233 233 233 233 233 233 233 233 234 234 234 234 235 235 235 235 235 234 235
225 224 225 226 226 226 226 226 226 227 227 227 227 226 227 225 226 225 225 226 224 224 224 227 228 226 227 225 219 223 226 226 226 227 226 228 228 229 229 229 229 230 230 230 230 229 229 230 231 231 231 231 231 231 231 231 232 232 232 232 232 233 233 233 233 233 233 233 233 233 233 233 233 233 234 234 234 234 235 235 235 235 235 235
