08 Ecocrop/raster/current/tmin_8.asc
ncols        683
nrows        518
xllcorner    -87.691666666667
yllcorner    10.708333333333
cellsize     0.008333333333
NODATA_value  1.#QNAN
[rows 296 to 332 of 518, columns 84 to 167 of 683]
228 228 228 227 227 227 226 226 226 225 225 224 224 223 223 222 221 222 222 222 222 222 222 221 220 217 212 202 192 197 201 213 220 222 223 222 222 223 224 222 222 222 224 226 227 227 227 227 227 227 227 227 227 227 227 226 226 226 227 227 227 227 227 227 227 227 227 227 227 227 227 227 227 227 226 226 226 226 226 226 226 226 225 224
229 229 228 228 228 227 227 227 226 226 226 225 225 224 224 223 223 223 223 224 223 223 222 221 220 217 212 201 197 201 206 216 220 221 221 220 221 221 222 222 222 222 222 225 226 227 227 227 227 227 227 227 227 227 226 226 226 226 227 227 227 227 227 227 227 227 227 227 227 227 227 227 227 227 226 226 226 226 226 226 226 226 226 224
229 229 229 228 228 228 227 227 227 227 226 226 225 225 225 225 225 225 224 224 224 223 222 221 220 218 215 210 209 210 213 218 220 220 219 219 219 219 219 221 220 220 221 224 224 225 227 227 227 226 226 227 227 226 226 226 226 226 227 227 227 227 228 227 227 227 227 227 227 227 227 227 227 227 226 226 226 226 226 226 226 226 226 225
230 229 229 229 229 228 228 228 228 227 227 227 227 226 226 226 225 225 225 225 224 224 222 222 221 219 219 217 215 217 217 218 219 217 216 216 216 216 217 218 218 219 220 223 224 225 226 227 224 225 226 226 226 226 226 225 226 226 226 227 227 227 228 228 227 227 227 227 227 227 227 227 227 227 227 226 226 226 226 226 226 226 226 226
230 230 229 229 229 229 228 228 228 228 228 227 227 227 226 226 226 225 225 224 224 223 223 222 221 220 220 219 218 218 218 217 217 212 208 212 212 212 212 213 216 217 221 223 225 226 227 227 226 224 225 226 226 226 225 225 225 226 226 227 227 228 228 228 228 227 227 227 227 227 227 227 227 227 227 226 226 226 226 226 226 226 226 226
230 230 230 229 229 229 229 229 228 228 228 228 227 227 227 226 226 225 224 224 224 223 222 221 221 220 220 219 218 217 217 216 215 213 206 207 203 202 207 210 210 214 219 222 225 226 227 227 227 224 225 225 225 225 225 225 225 226 226 227 227 228 228 228 228 227 227 227 227 227 227 227 227 227 227 226 226 226 226 226 226 226 226 226
230 230 230 230 229 229 229 229 229 228 228 228 227 227 226 226 225 225 224 224 223 223 222 221 221 220 219 219 218 217 214 215 214 210 203 202 195 198 199 198 198 207 216 221 224 226 227 227 226 224 224 224 224 224 224 225 225 225 226 227 227 228 228 228 227 227 228 227 227 227 227 227 227 227 227 227 227 227 227 227 227 226 226 226
230 230 230 230 230 229 229 229 229 228 228 228 227 227 227 226 226 225 224 224 223 223 222 221 220 219 219 218 217 216 216 215 213 211 207 198 185 189 187 188 191 204 216 222 224 226 227 227 227 226 224 223 223 223 224 224 225 225 226 226 227 228 228 228 228 228 228 227 228 228 227 227 227 227 227 227 226 227 227 227 227 227 227 227
231 230 230 230 230 230 229 229 229 228 228 228 228 227 227 226 226 225 224 224 223 223 222 221 220 219 218 218 217 216 215 214 211 212 208 198 190 184 179 185 199 209 218 224 226 227 227 227 226 224 224 222 222 223 223 224 224 225 226 226 227 228 228 228 228 228 228 228 228 228 228 227 227 227 227 227 227 227 227 227 227 227 227 227
231 231 230 230 230 230 229 229 229 229 229 228 228 227 227 226 225 225 224 224 223 222 222 221 220 220 219 219 218 217 216 214 212 211 209 205 198 193 193 196 205 213 221 225 227 227 227 226 225 224 222 221 221 223 223 224 225 225 226 226 227 228 228 228 228 228 228 228 228 228 228 228 228 227 227 227 227 227 227 227 227 227 227 227
230 231 230 230 230 230 230 229 229 229 229 228 228 227 227 226 226 225 224 224 223 223 222 221 221 221 220 219 218 217 216 215 214 212 210 208 207 204 204 207 209 211 222 226 228 227 223 222 223 222 221 221 221 222 223 224 224 225 225 226 227 228 228 228 228 228 228 228 228 228 228 228 228 228 228 227 227 227 227 227 228 228 228 227
231 231 230 230 230 230 230 230 229 229 229 228 228 227 227 226 226 225 225 224 223 223 223 222 221 221 220 219 218 218 217 216 215 214 213 212 211 209 210 213 214 220 223 226 228 228 224 222 216 219 225 228 223 223 223 222 224 225 226 227 227 228 228 228 228 228 228 228 228 228 228 228 228 228 228 228 228 228 228 228 228 228 228 228
231 231 231 231 230 230 230 229 229 229 229 228 228 228 227 226 226 225 225 224 224 224 223 223 222 221 221 220 219 219 218 217 216 216 216 216 213 200 205 217 220 223 225 227 229 229 227 223 216 220 227 227 224 220 220 220 221 223 225 226 227 228 228 228 228 228 229 228 228 228 228 228 228 228 228 228 228 228 228 228 228 228 228 228
231 231 231 231 231 230 230 229 230 230 229 229 229 228 227 227 227 226 225 225 225 224 223 223 222 222 221 221 220 219 219 218 218 217 217 218 218 214 216 222 223 224 226 228 228 228 228 225 225 227 228 227 222 215 216 217 218 219 222 226 228 228 229 229 229 229 229 229 229 229 229 229 229 228 228 228 228 228 228 228 228 228 228 228
231 231 231 231 231 230 227 230 230 230 230 229 228 228 228 227 227 226 225 226 225 224 224 224 223 223 222 221 221 220 220 219 219 218 219 219 220 221 223 226 225 226 227 228 229 229 230 229 225 227 228 223 216 208 205 210 215 218 221 226 228 229 229 229 229 229 229 229 229 229 229 229 229 229 229 229 228 228 228 228 228 228 228 228
231 231 231 231 231 231 230 231 231 230 230 229 229 229 228 227 227 227 226 226 226 225 225 224 224 223 223 222 222 221 221 220 220 220 220 221 222 223 223 225 226 227 228 229 230 230 230 230 230 228 225 217 209 193 183 200 213 217 221 223 228 229 229 229 229 229 230 229 229 229 229 229 229 229 229 229 229 229 229 229 229 228 228 228
231 231 231 231 231 231 231 231 230 230 230 230 229 229 228 228 228 227 227 227 226 226 226 225 225 224 223 223 223 222 222 222 222 221 221 222 223 224 225 225 227 227 228 229 230 230 230 230 230 229 225 218 207 189 177 198 211 216 221 225 228 229 229 229 230 230 230 230 230 230 230 230 230 229 229 229 229 229 229 229 229 228 228 228
232 231 232 232 232 232 232 231 231 231 231 229 228 229 229 228 228 228 228 227 227 227 227 226 226 225 225 225 224 223 223 223 223 222 222 223 222 224 225 226 227 228 229 229 230 230 231 231 231 230 228 223 213 204 199 204 211 213 219 225 228 229 230 230 230 230 230 230 230 230 230 230 230 229 229 229 229 229 229 229 228 228 228 228
232 232 233 232 232 232 232 232 231 231 231 230 229 229 229 229 229 229 229 228 228 228 227 227 226 226 226 226 225 224 224 224 224 223 223 224 224 225 226 226 227 228 229 229 230 230 231 231 231 231 230 227 222 218 215 211 211 214 220 228 229 230 230 230 230 230 230 230 230 230 230 230 230 229 229 229 229 229 229 229 228 228 228 228
231 232 233 233 232 229 229 231 232 231 230 229 227 229 229 230 229 229 229 229 229 229 228 228 227 227 227 227 226 226 226 225 225 225 225 225 226 226 226 227 227 228 229 230 230 231 231 231 231 231 231 230 229 228 226 222 219 220 224 230 230 230 230 230 230 230 230 230 230 230 230 230 229 229 229 229 229 229 229 229 228 228 228 228
233 234 233 232 233 228 224 227 229 230 228 227 226 229 230 230 230 230 230 230 230 229 229 228 228 228 228 228 227 227 227 226 226 226 226 226 227 226 227 227 227 228 228 230 230 231 231 231 231 232 232 231 231 231 231 230 230 229 230 231 231 231 231 231 230 230 230 230 230 230 230 230 229 229 229 229 229 229 229 229 228 228 228 228
233 234 233 231 232 232 230 226 223 223 224 226 227 229 230 231 231 231 231 231 230 230 229 229 229 229 229 228 228 228 228 228 227 227 227 227 228 228 227 226 229 229 227 228 230 231 232 232 232 232 232 232 232 232 232 232 232 231 231 231 231 231 231 231 231 231 230 230 230 230 230 230 229 229 229 229 229 229 229 229 228 228 228 228
234 234 234 233 232 232 232 232 229 224 221 223 226 230 231 231 231 231 231 231 231 230 230 230 230 230 229 229 229 229 229 228 228 228 228 228 228 228 228 228 228 229 228 229 230 231 232 232 232 232 232 232 232 232 232 232 232 231 231 231 231 231 231 231 231 230 230 230 230 230 230 230 229 229 229 229 229 229 229 229 228 228 228 228
234 234 234 235 234 234 234 234 234 231 226 224 225 230 231 232 232 232 231 232 231 231 231 231 231 230 230 230 230 229 229 229 229 229 229 229 229 229 229 229 229 230 229 229 230 231 232 232 232 232 232 232 232 232 232 232 232 232 231 231 231 231 231 231 231 230 230 230 230 230 230 230 229 229 229 229 229 229 229 229 229 228 228 228
235 235 235 235 235 235 235 234 231 230 231 231 226 226 231 232 232 232 232 232 232 232 231 231 231 231 231 231 230 230 230 230 230 230 230 230 230 230 230 230 230 230 230 230 229 230 232 232 232 232 232 232 232 232 232 232 232 232 231 231 231 227 224 231 231 230 230 230 230 230 230 230 229 229 229 229 229 229 229 229 229 228 228 228
236 236 236 235 236 236 235 235 234 234 232 230 231 230 229 232 231 232 233 233 233 232 232 232 232 232 232 231 231 231 231 231 231 231 231 231 231 231 231 231 231 231 230 230 230 230 231 232 232 232 232 232 232 232 232 232 232 232 231 231 231 229 229 231 231 230 230 230 230 230 230 230 229 229 229 229 229 229 229 229 229 229 228 228
236 236 236 236 236 236 236 236 236 235 232 233 230 232 232 233 232 230 231 233 233 233 233 233 233 233 232 232 232 232 231 231 231 231 231 231 231 231 231 231 231 231 231 230 230 230 231 232 232 232 232 232 232 232 232 232 232 232 232 231 231 231 231 231 231 230 230 230 230 230 230 230 229 229 229 229 229 229 229 229 229 229 229 228
1.#QNAN 1.#QNAN 236 236 236 236 236 236 236 236 235 235 234 234 234 234 233 232 231 231 233 233 233 233 233 233 233 233 233 232 232 232 232 232 232 232 232 232 232 232 231 231 231 231 230 230 231 231 232 232 232 232 232 232 232 232 232 232 232 231 231 231 231 231 231 230 230 230 230 230 230 230 229 229 229 229 229 229 229 229 229 229 229 228
1.#QNAN 1.#QNAN 1.#QNAN 236 236 236 236 236 236 236 236 235 234 233 234 234 234 233 233 233 234 234 234 234 234 233 233 233 233 233 233 233 233 232 232 232 232 232 232 232 232 231 231 231 231 231 231 231 232 232 232 232 232 232 232 232 232 232 232 231 231 231 231 231 231 231 230 230 230 230 230 230 230 229 229 229 229 229 229 229 229 228 228 228
1.#QNAN 1.#QNAN 1.#QNAN 1.#QNAN 1.#QNAN 236 236 236 236 236 236 236 236 235 235 233 233 233 233 233 234 234 234 234 234 234 234 234 234 234 233 233 233 233 233 233 233 233 233 232 232 232 232 231 231 231 231 231 232 232 232 232 232 232 232 232 231 231 231 231 231 231 231 231 231 231 230 230 230 230 230 230 230 229 229 229 229 229 229 228 228 228 228 228
1.#QNAN 1.#QNAN 1.#QNAN 1.#QNAN 1.#QNAN 1.#QNAN 236 236 236 236 237 236 236 236 235 234 234 234 233 234 234 234 234 235 235 234 234 234 234 234 234 234 234 234 233 233 233 233 233 233 232 232 232 231 231 231 231 231 231 231 231 231 231 231 231 231 231 231 231 231 231 231 231 231 231 231 230 230 230 230 230 230 229 229 229 229 229 228 228 228 228 228 228 228
1.#QNAN 1.#QNAN 1.#QNAN 1.#QNAN 1.#QNAN 1.#QNAN 1.#QNAN 1.#QNAN 237 236 237 237 236 235 236 236 236 235 234 235 235 235 234 235 235 235 235 235 235 235 235 235 234 234 234 234 234 233 233 233 233 232 232 232 232 231 231 231 231 231 230 230 230 230 231 231 231 231 231 231 231 231 231 231 230 230 230 230 230 230 230 230 229 229 229 228 228 228 228 228 228 228 228 228
1.#QNAN 1.#QNAN 1.#QNAN 1.#QNAN 1.#QNAN 1.#QNAN 1.#QNAN 1.#QNAN 1.#QNAN 1.#QNAN 237 237 236 236 237 237 236 236 236 235 235 235 235 235 235 235 235 235 235 235 235 235 235 235 234 234 234 234 233 233 233 233 232 232 232 231 231 231 231 231 230 230 229 229 229 230 230 231 231 231 230 230 230 230 230 230 230 230 230 230 230 229 229 229 228 228 227 227 227 227 227 227 227 227
1.#QNAN 1.#QNAN 1.#QNAN 1.#QNAN 1.#QNAN 1.#QNAN 1.#QNAN 1.#QNAN 1.#QNAN 1.#QNAN 1.#QNAN 1.#QNAN 237 237 237 237 237 237 236 236 235 236 236 236 236 236 236 236 236 235 235 235 235 235 235 235 234 234 234 233 233 233 232 232 232 231 231 231 231 230 230 229 229 228 228 228 228 229 230 230 230 230 230 230 230 230 230 230 230 230 229 229 229 228 228 227 226 226 226 226 226 227 227 227
1.#QNAN 1.#QNAN 1.#QNAN 1.#QNAN 1.#QNAN 1.#QNAN 1.#QNAN 1.#QNAN 1.#QNAN 1.#QNAN 1.#QNAN 1.#QNAN 1.#QNAN 1.#QNAN 237 237 237 237 237 237 236 236 236 236 236 236 236 236 236 236 236 235 235 235 235 235 235 234 234 234 233 233 232 232 232 231 231 231 230 230 229 229 228 228 227 226 226 226 227 228 229 229 230 230 230 230 230 230 229 229 229 229 228 228 227 224 224 225 223 224 225 226 227 227
1.#QNAN 1.#QNAN 1.#QNAN 1.#QNAN 1.#QNAN 1.#QNAN 1.#QNAN 1.#QNAN 1.#QNAN 1.#QNAN 1.#QNAN 1.#QNAN 1.#QNAN 1.#QNAN 1.#QNAN 237 237 237 237 237 237 237 237 237 237 237 237 237 237 237 236 236 235 235 234 235 235 233 233 233 233 233 233 232 232 231 231 230 230 229 229 229 228 228 227 226 225 224 226 225 227 227 228 229 230 230 230 229 229 229 229 228 228 227 225 223 222 219 217 221 223 225 226 227
1.#QNAN 1.#QNAN 1.#QNAN 1.#QNAN 1.#QNAN 1.#QNAN 1.#QNAN 1.#QNAN 1.#QNAN 1.#QNAN 1.#QNAN 1.#QNAN 1.#QNAN 1.#QNAN 1.#QNAN 1.#QNAN 1.#QNAN 238 238 237 237 237 237 237 237 237 237 237 237 237 237 237 236 235 235 235 234 233 232 233 233 233 233 232 232 231 231 230 230 229 229 228 228 227 226 226 225 224 223 224 226 225 225 227 228 229 229 229 229 229 229 228 227 225 224 221 217 220 219 216 217 220 225 227
