08 Ecocrop/raster/current/tmin_11.asc
ncols        683
nrows        518
xllcorner    -87.691666666667
yllcorner    10.708333333333
cellsize     0.008333333333
NODATA_value  1.#QNAN
[rows 148 to 184 of 518, columns 252 to 335 of 683]
159 157 151 151 154 159 166 170 177 182 186 186 186 187 190 188 192 193 194 195 195 194 193 195 190 189 192 191 187 189 186 189 190 190 189 187 184 182 181 181 186 189 189 187 184 182 179 179 175 172 170 175 181 185 190 189 189 189 192 193 194 191 189 184 175 158 171 180 181 185 191 195 201 202 202 198 200 204 206 206 206 206 207 207
147 151 159 156 155 161 164 166 174 182 186 187 187 190 190 188 192 193 194 195 195 195 196 196 193 193 192 191 189 188 183 187 189 190 190 187 185 183 181 183 185 187 189 186 185 183 180 176 168 177 173 180 182 187 189 190 191 192 191 190 189 188 188 177 168 156 159 167 174 175 180 185 194 200 201 202 203 205 206 206 207 206 207 208
147 153 162 163 159 160 161 161 168 179 187 186 190 191 190 193 193 194 194 194 194 195 196 196 194 194 192 193 191 189 185 186 189 189 190 187 188 185 183 184 184 186 187 185 183 182 180 174 172 172 182 181 185 189 189 189 190 190 189 187 181 183 184 181 167 146 139 152 161 160 167 180 189 197 201 203 205 206 205 204 206 207 207 208
150 153 165 168 161 159 161 163 170 178 188 188 191 188 189 192 193 193 194 194 195 195 195 195 195 194 193 193 192 192 187 186 188 191 190 190 188 186 186 186 185 185 185 186 184 182 177 180 177 174 183 187 184 187 188 189 190 188 186 183 179 176 177 177 169 155 151 155 162 167 172 179 187 191 197 203 204 205 205 205 206 207 207 208
159 154 159 169 166 167 165 167 172 181 188 189 192 183 188 190 193 194 194 195 195 195 195 195 194 195 194 193 192 191 189 187 189 189 189 188 186 188 188 187 186 184 184 183 183 180 179 182 184 177 177 187 187 187 189 190 189 186 182 178 171 165 159 159 166 166 163 163 158 158 160 168 176 185 194 202 204 205 206 206 207 207 208 208
159 159 159 165 174 170 165 171 179 180 186 189 191 183 186 192 192 193 194 195 195 195 194 195 194 194 194 193 191 192 191 190 189 188 188 188 189 187 187 188 186 186 183 179 178 183 186 182 186 184 181 184 189 186 191 190 188 185 180 173 165 155 145 148 155 165 171 173 169 159 158 158 166 182 192 197 203 206 206 206 207 207 207 208
163 162 161 163 173 176 171 166 177 180 185 190 189 184 186 191 191 194 194 194 195 194 194 194 194 194 193 193 191 191 191 188 189 187 187 187 188 188 185 186 187 186 182 178 177 183 184 188 189 189 189 185 191 192 192 190 186 182 175 166 153 145 135 139 150 157 169 177 176 169 169 163 168 178 187 194 200 205 206 207 207 207 207 208
168 165 164 166 172 179 172 169 173 178 185 189 184 181 188 192 193 194 194 195 194 193 193 193 193 193 193 192 191 190 189 187 188 188 187 185 183 183 183 187 187 186 183 179 178 183 187 188 192 187 188 192 191 194 192 188 183 179 171 162 156 149 142 144 150 159 167 176 182 178 176 169 171 178 186 192 199 204 206 206 206 207 208 208
168 163 162 162 169 180 175 172 172 179 187 187 181 185 189 192 193 193 194 194 193 193 192 193 192 192 191 191 188 190 188 187 188 187 186 183 177 178 185 189 186 181 183 176 172 177 183 186 191 192 191 192 193 194 192 185 180 173 166 155 147 142 142 148 152 159 169 177 183 184 179 172 177 180 184 192 202 205 207 207 207 207 208 208
172 168 163 162 170 175 180 174 172 180 185 188 183 187 189 192 193 190 194 195 193 192 192 191 187 183 182 187 188 188 188 187 188 187 184 179 173 177 183 189 183 181 178 177 172 177 180 186 188 189 194 194 195 194 189 182 179 174 165 151 142 139 140 143 146 151 164 176 183 187 181 181 180 186 193 197 202 205 206 206 207 207 207 208
171 172 167 169 175 178 179 174 173 175 184 185 185 187 189 192 194 194 194 195 193 192 192 189 184 175 177 183 188 187 188 187 185 181 179 176 176 181 187 187 185 179 174 174 181 178 178 189 192 193 193 195 195 193 190 182 178 174 167 160 152 149 145 149 157 160 168 179 186 187 183 188 190 188 190 195 202 205 207 207 207 207 208 208
165 171 170 170 177 181 181 179 177 176 186 186 185 188 190 193 193 194 193 194 192 192 190 191 185 178 176 182 187 186 187 188 182 180 181 180 182 186 189 186 189 184 176 177 178 186 184 189 192 194 194 195 196 194 190 183 177 173 163 155 154 156 157 158 159 168 175 184 189 186 186 189 192 195 198 198 204 206 207 207 207 207 208 208
158 165 171 170 171 180 184 181 179 184 188 189 188 187 193 193 193 194 194 194 191 188 189 189 186 181 179 181 185 182 185 190 185 182 188 186 188 190 190 192 190 185 180 183 175 186 189 190 191 195 195 196 195 191 191 183 178 172 160 151 148 155 159 164 167 168 175 185 191 189 189 190 189 196 201 203 205 205 205 207 207 207 208 208
160 159 172 178 173 182 187 178 183 187 190 190 186 188 192 193 194 194 193 189 191 188 180 181 184 180 181 184 183 183 187 191 189 187 189 188 191 192 193 192 189 181 179 189 182 186 190 191 191 195 196 196 194 192 189 185 177 171 162 156 151 148 151 159 172 178 182 189 190 189 186 185 187 195 200 202 204 203 204 206 207 207 207 207
162 161 168 180 182 186 185 179 185 189 190 190 186 189 192 194 194 193 189 187 188 186 174 173 176 177 183 187 183 186 191 191 192 191 192 192 193 193 193 191 184 177 178 186 190 192 191 193 192 195 196 195 194 191 190 187 179 174 164 156 151 152 159 161 168 178 188 192 189 194 186 182 187 194 199 204 203 204 202 206 206 207 207 207
165 165 169 176 184 188 186 179 187 190 188 190 191 193 193 194 193 192 191 189 188 184 172 168 172 179 183 187 188 190 192 191 193 193 194 194 195 194 191 190 187 179 174 177 186 192 193 193 195 196 196 193 193 191 191 185 178 177 171 165 161 159 164 172 175 183 189 194 196 197 192 190 195 199 202 204 204 205 204 206 206 207 207 207
170 171 174 178 175 184 189 184 185 189 186 188 191 192 191 194 193 192 190 187 185 176 168 162 170 180 182 186 189 192 193 192 193 194 194 195 195 195 191 186 188 184 181 181 190 190 191 193 195 196 195 193 190 190 192 186 176 179 180 176 172 174 174 177 184 188 189 190 194 199 198 198 197 199 202 203 203 205 204 205 206 206 207 207
172 176 181 182 178 185 188 189 187 189 188 189 193 192 190 193 193 189 186 189 175 169 170 171 170 179 185 187 188 191 192 193 194 194 194 195 195 193 192 192 193 191 190 188 189 192 193 194 196 195 193 194 191 193 190 184 178 177 182 184 185 185 187 189 190 192 193 191 195 200 198 198 199 202 204 203 202 203 206 206 206 206 207 207
176 179 182 183 175 178 185 188 190 190 191 192 191 189 188 192 193 192 191 188 179 175 171 176 176 176 183 186 188 191 192 193 194 195 196 196 194 191 188 193 194 194 194 188 186 187 188 195 197 194 192 194 192 194 192 186 179 177 177 183 190 193 193 194 195 196 195 197 199 198 197 200 203 203 203 203 202 202 204 206 206 206 206 207
179 178 180 182 181 187 188 186 187 184 189 193 190 188 190 192 193 193 193 191 186 179 177 178 182 180 179 184 185 186 191 194 194 195 196 195 191 186 186 190 195 195 192 189 181 182 191 196 197 194 195 193 193 192 187 185 184 184 183 182 190 193 196 195 197 197 195 196 199 199 201 203 204 204 202 204 204 204 206 206 206 206 207 207
179 182 182 185 185 181 184 188 185 183 190 193 192 192 191 191 191 191 191 192 191 185 183 186 184 178 176 180 176 181 190 194 195 195 195 195 194 194 194 195 195 193 192 191 183 187 192 196 197 195 195 191 188 186 187 180 185 190 188 189 193 195 196 197 197 196 196 197 200 201 203 204 204 203 203 204 204 204 206 206 206 207 207 207
182 182 185 184 179 176 181 187 187 188 191 192 192 191 189 189 188 189 188 191 191 190 188 189 184 183 178 180 176 182 191 194 195 195 195 196 195 196 196 195 194 189 191 191 188 191 193 196 197 196 195 194 186 179 179 177 182 189 192 193 195 194 193 193 197 195 199 200 201 202 203 204 204 204 204 203 202 204 205 205 206 207 207 205
183 182 182 177 180 181 183 185 188 190 192 190 191 188 185 189 187 187 190 191 188 191 190 188 185 186 182 183 185 188 192 195 195 195 196 195 197 196 196 194 191 190 191 189 189 193 195 197 197 196 195 193 190 185 181 177 176 184 189 191 193 192 187 192 197 200 200 199 198 201 203 204 204 204 204 202 204 205 204 205 207 207 207 206
171 173 176 177 179 181 184 187 190 190 192 189 188 186 183 185 185 185 187 189 190 191 183 188 185 187 187 189 192 193 193 191 193 195 196 196 197 196 194 192 186 190 189 181 186 192 196 197 197 195 196 190 187 186 185 183 184 187 190 191 188 187 185 193 196 199 201 200 197 199 203 204 205 205 204 205 205 206 206 207 207 207 207 206
169 171 174 177 179 184 186 189 190 192 192 191 190 185 183 181 183 185 188 191 190 189 181 187 189 187 189 190 191 188 186 178 186 194 195 196 196 194 191 191 188 192 186 177 183 190 196 197 196 194 195 195 191 188 190 191 188 188 186 184 178 180 185 194 192 193 197 200 199 199 201 204 204 205 206 206 206 206 207 207 207 208 207 205
168 172 174 175 175 179 186 190 191 192 190 190 188 182 180 182 186 187 185 191 189 190 187 190 192 190 190 190 191 184 177 177 189 193 195 196 197 196 194 194 193 193 186 180 186 193 197 197 192 192 194 192 188 193 190 187 190 190 187 179 171 176 187 194 191 193 197 200 202 201 202 204 204 204 205 206 206 206 206 207 207 208 207 207
161 166 167 166 170 175 182 187 192 192 189 188 187 186 180 183 188 189 190 187 183 187 186 188 192 193 192 191 186 182 182 185 189 194 196 196 197 196 196 195 195 194 187 187 191 197 198 196 188 190 193 193 186 184 184 179 180 180 184 187 179 180 182 190 184 191 195 201 203 204 203 203 204 204 204 205 206 206 206 207 207 207 208 207
163 163 163 168 171 177 182 188 191 190 187 187 187 184 178 182 188 189 190 184 178 180 180 185 185 189 193 188 181 187 191 191 193 195 196 195 196 195 196 197 195 193 190 193 197 198 197 191 183 188 192 188 185 177 176 172 171 174 180 184 191 190 188 185 179 192 196 202 203 204 204 205 205 205 205 205 205 206 207 207 208 207 207 207
166 165 166 170 175 178 186 191 190 187 181 182 183 183 176 179 189 191 188 183 178 180 179 179 184 188 193 192 185 184 191 193 195 193 193 194 195 193 194 195 197 195 196 197 198 196 189 184 187 190 181 175 171 173 168 165 172 179 183 182 187 192 195 190 185 188 195 200 201 204 203 204 204 205 205 205 206 206 206 207 207 208 207 208
165 167 167 171 176 185 190 188 188 188 186 186 182 181 180 183 189 190 187 186 179 175 175 184 184 187 189 194 194 188 192 194 194 186 185 192 189 184 187 191 195 198 198 198 198 194 184 184 182 179 174 165 160 165 164 160 166 175 182 189 189 192 194 197 196 195 197 199 202 203 202 202 204 203 205 206 206 206 206 206 207 207 207 208
168 169 169 173 177 188 190 184 188 186 187 186 183 184 185 186 186 189 189 188 184 180 183 185 190 191 193 194 195 195 195 194 193 187 180 185 187 181 182 189 193 197 198 198 194 189 191 186 178 176 170 161 159 160 159 159 166 177 183 187 187 189 192 194 192 199 200 201 202 201 199 201 204 204 204 204 205 206 206 206 207 207 208 208
172 171 175 175 181 190 188 184 185 183 180 183 178 186 185 180 186 187 187 185 183 177 179 182 188 192 192 193 194 196 196 192 187 187 187 185 186 184 185 192 193 197 198 197 189 191 194 183 177 172 165 162 161 164 165 168 171 176 180 181 183 186 189 194 190 196 200 201 201 199 199 202 203 204 204 205 203 206 207 207 207 207 208 208
174 174 178 179 188 188 186 187 183 175 176 180 182 185 182 180 184 186 185 184 180 176 180 183 187 191 192 194 195 195 196 194 193 193 191 191 188 186 190 191 196 198 198 197 194 194 190 182 179 173 168 167 170 172 174 179 180 181 184 183 184 187 190 196 196 198 201 202 203 202 201 202 202 204 205 206 206 206 207 207 207 206 207 208
177 178 181 186 188 182 182 183 178 177 171 177 179 179 179 181 177 184 179 184 177 178 182 186 190 191 193 194 195 195 196 196 196 196 194 195 188 189 194 194 196 198 197 197 196 188 184 187 181 170 165 172 179 177 172 177 186 189 185 186 190 190 190 193 200 201 202 203 203 203 202 201 201 203 205 206 206 205 205 206 206 205 205 208
179 180 186 187 188 183 182 181 176 175 172 166 174 173 174 177 176 180 173 181 179 182 185 188 187 192 193 194 195 195 196 196 196 197 196 193 185 191 196 196 197 198 198 197 193 187 179 179 178 172 166 173 183 183 180 175 182 191 192 187 190 196 194 195 198 202 202 203 203 203 203 202 201 202 204 206 205 204 204 204 205 205 206 208
181 182 185 186 181 185 184 181 180 177 170 165 166 169 168 171 171 171 168 175 179 181 182 180 183 189 193 194 195 195 195 195 196 196 197 197 191 190 197 197 198 198 198 197 193 188 184 188 184 180 174 178 183 189 186 179 181 186 193 192 193 195 199 198 201 202 202 203 203 204 204 203 203 202 205 205 201 197 201 205 206 204 205 208
182 185 185 179 177 184 183 182 181 178 171 167 169 174 170 166 164 165 168 171 171 171 173 165 171 182 192 195 195 196 196 196 196 196 194 196 197 196 198 198 198 199 198 197 193 189 191 189 180 173 170 179 186 190 186 185 184 187 193 194 196 198 199 201 202 203 203 203 203 204 204 204 204 205 205 202 199 199 204 205 206 206 206 208
