08 Ecocrop/raster/current/tmin_6.asc
ncols        683
nrows        518
xllcorner    -87.691666666667
yllcorner    10.708333333333
cellsize     0.008333333333
NODATA_value  1.#QNAN
[rows 111 to 147 of 518, columns 252 to 335 of 683]
1.#QNAN 1.#QNAN 1.#QNAN 1.#QNAN 1.#QNAN 1.#QNAN 1.#QNAN 1.#QNAN 1.#QNAN 1.#QNAN 1.#QNAN 216 214 214 217 217 210 213 215 217 213 210 211 207 200 201 201 197 195 195 199 202 208 210 212 216 219 220 220 219 219 219 219 218 218 218 218 217 217 215 208 203 205 206 204 209 212 210 215 215 216 216 216 216 217 216 215 212 210 210 213 210 209 211 211 210 205 196 202 206 202 206 206 206
1.#QNAN 1.#QNAN 1.#QNAN 1.#QNAN 1.#QNAN 1.#QNAN 1.#QNAN 1.#QNAN 1.#QNAN 1.#QNAN 217 216 217 218 213 210 210 214 216 216 213 209 203 200 202 202 200 199 201 203 208 209 211 215 217 218 219 220 220 218 219 219 219 218 218 218 218 217 216 212 206 198 199 200 199 205 213 213 215 215 217 216 216 216 217 216 211 211 212 207 210 208 206 210 211 208 204 195 201 208 206 208 205 207
1.#QNAN 1.#QNAN 1.#QNAN 1.#QNAN 1.#QNAN 1.#QNAN 1.#QNAN 1.#QNAN 1.#QNAN 215 216 218 213 212 213 208 212 213 217 215 214 208 205 199 207 205 202 204 210 208 210 214 215 215 216 218 220 220 220 218 218 218 218 218 218 218 218 217 216 212 204 199 193 191 193 199 207 212 216 216 213 216 215 215 216 215 208 202 211 206 207 209 204 207 209 208 201 196 197 206 209 206 204 208
1.#QNAN 1.#QNAN 1.#QNAN 1.#QNAN 1.#QNAN 1.#QNAN 1.#QNAN 1.#QNAN 1.#QNAN 216 217 211 205 209 212 208 211 213 215 216 214 212 204 201 208 207 205 208 212 213 212 215 216 217 218 219 220 219 219 219 218 217 218 218 218 218 217 217 213 210 203 195 187 182 185 193 205 214 215 214 213 215 213 214 216 214 206 199 208 204 200 207 203 205 209 206 203 201 197 203 209 206 209 209
1.#QNAN 215 216 217 1.#QNAN 1.#QNAN 1.#QNAN 1.#QNAN 216 217 215 206 206 209 209 207 211 211 214 214 214 209 204 202 210 209 207 209 212 214 215 214 216 218 218 219 220 219 218 219 218 218 218 218 217 217 217 217 215 208 201 190 182 180 189 198 209 212 215 215 214 211 212 213 216 210 202 199 207 205 197 203 204 206 209 205 205 203 199 205 210 211 211 209
1.#QNAN 215 211 217 1.#QNAN 1.#QNAN 1.#QNAN 1.#QNAN 216 214 209 202 204 206 206 207 209 210 213 211 215 212 207 208 212 210 208 209 211 212 214 215 216 218 219 220 219 218 218 218 219 219 218 218 217 217 217 216 215 212 204 191 184 190 196 202 210 214 216 215 213 212 213 214 215 209 206 202 200 205 196 196 203 207 209 207 208 202 202 205 207 211 212 211
215 216 211 209 211 217 217 216 217 211 204 203 202 203 205 207 207 212 212 209 211 214 212 213 212 207 205 209 211 211 211 215 218 219 219 219 219 218 218 217 218 218 218 217 217 217 216 216 215 213 204 191 192 197 203 207 212 215 215 212 213 212 213 214 214 205 201 203 197 199 198 193 199 209 209 209 209 207 200 200 208 212 212 212
213 213 206 208 215 215 211 215 214 210 207 207 206 202 203 204 207 210 212 211 209 213 210 211 209 206 205 209 211 209 214 218 219 219 219 218 218 218 217 216 217 219 218 217 217 216 215 216 214 212 206 195 196 204 207 211 213 211 214 214 210 212 214 214 214 211 204 203 200 198 203 198 202 209 209 207 209 207 201 203 211 212 213 212
211 209 207 213 215 211 209 215 210 208 208 211 208 207 205 202 208 207 210 210 210 212 209 208 207 207 209 208 209 210 215 218 219 219 218 215 217 217 216 217 218 218 218 218 217 215 213 214 215 212 208 198 203 208 210 212 212 207 214 214 213 213 214 213 212 210 208 201 203 198 206 206 206 210 210 208 209 210 206 208 212 213 214 212
213 208 208 214 211 206 207 213 214 212 211 212 210 208 204 203 206 204 207 209 209 209 211 209 208 206 207 205 205 209 216 218 219 218 217 215 214 211 217 218 218 217 217 217 217 216 215 213 213 212 210 203 205 209 211 211 206 210 215 214 212 211 211 212 211 207 209 201 203 202 207 210 209 211 210 211 211 207 205 207 212 213 214 212
211 202 206 214 211 206 203 208 211 215 214 212 208 207 205 203 201 202 208 207 204 208 210 205 205 204 200 199 205 212 217 219 218 215 210 210 213 216 218 217 217 216 216 217 216 216 215 214 213 209 207 205 208 209 207 208 209 212 214 212 207 204 209 211 211 211 210 207 206 205 203 208 211 210 210 212 209 206 204 207 211 213 214 212
205 202 208 211 212 206 201 207 211 212 212 213 209 207 207 203 200 203 208 206 204 207 207 206 200 198 198 203 202 213 218 218 217 211 211 209 214 217 217 216 216 215 213 216 215 216 215 214 212 210 207 205 209 209 208 210 212 211 212 208 205 204 206 210 210 208 209 208 206 208 206 209 211 210 210 213 213 212 210 211 211 212 215 212
198 203 207 208 212 208 204 204 207 206 209 213 210 208 205 201 201 204 207 206 204 205 206 203 200 194 195 202 211 217 218 217 211 211 212 213 215 217 217 216 214 211 212 216 215 215 212 212 210 210 210 209 211 211 210 207 207 210 212 208 205 206 207 209 210 207 206 203 207 208 210 211 211 212 213 213 212 214 213 213 211 213 214 214
197 201 206 208 211 207 205 204 205 206 207 211 208 206 202 204 202 202 206 205 202 202 202 200 196 194 198 204 215 218 218 212 208 212 213 215 216 217 217 215 215 214 214 216 215 214 208 205 210 211 210 211 211 211 209 209 210 212 212 210 207 208 207 208 206 208 206 203 202 208 210 211 211 212 214 214 213 214 214 211 213 214 214 214
202 202 203 206 210 210 207 205 203 199 205 209 210 205 204 207 203 204 204 203 202 201 200 199 195 200 206 213 217 218 216 206 209 211 214 215 216 217 217 215 213 213 212 213 214 213 209 205 209 211 211 211 211 210 212 212 212 212 210 211 211 208 204 202 201 205 206 205 201 203 208 211 212 213 213 213 213 214 214 213 212 211 214 213
203 206 208 210 209 208 203 208 205 196 202 208 212 209 210 207 207 205 202 200 199 200 199 196 197 200 204 215 218 218 212 208 211 209 205 211 216 217 217 216 215 212 211 213 213 211 203 205 209 211 209 211 211 212 211 210 208 212 209 208 209 205 198 197 196 199 203 201 198 198 203 208 212 209 204 208 206 212 213 213 208 207 210 210
204 207 210 206 203 207 210 208 205 199 199 205 209 210 210 209 209 207 206 204 202 202 197 197 201 204 215 218 218 217 211 212 213 211 206 205 214 216 217 216 216 215 214 215 215 211 206 209 209 210 207 205 209 210 210 208 209 212 210 205 203 203 204 200 197 196 197 198 201 201 199 207 210 204 198 203 205 213 214 213 211 206 201 206
206 209 206 203 197 206 209 202 198 196 199 204 207 207 210 208 204 204 201 204 204 199 198 200 211 215 217 218 217 216 209 213 213 211 208 207 214 216 216 216 217 216 216 216 215 214 212 212 211 209 208 202 208 210 209 209 211 211 210 207 201 197 205 204 201 199 195 194 196 206 208 211 210 200 196 203 208 209 211 215 209 203 198 206
203 206 204 201 197 204 206 195 190 196 200 203 204 208 209 207 207 204 199 203 201 200 200 207 210 215 217 217 217 216 211 212 213 212 210 209 211 215 216 216 216 216 216 216 215 215 214 214 212 209 207 199 206 209 209 210 210 210 209 208 204 201 202 204 202 200 198 198 195 204 208 209 209 203 198 205 207 201 203 214 210 197 199 206
201 207 204 198 193 200 204 197 194 195 193 198 203 208 206 204 205 203 199 200 201 204 201 207 213 216 217 217 217 214 209 213 213 213 208 212 214 214 216 216 215 216 216 215 215 215 215 214 213 210 207 201 206 208 205 207 210 211 210 208 204 202 199 199 196 197 200 197 197 201 205 208 208 203 200 201 201 197 203 212 213 203 197 203
203 206 200 197 196 202 205 199 192 185 185 195 204 208 205 203 198 199 198 200 206 204 209 211 215 217 217 216 216 212 208 213 213 213 208 213 215 215 216 216 215 215 215 215 215 214 213 212 212 211 205 204 207 208 208 208 210 210 210 207 202 203 202 200 195 199 202 201 199 197 207 207 205 203 197 194 194 196 207 212 216 208 197 200
206 204 198 195 199 199 204 200 192 188 189 195 204 207 206 200 195 198 200 207 210 210 213 215 216 217 216 216 215 208 211 213 213 213 211 213 214 214 216 215 215 215 215 215 214 212 212 211 210 211 205 206 208 208 208 210 209 209 208 208 204 201 198 193 194 200 204 204 204 206 210 204 201 207 202 198 193 199 207 212 216 210 197 195
205 202 198 192 197 198 198 196 195 192 191 196 204 205 203 203 202 201 206 212 213 214 215 216 216 217 216 216 213 208 212 213 213 212 211 213 215 215 215 213 213 215 215 215 213 211 208 211 210 211 208 206 207 208 204 209 208 208 206 208 206 204 195 193 196 200 204 207 206 211 212 206 201 210 208 202 193 194 201 209 216 213 204 195
203 201 198 193 191 191 197 195 194 192 191 197 198 200 203 201 201 202 210 209 209 211 215 216 217 216 216 215 206 209 214 213 212 212 213 214 214 214 213 212 214 215 215 214 213 212 208 206 206 205 207 203 204 206 207 208 208 206 205 206 207 207 198 196 200 203 207 205 211 213 211 207 206 212 210 202 193 188 194 203 216 217 211 208
202 201 196 193 192 192 194 194 191 192 189 190 196 201 202 196 199 206 208 205 209 212 215 216 216 216 216 214 205 214 215 211 208 208 210 214 214 214 213 213 214 215 214 214 213 211 205 197 197 199 205 202 203 207 208 208 208 208 204 207 208 209 205 202 201 207 210 208 214 213 211 212 212 210 212 209 202 189 190 201 214 219 217 214
198 196 196 192 193 191 188 191 186 188 184 189 194 197 201 198 204 207 207 208 213 215 216 216 216 216 215 212 213 215 210 211 209 211 209 213 214 214 212 213 214 214 214 213 212 211 206 197 197 203 205 206 206 206 207 208 209 210 206 208 212 210 209 208 203 203 209 213 214 211 208 213 213 207 204 214 207 197 198 208 212 215 218 218
192 189 191 190 192 191 186 190 188 183 182 184 189 192 197 203 204 203 210 213 214 215 215 215 216 215 215 215 215 212 211 214 214 214 212 214 214 211 211 213 213 213 212 213 212 211 204 198 202 204 204 206 206 206 204 207 211 211 207 209 213 212 210 211 205 203 209 215 212 207 209 212 215 212 205 214 215 204 206 211 205 208 212 219
193 190 186 182 184 192 189 186 186 182 176 179 187 192 197 198 195 204 209 208 213 215 214 214 216 214 210 214 215 214 214 214 213 212 213 214 211 210 210 212 212 213 212 210 207 206 206 199 203 203 201 205 205 206 204 208 211 212 211 211 213 214 212 213 211 212 215 214 209 208 208 212 215 213 203 209 217 212 211 214 212 212 213 217
194 190 183 179 187 192 191 188 182 180 177 184 190 191 190 189 197 203 208 212 215 214 211 208 215 215 211 214 214 213 212 212 210 208 210 213 211 209 210 212 211 210 209 205 198 195 199 198 201 204 201 201 205 203 206 203 208 212 213 212 213 214 215 215 215 215 216 214 209 210 212 215 218 216 211 212 218 216 216 211 212 216 212 214
193 190 185 184 190 191 190 188 184 181 183 185 182 185 185 190 200 205 209 213 214 211 208 208 211 215 212 212 211 208 207 207 202 201 208 211 211 207 211 210 207 206 204 201 192 187 193 196 199 203 203 202 205 202 205 205 209 211 212 213 214 214 215 215 216 216 216 213 211 215 213 216 218 217 215 214 219 219 219 217 214 216 216 216
186 186 187 188 189 189 186 188 186 187 187 180 187 191 193 199 199 206 212 213 213 211 206 206 211 215 215 214 208 200 199 196 194 196 200 205 211 208 210 207 200 200 198 194 190 195 196 199 199 200 203 202 203 204 203 205 207 207 207 209 214 215 214 215 216 214 215 216 217 216 214 216 219 215 215 213 218 220 220 220 219 217 217 219
181 180 182 184 186 187 185 191 191 193 190 184 187 192 200 204 202 210 211 210 209 207 206 210 214 215 215 214 210 198 195 192 187 186 192 200 209 211 208 203 193 192 190 189 193 199 200 201 199 196 200 198 202 203 203 203 208 206 202 208 213 214 214 213 216 211 209 216 213 217 215 215 219 215 216 215 218 218 216 219 220 220 219 221
175 170 173 176 180 183 192 193 194 195 188 191 188 193 198 203 208 212 208 207 211 210 207 212 215 215 215 214 212 205 201 194 185 185 194 200 207 211 207 202 197 194 195 195 198 203 203 200 198 198 200 200 203 201 199 204 207 209 205 207 213 213 213 215 214 207 207 211 215 215 217 214 217 217 216 219 217 214 210 214 220 221 221 222
176 171 170 176 177 180 186 195 197 197 197 194 189 196 203 206 211 210 211 209 213 212 213 214 215 214 213 213 214 210 205 201 197 195 193 195 204 210 207 203 201 201 200 199 202 203 199 201 197 198 199 202 201 200 197 200 202 209 209 210 210 212 214 214 209 211 208 209 215 214 215 216 219 219 218 219 216 212 213 218 219 221 221 222
181 172 169 169 172 176 184 193 199 202 200 197 195 199 206 211 211 212 213 213 214 214 215 215 215 215 212 208 210 213 208 206 206 203 202 201 205 209 209 207 205 205 204 204 204 203 201 199 195 194 199 199 201 200 197 198 203 205 208 211 209 213 214 213 212 209 210 213 215 215 212 218 219 221 221 220 219 217 218 214 212 218 221 222
186 179 174 168 170 178 187 195 199 201 205 203 201 203 204 210 211 213 213 213 214 214 215 215 212 212 211 208 207 211 212 211 210 208 206 206 206 208 206 208 208 205 206 206 205 202 199 196 196 198 196 198 200 201 202 201 205 205 205 212 210 213 213 210 204 202 206 211 214 213 213 214 218 219 220 221 221 221 217 218 212 213 221 221
187 180 170 167 171 178 188 193 200 203 206 205 204 202 208 208 212 214 214 214 214 214 213 214 212 206 209 207 206 209 209 207 210 207 206 207 203 205 202 200 206 207 207 204 204 200 199 196 197 193 195 194 200 204 205 203 205 205 206 211 212 212 210 200 194 189 196 207 208 204 211 214 216 218 220 218 218 222 220 217 219 217 220 222
