08 Ecocrop/raster/current/tmin_10.asc
ncols        683
nrows        518
xllcorner    -87.691666666667
yllcorner    10.708333333333
cellsize     0.008333333333
NODATA_value  1.#QNAN
[rows 148 to 184 of 518, columns 84 to 167 of 683]
1.#QNAN 1.#QNAN 1.#QNAN 1.#QNAN 1.#QNAN 1.#QNAN 1.#QNAN 1.#QNAN 1.#QNAN 1.#QNAN 1.#QNAN 1.#QNAN 1.#QNAN 1.#QNAN 1.#QNAN 1.#QNAN 1.#QNAN 1.#QNAN 1.#QNAN 1.#QNAN 1.#QNAN 1.#QNAN 1.#QNAN 1.#QNAN 1.#QNAN 1.#QNAN 1.#QNAN 1.#QNAN 1.#QNAN 1.#QNAN 1.#QNAN 189 187 186 184 183 183 181 182 1.#QNAN 1.#QNAN 1.#QNAN 1.#QNAN 175 1.#QNAN 1.#QNAN 1.#QNAN 170 169 166 166 169 167 163 167 167 166 1.#QNAN 1.#QNAN 1.#QNAN 1.#QNAN 1.#QNAN 1.#QNAN 1.#QNAN 1.#QNAN 1.#QNAN 1.#QNAN 1.#QNAN 1.#QNAN 1.#QNAN 1.#QNAN 1.#QNAN 1.#QNAN 1.#QNAN 1.#QNAN 1.#QNAN 1.#QNAN 1.#QNAN 1.#QNAN 1.#QNAN 164 167 171 174
1.#QNAN 1.#QNAN 1.#QNAN 1.#QNAN 1.#QNAN 1.#QNAN 1.#QNAN 1.#QNAN 1.#QNAN 1.#QNAN 1.#QNAN 1.#QNAN 1.#QNAN 1.#QNAN 1.#QNAN 1.#QNAN 1.#QNAN 1.#QNAN 1.#QNAN 1.#QNAN 1.#QNAN 1.#QNAN 1.#QNAN 1.#QNAN 1.#QNAN 1.#QNAN 1.#QNAN 1.#QNAN 1.#QNAN 1.#QNAN 193 190 188 185 183 181 181 179 180 181 179 178 176 171 169 170 169 163 162 167 165 165 171 169 171 168 164 164 1.#QNAN 1.#QNAN 1.#QNAN 1.#QNAN 1.#QNAN 145 143 144 1.#QNAN 1.#QNAN 1.#QNAN 1.#QNAN 1.#QNAN 1.#QNAN 1.#QNAN 1.#QNAN 1.#QNAN 1.#QNAN 1.#QNAN 1.#QNAN 1.#QNAN 155 160 166 172 175
1.#QNAN 1.#QNAN 1.#QNAN 1.#QNAN 1.#QNAN 1.#QNAN 1.#QNAN 1.#QNAN 1.#QNAN 1.#QNAN 1.#QNAN 1.#QNAN 1.#QNAN 1.#QNAN 1.#QNAN 1.#QNAN 1.#QNAN 1.#QNAN 1.#QNAN 1.#QNAN 1.#QNAN 1.#QNAN 1.#QNAN 1.#QNAN 1.#QNAN 1.#QNAN 1.#QNAN 202 197 193 191 190 187 186 184 181 179 177 179 178 177 174 172 172 168 165 165 163 163 164 164 162 166 172 171 171 166 162 161 151 147 144 146 145 143 138 146 1.#QNAN 1.#QNAN 1.#QNAN 1.#QNAN 1.#QNAN 1.#QNAN 141 150 1.#QNAN 1.#QNAN 1.#QNAN 153 149 158 162 170 173
1.#QNAN 1.#QNAN 1.#QNAN 1.#QNAN 1.#QNAN 1.#QNAN 1.#QNAN 1.#QNAN 1.#QNAN 1.#QNAN 1.#QNAN 1.#QNAN 1.#QNAN 1.#QNAN 1.#QNAN 1.#QNAN 1.#QNAN 1.#QNAN 1.#QNAN 1.#QNAN 1.#QNAN 1.#QNAN 1.#QNAN 1.#QNAN 1.#QNAN 1.#QNAN 199 199 195 193 191 189 188 186 185 182 180 178 178 177 176 172 174 173 167 168 173 171 169 167 165 167 165 168 173 173 169 168 166 158 146 145 147 147 148 137 136 130 128 132 128 130 141 139 147 148 147 150 155 150 159 165 164 171
1.#QNAN 1.#QNAN 1.#QNAN 1.#QNAN 1.#QNAN 1.#QNAN 1.#QNAN 1.#QNAN 1.#QNAN 1.#QNAN 1.#QNAN 1.#QNAN 1.#QNAN 1.#QNAN 1.#QNAN 1.#QNAN 1.#QNAN 1.#QNAN 1.#QNAN 1.#QNAN 1.#QNAN 1.#QNAN 1.#QNAN 1.#QNAN 1.#QNAN 1.#QNAN 203 197 195 193 190 188 186 187 186 185 183 181 179 177 173 169 174 175 172 174 175 173 170 169 169 171 169 167 170 174 170 170 169 163 148 143 149 153 153 142 146 143 133 137 136 136 147 143 145 155 148 150 161 160 164 167 169 173
1.#QNAN 1.#QNAN 1.#QNAN 1.#QNAN 1.#QNAN 1.#QNAN 1.#QNAN 1.#QNAN 1.#QNAN 1.#QNAN 1.#QNAN 1.#QNAN 1.#QNAN 1.#QNAN 1.#QNAN 1.#QNAN 1.#QNAN 1.#QNAN 1.#QNAN 1.#QNAN 1.#QNAN 1.#QNAN 1.#QNAN 1.#QNAN 1.#QNAN 1.#QNAN 200 201 197 195 192 189 187 187 187 186 184 182 181 179 176 172 175 177 177 176 174 172 168 172 171 173 170 167 168 170 174 173 168 157 151 147 154 156 158 151 151 155 148 149 148 140 149 155 149 152 158 157 162 166 167 171 174 174
1.#QNAN 1.#QNAN 1.#QNAN 1.#QNAN 1.#QNAN 1.#QNAN 1.#QNAN 1.#QNAN 1.#QNAN 1.#QNAN 1.#QNAN 1.#QNAN 1.#QNAN 1.#QNAN 1.#QNAN 1.#QNAN 1.#QNAN 1.#QNAN 1.#QNAN 1.#QNAN 1.#QNAN 1.#QNAN 1.#QNAN 1.#QNAN 1.#QNAN 1.#QNAN 1.#QNAN 203 201 198 196 193 188 186 187 187 185 184 183 180 176 172 174 178 178 178 174 174 173 175 174 174 172 168 168 170 173 174 166 159 157 159 158 161 160 156 160 161 160 155 147 144 148 159 159 156 162 166 166 170 171 173 175 176
1.#QNAN 1.#QNAN 1.#QNAN 1.#QNAN 1.#QNAN 1.#QNAN 1.#QNAN 1.#QNAN 1.#QNAN 1.#QNAN 1.#QNAN 1.#QNAN 1.#QNAN 1.#QNAN 1.#QNAN 1.#QNAN 1.#QNAN 1.#QNAN 1.#QNAN 1.#QNAN 1.#QNAN 1.#QNAN 1.#QNAN 1.#QNAN 1.#QNAN 1.#QNAN 1.#QNAN 205 203 201 199 194 190 188 190 188 187 186 184 180 176 172 175 179 179 179 177 177 177 176 174 173 173 169 167 169 172 176 173 168 166 161 165 165 167 162 162 166 164 157 150 148 151 160 166 163 166 169 169 171 174 174 174 176
1.#QNAN 1.#QNAN 1.#QNAN 1.#QNAN 1.#QNAN 1.#QNAN 1.#QNAN 1.#QNAN 1.#QNAN 1.#QNAN 1.#QNAN 1.#QNAN 1.#QNAN 1.#QNAN 1.#QNAN 1.#QNAN 1.#QNAN 1.#QNAN 1.#QNAN 1.#QNAN 1.#QNAN 1.#QNAN 1.#QNAN 1.#QNAN 1.#QNAN 1.#QNAN 1.#QNAN 205 204 203 201 198 193 191 189 189 188 186 183 179 174 175 178 180 180 179 179 178 178 176 173 171 172 168 166 167 171 175 177 173 167 167 165 169 171 168 167 169 162 162 159 152 156 158 168 167 168 172 174 174 175 177 176 177
1.#QNAN 1.#QNAN 1.#QNAN 1.#QNAN 1.#QNAN 1.#QNAN 1.#QNAN 1.#QNAN 1.#QNAN 1.#QNAN 1.#QNAN 1.#QNAN 1.#QNAN 1.#QNAN 1.#QNAN 1.#QNAN 1.#QNAN 1.#QNAN 1.#QNAN 1.#QNAN 1.#QNAN 1.#QNAN 1.#QNAN 1.#QNAN 1.#QNAN 1.#QNAN 1.#QNAN 205 204 203 202 201 197 193 192 191 188 185 179 174 175 178 179 181 181 180 179 179 178 176 174 172 169 169 163 164 166 171 177 177 175 175 170 171 174 172 167 171 164 167 163 157 162 162 169 173 170 171 176 177 175 176 178 177
1.#QNAN 1.#QNAN 1.#QNAN 1.#QNAN 1.#QNAN 1.#QNAN 1.#QNAN 1.#QNAN 1.#QNAN 1.#QNAN 1.#QNAN 1.#QNAN 1.#QNAN 1.#QNAN 1.#QNAN 1.#QNAN 1.#QNAN 1.#QNAN 1.#QNAN 1.#QNAN 1.#QNAN 1.#QNAN 1.#QNAN 1.#QNAN 1.#QNAN 1.#QNAN 205 205 204 203 202 199 197 195 193 192 188 183 173 172 177 179 180 180 180 177 175 177 177 175 172 170 165 166 162 163 165 167 172 180 179 178 174 175 176 176 173 174 170 171 166 164 167 170 171 175 173 172 173 177 179 175 179 180
1.#QNAN 1.#QNAN 1.#QNAN 1.#QNAN 1.#QNAN 1.#QNAN 1.#QNAN 1.#QNAN 1.#QNAN 1.#QNAN 1.#QNAN 1.#QNAN 1.#QNAN 1.#QNAN 1.#QNAN 1.#QNAN 1.#QNAN 1.#QNAN 1.#QNAN 1.#QNAN 1.#QNAN 1.#QNAN 1.#QNAN 1.#QNAN 1.#QNAN 1.#QNAN 204 205 205 204 201 199 196 195 192 190 186 179 174 176 176 179 181 181 179 176 172 177 179 177 172 169 167 168 167 168 166 170 174 177 182 180 177 175 178 179 175 178 176 175 174 170 174 175 175 177 174 176 175 174 178 178 180 180
1.#QNAN 1.#QNAN 1.#QNAN 1.#QNAN 1.#QNAN 1.#QNAN 1.#QNAN 1.#QNAN 1.#QNAN 1.#QNAN 1.#QNAN 1.#QNAN 1.#QNAN 1.#QNAN 1.#QNAN 1.#QNAN 1.#QNAN 1.#QNAN 1.#QNAN 1.#QNAN 1.#QNAN 1.#QNAN 1.#QNAN 1.#QNAN 1.#QNAN 200 203 200 202 202 201 199 197 193 189 185 186 178 176 177 180 181 181 181 180 176 172 177 180 179 177 174 172 172 172 174 172 172 177 181 183 180 179 180 179 182 181 181 180 179 179 177 176 176 179 179 178 179 181 181 182 182 181 182
1.#QNAN 1.#QNAN 1.#QNAN 1.#QNAN 1.#QNAN 1.#QNAN 1.#QNAN 1.#QNAN 1.#QNAN 1.#QNAN 1.#QNAN 1.#QNAN 1.#QNAN 1.#QNAN 1.#QNAN 1.#QNAN 1.#QNAN 1.#QNAN 1.#QNAN 1.#QNAN 1.#QNAN 1.#QNAN 1.#QNAN 1.#QNAN 1.#QNAN 196 200 196 196 193 194 194 197 193 190 186 186 181 177 173 178 182 182 181 181 178 176 177 181 181 179 175 177 176 175 174 179 177 178 182 185 183 179 180 183 184 183 181 181 181 181 181 180 180 182 182 183 183 183 184 184 185 185 184
1.#QNAN 1.#QNAN 1.#QNAN 1.#QNAN 1.#QNAN 1.#QNAN 1.#QNAN 1.#QNAN 1.#QNAN 1.#QNAN 1.#QNAN 1.#QNAN 1.#QNAN 1.#QNAN 1.#QNAN 1.#QNAN 1.#QNAN 1.#QNAN 1.#QNAN 1.#QNAN 1.#QNAN 1.#QNAN 1.#QNAN 1.#QNAN 199 194 196 193 188 185 185 186 193 194 192 189 189 185 177 175 177 177 183 182 181 182 180 179 181 183 179 176 179 180 177 176 180 180 180 183 185 184 181 177 181 184 184 185 185 185 183 184 184 184 184 183 184 185 185 185 185 186 185 183
1.#QNAN 1.#QNAN 1.#QNAN 1.#QNAN 1.#QNAN 1.#QNAN 1.#QNAN 1.#QNAN 1.#QNAN 1.#QNAN 1.#QNAN 1.#QNAN 1.#QNAN 1.#QNAN 1.#QNAN 1.#QNAN 1.#QNAN 1.#QNAN 1.#QNAN 1.#QNAN 1.#QNAN 1.#QNAN 1.#QNAN 1.#QNAN 191 191 191 189 186 182 183 187 192 196 195 192 190 183 178 176 175 177 181 184 184 184 183 183 183 184 181 178 179 181 181 180 182 182 183 180 182 186 184 181 182 184 185 186 186 186 185 185 186 185 185 184 185 185 186 185 186 186 185 183
1.#QNAN 1.#QNAN 1.#QNAN 1.#QNAN 1.#QNAN 1.#QNAN 1.#QNAN 1.#QNAN 1.#QNAN 1.#QNAN 1.#QNAN 1.#QNAN 1.#QNAN 1.#QNAN 1.#QNAN 1.#QNAN 1.#QNAN 1.#QNAN 1.#QNAN 1.#QNAN 1.#QNAN 1.#QNAN 1.#QNAN 1.#QNAN 186 186 186 185 187 186 187 187 192 195 195 193 189 183 180 178 178 178 179 180 183 185 185 185 185 183 181 178 180 181 183 182 180 183 185 180 178 182 186 186 187 186 186 187 187 188 187 187 186 187 186 186 186 186 186 185 185 187 186 185
1.#QNAN 1.#QNAN 1.#QNAN 1.#QNAN 1.#QNAN 1.#QNAN 1.#QNAN 1.#QNAN 1.#QNAN 1.#QNAN 1.#QNAN 1.#QNAN 1.#QNAN 1.#QNAN 1.#QNAN 1.#QNAN 1.#QNAN 1.#QNAN 1.#QNAN 1.#QNAN 1.#QNAN 1.#QNAN 1.#QNAN 1.#QNAN 1.#QNAN 184 186 187 188 188 190 191 192 194 192 189 186 187 185 180 176 173 171 174 178 182 185 187 186 185 184 183 182 180 183 184 185 184 184 185 185 187 188 188 188 187 187 187 188 188 188 187 187 187 187 187 187 187 187 186 186 187 187 187
1.#QNAN 1.#QNAN 1.#QNAN 1.#QNAN 1.#QNAN 1.#QNAN 1.#QNAN 1.#QNAN 1.#QNAN 1.#QNAN 1.#QNAN 1.#QNAN 1.#QNAN 1.#QNAN 1.#QNAN 1.#QNAN 1.#QNAN 1.#QNAN 1.#QNAN 1.#QNAN 1.#QNAN 1.#QNAN 1.#QNAN 1.#QNAN 1.#QNAN 1.#QNAN 1.#QNAN 1.#QNAN 188 189 191 192 193 191 191 185 181 181 182 182 176 170 167 173 178 181 184 186 187 187 187 186 184 183 185 185 187 186 185 187 188 188 188 188 189 188 188 188 189 189 188 188 189 188 187 188 188 187 187 186 187 188 188 187
1.#QNAN 1.#QNAN 1.#QNAN 1.#QNAN 1.#QNAN 1.#QNAN 1.#QNAN 1.#QNAN 1.#QNAN 1.#QNAN 1.#QNAN 1.#QNAN 1.#QNAN 1.#QNAN 1.#QNAN 1.#QNAN 1.#QNAN 1.#QNAN 1.#QNAN 1.#QNAN 1.#QNAN 1.#QNAN 1.#QNAN 1.#QNAN 1.#QNAN 1.#QNAN 1.#QNAN 1.#QNAN 188 189 190 191 191 190 187 184 181 179 179 182 177 172 175 178 181 181 181 184 186 186 187 188 187 187 187 187 188 188 189 188 189 189 189 189 189 189 189 189 189 190 191 190 189 187 186 187 188 188 188 187 187 187 187 187
1.#QNAN 1.#QNAN 1.#QNAN 1.#QNAN 1.#QNAN 1.#QNAN 1.#QNAN 1.#QNAN 1.#QNAN 1.#QNAN 1.#QNAN 1.#QNAN 1.#QNAN 1.#QNAN 1.#QNAN 1.#QNAN 1.#QNAN 1.#QNAN 1.#QNAN 1.#QNAN 1.#QNAN 1.#QNAN 1.#QNAN 1.#QNAN 1.#QNAN 1.#QNAN 1.#QNAN 1.#QNAN 187 188 189 189 188 186 182 182 179 178 180 181 178 174 175 176 177 176 177 180 185 185 185 184 187 188 188 188 189 189 190 189 189 190 189 190 190 190 190 190 190 188 188 190 190 189 188 186 189 188 188 187 187 187 186 187
1.#QNAN 1.#QNAN 1.#QNAN 1.#QNAN 1.#QNAN 1.#QNAN 1.#QNAN 1.#QNAN 1.#QNAN 1.#QNAN 1.#QNAN 1.#QNAN 1.#QNAN 1.#QNAN 1.#QNAN 1.#QNAN 1.#QNAN 1.#QNAN 1.#QNAN 1.#QNAN 1.#QNAN 1.#QNAN 1.#QNAN 1.#QNAN 1.#QNAN 1.#QNAN 1.#QNAN 183 185 187 187 187 184 183 179 179 176 175 177 179 178 175 168 167 170 169 172 180 184 183 179 179 182 184 184 187 189 190 189 190 190 190 190 189 189 189 189 188 184 182 182 187 189 190 191 189 189 189 187 187 185 186 188 186
1.#QNAN 1.#QNAN 1.#QNAN 1.#QNAN 1.#QNAN 1.#QNAN 1.#QNAN 1.#QNAN 1.#QNAN 1.#QNAN 1.#QNAN 1.#QNAN 1.#QNAN 1.#QNAN 1.#QNAN 1.#QNAN 1.#QNAN 1.#QNAN 1.#QNAN 1.#QNAN 1.#QNAN 1.#QNAN 1.#QNAN 1.#QNAN 1.#QNAN 1.#QNAN 1.#QNAN 181 183 184 186 184 180 176 173 174 172 175 176 178 180 175 169 169 171 173 175 179 180 178 178 182 185 184 185 187 188 187 186 189 189 189 189 187 187 186 186 183 178 181 184 187 188 188 189 190 189 188 187 188 185 186 188 184
1.#QNAN 1.#QNAN 1.#QNAN 1.#QNAN 1.#QNAN 1.#QNAN 1.#QNAN 1.#QNAN 1.#QNAN 1.#QNAN 1.#QNAN 1.#QNAN 1.#QNAN 1.#QNAN 1.#QNAN 1.#QNAN 1.#QNAN 1.#QNAN 1.#QNAN 1.#QNAN 1.#QNAN 1.#QNAN 1.#QNAN 1.#QNAN 1.#QNAN 1.#QNAN 1.#QNAN 179 181 179 182 179 178 171 168 166 170 170 173 176 181 179 177 177 178 179 180 182 179 176 180 184 187 187 188 189 187 183 183 184 184 187 185 183 183 182 182 183 184 184 186 187 188 189 189 189 190 190 190 190 190 188 186 184
1.#QNAN 1.#QNAN 1.#QNAN 1.#QNAN 1.#QNAN 1.#QNAN 1.#QNAN 1.#QNAN 1.#QNAN 1.#QNAN 1.#QNAN 1.#QNAN 1.#QNAN 1.#QNAN 1.#QNAN 1.#QNAN 1.#QNAN 1.#QNAN 1.#QNAN 1.#QNAN 1.#QNAN 1.#QNAN 1.#QNAN 1.#QNAN 1.#QNAN 1.#QNAN 174 176 178 177 180 177 174 172 168 167 171 176 177 179 181 182 182 182 183 180 181 184 182 181 185 186 188 188 189 188 188 188 187 185 183 185 183 178 176 179 181 184 185 186 187 186 184 184 186 185 185 185 186 187 185 189 185 183
1.#QNAN 1.#QNAN 1.#QNAN 1.#QNAN 1.#QNAN 1.#QNAN 1.#QNAN 1.#QNAN 1.#QNAN 1.#QNAN 1.#QNAN 1.#QNAN 1.#QNAN 1.#QNAN 1.#QNAN 1.#QNAN 1.#QNAN 1.#QNAN 1.#QNAN 1.#QNAN 1.#QNAN 1.#QNAN 1.#QNAN 1.#QNAN 1.#QNAN 1.#QNAN 172 175 176 177 176 176 174 173 172 173 177 179 181 182 184 184 184 184 185 183 184 186 185 184 186 188 189 187 187 187 188 186 187 187 186 185 182 176 169 178 182 184 185 185 183 180 178 179 179 177 179 179 181 185 188 188 185 182
1.#QNAN 1.#QNAN 1.#QNAN 1.#QNAN 1.#QNAN 1.#QNAN 1.#QNAN 1.#QNAN 1.#QNAN 1.#QNAN 1.#QNAN 1.#QNAN 1.#QNAN 1.#QNAN 1.#QNAN 1.#QNAN 1.#QNAN 1.#QNAN 1.#QNAN 1.#QNAN 1.#QNAN 1.#QNAN 1.#QNAN 1.#QNAN 1.#QNAN 1.#QNAN 168 170 171 172 171 171 170 166 170 173 174 178 179 182 185 185 185 186 186 186 187 186 186 187 189 188 187 185 185 186 187 185 186 186 185 182 181 177 169 177 181 183 184 183 180 180 181 181 179 176 177 179 183 185 186 190 186 185
1.#QNAN 1.#QNAN 1.#QNAN 1.#QNAN 1.#QNAN 1.#QNAN 1.#QNAN 1.#QNAN 1.#QNAN 1.#QNAN 1.#QNAN 1.#QNAN 1.#QNAN 1.#QNAN 1.#QNAN 1.#QNAN 1.#QNAN 1.#QNAN 1.#QNAN 1.#QNAN 1.#QNAN 1.#QNAN 1.#QNAN 1.#QNAN 1.#QNAN 1.#QNAN 1.#QNAN 166 169 173 174 174 169 168 174 172 171 178 182 184 185 186 186 186 187 187 187 188 188 189 187 186 184 184 186 187 186 185 185 185 185 184 182 179 177 180 181 180 181 179 178 178 179 180 181 179 180 182 182 183 187 190 188 188
1.#QNAN 1.#QNAN 1.#QNAN 1.#QNAN 1.#QNAN 1.#QNAN 1.#QNAN 1.#QNAN 1.#QNAN 1.#QNAN 1.#QNAN 1.#QNAN 1.#QNAN 1.#QNAN 1.#QNAN 1.#QNAN 1.#QNAN 1.#QNAN 1.#QNAN 1.#QNAN 1.#QNAN 1.#QNAN 1.#QNAN 1.#QNAN 1.#QNAN 1.#QNAN 1.#QNAN 1.#QNAN 1.#QNAN 175 177 173 169 175 176 173 177 179 180 184 186 186 187 187 187 188 188 188 189 189 187 188 186 184 186 186 185 182 185 183 183 181 181 180 181 181 182 180 177 176 176 177 178 180 182 182 180 183 184 184 186 189 190 191
1.#QNAN 1.#QNAN 1.#QNAN 1.#QNAN 1.#QNAN 1.#QNAN 1.#QNAN 1.#QNAN 1.#QNAN 1.#QNAN 1.#QNAN 1.#QNAN 1.#QNAN 1.#QNAN 1.#QNAN 1.#QNAN 1.#QNAN 1.#QNAN 1.#QNAN 1.#QNAN 1.#QNAN 1.#QNAN 1.#QNAN 1.#QNAN 1.#QNAN 1.#QNAN 1.#QNAN 1.#QNAN 1.#QNAN 175 176 176 174 177 178 179 182 184 183 186 187 187 187 187 188 188 188 189 188 188 188 187 187 184 184 185 184 184 184 183 182 181 181 180 181 182 181 178 177 176 176 176 176 177 180 183 181 183 186 187 186 187 189 191
1.#QNAN 1.#QNAN 1.#QNAN 1.#QNAN 1.#QNAN 1.#QNAN 1.#QNAN 1.#QNAN 1.#QNAN 1.#QNAN 1.#QNAN 1.#QNAN 1.#QNAN 1.#QNAN 1.#QNAN 1.#QNAN 1.#QNAN 1.#QNAN 1.#QNAN 1.#QNAN 1.#QNAN 1.#QNAN 1.#QNAN 1.#QNAN 1.#QNAN 1.#QNAN 1.#QNAN 1.#QNAN 1.#QNAN 171 174 178 179 179 182 183 185 185 186 187 187 187 188 188 188 188 188 188 188 188 187 186 185 185 184 184 183 183 183 182 182 179 180 181 181 182 180 180 178 178 174 173 173 176 181 184 183 184 184 183 184 187 187 189
1.#QNAN 1.#QNAN 1.#QNAN 1.#QNAN 1.#QNAN 1.#QNAN 1.#QNAN 1.#QNAN 1.#QNAN 1.#QNAN 1.#QNAN 1.#QNAN 1.#QNAN 1.#QNAN 1.#QNAN 1.#QNAN 1.#QNAN 1.#QNAN 1.#QNAN 1.#QNAN 1.#QNAN 1.#QNAN 1.#QNAN 1.#QNAN 1.#QNAN 1.#QNAN 1.#QNAN 1.#QNAN 1.#QNAN 170 174 179 180 181 182 184 185 182 184 187 187 187 188 188 188 188 188 187 187 187 187 186 184 182 184 183 180 180 182 183 183 182 178 179 182 182 184 182 180 178 175 172 172 178 181 181 182 182 181 183 185 186 186 188
1.#QNAN 1.#QNAN 1.#QNAN 1.#QNAN 1.#QNAN 1.#QNAN 1.#QNAN 1.#QNAN 1.#QNAN 1.#QNAN 1.#QNAN 1.#QNAN 1.#QNAN 1.#QNAN 1.#QNAN 1.#QNAN 1.#QNAN 1.#QNAN 1.#QNAN 1.#QNAN 1.#QNAN 1.#QNAN 1.#QNAN 1.#QNAN 1.#QNAN 1.#QNAN 1.#QNAN 1.#QNAN 1.#QNAN 167 171 176 180 178 181 182 182 183 185 187 186 185 188 188 188 187 187 187 187 186 186 185 185 182 181 180 176 175 178 182 183 183 183 181 180 182 184 184 182 181 179 176 173 175 177 179 180 181 182 184 183 184 187 187
1.#QNAN 1.#QNAN 1.#QNAN 1.#QNAN 1.#QNAN 1.#QNAN 1.#QNAN 1.#QNAN 1.#QNAN 1.#QNAN 1.#QNAN 1.#QNAN 1.#QNAN 1.#QNAN 1.#QNAN 1.#QNAN 1.#QNAN 1.#QNAN 1.#QNAN 1.#QNAN 1.#QNAN 1.#QNAN 1.#QNAN 1.#QNAN 1.#QNAN 1.#QNAN 1.#QNAN 1.#QNAN 1.#QNAN 1.#QNAN 173 176 178 177 178 181 183 184 185 186 185 187 188 187 187 186 185 186 186 186 185 185 184 181 175 172 177 180 181 182 182 182 183 183 182 180 181 184 185 182 182 180 178 175 179 179 180 181 182 182 183 183 183 184
1.#QNAN 1.#QNAN 1.#QNAN 1.#QNAN 1.#QNAN 1.#QNAN 1.#QNAN 1.#QNAN 1.#QNAN 1.#QNAN 1.#QNAN 1.#QNAN 1.#QNAN 1.#QNAN 1.#QNAN 1.#QNAN 1.#QNAN 1.#QNAN 1.#QNAN 1.#QNAN 1.#QNAN 1.#QNAN 1.#QNAN 1.#QNAN 1.#QNAN 1.#QNAN 1.#QNAN 1.#QNAN 1.#QNAN 1.#QNAN 170 174 175 176 174 178 182 180 180 184 186 187 186 184 184 186 185 185 186 185 184 183 183 181 179 177 180 183 183 181 182 181 181 184 183 183 184 184 186 184 183 183 182 181 180 180 180 180 182 184 185 186 187 188
1.#QNAN 1.#QNAN 1.#QNAN 1.#QNAN 1.#QNAN 1.#QNAN 1.#QNAN 1.#QNAN 1.#QNAN 1.#QNAN 1.#QNAN 1.#QNAN 1.#QNAN 1.#QNAN 1.#QNAN 1.#QNAN 1.#QNAN 1.#QNAN 1.#QNAN 1.#QNAN 1.#QNAN 1.#QNAN 1.#QNAN 1.#QNAN 1.#QNAN 1.#QNAN 1.#QNAN 1.#QNAN 1.#QNAN 1.#QNAN 171 173 177 179 178 177 181 177 175 182 187 184 180 179 182 184 183 185 185 185 183 180 181 181 182 182 183 184 184 182 180 181 182 184 185 186 185 185 186 185 185 185 184 184 182 184 184 183 185 186 186 187 188 190
1.#QNAN 1.#QNAN 1.#QNAN 1.#QNAN 1.#QNAN 1.#QNAN 1.#QNAN 1.#QNAN 1.#QNAN 1.#QNAN 1.#QNAN 1.#QNAN 1.#QNAN 1.#QNAN 1.#QNAN 1.#QNAN 1.#QNAN 1.#QNAN 1.#QNAN 1.#QNAN 1.#QNAN 1.#QNAN 1.#QNAN 1.#QNAN 1.#QNAN 1.#QNAN 1.#QNAN 1.#QNAN 1.#QNAN 1.#QNAN 173 175 178 181 180 179 184 178 177 183 187 180 175 177 180 183 182 184 184 184 183 179 177 179 181 183 184 184 185 185 184 182 183 183 183 185 186 186 186 187 186 186 186 185 183 184 185 186 185 187 188 190 191 188
