08 Ecocrop/raster/current/tmin_4.asc
ncols        683
nrows        518
xllcorner    -87.691666666667
yllcorner    10.708333333333
cellsize     0.008333333333
NODATA_value  1.#QNAN
[rows 407 to 443 of 518, columns 168 to 251 of 683]
239 240 240 238 233 231 233 233 229 222 228 230 225 221 220 221 227 234 234 231 233 234 233 234 234 235 235 234 233 233 230 230 234 234 235 236 237 237 237 237 237 237 238 238 238 238 239 239 239 240 240 240 241 241 242 242 242 242 242 242 242 242 242 242 242 242 242 242 242 242 242 242 242 242 242 242 242 242 242 242 242 242 242 242
240 240 240 239 234 231 235 232 225 225 232 229 224 219 219 224 228 235 233 232 233 235 236 236 236 235 233 234 232 231 230 234 235 234 236 236 236 237 236 236 236 237 237 238 238 238 238 239 239 240 240 240 241 241 242 242 242 242 242 242 242 242 242 242 242 242 242 242 242 242 242 242 242 242 242 242 242 242 242 242 242 242 242 242
241 240 240 239 236 237 234 230 221 227 231 224 222 220 225 229 232 236 235 233 236 237 236 235 233 232 234 235 234 234 234 235 235 235 236 236 236 236 235 233 235 237 237 237 238 238 238 239 239 240 240 240 241 241 242 242 242 242 242 242 242 242 242 242 242 242 242 242 242 242 242 242 242 242 242 242 242 242 242 242 242 242 242 242
241 241 241 239 238 238 234 230 228 233 227 223 224 221 230 231 232 236 235 236 237 236 234 236 235 235 235 232 232 233 233 235 235 235 235 235 235 235 234 233 235 236 237 237 238 238 238 239 239 240 240 240 240 241 241 242 242 242 242 242 242 242 242 242 242 242 242 242 242 242 242 242 242 242 242 242 242 242 242 241 241 241 241 241
1.#QNAN 241 241 240 240 239 236 234 232 236 229 225 227 225 233 235 235 236 235 238 238 236 233 233 234 235 234 230 229 232 233 232 233 234 233 234 231 229 230 234 235 235 235 235 237 237 238 238 239 239 240 240 240 241 241 241 242 242 242 242 242 242 242 242 242 242 242 242 242 242 242 242 242 242 242 242 241 241 240 240 241 241 241 241
1.#QNAN 1.#QNAN 1.#QNAN 241 240 239 236 233 234 237 229 228 228 226 232 235 236 238 237 237 234 233 230 230 232 231 232 229 229 229 231 232 234 233 231 230 228 228 231 234 233 232 232 232 235 236 237 238 238 239 239 240 240 240 241 241 242 242 242 242 242 242 242 242 242 242 242 242 242 242 242 242 242 242 241 241 240 240 238 238 238 239 239 239
1.#QNAN 1.#QNAN 1.#QNAN 1.#QNAN 1.#QNAN 240 238 238 238 237 233 234 231 229 232 236 236 238 235 233 232 232 230 230 228 230 229 228 231 227 230 235 235 232 228 228 231 232 231 232 233 233 233 232 232 234 237 238 238 238 239 239 240 240 241 241 241 242 242 242 242 242 242 242 242 242 242 242 242 242 242 242 242 241 240 239 238 237 236 235 235 236 236 236
1.#QNAN 1.#QNAN 1.#QNAN 1.#QNAN 1.#QNAN 241 241 240 240 239 237 237 235 233 236 237 239 239 237 235 233 230 229 232 232 231 228 231 232 229 232 235 233 232 229 229 232 232 229 230 233 234 233 233 230 233 236 237 238 238 238 239 239 240 240 241 241 242 242 242 242 242 242 242 242 242 242 242 242 242 242 242 241 239 237 236 235 234 232 230 230 231 233 235
1.#QNAN 1.#QNAN 1.#QNAN 1.#QNAN 1.#QNAN 1.#QNAN 1.#QNAN 1.#QNAN 240 240 239 239 238 234 237 238 240 239 236 234 231 230 231 233 234 231 228 234 231 231 235 235 231 230 230 228 231 232 232 230 233 234 232 231 232 234 235 237 237 238 238 238 239 239 240 240 241 241 242 242 242 242 242 242 242 242 242 242 242 242 242 241 239 237 235 233 232 229 226 223 222 224 229 232
1.#QNAN 1.#QNAN 1.#QNAN 1.#QNAN 1.#QNAN 1.#QNAN 1.#QNAN 1.#QNAN 1.#QNAN 241 240 240 239 236 237 239 240 239 237 235 231 232 234 234 235 233 233 234 229 234 236 233 231 229 226 227 227 230 233 233 234 234 232 233 233 235 235 236 237 238 238 238 239 239 240 240 241 241 241 242 242 242 242 242 242 242 242 242 242 242 242 240 238 235 234 232 229 223 216 206 204 212 220 226
1.#QNAN 1.#QNAN 1.#QNAN 1.#QNAN 1.#QNAN 1.#QNAN 1.#QNAN 1.#QNAN 1.#QNAN 1.#QNAN 1.#QNAN 240 240 238 236 240 240 238 236 237 236 237 236 236 234 234 235 233 230 236 234 230 231 231 229 227 226 228 230 232 233 233 234 235 234 235 236 236 237 237 238 238 238 239 239 240 240 241 241 241 242 242 242 242 242 242 242 242 242 242 241 240 236 233 233 231 227 219 201 183 175 189 211 224
1.#QNAN 1.#QNAN 1.#QNAN 1.#QNAN 1.#QNAN 1.#QNAN 1.#QNAN 1.#QNAN 1.#QNAN 1.#QNAN 1.#QNAN 1.#QNAN 240 239 237 240 240 238 237 238 237 237 235 235 234 236 237 234 236 237 233 233 231 226 226 222 223 225 229 232 229 229 231 233 235 235 236 236 237 237 237 238 238 238 239 239 240 240 241 241 241 242 242 242 242 242 242 242 242 242 241 239 235 233 233 229 224 215 198 172 154 180 209 223
1.#QNAN 1.#QNAN 1.#QNAN 1.#QNAN 1.#QNAN 1.#QNAN 1.#QNAN 1.#QNAN 1.#QNAN 1.#QNAN 1.#QNAN 1.#QNAN 1.#QNAN 240 240 241 239 240 239 237 234 234 235 235 235 237 237 237 237 236 235 233 230 229 222 220 226 229 230 231 229 224 224 230 232 234 235 236 236 237 237 238 238 238 239 239 239 240 240 241 241 242 242 242 242 242 242 242 242 242 240 239 236 233 232 229 224 218 206 190 177 193 211 224
1.#QNAN 1.#QNAN 1.#QNAN 1.#QNAN 1.#QNAN 1.#QNAN 1.#QNAN 1.#QNAN 1.#QNAN 1.#QNAN 1.#QNAN 1.#QNAN 1.#QNAN 1.#QNAN 241 240 236 239 239 236 236 237 236 234 238 238 238 237 237 234 232 232 230 226 223 223 226 231 231 231 227 226 226 228 228 230 232 235 236 236 237 237 237 238 238 239 239 239 240 241 241 242 242 242 242 242 242 242 242 241 240 238 236 234 233 231 227 224 218 208 206 214 220 225
1.#QNAN 1.#QNAN 1.#QNAN 1.#QNAN 1.#QNAN 1.#QNAN 1.#QNAN 1.#QNAN 1.#QNAN 1.#QNAN 1.#QNAN 1.#QNAN 1.#QNAN 1.#QNAN 1.#QNAN 240 237 237 237 237 238 236 236 237 239 239 237 237 237 236 233 231 228 227 227 225 228 231 231 233 230 230 226 229 231 232 232 234 236 236 237 237 237 238 238 238 239 239 240 240 241 241 242 242 242 242 242 242 242 241 240 238 236 235 234 233 231 228 225 222 223 226 227 229
1.#QNAN 1.#QNAN 1.#QNAN 1.#QNAN 1.#QNAN 1.#QNAN 1.#QNAN 1.#QNAN 1.#QNAN 1.#QNAN 1.#QNAN 1.#QNAN 1.#QNAN 1.#QNAN 242 239 238 235 237 239 238 238 237 239 239 237 236 234 236 235 232 226 225 226 229 227 230 230 226 233 233 231 227 229 229 230 233 232 235 236 236 237 237 237 238 238 239 239 239 240 241 241 242 242 242 242 242 241 241 241 240 239 237 236 236 235 234 232 230 229 229 231 233 233
1.#QNAN 1.#QNAN 1.#QNAN 1.#QNAN 1.#QNAN 1.#QNAN 1.#QNAN 1.#QNAN 1.#QNAN 1.#QNAN 1.#QNAN 1.#QNAN 1.#QNAN 1.#QNAN 1.#QNAN 240 238 235 237 240 240 239 239 239 238 234 236 234 235 235 233 229 229 230 230 228 230 228 225 231 233 229 230 232 231 231 233 233 234 236 236 236 237 237 238 238 238 239 239 240 241 241 241 242 242 242 242 241 241 242 241 239 238 238 237 237 236 235 233 233 235 236 236 238
1.#QNAN 1.#QNAN 1.#QNAN 1.#QNAN 1.#QNAN 1.#QNAN 1.#QNAN 1.#QNAN 1.#QNAN 1.#QNAN 1.#QNAN 1.#QNAN 1.#QNAN 1.#QNAN 1.#QNAN 1.#QNAN 241 240 239 240 240 240 240 239 238 237 234 232 234 234 231 230 233 233 227 230 227 227 231 232 234 232 232 234 231 231 234 234 233 235 236 236 236 237 237 238 238 238 239 240 240 241 241 242 242 242 242 241 241 242 241 241 240 239 239 239 238 238 237 233 238 239 238 239
1.#QNAN 1.#QNAN 1.#QNAN 1.#QNAN 1.#QNAN 1.#QNAN 1.#QNAN 1.#QNAN 1.#QNAN 1.#QNAN 1.#QNAN 1.#QNAN 1.#QNAN 1.#QNAN 1.#QNAN 1.#QNAN 1.#QNAN 241 240 240 241 240 240 240 238 237 236 234 232 233 230 234 234 231 231 229 225 231 233 234 235 233 232 235 234 232 235 235 233 235 235 236 236 236 237 237 238 238 239 239 240 241 241 241 242 242 242 241 241 241 241 241 241 240 240 240 240 240 239 238 239 240 240 240
1.#QNAN 1.#QNAN 1.#QNAN 1.#QNAN 1.#QNAN 1.#QNAN 1.#QNAN 1.#QNAN 1.#QNAN 1.#QNAN 1.#QNAN 1.#QNAN 1.#QNAN 1.#QNAN 1.#QNAN 1.#QNAN 1.#QNAN 1.#QNAN 1.#QNAN 1.#QNAN 241 240 240 240 240 239 238 235 232 233 235 236 233 231 233 229 226 233 235 235 236 236 235 235 232 233 235 236 235 233 233 235 236 236 236 237 237 238 238 239 240 241 241 241 241 242 242 241 241 241 241 241 241 241 241 241 240 240 240 240 240 240 240 240
1.#QNAN 1.#QNAN 1.#QNAN 1.#QNAN 1.#QNAN 1.#QNAN 1.#QNAN 1.#QNAN 1.#QNAN 1.#QNAN 1.#QNAN 1.#QNAN 1.#QNAN 1.#QNAN 1.#QNAN 1.#QNAN 1.#QNAN 1.#QNAN 1.#QNAN 1.#QNAN 1.#QNAN 241 240 240 240 240 239 238 236 234 236 235 231 234 232 228 229 233 231 234 235 237 236 234 232 234 236 236 235 233 231 232 234 236 236 237 237 237 238 239 240 240 241 241 241 241 242 241 241 241 241 241 241 241 241 241 241 241 240 240 240 241 241 241
1.#QNAN 1.#QNAN 1.#QNAN 1.#QNAN 1.#QNAN 1.#QNAN 1.#QNAN 1.#QNAN 1.#QNAN 1.#QNAN 1.#QNAN 1.#QNAN 1.#QNAN 1.#QNAN 1.#QNAN 1.#QNAN 1.#QNAN 1.#QNAN 1.#QNAN 1.#QNAN 1.#QNAN 1.#QNAN 241 240 240 239 239 239 239 237 233 229 235 235 233 229 227 229 228 231 235 236 237 234 235 235 236 235 233 233 232 231 234 235 236 236 237 237 238 238 240 240 241 241 241 241 242 241 241 241 241 241 241 241 241 241 241 241 241 241 241 241 241 241
1.#QNAN 1.#QNAN 1.#QNAN 1.#QNAN 1.#QNAN 1.#QNAN 1.#QNAN 1.#QNAN 1.#QNAN 1.#QNAN 1.#QNAN 1.#QNAN 1.#QNAN 1.#QNAN 1.#QNAN 1.#QNAN 1.#QNAN 1.#QNAN 1.#QNAN 1.#QNAN 1.#QNAN 1.#QNAN 1.#QNAN 1.#QNAN 241 239 237 239 239 238 233 233 236 230 223 221 226 224 227 231 234 236 237 237 237 236 236 231 230 231 232 232 234 235 236 236 237 237 238 238 239 240 241 241 241 241 241 241 241 241 241 241 241 241 241 241 241 241 241 241 241 241 241 241
1.#QNAN 1.#QNAN 1.#QNAN 1.#QNAN 1.#QNAN 1.#QNAN 1.#QNAN 1.#QNAN 1.#QNAN 1.#QNAN 1.#QNAN 1.#QNAN 1.#QNAN 1.#QNAN 1.#QNAN 1.#QNAN 1.#QNAN 1.#QNAN 1.#QNAN 1.#QNAN 1.#QNAN 1.#QNAN 1.#QNAN 1.#QNAN 1.#QNAN 239 235 235 238 239 238 238 237 232 226 223 229 229 227 229 234 236 237 238 237 234 233 229 230 232 233 231 231 234 236 236 237 237 237 238 239 240 240 241 241 241 241 242 241 241 241 241 241 241 241 241 241 241 241 241 241 241 241 241
1.#QNAN 1.#QNAN 1.#QNAN 1.#QNAN 1.#QNAN 1.#QNAN 1.#QNAN 1.#QNAN 1.#QNAN 1.#QNAN 1.#QNAN 1.#QNAN 1.#QNAN 1.#QNAN 1.#QNAN 1.#QNAN 1.#QNAN 1.#QNAN 1.#QNAN 1.#QNAN 1.#QNAN 1.#QNAN 1.#QNAN 1.#QNAN 1.#QNAN 1.#QNAN 237 236 239 239 239 239 238 237 234 230 232 230 226 229 234 237 236 238 236 234 226 229 229 233 234 233 231 234 235 236 236 237 237 238 239 240 240 241 241 241 241 242 241 241 241 241 241 241 241 241 241 241 241 241 241 241 241 241
1.#QNAN 1.#QNAN 1.#QNAN 1.#QNAN 1.#QNAN 1.#QNAN 1.#QNAN 1.#QNAN 1.#QNAN 1.#QNAN 1.#QNAN 1.#QNAN 1.#QNAN 1.#QNAN 1.#QNAN 1.#QNAN 1.#QNAN 1.#QNAN 1.#QNAN 1.#QNAN 1.#QNAN 1.#QNAN 1.#QNAN 1.#QNAN 1.#QNAN 1.#QNAN 238 239 239 240 239 239 239 238 237 234 233 225 229 231 235 237 237 238 238 237 231 229 232 233 234 234 234 234 236 236 236 237 237 238 239 239 240 240 241 241 241 241 241 241 241 241 241 241 241 241 241 241 241 241 241 241 241 241
1.#QNAN 1.#QNAN 1.#QNAN 1.#QNAN 1.#QNAN 1.#QNAN 1.#QNAN 1.#QNAN 1.#QNAN 1.#QNAN 1.#QNAN 1.#QNAN 1.#QNAN 1.#QNAN 1.#QNAN 1.#QNAN 1.#QNAN 1.#QNAN 1.#QNAN 1.#QNAN 1.#QNAN 1.#QNAN 1.#QNAN 1.#QNAN 1.#QNAN 1.#QNAN 1.#QNAN 1.#QNAN 240 240 238 237 236 237 236 234 230 227 229 234 235 236 238 238 239 238 236 229 233 235 235 234 235 235 235 236 236 236 237 238 238 239 240 240 240 241 241 241 241 241 241 241 241 241 241 241 241 241 241 241 241 241 241 241
1.#QNAN 1.#QNAN 1.#QNAN 1.#QNAN 1.#QNAN 1.#QNAN 1.#QNAN 1.#QNAN 1.#QNAN 1.#QNAN 1.#QNAN 1.#QNAN 1.#QNAN 1.#QNAN 1.#QNAN 1.#QNAN 1.#QNAN 1.#QNAN 1.#QNAN 1.#QNAN 1.#QNAN 1.#QNAN 1.#QNAN 1.#QNAN 1.#QNAN 1.#QNAN 1.#QNAN 1.#QNAN 1.#QNAN 1.#QNAN 238 236 237 237 237 236 233 232 232 233 236 237 238 238 238 238 238 235 232 235 235 234 233 234 234 235 235 236 237 237 238 239 239 240 240 241 241 241 241 241 241 241 241 241 241 241 241 241 241 241 241 241 241 241
1.#QNAN 1.#QNAN 1.#QNAN 1.#QNAN 1.#QNAN 1.#QNAN 1.#QNAN 1.#QNAN 1.#QNAN 1.#QNAN 1.#QNAN 1.#QNAN 1.#QNAN 1.#QNAN 1.#QNAN 1.#QNAN 1.#QNAN 1.#QNAN 1.#QNAN 1.#QNAN 1.#QNAN 1.#QNAN 1.#QNAN 1.#QNAN 1.#QNAN 1.#QNAN 1.#QNAN 1.#QNAN 1.#QNAN 1.#QNAN 1.#QNAN 239 236 237 238 237 236 234 237 237 234 237 239 239 238 236 236 237 234 236 236 235 234 235 233 235 235 236 237 237 238 238 239 240 240 240 241 241 241 241 241 241 241 241 241 241 241 241 241 241 241 241 241 241
1.#QNAN 1.#QNAN 1.#QNAN 1.#QNAN 1.#QNAN 1.#QNAN 1.#QNAN 1.#QNAN 1.#QNAN 1.#QNAN 1.#QNAN 1.#QNAN 1.#QNAN 1.#QNAN 1.#QNAN 1.#QNAN 1.#QNAN 1.#QNAN 1.#QNAN 1.#QNAN 1.#QNAN 1.#QNAN 1.#QNAN 1.#QNAN 1.#QNAN 1.#QNAN 1.#QNAN 1.#QNAN 1.#QNAN 1.#QNAN 1.#QNAN 240 239 239 237 233 232 235 236 238 236 237 239 237 234 233 232 234 237 237 236 236 236 235 233 234 235 236 237 237 238 238 238 239 240 240 241 241 241 241 241 241 241 241 241 241 241 241 241 241 241 241 240 240
1.#QNAN 1.#QNAN 1.#QNAN 1.#QNAN 1.#QNAN 1.#QNAN 1.#QNAN 1.#QNAN 1.#QNAN 1.#QNAN 1.#QNAN 1.#QNAN 1.#QNAN 1.#QNAN 1.#QNAN 1.#QNAN 1.#QNAN 1.#QNAN 1.#QNAN 1.#QNAN 1.#QNAN 1.#QNAN 1.#QNAN 1.#QNAN 1.#QNAN 1.#QNAN 1.#QNAN 1.#QNAN 1.#QNAN 1.#QNAN 1.#QNAN 240 237 236 236 232 231 231 236 238 239 239 238 236 235 232 234 234 235 236 235 237 237 236 235 235 236 236 237 237 238 238 238 239 239 240 240 241 241 241 241 241 241 241 241 241 241 241 241 241 241 240 240 240
1.#QNAN 1.#QNAN 1.#QNAN 1.#QNAN 1.#QNAN 1.#QNAN 1.#QNAN 1.#QNAN 1.#QNAN 1.#QNAN 1.#QNAN 1.#QNAN 1.#QNAN 1.#QNAN 1.#QNAN 1.#QNAN 1.#QNAN 1.#QNAN 1.#QNAN 1.#QNAN 1.#QNAN 1.#QNAN 1.#QNAN 1.#QNAN 1.#QNAN 1.#QNAN 1.#QNAN 1.#QNAN 1.#QNAN 1.#QNAN 1.#QNAN 1.#QNAN 1.#QNAN 1.#QNAN 239 237 234 230 237 239 239 239 238 234 231 233 234 235 236 236 236 237 237 237 237 236 236 237 236 237 237 237 238 238 239 239 240 240 241 241 241 241 241 241 241 241 241 241 241 241 240 240 240 240
1.#QNAN 1.#QNAN 1.#QNAN 1.#QNAN 1.#QNAN 1.#QNAN 1.#QNAN 1.#QNAN 1.#QNAN 1.#QNAN 1.#QNAN 1.#QNAN 1.#QNAN 1.#QNAN 1.#QNAN 1.#QNAN 1.#QNAN 1.#QNAN 1.#QNAN 1.#QNAN 1.#QNAN 1.#QNAN 1.#QNAN 1.#QNAN 1.#QNAN 1.#QNAN 1.#QNAN 1.#QNAN 1.#QNAN 1.#QNAN 1.#QNAN 1.#QNAN 1.#QNAN 1.#QNAN 239 238 234 232 239 240 240 239 237 234 229 229 230 235 236 236 236 237 237 236 236 236 236 236 237 237 237 237 237 238 238 239 240 240 240 241 241 241 241 241 241 241 241 241 241 241 240 240 240 240
1.#QNAN 1.#QNAN 1.#QNAN 1.#QNAN 1.#QNAN 1.#QNAN 1.#QNAN 1.#QNAN 1.#QNAN 1.#QNAN 1.#QNAN 1.#QNAN 1.#QNAN 1.#QNAN 1.#QNAN 1.#QNAN 1.#QNAN 1.#QNAN 1.#QNAN 1.#QNAN 1.#QNAN 1.#QNAN 1.#QNAN 1.#QNAN 1.#QNAN 1.#QNAN 1.#QNAN 1.#QNAN 1.#QNAN 1.#QNAN 1.#QNAN 1.#QNAN 1.#QNAN 1.#QNAN 1.#QNAN 1.#QNAN 236 236 239 240 240 239 238 237 231 229 230 235 235 236 236 236 236 235 235 235 236 235 236 237 237 236 236 237 238 238 239 240 240 240 241 241 241 241 241 241 241 241 241 241 240 240 240 240
1.#QNAN 1.#QNAN 1.#QNAN 1.#QNAN 1.#QNAN 1.#QNAN 1.#QNAN 1.#QNAN 1.#QNAN 1.#QNAN 1.#QNAN 1.#QNAN 1.#QNAN 1.#QNAN 1.#QNAN 1.#QNAN 1.#QNAN 1.#QNAN 1.#QNAN 1.#QNAN 1.#QNAN 1.#QNAN 1.#QNAN 1.#QNAN 1.#QNAN 1.#QNAN 1.#QNAN 1.#QNAN 1.#QNAN 1.#QNAN 1.#QNAN 1.#QNAN 1.#QNAN 1.#QNAN 1.#QNAN 1.#QNAN 1.#QNAN 1.#QNAN 240 240 238 237 234 235 234 233 231 229 233 236 236 236 236 236 236 236 236 235 236 236 236 236 235 237 237 238 238 239 240 240 240 241 241 241 241 241 241 241 241 241 240 240 240 240
1.#QNAN 1.#QNAN 1.#QNAN 1.#QNAN 1.#QNAN 1.#QNAN 1.#QNAN 1.#QNAN 1.#QNAN 1.#QNAN 1.#QNAN 1.#QNAN 1.#QNAN 1.#QNAN 1.#QNAN 1.#QNAN 1.#QNAN 1.#QNAN 1.#QNAN 1.#QNAN 1.#QNAN 1.#QNAN 1.#QNAN 1.#QNAN 1.#QNAN 1.#QNAN 1.#QNAN 1.#QNAN 1.#QNAN 1.#QNAN 1.#QNAN 1.#QNAN 1.#QNAN 1.#QNAN 1.#QNAN 1.#QNAN 1.#QNAN 1.#QNAN 1.#QNAN 1.#QNAN 238 235 230 235 237 236 232 230 230 235 236 235 235 235 236 236 236 235 235 235 235 234 235 236 235 237 238 238 239 240 240 240 241 241 241 241 241 241 241 240 240 240 240 240
1.#QNAN 1.#QNAN 1.#QNAN 1.#QNAN 1.#QNAN 1.#QNAN 1.#QNAN 1.#QNAN 1.#QNAN 1.#QNAN 1.#QNAN 1.#QNAN 1.#QNAN 1.#QNAN 1.#QNAN 1.#QNAN 1.#QNAN 1.#QNAN 1.#QNAN 1.#QNAN 1.#QNAN 1.#QNAN 1.#QNAN 1.#QNAN 1.#QNAN 1.#QNAN 1.#QNAN 1.#QNAN 1.#QNAN 1.#QNAN 1.#QNAN 1.#QNAN 1.#QNAN 1.#QNAN 1.#QNAN 1.#QNAN 1.#QNAN 1.#QNAN 1.#QNAN 1.#QNAN 1.#QNAN 237 234 233 239 237 237 234 234 232 234 235 235 235 236 236 236 236 236 235 234 234 235 236 234 235 236 238 238 239 240 240 240 241 241 241 241 241 241 240 240 240 240 240
