08 Ecocrop/raster/current/tmin_11.asc
ncols        683
nrows        518
xllcorner    -87.691666666667
yllcorner    10.708333333333
cellsize     0.008333333333
NODATA_value  1.#QNAN
[rows 370 to 406 of 518, columns 252 to 335 of 683]
230 230 230 230 230 230 230 230 230 229 228 228 227 227 227 227 227 226 226 226 226 226 226 226 226 226 226 225 225 222 224 224 224 224 224 223 224 224 224 224 224 223 223 223 223 223 222 221 220 219 218 221 221 221 219 220 220 218 220 219 218 217 218 218 217 215 213 212 207 211 213 212 211 209 206 205 208 206 199 194 195 195 193 199
230 230 230 230 230 230 230 230 230 229 228 228 227 227 227 227 227 226 226 226 226 226 226 225 225 226 226 226 226 225 225 225 224 224 224 223 224 224 224 224 224 224 223 223 223 223 222 219 217 217 218 221 221 221 221 221 221 220 220 220 220 219 219 218 218 217 215 211 209 212 214 213 209 208 209 208 207 209 204 195 196 197 198 199
230 230 230 230 230 230 230 230 230 229 228 228 228 227 227 227 227 226 226 226 226 226 226 226 225 226 226 226 225 225 225 225 224 225 224 224 224 224 224 224 224 223 223 223 223 223 221 220 220 219 221 221 221 221 221 221 220 220 221 221 220 220 218 218 217 217 216 215 215 215 216 214 212 211 209 209 211 210 207 195 200 202 204 201
230 230 230 230 230 230 230 230 230 229 229 228 228 228 227 227 227 227 227 226 226 226 226 226 226 226 226 226 225 225 225 225 224 225 225 224 224 224 224 224 224 224 223 223 223 223 222 221 221 221 222 222 221 221 220 221 221 220 221 221 220 219 218 218 218 217 216 215 214 215 217 216 214 210 209 213 213 212 210 200 205 208 204 203
230 230 230 230 230 230 230 230 230 230 229 229 228 228 228 227 227 227 227 227 227 227 226 226 226 226 226 226 225 225 225 225 225 225 225 224 224 224 224 224 224 223 224 224 223 223 223 223 222 220 222 222 222 222 221 220 221 221 221 221 220 219 219 216 218 218 216 214 215 214 216 217 213 214 214 215 214 212 207 200 210 210 210 209
230 230 230 230 230 230 230 230 230 230 230 229 229 228 228 227 227 227 227 227 227 227 227 227 226 226 226 225 225 224 225 225 225 224 224 224 224 224 224 224 224 224 223 224 223 223 223 223 223 222 222 222 222 222 222 221 221 221 221 221 221 220 220 218 217 217 216 215 213 215 217 217 217 213 214 216 216 213 207 206 214 213 213 213
230 230 230 230 230 230 230 230 230 230 230 230 229 229 228 228 227 227 227 227 227 227 227 227 226 226 226 226 225 224 224 224 223 221 223 223 224 224 224 224 224 224 223 223 223 223 223 223 223 223 222 222 222 222 221 221 221 220 220 220 220 220 218 218 217 218 216 213 215 218 218 218 218 216 217 217 216 212 212 213 215 215 214 214
230 230 230 230 230 230 230 230 230 230 230 230 229 229 229 228 227 227 227 227 227 227 227 227 227 227 226 226 225 225 225 224 224 222 222 222 224 224 224 224 224 224 224 224 223 223 223 223 223 222 222 222 222 220 220 221 220 221 220 220 219 218 219 218 218 218 217 214 219 219 219 218 219 219 216 214 215 213 213 215 216 215 215 216
230 230 230 230 230 230 230 230 230 230 230 230 230 229 229 229 228 228 228 228 228 228 228 228 227 227 227 227 226 226 226 223 224 222 220 223 223 224 224 224 224 224 224 224 224 223 223 223 223 221 222 220 220 220 217 219 220 221 221 221 219 219 220 219 218 219 219 218 219 219 219 218 219 219 218 214 216 217 215 213 216 213 213 215
230 230 230 230 230 230 230 230 230 230 230 230 230 230 229 229 229 229 229 229 229 228 228 228 228 228 228 227 227 227 226 225 225 223 223 223 223 224 224 224 224 224 224 224 224 224 224 223 222 222 220 221 220 220 219 220 220 221 221 221 221 221 221 220 218 219 219 219 219 219 220 220 220 220 219 216 216 218 218 217 217 215 214 216
230 230 230 230 230 230 230 230 230 230 230 230 230 230 230 230 229 229 229 229 229 229 229 229 229 228 228 228 227 227 227 226 225 224 224 221 220 224 224 224 224 224 224 224 224 224 224 223 223 223 222 221 220 219 220 221 222 222 221 221 221 221 220 219 219 220 219 218 218 216 217 220 219 220 219 219 215 219 218 218 218 217 217 217
230 230 230 230 230 230 230 230 230 230 230 230 230 230 230 230 229 229 229 229 229 229 229 229 229 229 229 228 228 227 227 227 226 225 225 224 222 224 224 224 224 224 224 224 223 223 224 224 223 223 221 221 220 221 218 221 222 222 222 220 217 219 217 214 217 220 220 215 217 218 218 220 220 220 220 220 219 219 219 215 217 218 218 218
230 230 230 230 230 230 230 230 230 230 230 230 230 230 230 230 229 229 229 229 229 229 229 229 229 229 229 228 228 228 227 227 226 226 225 225 224 224 224 224 224 224 224 224 223 222 224 224 223 223 222 220 220 221 219 221 223 222 222 221 218 214 212 214 216 219 221 220 220 220 219 220 220 220 220 220 220 219 219 218 218 218 218 218
231 231 231 230 230 230 230 230 230 230 230 230 230 230 230 230 230 229 229 229 229 229 229 229 229 229 228 228 228 228 228 227 227 226 226 224 224 225 225 225 225 224 223 224 223 223 224 224 223 223 222 220 221 221 222 222 223 223 222 221 218 216 217 219 220 220 221 221 221 220 220 220 220 220 221 220 220 219 220 219 219 219 219 219
231 231 231 230 230 230 230 230 230 230 230 230 230 230 230 230 230 229 229 229 229 229 229 229 229 229 229 228 228 228 228 228 227 227 227 226 225 225 225 225 225 225 222 223 224 224 224 224 224 222 221 222 221 222 222 223 223 223 222 222 220 215 216 218 217 221 220 221 221 221 220 220 221 221 221 220 219 219 220 220 219 219 219 219
231 231 231 230 230 230 230 230 230 230 230 230 230 230 230 230 230 230 229 229 229 229 229 229 229 229 229 228 228 228 228 228 228 227 227 227 226 225 226 226 226 226 224 222 225 225 225 224 224 222 222 223 221 222 222 223 223 223 223 222 221 214 213 221 221 221 220 221 221 221 221 220 221 221 221 220 219 220 220 220 220 220 220 219
231 231 231 230 230 230 230 230 230 230 230 230 230 230 230 230 230 230 230 229 229 229 229 229 229 229 229 228 228 228 228 228 228 228 228 228 228 227 227 227 226 226 226 224 225 225 225 225 223 223 223 223 222 222 222 223 223 223 223 222 221 214 215 221 222 222 222 222 222 221 221 221 221 221 221 221 220 221 220 220 220 219 219 220
231 231 231 230 230 230 230 230 230 230 230 230 230 230 230 230 230 230 230 229 229 229 229 229 229 229 229 229 228 228 228 228 228 228 228 228 228 227 227 227 227 227 226 226 226 225 225 225 224 223 223 223 223 223 223 223 223 223 223 223 222 218 219 222 222 222 222 222 221 221 221 221 221 221 221 221 221 221 221 220 220 220 219 220
231 231 231 230 230 230 230 230 230 230 230 230 230 230 230 230 230 230 230 230 229 229 229 229 229 229 229 229 228 228 228 228 228 228 228 228 227 227 227 227 227 227 227 227 226 225 225 225 224 222 224 223 223 223 223 223 223 223 223 223 223 220 219 222 222 222 222 222 221 221 221 221 221 221 221 221 221 221 220 220 221 220 218 217
231 231 231 230 230 230 230 230 230 230 230 230 230 230 230 230 230 230 230 230 229 229 229 229 229 229 229 229 228 228 228 228 228 228 228 228 228 227 227 227 227 227 227 227 226 226 226 225 224 223 223 223 223 224 223 223 223 223 223 223 223 223 222 222 223 222 222 222 222 222 222 222 221 221 222 221 221 221 221 221 220 220 219 218
231 231 231 231 230 230 230 230 230 230 230 230 230 230 230 230 230 230 230 230 229 229 229 229 229 229 229 229 228 228 228 228 228 228 228 228 228 227 227 227 227 227 227 227 227 227 226 226 224 223 222 221 223 223 224 223 224 224 223 223 223 223 223 223 223 221 220 219 221 222 222 222 222 222 222 222 222 221 221 221 220 220 219 217
231 231 231 231 230 230 230 230 230 230 230 230 230 230 230 230 230 230 230 230 229 229 229 229 229 229 229 229 228 228 228 228 228 228 228 228 228 228 227 227 227 227 227 227 227 227 227 226 225 224 223 224 223 223 224 224 224 224 223 223 223 223 223 223 223 221 222 218 218 221 222 222 222 222 222 222 222 222 221 220 220 220 218 216
231 231 231 231 230 230 230 230 230 230 230 230 230 230 230 230 230 230 230 230 229 229 229 229 229 229 229 229 228 228 228 228 228 228 228 228 228 228 227 227 227 227 227 227 227 227 227 227 226 225 225 225 224 224 224 224 224 224 223 224 224 223 223 223 223 223 222 219 217 222 222 222 222 222 222 222 221 222 221 220 219 219 217 215
231 231 231 231 231 230 230 230 230 230 230 230 230 230 230 230 230 230 230 230 229 229 229 229 229 229 229 229 229 228 228 228 228 228 228 228 228 228 228 227 227 227 227 227 227 227 227 227 227 226 225 225 225 224 224 224 224 224 224 224 224 223 223 223 223 223 223 222 222 222 219 222 222 222 222 222 222 222 221 219 217 216 217 213
231 231 231 231 231 230 230 230 230 230 230 230 230 230 230 230 230 230 230 230 229 229 229 229 229 229 229 229 229 228 228 228 228 228 228 228 228 228 228 227 227 227 227 227 227 227 227 227 227 227 226 226 225 225 224 224 224 224 224 224 224 223 223 223 223 223 223 223 223 223 221 222 223 222 222 222 222 222 222 222 220 219 218 215
231 231 231 231 231 230 230 230 230 230 230 230 230 230 230 230 230 230 230 230 229 229 229 229 229 229 229 229 229 228 228 228 228 228 228 228 228 228 228 228 227 227 227 227 227 227 227 227 227 227 227 226 226 225 225 225 224 224 224 224 224 224 224 223 223 223 223 223 223 223 223 223 223 223 222 222 222 222 222 222 220 220 221 219
231 231 231 231 231 230 230 230 230 230 230 230 230 230 230 230 230 230 230 230 230 229 229 229 229 229 229 229 229 228 228 228 228 228 228 228 228 228 228 228 227 227 227 227 227 227 227 227 227 227 227 226 226 225 225 225 223 223 224 224 224 224 224 224 223 223 223 223 223 223 223 223 223 223 223 223 223 222 222 222 221 221 221 220
231 231 231 231 231 231 230 230 230 230 230 230 230 230 230 230 230 230 230 230 230 229 229 229 229 229 229 229 229 228 228 228 228 228 228 228 228 228 228 228 227 227 227 227 227 227 227 227 227 227 227 227 227 226 226 225 223 224 224 224 224 224 224 223 223 223 223 223 223 223 223 223 223 223 223 223 223 222 222 222 222 221 221 220
231 231 231 231 231 231 230 230 230 230 230 230 230 230 230 230 230 230 230 230 230 229 229 229 229 229 229 229 229 229 228 228 228 228 228 228 228 228 228 228 228 227 227 227 227 227 227 227 227 227 227 227 227 226 226 226 224 224 224 224 224 224 223 223 223 223 223 223 223 223 223 223 223 223 223 223 223 223 222 222 221 220 217 219
231 231 231 231 231 231 230 230 230 230 230 230 230 230 230 230 230 230 230 230 230 229 229 229 229 229 229 229 229 229 228 228 228 228 228 228 228 228 228 228 228 228 227 227 227 227 227 227 227 227 227 227 227 226 226 226 226 225 224 225 224 224 224 223 223 223 223 222 223 223 223 223 223 223 223 223 222 222 222 221 220 216 211 216
231 231 231 231 231 231 231 230 230 230 230 230 230 230 230 230 230 230 230 230 230 229 229 229 229 229 229 229 229 229 229 228 228 228 228 228 228 228 228 228 228 228 227 227 227 227 227 227 227 227 227 227 227 227 227 227 226 225 224 225 225 224 224 224 223 223 223 222 222 223 223 223 223 223 223 222 221 222 222 222 221 217 213 217
231 231 231 231 231 231 231 231 230 230 230 230 230 230 230 230 230 230 230 230 230 229 229 229 229 229 229 229 229 229 229 228 228 228 228 228 228 228 228 228 228 228 228 227 227 227 227 227 227 227 227 227 227 227 227 227 227 226 225 225 225 224 224 224 224 223 223 222 222 223 223 223 223 223 223 222 222 222 222 222 221 220 219 219
231 231 231 231 231 231 231 231 230 230 230 230 230 230 230 230 230 230 230 230 230 229 229 229 229 229 229 229 229 229 229 229 228 228 228 228 228 228 228 228 228 228 228 228 227 227 227 227 227 227 227 227 227 227 227 227 227 227 226 225 225 224 224 224 223 222 223 223 223 222 222 222 223 223 223 223 222 223 222 222 221 219 220 217
231 231 231 231 231 231 231 231 231 230 230 230 230 230 230 230 230 230 230 230 230 229 229 229 229 229 229 229 229 229 229 229 228 228 228 228 228 228 228 228 228 228 228 228 228 227 227 227 227 227 227 227 227 227 227 227 227 227 226 226 225 223 222 223 223 222 220 222 222 221 220 220 223 223 223 223 223 223 222 222 222 220 220 219
231 231 231 231 231 231 231 231 231 230 230 230 230 230 230 230 230 230 230 230 230 229 229 229 229 229 229 229 229 229 229 229 229 228 228 228 228 228 228 228 228 228 228 228 228 228 227 227 227 227 227 227 227 227 227 227 227 227 227 226 225 224 222 220 221 221 220 221 223 221 219 221 222 223 223 223 223 223 222 222 222 221 221 221
231 231 231 231 231 231 231 231 231 230 230 230 230 230 230 230 230 230 230 230 230 229 229 229 229 229 229 229 229 229 229 229 229 229 228 228 228 228 228 228 228 228 228 228 228 228 228 227 227 227 227 227 227 227 227 227 227 227 227 227 225 223 223 223 222 220 219 220 222 222 221 221 222 223 223 223 223 223 222 222 222 222 222 221
231 231 231 231 231 231 231 231 231 230 230 230 230 230 230 230 230 230 230 230 230 229 229 229 229 229 229 229 229 229 229 229 229 229 228 228 228 228 228 228 228 228 228 228 228 228 228 228 227 227 227 227 227 227 227 227 227 227 227 227 226 224 224 223 221 221 219 218 218 219 221 220 221 223 223 223 223 223 222 222 222 221 221 221
