08 Ecocrop/raster/current/tmin_5.asc
ncols        683
nrows        518
xllcorner    -87.691666666667
yllcorner    10.708333333333
cellsize     0.008333333333
NODATA_value  1.#QNAN
[rows 148 to 184 of 518, columns 252 to 335 of 683]
181 178 172 171 175 180 187 191 199 204 208 208 208 209 213 211 215 217 218 219 219 217 216 219 213 212 215 214 210 212 208 211 212 213 211 209 206 203 202 202 208 211 212 209 206 204 200 200 196 192 191 195 202 206 211 211 211 211 214 215 216 213 211 205 196 177 191 200 201 206 212 216 222 223 223 219 221 225 227 227 227 227 228 229
168 172 180 176 176 182 185 187 196 204 208 209 209 213 213 211 216 217 218 218 219 219 219 219 216 216 215 214 211 210 205 210 211 212 212 209 207 204 202 204 207 209 211 208 207 205 201 197 188 197 194 201 203 208 211 212 213 214 213 212 210 210 210 198 188 175 179 186 194 195 200 206 214 221 222 223 224 226 227 228 228 228 228 229
167 173 183 184 179 180 181 182 189 201 209 209 212 214 213 217 216 217 218 217 218 219 219 219 217 217 216 216 214 212 208 209 212 212 212 210 210 206 205 206 206 208 209 208 205 204 201 195 192 192 203 202 206 210 210 210 212 212 211 209 202 204 206 201 187 165 157 171 180 179 186 199 209 218 222 224 226 227 226 226 228 229 228 229
171 174 186 190 182 179 181 183 191 199 210 211 213 210 211 216 216 217 217 218 219 218 219 219 218 217 217 216 215 215 210 209 210 213 212 212 210 208 208 208 207 207 207 208 206 203 198 201 197 194 203 208 205 208 210 211 211 209 207 204 199 197 197 197 189 175 170 174 181 186 191 198 207 212 218 225 225 226 226 227 227 229 228 229
180 175 179 190 187 188 185 188 193 203 210 211 214 206 211 214 216 217 218 218 219 219 219 219 218 218 217 216 215 214 212 210 212 212 211 210 208 210 210 209 208 206 205 205 204 201 200 203 205 197 197 208 208 209 210 212 210 207 203 199 191 185 178 179 186 186 182 182 176 176 179 187 195 205 214 222 225 226 227 227 228 228 229 230
180 179 179 186 195 191 186 192 200 202 208 212 214 205 209 215 216 217 218 219 219 219 218 218 218 217 217 216 214 215 214 213 212 210 210 211 211 209 209 210 208 207 205 200 199 204 207 203 207 205 201 204 211 207 212 212 209 205 200 193 184 174 163 167 174 184 191 192 188 178 176 176 185 202 212 217 224 226 227 227 228 229 229 230
184 183 182 184 194 198 192 187 198 202 208 212 212 206 208 214 215 217 218 218 219 218 218 218 218 217 217 216 214 214 214 210 212 209 209 209 210 210 207 208 209 207 204 199 198 204 205 209 211 210 210 205 212 214 214 211 207 203 195 185 172 164 153 157 169 176 188 196 195 188 187 181 186 197 207 214 221 226 227 228 228 229 229 229
190 186 185 187 193 201 193 190 195 199 208 212 206 203 211 216 217 217 218 219 218 218 217 217 217 217 216 216 214 213 212 210 211 210 209 207 205 204 205 208 209 208 204 200 199 204 208 209 213 208 209 213 212 215 213 209 203 199 190 181 175 168 160 162 169 178 186 196 202 198 195 187 189 196 205 212 220 225 227 227 228 228 229 229
190 184 183 183 190 202 196 193 193 201 210 210 203 207 212 215 217 217 218 218 217 217 217 217 216 216 215 215 211 213 211 210 211 210 209 205 198 199 207 211 208 203 204 197 193 197 204 207 212 214 212 214 215 216 213 206 200 193 185 174 165 160 161 166 170 178 188 197 203 204 198 190 195 199 203 212 222 226 228 228 228 228 229 229
194 189 184 183 192 197 202 196 193 202 207 210 206 209 212 216 217 213 218 219 217 216 216 215 211 206 205 209 211 211 211 209 210 209 206 200 194 198 205 211 205 202 199 197 192 197 200 207 209 210 215 215 216 215 210 203 199 194 184 169 159 156 158 161 164 170 183 195 203 207 200 200 199 206 213 217 222 226 227 227 228 228 229 229
193 194 189 190 197 199 201 195 194 197 207 208 208 210 212 215 217 217 218 218 216 216 215 213 206 196 199 205 210 209 210 209 207 203 200 197 197 202 209 209 207 200 194 194 201 198 198 210 213 214 214 217 217 215 211 203 198 194 187 179 170 167 163 168 176 179 187 199 205 206 202 207 210 208 209 215 223 225 228 228 228 229 229 229
186 193 191 191 199 203 203 200 198 198 208 209 208 210 212 216 217 217 216 218 215 215 213 214 208 200 198 204 209 208 209 210 203 202 202 201 204 208 211 208 210 205 196 197 199 207 204 210 214 215 216 217 217 215 212 203 197 192 182 173 172 174 175 176 177 187 194 203 208 205 205 209 211 215 218 218 225 227 228 228 228 229 229 230
179 186 192 191 192 202 206 203 201 206 211 212 211 210 216 216 217 217 218 217 214 211 212 212 208 203 201 203 207 204 207 212 206 203 210 208 210 212 212 214 211 206 201 204 195 207 210 211 212 216 217 218 216 212 213 204 198 192 179 169 166 173 178 183 186 187 194 204 211 209 208 209 208 216 221 224 226 225 226 228 228 229 229 229
181 180 193 200 194 204 209 200 205 210 212 213 209 211 215 216 217 217 216 212 213 211 202 203 206 202 203 206 205 205 209 213 211 209 211 210 214 214 215 214 211 202 199 209 202 206 211 213 212 217 218 218 216 213 210 205 197 190 181 175 169 166 169 177 191 197 202 208 209 209 205 204 207 215 221 223 225 224 225 228 228 228 229 229
183 182 189 201 204 208 207 200 207 211 213 213 208 212 215 217 217 216 212 210 211 208 195 194 197 198 205 209 205 208 213 214 215 213 214 214 215 216 215 213 205 198 199 207 212 213 212 215 214 217 218 217 215 212 211 208 199 193 182 175 169 170 177 180 187 197 208 212 209 214 205 200 207 214 220 224 224 225 223 227 228 228 229 229
186 186 189 198 206 211 208 201 210 212 210 213 214 216 216 217 216 215 214 211 211 206 193 189 193 200 204 209 210 212 214 214 215 215 216 216 217 216 212 212 208 199 193 197 207 213 214 215 217 218 218 214 214 213 212 206 198 197 191 184 179 177 182 191 194 202 209 214 216 217 211 210 215 220 223 225 225 226 225 227 228 228 228 229
191 192 195 199 197 206 212 206 207 212 208 211 214 215 213 217 216 215 213 209 207 197 189 183 191 201 203 208 212 214 215 215 216 217 217 217 218 217 212 207 209 205 202 202 212 212 213 215 217 218 217 215 211 212 213 207 196 199 200 196 192 193 194 197 204 208 210 210 215 219 218 218 217 220 223 224 224 227 226 227 228 228 228 229
193 198 202 204 199 207 210 212 210 211 211 212 216 215 213 216 216 212 209 211 197 190 190 191 191 200 207 208 210 213 214 216 217 217 217 218 217 215 214 214 215 213 211 210 210 214 214 216 218 217 215 216 213 215 211 205 199 198 202 204 205 206 208 210 210 212 213 211 216 221 219 219 220 223 225 224 223 225 227 227 227 228 228 229
198 201 204 205 196 200 207 210 213 213 214 215 214 211 211 215 216 215 214 210 200 196 191 197 196 197 205 207 210 213 214 216 217 217 218 218 216 213 210 215 216 215 215 209 207 208 210 217 219 216 214 217 214 216 214 208 200 197 197 203 210 214 214 215 216 217 215 218 220 218 218 221 224 225 225 225 223 223 225 228 228 228 228 229
201 199 202 204 203 209 211 208 209 206 211 216 213 211 213 215 216 216 216 213 208 200 198 199 203 201 200 206 206 208 213 216 217 218 218 218 214 208 208 212 217 217 214 210 202 203 212 218 219 217 217 215 215 214 209 206 205 205 203 202 210 214 217 216 218 218 216 217 220 220 222 224 225 225 223 225 225 225 227 227 228 228 228 229
201 204 204 207 207 203 207 210 208 205 213 216 215 215 214 214 214 214 214 215 214 207 205 208 206 199 196 201 197 202 213 217 218 218 218 218 216 216 217 217 217 215 214 213 204 208 215 219 220 218 218 213 210 207 209 201 207 211 209 209 214 216 217 218 219 217 217 218 221 222 224 225 225 224 224 226 226 226 227 227 228 228 228 228
204 203 207 206 200 197 203 210 209 210 214 215 215 214 212 212 210 211 211 214 214 213 211 211 206 205 199 202 197 203 213 217 218 218 218 219 217 218 219 218 216 211 213 213 210 213 216 219 220 219 218 216 207 200 199 198 203 210 213 214 216 215 214 214 218 216 220 221 222 223 224 225 225 226 225 224 223 225 227 226 228 228 228 226
205 203 203 198 201 203 205 207 210 213 215 213 213 211 208 212 209 210 213 214 210 214 213 211 207 208 204 205 207 210 215 218 218 218 219 218 220 219 219 217 213 213 214 211 212 216 217 220 220 219 217 215 212 207 202 198 197 205 210 212 214 212 207 213 218 221 221 220 219 222 225 225 226 226 225 223 225 226 225 227 228 228 228 228
192 194 197 199 201 203 206 210 213 212 215 212 211 208 205 208 207 208 210 212 212 214 206 210 207 210 210 212 215 215 216 213 216 219 219 219 220 219 217 215 209 213 212 203 208 214 219 220 220 218 218 213 209 207 207 204 205 208 210 212 209 208 205 214 217 219 221 221 217 220 224 225 226 226 226 226 226 227 227 228 228 228 229 227
190 192 195 198 201 206 209 211 212 215 215 214 212 208 206 203 205 207 210 215 213 212 203 209 212 209 211 213 214 211 209 199 209 217 219 220 220 217 214 214 210 215 208 198 205 212 219 221 219 217 218 218 214 210 212 212 209 209 207 205 198 200 205 215 213 213 217 221 220 220 222 226 226 226 227 227 227 228 228 228 228 229 229 226
189 193 195 196 196 200 208 213 214 215 213 213 211 205 202 204 209 209 207 214 212 212 209 213 215 213 212 213 214 206 198 199 212 216 219 220 220 220 217 217 216 216 208 201 208 215 220 220 215 215 217 215 210 215 211 209 211 211 208 199 190 195 207 215 211 213 217 221 223 222 223 225 225 226 226 227 227 227 228 228 228 229 229 228
181 186 187 186 190 197 204 210 215 214 211 211 209 209 201 206 210 212 213 210 205 209 208 211 215 216 215 214 208 204 204 208 212 217 219 219 220 220 220 219 218 216 210 209 214 219 221 218 210 212 215 215 208 205 205 199 200 200 204 207 199 199 201 211 204 211 215 222 224 225 224 224 225 226 226 227 227 228 227 228 228 228 229 229
183 183 183 188 192 198 204 211 214 212 209 209 210 206 200 204 211 212 213 206 199 202 202 208 207 211 216 211 203 210 214 214 216 219 219 219 219 219 220 220 218 215 213 215 219 221 219 213 205 210 214 210 206 198 196 192 190 194 199 204 211 210 208 204 198 212 217 223 224 225 226 226 226 226 226 226 227 227 228 228 229 229 228 228
186 185 186 190 196 200 208 213 213 209 202 203 205 205 197 201 212 214 211 205 199 201 200 201 206 211 216 215 207 206 214 217 218 217 216 218 218 216 217 218 220 218 218 219 221 218 211 205 208 212 201 196 191 193 187 184 191 199 203 202 207 213 216 210 204 208 216 221 222 225 225 225 225 226 227 227 227 227 227 228 228 229 228 229
186 187 187 192 197 207 213 210 211 211 209 208 204 203 202 206 211 212 209 208 201 196 196 206 206 210 212 217 217 211 215 217 217 209 207 215 212 206 210 214 218 221 220 221 221 216 205 205 203 199 194 185 179 185 184 179 185 195 202 209 209 213 215 217 217 215 217 220 223 224 223 223 225 225 226 227 227 227 227 228 228 228 229 229
189 190 190 194 198 211 213 206 210 208 210 209 205 206 208 209 209 212 212 210 205 201 205 207 213 214 216 217 218 219 218 218 216 209 202 208 210 203 204 212 216 220 221 221 216 211 212 207 198 196 190 180 177 179 178 177 185 196 203 207 207 208 212 214 212 219 221 221 223 222 220 222 225 225 225 225 226 227 227 227 228 229 229 229
193 192 196 196 203 214 210 206 207 205 202 205 200 208 207 202 208 210 209 207 204 198 200 204 211 215 215 216 218 219 219 215 210 209 210 208 209 207 207 214 216 221 221 220 210 213 216 204 197 192 184 181 180 183 184 187 190 196 200 200 203 206 209 214 210 216 221 222 222 220 220 223 224 225 226 226 224 227 228 228 228 229 229 229
195 196 200 201 211 211 209 209 205 197 197 201 204 207 204 202 206 208 207 205 201 197 201 204 210 214 215 217 218 219 219 217 216 217 214 214 211 208 213 214 219 221 221 220 217 216 212 203 200 193 187 186 189 191 193 198 200 200 203 202 203 206 210 216 217 219 222 223 224 223 222 223 223 225 226 227 227 227 228 228 229 227 228 229
199 200 204 209 211 204 204 206 200 198 192 198 201 200 201 203 198 206 200 206 198 199 203 208 213 214 216 218 218 219 219 220 220 219 217 218 210 211 217 217 219 222 220 220 218 210 205 208 202 190 184 191 198 196 191 196 206 210 205 206 210 210 210 214 221 222 223 224 224 224 224 222 222 224 226 227 226 226 226 227 228 226 227 229
202 203 209 210 211 206 205 203 197 196 193 187 196 194 195 198 197 201 193 202 199 203 206 210 209 214 216 217 218 219 219 220 220 220 219 216 207 214 220 220 221 221 221 220 216 209 200 200 198 191 185 192 203 203 200 195 202 211 212 207 210 217 214 215 219 223 224 224 225 225 225 224 222 222 225 226 226 224 225 225 226 226 227 229
204 204 208 209 204 209 207 204 202 199 191 185 187 190 188 191 191 191 187 196 200 202 203 201 204 212 216 217 218 218 219 219 219 220 220 220 214 213 220 221 222 222 222 220 216 210 206 209 204 200 194 197 203 209 206 198 200 205 213 212 213 216 220 219 222 223 224 224 225 225 225 225 224 223 226 226 221 217 221 226 227 226 227 229
205 208 208 201 199 207 206 204 203 199 191 187 189 195 190 186 184 184 188 191 191 191 192 184 190 203 214 218 218 219 219 219 219 220 217 220 220 219 222 222 222 222 222 221 216 211 212 210 200 193 189 199 206 211 206 204 204 207 213 215 217 219 220 222 223 224 224 225 225 225 226 225 225 226 226 222 219 219 225 226 227 227 227 229
