08 Ecocrop/raster/current/tmin_10.asc
ncols        683
nrows        518
xllcorner    -87.691666666667
yllcorner    10.708333333333
cellsize     0.008333333333
NODATA_value  1.#QNAN
[rows 296 to 332 of 518, columns 168 to 251 of 683]
217 217 217 216 216 217 218 215 217 217 218 216 217 217 218 217 215 213 210 208 209 207 204 202 202 201 202 202 203 202 202 202 200 197 195 195 195 197 200 201 191 182 186 192 198 199 201 203 204 204 204 204 205 205 202 203 203 202 202 205 206 205 201 193 197 204 197 180 176 182 184 181 180 182 184 185 189 198 200 201 201 202 203 205
217 217 216 216 215 216 219 218 218 218 219 216 217 218 219 217 213 206 204 210 210 207 204 202 203 201 202 201 204 204 202 202 200 198 194 197 198 199 203 198 190 186 187 194 199 197 199 201 203 201 202 203 204 205 205 202 203 202 203 206 208 207 202 202 206 204 190 176 178 192 195 191 184 184 184 186 189 194 199 202 203 204 205 206
218 218 217 218 218 218 219 219 219 219 220 219 219 219 219 217 210 205 203 210 212 207 204 203 203 202 203 201 204 204 203 202 201 196 195 196 198 203 203 196 189 185 185 192 195 194 193 197 201 199 197 198 202 204 205 204 202 202 204 207 209 208 200 207 206 198 184 179 191 196 197 195 183 185 186 188 184 191 198 201 202 204 205 206
221 218 218 219 219 219 219 220 219 220 220 220 220 220 219 217 214 210 208 210 213 209 206 206 204 205 207 204 205 205 203 201 200 198 201 202 201 205 199 192 188 185 185 187 195 196 196 197 200 197 192 196 200 202 205 204 203 206 206 209 210 210 204 210 206 199 188 185 195 198 198 197 186 191 188 196 195 195 197 200 201 202 204 206
222 218 217 218 218 220 220 220 219 220 221 219 221 220 220 219 217 214 212 212 214 209 208 207 209 209 210 205 206 207 204 199 199 199 201 206 206 205 198 192 188 186 185 189 195 197 197 194 196 195 194 199 201 203 203 201 205 209 206 207 210 212 209 211 208 203 190 193 200 195 198 199 192 194 192 197 201 199 201 200 198 200 200 206
221 220 219 220 220 219 220 220 221 221 221 219 219 221 220 220 220 217 215 215 216 212 211 212 212 212 212 208 208 209 208 206 203 201 198 205 208 206 204 199 195 191 188 194 196 198 196 194 196 193 192 198 199 196 197 202 209 211 210 208 209 211 212 212 207 197 197 201 203 197 187 186 197 202 194 199 202 202 201 202 201 201 203 207
223 223 222 221 222 222 220 220 221 221 221 221 218 221 221 221 221 220 219 218 217 215 212 214 211 212 214 211 208 213 212 211 209 204 200 202 207 207 205 201 198 196 193 198 200 203 200 200 199 196 191 199 201 197 198 202 209 212 211 212 210 205 209 213 210 202 203 207 204 196 187 184 189 201 199 199 203 202 201 203 204 205 206 207
224 224 224 223 223 222 222 221 221 221 222 222 222 222 221 221 220 220 219 217 218 215 215 216 215 215 215 211 214 216 215 215 212 208 205 203 208 209 205 202 200 198 195 201 203 205 205 205 203 198 195 199 204 202 203 207 208 210 213 213 210 204 208 214 209 206 208 209 207 203 196 192 193 202 205 204 206 206 206 206 206 207 207 207
225 224 224 224 224 223 223 222 220 220 221 222 222 222 222 221 221 221 218 215 214 215 218 217 216 217 215 214 218 218 218 215 213 209 205 202 205 211 209 205 204 200 198 204 208 210 210 208 207 204 203 204 207 208 206 210 209 208 213 214 211 209 211 213 213 210 211 212 208 205 203 197 199 204 206 208 206 207 206 207 207 207 207 206
225 225 224 224 224 224 223 223 223 221 219 221 222 223 221 221 221 221 220 218 214 213 217 221 217 218 217 217 217 218 219 217 214 208 203 205 209 211 208 204 206 201 201 208 208 211 211 210 208 207 207 206 210 213 211 214 211 205 206 211 214 211 212 214 215 213 214 213 208 209 201 198 201 204 207 208 206 207 207 203 205 205 206 202
225 225 225 224 224 224 224 224 223 222 220 221 223 223 220 221 221 221 221 219 214 212 216 221 220 221 218 215 212 217 220 218 215 207 203 202 205 211 211 210 207 200 202 209 212 214 213 212 211 211 210 210 213 215 214 213 207 203 205 210 215 213 213 215 216 213 215 213 213 211 209 207 204 204 207 209 208 207 202 202 203 201 206 205
226 225 225 225 224 224 224 223 223 223 223 223 223 223 222 222 221 222 221 221 217 217 216 219 223 222 219 213 214 218 220 217 213 210 208 204 202 208 213 212 209 202 199 210 214 214 215 214 214 215 214 213 217 216 216 211 210 208 206 212 215 216 215 215 217 216 216 214 214 213 211 209 206 207 210 208 204 202 201 203 204 201 206 204
226 226 225 225 225 224 224 224 224 224 224 223 223 223 223 223 222 222 222 222 220 222 221 219 223 223 221 217 217 218 221 220 218 216 214 209 203 206 211 214 209 204 202 209 215 215 215 215 216 216 216 214 217 216 213 212 215 213 210 211 216 218 218 218 218 217 217 216 213 214 212 211 211 210 209 206 205 201 200 199 203 201 205 202
226 226 226 225 225 225 224 224 224 224 224 223 223 223 223 223 223 222 223 223 222 223 224 222 223 222 223 222 221 221 220 219 216 214 215 210 205 206 213 214 209 206 207 211 214 216 216 214 213 215 216 216 217 218 216 215 215 213 212 212 217 219 219 219 218 218 217 216 217 216 215 215 213 211 209 205 204 202 202 203 201 202 205 203
226 226 226 225 225 225 225 224 224 224 223 223 223 223 223 223 223 223 223 223 223 223 223 224 224 223 223 223 223 222 221 217 211 208 210 208 205 206 212 214 215 211 211 211 215 216 217 216 213 215 217 218 219 220 218 218 219 217 217 216 219 219 219 218 219 219 218 216 215 215 214 212 213 211 209 201 201 203 203 201 200 204 204 203
227 226 226 226 225 225 225 224 224 224 224 224 224 224 223 223 223 223 223 224 224 223 224 224 224 223 223 223 223 223 221 219 214 206 204 205 206 209 209 207 214 215 213 210 214 217 217 214 211 211 214 218 219 220 220 220 220 219 219 220 220 220 220 219 219 218 218 217 215 213 214 210 211 211 206 201 198 202 202 197 200 203 203 203
227 227 226 226 226 225 225 224 224 224 224 224 224 224 224 223 223 223 223 224 224 224 225 225 225 224 223 223 223 223 222 219 213 207 209 205 207 206 205 204 210 215 218 213 213 218 213 209 208 207 210 215 220 221 221 221 221 221 220 220 220 220 219 219 219 219 217 217 214 210 209 211 207 205 203 198 198 202 202 196 200 199 196 197
227 227 227 226 226 226 225 225 225 224 224 224 224 224 223 223 223 223 223 224 224 225 225 225 225 225 224 223 224 223 223 221 215 207 210 214 213 209 208 210 212 210 214 219 216 218 213 209 213 213 214 217 220 221 221 219 220 221 221 221 220 220 219 219 219 218 218 217 215 212 208 206 208 204 196 198 201 200 200 196 199 200 196 190
227 227 227 227 227 226 226 225 225 225 224 224 224 223 223 223 223 223 224 224 225 225 225 225 225 225 224 223 224 224 223 222 220 211 209 212 214 215 209 212 216 212 209 217 218 219 216 211 215 217 216 221 222 221 219 217 216 219 219 220 220 220 220 219 218 218 217 217 215 210 207 206 199 198 194 198 199 203 206 205 205 205 204 201
227 227 227 227 227 227 226 226 226 225 225 224 224 223 223 223 224 224 224 224 225 225 225 225 225 225 224 224 224 224 224 223 222 219 212 213 215 218 216 214 217 216 211 214 219 221 216 212 217 222 222 222 221 220 217 211 211 215 217 219 220 219 219 215 214 217 216 216 216 214 212 209 201 204 196 197 198 204 206 210 210 206 203 199
228 228 227 227 227 227 227 226 226 226 225 225 224 224 224 223 223 224 225 225 225 225 225 225 225 225 225 225 224 224 224 224 223 220 219 218 219 220 220 217 220 216 213 217 221 221 214 214 220 223 221 220 218 217 213 207 206 210 210 216 219 217 216 214 212 212 215 215 214 215 214 209 205 210 205 205 200 206 210 211 208 204 202 201
228 228 228 228 228 227 227 227 227 226 226 225 225 224 223 223 223 224 225 225 225 225 225 225 225 225 225 224 225 225 224 224 224 222 221 220 217 217 218 222 220 214 214 221 223 222 217 218 223 223 219 215 216 210 206 205 204 204 209 216 218 218 217 215 209 209 214 211 213 213 213 210 207 210 211 209 205 203 207 211 207 200 195 193
228 228 228 228 228 228 228 227 227 227 226 225 225 224 223 223 223 224 225 225 226 226 225 225 225 225 225 225 225 225 224 224 223 222 220 217 216 218 218 220 222 217 220 222 224 224 222 222 224 223 217 211 211 210 206 206 204 205 214 217 214 216 213 209 205 206 210 211 209 210 210 210 207 213 212 209 206 204 209 212 210 204 199 191
228 228 228 228 228 228 228 228 227 227 226 226 225 224 224 223 223 225 225 226 226 226 226 226 225 225 225 225 225 225 225 224 220 218 216 215 215 216 220 221 223 222 221 224 224 224 224 224 223 222 219 217 212 207 206 208 208 207 212 215 211 215 212 204 201 203 204 204 204 202 205 205 211 213 214 213 211 210 210 211 212 206 199 196
228 228 228 228 228 228 228 228 228 227 226 226 225 225 224 224 224 225 226 227 227 226 226 226 226 225 225 225 225 225 225 224 223 221 217 211 212 216 219 222 223 224 225 224 222 223 221 220 223 222 221 217 211 211 212 213 213 208 212 211 208 209 207 203 199 199 198 198 199 198 199 202 205 206 213 213 213 212 214 216 214 207 201 204
228 228 228 228 228 228 228 228 228 228 227 226 225 225 224 224 225 226 227 227 227 227 226 226 226 225 225 225 225 225 225 224 224 223 221 214 214 217 219 222 224 225 225 223 219 219 217 216 220 219 218 217 215 217 219 214 215 215 217 215 213 211 206 203 200 196 193 195 195 195 196 200 206 208 209 214 215 213 217 216 207 205 210 212
228 228 228 229 229 229 228 228 228 228 227 226 226 225 224 225 226 227 227 228 228 227 227 226 226 225 225 225 225 225 224 224 223 222 221 215 219 218 220 222 225 225 225 224 222 223 222 218 217 214 213 214 217 220 222 217 216 218 214 213 213 212 206 204 201 198 193 194 191 191 195 201 207 212 214 216 217 216 218 216 208 205 212 216
228 228 229 229 229 229 229 229 229 228 228 227 226 225 225 226 226 227 228 228 228 228 227 227 226 225 225 225 225 225 225 224 224 224 223 220 220 222 223 224 225 225 225 225 224 223 220 218 214 214 214 214 218 222 223 223 221 215 210 205 206 210 207 205 203 199 203 206 203 191 189 195 200 204 211 214 217 217 219 218 214 211 215 217
228 228 229 229 229 229 229 229 229 229 228 227 226 226 226 227 227 228 228 228 228 228 227 227 226 225 225 225 225 225 225 224 224 224 224 224 223 224 225 225 225 225 224 225 225 221 219 219 218 216 216 217 222 224 223 222 220 214 212 206 204 204 206 204 202 209 212 213 210 202 194 193 196 196 200 209 214 218 220 218 215 212 214 217
228 228 229 229 229 229 229 229 229 229 228 227 227 227 227 227 228 228 228 229 229 228 228 227 226 225 225 225 225 225 225 225 224 224 224 224 224 224 225 225 225 225 225 225 225 224 223 223 223 217 218 217 222 224 224 222 221 218 216 211 206 205 207 204 207 214 215 215 214 211 204 198 205 207 201 204 214 219 220 217 215 212 216 218
228 228 229 229 229 229 229 229 229 229 228 228 228 228 228 228 228 228 229 229 229 228 228 227 226 225 225 225 225 225 224 225 224 224 224 224 224 225 225 225 225 226 225 225 226 226 225 224 223 219 222 219 219 224 225 225 224 221 218 216 212 211 214 209 205 215 215 215 216 216 206 206 205 211 208 205 216 221 220 219 216 215 218 220
228 228 228 229 229 229 229 229 229 229 229 228 228 228 228 228 229 229 229 229 229 228 228 227 226 225 225 225 225 225 225 224 224 224 224 225 225 225 225 225 226 226 225 225 226 226 226 223 219 218 223 222 222 225 225 225 221 219 219 219 216 217 217 212 208 216 217 217 218 218 211 204 209 215 211 210 218 220 219 218 217 218 220 221
228 228 228 229 229 229 229 229 229 229 229 229 229 229 229 229 229 229 229 229 229 229 228 227 226 225 225 225 225 224 224 224 224 224 224 225 225 225 225 226 226 226 226 226 226 226 226 226 223 221 225 225 226 226 225 224 221 221 223 220 220 220 218 211 207 214 215 214 215 211 216 208 206 210 216 214 221 221 216 217 219 221 220 221
228 228 229 229 229 229 229 229 229 229 229 229 229 229 229 229 229 229 229 230 229 229 228 227 226 225 225 225 225 224 224 224 224 224 225 225 225 225 226 226 226 226 226 226 226 226 226 226 225 224 226 226 226 226 222 220 223 224 224 223 220 217 212 208 206 205 206 204 208 210 216 209 215 213 219 220 223 221 217 217 221 222 222 222
228 228 229 229 229 229 229 229 229 229 229 229 229 229 229 229 229 229 230 230 229 229 228 227 226 225 225 225 225 224 224 224 224 224 225 225 225 226 226 226 226 226 226 226 226 226 226 226 226 226 227 226 226 226 222 221 224 226 225 220 213 212 211 212 214 211 212 211 212 210 216 218 220 216 213 221 223 222 221 223 223 223 223 222
228 228 229 229 229 229 229 229 229 230 230 230 229 229 229 230 230 230 230 230 229 229 228 227 226 225 225 225 225 224 224 224 224 224 225 225 226 226 226 226 226 226 226 226 226 226 227 227 227 227 227 227 227 227 226 226 226 226 226 222 215 213 214 216 219 218 216 216 214 213 216 214 218 221 216 218 218 222 224 221 222 222 221 221
228 229 229 229 229 229 229 229 230 230 230 230 230 230 230 230 230 230 230 230 229 229 228 227 226 226 225 225 225 225 224 224 225 225 225 225 226 226 226 226 226 226 226 227 227 227 226 227 227 227 227 227 227 227 227 227 227 227 226 224 221 216 217 217 219 221 219 218 215 218 220 215 216 220 221 221 218 223 224 220 219 220 219 218
