08 Ecocrop/raster/current/tmin_9.asc
ncols        683
nrows        518
xllcorner    -87.691666666667
yllcorner    10.708333333333
cellsize     0.008333333333
NODATA_value  1.#QNAN
[rows 370 to 406 of 518, columns 168 to 251 of 683]
187 189 189 190 191 193 195 196 197 198 199 201 202 203 206 209 213 213 212 213 214 214 213 212 211 210 209 212 222 225 226 226 226 224 222 223 224 226 227 228 228 229 230 230 230 231 231 231 231 231 231 231 231 231 231 231 231 231 231 231 231 231 231 231 231 231 231 231 231 231 231 232 232 232 232 232 232 232 232 232 232 232 232 232
188 189 191 191 192 194 195 198 199 199 201 202 203 205 206 210 211 210 209 210 210 211 211 210 209 207 206 213 225 226 226 226 226 226 222 223 224 226 227 228 228 229 230 230 230 231 231 231 231 231 231 231 231 231 231 231 231 231 231 231 231 231 231 231 231 231 231 231 232 232 232 232 232 232 232 232 232 232 232 232 232 232 232 232
191 190 191 192 193 194 196 198 199 200 201 203 205 206 207 208 209 208 207 208 208 210 210 209 208 206 203 215 225 226 226 226 226 226 221 222 224 225 227 227 228 229 230 230 230 230 231 231 231 231 231 231 231 231 231 231 231 231 231 231 231 231 231 231 231 232 232 232 232 232 232 232 232 232 232 232 232 232 232 232 232 232 232 232
193 192 192 192 193 195 196 197 198 199 201 202 204 205 206 207 207 207 206 206 207 208 208 208 207 205 205 217 225 226 226 226 226 226 222 222 223 225 226 227 228 229 230 230 230 230 231 231 231 231 231 231 231 231 231 231 231 231 231 231 231 231 232 232 232 232 232 232 232 232 232 232 232 232 232 232 232 232 232 232 232 232 232 232
195 194 193 193 194 194 195 196 197 199 200 201 204 205 205 206 207 206 206 206 207 207 207 207 207 206 206 214 220 225 226 223 223 222 217 221 223 225 227 227 228 228 230 230 230 230 230 231 231 231 231 231 231 231 231 231 231 231 231 231 232 232 232 232 232 232 232 232 232 232 232 232 232 232 232 232 232 232 232 232 232 232 232 232
197 196 195 195 194 194 195 195 196 198 200 201 203 204 205 206 206 206 206 206 206 207 207 208 208 208 208 209 211 216 217 212 213 212 215 221 222 225 226 227 227 227 229 230 230 230 230 231 231 231 231 231 231 231 231 231 231 232 232 232 232 232 232 232 232 232 232 232 232 232 232 232 232 232 232 232 232 232 232 232 232 232 232 232
198 198 197 196 196 196 195 195 195 197 199 201 202 203 204 205 205 206 205 205 206 207 208 209 209 210 210 212 212 212 212 212 211 213 217 218 220 223 225 226 226 226 226 229 230 231 231 231 231 231 231 231 231 231 231 232 232 232 232 232 232 232 232 232 232 232 232 232 232 232 232 232 232 232 232 232 232 232 232 232 232 232 232 232
200 199 199 198 197 197 197 196 196 196 198 200 202 203 204 204 205 205 205 206 207 208 209 210 210 211 212 213 213 213 213 214 215 215 216 216 218 220 222 224 225 224 225 228 230 231 231 231 231 231 232 232 232 232 232 232 232 232 232 232 232 232 232 232 232 232 232 232 232 232 232 232 232 232 232 232 232 232 232 232 232 232 232 232
201 200 200 199 199 198 198 198 197 197 198 199 201 203 203 204 204 205 205 206 208 209 210 211 211 212 213 214 214 214 215 215 216 216 217 216 217 218 219 220 222 223 225 226 230 231 231 231 231 231 232 232 232 232 232 232 232 232 232 232 232 232 232 232 232 232 232 232 232 232 232 232 232 232 232 232 232 232 232 232 232 232 232 232
203 202 201 200 200 199 199 199 199 199 199 200 200 203 203 204 205 205 206 207 209 210 211 212 213 213 214 215 215 215 216 216 216 216 215 215 213 214 216 216 218 220 222 225 228 230 231 231 231 232 232 232 232 232 232 232 232 232 232 232 232 232 232 232 232 232 232 232 232 232 232 232 232 232 232 232 232 232 232 232 232 232 232 232
204 204 203 202 201 201 200 200 200 200 200 200 201 202 203 204 205 206 206 207 209 211 212 213 214 215 215 215 216 216 217 217 217 215 211 211 209 208 208 209 212 217 219 221 225 229 231 231 231 232 232 232 232 232 232 232 232 232 232 232 232 232 232 232 232 232 232 232 232 232 232 232 232 232 232 232 232 232 232 232 232 232 232 232
206 205 204 204 203 202 202 202 201 201 201 201 202 203 204 205 206 206 207 208 210 212 213 214 215 215 216 216 217 217 218 217 216 213 208 202 198 196 197 197 208 212 214 217 223 227 231 231 231 232 232 232 232 232 232 232 232 232 232 232 232 232 232 232 232 232 232 232 232 232 232 232 232 232 232 232 232 232 232 232 232 232 232 232
208 206 206 205 204 204 204 203 203 202 202 203 203 204 205 205 206 207 208 209 210 212 214 215 216 216 217 217 217 218 218 218 216 214 208 199 190 179 180 188 201 203 207 213 220 227 230 231 232 232 232 232 232 232 232 232 232 232 232 232 232 232 232 232 232 232 232 232 232 232 232 232 232 232 232 232 232 232 232 232 232 232 232 232
209 208 207 207 206 206 205 205 204 204 204 204 205 205 206 207 207 208 209 210 211 213 214 216 217 217 217 218 218 218 219 218 217 215 210 204 195 177 182 175 181 196 205 215 218 222 228 231 232 232 232 232 232 232 232 232 232 232 232 232 232 232 232 232 232 232 232 232 232 232 232 232 232 232 232 232 232 232 232 232 232 232 232 232
211 210 209 209 208 208 207 207 206 206 206 206 206 206 207 208 209 209 210 211 212 213 215 216 217 218 218 219 219 220 220 219 218 216 213 208 201 193 199 184 190 202 211 217 220 222 226 230 232 232 232 232 232 232 232 232 232 232 232 232 232 232 232 232 232 232 232 232 232 232 232 232 232 232 232 232 232 232 232 232 232 232 232 232
212 212 211 210 210 209 209 208 208 208 208 208 208 208 209 209 210 210 211 211 213 214 215 216 217 218 219 220 220 220 220 220 219 219 217 214 211 206 206 203 204 212 218 221 222 223 224 225 231 232 232 232 232 232 232 232 232 232 232 232 232 232 232 232 232 232 232 232 232 232 232 232 232 232 232 232 232 232 232 232 232 232 232 232
214 214 213 212 212 212 211 211 210 210 210 210 210 210 210 211 211 211 212 212 213 214 215 217 218 219 219 220 221 221 221 222 221 221 220 219 218 216 216 216 216 220 223 225 227 227 225 228 232 232 232 232 232 232 232 232 232 232 232 232 232 232 232 232 232 232 232 232 232 232 232 232 232 232 232 232 232 232 232 232 232 232 232 232
216 215 215 214 214 213 213 213 212 212 212 212 212 212 212 212 212 213 213 214 214 215 216 217 218 219 220 221 222 223 223 223 223 222 222 223 222 222 222 223 224 225 227 229 229 229 229 231 232 232 232 232 232 232 232 232 232 232 232 232 232 232 232 232 232 232 232 232 232 232 232 232 232 232 232 232 232 232 232 232 232 232 232 232
218 217 217 216 216 215 215 215 214 214 213 213 214 214 214 214 214 214 214 215 216 217 218 219 219 220 221 222 223 223 224 224 224 224 225 225 224 225 226 227 228 229 229 230 230 230 231 232 232 232 232 232 232 232 232 232 232 232 232 232 232 232 232 232 232 232 232 232 232 232 232 232 232 232 232 232 232 232 232 232 232 232 232 232
219 219 218 218 217 217 217 216 216 216 215 215 215 215 215 215 215 215 216 216 217 218 219 220 221 221 222 223 224 224 224 225 225 225 226 227 227 227 228 229 230 230 231 231 231 230 231 231 231 232 231 231 231 231 231 231 231 231 232 232 232 232 232 232 232 232 232 232 232 232 232 232 232 232 232 232 232 232 232 232 232 232 232 232
221 220 220 219 219 218 218 218 218 217 217 217 217 217 216 216 216 217 217 218 218 219 220 221 222 222 223 223 224 225 225 226 226 226 227 227 228 228 229 230 230 230 231 231 231 231 231 231 231 232 231 231 231 231 231 231 231 231 230 232 232 232 232 232 232 232 232 232 232 232 232 232 232 232 232 232 232 232 232 232 232 232 232 232
222 222 221 221 220 220 220 220 219 219 218 218 218 218 218 218 218 218 218 219 220 221 221 222 223 223 224 224 225 225 226 226 226 227 227 228 228 229 229 230 230 230 231 231 231 231 232 231 232 232 231 231 230 230 230 230 230 231 225 230 232 232 232 232 232 232 232 232 232 232 232 232 232 232 232 232 232 232 232 232 232 232 232 232
223 223 223 222 222 222 221 221 221 221 220 220 220 219 219 219 219 219 220 220 221 222 222 223 223 224 225 225 225 226 226 227 227 227 228 228 228 228 229 229 230 230 231 231 231 232 232 232 232 232 232 229 226 226 226 226 224 226 226 230 232 232 232 232 232 232 232 232 232 232 232 232 232 232 232 232 232 232 232 232 232 232 232 232
225 224 224 223 223 223 223 223 223 222 222 221 221 220 220 220 220 220 221 221 222 223 223 224 224 225 225 226 226 227 227 227 227 228 228 228 228 228 228 229 229 230 231 231 231 232 232 232 232 231 229 226 223 226 226 220 215 216 222 229 232 232 232 232 232 232 232 232 232 232 232 232 232 232 232 232 232 232 232 232 232 232 232 232
226 225 225 224 225 225 225 225 224 224 223 222 222 221 220 221 220 221 222 222 223 224 224 225 225 226 226 226 227 227 227 228 228 228 228 229 228 228 228 229 230 230 231 232 232 232 232 232 232 231 228 224 218 221 222 215 209 207 217 226 231 232 232 232 232 232 232 232 232 232 232 232 232 232 232 232 232 232 232 232 232 232 232 232
226 226 226 224 226 226 226 225 225 225 224 223 223 222 222 221 219 220 223 223 224 224 225 225 226 226 227 227 227 227 228 228 228 228 229 229 228 229 229 230 230 230 231 232 232 232 232 232 232 232 232 227 221 218 219 216 215 213 218 226 232 232 232 232 232 232 232 232 232 232 232 232 232 232 232 232 232 232 232 232 232 232 232 232
227 227 226 227 227 227 227 226 226 226 225 223 223 223 223 221 218 223 224 224 224 225 225 226 226 227 227 227 228 228 228 228 228 229 229 229 229 229 229 230 230 231 232 232 232 232 233 233 232 232 232 231 227 227 225 226 226 224 223 227 232 232 232 232 232 232 232 232 232 232 232 232 232 232 232 232 232 232 232 232 232 232 232 232
228 228 228 228 228 227 227 226 225 226 224 224 223 222 222 222 222 223 224 224 225 225 226 226 226 227 227 227 228 228 228 229 229 229 229 229 230 230 230 230 231 231 232 232 232 233 233 233 233 232 231 231 232 232 232 232 232 231 229 230 232 232 232 232 232 232 232 232 232 232 232 232 232 232 232 232 232 232 232 232 232 232 232 232
229 228 227 227 227 227 226 225 224 225 224 223 223 221 221 221 222 223 223 223 224 224 225 225 225 225 225 226 228 228 228 228 229 229 230 230 230 230 230 231 231 231 232 232 232 233 233 233 233 232 232 232 233 233 233 233 233 233 233 232 232 232 232 232 232 232 232 232 232 232 232 232 232 232 232 232 232 232 232 232 232 232 232 232
225 224 226 228 228 227 226 225 225 224 223 222 221 219 220 219 222 222 220 222 222 222 224 223 224 224 226 226 227 227 228 227 229 229 230 230 230 230 231 231 231 231 232 232 232 232 232 233 233 233 232 233 233 233 233 233 233 233 233 233 233 233 233 232 232 232 232 232 232 232 232 232 232 232 232 232 232 232 232 232 232 232 232 232
226 228 228 227 227 226 225 226 227 226 223 224 222 220 219 221 222 220 218 219 220 220 222 221 223 226 227 228 228 228 229 229 229 230 230 230 230 230 231 231 231 231 231 232 232 231 232 233 233 233 233 233 233 233 233 233 233 233 233 233 233 233 233 233 232 232 232 232 232 232 232 232 232 232 232 232 232 232 232 232 232 232 232 232
228 226 227 226 227 226 226 227 228 226 224 225 222 219 220 221 219 219 216 216 219 219 219 220 220 224 226 228 229 229 229 229 230 230 230 230 230 231 231 231 231 231 231 232 232 232 231 233 233 233 233 233 233 233 233 233 233 233 233 233 233 233 233 233 232 232 232 232 232 232 232 232 232 232 232 232 232 232 232 232 232 232 232 232
228 227 228 227 228 227 227 228 228 227 225 222 220 219 220 217 212 215 215 214 216 221 220 221 224 225 225 227 228 228 228 229 228 228 229 229 230 231 231 231 231 231 232 232 232 232 231 231 231 233 233 233 233 233 233 233 233 233 233 233 233 233 233 233 233 232 232 232 232 232 232 232 232 232 232 232 232 232 232 232 232 232 232 232
230 229 229 229 229 229 228 226 225 225 221 217 217 220 218 212 210 216 216 216 218 222 222 224 225 224 225 226 227 226 226 226 225 225 225 228 230 231 231 231 231 232 232 232 232 232 232 231 231 232 233 233 233 233 233 233 233 233 233 233 233 233 233 233 233 233 232 232 232 232 232 232 232 232 232 232 232 232 232 232 232 232 232 232
230 230 231 231 230 229 226 226 223 222 218 217 219 217 214 206 210 218 219 217 223 224 220 222 225 223 224 226 226 225 225 225 225 226 226 229 230 231 231 231 231 232 232 232 232 232 232 232 232 232 233 233 233 233 233 233 233 233 233 233 233 233 233 233 233 233 233 232 232 232 232 232 232 232 232 232 232 232 232 232 232 232 232 232
231 231 231 231 230 229 228 226 225 222 217 217 222 219 216 211 217 224 220 221 224 224 220 221 223 226 225 224 226 225 226 227 226 227 229 230 231 231 231 231 231 232 232 232 232 232 232 232 233 233 233 233 233 233 233 233 233 233 233 233 233 233 233 233 233 233 233 233 232 232 232 232 232 232 232 232 232 232 232 232 232 232 232 232
232 232 231 231 228 227 227 224 224 218 219 223 223 221 219 217 222 226 225 225 226 225 223 225 224 228 228 227 226 225 226 226 227 229 230 230 231 231 231 231 231 231 232 232 232 232 232 233 233 233 233 233 233 233 233 233 233 233 233 233 233 233 233 233 233 233 233 233 232 232 232 232 232 232 232 232 232 232 232 232 232 232 232 232
