08 Ecocrop/raster/current/tmin_5.asc
ncols        683
nrows        518
xllcorner    -87.691666666667
yllcorner    10.708333333333
cellsize     0.008333333333
NODATA_value  1.#QNAN
[rows 185 to 221 of 518, columns 252 to 335 of 683]
205 208 204 201 200 202 208 207 206 200 194 194 195 197 194 188 182 178 182 178 174 180 178 175 185 203 213 217 218 218 219 219 220 220 218 218 221 220 221 222 222 222 222 222 218 214 216 210 201 192 185 189 200 212 212 213 207 205 213 216 218 220 221 222 224 224 225 225 225 225 226 225 225 226 225 224 220 225 226 227 228 228 228 229
209 207 202 199 199 199 202 203 205 201 202 201 198 190 185 186 183 182 182 173 170 174 173 187 197 206 212 215 217 218 219 219 220 220 219 218 220 220 221 221 221 218 222 222 220 217 218 209 202 195 194 200 199 209 214 215 209 206 214 217 219 215 221 223 223 225 225 225 225 225 225 226 226 226 226 224 224 224 227 228 228 228 229 229
208 204 201 200 197 198 198 198 205 203 198 195 189 181 179 175 174 180 184 183 184 187 188 194 203 206 213 212 213 219 219 220 220 220 220 219 220 221 222 222 219 218 222 223 220 218 215 203 196 197 204 207 212 215 218 216 211 206 214 218 219 221 222 223 222 225 225 225 225 226 226 224 226 226 226 224 224 221 223 227 228 228 229 229
202 204 200 198 196 195 197 198 205 200 191 185 183 183 179 173 172 178 184 189 189 195 198 202 205 211 213 213 215 219 219 219 220 220 221 220 221 221 222 221 218 219 221 221 221 221 211 199 193 199 204 209 212 218 217 217 210 207 216 217 220 220 217 224 222 225 225 225 225 226 226 225 225 225 225 225 224 218 224 227 228 228 228 229
197 201 204 197 194 194 197 203 202 193 188 186 184 181 175 172 174 180 185 193 193 195 197 200 206 211 212 211 217 219 219 219 219 220 220 221 221 221 221 220 219 217 219 218 217 216 218 209 206 209 209 217 219 220 219 218 210 209 216 219 214 220 218 222 223 224 224 226 225 226 226 224 223 224 224 225 225 220 223 227 228 228 228 227
196 203 200 195 193 194 198 198 195 194 190 183 179 177 176 175 180 185 189 194 198 199 198 204 207 209 210 215 217 218 217 215 218 220 221 219 219 221 220 219 219 217 218 218 215 210 221 221 219 218 213 217 221 221 219 218 213 210 214 219 212 219 217 217 225 223 225 225 226 226 223 223 222 221 223 225 225 225 226 227 227 227 227 227
197 202 195 194 192 194 196 193 189 190 186 181 179 176 173 177 184 189 191 192 195 200 201 202 204 207 210 214 215 217 210 214 217 219 220 217 219 220 218 213 212 213 217 218 213 215 220 223 223 221 218 221 222 221 218 219 213 208 213 217 214 216 220 220 224 224 226 226 226 225 224 225 222 223 223 226 225 225 226 226 225 225 227 228
195 201 198 193 193 192 186 186 186 181 181 181 178 175 175 176 182 190 192 188 190 198 202 201 206 212 214 213 216 217 215 213 218 219 219 218 219 220 217 205 199 209 214 215 217 212 218 223 224 223 223 223 223 221 216 218 212 205 209 214 214 209 210 221 223 225 225 226 226 227 226 225 226 226 226 227 226 226 225 227 227 228 228 228
197 200 199 194 192 188 180 177 180 179 181 183 182 176 177 177 183 191 190 187 190 194 200 204 204 213 216 214 212 216 217 217 220 219 218 217 219 220 215 204 200 205 206 208 213 209 214 221 224 224 224 224 224 221 215 216 213 205 209 209 207 210 207 218 222 224 224 225 225 225 226 227 227 227 227 227 227 227 226 227 227 227 226 226
200 199 198 196 191 188 182 174 179 182 185 187 182 178 178 180 189 194 190 186 183 195 199 205 204 212 214 216 212 215 218 217 220 218 215 217 216 218 218 214 212 209 204 200 207 214 215 221 222 223 223 224 222 218 211 209 209 205 204 204 203 209 215 217 221 224 224 223 223 224 226 226 226 227 227 227 227 227 227 227 226 226 225 223
199 198 194 194 191 190 184 177 182 183 189 186 182 182 177 182 192 190 186 183 182 187 197 205 202 204 207 213 216 216 217 217 219 217 215 214 214 215 219 218 219 217 212 205 208 217 219 221 221 221 220 224 222 219 209 204 206 198 196 204 205 207 209 218 222 222 225 221 219 223 225 226 226 227 227 227 227 228 227 226 225 225 226 225
196 197 193 192 190 189 184 178 181 187 189 185 185 180 179 187 193 182 181 178 184 192 188 203 205 206 207 213 217 218 218 219 217 212 211 211 211 215 217 215 217 221 219 217 211 217 221 220 219 219 222 222 216 218 212 210 210 204 201 205 210 203 211 213 223 224 225 222 221 225 225 226 227 227 227 227 227 227 227 227 226 227 227 226
196 192 188 190 188 186 183 178 180 186 190 188 182 176 177 188 195 185 183 181 182 193 199 204 204 205 212 216 217 218 219 218 217 213 209 211 215 217 215 215 216 218 221 222 218 221 222 221 216 218 223 224 220 219 214 213 216 209 210 214 214 208 213 221 224 225 225 225 225 225 226 226 227 227 227 227 227 228 227 227 227 227 226 225
195 190 183 184 189 187 182 178 182 188 190 187 185 181 180 191 196 190 188 187 180 189 203 206 203 208 213 217 216 218 218 217 218 215 209 209 215 216 210 217 219 220 221 222 223 223 223 221 216 220 224 224 221 222 218 217 219 216 218 212 211 216 218 223 225 224 226 226 226 226 226 226 226 227 227 227 227 228 227 227 227 227 227 226
194 190 185 184 188 189 188 184 185 191 189 186 186 186 185 187 198 195 192 186 182 184 198 206 208 207 213 213 216 218 217 217 217 216 212 211 214 213 212 221 221 222 222 221 223 224 223 221 215 218 225 224 221 222 222 221 221 219 216 210 210 217 220 222 225 225 226 226 226 226 226 227 227 227 227 228 228 228 227 227 227 227 227 227
193 189 187 182 185 181 186 187 185 190 191 191 195 192 184 189 196 201 194 191 186 183 189 199 204 209 210 208 215 218 217 216 216 215 210 216 215 219 217 221 222 221 216 219 223 223 224 222 217 220 225 222 216 221 223 223 222 217 211 202 207 219 217 219 223 226 226 226 226 227 227 227 227 227 227 228 227 227 227 228 227 227 227 227
193 187 185 181 183 178 180 182 183 190 193 194 200 195 188 187 194 200 189 192 190 185 185 193 205 210 210 211 215 215 210 210 204 207 208 217 218 220 221 221 222 220 219 220 220 221 223 224 223 224 224 223 219 223 224 224 224 217 206 195 202 217 221 218 223 225 226 226 226 226 226 226 227 227 227 228 227 227 228 227 226 225 227 227
192 187 181 176 178 178 174 177 179 186 195 200 203 200 193 192 191 201 190 194 194 189 185 195 204 210 211 210 208 205 196 202 208 212 217 219 220 221 221 222 222 222 219 217 213 220 223 224 224 224 223 225 224 224 224 223 223 219 209 202 206 215 222 222 224 225 225 225 225 225 225 226 227 227 227 227 228 228 226 225 224 224 226 228
191 186 182 174 171 174 170 172 179 184 191 202 207 204 197 199 193 202 196 198 195 189 187 198 206 211 211 208 202 196 190 198 209 217 218 218 220 221 215 220 221 220 219 213 215 221 223 224 223 222 223 223 225 225 224 223 224 222 217 213 213 220 219 224 225 225 226 226 225 223 218 220 226 227 227 228 228 227 226 226 225 226 227 228
190 186 178 174 170 172 174 177 180 185 189 197 205 209 204 198 194 198 205 202 198 187 188 202 209 212 209 206 201 195 197 206 214 217 215 219 220 218 212 211 218 219 216 215 219 220 222 224 223 223 224 224 225 223 225 224 225 224 221 217 220 220 218 223 225 226 226 226 221 223 220 221 226 227 227 228 228 227 227 225 226 227 228 226
188 187 178 171 176 175 174 180 182 184 191 195 202 209 207 201 204 205 202 197 197 189 188 198 207 211 208 205 200 197 205 211 212 209 212 219 216 209 202 201 214 219 217 218 217 221 223 223 223 223 224 225 225 224 225 225 226 225 223 218 225 219 223 225 225 225 225 226 223 223 225 224 226 227 228 227 227 228 227 227 228 228 228 227
186 184 181 177 181 184 178 183 185 185 189 194 197 202 210 208 211 208 205 199 195 189 188 194 204 211 209 209 203 199 211 215 210 208 217 212 205 197 194 203 215 219 216 218 219 221 222 222 222 223 224 224 224 223 225 224 224 225 225 223 226 225 226 223 223 223 226 226 226 226 226 226 225 227 227 227 227 227 228 228 228 228 227 227
178 180 181 187 183 188 181 184 189 190 186 188 194 199 204 213 215 213 207 199 192 194 195 198 206 211 201 206 206 204 210 216 215 216 213 199 196 195 197 208 216 218 216 211 215 218 221 221 223 223 224 224 224 222 225 224 224 225 224 221 225 226 226 221 221 223 225 226 226 226 226 227 227 227 227 227 228 227 228 228 228 227 227 227
181 185 182 186 192 192 188 186 193 195 189 191 193 202 204 205 215 216 202 195 194 196 204 206 209 213 202 204 207 211 214 214 216 215 204 195 191 189 194 213 218 218 215 212 211 211 215 218 222 222 224 224 223 223 224 222 221 224 225 225 226 227 225 224 222 224 224 224 227 227 227 227 227 227 227 227 227 228 228 227 228 227 228 227
186 192 192 191 194 196 194 190 190 199 197 196 197 201 209 207 213 217 212 204 204 203 208 213 214 212 205 201 201 210 212 203 210 204 196 195 192 189 203 216 219 218 214 213 209 201 207 216 221 219 222 224 223 221 223 219 222 224 225 226 226 227 225 223 222 225 221 224 226 227 227 227 227 227 227 227 227 227 227 227 228 228 228 227
189 195 195 193 192 197 198 196 196 199 201 202 199 200 206 212 214 211 216 211 211 209 212 215 214 212 208 200 202 210 209 203 202 192 195 195 198 202 214 219 220 218 211 206 208 203 204 214 221 220 217 218 223 222 223 222 222 218 222 226 227 227 226 223 223 225 224 225 226 227 227 227 227 227 227 227 226 227 227 227 227 228 228 228
194 196 196 196 197 198 200 200 192 194 194 206 203 202 208 215 217 217 219 218 216 214 216 216 216 213 209 204 207 212 210 202 195 193 196 196 203 211 218 220 221 219 214 208 206 212 212 216 221 222 217 213 222 220 222 220 217 216 220 226 226 227 226 225 222 225 226 226 226 227 227 227 226 226 226 227 226 226 227 227 227 227 227 227
188 190 192 196 197 198 198 199 200 191 191 203 208 205 208 212 213 214 214 214 219 218 218 215 212 211 211 209 212 209 207 204 206 199 199 205 213 204 216 220 221 221 218 214 208 209 217 220 222 223 216 211 220 214 219 215 217 220 222 226 226 226 227 226 222 224 226 226 226 227 226 227 226 226 226 225 226 226 227 227 226 227 227 227
178 184 190 195 196 197 197 197 202 202 194 198 208 210 209 208 211 211 211 209 215 219 221 216 215 213 211 212 215 213 208 212 215 209 210 216 212 205 216 220 221 221 220 216 212 215 217 221 222 223 218 211 221 214 216 214 216 219 223 225 225 226 225 226 227 225 227 226 226 227 227 226 226 226 226 225 226 226 226 227 227 227 226 227
175 184 191 196 196 193 195 194 201 207 204 200 206 211 214 211 212 215 218 218 212 215 221 220 216 215 211 214 216 214 209 215 218 218 216 217 210 213 220 221 218 222 220 217 219 219 219 218 221 221 223 218 223 221 221 218 218 218 222 225 225 225 221 224 227 227 227 227 227 227 227 226 226 226 225 226 226 226 226 227 227 227 226 226
178 186 192 195 196 192 191 193 204 207 208 209 208 210 213 215 217 218 218 220 217 219 220 222 217 216 211 214 218 216 213 215 217 219 217 213 215 219 220 221 219 222 222 220 220 215 212 218 223 223 224 217 220 224 224 223 220 221 222 225 225 224 222 223 226 227 227 227 227 227 227 226 226 225 225 225 226 226 226 226 226 226 225 227
184 184 186 194 194 186 186 195 205 200 198 206 207 207 206 210 211 212 212 218 221 219 220 221 221 220 217 216 218 220 218 218 216 218 219 211 215 214 221 221 220 221 217 220 220 214 207 214 223 224 225 220 218 223 225 224 223 224 224 225 226 225 223 224 226 226 226 228 227 227 227 226 226 226 226 226 226 226 226 226 226 226 226 227
191 185 185 190 192 187 193 201 198 195 199 203 206 202 198 205 209 214 216 218 220 220 220 221 221 222 221 220 221 222 221 221 220 221 218 208 208 213 221 222 223 219 213 218 217 215 210 216 222 223 224 221 222 222 225 225 225 224 225 226 226 225 225 224 225 226 226 227 228 227 227 228 226 225 226 226 227 227 227 227 226 226 226 227
194 191 187 185 189 187 192 199 192 188 185 189 197 199 200 200 207 211 216 220 220 220 221 220 219 221 222 222 223 222 223 223 221 221 213 206 207 213 221 223 222 219 214 213 217 216 218 220 222 220 224 223 220 223 225 224 220 223 225 226 226 226 225 224 225 226 227 227 228 227 227 228 227 226 226 226 227 228 227 227 227 227 227 227
194 190 182 182 187 194 196 197 192 187 179 182 185 189 196 200 205 210 213 218 219 219 220 220 219 218 221 222 219 217 218 224 223 220 214 212 218 213 222 223 222 221 216 213 216 217 219 222 222 219 224 226 222 225 225 224 220 223 220 225 227 225 225 224 224 226 226 226 227 226 227 228 228 227 227 227 228 228 228 228 228 227 227 227
189 184 180 183 190 193 199 194 190 189 181 174 175 179 185 197 206 211 214 217 217 216 218 219 219 218 220 220 220 220 221 223 223 222 217 220 214 216 223 222 216 213 215 213 213 221 219 222 223 220 222 226 226 226 227 225 222 225 224 225 226 226 226 225 225 225 226 227 228 227 228 228 228 228 228 228 228 228 228 228 227 227 227 227
193 186 186 189 192 194 199 197 194 189 181 170 168 172 182 193 207 209 211 213 212 216 217 217 216 217 217 218 221 222 223 224 222 223 222 223 221 222 224 219 212 213 215 206 212 221 223 222 223 222 224 226 226 226 227 227 226 224 221 226 227 227 226 226 225 225 226 228 228 228 228 228 228 228 228 228 228 228 228 228 227 227 228 227
