08 Ecocrop/raster/current/tmin_11.asc
ncols        683
nrows        518
xllcorner    -87.691666666667
yllcorner    10.708333333333
cellsize     0.008333333333
NODATA_value  1.#QNAN
[rows 74 to 110 of 518, columns 336 to 419 of 683]
192 196 198 193 193 193 188 193 194 196 195 196 196 194 192 197 197 195 194 195 197 200 203 204 204 205 203 206 207 207 208 207 208 208 208 208 209 209 209 209 209 209 209 209 208 207 206 207 208 208 209 208 209 209 208 208 207 208 209 209 209 209 208 206 207 206 208 208 208 208 208 209 210 210 209 208 208 209 209 209 209 209 210 210
194 197 198 194 193 191 187 193 195 196 197 198 198 193 191 195 195 190 191 193 196 202 202 203 205 206 205 206 207 207 208 208 208 208 208 208 208 208 208 208 209 208 208 208 207 206 206 206 207 207 207 207 208 209 209 208 207 207 208 208 209 208 205 202 205 207 208 208 209 209 209 209 210 209 209 208 208 208 209 208 208 210 210 209
199 198 198 195 194 193 193 195 195 195 196 196 198 195 191 195 195 189 191 192 194 201 204 204 204 206 206 207 207 207 208 208 208 208 208 209 208 208 208 209 208 207 207 208 206 205 205 206 206 206 205 206 208 209 208 207 207 207 208 209 208 209 207 205 207 208 208 209 209 209 209 210 210 210 209 208 206 204 208 208 209 209 209 210
200 200 199 197 196 196 194 194 193 193 192 195 199 197 194 194 197 195 196 199 199 201 205 203 199 205 207 206 207 208 208 208 208 208 209 209 209 208 208 208 208 203 199 206 205 205 206 200 201 204 204 205 205 208 208 207 207 207 207 208 209 209 208 207 207 207 207 208 209 209 209 209 208 210 209 208 207 206 207 209 210 210 210 210
200 199 194 193 192 191 192 195 192 192 188 194 197 199 198 194 197 194 195 198 200 203 204 199 198 205 207 207 207 207 208 208 208 208 209 208 208 208 208 208 208 203 198 203 205 204 201 199 197 199 202 206 207 206 207 208 208 207 207 208 209 209 209 208 207 207 207 208 209 209 209 210 209 209 208 206 205 206 209 209 210 210 210 210
197 198 194 189 188 187 189 195 194 195 190 193 199 199 200 197 197 195 191 194 198 202 203 198 198 202 206 207 205 207 208 208 208 208 209 209 208 208 208 208 208 207 205 205 207 204 199 195 194 196 198 205 206 207 207 208 208 207 206 208 209 209 209 207 206 205 205 207 208 209 209 210 209 208 207 208 208 209 209 209 210 210 210 210
198 197 194 192 189 187 187 192 196 196 195 192 196 199 201 199 196 197 190 189 196 198 199 200 194 198 205 206 205 207 208 208 208 208 209 208 208 207 207 207 203 205 207 205 207 206 203 197 196 193 197 202 204 207 207 208 208 207 207 208 209 209 208 208 208 208 208 209 209 209 210 210 209 207 206 208 209 209 210 210 210 210 209 209
199 197 195 191 190 189 189 190 196 197 196 192 196 199 201 200 196 198 195 191 196 195 195 200 196 194 203 207 207 207 208 207 207 208 208 208 208 208 208 205 199 204 208 205 206 203 203 199 197 197 199 203 205 207 208 208 209 208 208 208 209 209 209 209 209 209 209 209 209 210 210 210 209 208 208 209 210 210 210 210 210 210 209 210
196 194 189 190 189 191 193 195 195 198 197 195 197 199 199 201 197 198 198 194 197 195 196 199 198 195 203 207 208 207 207 208 208 208 209 208 208 208 207 201 201 207 207 202 202 202 202 201 201 198 199 202 205 207 208 208 209 208 208 208 209 209 208 209 209 209 209 209 209 209 209 210 209 209 209 209 209 209 210 210 209 210 209 209
194 189 190 191 191 194 193 191 196 198 199 198 199 200 200 201 200 197 200 196 198 197 197 200 200 197 204 207 208 208 208 208 208 208 209 208 207 207 206 199 202 203 204 206 203 204 203 201 202 200 201 203 205 206 208 209 209 209 208 209 209 209 209 209 209 209 209 209 209 209 209 209 209 209 208 209 209 210 210 209 210 210 209 209
191 192 190 189 190 187 186 187 195 198 199 199 200 198 199 198 201 199 200 200 199 199 198 199 201 200 199 206 207 208 208 208 208 209 209 208 207 203 202 203 198 199 199 203 205 204 203 203 204 203 204 204 204 207 208 209 209 209 209 209 209 209 209 208 207 208 208 209 209 209 209 209 209 208 207 209 210 210 210 210 210 210 210 210
191 193 190 188 189 187 184 187 196 198 198 199 199 197 198 198 201 201 199 200 200 198 199 200 201 201 199 205 207 207 207 208 209 209 209 207 203 197 200 202 194 194 196 200 204 205 202 202 204 204 204 204 204 206 208 209 209 209 209 209 209 209 209 208 208 208 208 208 208 209 209 209 209 209 210 210 210 211 211 210 210 210 209 209
194 194 191 190 190 189 193 193 196 198 199 199 196 196 198 200 201 200 200 202 200 195 199 202 202 202 197 202 206 206 207 208 209 209 207 203 200 201 202 202 196 197 201 204 205 206 202 200 203 203 201 201 203 204 207 209 209 209 209 209 208 208 208 208 207 207 207 207 208 209 209 210 209 209 209 210 210 211 211 211 210 210 209 209
195 193 191 190 191 192 196 197 197 198 197 198 198 197 199 200 200 196 200 202 199 197 201 202 197 202 198 201 205 205 208 208 208 209 208 207 207 206 206 205 200 200 203 203 204 206 205 205 205 204 200 203 205 206 208 208 208 209 209 208 206 208 208 207 207 206 207 208 208 208 209 208 206 208 209 210 210 210 210 211 211 210 210 210
192 191 190 190 188 186 188 195 198 199 195 199 198 196 196 198 200 196 198 202 198 201 202 199 193 201 197 202 206 205 206 208 209 208 209 209 208 208 205 205 203 200 203 202 202 205 205 206 206 207 207 208 206 208 208 208 209 209 209 209 208 208 207 207 207 207 208 207 201 202 206 209 208 209 209 210 210 210 210 210 211 211 211 211
188 188 189 190 187 186 187 193 198 198 196 199 199 197 192 197 198 199 200 203 201 202 199 198 192 199 197 198 205 206 207 208 209 209 209 208 208 207 206 206 204 200 201 202 201 205 205 205 204 206 208 208 208 206 207 208 208 209 209 209 208 208 207 207 208 208 207 202 194 200 208 209 209 210 210 210 210 210 210 210 210 211 211 210
189 188 189 191 189 192 194 196 198 195 191 196 200 198 196 201 200 199 198 202 203 200 196 195 191 194 199 198 205 207 207 208 209 209 209 207 207 207 206 207 206 198 198 200 203 205 207 205 203 204 208 208 208 207 207 207 208 209 209 208 208 208 208 208 208 207 204 199 198 205 208 209 210 210 211 211 211 211 211 210 210 211 211 210
194 190 192 191 189 192 196 197 198 193 192 196 202 199 195 202 201 199 196 202 200 194 192 192 186 195 202 199 206 207 208 208 209 209 209 208 208 207 207 207 207 200 200 200 204 207 207 202 202 201 208 209 208 208 208 207 206 209 209 209 208 208 208 207 207 207 205 203 205 208 207 208 210 211 211 211 210 211 211 211 211 211 211 211
194 192 192 191 193 195 194 195 197 191 190 196 202 200 200 203 201 201 199 202 200 193 190 188 186 195 204 203 208 208 208 208 208 209 209 209 208 208 208 206 206 206 206 205 206 207 208 205 207 206 208 209 208 209 208 207 207 209 209 209 208 208 208 207 205 201 196 194 196 203 208 210 210 211 211 210 210 211 211 211 211 211 211 211
193 193 189 188 189 192 194 196 196 193 196 200 202 202 203 204 203 203 203 204 201 193 189 192 191 196 205 206 208 208 209 209 209 209 208 209 209 208 207 206 206 207 207 207 207 208 208 207 208 208 208 208 209 209 209 209 209 209 209 208 208 207 206 202 200 193 185 187 196 204 208 209 210 210 209 209 210 211 211 211 211 211 211 212
190 192 189 188 192 194 195 194 193 193 194 200 201 203 202 202 204 205 203 203 197 190 189 197 195 196 204 208 208 208 209 209 209 209 208 208 208 207 207 208 208 207 207 208 208 208 208 208 208 208 208 208 209 209 209 209 209 209 208 208 203 195 196 189 190 191 189 193 196 200 203 208 210 210 209 209 210 211 211 211 211 211 211 212
189 189 187 188 190 193 192 192 194 198 200 197 199 202 198 202 204 204 205 203 196 187 189 200 198 201 204 208 208 208 209 209 209 209 209 208 208 208 208 208 207 207 207 207 208 208 208 208 208 207 207 206 208 209 209 209 209 208 208 207 200 191 194 191 187 188 196 201 203 204 204 205 207 210 210 210 210 210 211 211 211 211 211 211
190 190 190 186 186 191 189 189 192 198 199 197 199 200 198 200 202 203 205 203 198 188 189 202 198 204 207 208 209 209 209 209 209 209 209 208 209 208 208 207 207 207 207 207 207 207 207 208 207 206 207 208 208 208 209 209 208 208 208 207 205 203 200 197 192 197 198 198 198 199 206 209 209 210 212 212 211 210 211 211 211 211 212 212
191 190 190 188 185 188 186 192 195 196 197 194 197 196 196 198 201 201 204 204 196 189 194 204 202 206 207 208 208 209 209 209 209 209 209 209 208 208 207 207 206 207 207 206 207 207 206 207 208 205 206 206 208 208 209 209 208 208 208 205 201 202 204 198 198 202 199 201 198 193 197 204 206 211 212 212 212 212 212 212 211 211 211 212
187 188 187 188 186 188 188 189 191 193 196 196 199 195 195 199 200 198 200 205 198 196 198 206 206 207 208 208 208 209 209 208 209 209 209 208 207 207 207 207 207 207 207 206 207 207 207 208 207 205 203 204 206 208 208 209 208 207 206 207 206 206 205 205 205 205 206 206 202 197 198 204 207 210 211 212 212 212 212 212 212 212 212 212
186 187 185 189 191 193 193 187 188 191 197 199 200 196 195 197 197 198 202 206 200 203 203 207 207 207 207 208 208 208 208 208 208 209 209 208 208 208 207 207 207 207 207 206 207 207 207 208 207 205 202 204 206 208 208 208 208 205 202 203 205 205 208 209 208 209 209 209 208 207 205 206 207 209 211 212 212 212 212 212 212 212 212 212
183 183 183 191 189 191 194 191 194 195 195 199 200 196 191 195 201 202 204 206 204 205 207 208 207 207 208 208 208 208 209 208 208 209 209 209 208 207 206 208 207 207 207 206 206 207 207 207 207 207 205 202 204 207 208 208 205 204 203 205 207 207 206 208 210 211 211 211 211 211 211 211 210 210 212 213 212 212 212 212 212 212 212 212
185 186 188 190 184 188 193 196 197 198 198 200 199 193 187 198 204 203 205 207 206 204 206 207 208 208 208 208 209 209 208 208 208 208 209 209 208 208 208 208 207 207 207 207 206 206 207 204 206 207 205 201 200 201 207 205 204 206 207 206 208 209 209 208 210 212 212 211 211 209 211 213 212 212 213 213 213 212 212 212 213 213 212 212
184 186 188 189 185 186 192 197 199 199 200 202 199 189 190 201 205 205 206 207 207 206 207 207 208 209 209 209 208 208 208 208 208 209 209 209 208 208 208 207 206 206 206 206 206 205 206 206 205 207 205 200 197 195 205 201 204 206 208 208 209 211 211 211 212 212 213 213 213 212 212 213 213 213 213 213 213 213 213 213 213 213 213 212
182 184 180 185 188 191 195 196 196 196 197 201 199 194 197 204 206 206 206 206 207 207 207 208 208 208 208 208 205 207 208 208 209 209 209 209 208 208 207 207 207 207 207 207 207 206 207 207 206 204 205 203 201 201 204 206 208 208 209 210 211 211 212 212 212 212 212 211 211 211 212 212 213 213 213 212 212 212 213 213 212 212 212 213
179 179 179 187 190 192 192 191 194 198 199 201 202 198 204 205 206 206 206 207 207 208 208 208 208 206 207 206 202 207 208 208 209 208 208 209 209 208 208 208 208 207 208 207 207 204 205 208 207 206 205 205 204 205 206 207 206 205 208 209 210 210 210 211 211 212 211 212 209 209 210 212 213 213 212 212 211 212 213 212 212 212 212 212
182 176 178 185 182 183 192 195 195 196 201 203 203 202 204 203 204 206 206 207 207 208 207 203 204 206 206 207 207 208 209 209 209 208 208 208 208 208 208 208 208 208 208 205 201 199 203 207 207 206 205 205 206 206 207 207 207 209 210 210 211 211 211 211 212 212 212 213 212 212 212 213 213 213 212 211 212 212 213 212 212 212 212 212
181 175 176 185 184 186 194 197 200 201 202 202 204 203 203 203 202 205 206 207 207 207 206 200 203 206 207 208 208 208 209 208 208 208 208 208 208 208 209 208 208 208 206 200 202 198 201 205 206 206 206 206 203 206 206 207 208 210 210 211 211 212 212 212 213 213 213 213 213 213 213 213 213 212 213 212 212 213 213 212 212 212 212 212
173 169 174 181 190 187 192 197 199 199 201 201 202 203 204 202 197 204 206 206 207 206 205 204 205 207 207 208 209 209 207 208 208 208 208 208 208 208 208 208 207 207 206 205 203 201 203 205 206 205 203 201 205 204 207 209 210 210 211 211 210 211 212 212 212 213 213 213 212 213 213 213 212 211 211 212 213 212 212 212 211 211 212 212
171 163 171 181 191 191 192 195 193 198 202 202 202 203 203 197 196 203 206 206 204 203 205 207 207 207 208 208 208 208 208 208 208 208 208 208 208 207 208 208 206 202 198 194 190 192 196 199 201 204 201 202 204 206 208 210 210 211 211 211 212 212 213 212 212 212 212 213 213 212 213 213 213 212 212 212 213 212 212 212 212 211 211 211
175 167 173 182 192 195 197 199 198 200 202 203 203 204 200 195 196 203 205 203 200 204 206 207 207 207 207 207 208 207 208 208 208 208 208 208 208 208 208 206 197 190 187 182 183 187 195 199 200 202 204 206 207 208 209 211 211 211 211 211 211 212 212 212 212 211 211 211 212 213 213 212 213 212 212 212 212 212 212 212 212 212 212 212
177 171 177 182 190 197 199 200 201 202 203 203 204 203 201 196 197 203 204 204 204 206 207 207 206 208 207 207 207 207 208 208 207 206 207 208 208 208 206 195 190 188 193 187 177 192 200 201 204 205 208 209 209 210 211 211 211 210 211 211 210 210 211 211 211 211 211 210 211 212 212 212 212 212 212 211 211 212 212 212 212 212 212 212
