08 Ecocrop/raster/current/tmin_6.asc
ncols        683
nrows        518
xllcorner    -87.691666666667
yllcorner    10.708333333333
cellsize     0.008333333333
NODATA_value  1.#QNAN
[rows 259 to 295 of 518, columns 84 to 167 of 683]
240 239 239 239 238 238 237 237 237 236 236 236 236 236 236 236 236 235 236 236 236 236 235 235 235 233 234 235 234 234 234 234 234 234 233 233 232 231 230 227 224 224 227 227 228 228 228 227 226 227 227 227 227 226 226 225 222 215 216 218 216 210 197 187 182 190 202 205 208 215 216 215 218 218 211 214 206 204 211 208 196 189 179 180
239 239 239 238 238 238 237 237 237 237 236 236 236 236 236 236 236 236 235 236 236 236 236 235 235 235 235 235 235 235 234 234 234 233 233 233 232 232 231 228 227 224 225 227 228 228 228 227 227 227 227 227 227 226 226 225 224 221 220 219 217 214 209 200 186 193 204 209 210 212 213 217 221 220 214 217 215 215 209 208 203 198 191 183
239 239 238 238 238 238 237 237 237 237 237 237 237 236 236 236 236 236 236 236 236 236 236 235 235 235 235 235 234 234 235 234 233 233 233 233 233 232 232 231 230 229 226 226 227 226 226 224 225 227 226 226 226 226 226 225 225 223 221 223 221 218 215 206 198 202 207 201 199 204 208 217 221 219 218 219 216 211 202 205 205 198 194 186
239 238 238 238 238 238 237 237 237 237 237 237 237 236 236 236 236 236 236 236 236 236 236 235 235 235 235 235 235 235 235 235 234 233 233 233 233 232 231 230 230 229 228 224 227 223 217 222 222 224 224 226 226 226 226 226 225 224 224 224 222 220 216 207 205 212 209 197 204 208 212 218 220 222 220 222 217 210 205 201 201 200 197 192
238 238 238 238 238 237 237 237 237 237 237 237 237 237 236 236 236 236 236 236 236 236 235 235 235 235 235 235 235 235 235 235 234 234 233 232 230 232 231 227 228 227 224 222 225 221 213 214 214 217 221 223 224 224 226 226 226 225 223 224 222 221 214 211 215 212 206 203 209 213 217 220 220 223 223 221 216 212 207 205 197 198 204 200
238 238 238 238 238 237 237 237 237 237 237 237 237 236 236 236 236 236 236 236 236 235 235 235 235 235 235 235 235 235 235 235 235 234 234 233 232 231 231 228 227 224 223 224 225 218 218 209 207 217 219 219 220 224 225 226 226 223 223 222 223 222 219 218 214 203 197 204 212 215 218 221 222 224 224 221 216 215 210 211 204 196 203 199
238 238 238 237 237 237 237 237 237 237 237 237 236 236 236 236 236 236 236 236 236 235 235 235 235 235 234 235 234 233 235 235 235 234 234 234 233 233 231 227 229 221 217 217 226 224 219 209 209 209 212 220 222 224 223 225 226 221 221 223 223 222 221 218 212 201 198 206 214 219 220 222 223 224 224 224 221 219 216 214 208 210 207 201
237 237 237 237 237 237 237 237 237 236 236 236 236 236 236 236 236 236 236 236 236 235 235 235 235 234 231 234 234 232 234 235 235 235 234 234 233 233 232 230 229 227 220 213 224 229 225 219 210 210 216 217 217 223 225 225 225 221 218 223 223 222 217 214 215 212 208 204 211 216 220 219 219 223 225 224 218 215 217 216 215 210 204 196
236 237 237 237 237 237 236 236 236 236 236 236 236 236 236 236 236 236 236 236 236 236 235 235 235 235 234 234 233 231 233 234 234 235 234 234 233 233 231 231 230 226 221 216 225 230 229 226 218 214 211 216 224 222 224 226 225 220 219 223 223 219 217 216 216 214 213 212 213 216 216 219 219 224 226 225 219 218 218 215 216 209 205 201
235 236 236 236 236 236 236 236 236 236 236 236 236 236 236 236 236 236 236 236 236 236 235 235 235 235 235 234 232 228 224 232 234 234 234 234 233 233 232 232 231 227 225 222 228 230 230 229 225 214 213 220 225 227 228 227 224 220 220 220 222 223 222 219 217 215 212 216 215 216 218 220 222 224 226 224 219 222 219 216 210 211 207 200
233 235 235 235 235 234 234 235 235 235 236 236 236 236 236 236 236 236 236 236 236 236 235 235 235 235 235 235 234 229 221 230 234 234 234 234 234 233 233 232 232 231 229 228 230 231 231 230 225 219 220 224 226 228 229 229 225 220 223 222 223 223 223 222 221 218 212 215 216 219 220 222 220 224 225 221 224 221 214 216 211 209 208 205
230 231 233 233 233 233 233 234 234 235 235 236 236 235 236 236 236 236 236 236 236 236 235 235 235 235 235 234 233 230 226 230 233 233 233 234 234 234 233 233 232 232 231 229 229 231 231 231 228 221 225 225 228 229 230 230 225 222 224 226 225 226 225 224 222 220 217 215 219 219 220 222 222 221 224 225 225 220 216 213 210 213 210 210
225 224 228 230 231 231 231 232 233 234 235 235 236 235 236 236 236 236 236 236 236 235 235 235 235 235 235 235 233 232 227 230 230 231 231 233 234 233 233 233 232 232 232 231 229 231 232 232 231 227 229 229 229 230 230 230 228 224 226 226 226 227 226 226 224 222 219 216 220 222 223 223 222 225 226 225 224 224 221 218 212 209 209 215
215 213 217 225 227 228 230 232 233 234 234 235 235 236 236 236 236 236 236 236 236 235 235 235 235 234 234 235 233 233 231 231 231 232 232 233 234 232 233 233 233 232 232 232 232 232 232 232 232 231 231 231 231 231 230 231 229 228 228 222 225 227 227 226 225 223 218 212 218 221 223 224 225 224 227 224 223 222 219 218 216 216 213 215
200 198 202 219 224 226 229 231 232 233 234 235 235 236 236 236 236 235 236 235 236 235 235 235 234 232 231 233 234 234 233 231 231 233 233 233 233 231 229 232 233 233 233 233 233 232 232 232 232 232 231 231 231 231 231 231 230 230 228 224 224 225 228 227 226 224 219 208 205 216 223 225 225 227 228 225 224 217 216 214 217 215 216 214
200 202 211 218 221 224 227 229 230 232 234 234 235 236 236 235 235 235 235 235 235 235 235 235 233 231 228 229 231 232 233 232 231 232 233 233 233 232 232 232 233 233 232 231 232 233 232 232 232 232 231 231 231 231 231 231 231 230 229 227 223 223 228 228 226 225 219 208 206 211 219 225 225 227 229 224 223 220 215 211 212 216 214 212
203 206 211 215 219 221 222 224 227 228 231 232 232 235 236 235 235 235 236 235 235 235 235 234 233 229 225 225 228 230 231 232 232 232 233 233 231 233 233 232 231 232 229 227 229 229 231 232 232 232 232 231 231 231 231 231 231 231 230 229 228 228 228 225 226 226 221 217 214 221 221 227 228 229 227 225 225 222 220 219 218 216 214 216
195 200 205 208 212 214 217 220 224 226 229 231 233 235 235 235 235 236 236 235 235 235 235 235 235 233 231 227 226 227 228 230 232 232 232 232 231 233 233 233 233 232 231 226 225 225 227 230 231 231 231 231 232 232 231 231 231 231 228 225 224 226 227 225 222 226 221 223 222 222 227 229 229 228 226 223 223 225 224 223 221 218 214 217
185 193 197 199 203 206 211 215 220 224 228 231 233 235 235 236 236 235 235 235 235 235 235 235 235 235 234 231 227 228 228 229 231 232 231 231 232 232 233 233 232 232 231 229 224 222 224 226 230 231 231 231 232 231 231 231 231 231 229 227 226 226 225 224 223 224 222 222 226 224 227 229 229 227 224 221 219 219 220 217 215 216 214 215
178 186 183 185 191 195 203 211 217 221 226 230 232 234 235 235 236 235 235 235 235 235 235 235 235 234 233 233 229 230 232 232 232 232 233 233 233 233 232 231 230 231 231 230 226 222 225 227 230 231 231 231 232 231 232 231 231 231 231 231 231 229 225 224 225 225 223 221 227 225 229 229 227 223 221 219 213 207 210 208 209 212 211 219
177 170 167 172 175 186 195 205 209 214 219 224 230 232 233 235 235 235 235 235 235 235 235 235 235 234 233 234 234 233 234 234 234 233 233 233 233 233 232 229 228 227 228 229 226 228 230 230 231 231 231 231 231 232 232 231 231 231 231 231 232 229 225 223 225 227 225 223 227 227 230 227 221 217 215 212 210 207 206 204 206 207 211 216
187 179 172 169 169 182 197 202 204 206 209 219 228 230 231 230 231 234 235 235 235 235 235 235 235 235 234 234 235 234 234 234 234 234 233 233 233 233 233 230 225 221 219 225 228 230 230 230 231 231 231 231 231 231 232 232 232 231 231 232 232 232 230 227 226 229 228 225 228 230 229 221 219 218 216 214 214 210 207 205 205 207 213 219
196 192 190 183 182 192 201 203 204 202 208 218 226 230 232 233 233 234 234 234 235 235 235 234 235 235 235 235 235 235 234 234 234 234 233 233 233 233 233 231 226 219 216 219 225 229 230 231 231 231 231 231 231 231 232 232 232 231 231 231 231 232 232 231 230 230 228 229 230 227 224 222 223 223 219 215 215 213 208 208 209 208 214 221
203 202 199 195 194 196 201 203 202 201 210 221 225 230 231 232 233 234 234 234 234 234 234 234 234 234 235 235 235 235 234 234 234 234 233 233 233 233 233 232 227 219 216 219 224 228 230 230 230 230 231 231 231 231 231 231 232 232 231 231 231 231 232 231 231 231 230 231 231 228 226 225 226 219 217 215 215 214 213 212 210 210 214 222
208 207 206 204 204 201 200 198 198 205 214 221 226 229 231 231 232 233 233 233 233 233 233 233 233 234 234 234 234 234 234 234 234 234 233 233 233 233 232 231 230 225 216 219 226 229 230 230 230 230 230 231 231 231 231 231 231 231 232 231 231 231 231 231 231 231 231 230 231 231 230 228 229 223 219 216 215 215 215 215 213 212 215 222
212 211 211 211 211 208 205 204 206 213 218 223 227 229 230 230 231 232 232 231 232 232 232 231 231 233 234 234 234 234 234 233 233 233 233 233 233 233 232 232 231 228 221 224 228 229 230 230 230 230 230 230 231 231 231 231 231 232 231 231 231 231 231 231 231 231 231 231 231 231 231 229 230 228 222 219 215 215 216 216 214 212 216 223
216 215 215 216 216 216 213 212 214 217 221 225 226 228 228 228 228 228 228 228 228 228 227 228 228 230 233 234 234 234 234 233 233 232 233 233 233 233 232 231 231 229 227 228 229 229 230 230 230 230 230 230 231 231 231 231 231 231 231 231 231 231 231 231 231 231 231 231 231 231 232 232 231 231 229 225 221 219 220 217 217 220 221 222
219 218 218 219 219 220 219 216 218 220 222 223 225 225 224 223 222 217 220 221 221 221 222 224 225 227 231 233 234 234 233 233 232 232 232 233 232 232 232 231 231 230 229 229 229 230 230 230 230 230 230 230 231 231 231 231 231 231 231 231 231 231 231 231 231 231 231 231 231 231 232 232 232 231 231 231 229 227 226 224 224 226 227 227
222 222 220 221 221 221 221 219 219 220 222 222 222 219 214 217 214 203 212 213 211 212 215 220 221 226 231 233 233 233 233 232 232 232 232 232 232 232 232 231 231 230 229 230 230 230 230 231 231 231 231 230 231 231 231 231 231 231 231 231 231 231 231 231 231 231 231 231 231 231 231 232 231 231 231 231 230 229 227 229 229 227 226 226
223 223 222 223 223 223 223 221 221 222 223 221 219 212 206 207 208 204 204 204 202 204 206 214 219 226 231 232 233 232 233 232 231 231 232 232 232 232 232 231 231 230 230 230 231 231 231 231 231 231 231 231 231 231 231 231 231 231 231 231 231 231 231 231 231 231 231 230 231 231 231 231 231 231 231 230 230 230 228 229 228 225 225 222
225 224 224 224 224 224 224 223 223 223 223 222 219 213 207 207 206 198 196 196 194 193 200 210 218 225 229 232 232 230 232 232 231 231 231 231 231 231 231 231 231 230 230 231 231 231 231 232 232 232 231 231 231 231 231 231 231 231 231 231 231 231 231 231 231 231 231 231 231 231 231 231 231 231 231 230 230 230 230 229 229 228 226 221
226 226 226 226 225 225 225 225 224 224 223 223 221 218 214 210 204 190 190 195 190 193 202 210 219 225 226 230 232 231 231 231 231 230 230 231 231 231 231 231 230 230 231 231 231 231 232 232 232 232 232 232 231 231 231 231 231 231 231 231 231 231 231 231 231 231 231 231 231 231 231 231 231 231 231 230 230 230 230 229 228 228 226 223
227 227 227 227 226 226 226 226 226 225 224 223 221 219 216 212 209 207 202 201 201 204 207 214 221 225 227 228 231 231 231 231 230 230 230 230 230 230 230 230 230 231 231 231 231 231 232 232 232 232 232 232 232 231 231 231 231 231 231 231 231 231 231 231 231 231 231 231 231 231 231 231 231 231 230 230 230 230 229 229 227 227 227 225
228 228 228 228 227 227 227 227 226 226 225 224 222 220 217 216 215 215 213 213 210 206 212 218 223 226 225 226 229 230 231 230 230 229 229 229 230 230 230 230 230 230 231 231 231 231 232 232 232 232 232 232 232 231 231 231 231 231 231 231 231 231 231 231 231 231 231 231 231 231 231 231 231 231 231 230 230 230 230 229 228 228 226 225
229 229 229 229 228 228 228 228 227 227 226 225 224 222 220 220 219 219 217 217 208 199 214 220 224 225 224 225 225 226 228 229 229 229 228 229 229 229 230 230 230 230 231 231 231 232 232 232 232 232 232 232 232 231 231 231 231 231 231 231 231 231 232 231 231 231 231 231 231 231 231 231 231 231 231 231 230 230 230 230 229 229 225 226
230 230 230 229 229 229 229 228 228 227 226 226 225 224 223 222 222 222 221 221 218 216 219 222 224 223 219 219 217 219 222 226 228 228 228 229 229 229 229 229 229 230 230 231 231 231 232 232 232 232 232 232 232 231 231 231 231 231 231 231 231 231 232 231 231 231 231 231 231 231 231 231 231 231 231 231 230 230 230 230 229 229 228 228
231 231 230 230 230 230 229 229 229 228 228 227 227 226 225 224 224 224 225 224 224 223 223 224 224 222 215 210 209 210 213 219 225 227 228 228 228 228 229 228 229 229 230 231 231 231 232 232 232 232 232 232 231 231 231 231 231 231 231 231 231 232 232 231 231 231 231 231 231 231 231 231 231 231 231 231 230 230 230 230 230 229 228 227
