08 Ecocrop/raster/current/tmin_12.asc
ncols        683
nrows        518
xllcorner    -87.691666666667
yllcorner    10.708333333333
cellsize     0.008333333333
NODATA_value  1.#QNAN
[rows 259 to 295 of 518, columns 252 to 335 of 683]
189 192 191 190 189 189 190 191 192 192 192 192 190 189 184 185 188 184 184 185 190 193 192 191 190 188 187 184 180 181 185 190 190 187 184 185 182 188 194 196 196 195 195 194 196 196 197 196 195 195 195 194 192 192 191 193 191 192 194 195 192 192 192 186 185 190 191 193 192 195 194 195 195 195 195 196 199 196 192 193 192 195 197 197
193 193 192 191 191 190 189 190 192 193 192 192 192 191 189 189 191 189 187 187 191 192 190 191 190 186 185 183 177 184 190 190 191 188 184 187 184 189 192 195 197 197 194 195 196 196 196 197 196 195 194 195 194 193 194 194 190 189 192 195 194 192 192 190 186 187 190 193 194 196 195 195 195 194 197 198 198 190 189 187 189 194 196 196
193 193 192 192 192 190 191 191 192 193 190 191 192 191 191 192 192 192 192 193 194 192 191 190 189 184 182 182 185 189 191 192 190 189 189 188 188 191 193 195 196 197 196 196 196 197 196 197 196 196 194 194 195 196 195 194 192 190 192 194 196 194 193 193 191 189 190 189 191 195 197 195 194 195 197 197 195 190 191 188 189 191 195 195
193 194 193 193 192 192 192 193 193 193 192 192 192 192 191 192 192 193 193 194 193 192 190 189 187 184 182 184 185 187 191 192 192 191 190 187 185 188 192 192 195 197 197 197 197 197 197 196 197 194 194 194 197 197 196 195 194 193 194 192 194 196 195 193 189 189 193 192 188 192 197 197 194 194 197 198 195 193 194 191 189 190 193 195
193 193 193 193 193 193 193 193 193 193 192 192 191 191 192 193 193 193 194 194 193 192 190 186 187 185 184 188 189 189 191 193 193 192 191 189 188 188 189 191 195 196 196 197 197 196 197 197 197 196 195 194 196 197 196 190 191 195 195 192 191 196 196 193 192 187 189 194 189 191 194 197 194 195 198 198 198 197 195 191 189 189 191 192
193 192 192 193 193 193 193 193 193 193 192 192 191 191 192 193 193 194 194 193 192 192 190 186 187 184 186 191 192 191 193 193 192 191 191 190 190 191 192 194 195 195 196 197 198 197 198 198 197 197 196 195 197 198 196 194 195 196 195 190 191 194 198 196 194 190 189 194 195 195 196 197 199 198 198 195 195 196 192 193 191 191 190 190
192 192 192 193 193 193 193 193 193 193 192 192 193 193 193 193 194 194 195 194 193 193 192 190 187 186 189 192 192 193 194 193 193 192 191 189 183 183 185 191 190 194 195 196 197 198 198 198 198 198 197 197 198 198 196 196 195 198 195 192 191 195 198 197 195 194 191 190 194 197 198 198 199 199 197 196 194 196 194 192 191 189 189 189
192 192 192 192 192 193 193 194 194 194 193 193 193 193 194 194 195 194 194 194 194 193 192 189 188 188 189 191 192 194 193 192 193 191 190 189 187 185 182 186 191 192 195 196 197 198 196 197 198 198 198 198 197 198 197 196 194 197 198 197 197 198 198 196 196 197 195 194 195 197 199 199 198 198 197 195 193 194 192 191 187 187 188 188
192 193 193 193 193 193 192 193 194 194 194 195 194 193 194 195 195 195 195 194 194 193 192 190 186 186 191 191 192 194 193 194 193 191 190 189 186 184 180 186 188 191 192 196 197 197 197 196 196 197 198 198 197 198 199 193 194 198 198 198 199 199 196 197 195 197 198 196 197 199 198 198 196 197 197 195 190 189 186 187 188 187 187 187
192 192 192 193 193 193 193 193 194 194 194 194 195 194 195 194 194 195 194 193 193 191 191 190 187 191 192 190 192 194 194 192 192 192 191 191 189 187 185 187 187 191 193 196 197 196 196 195 195 197 197 196 198 197 199 198 198 196 195 198 198 196 197 198 198 196 198 199 199 197 197 197 196 195 198 197 192 188 186 186 187 188 188 187
193 193 193 193 193 194 194 193 194 194 194 194 195 195 195 194 193 193 191 191 193 192 192 191 190 192 192 190 193 193 195 194 194 193 193 193 192 188 184 188 190 191 192 194 196 197 196 196 196 197 198 197 198 197 199 199 198 195 195 197 194 193 197 199 199 198 197 198 199 198 196 195 192 194 197 198 196 191 188 188 189 188 189 188
191 193 193 193 193 193 193 194 194 194 194 195 195 194 195 195 193 189 191 191 192 194 194 191 192 193 191 190 194 195 195 195 195 193 194 192 190 188 183 185 191 191 193 191 193 196 197 197 196 197 198 198 198 197 199 199 198 197 193 190 190 194 196 198 199 199 197 198 199 197 196 195 193 191 195 196 197 195 191 190 190 189 189 189
190 190 193 193 193 192 193 194 194 194 195 194 193 193 195 195 194 194 191 193 195 194 194 194 194 193 191 192 193 195 195 195 196 195 194 193 191 188 186 183 191 193 193 195 193 195 197 197 197 197 195 197 197 197 198 198 193 195 193 191 193 196 195 196 198 197 198 198 198 198 196 195 193 189 191 192 193 197 195 193 192 190 190 190
188 188 192 193 192 193 193 193 194 194 194 194 194 194 194 195 193 194 194 194 194 193 195 194 193 193 193 193 194 194 195 195 196 195 195 195 192 189 189 186 191 193 195 196 195 195 197 196 196 196 193 194 197 197 198 198 195 193 194 193 194 196 196 197 198 198 197 199 199 197 196 195 193 191 190 189 190 193 195 197 194 191 190 189
191 191 192 193 193 192 193 194 194 194 194 193 193 194 193 192 191 189 196 196 195 194 195 192 195 195 194 193 195 195 194 192 194 195 197 196 195 193 190 189 190 193 194 194 196 195 195 195 196 194 194 193 197 197 197 197 197 197 196 193 193 194 195 196 197 197 197 197 199 197 196 196 194 192 191 191 191 191 191 195 195 192 189 190
192 189 188 192 192 192 193 194 194 194 194 194 193 194 193 192 191 188 195 196 196 196 194 196 195 196 195 195 195 196 195 195 192 194 197 197 195 194 193 192 191 191 192 193 194 194 194 193 195 195 196 194 195 196 195 199 196 196 197 196 193 193 191 193 196 197 197 197 198 198 197 197 195 192 192 192 192 191 191 193 196 196 192 190
192 191 192 192 192 192 193 194 194 194 194 193 193 192 193 193 192 195 196 196 196 195 190 194 196 196 196 195 195 196 197 195 191 195 197 197 196 191 193 192 191 191 190 193 192 192 194 193 192 194 197 197 196 196 198 198 197 194 196 195 195 193 193 195 196 194 197 197 196 198 198 197 196 194 194 193 192 191 191 194 196 196 194 193
189 188 191 191 192 192 193 193 194 194 194 193 193 193 192 195 195 196 196 194 194 194 190 193 195 196 195 195 196 195 197 195 194 196 197 195 195 195 193 194 192 191 190 192 193 193 191 191 189 191 194 198 198 198 196 196 196 192 191 193 195 195 195 196 194 193 196 197 196 197 198 196 196 195 194 194 193 192 191 192 194 196 195 194
185 188 187 188 193 193 194 194 194 195 195 195 194 195 193 195 196 195 193 193 193 192 190 192 195 197 196 197 197 196 197 197 196 197 197 195 195 194 195 194 194 191 188 189 193 193 194 194 190 189 193 194 199 197 191 194 196 192 190 193 195 195 195 196 195 194 196 197 197 197 198 197 196 195 194 194 192 190 190 190 193 196 194 194
182 183 182 186 193 193 194 194 195 195 194 192 194 194 195 196 195 193 193 193 193 192 190 193 196 195 197 197 197 198 198 198 196 198 197 196 195 196 197 196 194 194 194 189 193 194 193 196 195 194 195 198 198 198 194 189 193 191 190 187 188 186 189 195 194 196 197 197 198 198 198 196 195 195 194 192 190 189 190 192 194 194 192 192
187 188 189 192 193 193 192 194 195 194 194 192 190 191 195 196 194 192 192 192 192 192 191 195 196 196 198 197 197 194 195 198 198 198 196 196 196 196 197 195 196 192 196 196 195 196 194 193 196 197 198 198 196 196 197 193 188 190 192 189 189 185 187 192 195 197 195 195 197 198 197 197 196 196 193 193 191 191 191 193 192 193 192 192
187 191 193 193 193 193 192 194 194 194 194 192 190 192 195 195 193 192 192 192 192 193 194 196 196 197 198 198 196 195 195 198 199 199 198 198 198 198 195 194 194 195 195 197 195 197 195 194 191 193 196 199 196 193 194 193 191 188 189 188 190 192 190 192 196 196 196 196 197 197 198 198 196 196 195 195 194 192 191 191 191 190 191 191
189 192 193 193 193 193 193 193 194 193 191 191 192 194 194 195 194 192 191 192 193 194 195 196 196 197 197 197 197 197 197 198 198 199 198 196 199 197 195 197 196 192 195 195 196 193 197 198 195 191 193 197 198 194 192 189 188 188 187 188 189 191 193 194 195 196 195 197 197 196 197 198 197 197 197 196 196 193 191 192 193 192 192 192
192 193 189 189 193 193 193 193 195 194 192 193 192 192 191 193 193 192 192 193 192 192 195 195 196 196 196 196 198 198 197 197 198 199 197 197 199 195 196 199 196 192 192 194 194 194 197 198 199 195 194 196 198 195 191 189 189 189 187 187 187 187 189 190 194 196 196 196 197 196 194 197 198 197 196 197 197 196 194 194 195 193 193 192
192 192 191 192 193 193 193 190 192 195 194 192 192 191 190 190 190 190 192 191 191 193 194 196 196 196 196 195 197 198 198 196 198 198 198 199 199 199 199 199 198 197 195 196 193 194 195 198 199 199 195 197 199 194 191 191 190 188 185 186 187 187 188 190 192 191 195 195 195 196 194 196 198 198 196 197 197 197 196 196 196 195 195 193
190 192 192 190 192 193 193 193 193 194 193 193 193 192 191 190 190 191 189 189 190 190 193 196 195 195 195 194 197 198 197 198 198 197 197 198 199 197 196 198 200 197 199 197 195 192 193 198 200 199 199 199 199 195 192 193 190 187 186 186 186 187 187 188 187 189 191 195 192 194 193 193 197 197 196 197 197 197 197 195 196 195 195 194
188 191 190 186 191 193 194 194 195 195 194 194 194 192 191 191 191 190 189 188 189 193 195 195 195 195 195 195 197 197 197 197 198 198 193 192 197 197 196 198 200 200 200 197 198 197 198 198 200 197 199 197 199 195 194 191 187 188 188 187 187 187 188 188 187 189 191 192 194 191 191 190 196 197 197 197 197 197 197 196 195 194 194 194
181 187 187 185 190 194 194 194 194 193 194 194 193 192 191 190 190 190 188 189 190 194 194 194 194 193 195 196 197 197 197 198 197 196 192 192 194 194 196 196 196 198 198 196 199 200 200 198 199 199 197 195 199 196 193 190 189 190 189 187 188 189 188 188 188 189 189 190 193 194 191 192 195 197 198 198 198 197 198 197 197 195 193 194
181 183 183 186 189 193 193 194 192 192 191 192 190 187 187 186 184 188 189 190 193 192 194 193 191 192 195 196 197 197 197 198 197 194 194 192 193 196 197 196 196 199 199 197 199 199 199 199 199 198 195 197 199 197 193 193 193 191 187 188 188 189 188 188 188 188 186 188 191 193 193 191 192 195 197 198 198 198 198 198 198 197 196 194
178 185 187 190 192 194 194 194 194 192 189 188 189 184 179 180 180 188 190 190 192 193 192 190 192 194 196 196 196 196 197 197 197 196 194 193 194 197 197 199 199 199 199 200 199 199 199 198 197 193 194 196 199 198 196 194 193 188 189 188 188 189 190 189 188 189 187 187 189 189 191 191 194 196 197 198 199 198 197 198 197 194 190 192
189 190 191 192 193 194 193 193 193 192 188 186 186 185 178 176 179 185 183 188 192 192 191 193 194 195 195 195 195 194 196 197 197 197 195 197 196 195 193 197 199 198 199 199 199 199 196 195 196 193 193 196 199 198 196 194 192 190 191 190 190 189 188 189 190 188 189 188 187 188 188 187 189 195 196 197 199 199 199 199 198 196 187 189
185 188 187 191 194 194 192 193 192 190 190 186 182 185 179 175 180 182 187 190 192 191 193 194 195 193 191 191 194 192 193 195 197 198 197 196 193 194 193 197 197 195 198 199 199 198 198 194 196 196 194 197 198 197 195 193 193 193 190 190 191 190 189 188 190 190 189 188 187 186 187 189 189 189 195 197 199 199 199 200 199 198 196 192
186 186 182 192 194 194 193 193 192 189 189 186 179 181 179 173 173 181 186 189 189 188 191 194 193 192 191 192 193 190 196 196 196 197 197 197 196 196 198 199 197 197 199 199 198 197 198 197 197 197 195 196 197 198 196 196 195 193 190 190 191 191 190 189 189 190 190 189 188 187 186 189 190 189 195 197 199 199 200 200 200 200 199 198
184 185 189 193 194 193 194 194 191 189 187 189 184 179 174 170 171 181 184 189 188 186 191 191 189 192 192 193 192 193 196 195 196 197 197 197 196 196 198 198 199 199 199 199 200 198 198 198 197 197 198 196 198 198 198 196 195 192 190 191 192 191 191 190 191 190 190 190 190 189 186 189 192 192 195 195 199 199 200 200 200 200 199 199
189 192 194 194 192 192 194 194 192 191 188 187 187 185 180 175 179 181 181 187 188 184 190 186 181 188 191 191 190 193 195 195 196 195 196 196 196 197 198 196 196 194 196 197 200 200 198 195 194 197 198 198 196 193 195 196 195 194 193 192 193 192 191 191 190 190 189 190 189 188 189 189 191 192 195 197 199 199 200 200 200 201 201 200
191 193 192 195 194 193 193 193 189 189 188 184 187 184 178 175 181 184 184 187 184 183 190 186 180 184 185 188 188 193 195 193 192 194 195 196 197 198 196 194 195 197 199 199 199 200 198 194 191 195 196 197 195 194 195 195 194 194 193 192 192 191 191 191 191 190 188 189 189 189 191 192 192 193 197 198 199 198 199 200 200 200 201 201
191 192 192 195 195 194 191 191 188 187 188 183 183 181 178 176 177 177 180 185 182 180 188 187 181 176 185 188 191 192 192 190 190 194 195 195 197 197 195 193 197 199 199 196 198 199 199 197 193 192 194 195 194 195 195 194 193 192 192 193 192 192 191 191 190 190 190 188 187 186 190 192 193 195 198 199 199 199 199 200 201 201 201 201
