08 Ecocrop/raster/current/tmin_4.asc
ncols        683
nrows        518
xllcorner    -87.691666666667
yllcorner    10.708333333333
cellsize     0.008333333333
NODATA_value  1.#QNAN
[rows 370 to 406 of 518, columns 420 to 503 of 683]
222 222 226 229 230 230 228 229 231 231 231 230 231 231 231 231 231 231 231 231 231 230 230 231 231 231 232 232 232 232 232 233 233 233 233 233 233 233 233 233 233 234 234 235 235 235 236 238 239 1.#QNAN 1.#QNAN 1.#QNAN 1.#QNAN 1.#QNAN 241 242 1.#QNAN 1.#QNAN 1.#QNAN 1.#QNAN 1.#QNAN 1.#QNAN 1.#QNAN 1.#QNAN 1.#QNAN 1.#QNAN 1.#QNAN 1.#QNAN 1.#QNAN 1.#QNAN 1.#QNAN 1.#QNAN 1.#QNAN 1.#QNAN 1.#QNAN 1.#QNAN 1.#QNAN 1.#QNAN 1.#QNAN 1.#QNAN 1.#QNAN 1.#QNAN 1.#QNAN 1.#QNAN
225 226 227 228 226 228 230 231 231 230 231 230 231 231 231 231 231 231 231 231 230 230 230 231 231 231 232 232 232 233 233 233 234 234 234 233 233 233 234 234 234 234 234 235 236 237 237 238 1.#QNAN 1.#QNAN 1.#QNAN 1.#QNAN 1.#QNAN 1.#QNAN 241 241 1.#QNAN 1.#QNAN 1.#QNAN 1.#QNAN 1.#QNAN 1.#QNAN 1.#QNAN 1.#QNAN 1.#QNAN 1.#QNAN 1.#QNAN 1.#QNAN 1.#QNAN 1.#QNAN 1.#QNAN 1.#QNAN 1.#QNAN 1.#QNAN 1.#QNAN 1.#QNAN 1.#QNAN 1.#QNAN 1.#QNAN 1.#QNAN 1.#QNAN 1.#QNAN 1.#QNAN 1.#QNAN
230 228 229 230 229 230 231 232 229 227 229 229 230 231 231 231 231 232 231 231 230 231 231 231 232 232 232 232 233 233 233 233 233 234 234 233 234 233 233 234 234 234 234 236 236 237 238 1.#QNAN 1.#QNAN 1.#QNAN 1.#QNAN 1.#QNAN 1.#QNAN 1.#QNAN 241 241 1.#QNAN 1.#QNAN 1.#QNAN 1.#QNAN 1.#QNAN 1.#QNAN 1.#QNAN 1.#QNAN 1.#QNAN 1.#QNAN 1.#QNAN 1.#QNAN 1.#QNAN 1.#QNAN 1.#QNAN 1.#QNAN 1.#QNAN 1.#QNAN 1.#QNAN 1.#QNAN 1.#QNAN 1.#QNAN 1.#QNAN 1.#QNAN 1.#QNAN 1.#QNAN 1.#QNAN 1.#QNAN
230 231 230 229 232 232 231 232 228 226 228 230 230 231 231 231 231 232 231 231 230 231 231 231 231 232 233 233 233 233 233 233 233 233 234 234 234 234 234 234 235 235 235 236 237 237 238 1.#QNAN 1.#QNAN 1.#QNAN 1.#QNAN 1.#QNAN 1.#QNAN 241 241 241 1.#QNAN 1.#QNAN 1.#QNAN 1.#QNAN 1.#QNAN 1.#QNAN 1.#QNAN 1.#QNAN 1.#QNAN 1.#QNAN 1.#QNAN 1.#QNAN 1.#QNAN 1.#QNAN 1.#QNAN 1.#QNAN 1.#QNAN 1.#QNAN 1.#QNAN 1.#QNAN 1.#QNAN 1.#QNAN 1.#QNAN 1.#QNAN 1.#QNAN 1.#QNAN 1.#QNAN 1.#QNAN
228 230 231 231 232 232 230 230 228 228 230 229 230 231 231 231 231 231 231 231 231 232 232 232 232 233 233 233 233 233 233 233 233 234 234 234 234 234 234 235 235 235 235 236 237 237 238 1.#QNAN 1.#QNAN 1.#QNAN 1.#QNAN 1.#QNAN 1.#QNAN 1.#QNAN 241 241 1.#QNAN 1.#QNAN 1.#QNAN 1.#QNAN 1.#QNAN 1.#QNAN 1.#QNAN 1.#QNAN 1.#QNAN 1.#QNAN 1.#QNAN 1.#QNAN 1.#QNAN 1.#QNAN 1.#QNAN 1.#QNAN 1.#QNAN 1.#QNAN 1.#QNAN 1.#QNAN 1.#QNAN 1.#QNAN 1.#QNAN 1.#QNAN 1.#QNAN 1.#QNAN 1.#QNAN 1.#QNAN
226 225 227 230 231 232 231 228 225 229 231 231 230 230 231 231 231 231 231 231 231 231 232 232 233 233 233 233 233 234 234 234 234 234 234 234 234 234 235 235 235 235 235 236 237 1.#QNAN 1.#QNAN 1.#QNAN 1.#QNAN 1.#QNAN 1.#QNAN 1.#QNAN 1.#QNAN 1.#QNAN 241 241 1.#QNAN 1.#QNAN 1.#QNAN 1.#QNAN 1.#QNAN 1.#QNAN 1.#QNAN 1.#QNAN 1.#QNAN 1.#QNAN 1.#QNAN 1.#QNAN 1.#QNAN 1.#QNAN 1.#QNAN 1.#QNAN 1.#QNAN 1.#QNAN 1.#QNAN 1.#QNAN 1.#QNAN 1.#QNAN 1.#QNAN 1.#QNAN 1.#QNAN 1.#QNAN 1.#QNAN 1.#QNAN
220 222 225 230 231 231 231 227 227 230 231 231 231 231 231 231 231 231 231 231 232 232 232 233 233 233 233 233 233 234 234 234 234 234 234 234 234 234 235 235 235 235 235 1.#QNAN 1.#QNAN 1.#QNAN 1.#QNAN 1.#QNAN 1.#QNAN 1.#QNAN 1.#QNAN 1.#QNAN 1.#QNAN 1.#QNAN 241 241 241 1.#QNAN 1.#QNAN 1.#QNAN 1.#QNAN 1.#QNAN 1.#QNAN 1.#QNAN 1.#QNAN 1.#QNAN 1.#QNAN 1.#QNAN 1.#QNAN 1.#QNAN 1.#QNAN 1.#QNAN 1.#QNAN 1.#QNAN 1.#QNAN 1.#QNAN 1.#QNAN 1.#QNAN 1.#QNAN 1.#QNAN 1.#QNAN 1.#QNAN 1.#QNAN 1.#QNAN
220 223 222 224 225 228 229 228 226 226 227 230 231 232 232 231 231 231 231 231 232 232 232 233 233 233 233 233 233 234 234 234 234 234 234 235 235 235 235 235 235 235 1.#QNAN 1.#QNAN 1.#QNAN 1.#QNAN 1.#QNAN 1.#QNAN 1.#QNAN 1.#QNAN 1.#QNAN 1.#QNAN 1.#QNAN 1.#QNAN 241 241 241 1.#QNAN 1.#QNAN 1.#QNAN 1.#QNAN 1.#QNAN 1.#QNAN 1.#QNAN 1.#QNAN 1.#QNAN 1.#QNAN 1.#QNAN 1.#QNAN 1.#QNAN 1.#QNAN 1.#QNAN 1.#QNAN 1.#QNAN 1.#QNAN 1.#QNAN 1.#QNAN 1.#QNAN 1.#QNAN 1.#QNAN 1.#QNAN 1.#QNAN 1.#QNAN 1.#QNAN
217 218 218 219 222 227 226 227 226 224 225 230 232 231 232 232 232 232 232 232 232 232 232 233 233 233 233 233 233 234 234 233 233 234 234 235 235 235 235 235 235 235 1.#QNAN 1.#QNAN 1.#QNAN 1.#QNAN 1.#QNAN 1.#QNAN 240 1.#QNAN 1.#QNAN 1.#QNAN 1.#QNAN 1.#QNAN 1.#QNAN 1.#QNAN 241 1.#QNAN 1.#QNAN 1.#QNAN 1.#QNAN 1.#QNAN 1.#QNAN 1.#QNAN 1.#QNAN 1.#QNAN 1.#QNAN 1.#QNAN 1.#QNAN 1.#QNAN 1.#QNAN 1.#QNAN 1.#QNAN 1.#QNAN 1.#QNAN 1.#QNAN 1.#QNAN 1.#QNAN 1.#QNAN 1.#QNAN 1.#QNAN 1.#QNAN 1.#QNAN 1.#QNAN
209 215 218 220 221 226 225 226 225 225 229 232 231 231 232 231 232 232 232 232 232 232 233 233 233 233 233 233 233 234 234 234 234 234 234 234 235 235 235 235 235 235 236 237 1.#QNAN 1.#QNAN 1.#QNAN 1.#QNAN 1.#QNAN 1.#QNAN 1.#QNAN 1.#QNAN 1.#QNAN 1.#QNAN 240 241 1.#QNAN 1.#QNAN 1.#QNAN 1.#QNAN 1.#QNAN 1.#QNAN 1.#QNAN 1.#QNAN 1.#QNAN 1.#QNAN 1.#QNAN 1.#QNAN 1.#QNAN 1.#QNAN 1.#QNAN 1.#QNAN 1.#QNAN 1.#QNAN 1.#QNAN 1.#QNAN 1.#QNAN 1.#QNAN 1.#QNAN 1.#QNAN 1.#QNAN 1.#QNAN 1.#QNAN 1.#QNAN
212 215 218 220 220 224 224 227 228 226 228 232 230 231 231 232 232 232 232 232 232 232 233 233 233 233 232 233 233 234 234 234 234 233 233 234 235 235 235 235 235 235 236 237 237 1.#QNAN 1.#QNAN 1.#QNAN 1.#QNAN 1.#QNAN 1.#QNAN 1.#QNAN 1.#QNAN 240 240 241 241 241 241 1.#QNAN 1.#QNAN 1.#QNAN 1.#QNAN 1.#QNAN 1.#QNAN 1.#QNAN 1.#QNAN 1.#QNAN 1.#QNAN 1.#QNAN 1.#QNAN 1.#QNAN 1.#QNAN 1.#QNAN 1.#QNAN 1.#QNAN 1.#QNAN 1.#QNAN 1.#QNAN 1.#QNAN 1.#QNAN 1.#QNAN 1.#QNAN 1.#QNAN
216 218 220 219 220 223 228 230 228 230 231 231 230 230 231 232 232 232 232 231 231 231 232 232 232 233 233 233 233 234 234 234 234 234 233 234 235 235 235 235 235 236 236 237 238 1.#QNAN 1.#QNAN 1.#QNAN 1.#QNAN 1.#QNAN 1.#QNAN 1.#QNAN 1.#QNAN 240 240 241 241 241 241 1.#QNAN 1.#QNAN 1.#QNAN 1.#QNAN 1.#QNAN 1.#QNAN 1.#QNAN 1.#QNAN 1.#QNAN 1.#QNAN 1.#QNAN 1.#QNAN 1.#QNAN 1.#QNAN 1.#QNAN 1.#QNAN 1.#QNAN 1.#QNAN 1.#QNAN 1.#QNAN 1.#QNAN 1.#QNAN 1.#QNAN 1.#QNAN 1.#QNAN
220 219 220 220 219 222 224 227 228 229 228 228 228 229 228 231 232 233 232 230 230 231 232 232 233 233 233 233 233 233 233 234 234 233 233 234 234 235 235 236 236 236 237 237 238 1.#QNAN 1.#QNAN 1.#QNAN 1.#QNAN 1.#QNAN 1.#QNAN 1.#QNAN 1.#QNAN 240 240 241 241 241 241 1.#QNAN 1.#QNAN 1.#QNAN 1.#QNAN 1.#QNAN 1.#QNAN 1.#QNAN 1.#QNAN 1.#QNAN 1.#QNAN 1.#QNAN 1.#QNAN 1.#QNAN 1.#QNAN 1.#QNAN 1.#QNAN 1.#QNAN 1.#QNAN 1.#QNAN 1.#QNAN 1.#QNAN 1.#QNAN 1.#QNAN 1.#QNAN 1.#QNAN
221 220 220 221 220 219 222 225 229 229 226 227 229 227 230 229 231 232 233 231 231 232 232 233 233 233 233 233 233 233 233 234 234 234 233 234 234 235 236 236 236 236 237 237 238 238 1.#QNAN 1.#QNAN 1.#QNAN 1.#QNAN 1.#QNAN 1.#QNAN 1.#QNAN 240 240 240 240 240 240 1.#QNAN 1.#QNAN 1.#QNAN 1.#QNAN 1.#QNAN 1.#QNAN 1.#QNAN 1.#QNAN 1.#QNAN 1.#QNAN 1.#QNAN 1.#QNAN 1.#QNAN 1.#QNAN 1.#QNAN 1.#QNAN 1.#QNAN 1.#QNAN 1.#QNAN 1.#QNAN 1.#QNAN 1.#QNAN 1.#QNAN 1.#QNAN 1.#QNAN
221 220 218 220 222 220 223 227 228 227 226 227 228 228 230 231 231 231 233 232 232 232 233 232 232 233 232 232 232 233 233 233 234 234 234 234 234 235 235 236 236 236 236 237 237 238 239 1.#QNAN 1.#QNAN 1.#QNAN 1.#QNAN 1.#QNAN 1.#QNAN 240 240 240 240 239 239 1.#QNAN 1.#QNAN 1.#QNAN 1.#QNAN 1.#QNAN 1.#QNAN 1.#QNAN 1.#QNAN 1.#QNAN 1.#QNAN 1.#QNAN 1.#QNAN 1.#QNAN 1.#QNAN 1.#QNAN 1.#QNAN 1.#QNAN 1.#QNAN 1.#QNAN 1.#QNAN 1.#QNAN 1.#QNAN 1.#QNAN 1.#QNAN 1.#QNAN
220 220 217 217 222 225 226 228 228 225 226 226 229 230 230 231 231 232 233 233 232 232 232 230 231 233 231 232 232 232 232 233 234 234 234 235 235 235 235 236 236 236 236 236 237 237 238 239 239 1.#QNAN 1.#QNAN 1.#QNAN 1.#QNAN 239 239 239 240 239 239 1.#QNAN 1.#QNAN 1.#QNAN 1.#QNAN 1.#QNAN 1.#QNAN 1.#QNAN 1.#QNAN 1.#QNAN 1.#QNAN 1.#QNAN 1.#QNAN 1.#QNAN 1.#QNAN 1.#QNAN 1.#QNAN 1.#QNAN 1.#QNAN 1.#QNAN 1.#QNAN 1.#QNAN 1.#QNAN 1.#QNAN 1.#QNAN 1.#QNAN
218 219 218 220 223 227 228 229 229 228 227 226 227 229 231 231 232 232 233 233 231 231 231 229 231 232 230 229 231 232 233 234 234 234 234 234 235 235 235 235 236 236 236 236 237 237 238 238 238 1.#QNAN 1.#QNAN 1.#QNAN 1.#QNAN 239 239 239 240 239 239 240 1.#QNAN 1.#QNAN 1.#QNAN 1.#QNAN 1.#QNAN 1.#QNAN 1.#QNAN 1.#QNAN 1.#QNAN 1.#QNAN 1.#QNAN 1.#QNAN 1.#QNAN 1.#QNAN 1.#QNAN 1.#QNAN 1.#QNAN 1.#QNAN 1.#QNAN 1.#QNAN 1.#QNAN 1.#QNAN 1.#QNAN 1.#QNAN
218 216 219 222 223 227 229 229 230 231 230 229 231 230 230 231 232 233 232 233 233 232 231 229 230 231 230 228 229 230 232 233 234 233 234 234 234 234 235 235 235 236 236 236 236 237 237 238 238 238 238 238 239 239 239 239 239 240 239 239 240 1.#QNAN 1.#QNAN 1.#QNAN 1.#QNAN 1.#QNAN 1.#QNAN 1.#QNAN 1.#QNAN 1.#QNAN 1.#QNAN 1.#QNAN 1.#QNAN 1.#QNAN 1.#QNAN 1.#QNAN 1.#QNAN 1.#QNAN 1.#QNAN 1.#QNAN 1.#QNAN 1.#QNAN 1.#QNAN 1.#QNAN
216 216 218 222 223 229 230 231 231 231 231 231 231 232 232 231 232 232 233 233 232 232 232 232 230 229 230 231 231 231 231 233 233 234 234 234 234 235 235 235 235 236 236 236 236 236 236 237 237 237 238 238 238 239 239 239 239 239 239 239 240 1.#QNAN 1.#QNAN 1.#QNAN 1.#QNAN 1.#QNAN 1.#QNAN 1.#QNAN 1.#QNAN 1.#QNAN 1.#QNAN 1.#QNAN 1.#QNAN 1.#QNAN 1.#QNAN 1.#QNAN 1.#QNAN 1.#QNAN 1.#QNAN 1.#QNAN 1.#QNAN 1.#QNAN 1.#QNAN 1.#QNAN
217 218 221 224 226 229 231 230 227 228 228 229 230 231 232 232 233 232 233 233 232 232 232 233 231 229 228 230 230 232 232 233 233 234 234 234 234 235 235 235 235 235 235 236 236 236 236 237 237 237 238 238 238 238 239 239 239 238 239 239 239 1.#QNAN 1.#QNAN 1.#QNAN 1.#QNAN 1.#QNAN 1.#QNAN 1.#QNAN 1.#QNAN 1.#QNAN 1.#QNAN 1.#QNAN 1.#QNAN 1.#QNAN 1.#QNAN 1.#QNAN 1.#QNAN 1.#QNAN 1.#QNAN 1.#QNAN 1.#QNAN 1.#QNAN 1.#QNAN 1.#QNAN
220 222 224 225 228 230 229 229 225 225 228 229 230 231 231 232 232 233 233 233 233 231 231 232 231 231 231 231 232 232 233 233 234 234 234 235 235 235 234 235 235 235 236 236 236 236 236 236 237 237 237 238 238 238 238 238 238 238 239 239 239 1.#QNAN 1.#QNAN 1.#QNAN 1.#QNAN 1.#QNAN 1.#QNAN 1.#QNAN 1.#QNAN 1.#QNAN 1.#QNAN 1.#QNAN 1.#QNAN 1.#QNAN 1.#QNAN 1.#QNAN 1.#QNAN 1.#QNAN 1.#QNAN 1.#QNAN 1.#QNAN 1.#QNAN 1.#QNAN 1.#QNAN
218 222 226 227 228 228 228 226 223 227 228 230 231 232 232 232 233 233 233 233 233 232 232 232 232 232 232 232 233 233 234 234 234 235 235 235 235 234 233 234 235 235 236 236 236 236 236 236 236 236 237 237 237 237 238 238 238 238 239 239 240 240 1.#QNAN 1.#QNAN 1.#QNAN 1.#QNAN 1.#QNAN 1.#QNAN 1.#QNAN 1.#QNAN 1.#QNAN 1.#QNAN 1.#QNAN 1.#QNAN 1.#QNAN 1.#QNAN 1.#QNAN 1.#QNAN 1.#QNAN 1.#QNAN 1.#QNAN 1.#QNAN 1.#QNAN 1.#QNAN
220 223 226 227 228 225 227 224 225 227 230 230 231 232 232 232 233 233 233 233 233 231 231 233 232 232 231 232 233 232 234 234 234 234 234 234 235 235 234 234 234 235 236 236 235 236 236 236 236 236 237 237 237 237 237 237 238 238 239 240 240 240 1.#QNAN 1.#QNAN 1.#QNAN 1.#QNAN 1.#QNAN 1.#QNAN 1.#QNAN 1.#QNAN 1.#QNAN 1.#QNAN 1.#QNAN 1.#QNAN 1.#QNAN 1.#QNAN 1.#QNAN 1.#QNAN 1.#QNAN 1.#QNAN 1.#QNAN 1.#QNAN 1.#QNAN 1.#QNAN
223 224 226 225 225 224 225 225 229 231 229 231 231 232 233 233 233 233 233 233 233 232 233 233 232 232 231 231 231 232 233 234 234 234 234 234 234 235 235 234 233 235 235 235 235 236 236 236 236 236 236 236 237 238 238 238 238 238 239 240 240 240 1.#QNAN 1.#QNAN 1.#QNAN 1.#QNAN 1.#QNAN 1.#QNAN 1.#QNAN 1.#QNAN 1.#QNAN 1.#QNAN 1.#QNAN 1.#QNAN 1.#QNAN 1.#QNAN 1.#QNAN 1.#QNAN 1.#QNAN 1.#QNAN 1.#QNAN 1.#QNAN 1.#QNAN 1.#QNAN
219 222 223 224 224 224 226 229 231 232 232 232 232 232 233 233 233 233 233 233 233 233 233 233 232 231 231 231 231 233 234 234 234 233 233 233 234 234 233 233 232 233 234 235 235 235 235 236 236 236 237 237 237 238 238 238 239 239 239 240 240 240 1.#QNAN 1.#QNAN 1.#QNAN 1.#QNAN 1.#QNAN 1.#QNAN 1.#QNAN 1.#QNAN 1.#QNAN 1.#QNAN 1.#QNAN 1.#QNAN 1.#QNAN 1.#QNAN 1.#QNAN 1.#QNAN 1.#QNAN 1.#QNAN 1.#QNAN 1.#QNAN 1.#QNAN 1.#QNAN
218 222 222 225 228 228 230 231 232 232 231 231 232 232 232 233 233 233 233 233 233 233 233 233 233 232 233 232 231 233 233 234 232 233 232 232 233 233 232 232 231 232 232 232 233 235 236 236 236 237 237 237 238 238 238 238 239 239 239 240 240 240 1.#QNAN 1.#QNAN 1.#QNAN 1.#QNAN 1.#QNAN 1.#QNAN 1.#QNAN 1.#QNAN 1.#QNAN 1.#QNAN 1.#QNAN 1.#QNAN 1.#QNAN 1.#QNAN 1.#QNAN 1.#QNAN 1.#QNAN 1.#QNAN 1.#QNAN 1.#QNAN 1.#QNAN 1.#QNAN
225 224 222 224 229 231 231 231 232 231 232 232 233 232 233 233 232 232 233 233 233 232 233 233 233 233 232 231 229 231 232 233 231 231 230 231 230 231 233 232 232 232 232 231 231 234 236 236 237 237 237 237 238 238 238 238 239 239 239 240 240 240 240 1.#QNAN 1.#QNAN 1.#QNAN 1.#QNAN 1.#QNAN 1.#QNAN 1.#QNAN 1.#QNAN 1.#QNAN 1.#QNAN 1.#QNAN 1.#QNAN 1.#QNAN 1.#QNAN 1.#QNAN 1.#QNAN 1.#QNAN 1.#QNAN 1.#QNAN 1.#QNAN 1.#QNAN
229 229 225 227 229 230 230 231 232 232 232 232 232 232 233 232 232 233 233 233 233 233 233 233 233 232 232 232 230 232 231 230 230 228 229 227 230 232 232 233 232 232 232 231 231 232 234 236 237 237 237 237 237 238 238 239 239 239 240 240 240 240 240 1.#QNAN 1.#QNAN 1.#QNAN 1.#QNAN 1.#QNAN 1.#QNAN 1.#QNAN 1.#QNAN 1.#QNAN 1.#QNAN 1.#QNAN 1.#QNAN 1.#QNAN 1.#QNAN 1.#QNAN 1.#QNAN 1.#QNAN 1.#QNAN 1.#QNAN 1.#QNAN 1.#QNAN
230 230 230 230 229 230 231 232 232 232 232 232 232 232 233 233 233 233 233 233 233 233 233 232 232 232 232 232 230 230 229 227 228 227 227 225 228 231 232 233 232 231 231 231 231 234 234 235 237 237 237 237 237 238 238 239 239 239 240 240 240 240 240 1.#QNAN 1.#QNAN 1.#QNAN 1.#QNAN 1.#QNAN 1.#QNAN 1.#QNAN 1.#QNAN 1.#QNAN 1.#QNAN 1.#QNAN 1.#QNAN 1.#QNAN 1.#QNAN 1.#QNAN 1.#QNAN 1.#QNAN 1.#QNAN 1.#QNAN 1.#QNAN 1.#QNAN
230 231 230 231 231 232 232 232 232 231 232 232 232 232 233 233 233 233 233 233 232 232 233 231 231 230 231 231 230 226 225 225 227 226 226 228 229 231 231 232 233 231 228 228 229 232 233 236 236 237 237 237 237 238 238 238 239 239 240 240 240 240 240 1.#QNAN 1.#QNAN 1.#QNAN 1.#QNAN 1.#QNAN 1.#QNAN 1.#QNAN 1.#QNAN 1.#QNAN 1.#QNAN 1.#QNAN 1.#QNAN 1.#QNAN 1.#QNAN 1.#QNAN 1.#QNAN 1.#QNAN 1.#QNAN 1.#QNAN 1.#QNAN 1.#QNAN
230 231 232 231 231 231 230 231 231 231 232 232 232 233 233 233 233 233 233 234 234 233 232 232 232 231 231 230 228 227 224 226 225 224 225 225 226 229 228 230 229 230 228 230 232 232 233 235 236 237 237 237 238 238 238 238 239 239 240 240 240 240 240 1.#QNAN 1.#QNAN 1.#QNAN 1.#QNAN 1.#QNAN 1.#QNAN 1.#QNAN 1.#QNAN 1.#QNAN 1.#QNAN 1.#QNAN 1.#QNAN 1.#QNAN 1.#QNAN 1.#QNAN 1.#QNAN 1.#QNAN 1.#QNAN 1.#QNAN 1.#QNAN 1.#QNAN
232 232 232 232 231 230 229 230 230 231 231 231 231 232 232 233 233 234 234 234 234 233 233 233 233 232 231 231 230 226 223 225 226 226 227 227 226 229 231 231 232 233 233 232 235 235 235 236 236 236 235 236 237 238 238 237 238 238 239 240 240 240 240 1.#QNAN 1.#QNAN 1.#QNAN 1.#QNAN 1.#QNAN 1.#QNAN 1.#QNAN 1.#QNAN 1.#QNAN 1.#QNAN 1.#QNAN 1.#QNAN 1.#QNAN 1.#QNAN 1.#QNAN 1.#QNAN 1.#QNAN 1.#QNAN 1.#QNAN 1.#QNAN 1.#QNAN
232 232 232 232 232 230 228 230 231 231 231 230 231 232 232 232 232 232 233 234 234 233 233 233 232 230 230 229 229 228 224 228 229 228 228 230 230 230 232 233 232 232 234 234 235 234 234 236 236 235 235 232 236 238 237 238 237 238 239 239 240 240 240 241 1.#QNAN 1.#QNAN 1.#QNAN 1.#QNAN 1.#QNAN 1.#QNAN 1.#QNAN 1.#QNAN 1.#QNAN 1.#QNAN 1.#QNAN 1.#QNAN 1.#QNAN 1.#QNAN 1.#QNAN 1.#QNAN 1.#QNAN 1.#QNAN 1.#QNAN 1.#QNAN
232 233 232 232 232 231 232 232 232 232 231 230 231 232 233 232 232 233 233 233 234 233 233 233 233 231 230 229 227 229 229 231 232 230 229 231 232 231 230 230 232 233 232 233 231 228 229 233 235 234 235 231 234 237 237 237 237 238 238 239 239 239 240 241 1.#QNAN 1.#QNAN 1.#QNAN 1.#QNAN 1.#QNAN 1.#QNAN 1.#QNAN 1.#QNAN 1.#QNAN 1.#QNAN 1.#QNAN 1.#QNAN 1.#QNAN 1.#QNAN 1.#QNAN 1.#QNAN 1.#QNAN 1.#QNAN 1.#QNAN 1.#QNAN
232 233 233 233 232 232 232 233 232 232 230 229 231 232 233 233 232 233 233 233 233 234 234 233 233 232 231 229 230 232 232 233 233 231 229 230 232 232 232 230 229 230 230 230 228 226 227 230 235 234 234 231 234 236 237 237 238 238 239 239 239 239 240 241 1.#QNAN 1.#QNAN 1.#QNAN 1.#QNAN 1.#QNAN 1.#QNAN 1.#QNAN 1.#QNAN 1.#QNAN 1.#QNAN 1.#QNAN 1.#QNAN 1.#QNAN 1.#QNAN 1.#QNAN 1.#QNAN 1.#QNAN 1.#QNAN 1.#QNAN 1.#QNAN
232 233 233 233 233 232 232 233 232 231 231 230 230 232 233 233 233 233 234 234 234 234 234 234 234 233 233 233 233 232 232 233 232 231 228 229 232 233 231 230 229 229 229 226 227 227 227 228 234 234 233 233 235 236 236 237 236 238 239 239 240 240 240 241 1.#QNAN 1.#QNAN 1.#QNAN 1.#QNAN 1.#QNAN 1.#QNAN 1.#QNAN 1.#QNAN 1.#QNAN 1.#QNAN 1.#QNAN 1.#QNAN 1.#QNAN 1.#QNAN 1.#QNAN 1.#QNAN 1.#QNAN 1.#QNAN 1.#QNAN 1.#QNAN
232 232 233 232 232 233 233 233 232 231 232 231 232 232 233 233 233 233 234 234 234 235 235 234 234 234 234 232 232 232 233 233 231 231 229 230 232 233 232 230 227 227 225 225 225 226 229 229 232 233 230 230 232 234 235 235 233 237 238 239 240 240 240 240 1.#QNAN 1.#QNAN 1.#QNAN 1.#QNAN 1.#QNAN 1.#QNAN 1.#QNAN 1.#QNAN 1.#QNAN 1.#QNAN 1.#QNAN 1.#QNAN 1.#QNAN 1.#QNAN 1.#QNAN 1.#QNAN 1.#QNAN 1.#QNAN 1.#QNAN 1.#QNAN
