08 Ecocrop/raster/current/tmin_9.asc
ncols        683
nrows        518
xllcorner    -87.691666666667
yllcorner    10.708333333333
cellsize     0.008333333333
NODATA_value  1.#QNAN
[rows 74 to 110 of 518, columns 336 to 419 of 683]
203 206 208 204 203 203 199 203 204 206 205 205 206 203 202 206 206 204 202 203 206 209 212 212 212 214 212 215 216 217 217 217 217 217 218 218 218 219 219 218 218 219 218 218 217 216 215 216 217 218 218 218 218 219 218 217 217 217 218 218 218 218 217 215 216 215 216 217 217 217 217 218 219 219 218 217 217 218 218 218 218 219 220 220
204 207 208 204 203 201 197 203 205 206 207 207 207 203 201 205 204 199 200 202 205 211 210 212 214 215 214 216 217 217 218 217 218 218 218 218 218 218 218 218 218 218 218 217 216 215 214 215 216 216 216 216 217 218 218 217 216 216 218 218 218 217 214 211 214 216 217 217 218 218 218 218 219 219 218 217 217 217 218 217 217 219 220 219
209 209 208 205 204 203 203 205 205 205 206 206 208 205 200 204 204 198 200 200 203 210 213 213 213 215 215 216 217 217 218 218 218 218 218 218 218 217 218 218 218 217 216 217 215 214 214 215 215 214 214 215 217 218 217 216 217 216 217 218 217 217 215 214 216 217 217 218 218 218 218 219 219 219 218 217 215 213 216 217 218 219 218 219
210 210 209 207 206 206 204 204 202 203 202 205 208 207 203 203 206 204 205 207 208 209 213 212 208 214 216 215 216 217 218 218 218 218 219 219 218 218 217 218 218 212 208 215 213 214 214 208 210 213 213 213 214 217 217 216 216 216 217 218 218 218 217 216 216 216 216 217 218 218 218 218 217 219 218 217 215 214 216 218 219 219 219 219
210 209 204 203 202 201 202 205 202 202 198 204 207 208 207 203 206 203 204 206 209 211 213 208 206 213 216 217 217 217 217 218 218 218 218 218 218 218 217 217 218 212 207 212 214 213 209 208 205 208 211 215 215 215 216 217 217 216 217 218 218 218 218 217 216 216 217 217 218 218 219 219 218 218 216 215 214 215 217 218 219 219 219 220
208 208 204 199 198 197 199 205 204 205 200 202 208 208 209 206 206 204 200 203 206 210 212 207 206 210 216 216 214 217 218 218 218 218 218 218 217 217 217 217 217 216 214 214 215 213 208 204 203 204 207 213 215 216 216 217 217 216 216 217 218 218 218 216 215 214 214 217 218 218 219 219 218 217 215 217 217 218 217 218 219 219 219 219
207 207 204 202 198 196 197 202 206 206 205 201 205 208 210 208 205 206 199 198 204 207 208 208 203 207 214 216 214 216 217 218 217 217 218 218 217 217 216 217 212 214 216 214 216 215 212 206 204 201 205 210 212 216 216 217 218 216 216 217 218 218 218 217 218 217 218 218 218 218 219 219 218 216 215 217 218 218 219 219 219 219 219 219
209 207 205 201 200 198 199 200 206 207 206 202 205 209 210 209 205 207 204 200 205 204 204 208 205 203 212 216 216 217 217 217 217 218 218 218 217 217 217 214 208 213 217 214 215 212 212 207 206 205 207 211 213 215 217 217 218 217 217 217 218 218 218 218 218 218 219 219 219 219 219 219 218 217 217 218 218 219 219 219 219 219 219 219
206 204 199 199 199 200 203 205 205 208 207 205 207 209 208 211 206 207 207 203 206 204 205 208 207 204 212 216 217 217 217 217 217 218 218 217 217 217 216 210 210 215 216 211 210 210 210 209 209 206 207 210 213 216 217 217 218 217 218 217 218 218 218 218 218 218 218 218 218 218 219 219 218 217 218 218 218 218 218 219 219 219 219 219
204 199 200 200 201 203 203 201 206 208 208 207 209 209 209 210 209 206 209 205 207 206 206 209 209 206 213 216 217 217 217 217 217 218 218 217 217 217 215 207 211 211 213 214 212 213 212 210 211 209 209 212 213 215 217 217 218 218 217 218 218 218 218 218 218 218 218 218 218 218 218 218 217 217 217 218 218 219 219 218 219 219 219 219
201 202 200 199 199 197 196 197 205 208 208 209 209 207 208 207 210 209 210 209 208 208 207 208 210 209 209 216 217 217 218 218 217 218 218 217 216 212 211 212 207 207 207 212 214 213 212 212 212 212 212 213 213 215 217 218 218 218 218 218 218 218 218 217 216 217 217 218 218 218 218 218 218 217 216 218 219 219 219 219 219 219 219 219
201 203 200 198 198 197 195 197 206 208 208 209 208 206 207 207 210 210 209 209 209 207 208 209 210 210 208 214 216 216 217 218 218 218 218 216 212 206 209 211 203 202 204 209 213 214 211 210 212 212 213 212 212 215 217 217 218 218 218 218 218 218 218 217 217 217 217 217 217 218 218 218 218 218 218 219 219 220 220 219 220 219 218 218
204 204 201 200 200 199 203 203 206 207 208 208 205 205 207 209 210 210 209 211 209 204 209 211 211 211 206 211 215 215 217 218 218 218 217 212 209 210 211 211 205 206 210 213 214 215 211 209 212 211 209 209 211 213 216 217 217 218 218 218 217 217 217 217 216 216 215 216 217 217 218 218 217 218 218 219 219 220 220 220 219 219 218 218
205 203 200 200 201 202 206 206 206 207 207 207 207 206 208 209 210 205 210 212 208 206 210 211 206 211 207 210 214 214 217 217 217 218 217 216 216 215 215 214 208 209 212 212 213 215 214 213 214 212 208 211 213 215 217 217 217 218 218 217 214 217 217 216 216 215 216 217 217 217 218 217 215 216 218 219 219 219 220 220 220 219 219 219
202 200 200 200 198 195 198 205 208 208 204 208 207 205 205 207 209 206 207 211 207 211 211 208 202 209 206 211 215 214 216 217 218 218 218 218 217 217 214 213 211 209 212 211 210 213 213 214 215 216 215 216 214 216 217 217 218 218 218 218 217 217 216 216 216 216 217 215 209 210 214 217 216 217 218 218 219 219 220 220 220 220 220 220
198 198 199 199 197 195 196 202 207 207 205 208 208 206 202 206 208 208 209 212 210 211 207 207 201 207 206 207 213 215 216 217 218 218 218 217 217 216 214 214 212 208 210 210 209 213 214 214 212 214 216 216 216 215 216 217 217 218 218 218 217 217 216 216 216 217 216 210 202 208 216 217 217 219 219 219 219 219 219 219 220 220 221 219
199 197 198 200 199 202 203 206 207 204 200 205 209 207 205 210 209 208 207 211 212 209 205 204 199 203 207 207 214 215 216 217 218 218 218 216 216 216 215 216 214 207 206 208 211 213 215 213 211 212 216 216 216 215 215 216 217 218 218 217 217 217 217 217 216 216 212 206 205 213 216 218 218 219 220 220 220 220 220 220 220 220 221 219
204 200 201 201 199 201 205 206 207 202 201 205 210 208 204 211 210 208 205 212 208 203 201 200 195 204 211 208 215 216 216 217 218 218 218 217 217 215 216 216 215 208 208 208 212 215 216 210 210 209 216 217 217 216 216 216 215 217 218 218 217 218 217 216 215 215 213 211 213 216 215 217 219 220 220 220 220 220 220 220 220 220 221 220
204 202 201 201 203 204 203 204 206 200 199 205 211 209 209 212 210 210 209 211 208 202 198 196 194 203 212 212 216 217 216 217 217 218 218 217 217 217 216 214 215 214 214 214 214 216 216 213 215 214 217 217 216 217 217 215 216 217 218 218 217 217 216 215 213 209 203 201 204 210 216 218 219 219 220 219 219 220 220 221 221 221 221 221
202 203 199 197 199 201 203 205 205 202 205 209 211 211 212 212 211 212 213 213 210 202 197 201 199 204 213 215 217 217 217 217 218 218 217 217 217 217 216 215 214 215 216 215 215 216 216 216 216 216 216 216 217 217 218 218 218 218 218 217 216 215 214 210 208 201 193 194 203 212 216 217 219 219 218 218 219 220 220 221 221 221 221 221
199 201 198 197 201 203 204 203 202 202 202 208 210 211 211 211 213 214 212 212 206 199 197 205 203 204 213 216 216 217 217 217 218 218 217 217 216 215 216 216 216 216 215 216 216 216 216 217 217 216 216 216 217 217 217 218 218 218 217 217 212 204 204 197 198 199 197 200 204 208 211 216 218 218 217 218 219 220 220 220 220 220 221 221
198 199 197 198 199 202 201 201 203 207 209 206 208 210 207 211 213 213 214 211 205 196 198 208 206 209 212 216 216 217 217 218 218 218 217 216 216 217 217 216 216 215 216 216 216 216 216 216 216 215 215 215 216 217 217 217 218 217 217 216 208 199 202 199 195 196 203 208 211 212 212 213 215 218 219 219 219 219 220 220 220 220 220 221
200 200 199 196 196 200 198 198 201 206 207 205 207 208 207 208 211 212 214 212 207 196 198 210 206 212 215 216 217 217 217 218 217 218 217 217 217 216 216 216 215 216 216 215 215 216 216 216 215 214 215 216 217 217 217 218 217 217 217 216 214 211 208 205 199 205 205 205 205 206 214 217 217 219 220 221 220 220 220 220 220 221 221 221
200 199 200 198 195 197 195 200 204 205 205 203 205 204 205 206 210 210 212 213 205 197 202 212 210 214 215 216 216 217 217 217 217 218 217 217 216 216 216 215 215 215 215 215 215 215 215 215 216 214 214 214 216 217 217 217 217 217 216 214 209 210 212 206 206 210 207 208 205 200 205 212 215 219 220 221 221 221 221 221 220 221 221 221
197 198 197 198 196 197 197 198 199 202 204 204 207 204 204 208 208 207 209 214 206 204 206 214 214 215 216 216 216 217 217 217 217 217 217 216 215 216 216 215 215 215 215 214 215 215 215 216 216 213 211 212 214 216 217 217 217 216 214 215 214 214 213 213 213 213 214 214 209 205 206 211 216 218 219 221 221 221 221 221 221 221 221 221
196 196 195 198 200 202 202 196 197 199 205 207 208 205 204 206 206 206 211 215 209 212 211 215 215 215 215 216 216 216 216 216 217 217 217 216 216 216 216 216 216 215 216 214 215 215 216 216 216 213 210 212 214 216 217 217 216 213 210 212 213 213 216 216 216 217 217 217 215 215 212 214 215 217 219 221 221 221 221 222 221 221 221 221
193 193 192 200 198 200 203 200 203 204 203 208 208 205 200 204 209 210 213 215 212 213 215 216 215 215 216 216 216 216 217 216 216 217 217 217 217 215 215 216 216 216 216 215 215 215 216 215 216 215 213 210 212 215 216 216 214 212 211 213 215 215 214 216 218 219 219 219 219 219 219 219 218 219 220 221 221 221 221 222 222 222 221 221
194 196 197 200 193 197 202 205 206 206 207 209 207 201 196 206 213 212 214 215 215 212 214 215 216 216 216 216 217 217 216 216 216 217 217 217 216 216 216 216 216 215 215 215 215 214 215 212 214 215 213 209 208 209 215 213 212 214 215 214 215 217 216 216 218 219 219 218 219 217 219 221 220 220 221 221 222 221 221 222 222 222 222 221
193 195 197 198 194 195 201 205 207 207 208 210 207 198 199 209 213 213 215 216 216 215 215 216 216 217 217 217 216 215 216 216 216 217 217 217 217 216 216 215 215 215 214 214 214 213 215 214 213 215 213 208 205 203 213 210 212 215 216 216 217 218 218 218 219 220 220 220 220 219 220 221 221 221 222 222 222 222 222 222 222 222 222 222
192 194 190 194 197 199 203 205 204 204 205 209 207 202 206 212 214 214 215 214 216 216 216 216 216 216 216 216 213 215 216 216 217 217 217 217 216 216 216 215 215 216 215 215 215 214 215 215 214 212 212 211 209 209 212 214 216 217 217 218 218 219 219 219 220 219 219 219 218 218 220 220 221 222 221 221 221 221 222 222 222 222 222 222
189 189 188 196 199 200 200 199 202 206 207 209 210 206 212 213 214 215 214 215 216 216 216 216 216 214 215 213 210 214 216 216 217 216 216 217 217 216 216 216 216 215 216 215 214 212 213 215 215 213 213 213 212 213 214 215 214 213 216 217 218 217 218 219 219 219 219 220 217 216 218 220 221 222 220 220 220 221 222 221 221 221 221 222
191 186 188 194 191 192 200 203 203 204 209 211 212 211 212 211 212 214 215 215 216 216 215 211 212 214 214 215 215 216 217 217 217 216 216 216 216 217 216 217 216 216 216 212 208 206 211 215 215 214 213 213 213 214 214 215 215 217 218 218 218 218 218 219 219 220 219 220 219 220 220 221 221 221 221 220 220 221 222 221 221 221 221 222
190 185 186 194 193 194 202 205 208 209 210 210 212 211 212 211 210 214 215 215 216 215 214 208 210 214 214 216 216 216 217 216 216 216 216 216 216 216 217 217 216 216 214 208 210 205 208 212 213 213 214 213 210 213 213 215 216 218 218 218 218 219 219 220 220 220 220 221 221 221 221 221 221 220 221 220 221 221 221 221 221 221 221 222
183 179 183 190 198 196 200 205 207 207 209 209 210 212 212 210 206 212 215 215 215 215 213 212 213 215 215 216 217 217 215 215 216 216 216 216 216 216 216 216 215 214 213 212 210 208 210 212 213 212 210 208 212 212 214 217 218 218 219 218 218 218 219 220 219 220 220 221 220 221 221 221 221 220 220 221 221 221 221 221 221 221 221 222
181 173 181 190 200 200 200 203 201 206 210 210 210 212 211 205 204 212 214 214 212 212 213 215 215 215 216 216 216 216 216 216 216 216 216 216 216 215 216 216 214 210 205 201 197 199 203 206 208 211 208 209 211 213 216 218 218 218 218 219 219 219 220 220 219 220 220 220 220 220 221 221 221 221 220 221 221 221 221 221 221 221 221 221
185 177 183 192 200 204 205 207 206 208 210 211 211 212 209 203 204 211 213 212 208 212 214 215 215 215 216 215 216 215 216 216 216 216 216 216 216 216 216 214 204 198 195 190 190 194 202 206 207 208 211 212 214 216 217 218 219 219 219 219 219 219 219 220 219 219 219 218 219 220 221 220 221 221 221 221 221 221 221 221 221 221 221 221
187 181 187 192 199 205 207 208 208 210 211 211 212 212 209 204 205 211 212 212 212 214 215 215 214 216 215 215 215 216 216 216 215 214 215 216 216 216 214 203 198 196 201 195 184 199 206 208 211 212 214 216 216 218 218 218 219 218 219 218 217 218 219 219 218 218 218 217 219 220 220 220 220 220 220 220 220 221 221 221 221 221 222 222
