08 Ecocrop/raster/current/tmin_11.asc
ncols        683
nrows        518
xllcorner    -87.691666666667
yllcorner    10.708333333333
cellsize     0.008333333333
NODATA_value  1.#QNAN
[rows 148 to 184 of 518, columns 168 to 251 of 683]
160 161 157 157 162 168 170 172 173 174 175 175 170 168 171 173 171 167 163 165 168 171 173 172 173 170 166 161 155 158 158 160 158 159 155 149 146 147 146 146 146 152 154 151 159 164 168 174 171 167 168 167 172 175 176 179 180 186 190 192 193 186 185 187 186 185 183 183 184 184 185 186 188 188 184 186 182 180 177 173 168 161 151 155
159 162 164 162 163 163 168 171 173 174 175 174 172 172 173 174 169 164 160 166 171 173 174 174 173 170 165 159 155 158 159 159 161 159 157 151 147 146 147 145 149 152 152 153 158 164 170 171 165 165 168 173 176 177 177 177 182 188 187 191 191 188 187 187 185 184 182 183 182 184 186 188 190 187 184 183 182 178 177 171 162 155 149 145
157 162 164 167 168 166 169 172 173 174 173 174 175 175 175 174 168 164 167 169 173 175 175 174 172 168 162 157 157 159 160 159 162 158 154 149 148 150 151 148 149 150 151 155 162 165 171 166 163 165 168 175 179 181 182 181 186 186 185 189 193 190 190 190 188 186 181 181 184 185 185 187 189 183 180 180 181 180 177 169 163 157 149 144
152 155 159 164 169 170 171 172 173 173 170 169 173 176 176 174 171 169 172 171 175 176 175 174 172 167 160 158 159 160 160 160 162 159 151 151 153 152 153 150 147 148 151 159 161 166 168 165 161 165 172 177 179 183 185 187 187 184 186 186 189 193 190 187 188 186 181 179 183 184 183 185 189 187 183 180 176 177 174 172 163 156 154 149
157 156 158 163 168 171 172 173 173 170 170 168 169 174 176 174 170 173 174 174 177 177 176 175 173 169 167 161 160 160 160 160 163 158 150 153 157 154 152 150 148 153 155 159 163 164 166 163 161 164 169 175 181 181 183 182 184 182 182 185 190 192 186 185 187 184 182 180 180 184 184 187 183 185 188 183 178 174 168 168 168 160 161 157
157 160 161 163 167 170 172 171 171 171 172 170 168 172 176 175 169 172 175 177 177 175 175 174 172 172 167 164 165 162 160 163 162 155 155 157 157 150 150 150 150 156 159 161 158 161 162 161 165 169 172 179 182 180 182 180 182 184 186 188 193 187 182 184 185 183 179 181 182 186 184 183 179 183 187 182 174 168 158 161 165 163 165 165
159 160 162 165 167 170 170 168 167 170 171 172 172 170 175 177 171 174 176 177 178 176 175 173 173 173 168 168 166 162 162 165 160 154 157 161 155 152 152 150 155 159 159 162 159 160 160 160 165 170 175 178 178 179 178 177 181 179 186 189 192 188 184 185 184 182 178 178 183 185 179 179 182 181 182 184 174 173 164 157 160 165 168 168
160 161 163 165 167 169 168 167 166 166 168 171 173 174 174 177 176 177 178 179 179 177 175 175 175 173 169 170 169 164 159 166 160 159 161 162 157 153 156 153 159 162 163 164 166 163 160 159 157 164 172 175 175 174 174 176 176 182 185 189 193 188 186 187 184 183 179 181 183 182 178 178 181 175 172 180 180 182 173 165 167 161 167 170
161 163 164 164 167 168 168 168 167 163 167 171 173 175 176 177 178 178 178 177 179 176 175 177 175 174 173 171 167 159 160 164 166 164 159 161 159 158 158 155 160 161 160 162 168 165 160 154 157 163 172 172 170 171 173 177 181 185 187 189 193 190 190 186 183 181 177 177 181 180 178 175 177 177 166 168 177 181 180 173 171 162 164 171
160 162 164 166 168 169 168 170 169 166 168 171 173 175 176 175 174 176 177 175 178 179 178 176 175 172 169 167 162 158 156 164 163 158 156 158 155 155 157 156 161 160 161 166 167 169 162 157 165 168 171 170 169 175 180 183 183 185 187 191 192 190 188 188 185 182 176 173 178 176 173 171 169 174 169 168 169 173 177 179 170 169 171 170
160 160 163 167 168 169 169 170 171 170 168 171 173 175 176 175 174 174 175 177 177 178 179 177 174 173 170 163 159 156 162 167 164 160 156 152 150 152 154 158 162 165 165 163 168 169 158 156 164 167 168 168 171 178 181 183 186 188 190 193 192 190 189 187 183 178 172 172 177 169 165 168 163 166 170 167 166 163 168 178 178 176 175 173
162 161 165 168 169 170 170 170 170 171 170 172 173 174 175 175 172 172 176 178 178 177 177 179 176 175 168 163 160 157 162 163 169 166 162 154 152 149 152 161 166 168 167 163 167 168 162 166 167 169 170 170 174 182 185 186 187 190 191 191 188 191 188 187 183 179 170 169 174 172 164 164 163 165 172 172 170 170 167 173 178 172 167 162
166 166 166 168 170 171 171 170 171 172 172 172 173 174 175 175 173 173 176 177 176 176 176 178 178 171 164 162 165 161 160 161 170 164 158 156 153 151 160 164 168 170 171 167 170 175 172 172 172 172 175 170 178 182 183 186 186 188 193 190 187 190 188 185 181 176 172 173 170 165 163 163 168 168 171 174 174 174 174 176 177 172 165 159
169 168 167 167 168 169 171 171 172 171 173 173 174 175 176 176 175 175 177 177 176 175 176 179 176 167 164 163 166 168 169 165 171 164 159 157 153 159 166 168 166 169 172 168 169 173 178 174 176 174 177 176 179 179 183 186 190 193 191 189 185 190 186 185 182 181 177 171 168 162 165 168 170 170 172 173 175 172 173 175 175 174 167 166
169 169 166 165 166 168 170 170 171 172 173 174 175 175 176 176 177 177 177 177 175 175 175 178 176 169 166 166 165 170 173 169 169 165 163 158 160 169 169 170 167 171 173 174 174 174 178 181 179 172 177 180 181 176 180 186 190 192 189 189 186 187 188 186 185 185 180 171 162 160 164 170 170 170 173 175 175 174 174 177 175 174 172 169
169 170 167 164 165 167 169 169 168 171 172 173 174 174 174 174 176 177 178 177 175 174 177 178 179 172 173 172 172 176 172 170 171 161 155 158 169 173 172 170 169 172 174 175 178 177 177 176 182 174 174 181 177 174 180 183 187 192 188 185 186 186 184 179 175 182 180 168 160 160 167 169 170 172 173 175 173 173 176 174 170 171 168 166
172 171 168 166 166 165 168 168 168 170 171 171 171 171 171 174 176 177 178 178 177 177 179 178 178 178 178 179 178 180 173 169 176 169 163 167 174 175 171 167 167 171 173 176 178 181 181 179 184 177 177 183 180 178 180 187 189 192 191 189 188 186 183 181 178 178 179 174 164 161 167 170 171 172 172 171 172 173 176 174 168 163 168 170
173 172 169 167 166 165 166 165 168 169 168 169 167 165 171 175 175 177 177 176 176 177 178 174 177 171 173 176 173 180 177 170 172 177 175 175 178 175 170 166 168 172 171 173 177 180 181 182 185 183 184 185 187 184 181 188 192 192 188 186 186 182 182 179 177 175 169 175 170 163 164 169 165 166 169 166 172 173 175 174 170 168 170 174
172 172 170 168 166 162 163 162 165 168 169 170 169 170 174 173 175 175 174 174 174 175 178 174 173 170 170 170 173 178 180 177 178 177 180 180 177 174 171 165 167 167 172 174 176 181 183 181 184 183 187 186 190 190 186 187 191 193 190 188 186 181 175 171 174 169 163 168 171 160 159 165 159 165 165 166 173 174 173 174 174 172 170 175
172 172 168 168 165 162 162 164 163 166 169 170 172 171 170 173 171 169 171 171 174 177 175 173 172 166 166 165 170 172 177 179 181 182 182 177 170 167 172 171 164 166 171 172 177 179 183 184 182 176 179 189 186 190 190 190 193 192 189 187 184 182 176 168 165 159 155 155 165 159 157 160 157 161 160 162 170 171 172 172 172 171 171 174
171 169 167 168 164 160 159 163 165 164 164 169 168 165 170 169 168 167 170 172 173 175 172 172 172 170 163 160 164 167 171 177 182 181 177 173 170 165 166 168 167 164 168 167 167 172 179 173 172 181 184 187 186 190 191 193 193 190 190 189 185 179 178 173 165 154 145 146 158 159 151 154 151 157 162 165 169 171 167 168 168 174 179 180
170 170 166 169 164 163 162 160 160 162 166 167 164 166 165 166 164 167 169 172 175 172 171 171 169 171 165 160 162 169 175 179 183 183 176 169 165 161 160 158 160 156 160 160 161 168 170 163 167 174 181 187 189 189 190 193 191 188 186 183 183 182 179 173 169 161 149 139 147 151 143 145 145 152 163 166 163 167 169 170 172 176 180 184
168 167 166 170 166 165 165 162 163 164 164 162 161 163 162 164 165 168 170 173 171 170 167 171 167 168 166 162 166 171 178 180 184 180 176 169 157 154 158 151 153 156 160 164 172 169 159 160 165 169 180 186 189 187 190 192 190 189 184 179 181 180 176 172 165 159 152 139 144 148 137 136 138 142 153 159 163 168 174 174 175 176 181 183
168 165 167 169 168 166 167 165 161 159 159 158 158 159 159 166 167 169 171 166 165 163 164 167 166 165 165 169 173 176 178 183 185 180 173 164 158 164 160 152 159 161 164 166 174 164 152 151 156 166 179 186 188 186 187 191 189 188 184 177 175 176 172 172 168 157 144 137 135 146 143 133 135 139 147 156 167 171 167 170 174 175 173 173
164 164 167 172 169 170 167 162 157 156 152 150 151 158 164 166 169 166 169 162 160 160 161 160 162 161 163 172 175 177 180 184 185 178 166 156 159 167 168 162 166 161 169 172 173 161 148 150 156 163 176 185 186 184 189 192 190 185 185 179 174 171 169 168 165 157 146 134 134 142 139 133 134 142 153 160 165 165 167 170 170 170 168 168
165 165 168 172 170 166 164 160 155 150 145 147 157 163 167 168 166 164 165 161 153 157 159 162 165 166 167 172 176 179 181 186 184 176 162 159 158 163 172 166 171 165 176 176 171 157 153 155 157 167 178 184 185 186 189 190 191 187 187 179 174 173 171 166 165 159 155 136 132 132 135 128 132 141 147 155 160 164 167 169 165 164 168 168
169 169 170 173 167 167 164 162 154 147 143 147 156 162 166 162 162 159 161 157 159 166 170 172 174 171 174 168 176 179 183 186 186 176 165 168 162 169 175 173 175 174 181 178 171 155 157 169 170 176 180 183 184 185 189 191 191 189 187 186 179 177 176 172 171 166 158 145 135 127 129 130 134 138 146 154 159 164 167 169 168 169 170 164
172 172 172 172 170 168 165 162 156 147 146 156 160 164 164 161 158 157 155 158 163 165 169 172 173 178 176 175 180 181 185 184 187 181 177 173 169 176 178 175 176 180 183 180 173 157 160 173 179 181 182 182 185 187 188 192 190 189 186 183 183 181 179 176 170 164 158 139 127 129 135 138 137 142 149 158 158 161 163 167 170 172 169 166
173 174 172 175 172 169 164 159 155 146 143 151 157 161 159 160 159 159 158 157 158 164 169 171 174 175 177 180 182 183 181 175 184 187 180 177 172 181 175 173 176 181 186 184 179 169 164 173 182 184 184 183 186 187 187 189 192 191 182 178 182 184 182 177 167 158 148 134 136 133 131 144 146 150 157 162 159 159 160 163 167 174 174 171
177 174 174 176 172 167 163 156 146 141 138 148 155 160 161 162 163 163 162 160 158 159 164 164 172 173 173 175 177 180 177 171 181 186 186 182 182 184 182 181 183 185 187 183 184 180 177 176 184 186 185 186 185 187 189 186 187 191 183 178 181 186 184 178 168 153 143 140 151 146 141 141 153 157 159 164 162 160 160 163 165 174 177 174
178 174 176 175 171 166 160 154 146 139 143 151 158 159 157 156 159 160 164 160 160 158 154 162 170 167 165 166 170 170 172 176 183 186 188 187 188 187 185 183 186 188 188 187 187 186 184 184 185 186 187 189 186 185 188 190 189 187 186 186 186 185 183 178 171 162 154 153 159 155 153 150 153 161 163 166 163 163 163 163 165 171 177 176
179 178 178 174 168 161 165 155 146 139 146 148 156 152 147 150 156 157 164 159 161 162 158 159 158 155 153 158 164 175 179 180 184 188 190 188 188 188 186 186 188 188 189 189 188 188 187 186 187 186 187 189 190 188 188 191 189 184 184 190 189 187 185 180 175 167 161 161 165 162 159 157 155 160 166 169 165 162 166 167 166 172 178 179
175 177 180 176 168 168 165 157 145 142 146 152 151 146 148 154 156 159 164 164 163 160 157 152 157 161 162 171 174 182 186 187 188 189 190 189 190 189 188 187 189 189 189 189 190 188 190 188 190 184 186 188 191 191 191 190 189 190 190 191 190 189 186 181 179 175 167 167 169 168 165 164 160 160 167 171 170 165 170 169 169 168 177 179
174 177 179 177 172 169 163 155 152 157 160 158 149 141 145 151 154 161 166 166 165 163 151 149 164 174 174 180 185 186 186 187 189 188 187 189 190 190 189 188 188 187 189 189 190 189 190 191 191 188 188 189 190 184 188 190 189 191 192 191 190 188 186 184 183 180 171 173 175 171 169 168 163 165 166 169 172 173 172 169 172 172 177 179
176 174 178 177 174 169 165 161 161 165 161 152 146 142 143 151 159 160 160 167 168 163 153 149 159 171 182 185 188 187 186 187 188 187 188 188 189 189 189 189 186 186 188 189 189 188 191 191 191 191 189 190 189 181 181 188 189 190 190 189 190 187 183 186 186 179 174 175 177 174 174 168 161 164 169 170 171 177 177 173 175 177 177 180
179 179 179 179 176 171 169 166 166 169 160 151 145 145 145 148 150 149 151 162 168 168 163 156 163 178 187 187 186 184 185 187 186 186 185 185 186 187 187 188 189 188 188 189 190 190 192 191 189 188 185 184 186 185 183 185 188 189 188 189 190 190 188 187 187 183 181 181 181 178 176 170 164 164 167 172 171 177 179 174 177 180 179 179
174 174 174 178 178 175 173 169 171 167 160 154 149 148 143 143 142 141 146 153 160 172 166 168 176 184 186 184 178 179 179 178 181 183 183 183 185 186 187 185 186 189 190 190 189 191 192 186 179 185 185 182 182 182 183 181 188 188 184 187 189 189 188 186 187 185 184 182 181 179 177 168 168 171 168 172 177 178 180 174 176 180 181 180
