08 Ecocrop/raster/current/tmin_4.asc
ncols        683
nrows        518
xllcorner    -87.691666666667
yllcorner    10.708333333333
cellsize     0.008333333333
NODATA_value  1.#QNAN
[rows 333 to 369 of 518, columns 168 to 251 of 683]
236 236 236 236 237 237 237 237 237 236 236 236 236 236 236 236 236 236 236 236 236 235 234 233 232 231 231 230 230 230 230 230 230 230 230 231 231 231 232 232 232 232 232 232 233 233 233 233 233 234 234 234 234 234 234 234 234 234 233 230 223 219 225 223 226 225 222 222 223 227 228 225 221 224 230 228 231 230 226 228 227 225 218 215
236 236 236 236 237 237 237 237 237 236 236 236 236 236 236 236 236 236 236 236 236 235 234 233 232 231 231 231 230 230 230 230 231 231 231 231 231 231 232 232 232 232 232 232 233 233 233 233 233 234 234 234 234 234 234 234 234 234 233 229 224 220 229 228 226 224 222 224 228 231 231 231 229 226 229 230 232 230 225 222 226 222 217 211
236 236 236 237 237 237 237 237 237 236 236 236 236 236 236 236 236 236 236 236 236 235 234 233 232 231 231 231 231 231 231 231 231 231 231 231 231 232 232 232 232 232 232 232 233 233 233 233 233 234 234 234 234 234 234 234 234 234 234 232 223 223 230 227 223 222 225 229 231 227 232 232 232 229 228 232 232 231 227 224 226 222 217 211
236 236 236 237 237 237 237 237 237 237 236 236 236 236 236 236 236 236 236 236 236 235 234 233 232 231 231 231 231 231 231 231 232 232 232 231 232 232 232 232 232 232 232 233 233 233 233 233 234 234 234 234 234 234 234 234 235 235 235 234 229 229 231 225 223 225 230 233 231 226 232 233 233 232 232 232 233 232 230 228 225 219 214 211
236 236 237 237 237 237 237 237 237 237 237 236 236 236 236 236 236 236 236 236 236 235 234 233 232 232 232 232 232 232 232 232 232 232 232 232 232 232 232 232 232 233 233 233 233 233 233 233 233 234 234 234 234 234 235 235 235 235 235 235 234 234 232 228 227 230 233 234 231 230 234 234 234 234 233 233 233 232 231 228 226 224 219 215
236 237 237 237 237 237 237 237 237 237 237 236 236 236 236 236 236 236 236 236 236 235 234 233 232 232 232 232 232 232 232 233 233 233 232 233 233 232 233 233 233 233 233 233 233 233 233 233 234 234 234 234 234 234 235 235 235 235 235 235 234 233 233 234 233 233 234 235 233 234 235 234 234 233 233 233 233 233 232 231 229 227 223 222
237 237 237 237 237 237 237 237 237 237 237 236 236 236 236 236 236 236 236 236 235 235 234 233 232 232 232 233 233 233 233 233 233 233 233 233 233 233 233 233 233 233 233 233 233 233 233 234 234 234 234 234 234 234 235 235 235 235 235 235 233 231 232 235 235 235 235 235 235 234 235 235 234 234 234 234 233 232 231 231 230 229 227 226
236 236 237 237 237 237 237 236 236 236 236 236 236 236 236 235 235 235 235 235 235 234 233 232 232 232 232 233 233 233 233 233 233 233 234 234 234 233 233 233 233 233 233 233 234 234 234 234 234 234 234 234 234 234 235 235 235 235 235 234 235 234 233 233 235 236 236 236 235 235 235 234 235 234 234 234 234 232 227 226 229 229 228 226
236 236 236 236 236 236 236 236 236 236 236 235 235 235 235 235 235 235 235 235 234 234 233 232 231 231 232 232 233 233 233 233 234 234 234 234 234 234 234 233 234 233 234 234 234 234 234 234 234 234 234 235 235 235 235 235 235 235 235 235 236 236 236 235 233 234 236 236 236 235 235 235 235 235 235 234 233 228 222 221 220 222 224 226
236 236 236 236 236 236 236 236 236 235 235 235 235 235 234 234 234 234 234 234 234 233 232 231 231 231 231 232 233 233 233 234 234 234 234 234 234 234 234 234 234 234 234 234 234 234 234 234 234 234 235 235 235 235 235 235 235 235 235 235 236 236 236 236 236 236 236 236 236 235 235 235 235 235 235 234 230 223 217 222 218 212 219 223
235 235 236 236 236 235 235 235 235 235 235 234 234 234 233 233 233 233 233 233 233 232 231 230 230 231 231 232 233 233 233 234 234 234 234 234 234 234 234 234 234 234 234 234 234 234 234 234 234 234 235 235 235 235 235 235 235 235 235 235 236 236 236 236 236 236 236 236 236 236 236 236 235 235 235 235 230 224 221 227 218 213 211 215
234 234 234 235 234 234 234 233 233 233 233 233 233 233 232 232 232 232 232 232 232 231 231 230 230 231 231 232 233 233 233 234 234 234 234 235 235 235 234 234 234 234 234 234 235 235 235 235 235 235 235 235 235 235 235 235 235 235 235 235 236 236 236 236 236 236 236 236 236 236 236 236 236 236 236 235 235 233 232 230 226 220 209 209
232 232 233 233 233 233 232 232 232 232 232 232 232 232 232 232 232 232 232 231 231 231 230 230 229 230 231 232 232 233 233 234 234 234 235 235 235 235 235 235 235 235 235 235 235 235 235 235 235 235 235 235 235 235 235 235 235 235 236 236 236 236 236 236 236 236 236 236 236 236 236 236 236 236 236 236 235 235 232 226 224 213 206 213
231 231 232 232 231 231 231 231 231 231 231 231 231 231 231 231 231 231 231 231 231 231 230 229 229 229 231 231 232 233 233 234 234 234 235 235 235 235 235 235 235 235 235 235 235 235 235 235 235 235 235 235 235 235 235 236 236 236 236 236 236 237 237 237 237 237 237 236 236 236 236 236 236 236 236 236 236 235 233 225 217 215 217 218
229 230 230 230 230 230 230 229 229 229 230 230 230 231 231 231 231 231 231 231 231 230 229 229 229 229 230 231 232 233 233 234 234 234 235 235 235 235 235 235 235 235 235 235 235 235 235 235 236 235 236 236 236 236 236 236 236 237 237 237 237 237 237 237 237 237 237 237 237 237 237 237 236 236 236 236 236 236 234 228 222 218 224 221
227 228 228 228 228 228 228 228 228 228 228 229 229 230 230 230 230 230 230 230 230 229 228 228 228 228 229 230 231 232 233 233 234 234 235 235 235 236 236 236 236 236 236 236 236 236 236 236 236 236 236 236 236 236 237 237 237 237 237 238 238 238 238 238 238 238 237 237 237 237 237 237 237 237 237 236 236 235 235 232 226 221 227 224
225 225 226 226 226 226 226 226 226 226 227 227 228 229 230 229 229 229 230 230 229 227 227 227 228 228 229 229 230 232 232 233 234 234 235 235 235 236 236 236 236 236 236 236 236 236 236 236 236 236 236 236 236 237 237 237 237 238 238 238 238 238 238 238 238 238 238 238 237 237 237 237 237 237 236 234 235 231 233 233 227 227 230 228
223 222 224 223 224 224 224 224 224 225 226 226 227 228 229 229 229 229 229 229 227 226 226 227 227 228 228 229 230 231 232 233 234 234 235 235 236 236 236 236 236 236 236 236 236 236 236 236 236 236 237 237 237 237 237 238 238 239 239 239 239 239 239 239 239 238 238 238 238 238 238 237 237 237 236 236 229 227 229 226 224 226 231 232
220 220 221 221 221 222 222 222 223 224 224 225 226 227 227 228 228 229 229 228 227 226 226 226 227 227 228 229 230 231 232 233 233 234 235 235 236 236 236 236 236 236 236 236 236 236 236 237 237 237 237 238 238 238 238 238 239 239 239 239 239 239 240 240 239 239 239 239 238 238 238 238 237 238 237 237 233 226 219 224 229 229 232 233
217 217 217 218 219 219 220 221 222 223 223 224 225 226 227 228 228 229 229 227 226 225 225 225 226 226 227 228 229 230 231 232 233 234 235 235 235 236 236 236 236 236 236 236 237 237 237 237 237 238 238 238 239 239 239 239 239 240 240 240 240 240 240 240 240 240 240 239 239 239 239 239 238 238 238 238 237 234 226 225 232 235 235 234
215 215 214 216 216 217 219 221 222 222 223 224 225 226 227 228 228 228 228 226 225 225 225 225 225 226 227 228 229 230 231 232 233 234 234 235 235 236 236 236 236 236 236 237 237 237 237 238 238 238 239 239 239 239 240 240 240 240 240 240 240 240 240 240 240 240 240 240 240 240 240 239 239 239 239 239 238 238 233 227 230 233 236 237
212 212 211 213 214 215 218 220 221 222 224 225 225 226 227 228 228 228 227 225 224 224 224 224 225 225 226 227 228 229 230 232 233 234 234 235 235 236 236 236 236 236 237 237 237 237 238 238 239 239 239 240 240 240 240 240 240 241 240 240 240 240 240 240 240 240 241 241 241 241 240 240 240 240 240 239 239 238 229 227 230 235 232 237
209 209 208 210 211 213 217 219 221 223 224 225 225 226 227 227 227 227 227 225 224 224 224 224 224 225 225 226 227 229 230 231 232 233 234 235 235 235 236 236 236 236 237 237 237 238 238 239 239 240 240 240 240 240 240 240 240 240 240 240 240 240 240 240 240 240 240 240 240 241 241 241 241 241 240 240 239 236 224 231 233 236 238 238
206 205 205 207 208 210 213 218 222 223 223 224 224 225 225 225 226 226 226 225 225 224 223 223 224 224 225 226 227 228 229 231 232 233 234 235 235 235 236 236 236 236 237 237 238 238 239 239 240 240 240 240 240 240 240 240 240 240 240 240 240 240 240 240 240 240 240 240 240 241 241 241 241 241 241 240 240 234 228 234 238 239 239 238
203 202 202 203 205 206 208 215 221 222 222 223 223 224 224 224 225 225 225 225 225 224 223 223 223 223 224 225 226 228 229 230 231 232 234 235 235 235 236 236 236 237 237 238 238 239 239 240 240 240 240 240 240 240 240 240 240 240 240 240 240 240 240 240 240 240 240 240 241 241 241 241 241 241 241 240 238 239 237 238 240 240 240 240
199 198 199 199 201 202 201 207 219 221 221 221 221 222 222 222 223 223 224 225 224 224 224 223 223 223 224 224 226 227 229 230 231 232 234 234 235 235 236 236 236 237 237 238 238 239 240 240 240 240 241 240 240 240 240 240 240 240 240 240 240 240 240 241 241 241 241 241 241 241 241 241 241 241 241 241 241 241 241 241 241 241 241 241
196 195 194 195 196 198 203 210 219 220 220 220 219 219 219 220 221 222 224 224 224 224 224 223 222 223 223 224 225 227 228 230 231 232 233 234 235 235 236 236 236 237 238 238 239 239 240 240 240 241 241 240 240 240 240 240 240 240 241 241 241 241 241 241 241 241 241 241 241 241 241 241 241 241 241 242 242 242 242 242 242 242 242 242
192 191 191 190 193 201 208 215 218 219 218 217 218 220 219 219 220 220 222 223 224 224 224 223 222 222 222 224 225 227 228 229 230 232 233 234 235 235 236 236 237 237 238 238 239 240 240 241 241 241 241 240 240 240 240 240 241 241 241 241 241 241 241 241 241 241 241 241 241 241 241 241 241 241 241 241 242 242 242 242 242 242 242 242
186 185 186 190 198 204 207 215 218 217 216 214 219 219 219 219 220 220 220 222 223 224 224 223 222 221 222 223 225 227 228 229 230 232 233 234 235 235 236 236 237 238 238 239 239 240 241 241 241 241 240 240 240 240 241 241 241 241 241 241 241 241 241 241 241 241 241 241 241 241 241 241 241 241 241 241 241 241 242 242 242 242 242 242
182 185 188 192 198 206 212 215 216 216 214 212 218 218 218 218 219 219 220 222 223 223 223 223 221 221 222 223 225 227 228 229 230 232 233 233 234 235 236 237 237 238 238 239 240 240 241 241 241 241 241 240 240 241 241 241 241 241 241 241 241 241 241 241 241 241 241 241 241 241 241 241 241 241 241 241 241 242 242 242 242 242 242 242
183 186 190 196 200 203 212 214 215 214 212 216 218 215 213 213 215 219 222 224 226 224 222 221 221 222 223 224 225 227 228 229 230 231 232 233 234 235 236 237 237 238 239 239 240 240 241 241 241 241 241 241 241 241 241 241 241 241 241 241 241 241 241 241 241 241 241 241 241 241 241 241 241 241 241 241 242 242 242 242 240 241 242 242
185 188 192 194 200 207 210 212 212 212 209 212 217 213 206 205 206 219 223 226 228 226 222 222 222 222 223 223 225 227 228 228 230 231 232 233 234 235 236 237 237 238 239 239 240 240 241 241 241 241 241 241 241 241 241 241 241 241 241 241 241 241 241 241 241 241 241 241 241 241 241 241 241 241 241 242 242 242 242 242 242 242 242 242
186 187 191 200 204 207 210 210 210 210 207 204 207 212 208 206 211 218 224 226 228 229 225 222 222 222 222 223 224 226 227 228 229 230 231 232 233 234 236 237 238 238 239 240 240 241 241 241 241 241 241 241 241 241 241 241 241 241 241 241 241 241 241 241 241 241 241 241 241 241 241 241 242 242 242 242 242 242 242 242 242 242 242 242
185 189 192 194 198 204 203 206 207 207 206 207 207 209 210 211 214 220 224 227 229 229 225 222 222 221 221 222 223 224 225 226 227 229 230 231 233 234 235 237 238 239 239 240 240 241 241 241 241 241 241 241 241 241 241 241 241 241 241 241 241 241 241 241 241 241 241 241 241 242 242 242 242 242 242 242 242 242 242 242 242 242 242 242
188 188 189 193 196 196 197 201 201 205 207 208 210 212 213 215 217 222 225 228 229 229 226 222 221 220 220 221 222 223 224 225 226 228 229 231 232 234 235 237 238 239 239 240 240 241 241 241 241 241 241 241 241 241 241 241 241 241 241 241 241 241 241 241 241 241 241 242 242 242 242 242 242 242 242 242 242 242 242 242 242 242 242 242
186 187 187 188 189 191 192 195 198 203 207 208 209 209 210 215 218 221 226 229 229 229 223 220 219 219 219 219 220 221 223 224 226 228 229 230 232 233 235 236 237 239 239 240 240 241 241 241 241 241 241 241 241 241 241 241 241 241 241 241 241 241 241 241 241 241 242 242 242 242 242 242 242 242 242 242 242 242 242 242 242 242 242 242
185 186 187 188 189 191 193 195 195 198 202 204 204 205 208 214 218 220 222 224 223 223 220 218 217 216 216 217 219 223 229 231 228 227 229 230 231 233 235 236 237 239 239 240 240 241 241 241 241 241 241 241 241 241 241 241 241 241 241 241 241 241 241 241 241 242 242 242 242 242 242 242 242 242 242 242 242 242 242 242 242 242 242 242
