08 Ecocrop/raster/current/tmin_4.asc
ncols        683
nrows        518
xllcorner    -87.691666666667
yllcorner    10.708333333333
cellsize     0.008333333333
NODATA_value  1.#QNAN
[rows 296 to 332 of 518, columns 420 to 503 of 683]
215 209 206 212 219 221 222 222 222 222 222 223 223 222 223 223 224 224 224 224 225 225 225 225 224 224 223 220 221 223 225 225 226 225 225 226 226 226 226 227 227 227 228 228 228 229 229 230 230 230 230 230 231 231 231 231 231 231 232 1.#QNAN 1.#QNAN 1.#QNAN 1.#QNAN 1.#QNAN 1.#QNAN 1.#QNAN 1.#QNAN 237 236 236 236 236 236 236 236 236 236 236 237 1.#QNAN 1.#QNAN 1.#QNAN 1.#QNAN 1.#QNAN
218 212 202 208 216 220 222 222 222 222 222 222 223 223 223 223 224 224 223 224 224 225 225 225 224 223 222 221 223 224 225 225 225 225 225 226 226 226 226 227 228 228 228 229 229 229 229 230 231 231 231 231 1.#QNAN 1.#QNAN 1.#QNAN 1.#QNAN 1.#QNAN 1.#QNAN 1.#QNAN 1.#QNAN 1.#QNAN 1.#QNAN 1.#QNAN 1.#QNAN 1.#QNAN 1.#QNAN 1.#QNAN 236 236 236 236 236 236 236 236 235 236 236 236 1.#QNAN 1.#QNAN 1.#QNAN 1.#QNAN 1.#QNAN
217 209 205 211 217 219 221 222 222 222 222 222 222 223 223 223 223 223 223 223 224 225 225 224 225 223 224 224 224 225 225 225 225 225 226 226 226 227 227 227 227 228 229 229 229 230 230 231 231 231 231 1.#QNAN 1.#QNAN 1.#QNAN 1.#QNAN 1.#QNAN 1.#QNAN 1.#QNAN 1.#QNAN 1.#QNAN 1.#QNAN 1.#QNAN 1.#QNAN 1.#QNAN 1.#QNAN 1.#QNAN 236 236 236 235 235 236 236 236 236 235 236 236 236 1.#QNAN 1.#QNAN 1.#QNAN 1.#QNAN 1.#QNAN
218 212 210 209 216 220 221 222 222 222 222 222 222 223 223 223 223 223 223 223 224 224 224 225 224 225 225 224 225 225 225 225 225 226 226 226 227 227 226 227 227 227 228 229 229 230 230 231 231 231 1.#QNAN 1.#QNAN 1.#QNAN 1.#QNAN 1.#QNAN 1.#QNAN 1.#QNAN 1.#QNAN 1.#QNAN 1.#QNAN 1.#QNAN 1.#QNAN 1.#QNAN 1.#QNAN 1.#QNAN 1.#QNAN 1.#QNAN 236 235 235 235 235 235 235 235 235 235 236 236 236 1.#QNAN 1.#QNAN 1.#QNAN 1.#QNAN
219 215 212 211 215 219 220 220 222 222 222 222 222 222 222 223 223 223 222 223 224 224 224 225 225 225 223 223 224 225 225 226 226 225 226 227 227 227 226 227 227 228 228 229 229 229 230 230 231 231 1.#QNAN 1.#QNAN 1.#QNAN 1.#QNAN 1.#QNAN 1.#QNAN 1.#QNAN 1.#QNAN 1.#QNAN 1.#QNAN 1.#QNAN 1.#QNAN 1.#QNAN 1.#QNAN 1.#QNAN 1.#QNAN 235 235 235 235 235 235 235 235 235 235 235 236 236 236 1.#QNAN 1.#QNAN 1.#QNAN 1.#QNAN
220 218 217 218 218 219 220 220 221 222 222 222 222 223 223 223 223 223 222 223 224 224 224 225 225 225 223 224 224 225 226 225 226 226 226 227 227 227 227 227 227 228 228 228 229 229 230 231 231 231 1.#QNAN 1.#QNAN 1.#QNAN 1.#QNAN 1.#QNAN 1.#QNAN 1.#QNAN 1.#QNAN 1.#QNAN 1.#QNAN 1.#QNAN 1.#QNAN 1.#QNAN 1.#QNAN 1.#QNAN 1.#QNAN 1.#QNAN 235 234 234 234 234 235 235 235 235 235 236 236 236 237 1.#QNAN 1.#QNAN 1.#QNAN
220 219 220 220 220 221 221 222 222 222 222 222 222 222 223 222 222 222 222 223 223 224 224 224 225 225 225 224 225 225 226 226 226 226 227 227 227 227 227 227 227 228 228 228 229 230 230 231 232 233 1.#QNAN 1.#QNAN 1.#QNAN 1.#QNAN 1.#QNAN 1.#QNAN 1.#QNAN 1.#QNAN 1.#QNAN 1.#QNAN 1.#QNAN 1.#QNAN 1.#QNAN 1.#QNAN 1.#QNAN 1.#QNAN 235 235 234 234 234 234 234 235 235 235 235 236 236 236 236 1.#QNAN 1.#QNAN 1.#QNAN
219 219 220 220 219 218 220 221 220 221 222 222 222 222 222 222 222 222 222 223 224 224 223 224 224 225 225 224 224 225 226 226 227 227 227 227 228 228 228 228 227 228 228 229 229 230 231 232 232 1.#QNAN 1.#QNAN 1.#QNAN 1.#QNAN 1.#QNAN 1.#QNAN 1.#QNAN 1.#QNAN 1.#QNAN 1.#QNAN 1.#QNAN 1.#QNAN 1.#QNAN 1.#QNAN 1.#QNAN 1.#QNAN 1.#QNAN 235 234 234 233 234 234 234 234 234 234 235 235 236 236 236 236 1.#QNAN 1.#QNAN
219 219 220 218 217 216 217 220 220 221 222 223 222 222 222 222 222 223 223 223 224 224 224 224 224 224 225 225 225 225 226 226 226 226 227 227 228 228 228 228 228 228 228 229 230 231 232 232 233 1.#QNAN 1.#QNAN 1.#QNAN 1.#QNAN 1.#QNAN 1.#QNAN 1.#QNAN 1.#QNAN 1.#QNAN 1.#QNAN 1.#QNAN 1.#QNAN 1.#QNAN 1.#QNAN 1.#QNAN 1.#QNAN 1.#QNAN 235 234 234 233 233 234 234 234 234 234 235 235 235 236 236 236 237 1.#QNAN
220 220 220 218 217 217 217 221 222 222 223 223 222 222 222 223 222 223 223 224 224 224 224 224 225 225 225 225 225 225 225 225 226 226 226 227 227 228 228 228 228 228 229 229 231 231 232 233 233 1.#QNAN 1.#QNAN 1.#QNAN 235 1.#QNAN 1.#QNAN 1.#QNAN 1.#QNAN 1.#QNAN 1.#QNAN 1.#QNAN 1.#QNAN 1.#QNAN 1.#QNAN 1.#QNAN 1.#QNAN 1.#QNAN 235 234 233 233 233 233 234 234 234 234 235 235 235 236 236 236 236 1.#QNAN
220 220 220 219 218 218 218 219 220 222 224 224 223 223 222 223 223 223 223 223 224 224 224 224 224 224 224 224 224 224 225 225 226 226 226 226 227 228 228 229 229 229 229 230 231 231 232 233 234 234 1.#QNAN 235 235 236 235 1.#QNAN 1.#QNAN 1.#QNAN 1.#QNAN 1.#QNAN 1.#QNAN 1.#QNAN 1.#QNAN 1.#QNAN 1.#QNAN 1.#QNAN 1.#QNAN 234 233 233 233 233 233 233 234 234 234 235 235 236 236 236 236 237
220 221 220 219 219 218 218 220 220 222 224 224 224 223 222 222 222 223 223 223 223 224 224 224 224 224 224 224 224 224 224 225 226 225 226 226 227 227 227 228 229 229 229 230 231 231 232 233 234 234 235 235 235 235 235 1.#QNAN 1.#QNAN 1.#QNAN 1.#QNAN 1.#QNAN 1.#QNAN 1.#QNAN 1.#QNAN 1.#QNAN 1.#QNAN 1.#QNAN 1.#QNAN 1.#QNAN 233 232 233 233 233 233 233 234 234 235 235 235 236 236 236 237
221 221 221 220 219 220 221 222 222 221 223 224 224 224 223 222 222 222 223 223 223 224 224 223 224 224 223 224 224 224 224 224 225 225 226 226 227 228 228 228 229 229 229 230 231 231 231 233 234 234 234 235 234 235 235 1.#QNAN 1.#QNAN 1.#QNAN 1.#QNAN 1.#QNAN 1.#QNAN 1.#QNAN 1.#QNAN 1.#QNAN 1.#QNAN 1.#QNAN 1.#QNAN 1.#QNAN 233 233 233 233 233 233 233 234 234 234 235 235 236 236 236 237
222 221 221 220 220 219 220 223 224 224 224 225 224 224 224 223 222 223 223 223 224 224 224 223 223 224 224 224 224 225 225 225 225 226 226 226 227 227 227 228 228 229 229 230 230 231 231 232 233 233 234 234 234 234 235 1.#QNAN 1.#QNAN 1.#QNAN 1.#QNAN 1.#QNAN 1.#QNAN 1.#QNAN 1.#QNAN 1.#QNAN 1.#QNAN 1.#QNAN 1.#QNAN 1.#QNAN 1.#QNAN 233 233 233 233 233 233 234 234 234 235 235 236 236 236 236
221 219 219 219 220 221 222 224 224 225 225 225 225 224 224 224 223 223 223 223 223 224 224 224 223 224 224 224 224 225 225 225 226 226 226 226 227 227 227 228 228 228 229 229 229 230 231 232 233 233 233 234 234 234 234 1.#QNAN 1.#QNAN 1.#QNAN 1.#QNAN 1.#QNAN 1.#QNAN 1.#QNAN 1.#QNAN 1.#QNAN 1.#QNAN 1.#QNAN 1.#QNAN 1.#QNAN 1.#QNAN 1.#QNAN 234 234 234 233 233 234 234 234 235 235 235 236 236 236
221 220 220 220 222 222 224 225 225 224 225 225 225 224 225 224 223 223 223 223 224 224 224 224 223 224 224 224 225 225 226 226 226 226 227 227 227 228 228 228 228 228 229 229 229 230 230 231 232 232 233 233 234 234 234 1.#QNAN 1.#QNAN 1.#QNAN 1.#QNAN 1.#QNAN 1.#QNAN 1.#QNAN 1.#QNAN 1.#QNAN 1.#QNAN 1.#QNAN 1.#QNAN 1.#QNAN 1.#QNAN 1.#QNAN 234 234 234 234 233 234 234 234 235 235 235 236 236 236
221 219 220 221 222 224 224 225 225 225 225 225 225 224 224 224 224 224 223 223 224 224 223 224 224 224 224 224 225 225 226 226 226 227 227 227 227 228 228 228 228 229 229 230 230 230 231 231 232 232 233 233 233 234 234 1.#QNAN 1.#QNAN 1.#QNAN 1.#QNAN 1.#QNAN 1.#QNAN 1.#QNAN 1.#QNAN 1.#QNAN 1.#QNAN 1.#QNAN 1.#QNAN 1.#QNAN 1.#QNAN 1.#QNAN 234 234 234 234 233 233 234 234 235 235 235 236 236 236
221 220 220 221 222 225 225 225 225 225 225 225 225 225 225 225 224 224 224 224 225 224 224 224 224 224 225 224 225 225 225 226 227 226 227 227 227 227 228 228 228 229 229 230 230 231 231 231 231 232 233 233 233 234 234 235 1.#QNAN 1.#QNAN 1.#QNAN 1.#QNAN 1.#QNAN 1.#QNAN 1.#QNAN 1.#QNAN 1.#QNAN 1.#QNAN 1.#QNAN 1.#QNAN 1.#QNAN 1.#QNAN 234 234 234 234 234 234 234 234 235 235 235 236 236 236
221 220 220 220 222 225 225 225 225 225 225 225 225 225 225 225 224 224 224 224 225 225 224 224 224 225 225 225 225 225 226 226 227 227 227 227 227 227 228 228 228 228 229 229 230 231 231 231 232 232 233 233 234 234 234 235 1.#QNAN 1.#QNAN 1.#QNAN 1.#QNAN 1.#QNAN 1.#QNAN 1.#QNAN 1.#QNAN 1.#QNAN 1.#QNAN 1.#QNAN 1.#QNAN 235 235 234 234 234 234 234 234 234 234 235 235 235 236 236 236
222 223 222 224 225 225 224 224 224 224 224 225 225 225 225 225 224 224 224 224 225 225 225 224 224 224 225 225 226 226 226 226 226 227 227 227 227 228 228 228 228 228 229 229 230 230 231 231 232 232 233 233 234 234 235 235 1.#QNAN 1.#QNAN 1.#QNAN 1.#QNAN 1.#QNAN 1.#QNAN 1.#QNAN 1.#QNAN 1.#QNAN 1.#QNAN 1.#QNAN 1.#QNAN 235 235 235 234 234 234 234 234 234 234 234 235 235 236 236 237
225 225 225 225 225 225 225 224 225 224 224 225 225 225 225 225 225 225 224 224 225 225 225 224 224 224 225 225 225 226 226 226 226 226 227 227 228 228 228 228 228 228 228 229 230 230 230 231 231 232 233 233 234 234 235 1.#QNAN 1.#QNAN 1.#QNAN 1.#QNAN 1.#QNAN 1.#QNAN 1.#QNAN 1.#QNAN 1.#QNAN 1.#QNAN 1.#QNAN 1.#QNAN 235 235 235 235 234 234 234 233 233 234 234 1.#QNAN 1.#QNAN 1.#QNAN 236 236 1.#QNAN
224 225 225 225 224 224 224 225 225 225 225 224 224 225 225 225 225 224 224 224 225 225 225 224 224 225 225 225 225 226 226 227 227 227 227 227 227 228 228 228 228 228 229 229 230 230 230 231 231 232 233 234 234 234 235 1.#QNAN 1.#QNAN 1.#QNAN 1.#QNAN 1.#QNAN 1.#QNAN 1.#QNAN 1.#QNAN 237 1.#QNAN 1.#QNAN 236 236 235 235 235 1.#QNAN 1.#QNAN 1.#QNAN 1.#QNAN 1.#QNAN 1.#QNAN 1.#QNAN 1.#QNAN 1.#QNAN 1.#QNAN 1.#QNAN 1.#QNAN 1.#QNAN
224 224 224 224 224 224 225 225 225 225 225 224 224 225 225 225 225 224 224 225 225 225 225 225 225 225 225 225 226 226 226 226 227 227 227 227 227 228 228 228 228 229 229 229 230 230 230 231 231 232 233 233 234 234 235 1.#QNAN 1.#QNAN 1.#QNAN 1.#QNAN 1.#QNAN 1.#QNAN 1.#QNAN 237 237 1.#QNAN 1.#QNAN 1.#QNAN 237 237 238 1.#QNAN 1.#QNAN 1.#QNAN 1.#QNAN 1.#QNAN 1.#QNAN 1.#QNAN 1.#QNAN 1.#QNAN 1.#QNAN 1.#QNAN 1.#QNAN 1.#QNAN 1.#QNAN
224 224 225 225 225 225 225 225 225 225 225 225 225 225 225 225 225 225 225 225 225 225 225 225 225 225 225 225 226 226 226 226 226 227 227 227 227 228 228 228 228 229 229 229 230 230 230 231 231 232 233 233 233 234 235 1.#QNAN 1.#QNAN 1.#QNAN 1.#QNAN 1.#QNAN 1.#QNAN 1.#QNAN 237 1.#QNAN 1.#QNAN 1.#QNAN 1.#QNAN 237 1.#QNAN 1.#QNAN 1.#QNAN 1.#QNAN 1.#QNAN 1.#QNAN 1.#QNAN 1.#QNAN 1.#QNAN 1.#QNAN 1.#QNAN 1.#QNAN 1.#QNAN 1.#QNAN 1.#QNAN 1.#QNAN
224 223 224 225 225 225 225 225 225 225 225 225 225 225 225 225 225 225 225 225 225 225 225 225 225 225 226 225 226 226 226 226 226 227 227 227 227 228 228 228 228 229 229 230 230 230 230 230 231 232 232 233 233 233 234 1.#QNAN 1.#QNAN 1.#QNAN 1.#QNAN 1.#QNAN 1.#QNAN 1.#QNAN 1.#QNAN 1.#QNAN 1.#QNAN 237 237 237 238 1.#QNAN 1.#QNAN 1.#QNAN 1.#QNAN 1.#QNAN 1.#QNAN 1.#QNAN 1.#QNAN 1.#QNAN 1.#QNAN 1.#QNAN 1.#QNAN 1.#QNAN 1.#QNAN 1.#QNAN
223 224 225 225 225 225 225 225 225 226 225 225 226 226 226 226 225 225 225 225 225 225 225 225 226 225 225 226 226 226 226 227 226 227 227 227 228 228 228 228 229 229 229 229 230 230 230 230 231 232 232 232 232 233 234 1.#QNAN 1.#QNAN 1.#QNAN 1.#QNAN 1.#QNAN 1.#QNAN 1.#QNAN 1.#QNAN 1.#QNAN 1.#QNAN 237 237 237 238 1.#QNAN 1.#QNAN 1.#QNAN 1.#QNAN 1.#QNAN 1.#QNAN 1.#QNAN 1.#QNAN 1.#QNAN 1.#QNAN 1.#QNAN 1.#QNAN 1.#QNAN 1.#QNAN 1.#QNAN
224 225 225 225 225 225 225 226 226 225 226 226 226 226 226 226 225 225 225 225 226 226 226 226 226 226 225 226 226 226 226 226 227 227 227 227 227 227 228 228 229 229 228 228 229 230 230 230 231 232 232 232 232 233 233 1.#QNAN 1.#QNAN 1.#QNAN 1.#QNAN 1.#QNAN 235 236 236 1.#QNAN 1.#QNAN 237 237 237 1.#QNAN 1.#QNAN 1.#QNAN 1.#QNAN 1.#QNAN 1.#QNAN 1.#QNAN 1.#QNAN 1.#QNAN 1.#QNAN 1.#QNAN 1.#QNAN 1.#QNAN 1.#QNAN 1.#QNAN 1.#QNAN
225 225 225 224 225 225 225 225 226 226 226 226 226 226 226 226 225 225 225 225 226 226 226 226 226 225 225 226 226 226 226 226 227 227 227 227 227 227 228 228 228 228 227 227 228 230 230 231 231 231 232 231 232 233 233 233 233 1.#QNAN 1.#QNAN 234 235 235 236 1.#QNAN 237 237 237 1.#QNAN 1.#QNAN 1.#QNAN 1.#QNAN 1.#QNAN 1.#QNAN 1.#QNAN 1.#QNAN 1.#QNAN 1.#QNAN 1.#QNAN 1.#QNAN 1.#QNAN 1.#QNAN 1.#QNAN 1.#QNAN 1.#QNAN
224 224 225 225 225 225 225 226 226 225 225 225 225 226 225 226 225 225 225 225 226 226 225 226 226 225 226 225 226 226 226 226 226 226 227 227 227 228 228 227 228 227 227 228 229 230 230 231 231 231 231 231 232 232 232 232 233 233 234 234 235 235 1.#QNAN 1.#QNAN 237 237 1.#QNAN 1.#QNAN 1.#QNAN 1.#QNAN 1.#QNAN 1.#QNAN 1.#QNAN 1.#QNAN 1.#QNAN 1.#QNAN 1.#QNAN 1.#QNAN 1.#QNAN 1.#QNAN 1.#QNAN 1.#QNAN 1.#QNAN 1.#QNAN
225 224 224 224 225 225 226 226 226 225 225 225 225 226 225 226 225 225 225 225 225 226 226 226 226 226 226 226 225 226 226 226 226 226 227 227 227 228 227 226 226 226 226 227 228 230 230 230 231 231 231 231 232 232 232 232 232 233 234 234 235 235 1.#QNAN 1.#QNAN 237 237 1.#QNAN 1.#QNAN 1.#QNAN 1.#QNAN 1.#QNAN 1.#QNAN 1.#QNAN 1.#QNAN 1.#QNAN 1.#QNAN 1.#QNAN 1.#QNAN 1.#QNAN 1.#QNAN 1.#QNAN 1.#QNAN 1.#QNAN 1.#QNAN
223 223 224 225 225 225 226 226 226 226 225 225 226 226 226 226 226 225 225 225 225 226 226 226 225 226 225 226 225 226 226 226 226 226 227 227 227 227 228 227 226 226 225 227 229 229 230 230 230 230 230 230 231 231 231 232 233 233 233 234 235 235 1.#QNAN 236 244 1.#QNAN 1.#QNAN 1.#QNAN 1.#QNAN 1.#QNAN 1.#QNAN 1.#QNAN 1.#QNAN 1.#QNAN 1.#QNAN 1.#QNAN 1.#QNAN 1.#QNAN 1.#QNAN 1.#QNAN 1.#QNAN 1.#QNAN 1.#QNAN 1.#QNAN
223 224 224 225 225 225 225 225 225 225 225 225 226 226 226 226 225 226 226 225 226 226 226 226 226 226 226 226 226 226 226 226 226 226 226 226 227 227 227 227 226 225 225 227 228 229 230 230 229 229 229 229 230 231 231 232 232 233 234 234 235 235 1.#QNAN 237 244 1.#QNAN 1.#QNAN 1.#QNAN 1.#QNAN 1.#QNAN 1.#QNAN 1.#QNAN 1.#QNAN 1.#QNAN 1.#QNAN 1.#QNAN 1.#QNAN 1.#QNAN 1.#QNAN 1.#QNAN 1.#QNAN 1.#QNAN 1.#QNAN 1.#QNAN
226 226 226 225 225 225 225 225 225 225 225 225 225 226 226 225 225 225 226 226 226 226 226 226 226 226 226 226 226 226 225 225 225 226 226 227 227 227 227 226 225 224 224 226 227 228 229 230 228 229 229 229 229 230 230 231 233 233 234 234 235 235 1.#QNAN 236 1.#QNAN 1.#QNAN 1.#QNAN 1.#QNAN 1.#QNAN 1.#QNAN 1.#QNAN 1.#QNAN 1.#QNAN 1.#QNAN 1.#QNAN 1.#QNAN 1.#QNAN 1.#QNAN 1.#QNAN 1.#QNAN 1.#QNAN 1.#QNAN 1.#QNAN 1.#QNAN
226 226 226 226 225 225 225 225 225 225 225 225 225 225 225 225 225 226 226 226 226 226 226 226 226 226 226 226 226 225 225 225 226 226 227 227 227 227 226 225 226 226 225 226 227 229 229 229 228 228 229 229 229 230 230 232 233 234 234 234 234 1.#QNAN 1.#QNAN 235 1.#QNAN 1.#QNAN 1.#QNAN 1.#QNAN 1.#QNAN 1.#QNAN 1.#QNAN 1.#QNAN 1.#QNAN 1.#QNAN 1.#QNAN 1.#QNAN 1.#QNAN 1.#QNAN 1.#QNAN 1.#QNAN 1.#QNAN 1.#QNAN 1.#QNAN 1.#QNAN
227 226 226 226 226 225 226 225 225 226 226 225 225 225 225 226 226 225 225 226 226 226 226 226 226 225 226 226 226 226 226 226 226 226 227 227 227 227 227 226 227 227 227 227 228 229 229 230 229 229 229 229 229 230 231 232 233 234 234 234 234 235 1.#QNAN 1.#QNAN 1.#QNAN 1.#QNAN 1.#QNAN 1.#QNAN 1.#QNAN 1.#QNAN 1.#QNAN 1.#QNAN 1.#QNAN 1.#QNAN 1.#QNAN 1.#QNAN 1.#QNAN 1.#QNAN 1.#QNAN 1.#QNAN 1.#QNAN 1.#QNAN 1.#QNAN 1.#QNAN
227 227 227 226 226 226 226 226 226 226 226 226 226 226 226 226 226 226 226 226 226 226 226 226 226 226 225 225 226 226 226 226 226 226 227 227 227 228 227 228 228 228 227 228 228 229 229 230 229 229 228 228 229 230 231 232 233 234 234 235 235 235 235 1.#QNAN 1.#QNAN 1.#QNAN 1.#QNAN 1.#QNAN 1.#QNAN 1.#QNAN 1.#QNAN 1.#QNAN 1.#QNAN 1.#QNAN 1.#QNAN 1.#QNAN 1.#QNAN 1.#QNAN 1.#QNAN 1.#QNAN 1.#QNAN 1.#QNAN 1.#QNAN 1.#QNAN
227 227 227 227 226 226 226 226 226 226 226 226 226 226 226 226 226 226 226 226 226 226 226 226 226 226 226 225 226 226 226 226 226 226 227 227 227 228 228 228 229 228 227 228 229 229 230 230 230 229 225 227 230 231 231 232 233 234 234 235 235 235 235 1.#QNAN 1.#QNAN 1.#QNAN 1.#QNAN 1.#QNAN 1.#QNAN 1.#QNAN 1.#QNAN 1.#QNAN 1.#QNAN 1.#QNAN 1.#QNAN 1.#QNAN 1.#QNAN 1.#QNAN 1.#QNAN 1.#QNAN 1.#QNAN 1.#QNAN 1.#QNAN 1.#QNAN
