08 Ecocrop/raster/current/tmin_7.asc
ncols        683
nrows        518
xllcorner    -87.691666666667
yllcorner    10.708333333333
cellsize     0.008333333333
NODATA_value  1.#QNAN
[rows 185 to 221 of 518, columns 252 to 335 of 683]
198 201 197 195 193 195 201 200 198 193 188 188 189 191 188 183 178 174 177 173 170 175 174 170 180 196 206 209 210 211 212 212 212 212 210 211 213 213 214 215 215 215 215 214 211 207 209 204 195 186 180 184 194 206 206 207 201 199 207 210 212 214 215 217 218 219 219 220 220 220 220 220 220 221 220 219 216 220 222 222 223 223 223 225
201 200 195 193 192 193 196 196 197 194 195 194 191 184 180 181 178 177 178 169 166 170 169 182 191 199 205 207 209 211 212 212 213 212 212 211 213 213 214 214 214 211 214 215 213 210 211 203 196 189 188 194 193 203 207 209 203 201 208 211 213 209 215 218 218 219 219 220 220 220 220 221 221 220 220 219 219 219 222 223 223 223 224 225
201 197 194 193 191 192 192 192 198 196 191 189 183 176 174 171 170 175 179 178 180 181 183 188 196 199 205 204 206 211 211 212 213 213 213 212 213 213 214 215 212 211 214 215 213 211 208 197 190 191 198 200 206 208 212 210 205 200 208 212 213 215 216 217 217 219 219 219 219 220 221 219 220 221 220 219 219 215 218 222 223 223 224 224
195 197 194 191 190 189 190 191 198 193 185 180 178 178 174 169 168 174 179 184 184 189 192 195 198 203 205 205 207 211 212 212 212 213 213 213 213 214 214 214 211 212 214 213 213 213 204 193 187 193 198 203 206 211 211 211 203 201 209 211 214 214 211 218 216 219 220 220 220 221 221 220 220 220 219 219 218 213 219 222 223 223 223 224
191 194 196 190 187 188 191 195 195 187 182 181 179 176 170 168 170 176 180 188 187 189 191 193 199 204 204 203 209 211 211 211 212 213 213 213 213 214 214 213 212 210 211 211 210 208 211 202 199 203 202 210 212 214 213 211 204 203 210 212 208 213 212 216 217 218 219 220 220 220 221 219 218 219 218 220 219 214 217 222 222 223 223 222
189 195 193 189 187 188 191 191 188 187 185 178 174 173 172 171 175 180 184 189 192 192 192 197 200 201 202 207 210 210 209 207 211 213 213 212 211 213 213 211 212 210 211 210 208 203 214 214 212 211 206 210 214 214 213 211 206 203 208 213 206 213 211 211 219 217 219 220 220 220 218 218 217 215 217 220 219 220 221 222 221 221 222 222
190 194 189 187 186 188 190 187 184 184 180 176 174 172 169 173 179 184 186 186 189 193 194 196 197 200 203 206 207 209 202 207 209 212 212 210 211 213 211 206 204 205 209 211 206 207 213 216 216 214 211 214 215 214 211 212 207 202 207 211 208 210 214 213 218 218 220 220 221 219 219 219 216 217 218 220 220 219 221 221 220 220 222 223
189 194 191 187 187 186 181 181 181 177 176 177 174 171 171 171 178 184 186 183 185 191 195 194 198 204 206 205 208 209 208 205 210 212 212 211 212 213 209 198 192 202 206 207 210 205 210 216 217 216 216 215 216 214 209 211 205 198 202 207 208 203 204 215 217 219 219 220 220 221 221 220 220 220 220 221 220 220 219 221 221 222 223 223
190 193 192 188 186 182 175 173 175 175 177 178 177 172 173 172 178 186 185 181 184 188 194 197 197 205 208 207 204 208 209 209 212 212 210 210 212 212 208 197 193 199 199 201 206 202 207 214 216 217 217 217 217 214 208 209 207 199 203 203 201 204 201 212 216 218 218 219 219 219 221 221 221 221 221 221 221 221 220 221 221 222 221 220
193 192 191 190 186 183 177 170 175 177 180 182 177 173 174 175 183 187 185 181 179 189 193 198 197 205 206 208 205 207 211 210 212 211 208 210 209 211 211 207 205 202 197 194 200 207 207 214 215 215 216 217 215 211 205 202 202 198 198 198 197 203 209 211 215 218 218 217 217 218 220 221 221 221 221 221 222 222 222 221 221 220 219 218
192 191 188 187 185 185 179 173 177 178 184 181 177 177 173 178 186 184 181 178 178 182 191 198 195 197 200 205 208 208 209 209 211 209 208 206 207 207 211 210 211 210 204 198 201 210 211 213 214 213 213 216 215 212 202 197 199 192 190 198 199 201 203 212 216 216 218 214 213 217 220 220 220 221 221 221 221 222 221 220 220 220 220 220
189 190 187 186 184 183 179 174 176 182 183 180 180 175 174 181 187 177 176 173 179 186 182 196 198 199 199 205 209 210 210 211 209 204 204 204 204 208 210 208 210 213 211 209 204 210 213 213 211 212 215 215 209 210 205 204 203 198 195 199 203 197 205 207 217 217 219 216 215 219 220 220 221 221 221 221 221 221 222 221 221 221 221 220
189 186 182 184 183 181 178 174 176 181 184 182 177 171 173 183 188 180 178 176 177 187 192 197 197 198 204 208 209 210 211 210 209 205 201 203 208 209 207 208 209 211 214 214 211 213 215 214 208 211 216 217 212 212 207 206 210 203 204 207 207 202 206 214 217 219 219 219 219 219 220 220 221 221 221 221 221 222 222 222 222 221 220 219
188 184 178 179 183 181 177 174 177 183 184 181 179 176 176 185 189 184 182 181 175 184 196 198 195 200 205 209 208 210 210 209 210 207 202 201 208 208 203 209 211 213 213 214 215 216 215 213 208 213 216 217 214 215 211 210 212 209 211 206 204 209 212 217 218 218 219 220 220 220 220 220 220 221 221 222 222 222 221 221 222 222 221 220
187 184 180 178 182 183 182 179 179 184 183 180 181 181 180 182 191 189 186 181 177 179 191 198 200 199 205 205 208 210 209 209 209 208 204 203 207 206 205 213 213 214 214 214 215 216 216 214 207 211 217 217 214 215 215 214 215 212 209 203 204 211 214 216 218 219 220 220 220 220 220 221 221 221 221 222 222 222 221 221 222 221 221 221
187 183 181 177 180 176 181 182 180 184 185 184 188 186 179 183 189 193 187 185 180 178 183 192 197 201 202 200 207 209 208 208 208 207 202 208 207 211 209 214 215 213 208 212 215 216 216 215 209 213 217 214 208 214 216 216 215 211 205 196 200 213 210 213 216 219 220 220 220 220 221 221 221 221 221 222 222 221 222 222 222 221 221 222
186 181 180 176 178 173 175 177 178 184 186 187 192 189 183 181 187 193 183 186 184 180 180 186 197 202 202 203 207 206 202 202 197 200 200 209 210 212 213 213 214 213 211 212 212 213 215 216 216 216 217 216 211 215 217 217 216 210 200 189 196 210 215 212 216 219 219 220 220 220 220 220 221 221 221 222 222 222 222 221 220 220 222 222
186 182 176 172 174 173 170 173 174 181 188 192 195 193 186 185 185 193 184 188 187 183 180 188 197 202 203 202 200 197 189 194 200 204 209 210 212 213 213 214 214 214 211 209 206 212 216 216 217 216 216 217 216 216 217 216 216 211 202 196 199 208 215 215 217 219 219 219 219 219 219 220 221 221 221 222 222 222 221 219 218 219 221 222
185 181 177 171 167 170 167 169 175 179 185 195 199 196 190 192 187 194 189 191 188 183 181 191 198 202 202 200 194 189 184 191 201 208 210 209 212 213 207 212 213 212 211 205 207 213 216 216 216 215 215 215 218 218 216 216 217 215 210 206 206 213 212 218 218 219 219 219 218 217 212 214 220 221 221 222 222 221 220 220 220 221 222 222
185 181 174 170 166 168 170 173 176 179 183 190 197 201 196 191 188 191 197 194 191 181 182 195 201 203 201 198 193 188 190 198 206 208 206 210 212 209 203 203 210 211 208 207 211 212 214 216 215 215 216 216 217 216 217 217 217 217 214 210 212 213 211 217 218 219 219 219 215 217 214 215 220 221 222 222 222 222 221 219 221 222 222 221
183 182 174 168 172 171 171 176 177 179 185 188 194 201 199 193 196 197 194 190 190 183 182 190 198 203 200 197 192 190 197 203 204 201 204 211 208 201 195 194 206 211 208 210 209 213 215 215 215 215 216 217 217 216 217 217 218 218 216 211 217 212 216 218 218 218 219 220 217 217 219 218 220 221 222 222 222 222 222 222 222 222 222 221
181 179 176 173 177 179 174 178 179 180 183 187 190 194 202 199 203 200 197 192 188 183 182 187 196 202 200 201 195 192 203 207 202 200 209 203 197 191 187 195 207 210 208 209 211 213 214 214 214 215 216 216 216 215 217 216 216 217 218 216 219 218 219 216 217 216 219 220 220 219 220 220 220 221 221 221 222 222 222 222 222 222 222 221
174 176 177 182 178 182 176 179 184 184 180 183 188 192 196 204 206 204 199 192 186 187 188 191 197 202 193 198 198 196 202 207 206 208 204 192 189 189 190 200 208 210 208 203 207 210 213 213 215 215 216 216 216 214 217 216 216 218 216 214 218 219 219 215 214 216 219 219 220 220 220 221 221 221 221 222 222 222 222 222 222 222 222 221
177 180 178 181 186 186 182 181 186 189 183 185 186 194 196 197 206 207 194 188 187 189 196 197 201 204 194 195 198 202 205 205 207 207 196 189 185 183 188 205 210 209 207 204 203 203 206 210 214 214 215 216 215 215 216 214 214 217 218 218 218 220 218 217 215 217 217 218 220 220 220 221 221 221 221 221 221 222 222 221 222 222 222 221
181 186 186 185 188 189 187 184 184 192 190 189 190 193 201 199 204 207 202 195 196 194 199 204 205 202 196 193 193 201 203 195 202 196 189 188 186 183 195 208 211 210 205 204 201 193 200 207 212 211 214 216 215 213 215 211 214 216 217 219 219 220 218 216 215 218 215 217 220 220 220 221 221 221 221 221 221 221 221 221 222 222 222 222
183 189 189 187 186 190 191 189 189 192 194 194 192 193 198 203 204 202 207 202 202 200 203 205 204 202 199 192 194 201 200 195 194 186 188 189 191 195 206 211 211 210 203 198 200 196 196 206 212 212 209 210 215 214 215 215 214 211 214 219 219 220 219 216 216 218 217 218 219 220 220 220 220 221 221 221 220 221 221 221 221 222 222 222
188 189 190 190 190 191 192 192 186 188 187 197 195 194 199 205 208 207 209 208 206 204 206 206 206 203 200 195 198 203 201 194 188 186 189 189 196 203 209 212 212 211 205 200 198 204 204 208 213 214 209 205 213 212 214 212 210 209 212 218 219 220 219 218 215 218 219 219 220 220 220 220 220 220 220 220 220 220 221 221 221 221 222 221
183 185 186 190 190 191 190 192 192 185 185 194 199 197 199 202 204 205 204 204 209 208 208 205 203 201 201 199 203 200 198 196 197 191 192 197 204 196 208 212 212 212 210 206 200 201 208 211 214 214 207 203 211 206 211 207 210 213 215 218 218 219 220 219 215 217 219 219 219 220 220 220 220 219 219 219 220 220 220 221 220 221 221 221
174 180 184 188 189 189 190 190 194 194 187 191 199 200 200 199 202 202 201 200 205 209 211 207 205 203 201 202 206 204 199 202 206 200 201 207 203 196 208 212 213 212 211 208 204 206 209 213 213 214 210 203 213 206 208 206 208 211 215 218 218 219 217 219 219 218 220 219 220 220 220 220 219 219 219 219 219 219 220 221 221 221 221 221
172 180 185 189 189 187 188 187 193 198 196 192 197 201 204 201 203 205 208 208 202 205 211 210 206 205 201 204 206 205 200 205 209 208 206 207 201 204 211 212 210 213 211 208 210 211 211 210 213 213 215 210 214 213 213 210 211 211 214 217 217 217 214 217 219 220 220 220 220 220 220 220 219 219 219 219 219 220 220 220 221 221 220 220
174 181 186 189 189 185 185 186 195 197 199 200 199 200 203 205 207 208 208 210 207 208 210 211 207 206 202 204 208 206 203 205 208 209 207 204 205 209 211 212 210 213 213 212 211 207 204 209 215 215 216 209 212 216 216 215 212 213 214 218 218 217 214 216 219 219 220 220 220 221 220 220 219 219 219 219 219 220 220 220 220 220 219 221
180 180 181 187 187 181 180 188 196 192 190 197 198 198 197 200 201 202 202 208 210 209 209 211 211 210 207 206 208 210 208 208 206 209 209 202 205 204 211 212 211 212 208 212 211 206 199 206 215 216 217 212 210 215 217 216 215 216 216 218 218 217 216 216 218 219 219 220 220 220 220 219 219 219 219 219 220 219 220 220 220 220 220 221
185 180 180 184 185 181 186 192 190 188 191 194 197 193 190 196 200 203 206 207 210 210 210 210 211 212 211 210 211 212 211 211 210 211 208 199 199 204 211 213 214 210 204 209 208 206 202 208 213 215 216 213 214 214 218 217 217 216 217 218 219 217 217 216 217 219 219 220 220 220 220 221 219 218 219 219 220 220 220 220 220 219 220 221
187 185 182 180 183 181 185 191 185 182 179 183 189 191 192 192 197 201 206 209 210 210 210 210 209 211 212 212 213 212 213 213 211 211 203 197 198 204 212 214 213 209 205 205 208 208 210 211 213 212 216 215 212 215 217 216 212 215 217 219 219 219 218 217 217 219 219 220 220 220 220 221 220 219 219 219 220 221 221 221 221 221 221 221
187 184 178 178 181 187 189 189 185 181 174 177 179 183 188 192 196 200 203 208 209 209 210 210 209 208 211 212 209 207 208 214 214 210 205 203 208 204 212 214 213 211 207 204 207 208 211 214 214 211 216 218 214 217 217 216 212 215 213 218 219 218 217 217 217 218 219 219 220 219 220 221 221 220 220 220 220 221 221 221 221 221 221 221
184 179 175 178 183 186 191 186 183 182 175 169 170 174 179 190 197 201 204 207 207 206 208 209 209 207 210 210 210 210 211 213 213 212 208 211 204 207 214 212 207 204 206 204 205 212 210 213 214 211 214 217 218 218 219 218 215 217 216 218 219 219 218 217 218 217 219 220 220 220 221 221 221 221 221 220 220 221 221 221 221 221 221 221
187 181 180 183 185 186 191 189 187 182 176 165 164 168 177 186 197 199 201 202 202 205 207 207 206 206 207 208 211 213 214 214 212 214 212 213 212 213 214 209 203 204 206 197 203 212 214 213 215 214 216 218 218 218 219 219 218 217 214 219 220 220 219 218 218 218 218 221 221 220 220 221 220 220 221 221 221 221 221 221 221 221 221 221
