08 Ecocrop/raster/current/tmin_5.asc
ncols        683
nrows        518
xllcorner    -87.691666666667
yllcorner    10.708333333333
cellsize     0.008333333333
NODATA_value  1.#QNAN
[rows 296 to 332 of 518, columns 420 to 503 of 683]
223 216 214 220 226 229 229 229 230 229 229 230 230 230 230 230 231 231 231 231 231 232 232 232 231 231 229 227 228 230 231 232 232 231 231 232 232 232 232 233 233 233 233 233 234 234 234 235 235 235 235 235 236 236 236 236 236 236 236 1.#QNAN 1.#QNAN 1.#QNAN 1.#QNAN 1.#QNAN 1.#QNAN 1.#QNAN 1.#QNAN 240 240 240 240 240 240 240 240 239 239 240 240 1.#QNAN 1.#QNAN 1.#QNAN 1.#QNAN 1.#QNAN
226 219 210 216 224 228 229 230 230 229 229 229 230 230 230 230 231 231 230 231 231 231 231 231 230 230 229 228 230 231 231 232 231 231 231 232 232 232 232 233 233 233 234 234 234 234 234 235 235 235 236 236 1.#QNAN 1.#QNAN 1.#QNAN 1.#QNAN 1.#QNAN 1.#QNAN 1.#QNAN 1.#QNAN 1.#QNAN 1.#QNAN 1.#QNAN 1.#QNAN 1.#QNAN 1.#QNAN 1.#QNAN 240 240 240 240 240 240 240 239 239 239 240 240 1.#QNAN 1.#QNAN 1.#QNAN 1.#QNAN 1.#QNAN
225 217 213 219 225 226 228 229 229 230 229 229 230 230 230 230 230 230 230 230 231 231 231 231 231 230 230 230 231 232 231 232 232 231 232 232 232 232 233 233 233 233 234 234 235 235 235 235 236 236 236 1.#QNAN 1.#QNAN 1.#QNAN 1.#QNAN 1.#QNAN 1.#QNAN 1.#QNAN 1.#QNAN 1.#QNAN 1.#QNAN 1.#QNAN 1.#QNAN 1.#QNAN 1.#QNAN 1.#QNAN 240 240 240 239 239 240 240 239 239 239 239 240 239 1.#QNAN 1.#QNAN 1.#QNAN 1.#QNAN 1.#QNAN
225 219 217 216 223 227 228 229 229 230 229 229 229 230 230 230 230 230 230 230 231 231 231 231 231 231 232 231 231 232 232 232 231 232 232 232 233 232 232 232 232 233 233 234 235 235 235 235 236 236 1.#QNAN 1.#QNAN 1.#QNAN 1.#QNAN 1.#QNAN 1.#QNAN 1.#QNAN 1.#QNAN 1.#QNAN 1.#QNAN 1.#QNAN 1.#QNAN 1.#QNAN 1.#QNAN 1.#QNAN 1.#QNAN 1.#QNAN 240 239 239 239 239 239 239 239 239 239 240 240 240 1.#QNAN 1.#QNAN 1.#QNAN 1.#QNAN
226 222 219 218 223 226 227 227 229 229 229 229 229 229 229 230 230 230 229 230 231 231 231 231 232 232 230 230 231 231 232 232 232 232 232 233 233 233 232 232 233 233 233 234 234 235 235 235 236 236 1.#QNAN 1.#QNAN 1.#QNAN 1.#QNAN 1.#QNAN 1.#QNAN 1.#QNAN 1.#QNAN 1.#QNAN 1.#QNAN 1.#QNAN 1.#QNAN 1.#QNAN 1.#QNAN 1.#QNAN 1.#QNAN 239 239 239 239 239 239 239 239 239 239 239 240 239 240 1.#QNAN 1.#QNAN 1.#QNAN 1.#QNAN
227 225 224 225 225 226 227 227 228 229 229 229 229 230 230 230 230 230 229 230 230 231 231 232 232 232 230 231 231 231 232 232 232 232 232 233 233 233 232 232 233 233 233 234 234 234 235 235 236 236 1.#QNAN 1.#QNAN 1.#QNAN 1.#QNAN 1.#QNAN 1.#QNAN 1.#QNAN 1.#QNAN 1.#QNAN 1.#QNAN 1.#QNAN 1.#QNAN 1.#QNAN 1.#QNAN 1.#QNAN 1.#QNAN 1.#QNAN 239 238 239 239 239 239 239 239 239 239 240 240 240 240 1.#QNAN 1.#QNAN 1.#QNAN
227 226 227 227 227 228 228 229 229 229 229 229 229 229 230 229 229 229 229 230 230 231 231 231 231 232 232 231 231 232 232 233 232 233 233 233 233 233 233 233 233 233 233 234 234 235 235 236 237 237 1.#QNAN 1.#QNAN 1.#QNAN 1.#QNAN 1.#QNAN 1.#QNAN 1.#QNAN 1.#QNAN 1.#QNAN 1.#QNAN 1.#QNAN 1.#QNAN 1.#QNAN 1.#QNAN 1.#QNAN 1.#QNAN 239 239 238 238 238 238 239 239 239 239 239 239 240 240 240 1.#QNAN 1.#QNAN 1.#QNAN
226 226 227 227 226 225 227 228 227 228 229 229 229 229 229 229 229 229 229 230 230 230 230 231 231 232 231 231 231 232 233 233 233 233 233 233 233 233 233 233 233 233 234 234 234 235 236 237 237 1.#QNAN 1.#QNAN 1.#QNAN 1.#QNAN 1.#QNAN 1.#QNAN 1.#QNAN 1.#QNAN 1.#QNAN 1.#QNAN 1.#QNAN 1.#QNAN 1.#QNAN 1.#QNAN 1.#QNAN 1.#QNAN 1.#QNAN 239 238 238 238 238 238 238 238 238 238 239 239 239 240 240 240 1.#QNAN 1.#QNAN
226 226 227 225 224 223 224 227 227 228 229 230 229 229 229 229 229 230 229 230 230 231 230 231 231 231 232 232 232 232 232 232 232 233 233 233 233 234 233 234 233 233 234 235 235 236 237 237 237 1.#QNAN 1.#QNAN 1.#QNAN 1.#QNAN 1.#QNAN 1.#QNAN 1.#QNAN 1.#QNAN 1.#QNAN 1.#QNAN 1.#QNAN 1.#QNAN 1.#QNAN 1.#QNAN 1.#QNAN 1.#QNAN 1.#QNAN 239 238 238 238 238 238 238 238 238 238 239 239 239 239 240 240 240 1.#QNAN
227 227 227 225 224 224 224 228 229 229 230 230 229 229 229 230 229 230 230 231 231 231 231 231 232 231 232 232 231 231 232 232 232 232 232 233 233 234 234 234 234 233 234 235 236 236 237 238 238 1.#QNAN 1.#QNAN 1.#QNAN 239 1.#QNAN 1.#QNAN 1.#QNAN 1.#QNAN 1.#QNAN 1.#QNAN 1.#QNAN 1.#QNAN 1.#QNAN 1.#QNAN 1.#QNAN 1.#QNAN 1.#QNAN 239 238 238 238 238 238 238 238 238 238 238 239 239 239 239 240 240 1.#QNAN
227 227 227 226 225 225 225 226 227 229 231 230 230 230 229 230 230 230 230 230 230 231 231 231 231 231 231 231 231 231 231 232 232 232 232 232 232 233 234 234 234 234 234 235 236 237 237 238 238 239 1.#QNAN 239 239 240 239 1.#QNAN 1.#QNAN 1.#QNAN 1.#QNAN 1.#QNAN 1.#QNAN 1.#QNAN 1.#QNAN 1.#QNAN 1.#QNAN 1.#QNAN 1.#QNAN 238 238 237 237 238 237 238 238 238 238 238 239 239 239 240 240 240
227 228 227 226 226 225 225 226 227 229 231 231 231 230 229 229 229 230 230 230 230 231 231 231 231 231 230 231 230 230 231 232 232 232 232 232 233 233 233 234 234 234 235 235 236 236 237 238 239 239 239 239 239 239 239 1.#QNAN 1.#QNAN 1.#QNAN 1.#QNAN 1.#QNAN 1.#QNAN 1.#QNAN 1.#QNAN 1.#QNAN 1.#QNAN 1.#QNAN 1.#QNAN 1.#QNAN 238 237 237 237 237 237 237 237 238 238 239 239 239 240 240 240
228 228 227 227 226 227 228 229 229 228 230 231 230 231 230 229 229 229 230 230 230 231 231 230 231 230 230 230 231 231 231 231 231 232 232 232 233 233 233 234 235 235 235 235 236 236 236 237 238 238 239 239 239 239 239 1.#QNAN 1.#QNAN 1.#QNAN 1.#QNAN 1.#QNAN 1.#QNAN 1.#QNAN 1.#QNAN 1.#QNAN 1.#QNAN 1.#QNAN 1.#QNAN 1.#QNAN 238 238 238 238 238 237 237 237 238 238 239 239 239 240 240 240
228 228 228 227 227 226 227 230 231 231 231 231 231 231 231 230 229 229 230 230 231 231 231 230 230 231 230 231 231 231 231 232 232 232 232 232 232 232 233 234 234 234 235 235 235 236 236 237 238 238 238 239 238 238 239 1.#QNAN 1.#QNAN 1.#QNAN 1.#QNAN 1.#QNAN 1.#QNAN 1.#QNAN 1.#QNAN 1.#QNAN 1.#QNAN 1.#QNAN 1.#QNAN 1.#QNAN 1.#QNAN 238 238 238 238 237 237 237 238 238 239 239 239 240 240 240
228 226 226 226 226 227 229 230 231 231 231 232 231 231 231 231 230 229 230 230 230 231 231 230 230 230 230 231 231 231 232 232 232 232 232 232 233 233 233 233 233 234 234 235 235 235 236 237 238 238 238 238 239 238 238 1.#QNAN 1.#QNAN 1.#QNAN 1.#QNAN 1.#QNAN 1.#QNAN 1.#QNAN 1.#QNAN 1.#QNAN 1.#QNAN 1.#QNAN 1.#QNAN 1.#QNAN 1.#QNAN 1.#QNAN 238 238 238 237 237 237 238 238 238 239 239 239 240 240
228 227 227 227 228 229 230 231 231 231 231 232 231 231 231 231 230 230 230 230 231 231 231 231 230 230 231 231 232 232 232 232 232 232 233 233 233 233 233 234 234 234 234 235 235 235 235 236 237 237 238 238 238 238 238 1.#QNAN 1.#QNAN 1.#QNAN 1.#QNAN 1.#QNAN 1.#QNAN 1.#QNAN 1.#QNAN 1.#QNAN 1.#QNAN 1.#QNAN 1.#QNAN 1.#QNAN 1.#QNAN 1.#QNAN 238 238 238 238 237 237 238 238 238 239 239 239 240 240
228 226 227 228 229 230 231 232 232 231 232 232 232 231 231 231 231 231 230 230 231 231 230 231 231 231 231 231 231 232 232 232 232 233 233 233 233 233 234 234 234 234 235 235 235 235 236 236 237 237 237 238 238 238 238 1.#QNAN 1.#QNAN 1.#QNAN 1.#QNAN 1.#QNAN 1.#QNAN 1.#QNAN 1.#QNAN 1.#QNAN 1.#QNAN 1.#QNAN 1.#QNAN 1.#QNAN 1.#QNAN 1.#QNAN 239 238 238 238 237 237 238 238 238 239 239 239 240 240
228 227 227 227 229 231 231 231 231 232 232 232 232 232 232 232 231 231 231 231 232 231 231 231 231 231 231 231 231 231 231 232 233 233 233 233 233 233 233 233 234 234 235 235 236 236 236 236 236 237 237 238 238 238 238 239 1.#QNAN 1.#QNAN 1.#QNAN 1.#QNAN 1.#QNAN 1.#QNAN 1.#QNAN 1.#QNAN 1.#QNAN 1.#QNAN 1.#QNAN 1.#QNAN 1.#QNAN 1.#QNAN 239 238 238 238 237 237 238 238 238 239 239 239 240 240
228 227 226 227 228 231 231 231 232 232 232 232 232 232 232 232 231 230 231 231 232 231 231 231 231 231 231 232 232 232 232 232 233 233 233 233 233 233 233 233 234 234 234 234 235 236 236 236 237 237 237 237 238 238 238 239 1.#QNAN 1.#QNAN 1.#QNAN 1.#QNAN 1.#QNAN 1.#QNAN 1.#QNAN 1.#QNAN 1.#QNAN 1.#QNAN 1.#QNAN 1.#QNAN 239 239 239 238 238 238 237 237 238 238 238 239 239 239 240 240
229 230 229 230 231 231 231 231 231 231 231 232 232 232 232 232 231 231 231 231 232 231 231 231 231 231 231 232 232 232 232 232 232 233 233 233 233 234 233 234 234 234 234 235 235 235 236 236 237 237 237 238 238 238 239 239 1.#QNAN 1.#QNAN 1.#QNAN 1.#QNAN 1.#QNAN 1.#QNAN 1.#QNAN 1.#QNAN 1.#QNAN 1.#QNAN 1.#QNAN 1.#QNAN 239 239 239 238 238 238 238 237 238 238 238 239 239 239 240 240
231 231 231 232 232 232 231 231 231 231 231 231 231 232 232 232 232 231 231 231 231 231 231 231 231 231 231 231 232 232 232 232 232 232 233 233 234 234 233 234 234 234 234 234 235 235 235 236 236 237 237 237 238 238 239 1.#QNAN 1.#QNAN 1.#QNAN 1.#QNAN 1.#QNAN 1.#QNAN 1.#QNAN 1.#QNAN 1.#QNAN 1.#QNAN 1.#QNAN 1.#QNAN 239 239 239 239 239 238 238 237 237 238 238 1.#QNAN 1.#QNAN 1.#QNAN 239 240 1.#QNAN
231 232 232 231 231 230 231 232 231 231 232 231 231 231 232 232 232 231 231 231 231 232 231 231 231 231 231 231 232 232 232 233 233 233 233 233 233 234 234 233 234 234 234 235 235 235 235 236 236 237 237 238 238 238 239 1.#QNAN 1.#QNAN 1.#QNAN 1.#QNAN 1.#QNAN 1.#QNAN 1.#QNAN 1.#QNAN 241 1.#QNAN 1.#QNAN 240 240 239 239 239 1.#QNAN 1.#QNAN 1.#QNAN 1.#QNAN 1.#QNAN 1.#QNAN 1.#QNAN 1.#QNAN 1.#QNAN 1.#QNAN 1.#QNAN 1.#QNAN 1.#QNAN
231 231 231 230 231 231 231 232 232 231 232 231 230 231 232 232 232 231 231 231 232 232 231 231 231 231 231 232 232 232 232 232 233 233 233 233 234 234 234 234 234 234 235 235 235 235 235 236 236 237 237 238 238 238 239 1.#QNAN 1.#QNAN 1.#QNAN 1.#QNAN 1.#QNAN 1.#QNAN 1.#QNAN 241 241 1.#QNAN 1.#QNAN 1.#QNAN 241 241 242 1.#QNAN 1.#QNAN 1.#QNAN 1.#QNAN 1.#QNAN 1.#QNAN 1.#QNAN 1.#QNAN 1.#QNAN 1.#QNAN 1.#QNAN 1.#QNAN 1.#QNAN 1.#QNAN
231 231 231 231 231 232 232 232 232 232 232 232 232 231 232 232 232 232 232 232 232 232 232 232 231 231 231 232 232 232 232 232 233 233 233 233 233 234 234 234 234 235 235 235 235 235 235 235 236 237 237 237 237 238 239 1.#QNAN 1.#QNAN 1.#QNAN 1.#QNAN 1.#QNAN 1.#QNAN 1.#QNAN 241 1.#QNAN 1.#QNAN 1.#QNAN 1.#QNAN 241 1.#QNAN 1.#QNAN 1.#QNAN 1.#QNAN 1.#QNAN 1.#QNAN 1.#QNAN 1.#QNAN 1.#QNAN 1.#QNAN 1.#QNAN 1.#QNAN 1.#QNAN 1.#QNAN 1.#QNAN 1.#QNAN
230 230 231 231 232 232 232 232 232 232 232 232 232 232 232 232 232 232 232 232 232 232 232 232 232 231 232 232 232 232 232 232 232 233 233 233 233 234 234 234 234 234 235 235 235 235 235 235 236 237 237 237 237 237 238 1.#QNAN 1.#QNAN 1.#QNAN 1.#QNAN 1.#QNAN 1.#QNAN 1.#QNAN 1.#QNAN 1.#QNAN 1.#QNAN 241 241 241 242 1.#QNAN 1.#QNAN 1.#QNAN 1.#QNAN 1.#QNAN 1.#QNAN 1.#QNAN 1.#QNAN 1.#QNAN 1.#QNAN 1.#QNAN 1.#QNAN 1.#QNAN 1.#QNAN 1.#QNAN
230 230 231 232 232 232 232 231 232 232 232 232 232 232 232 232 232 232 232 232 232 232 232 232 232 232 232 232 232 232 232 233 233 233 233 233 234 234 234 234 234 235 235 235 235 235 235 235 236 237 237 237 237 237 238 1.#QNAN 1.#QNAN 1.#QNAN 1.#QNAN 1.#QNAN 1.#QNAN 1.#QNAN 1.#QNAN 1.#QNAN 1.#QNAN 241 241 241 242 1.#QNAN 1.#QNAN 1.#QNAN 1.#QNAN 1.#QNAN 1.#QNAN 1.#QNAN 1.#QNAN 1.#QNAN 1.#QNAN 1.#QNAN 1.#QNAN 1.#QNAN 1.#QNAN 1.#QNAN
230 231 232 232 232 232 232 232 232 232 232 232 232 232 232 232 231 232 232 232 232 232 232 232 232 232 232 232 232 232 232 233 233 233 233 233 233 233 234 234 234 234 233 233 235 235 235 235 236 236 237 237 237 237 238 1.#QNAN 1.#QNAN 1.#QNAN 1.#QNAN 1.#QNAN 240 240 241 1.#QNAN 1.#QNAN 241 241 241 1.#QNAN 1.#QNAN 1.#QNAN 1.#QNAN 1.#QNAN 1.#QNAN 1.#QNAN 1.#QNAN 1.#QNAN 1.#QNAN 1.#QNAN 1.#QNAN 1.#QNAN 1.#QNAN 1.#QNAN 1.#QNAN
231 231 231 231 231 232 232 232 233 232 232 232 232 232 232 232 232 232 232 232 232 232 232 232 232 232 232 232 232 232 232 232 233 233 233 233 233 233 234 234 234 233 233 233 234 235 236 236 236 236 236 236 237 237 237 238 238 1.#QNAN 1.#QNAN 239 240 240 240 1.#QNAN 241 241 241 1.#QNAN 1.#QNAN 1.#QNAN 1.#QNAN 1.#QNAN 1.#QNAN 1.#QNAN 1.#QNAN 1.#QNAN 1.#QNAN 1.#QNAN 1.#QNAN 1.#QNAN 1.#QNAN 1.#QNAN 1.#QNAN 1.#QNAN
230 231 231 231 232 232 232 232 232 232 232 232 232 232 232 232 231 232 232 232 232 232 232 232 232 232 232 232 232 232 232 232 233 232 233 233 233 233 234 233 234 232 232 233 234 235 235 236 236 236 236 236 236 237 237 237 238 238 239 239 240 240 1.#QNAN 1.#QNAN 241 241 1.#QNAN 1.#QNAN 1.#QNAN 1.#QNAN 1.#QNAN 1.#QNAN 1.#QNAN 1.#QNAN 1.#QNAN 1.#QNAN 1.#QNAN 1.#QNAN 1.#QNAN 1.#QNAN 1.#QNAN 1.#QNAN 1.#QNAN 1.#QNAN
231 231 230 231 231 232 232 232 232 232 232 232 232 232 232 232 232 232 231 231 232 232 232 232 232 232 232 232 232 232 232 232 232 232 233 233 233 233 233 232 232 232 231 232 234 235 235 236 236 236 236 236 236 237 237 237 237 238 239 239 240 240 1.#QNAN 1.#QNAN 241 241 1.#QNAN 1.#QNAN 1.#QNAN 1.#QNAN 1.#QNAN 1.#QNAN 1.#QNAN 1.#QNAN 1.#QNAN 1.#QNAN 1.#QNAN 1.#QNAN 1.#QNAN 1.#QNAN 1.#QNAN 1.#QNAN 1.#QNAN 1.#QNAN
230 230 231 232 232 232 232 232 232 232 232 232 232 232 232 232 232 232 232 232 232 232 232 232 232 232 231 232 232 232 232 232 232 232 233 233 233 233 233 233 232 231 231 232 234 235 235 236 236 236 235 235 236 236 236 237 238 238 238 239 240 240 1.#QNAN 241 248 1.#QNAN 1.#QNAN 1.#QNAN 1.#QNAN 1.#QNAN 1.#QNAN 1.#QNAN 1.#QNAN 1.#QNAN 1.#QNAN 1.#QNAN 1.#QNAN 1.#QNAN 1.#QNAN 1.#QNAN 1.#QNAN 1.#QNAN 1.#QNAN 1.#QNAN
229 230 231 232 232 232 232 232 232 232 232 232 232 232 232 232 232 232 232 232 232 232 232 232 232 232 232 232 232 232 232 232 232 232 233 232 233 233 233 232 231 230 231 233 234 234 235 235 235 235 234 235 235 235 236 237 237 238 239 239 240 240 1.#QNAN 241 248 1.#QNAN 1.#QNAN 1.#QNAN 1.#QNAN 1.#QNAN 1.#QNAN 1.#QNAN 1.#QNAN 1.#QNAN 1.#QNAN 1.#QNAN 1.#QNAN 1.#QNAN 1.#QNAN 1.#QNAN 1.#QNAN 1.#QNAN 1.#QNAN 1.#QNAN
232 232 232 232 232 232 232 232 231 232 232 232 232 232 232 232 232 232 232 232 232 232 232 232 232 232 232 232 232 232 232 232 232 232 232 233 233 233 233 232 230 229 229 231 233 234 235 235 234 234 234 234 234 235 235 236 237 238 239 239 240 240 1.#QNAN 241 1.#QNAN 1.#QNAN 1.#QNAN 1.#QNAN 1.#QNAN 1.#QNAN 1.#QNAN 1.#QNAN 1.#QNAN 1.#QNAN 1.#QNAN 1.#QNAN 1.#QNAN 1.#QNAN 1.#QNAN 1.#QNAN 1.#QNAN 1.#QNAN 1.#QNAN 1.#QNAN
232 232 232 232 232 232 231 231 231 232 232 232 231 232 232 232 232 232 232 232 232 232 232 232 232 232 232 232 232 232 232 232 232 232 233 233 233 233 231 231 231 231 231 232 233 234 234 234 234 234 234 234 234 235 235 236 238 238 239 239 239 1.#QNAN 1.#QNAN 239 1.#QNAN 1.#QNAN 1.#QNAN 1.#QNAN 1.#QNAN 1.#QNAN 1.#QNAN 1.#QNAN 1.#QNAN 1.#QNAN 1.#QNAN 1.#QNAN 1.#QNAN 1.#QNAN 1.#QNAN 1.#QNAN 1.#QNAN 1.#QNAN 1.#QNAN 1.#QNAN
233 232 233 233 232 232 232 232 232 232 232 232 232 232 232 232 232 232 232 232 232 232 232 232 232 232 232 232 232 232 232 232 232 232 233 233 233 233 233 232 232 233 232 233 233 234 235 235 235 234 234 234 234 235 235 236 238 238 239 239 239 239 1.#QNAN 1.#QNAN 1.#QNAN 1.#QNAN 1.#QNAN 1.#QNAN 1.#QNAN 1.#QNAN 1.#QNAN 1.#QNAN 1.#QNAN 1.#QNAN 1.#QNAN 1.#QNAN 1.#QNAN 1.#QNAN 1.#QNAN 1.#QNAN 1.#QNAN 1.#QNAN 1.#QNAN 1.#QNAN
233 233 233 233 233 232 233 232 232 232 232 232 232 232 232 232 232 232 232 232 232 232 232 232 232 232 232 232 232 232 232 232 232 232 233 233 233 233 233 233 234 233 233 233 234 234 235 235 235 234 233 233 234 235 235 237 238 238 239 239 239 239 239 1.#QNAN 1.#QNAN 1.#QNAN 1.#QNAN 1.#QNAN 1.#QNAN 1.#QNAN 1.#QNAN 1.#QNAN 1.#QNAN 1.#QNAN 1.#QNAN 1.#QNAN 1.#QNAN 1.#QNAN 1.#QNAN 1.#QNAN 1.#QNAN 1.#QNAN 1.#QNAN 1.#QNAN
233 233 233 233 233 233 233 232 232 233 232 232 232 232 232 233 233 233 233 232 232 232 232 232 232 232 232 232 232 232 232 232 232 232 233 233 233 234 234 234 234 233 233 233 234 234 235 235 235 234 230 232 235 235 236 237 238 238 239 239 239 239 239 1.#QNAN 1.#QNAN 1.#QNAN 1.#QNAN 1.#QNAN 1.#QNAN 1.#QNAN 1.#QNAN 1.#QNAN 1.#QNAN 1.#QNAN 1.#QNAN 1.#QNAN 1.#QNAN 1.#QNAN 1.#QNAN 1.#QNAN 1.#QNAN 1.#QNAN 1.#QNAN 1.#QNAN
