08 Ecocrop/raster/current/tmin_9.asc
ncols        683
nrows        518
xllcorner    -87.691666666667
yllcorner    10.708333333333
cellsize     0.008333333333
NODATA_value  1.#QNAN
[rows 407 to 443 of 518, columns 252 to 335 of 683]
232 232 232 232 232 231 231 231 231 231 231 231 231 231 231 231 231 231 231 231 230 230 230 230 230 230 230 230 230 230 230 230 230 230 230 230 230 230 229 229 229 229 229 229 229 229 229 229 229 229 229 229 229 229 229 229 229 229 229 229 229 228 227 226 223 223 222 223 222 223 226 225 225 227 227 227 227 227 227 227 226 225 225 226
232 232 232 232 232 231 231 231 231 231 231 231 231 231 231 231 231 231 231 231 231 230 230 230 230 230 230 230 230 230 230 230 230 230 230 230 230 230 229 229 229 229 229 229 229 229 229 229 229 229 229 229 229 229 229 229 229 229 229 229 229 229 228 227 225 224 223 222 224 223 226 227 227 227 227 227 227 226 227 227 225 225 225 226
232 232 232 232 232 231 231 231 231 231 231 231 231 231 231 231 231 231 231 231 231 230 230 230 230 230 230 230 230 230 230 230 230 230 230 230 230 230 229 229 229 229 229 229 229 229 229 229 229 229 229 229 229 229 229 229 229 229 229 229 229 229 229 228 228 226 225 223 225 223 223 227 228 228 228 228 227 225 226 226 226 226 226 226
231 232 232 232 232 231 231 231 231 231 231 231 231 231 231 231 231 231 231 231 231 230 230 230 230 230 230 230 230 230 230 230 230 230 230 230 230 230 229 229 229 229 229 229 229 229 229 229 229 229 229 229 229 229 229 229 229 229 229 229 229 229 229 229 228 227 225 225 224 223 225 226 228 228 227 227 227 226 226 227 227 227 227 227
231 231 231 231 231 232 231 231 231 231 231 231 231 231 231 231 231 231 231 231 231 231 230 230 230 230 230 230 230 230 230 230 230 230 230 230 230 230 229 229 229 229 229 229 229 229 229 229 229 229 229 229 229 229 229 229 229 229 229 229 229 229 229 229 228 228 228 226 226 225 225 227 228 228 227 228 228 226 226 227 227 227 227 227
230 231 231 231 231 231 231 231 231 231 231 231 231 231 231 231 231 231 231 231 231 231 230 230 230 230 230 230 230 230 230 230 230 230 230 230 230 229 229 229 229 229 229 229 229 229 229 229 229 229 229 229 229 229 229 229 229 229 229 229 229 229 229 229 229 229 229 228 227 226 226 227 228 228 228 228 228 227 227 227 227 228 227 227
229 230 231 231 231 231 231 231 231 231 231 231 231 231 231 231 231 231 231 231 231 231 230 230 230 230 230 230 230 230 230 230 230 230 230 230 230 229 229 229 229 229 229 229 229 229 229 229 229 229 229 229 229 229 229 229 229 229 229 229 229 229 229 229 229 229 228 228 227 226 226 227 227 228 228 228 228 228 228 228 228 228 228 227
228 229 229 230 231 231 231 231 231 231 231 231 231 231 231 231 231 231 231 231 231 231 230 230 230 230 230 230 230 230 230 230 230 230 230 230 230 229 229 229 229 229 229 229 229 229 229 229 229 229 229 229 229 229 229 229 229 229 229 229 229 229 229 229 229 229 229 228 228 226 226 226 227 228 228 228 228 228 228 228 228 228 228 227
225 228 229 230 231 231 231 231 231 231 231 231 231 231 231 231 231 231 231 231 231 231 230 230 230 230 230 230 230 230 230 230 230 230 230 230 230 229 229 229 229 229 229 229 229 229 229 229 229 229 229 229 229 229 229 229 229 229 229 229 229 229 229 229 229 229 229 229 228 226 227 227 228 228 228 229 228 228 228 228 228 228 228 228
222 226 228 230 230 231 231 231 231 231 231 231 231 231 231 231 231 231 231 231 231 231 230 230 230 230 230 230 230 230 230 230 230 230 230 230 230 229 229 229 229 229 229 229 229 229 229 229 229 229 229 229 229 229 229 229 229 229 229 229 229 229 229 229 229 229 229 229 228 227 225 227 228 228 228 229 229 228 228 228 228 228 228 228
223 225 228 230 230 231 231 231 231 231 231 231 231 231 231 231 231 231 231 231 231 231 230 230 230 230 230 230 230 230 230 230 230 230 230 230 230 229 229 229 229 229 229 229 229 229 229 229 229 229 229 229 229 229 229 229 229 229 229 229 229 229 229 229 229 229 229 229 229 228 226 227 228 228 228 228 228 228 228 228 228 228 228 227
222 225 228 230 230 231 231 231 231 231 231 231 231 231 231 231 231 231 231 231 231 231 230 230 230 230 230 230 230 230 230 230 230 230 230 230 230 229 229 229 229 229 229 229 229 229 229 229 229 229 229 229 229 229 229 229 229 229 229 229 229 229 229 229 229 229 229 229 229 228 228 227 228 229 228 228 228 228 228 228 228 228 228 227
222 225 227 229 230 231 231 231 231 231 231 231 231 231 231 231 231 231 231 231 231 231 230 230 230 230 230 230 230 230 230 230 230 230 230 230 230 229 229 229 229 229 229 229 229 229 229 229 229 229 229 229 229 229 229 229 229 229 229 229 229 229 229 229 229 229 229 229 229 229 228 228 228 228 228 228 228 228 228 228 228 228 228 227
223 225 227 229 230 231 231 231 231 231 231 231 231 231 231 231 231 231 231 231 231 231 230 230 230 230 230 230 230 230 230 230 230 230 230 230 230 229 229 229 229 229 229 229 229 229 229 229 229 229 229 229 229 229 229 229 229 229 229 229 229 229 229 229 229 229 229 229 229 229 229 229 228 228 227 227 228 228 228 228 228 228 228 228
224 225 227 228 230 231 231 231 231 231 231 231 231 231 231 231 231 231 231 231 231 230 230 230 230 230 230 230 230 230 230 230 230 230 230 230 230 230 229 229 229 229 229 229 229 229 229 229 229 229 229 229 229 229 229 229 229 229 229 229 229 229 229 229 229 229 229 229 229 229 229 229 229 228 227 227 226 227 228 228 228 228 228 228
226 227 229 229 230 230 231 231 231 231 230 230 231 231 231 231 231 231 231 231 230 230 230 230 230 230 230 230 230 230 230 230 230 230 230 230 230 230 229 229 229 229 229 229 229 229 229 229 229 229 229 229 229 229 229 229 229 229 229 229 229 229 229 229 229 229 229 229 229 229 229 229 229 229 228 228 227 227 227 228 228 228 228 228
229 229 229 229 230 230 230 230 230 230 230 230 230 230 230 231 231 231 231 230 230 230 230 230 230 230 230 230 230 230 230 230 230 230 230 230 230 230 229 229 229 229 229 229 229 229 229 229 229 229 229 229 229 229 229 229 229 229 229 229 229 229 229 229 229 229 229 229 229 229 229 229 229 229 228 228 228 228 228 228 228 228 228 228
230 230 230 230 230 230 228 228 228 227 227 228 228 228 230 231 231 231 230 230 230 230 230 230 230 230 230 230 230 230 230 230 230 230 230 230 230 230 230 229 229 229 229 229 229 229 229 229 229 229 229 229 229 229 229 229 229 229 229 229 229 229 229 229 229 229 229 229 229 229 229 229 229 229 228 228 228 227 227 227 228 228 228 228
231 231 230 230 230 228 226 224 222 222 222 224 224 225 229 230 231 230 230 230 230 230 230 230 230 230 230 230 230 230 230 230 230 230 230 230 230 230 230 229 229 229 229 229 229 229 229 229 229 229 229 229 229 229 229 229 229 229 229 229 229 229 229 229 229 229 229 229 229 229 229 229 229 229 228 228 228 227 227 227 228 228 228 228
231 231 231 230 228 224 220 217 214 210 210 215 218 221 226 229 231 230 230 230 230 230 230 230 230 230 230 230 230 230 230 230 230 230 230 230 230 230 230 229 229 229 229 229 229 229 229 229 229 229 229 229 229 229 229 229 229 229 229 229 229 229 229 229 229 229 229 229 229 229 229 229 229 229 228 228 228 228 227 227 228 228 228 227
231 231 231 230 227 223 217 210 200 193 195 201 209 217 224 229 230 230 230 230 230 230 230 230 230 230 230 230 230 230 230 230 230 230 230 230 230 230 229 229 229 229 229 229 229 229 229 229 229 229 229 229 229 229 229 229 229 229 229 229 229 229 229 229 229 229 229 229 229 229 229 229 229 229 229 228 228 228 227 227 227 228 227 227
231 231 231 229 226 221 214 202 186 177 180 184 199 213 222 228 230 230 230 230 230 230 230 230 230 230 230 230 230 230 230 230 230 230 230 230 229 229 229 229 229 229 229 229 229 229 229 229 229 229 229 229 229 229 229 229 229 229 229 229 229 229 229 229 229 229 229 229 229 229 229 229 229 229 229 228 228 228 228 227 227 228 227 227
231 231 231 230 227 222 213 196 177 165 173 178 195 212 221 227 230 230 230 230 230 230 230 230 230 230 230 230 230 230 230 230 230 230 229 229 229 229 229 229 229 229 229 229 229 229 229 229 229 229 229 229 229 229 229 229 229 229 229 229 229 229 229 229 229 229 229 229 229 229 229 229 229 229 229 229 228 228 228 228 228 228 227 227
231 231 231 230 228 224 216 202 185 173 177 186 197 213 223 228 230 230 230 230 230 230 230 230 230 230 230 230 230 230 230 230 230 229 229 229 229 229 229 229 229 229 229 229 229 229 229 229 229 229 229 229 229 229 229 229 229 229 229 229 229 229 229 229 229 229 229 229 229 229 229 229 229 229 229 228 228 228 228 228 228 228 227 227
231 231 231 231 230 228 221 212 204 188 188 194 206 217 224 228 230 230 230 230 230 230 230 230 230 230 230 230 230 230 230 230 230 229 229 229 229 229 229 229 229 229 229 229 229 229 229 229 229 229 229 229 229 229 229 229 229 229 229 229 229 229 229 229 229 229 229 229 229 229 229 229 229 228 228 228 228 228 228 228 228 228 227 227
231 231 231 231 230 230 226 221 216 206 205 209 216 223 226 229 230 230 230 230 230 230 230 230 230 230 230 230 230 230 230 230 229 229 229 229 229 229 229 229 229 229 229 229 229 229 229 229 229 229 229 229 229 229 229 229 229 229 229 229 229 229 229 229 229 229 229 229 229 229 229 229 229 228 228 228 228 228 228 228 228 228 227 227
231 231 231 231 231 230 229 226 224 219 219 222 225 228 229 230 230 230 230 230 230 230 230 230 230 230 230 230 230 230 230 230 229 229 229 229 229 229 229 229 229 229 229 229 229 229 229 229 229 229 229 229 229 229 229 229 229 229 229 229 229 229 229 229 229 229 229 229 229 229 229 229 228 228 228 228 228 228 228 228 228 228 227 226
231 231 231 231 231 231 230 230 229 228 227 228 229 230 230 230 230 230 230 230 230 230 230 230 230 230 230 230 230 230 230 230 229 229 229 229 229 229 229 229 229 229 229 229 229 229 229 229 229 229 229 229 229 229 229 229 229 229 229 229 229 229 229 229 229 229 229 229 229 229 229 228 228 228 228 228 228 228 228 228 228 228 227 226
231 231 231 231 231 231 231 230 230 230 230 230 230 230 230 230 230 230 230 230 230 230 230 230 230 230 230 230 230 230 230 230 229 229 229 229 229 229 229 229 229 229 229 229 229 229 229 229 229 229 229 229 229 229 229 229 229 229 229 229 229 229 229 229 229 229 229 229 229 229 228 228 228 228 228 228 228 228 228 228 228 228 227 227
231 231 231 231 231 231 231 231 230 230 230 230 230 230 230 230 230 230 230 230 230 230 230 230 230 230 230 230 230 230 230 229 229 229 229 229 229 229 229 229 229 229 229 229 229 229 229 229 229 229 229 229 229 229 229 229 229 229 229 229 229 229 229 229 229 229 229 229 229 228 228 228 228 228 228 228 228 228 228 228 228 228 227 227
231 231 231 231 231 231 231 231 231 230 230 230 230 230 230 230 230 230 230 230 230 230 230 230 230 230 230 230 230 230 229 229 229 229 229 229 229 229 229 229 229 229 229 229 229 229 229 229 229 229 229 229 229 229 229 229 229 229 229 229 229 229 229 229 229 229 228 228 228 228 228 228 228 228 228 228 228 228 228 228 228 228 227 225
231 231 231 231 231 231 231 231 231 230 230 230 230 230 230 230 230 230 230 230 230 230 230 230 230 230 230 230 230 230 229 229 229 229 229 229 229 229 229 229 229 229 229 229 229 229 229 229 229 229 229 229 229 229 229 229 229 229 229 229 229 229 229 229 228 228 228 228 228 228 228 228 228 228 228 228 228 228 228 228 228 228 228 227
231 231 231 231 231 231 231 231 231 230 230 230 230 230 230 230 230 230 230 230 230 230 230 230 230 230 230 230 230 229 229 229 229 229 229 229 229 229 229 229 229 229 229 229 229 229 229 229 229 229 229 229 229 229 229 229 229 229 229 229 229 228 228 228 228 228 228 228 228 228 228 228 228 228 228 228 228 228 228 228 228 228 227 227
231 231 231 231 231 231 231 231 231 230 230 230 230 230 230 230 230 230 230 230 230 230 230 230 230 230 230 230 229 229 229 229 229 229 229 229 229 229 229 229 229 229 229 229 229 229 229 229 229 229 229 229 229 229 229 229 229 229 229 228 228 228 228 228 228 228 228 228 228 228 228 228 228 228 228 228 228 228 228 228 228 228 228 227
231 231 231 231 231 231 231 231 230 230 230 230 230 230 230 230 230 230 230 230 230 230 230 230 230 230 230 229 229 229 229 229 229 229 229 229 229 229 229 229 229 229 229 229 229 229 229 229 229 229 229 229 229 229 229 229 228 228 228 228 228 228 228 228 228 228 228 228 228 228 228 228 228 228 228 228 228 228 228 228 228 228 228 227
231 231 231 231 231 231 231 230 230 230 230 230 230 230 230 230 230 230 230 230 230 230 230 230 230 230 230 229 229 229 229 229 229 229 229 229 229 229 229 229 229 229 229 229 229 229 229 229 229 229 229 229 229 228 228 228 228 228 228 228 228 228 228 228 228 228 228 228 228 228 228 228 228 228 228 228 228 228 228 228 228 228 228 227
231 231 231 231 231 231 230 230 230 230 230 230 230 230 230 230 230 230 230 230 230 230 230 230 230 230 229 229 229 229 229 229 229 229 229 229 229 229 229 229 229 229 229 229 229 229 229 229 229 229 229 229 228 228 228 228 228 228 228 228 228 228 228 228 228 228 228 228 228 228 228 228 228 228 228 228 228 228 228 228 228 228 228 227
