08 Ecocrop/raster/current/tmin_8.asc
ncols        683
nrows        518
xllcorner    -87.691666666667
yllcorner    10.708333333333
cellsize     0.008333333333
NODATA_value  1.#QNAN
[rows 222 to 258 of 518, columns 84 to 167 of 683]
1.#QNAN 1.#QNAN 1.#QNAN 1.#QNAN 1.#QNAN 1.#QNAN 1.#QNAN 226 227 223 221 214 219 221 212 212 211 212 219 221 222 222 221 217 213 210 210 205 208 211 211 205 207 209 211 210 212 211 209 213 214 206 198 205 212 212 209 210 210 209 203 197 203 204 201 198 193 184 183 192 187 175 171 163 158 158 165 168 166 164 169 171 173 175 176 175 174 175 174 170 163 155 154 156
1.#QNAN 1.#QNAN 1.#QNAN 1.#QNAN 1.#QNAN 1.#QNAN 1.#QNAN 225 227 226 221 215 218 221 215 217 218 213 216 220 221 221 223 221 220 217 216 212 213 214 204 199 202 204 210 213 212 214 214 215 214 211 207 210 212 211 210 208 205 205 196 194 200 202 199 194 190 183 175 185 189 184 180 173 160 157 165 168 166 167 171 174 175 176 176 173 174 176 175 171 164 158 155 153
1.#QNAN 1.#QNAN 1.#QNAN 1.#QNAN 1.#QNAN 1.#QNAN 1.#QNAN 1.#QNAN 227 227 223 220 223 220 217 221 221 216 219 221 221 220 223 222 220 219 218 215 216 216 208 199 201 204 206 210 214 215 215 213 211 207 204 211 211 211 210 207 206 201 189 194 197 200 195 193 187 181 173 178 189 186 182 173 165 159 166 164 166 167 171 173 174 175 175 173 173 175 175 169 163 160 160 156
1.#QNAN 1.#QNAN 1.#QNAN 1.#QNAN 1.#QNAN 1.#QNAN 1.#QNAN 228 228 225 222 226 225 224 223 223 221 217 221 223 224 224 224 223 223 222 220 218 217 216 211 205 209 206 211 215 215 212 210 213 212 209 207 209 210 209 208 201 201 197 191 197 197 192 189 186 185 179 166 177 186 183 176 174 170 159 162 160 161 162 168 171 171 173 175 175 175 176 174 170 163 158 162 159
1.#QNAN 1.#QNAN 1.#QNAN 1.#QNAN 1.#QNAN 1.#QNAN 1.#QNAN 229 228 228 226 227 226 225 225 225 222 221 225 225 225 225 224 224 223 222 221 221 219 212 213 211 210 208 218 215 212 209 209 210 213 207 206 209 208 204 201 197 192 188 190 188 191 184 178 181 180 171 157 173 181 177 174 164 159 161 160 159 157 158 164 165 168 172 175 176 176 176 176 173 167 164 163 161
1.#QNAN 1.#QNAN 1.#QNAN 1.#QNAN 1.#QNAN 1.#QNAN 1.#QNAN 229 228 228 226 227 227 227 225 223 219 223 225 226 225 225 224 224 223 223 222 222 221 214 215 214 213 214 218 218 216 215 215 213 211 200 199 205 201 196 192 192 184 180 182 182 183 178 168 174 171 161 157 173 173 164 163 158 155 158 159 154 151 157 160 165 168 172 175 176 176 176 176 175 170 168 164 160
1.#QNAN 1.#QNAN 1.#QNAN 1.#QNAN 1.#QNAN 1.#QNAN 1.#QNAN 229 229 229 228 227 227 227 227 225 222 225 226 225 225 225 224 224 223 222 222 222 220 218 214 214 216 221 221 221 220 217 217 214 212 200 198 199 195 185 179 181 181 176 179 180 183 180 171 168 162 156 161 166 157 152 153 152 153 154 152 147 146 153 159 165 170 171 174 176 176 176 176 175 168 165 163 163
1.#QNAN 1.#QNAN 1.#QNAN 1.#QNAN 1.#QNAN 1.#QNAN 1.#QNAN 230 229 229 229 228 228 228 227 226 225 226 225 221 220 223 224 224 223 222 224 224 220 221 222 216 212 219 223 221 219 217 215 217 214 207 197 196 193 185 182 181 184 182 188 188 186 181 177 170 165 160 158 153 152 158 161 158 158 152 148 144 144 154 162 166 170 173 174 176 176 176 176 174 171 168 168 168
1.#QNAN 1.#QNAN 1.#QNAN 1.#QNAN 1.#QNAN 1.#QNAN 1.#QNAN 230 230 230 229 228 228 228 228 227 227 226 225 223 223 224 223 223 222 222 223 223 220 223 223 223 217 220 222 222 221 220 217 218 214 208 202 206 199 192 186 187 193 192 192 192 188 182 178 170 162 170 170 163 158 166 173 174 169 154 145 142 145 156 161 164 169 173 175 175 176 176 175 171 168 167 166 162
1.#QNAN 1.#QNAN 1.#QNAN 1.#QNAN 1.#QNAN 1.#QNAN 1.#QNAN 1.#QNAN 230 230 229 229 228 228 228 228 227 227 226 224 223 223 224 223 222 223 223 225 224 224 224 222 224 222 219 221 221 220 218 217 214 211 211 209 199 192 191 192 200 203 200 189 188 184 178 173 163 172 178 173 163 172 179 175 162 154 149 143 151 159 163 164 169 173 174 175 175 175 174 170 167 166 163 156
1.#QNAN 1.#QNAN 1.#QNAN 1.#QNAN 1.#QNAN 1.#QNAN 1.#QNAN 1.#QNAN 231 230 229 229 229 229 228 228 228 227 226 225 223 223 224 225 223 223 225 224 226 226 225 221 221 218 215 217 219 219 218 215 215 213 209 207 195 188 192 196 197 204 199 189 187 185 180 174 164 174 183 181 177 177 185 177 168 166 160 149 154 159 167 168 167 171 174 175 175 175 171 169 164 162 159 160
1.#QNAN 1.#QNAN 1.#QNAN 1.#QNAN 1.#QNAN 1.#QNAN 231 231 231 230 230 230 229 229 229 228 228 227 227 227 226 225 226 225 226 225 226 224 221 224 225 222 222 221 217 213 213 211 213 216 215 210 204 207 197 190 194 199 203 204 198 190 188 183 181 181 174 172 185 188 188 186 187 178 175 175 170 163 161 166 167 168 170 172 174 174 174 174 169 167 163 162 166 166
1.#QNAN 1.#QNAN 1.#QNAN 1.#QNAN 1.#QNAN 232 232 230 230 230 230 230 230 229 229 228 228 227 227 227 227 226 227 226 227 227 226 224 223 222 224 221 219 221 221 218 213 208 203 206 209 210 208 210 206 202 204 203 206 206 201 196 192 190 187 186 183 173 178 188 193 193 187 185 182 175 170 164 164 166 161 160 171 174 174 174 174 174 171 165 160 167 174 176
1.#QNAN 1.#QNAN 1.#QNAN 1.#QNAN 233 232 231 230 231 230 230 230 230 230 230 229 228 228 228 228 228 227 227 227 227 227 226 225 223 220 222 223 218 216 218 219 216 208 200 202 201 203 209 211 210 209 209 210 210 209 205 203 194 191 191 190 187 184 186 190 194 194 181 174 174 169 158 154 154 158 162 167 172 173 173 173 174 173 171 167 161 168 173 176
1.#QNAN 1.#QNAN 1.#QNAN 1.#QNAN 233 232 232 232 231 231 230 230 230 230 230 229 227 229 227 228 228 228 227 227 225 224 225 225 224 221 221 222 220 214 215 218 217 213 207 210 209 209 212 212 211 211 211 211 210 209 208 199 190 189 189 190 189 190 191 195 196 197 186 173 170 163 163 160 150 154 164 168 171 171 171 173 173 171 170 167 163 163 168 173
1.#QNAN 1.#QNAN 1.#QNAN 1.#QNAN 233 233 232 232 232 231 231 231 230 229 229 229 229 229 226 226 227 225 226 226 225 225 225 226 224 223 222 223 219 215 211 212 213 216 213 212 208 210 212 212 212 212 211 210 210 207 205 200 197 185 186 191 192 192 192 197 200 198 190 185 179 175 176 167 158 158 162 168 170 171 171 172 171 165 165 165 166 163 161 165
1.#QNAN 1.#QNAN 1.#QNAN 234 233 233 233 232 232 232 231 231 230 230 229 229 230 229 229 227 227 227 227 226 226 227 226 225 223 222 218 217 221 218 217 216 213 217 214 210 207 206 211 211 209 210 211 210 207 203 202 206 202 190 183 191 194 192 192 197 201 198 196 192 190 187 182 178 163 160 165 167 169 170 168 169 169 166 164 165 165 162 157 154
1.#QNAN 1.#QNAN 234 234 234 233 233 232 232 232 232 231 231 230 230 230 230 229 229 228 228 228 228 227 227 226 224 225 224 222 219 213 215 216 213 214 216 213 212 203 204 205 208 208 203 208 209 213 213 208 208 208 203 190 187 193 196 193 196 200 202 198 194 193 195 194 190 183 171 160 162 164 163 164 160 167 167 163 164 164 165 165 159 149
235 235 235 234 234 234 233 232 232 232 232 232 231 231 231 231 230 230 230 229 229 228 227 228 228 227 225 226 226 224 224 222 219 217 213 207 211 211 212 209 210 209 207 207 207 209 212 214 214 214 212 202 202 191 189 194 198 195 199 201 203 200 197 193 195 196 194 186 174 165 161 162 160 158 159 164 165 164 162 164 167 167 159 152
235 235 235 234 234 234 234 233 233 232 232 231 231 229 230 230 229 230 229 229 229 228 227 227 228 228 228 228 227 226 226 226 225 223 221 217 215 217 215 214 212 209 209 206 208 210 213 213 211 215 213 205 195 192 194 191 199 202 201 202 203 199 201 195 195 195 193 191 182 171 159 159 154 153 154 160 162 164 161 163 167 169 163 166
235 235 235 234 234 234 234 233 233 233 232 232 231 229 229 229 229 229 228 229 229 227 229 229 228 229 229 228 228 228 227 227 226 226 224 222 220 217 210 213 216 212 210 211 209 214 216 217 216 216 214 211 200 198 203 197 199 205 204 202 205 205 204 202 196 186 186 186 179 164 155 155 149 149 151 154 157 163 161 162 168 170 170 173
236 235 235 234 234 234 234 234 233 231 232 232 231 230 229 228 228 228 229 229 229 228 229 229 229 229 229 229 229 228 226 226 225 223 226 224 222 217 211 214 218 215 213 217 218 219 214 214 217 217 215 213 209 207 204 204 198 204 207 204 206 202 203 203 198 186 184 181 174 158 156 155 146 145 148 150 157 161 159 161 166 169 169 172
236 235 234 233 234 234 234 234 233 232 232 232 230 231 230 228 230 230 230 229 229 229 229 230 229 229 229 228 228 228 226 226 222 214 224 225 219 214 211 213 220 219 217 222 221 214 208 207 211 216 217 215 213 209 206 207 205 206 206 205 206 203 202 203 198 188 187 181 176 163 169 160 151 149 143 147 154 158 155 158 165 166 163 165
236 236 235 234 233 234 234 234 234 233 233 232 231 231 231 230 231 231 230 230 230 229 229 230 230 230 229 229 228 228 227 226 224 218 222 225 224 220 214 216 222 222 223 222 220 214 205 202 208 216 217 216 213 210 209 208 208 207 204 206 207 204 201 202 200 190 185 184 184 178 179 169 161 154 144 147 148 152 153 155 159 160 161 167
235 234 235 235 235 235 235 234 234 234 233 232 232 232 232 231 231 231 231 231 231 230 230 230 229 230 229 229 228 227 224 226 225 223 221 224 224 225 221 221 223 224 223 222 221 215 208 206 209 217 218 215 210 201 203 205 206 201 201 205 205 199 199 201 200 192 187 188 188 185 178 173 164 152 148 149 149 148 152 161 163 163 163 170
235 235 236 236 236 235 235 235 234 234 233 232 233 232 232 232 232 231 231 231 231 231 231 230 229 229 229 228 228 227 225 224 223 225 221 222 224 225 224 224 223 224 224 223 222 218 214 209 214 218 215 209 208 198 198 203 203 198 202 205 205 202 199 198 199 192 189 189 189 187 181 172 164 152 150 151 151 149 150 156 165 171 172 174
235 236 236 236 236 235 235 235 235 234 234 233 233 233 233 232 232 232 231 232 231 230 230 230 229 228 228 228 227 225 224 224 221 224 223 220 216 220 224 221 221 223 224 224 223 222 219 215 218 220 216 204 204 203 206 208 207 202 201 203 205 205 204 199 198 192 186 187 190 189 186 180 166 159 160 160 157 152 152 155 163 169 169 180
236 237 236 236 236 236 235 235 235 234 234 234 233 233 233 232 232 232 232 231 231 231 230 230 229 228 226 224 225 224 219 223 222 223 222 218 214 218 223 220 219 221 223 224 224 223 222 219 219 221 219 209 212 212 210 208 205 202 194 196 201 204 205 204 201 198 189 182 189 192 183 173 166 165 172 169 169 158 156 157 166 165 162 170
237 237 236 236 236 236 235 235 235 234 234 234 233 233 233 232 232 232 231 231 231 231 231 230 229 229 227 226 225 224 223 224 225 223 221 221 220 221 223 221 220 220 223 224 224 223 221 219 220 221 220 217 216 209 205 203 202 197 190 186 195 202 204 203 201 196 182 181 187 195 187 175 172 178 182 177 176 169 162 163 166 158 154 160
237 237 237 236 236 236 235 235 235 234 234 234 233 233 233 233 232 232 231 231 231 231 231 230 230 229 228 226 228 226 225 225 226 225 222 222 220 221 221 221 220 221 223 224 224 224 223 223 222 222 220 218 215 210 204 208 207 202 196 188 189 198 202 203 201 193 177 183 192 196 192 184 184 190 191 185 172 170 165 159 159 154 154 156
237 237 237 236 236 236 235 235 235 234 234 234 233 233 233 233 232 232 232 231 231 231 231 230 230 230 228 228 227 226 226 226 226 225 223 225 223 220 220 219 218 221 223 224 224 224 223 223 223 222 221 221 220 215 210 209 213 209 202 195 187 189 199 199 198 193 175 181 194 198 200 191 196 198 189 183 176 175 170 168 162 159 157 159
237 237 237 236 236 236 235 235 235 234 234 234 233 233 233 233 232 232 232 232 232 231 231 231 230 228 228 228 228 227 225 227 227 226 225 226 224 223 221 219 220 221 223 224 224 224 223 223 223 222 222 221 221 220 218 216 215 210 203 195 187 186 194 190 191 187 172 181 189 192 203 200 202 204 194 185 179 182 177 180 172 168 167 164
237 237 237 236 236 235 235 235 235 234 234 234 233 233 233 233 232 232 232 232 232 232 231 231 230 230 229 230 229 227 226 228 226 228 226 227 227 224 223 219 220 220 223 224 224 224 223 223 223 222 222 222 221 221 220 218 215 210 201 190 189 186 179 179 185 181 172 176 182 187 202 207 207 197 184 178 174 181 185 189 181 175 171 173
237 237 236 236 236 235 235 235 235 234 234 234 233 233 233 233 233 232 232 232 232 232 231 231 229 230 230 230 229 229 229 229 228 228 228 226 226 225 223 222 219 220 223 224 224 224 223 223 223 223 222 222 222 221 221 219 216 211 203 202 197 189 176 173 179 183 180 185 187 189 194 204 206 190 190 189 185 191 191 190 185 183 179 174
237 237 236 236 236 235 235 235 234 234 234 234 233 233 233 233 233 233 233 232 232 232 231 231 230 231 231 230 230 229 230 230 229 227 228 226 224 224 224 221 219 220 221 224 224 224 223 223 223 223 222 222 222 221 221 219 217 214 212 207 198 190 182 174 177 180 176 184 190 196 195 206 207 198 197 199 193 200 199 190 182 180 178 176
237 237 236 236 235 235 235 234 234 234 234 234 233 233 233 233 233 233 233 232 232 230 231 231 229 231 231 230 230 230 230 230 230 229 229 227 226 223 224 224 219 217 221 223 224 224 223 223 223 223 223 222 222 222 221 220 214 210 208 206 200 199 192 187 176 176 178 186 190 202 201 203 211 205 203 202 198 201 204 189 178 175 176 180
237 237 236 236 235 235 235 234 234 234 234 234 234 233 233 233 233 233 233 233 232 232 230 232 231 230 231 231 231 230 230 230 230 230 229 228 228 226 224 224 221 220 222 223 224 224 223 223 221 223 222 222 222 222 222 220 213 208 208 210 209 207 199 188 178 186 191 196 200 207 209 210 209 213 206 207 200 201 206 201 187 172 172 176
