08 Ecocrop/raster/current/tmin_2.asc
ncols        683
nrows        518
xllcorner    -87.691666666667
yllcorner    10.708333333333
cellsize     0.008333333333
NODATA_value  1.#QNAN
[rows 333 to 369 of 518, columns 168 to 251 of 683]
217 217 217 218 218 218 218 218 218 218 218 218 218 218 218 218 218 218 218 218 218 217 216 214 213 212 212 212 212 212 211 212 212 212 212 213 213 214 214 214 215 215 215 215 216 216 217 217 217 217 218 218 218 218 219 219 219 218 218 215 207 203 210 207 210 210 206 207 208 212 213 210 206 209 215 213 217 216 212 214 213 211 204 201
217 217 217 218 218 218 218 218 218 218 218 217 217 217 217 218 218 218 218 218 218 217 216 214 213 212 212 212 212 212 212 212 212 213 213 213 213 214 214 215 215 215 215 216 216 216 217 217 217 218 218 218 218 219 219 219 219 219 218 214 209 204 213 213 211 209 207 209 212 216 216 216 214 212 215 216 217 216 211 208 212 208 203 196
217 217 218 218 218 218 218 218 218 218 218 218 218 218 218 218 218 218 218 218 218 217 216 214 213 212 212 212 212 212 212 213 213 213 213 213 214 214 214 215 215 215 215 216 216 217 217 217 218 218 218 218 219 219 219 219 219 219 219 217 207 208 215 212 208 207 210 214 216 212 217 218 218 215 214 218 218 217 213 210 212 208 203 196
217 217 218 218 218 218 218 218 218 218 218 218 218 218 218 218 218 218 218 218 218 217 216 214 213 212 213 212 212 213 213 213 214 214 214 214 214 214 215 215 215 215 216 216 216 217 217 217 218 218 218 219 219 219 219 219 219 219 219 219 214 214 216 209 207 209 215 218 217 212 217 219 219 218 217 218 218 218 216 214 211 205 199 196
217 218 218 218 218 218 218 218 218 218 218 218 218 218 218 218 218 218 218 218 218 217 215 214 213 213 213 213 213 213 214 214 214 214 214 214 214 215 215 215 215 216 216 216 217 217 217 218 218 218 218 219 219 219 219 219 220 220 220 220 219 219 217 213 212 215 218 219 216 215 219 219 219 219 218 219 219 218 217 214 212 209 205 201
217 218 218 218 218 218 218 218 218 218 218 218 218 218 218 218 218 218 218 218 218 217 216 215 214 213 214 214 214 214 214 214 214 215 215 215 215 215 215 216 216 216 216 217 217 217 218 218 218 218 218 219 219 219 219 220 220 220 220 220 219 218 218 219 218 218 219 220 218 219 220 220 219 219 219 219 219 218 218 217 216 213 209 208
218 218 218 218 218 218 218 218 218 218 218 218 218 218 218 218 218 218 218 218 217 217 216 214 213 213 214 214 214 214 215 215 215 215 215 215 216 216 216 216 216 216 217 217 217 218 218 218 218 218 219 219 219 219 219 220 220 220 220 220 217 216 216 220 220 220 220 221 220 220 220 220 219 219 220 219 219 218 217 217 216 215 213 212
217 218 218 218 218 218 218 218 218 218 218 218 217 217 217 217 217 217 217 217 217 216 215 214 213 213 214 214 215 215 215 215 215 216 216 216 216 216 216 216 216 216 217 217 218 218 218 218 218 219 219 219 219 219 220 220 220 220 220 219 220 219 218 218 220 221 221 221 221 221 221 220 220 220 220 220 220 217 213 212 215 215 214 213
217 217 217 218 218 217 217 217 217 217 217 217 217 217 217 217 216 216 217 217 216 215 214 213 213 213 213 214 215 215 215 216 216 216 216 216 216 216 216 216 217 217 217 218 218 218 218 218 219 219 219 219 219 220 220 220 220 220 220 220 221 221 221 220 218 219 221 221 221 221 221 220 221 220 220 220 219 214 208 207 206 208 210 212
217 217 217 217 217 217 217 217 217 217 216 216 216 216 216 216 216 216 216 216 215 215 214 213 212 213 213 214 215 215 215 216 216 216 216 217 217 217 217 217 217 217 217 218 218 218 219 219 219 219 219 219 219 220 220 220 220 220 220 221 221 221 221 221 221 221 221 221 221 221 221 221 221 221 221 220 216 209 202 208 204 198 204 209
216 216 217 217 217 216 216 216 216 216 216 215 215 215 215 215 215 214 214 214 214 214 213 212 212 213 213 214 215 215 216 216 216 217 217 217 217 217 217 217 217 217 218 218 218 219 219 219 219 219 219 220 220 220 220 220 220 220 221 221 221 221 221 221 221 221 221 221 221 221 221 221 221 221 221 221 216 209 207 213 204 198 196 201
215 215 215 216 215 215 215 214 214 214 214 213 213 214 213 213 214 213 214 214 213 213 212 212 212 212 213 214 215 215 216 216 216 217 217 217 218 218 218 218 218 218 218 218 219 219 219 219 219 219 220 220 220 220 220 220 220 221 221 221 221 221 221 221 221 221 222 221 221 221 221 221 222 222 222 222 221 219 218 217 212 205 195 194
213 213 214 214 214 214 213 213 213 213 213 213 213 213 213 213 213 213 213 213 213 212 212 212 211 212 213 214 215 215 216 216 217 217 217 218 218 218 218 218 218 218 218 219 219 219 219 219 220 220 220 220 220 220 220 220 221 221 221 221 221 221 222 222 222 222 222 222 222 222 222 222 222 222 222 222 222 221 219 212 210 198 191 199
212 212 212 213 212 212 212 212 212 212 212 212 212 212 212 212 212 212 212 212 213 212 211 211 211 211 212 213 214 215 216 216 217 217 218 218 218 218 219 219 219 219 219 219 219 219 220 220 220 220 220 220 220 220 221 221 221 221 222 222 222 222 222 222 222 222 222 222 222 222 222 222 222 222 222 222 222 222 220 212 203 201 203 204
210 211 211 211 211 211 210 210 210 210 211 211 211 212 212 212 212 212 212 212 212 211 210 210 211 211 212 213 214 215 215 216 217 217 218 218 219 219 219 219 219 219 219 219 219 219 220 220 220 220 220 221 221 221 221 221 222 222 222 222 223 223 223 223 223 223 223 223 223 223 223 223 223 223 223 223 222 222 220 214 208 203 211 208
208 209 209 209 209 209 209 209 209 209 209 210 210 211 211 211 211 211 211 212 211 210 209 210 210 210 211 212 213 215 215 216 217 217 218 219 219 219 219 219 220 220 220 220 220 220 220 220 220 221 221 221 221 221 222 222 222 222 223 223 223 223 223 224 223 223 223 223 223 223 223 223 223 223 223 223 223 221 221 219 212 208 214 211
206 206 207 207 207 207 207 207 207 207 208 208 209 210 211 211 211 211 211 211 210 209 209 209 210 210 211 211 213 214 215 216 217 217 218 219 219 220 220 220 220 220 220 220 220 220 220 220 221 221 221 221 221 222 222 222 223 223 223 223 224 224 224 224 224 224 224 224 223 224 224 224 223 223 223 221 221 218 220 219 214 214 217 215
203 203 204 204 204 205 205 205 205 206 207 207 208 209 210 210 210 210 210 211 209 208 208 208 209 210 210 211 212 214 215 216 217 218 218 219 220 220 220 220 220 220 220 220 220 220 220 220 221 221 221 221 222 222 222 223 223 224 224 224 224 225 225 225 225 224 224 224 224 224 224 224 224 224 223 223 216 214 216 213 210 213 218 219
201 200 201 202 202 203 203 203 204 205 205 206 207 208 209 210 210 210 210 210 208 207 207 208 208 209 210 211 212 213 214 215 216 217 218 219 219 220 220 220 220 220 220 221 221 221 221 221 221 222 222 222 223 223 223 223 224 224 224 225 225 225 225 225 225 225 225 225 225 225 225 225 224 224 224 224 220 212 205 211 216 216 219 220
198 197 198 199 199 200 201 202 203 204 204 205 206 208 209 209 210 210 210 209 207 207 207 207 208 208 209 210 211 213 214 215 216 217 218 219 219 219 220 220 220 220 220 221 221 221 221 221 222 222 223 223 224 224 224 224 224 225 225 225 225 225 226 226 226 226 226 226 226 226 225 225 225 225 225 225 224 221 213 211 219 222 222 220
195 195 194 196 197 198 200 201 202 203 204 205 206 208 208 209 210 210 210 208 207 206 207 207 207 208 209 210 211 212 213 215 216 217 218 219 219 219 220 220 220 220 221 221 221 221 222 222 223 223 223 224 224 224 225 225 225 225 225 226 226 226 226 226 226 226 226 226 226 226 226 226 226 226 226 226 225 224 220 213 216 220 223 224
192 191 191 193 194 195 198 200 202 203 204 206 206 207 208 209 209 210 209 207 206 206 206 206 207 207 208 209 210 212 213 214 215 217 218 218 219 219 220 220 220 220 221 221 221 222 222 223 223 224 224 225 225 225 225 225 226 226 226 226 226 226 226 226 226 226 226 227 227 227 227 227 227 227 226 226 226 224 216 213 217 222 219 224
188 188 188 190 191 193 197 200 202 203 204 205 206 207 208 208 208 209 208 207 206 206 206 206 206 207 208 209 210 211 212 214 215 216 217 218 219 219 219 220 220 220 221 221 222 222 223 223 224 224 225 225 225 225 225 225 225 225 225 226 226 226 226 226 226 226 226 226 226 227 227 227 227 227 227 227 226 223 210 217 219 223 224 225
185 185 184 186 188 190 193 198 202 203 204 204 205 206 206 207 208 208 208 207 206 206 205 205 206 206 207 208 209 211 212 213 215 216 217 218 218 219 219 220 220 220 221 222 222 223 223 224 224 225 225 225 225 225 225 225 225 225 226 226 226 226 226 226 226 226 226 226 226 227 227 227 228 228 228 227 227 221 214 221 225 226 226 225
182 181 181 182 185 186 187 195 201 203 203 203 204 205 205 205 206 207 207 207 207 206 205 205 205 206 206 207 209 210 211 213 214 216 217 218 218 219 219 220 220 221 221 222 222 223 224 224 225 225 225 225 225 225 225 225 226 226 226 226 226 226 226 226 226 226 226 226 227 227 227 227 228 228 228 227 225 226 224 225 227 227 227 227
178 177 178 178 180 181 180 187 199 201 202 202 202 203 203 203 204 205 206 206 206 206 206 205 205 205 206 207 208 210 211 213 214 215 217 218 219 219 220 220 221 221 222 222 223 224 224 225 225 225 226 225 225 225 225 226 226 226 226 226 226 226 226 226 226 226 227 227 227 227 227 227 228 228 228 228 228 228 228 228 228 228 228 228
175 174 173 174 175 177 183 189 199 200 200 200 200 200 200 201 202 204 205 206 206 206 206 205 204 205 205 206 208 210 211 212 213 215 217 218 218 219 220 220 221 221 222 223 223 224 225 225 225 226 226 226 225 226 226 226 226 226 226 226 226 226 226 226 227 227 227 227 227 227 227 227 228 228 228 228 229 228 228 228 228 228 228 229
171 170 170 169 172 180 187 194 198 199 198 198 199 200 200 200 201 201 204 205 206 206 206 205 204 204 205 206 208 210 211 212 213 215 216 217 218 219 220 220 221 222 222 223 224 224 225 225 226 226 226 226 226 226 226 226 226 226 226 226 226 226 227 227 227 227 227 227 227 227 227 227 228 228 228 228 228 228 229 229 229 229 229 229
165 164 165 169 177 183 186 195 197 198 196 195 200 200 200 200 201 201 202 204 205 206 206 205 204 203 204 206 207 209 211 212 214 215 216 217 218 219 220 220 221 222 223 223 224 225 225 226 226 226 226 226 226 226 226 226 226 226 226 226 226 227 227 227 227 227 227 227 227 227 227 228 228 228 228 228 228 228 228 228 228 229 229 229
161 164 167 171 177 185 192 195 196 196 194 192 199 199 199 200 200 201 202 203 205 206 205 205 204 204 205 205 207 210 212 213 214 215 216 217 218 219 220 221 221 222 223 224 224 225 226 226 226 226 226 226 226 226 226 226 226 226 226 227 227 227 227 227 227 227 227 227 227 228 228 228 228 228 228 228 228 228 228 229 229 229 229 229
163 165 169 174 179 182 191 194 195 194 192 197 199 196 194 194 196 200 204 206 208 206 204 203 204 204 206 206 208 210 211 212 213 215 216 217 218 219 220 221 222 222 223 224 225 225 226 226 226 226 226 226 226 226 226 226 226 227 227 227 227 227 227 227 227 227 227 228 228 228 228 228 228 228 228 228 228 228 229 229 227 228 229 229
164 167 171 173 179 186 190 192 192 192 189 192 198 194 187 186 187 200 206 208 210 208 205 204 204 205 205 206 208 210 211 212 213 214 215 216 217 218 220 221 222 223 223 224 225 225 226 226 226 226 226 226 226 226 226 226 227 227 227 227 227 227 227 227 227 227 228 228 228 228 228 228 228 228 228 228 228 229 229 229 229 229 229 229
165 166 170 178 183 187 190 190 190 190 187 184 188 193 189 187 192 200 206 209 211 212 207 205 205 205 205 206 208 209 210 211 212 214 215 216 217 218 220 221 222 223 224 224 225 226 226 226 226 226 226 226 226 226 227 227 227 227 227 227 227 227 227 227 228 228 228 228 228 228 228 228 228 228 228 229 229 229 229 229 229 229 229 229
164 168 171 173 176 183 182 185 187 187 186 187 188 189 191 193 196 202 206 209 212 212 208 205 205 204 204 205 206 208 209 210 211 212 214 215 216 218 219 221 222 223 224 225 225 226 226 226 226 226 226 226 227 227 227 227 227 227 227 227 227 227 228 228 228 228 228 228 228 228 228 228 228 229 229 229 229 229 229 229 229 229 229 229
167 167 168 172 175 175 177 180 180 185 187 189 191 193 195 196 199 204 207 210 212 212 208 205 204 203 203 204 205 206 208 209 210 212 213 215 216 218 219 221 222 223 224 225 225 226 226 226 226 226 226 227 227 227 227 227 227 227 227 227 227 228 228 228 228 228 228 228 228 228 228 228 229 229 229 229 229 229 229 229 229 229 229 229
165 166 167 167 168 171 172 175 178 182 187 189 190 190 191 197 200 203 208 211 212 212 206 203 202 202 202 203 204 205 207 208 210 212 213 214 216 217 219 221 222 223 224 225 226 226 227 226 226 227 227 227 227 227 227 227 227 227 227 228 228 228 228 228 228 228 228 228 228 228 229 229 229 229 229 229 229 229 229 229 229 229 229 230
165 165 166 167 168 170 173 174 175 178 182 184 184 186 189 195 200 202 204 206 206 205 203 201 200 199 200 201 202 207 214 215 212 211 213 214 215 217 219 220 222 223 224 225 226 226 227 227 227 227 227 227 227 227 227 227 227 227 228 228 228 228 228 228 228 228 228 228 229 229 229 229 229 229 229 229 229 229 229 229 229 229 230 230
