08 Ecocrop/raster/current/tmin_12.asc
ncols        683
nrows        518
xllcorner    -87.691666666667
yllcorner    10.708333333333
cellsize     0.008333333333
NODATA_value  1.#QNAN
[rows 74 to 110 of 518, columns 336 to 419 of 683]
187 191 193 188 187 188 183 188 189 190 190 190 190 187 186 190 191 188 187 188 190 194 197 198 198 199 197 200 200 201 201 201 202 202 202 202 203 203 203 203 203 203 202 202 202 201 200 200 201 202 202 202 203 203 202 201 201 201 202 202 202 202 201 199 200 198 200 200 201 201 200 201 202 202 202 200 201 201 201 201 201 201 202 202
189 192 193 189 187 186 182 188 190 191 191 192 192 187 185 189 188 182 183 186 189 196 195 197 199 200 199 200 201 201 202 202 202 202 203 203 202 202 203 203 203 202 202 202 200 200 199 200 201 201 201 201 202 203 202 202 201 200 202 202 202 201 198 195 198 200 200 201 201 201 201 202 202 202 202 200 200 200 201 200 200 202 202 201
194 194 193 190 189 187 188 190 190 189 190 190 192 189 185 188 188 182 184 185 187 195 198 198 198 200 200 201 201 201 202 202 203 203 203 203 203 202 202 203 203 201 201 202 200 199 198 200 200 199 199 200 202 203 202 200 201 200 201 202 202 202 200 198 200 201 201 201 201 202 202 202 202 202 201 201 198 196 200 200 201 201 200 202
195 195 194 192 191 191 188 189 187 188 186 190 193 191 188 188 191 189 189 192 193 195 199 198 194 199 201 200 201 202 202 202 203 203 203 203 203 202 202 202 202 197 192 200 198 199 199 193 195 198 198 198 199 201 202 201 201 201 201 202 202 202 201 200 200 200 200 200 201 202 202 202 200 202 201 200 199 198 199 201 202 202 201 202
195 194 189 188 186 185 187 190 187 187 182 189 192 193 192 188 191 187 189 191 194 197 199 193 192 199 202 202 202 202 202 202 203 203 203 203 202 202 202 202 202 197 192 197 199 198 194 193 190 193 196 200 200 200 201 202 201 200 201 202 202 202 202 201 200 200 200 200 201 202 202 202 202 201 200 198 197 198 201 201 202 202 202 202
193 193 189 184 182 181 184 190 189 190 185 187 193 193 195 191 191 189 184 188 192 196 197 193 192 196 201 201 199 202 203 203 203 203 203 203 202 202 202 202 202 201 199 199 200 198 193 189 188 189 192 198 200 200 201 202 202 200 200 201 203 203 202 201 199 197 198 200 201 201 202 203 202 201 199 200 200 201 201 201 202 202 202 202
193 192 189 187 183 181 181 187 191 191 190 186 190 193 195 193 190 191 184 182 190 192 193 194 188 192 200 201 200 202 203 203 202 202 203 203 202 201 201 201 197 199 201 199 201 200 197 191 189 186 190 195 197 200 201 201 202 201 200 202 203 203 202 202 201 201 201 201 201 201 202 202 201 199 198 200 201 202 202 202 202 202 201 201
194 193 190 186 184 183 184 184 191 192 191 187 190 194 195 195 190 193 189 185 190 189 190 194 191 188 198 202 202 202 202 202 202 203 203 203 202 202 202 199 193 198 202 199 200 197 197 193 191 190 192 196 198 200 201 201 202 202 201 202 203 203 203 202 202 202 202 202 202 202 202 202 201 201 201 201 202 202 202 202 202 202 201 201
191 189 183 184 183 185 188 191 191 193 192 190 192 194 194 196 192 193 193 189 192 190 191 194 193 189 198 202 203 202 202 203 203 203 203 202 202 202 201 195 195 201 201 196 196 196 196 195 194 192 192 195 198 200 202 202 202 201 202 202 202 203 202 202 202 202 202 202 202 202 202 202 202 201 201 201 202 202 202 202 201 201 201 201
189 184 184 185 186 189 188 186 191 194 194 193 194 195 195 196 195 192 195 191 193 192 192 195 195 192 199 202 203 203 203 203 203 203 204 203 202 202 201 193 196 197 198 200 197 199 197 195 196 194 194 197 199 200 202 202 202 202 202 202 203 203 202 202 202 202 201 201 202 202 202 202 201 201 201 201 202 202 202 201 202 202 201 201
186 187 185 184 184 182 180 181 190 193 194 195 195 193 194 193 196 195 196 195 195 194 193 194 197 195 194 201 203 203 203 203 203 204 204 203 202 198 197 198 193 193 193 198 200 199 198 197 198 197 198 198 198 200 202 202 202 202 202 202 203 203 202 202 200 201 201 202 201 201 202 202 202 201 199 202 202 202 202 202 202 202 201 201
186 188 185 183 183 181 179 181 191 193 193 195 194 192 193 193 197 196 195 196 196 193 194 195 196 196 194 200 202 202 202 204 204 204 204 202 198 192 195 197 189 188 190 194 198 200 196 196 198 198 198 198 197 200 202 202 202 202 203 203 202 202 202 202 201 201 201 201 201 201 202 201 201 202 202 202 203 203 203 202 202 202 201 201
190 190 186 185 185 184 188 188 191 193 194 194 190 191 193 195 196 196 196 198 196 190 195 198 197 197 192 197 201 201 202 204 204 204 203 199 195 196 197 197 191 192 196 199 200 201 197 195 198 197 195 194 197 198 201 202 202 202 203 203 202 202 202 201 200 200 200 200 200 201 202 202 201 201 202 202 202 203 203 203 202 202 201 201
190 188 186 185 186 187 191 192 192 193 192 193 193 192 194 195 196 192 196 198 194 192 197 197 193 197 193 197 200 200 203 203 204 204 203 202 202 202 201 200 195 195 198 198 199 201 200 199 200 198 194 197 198 200 202 202 202 203 203 202 199 201 202 201 200 200 200 201 201 201 202 201 199 200 202 202 202 202 203 203 203 202 202 202
187 186 185 185 183 180 183 190 193 194 190 194 193 191 191 193 195 192 193 198 194 197 198 195 188 196 192 197 201 201 202 203 204 204 204 204 204 203 200 200 198 195 198 197 197 200 199 200 201 202 201 202 200 202 202 202 203 203 203 202 202 202 201 200 200 201 201 200 194 195 199 202 201 201 202 202 202 203 203 203 203 203 203 203
183 183 184 185 182 180 181 188 193 192 191 194 194 191 187 192 194 194 196 198 197 197 194 193 187 194 192 193 200 202 202 204 204 204 204 203 203 203 201 201 199 194 196 197 195 200 200 200 199 201 202 202 202 201 201 202 202 203 203 202 202 202 201 201 201 202 201 195 187 193 201 202 201 203 203 203 202 203 203 203 203 203 204 202
184 182 184 186 184 187 189 191 193 190 186 190 195 193 190 196 195 194 193 198 198 195 191 190 185 189 194 193 201 202 203 204 204 204 204 202 203 202 201 202 201 193 192 195 197 200 202 200 197 199 203 202 202 201 201 202 202 203 203 202 202 202 202 202 201 201 197 192 191 198 201 203 203 203 204 203 203 203 203 203 203 203 204 202
190 185 187 186 184 187 191 191 193 187 186 190 197 194 190 197 196 194 191 198 195 189 187 186 180 190 197 195 202 203 203 204 204 204 204 203 203 202 202 202 202 195 195 195 199 202 202 197 197 196 202 203 203 202 202 201 201 203 203 203 202 202 201 201 201 201 199 197 198 201 201 202 203 204 204 204 203 203 204 203 203 204 204 204
190 187 187 186 189 190 189 190 192 186 185 191 197 195 195 198 196 197 195 198 195 188 184 182 180 190 199 199 203 204 203 203 204 205 204 204 204 204 203 201 202 201 201 201 201 202 203 200 202 201 203 203 203 203 203 201 202 203 203 203 202 202 201 200 198 195 189 188 189 196 202 203 204 204 204 203 203 203 204 204 204 204 204 204
188 188 184 182 184 187 189 191 191 187 191 195 197 198 198 199 198 199 199 200 196 188 183 187 185 191 200 202 203 204 204 204 205 204 204 204 204 203 203 202 201 203 203 202 203 203 203 203 203 203 203 203 203 203 204 203 203 203 203 203 202 201 200 196 194 187 178 180 189 197 202 202 204 204 202 202 203 203 204 204 204 204 204 205
185 187 184 183 187 189 190 189 188 188 188 195 197 198 198 198 200 201 199 199 193 185 184 192 190 191 200 203 203 203 204 204 205 204 204 204 203 202 203 203 203 203 203 203 203 203 203 204 204 203 203 203 203 203 203 204 203 203 203 202 197 189 190 182 183 185 183 186 189 194 197 201 203 203 202 202 203 203 204 204 204 204 204 204
184 184 182 183 184 188 186 186 189 194 195 192 195 197 194 198 200 200 201 199 192 182 184 196 193 197 200 203 203 203 204 204 204 204 204 203 203 204 204 204 203 203 203 203 203 203 204 204 203 202 202 201 203 203 203 203 203 203 202 201 194 185 188 185 180 181 189 195 197 198 197 199 201 203 203 203 203 203 203 204 204 204 204 204
185 185 185 181 181 186 184 183 187 193 194 192 194 195 194 195 198 199 201 199 194 183 184 198 194 200 202 203 203 203 204 204 204 205 204 204 204 204 204 203 203 203 203 203 203 203 203 203 203 201 202 203 203 203 203 203 203 203 202 201 199 197 194 191 185 191 191 191 191 192 199 202 202 204 205 205 204 203 203 204 204 204 204 204
186 185 186 183 180 183 181 187 190 191 192 189 192 191 192 193 197 197 200 201 192 184 190 200 198 202 203 203 203 203 204 204 204 204 205 204 203 203 203 203 203 203 203 202 203 202 202 202 203 201 201 201 203 203 203 203 203 203 202 200 195 196 198 192 192 196 193 195 191 186 190 198 200 204 205 205 205 205 204 204 204 204 204 204
182 183 182 183 181 183 183 183 186 188 191 191 194 190 191 195 196 194 196 201 194 192 193 202 202 203 203 203 203 203 204 203 204 204 204 203 203 203 203 203 203 203 203 202 203 203 202 203 203 200 198 199 201 203 203 203 203 202 200 201 200 200 199 199 199 199 200 200 196 191 192 197 201 203 204 205 205 205 205 205 204 204 204 205
181 181 180 184 186 188 188 182 183 186 192 194 195 192 191 193 193 194 198 202 196 199 199 203 203 203 203 203 203 203 203 203 204 204 204 204 203 204 203 203 204 203 203 202 203 203 203 203 203 201 197 199 201 203 203 203 203 199 196 198 200 199 202 203 203 203 203 203 201 201 198 199 201 202 204 205 205 205 205 205 205 205 204 205
177 178 177 186 184 186 190 187 190 191 190 195 196 192 186 191 197 198 200 203 200 201 203 203 203 203 203 203 203 203 203 203 203 204 204 204 204 203 202 204 204 204 203 203 202 202 203 202 203 202 200 197 199 202 203 203 200 198 198 199 201 201 201 202 204 205 205 205 205 205 205 204 204 204 205 206 205 205 205 205 205 205 205 205
179 181 183 186 178 183 189 192 193 193 194 196 195 188 182 193 200 199 201 203 202 200 202 203 203 203 203 203 204 204 203 203 203 204 204 204 204 204 204 204 204 203 203 203 202 201 202 200 202 203 201 196 195 196 202 200 199 201 202 201 202 203 203 203 204 206 206 205 205 203 205 206 205 205 206 206 206 205 205 205 205 205 205 205
178 181 183 184 180 181 188 193 194 195 196 197 195 184 185 197 201 201 202 203 203 202 202 203 203 204 204 204 203 202 203 203 203 204 204 204 204 204 204 204 203 203 202 202 202 201 202 201 201 202 201 195 192 190 200 197 199 201 203 203 204 205 205 205 206 207 207 207 207 206 206 207 206 206 206 206 206 205 205 205 205 205 206 205
176 179 175 179 182 186 190 192 191 192 192 197 194 189 193 200 202 202 202 202 203 203 203 203 204 204 203 203 201 202 203 203 204 204 204 204 204 204 204 203 203 204 203 203 202 202 202 203 202 200 200 199 197 196 199 201 203 203 204 205 205 205 206 206 206 206 206 206 205 205 205 205 206 207 206 205 205 205 205 205 205 205 205 206
173 173 173 181 186 187 187 186 189 194 195 197 198 194 200 201 202 202 202 203 203 203 204 204 204 202 202 201 197 202 203 203 204 204 204 204 204 204 204 204 204 203 204 203 202 200 201 203 203 201 201 201 200 200 201 203 201 200 203 204 204 204 204 205 205 206 205 206 203 203 204 205 206 206 205 204 204 205 205 205 205 205 205 205
176 170 172 180 177 178 187 191 191 192 197 199 200 199 200 199 200 202 202 203 203 204 203 199 200 201 201 203 202 203 204 204 204 203 203 204 203 204 204 204 204 204 204 200 196 194 199 203 203 202 201 201 201 201 202 203 202 204 204 205 205 205 205 205 206 206 206 207 205 206 205 206 206 206 205 204 204 205 205 205 205 205 205 205
175 168 170 179 178 180 189 193 195 196 197 198 200 199 200 199 198 201 202 203 203 203 201 196 198 202 202 203 203 204 204 204 203 203 203 203 204 204 204 204 204 203 202 196 198 193 196 201 201 202 202 201 198 201 201 202 203 205 205 205 205 205 206 206 207 207 206 207 206 206 206 206 206 205 206 205 205 205 205 205 205 205 205 205
166 162 167 175 185 181 187 192 194 194 196 197 198 200 200 198 193 200 202 202 203 202 201 200 201 202 203 204 204 204 202 203 203 203 203 203 204 203 204 203 203 202 201 201 199 197 198 200 201 201 199 197 200 200 202 204 205 205 205 205 204 205 205 206 205 206 206 207 206 206 206 206 206 204 204 205 205 205 205 204 204 204 205 205
164 155 164 175 186 186 187 190 188 194 198 198 198 200 199 193 192 200 202 202 200 199 201 203 203 203 204 203 203 204 204 203 203 203 203 203 204 203 204 204 201 198 193 189 185 187 191 194 196 200 196 198 200 201 204 205 206 205 205 206 206 206 206 206 205 206 206 206 206 206 206 206 206 205 205 205 205 205 205 205 205 204 204 205
169 160 167 176 187 191 192 194 193 195 198 199 199 200 197 190 192 199 201 200 195 200 202 203 203 203 203 203 203 203 204 203 203 203 203 204 204 204 203 202 192 185 182 176 177 181 191 195 195 197 200 201 202 204 204 206 206 206 206 206 205 205 206 206 205 205 205 204 205 206 206 206 206 206 205 205 205 205 205 205 205 205 205 205
171 164 171 177 185 192 194 196 196 198 199 199 200 200 197 192 193 199 201 200 200 202 203 203 202 203 203 203 203 203 204 203 203 201 202 203 204 204 202 191 185 182 188 181 170 187 195 197 200 201 203 204 204 206 206 206 206 205 205 205 204 204 205 205 205 204 205 204 205 206 206 206 206 206 205 205 205 205 205 205 205 205 205 205
