08 Ecocrop/raster/current/tmin_12.asc
ncols        683
nrows        518
xllcorner    -87.691666666667
yllcorner    10.708333333333
cellsize     0.008333333333
NODATA_value  1.#QNAN
[rows 370 to 406 of 518, columns 252 to 335 of 683]
225 225 225 225 225 225 225 225 224 224 223 222 222 222 221 221 221 221 221 221 221 221 221 221 221 221 221 220 220 217 219 219 219 219 219 218 219 219 219 219 218 218 218 218 218 217 217 216 215 214 213 216 216 215 214 214 215 213 214 213 212 211 213 212 211 209 207 206 201 205 206 206 205 203 200 199 202 201 192 188 188 189 186 193
225 225 225 225 225 225 225 225 224 224 223 222 222 222 222 222 221 221 221 221 221 221 221 220 220 221 221 221 221 220 220 220 220 220 220 218 219 219 219 219 219 218 218 218 218 218 217 214 212 212 213 216 216 216 215 215 215 214 215 215 215 213 213 212 212 211 209 205 203 206 208 207 203 201 203 202 200 203 198 188 189 190 192 193
225 225 225 225 225 225 225 225 225 224 223 223 222 222 222 222 222 221 221 221 221 221 221 221 220 221 221 221 220 220 220 220 219 220 220 219 219 219 219 219 219 218 218 218 218 218 216 215 215 214 216 216 216 216 215 215 214 214 215 215 215 214 213 212 212 211 210 209 209 209 209 207 205 205 203 203 204 204 201 188 194 196 199 195
225 225 225 225 225 225 225 225 225 224 224 223 223 223 222 222 222 221 221 221 221 221 221 221 221 221 221 221 220 220 220 220 219 220 220 220 219 219 219 219 219 219 218 218 218 218 217 216 216 216 217 217 216 216 215 215 215 215 215 215 215 214 212 212 213 211 210 208 208 208 210 210 207 204 203 206 206 206 204 194 199 202 198 197
225 225 225 225 225 225 225 225 225 225 224 224 223 223 223 222 222 221 222 222 222 221 221 221 221 221 221 221 220 220 220 220 220 220 220 220 219 219 219 219 219 219 219 219 218 218 218 218 217 215 217 217 216 216 216 215 215 215 215 215 215 213 213 211 212 212 210 208 208 208 210 210 207 207 208 208 208 206 201 193 204 204 203 203
225 225 225 225 225 225 225 225 225 225 224 224 224 223 223 222 222 222 222 222 222 222 222 221 221 221 221 220 219 219 220 220 220 219 219 219 219 219 219 219 219 219 218 219 219 218 218 218 218 217 217 217 217 216 216 216 216 216 215 215 215 214 214 213 211 212 211 209 207 209 211 211 211 207 208 210 209 207 201 200 207 206 206 206
225 225 225 225 225 225 225 225 225 225 225 225 224 224 223 223 222 222 222 222 222 222 222 222 221 221 221 220 220 219 219 219 218 216 218 218 219 219 219 219 219 219 219 219 219 218 218 218 218 218 217 217 217 216 216 216 215 214 214 214 215 214 213 212 211 212 211 207 209 212 212 212 211 210 210 210 210 206 206 206 209 208 207 207
225 225 225 225 225 225 225 225 225 225 225 225 225 224 224 223 222 222 222 222 222 222 222 222 222 221 221 221 220 220 219 219 219 217 217 218 219 219 219 219 219 219 219 219 218 218 218 218 218 217 217 216 216 215 214 215 215 215 215 215 214 212 214 213 212 212 212 209 213 213 213 212 213 212 210 207 209 207 207 209 209 208 208 209
225 225 225 225 225 225 225 225 225 225 225 225 225 224 224 224 223 223 223 223 223 223 223 222 222 222 222 222 221 221 220 218 219 217 215 218 218 219 219 219 219 219 219 219 219 219 218 218 218 216 217 215 215 215 212 214 215 215 215 215 214 213 214 213 213 213 213 212 213 213 213 212 213 213 211 208 210 210 209 207 210 206 206 208
225 225 225 225 225 225 225 225 225 225 225 225 225 225 224 224 224 224 224 224 223 223 223 223 223 223 222 222 222 222 221 220 220 218 218 218 219 219 219 219 219 219 219 219 219 219 218 218 217 217 215 216 215 215 214 214 215 216 216 215 215 215 215 214 213 213 213 213 213 213 214 214 213 213 212 210 209 212 211 210 210 208 208 210
225 225 225 225 225 225 225 225 225 225 225 225 225 225 225 225 224 224 224 224 224 224 224 224 224 223 223 223 223 222 222 221 221 219 219 216 215 219 219 219 219 219 219 219 219 219 219 218 218 218 217 216 214 214 215 215 216 216 216 215 215 215 215 214 214 214 214 212 212 210 211 214 213 214 213 212 208 212 212 211 211 210 210 211
225 225 225 225 225 225 225 225 225 225 225 225 225 225 225 225 225 225 224 224 224 224 224 224 224 224 224 224 223 223 222 222 221 220 220 219 217 219 219 220 219 219 219 219 218 218 219 218 218 218 216 215 215 215 213 216 217 217 216 214 211 213 212 208 211 215 214 209 211 212 212 214 214 214 214 213 213 213 212 208 211 211 211 211
225 225 225 225 225 225 225 225 225 225 225 225 225 225 225 225 224 224 224 224 224 224 224 224 224 224 224 224 224 223 223 222 221 221 220 220 220 220 220 220 220 219 219 219 218 216 219 219 218 218 217 215 214 216 213 216 217 217 217 216 213 208 206 209 210 214 215 214 214 214 213 214 214 214 214 214 213 213 213 211 212 212 212 212
225 225 225 225 225 225 225 225 225 225 225 225 225 225 225 225 224 224 224 224 224 224 224 224 224 224 224 224 224 224 223 223 222 222 221 220 220 221 220 220 220 219 218 219 219 218 219 219 218 218 216 215 216 216 217 217 217 217 217 215 212 210 211 213 214 214 215 215 215 214 214 214 214 214 214 214 213 213 213 212 212 212 212 212
225 225 225 225 225 225 225 225 225 225 225 225 225 225 225 225 225 224 224 224 224 224 224 224 224 224 224 224 224 224 223 223 223 222 222 221 220 221 221 221 221 220 217 219 219 219 219 219 218 217 216 216 215 216 217 217 217 217 217 216 214 209 210 212 211 215 215 215 215 215 215 214 214 214 214 214 213 212 213 213 213 213 212 212
225 225 225 225 225 225 225 225 225 225 225 225 225 225 225 225 225 225 224 224 224 224 224 224 224 224 224 224 224 224 224 224 223 223 223 223 222 221 222 222 221 221 219 217 220 220 220 219 219 217 217 217 216 217 216 217 218 218 217 217 215 208 207 215 216 216 215 216 216 215 215 214 215 214 214 214 212 213 213 213 213 213 213 213
225 225 225 225 225 225 225 225 225 225 225 225 225 225 225 225 225 225 225 224 224 224 224 224 224 224 224 224 224 224 224 224 224 224 223 223 223 223 222 222 222 222 221 219 221 220 220 220 219 218 218 218 217 216 217 218 218 218 217 216 215 209 210 215 216 216 216 216 216 215 215 215 215 214 214 214 213 214 213 213 213 213 212 213
225 225 225 225 225 225 225 225 225 225 225 225 225 225 225 225 225 225 225 225 224 224 224 224 224 224 224 224 224 224 224 224 223 223 223 223 223 223 223 223 223 222 222 221 221 221 220 220 219 218 218 217 218 217 218 218 218 217 217 217 216 212 213 216 216 216 216 216 216 215 215 215 215 215 214 214 214 214 214 213 214 213 212 213
225 225 225 225 225 225 225 225 225 225 225 225 225 225 225 225 225 225 225 225 224 224 224 224 224 224 224 224 224 224 224 223 223 223 223 223 223 223 223 223 223 222 222 222 221 220 220 220 219 218 219 218 218 218 218 218 218 218 217 217 217 214 213 216 216 216 216 216 215 215 215 215 215 215 215 214 214 214 213 214 214 213 211 210
225 225 225 225 225 225 225 225 225 225 225 225 225 225 225 225 225 225 225 225 224 224 224 224 224 224 224 224 224 224 224 223 223 223 223 223 223 223 223 223 223 223 222 222 222 221 221 221 219 218 218 218 218 218 218 218 218 218 217 218 217 217 216 216 217 216 216 216 216 216 215 215 215 215 215 215 214 214 214 214 213 213 212 211
225 225 225 225 225 225 225 225 225 225 225 225 225 225 225 225 225 225 225 225 224 224 224 224 224 224 224 224 224 224 224 224 223 223 223 223 223 223 223 223 223 223 222 222 222 222 221 221 219 219 217 216 218 218 218 218 218 218 218 217 217 217 217 217 217 215 214 213 215 216 216 216 215 215 215 215 215 215 214 214 213 213 212 210
225 225 225 225 225 225 225 225 225 225 225 225 225 225 225 225 225 225 225 225 225 224 224 224 224 224 224 224 224 224 224 224 223 223 223 223 223 223 223 223 223 223 222 222 222 222 222 221 220 219 218 218 217 218 218 218 218 218 218 217 217 217 217 217 217 216 216 212 212 215 216 216 216 215 215 215 215 215 214 213 213 213 211 209
225 225 225 225 225 225 225 225 225 225 225 225 225 225 225 225 225 225 225 225 225 224 224 224 224 224 224 224 224 224 224 224 223 223 223 223 223 223 223 223 223 223 222 222 222 222 222 222 221 220 220 219 218 218 218 218 218 218 217 217 217 217 217 217 217 217 216 213 211 216 216 216 215 216 215 215 215 215 214 213 212 212 210 208
225 225 225 225 225 225 225 225 225 225 225 225 225 225 225 225 225 225 225 225 225 224 224 224 224 224 224 224 224 224 224 224 224 223 223 223 223 223 223 223 223 223 223 222 222 222 222 222 222 221 220 220 219 219 218 218 218 218 218 217 217 217 217 217 217 217 217 216 216 215 213 215 216 216 216 216 215 215 214 212 210 209 210 206
225 225 225 225 225 225 225 225 225 225 225 225 225 225 225 225 225 225 225 225 225 224 224 224 224 224 224 224 224 224 224 224 224 223 223 223 223 223 223 223 223 223 223 222 222 222 222 222 222 222 221 220 220 220 219 219 218 218 218 218 217 217 217 217 217 217 217 217 217 216 215 215 216 216 216 216 215 215 215 215 214 212 211 209
225 225 225 225 225 225 225 225 225 225 225 225 225 225 225 225 225 225 225 225 225 224 224 224 224 224 224 224 224 224 224 224 224 223 223 223 223 223 223 223 223 223 223 222 222 222 222 222 222 222 222 221 220 220 220 219 218 218 218 218 218 217 217 217 217 217 217 217 216 216 216 216 216 216 215 215 216 215 215 215 213 213 214 212
225 225 225 225 225 225 225 225 225 225 225 225 225 225 225 225 225 225 225 225 225 224 224 224 224 224 224 224 224 224 224 224 224 223 223 223 223 223 223 223 223 223 223 222 222 222 222 222 222 222 222 221 221 219 219 219 217 218 218 218 218 218 217 217 217 217 217 217 216 216 216 216 216 216 216 216 215 215 215 215 214 214 214 213
225 225 225 225 225 225 225 225 225 225 225 225 225 225 225 225 225 225 225 225 225 224 224 224 224 224 224 224 224 224 224 224 224 224 223 223 223 223 223 223 223 223 223 222 222 222 222 222 222 222 222 222 222 221 220 219 218 218 218 218 218 218 217 217 217 217 217 216 216 216 216 216 216 216 216 216 216 215 215 215 215 214 214 213
225 225 225 225 225 225 225 225 225 225 225 225 225 225 225 225 225 225 225 225 225 224 224 224 224 224 224 224 224 224 224 224 224 224 223 223 223 223 223 223 223 223 223 222 222 222 222 222 222 222 222 222 222 221 221 220 219 218 218 218 218 217 217 216 217 217 216 216 216 216 216 216 216 216 216 216 215 215 215 215 214 213 210 212
225 225 225 225 225 225 225 225 225 225 225 225 225 225 225 225 225 225 225 225 225 224 224 224 224 224 224 224 224 224 224 224 224 224 223 223 223 223 223 223 223 223 223 222 222 222 222 222 222 222 222 222 222 221 221 221 220 219 218 218 218 218 217 217 217 217 216 216 216 216 216 216 216 216 216 216 215 215 215 214 214 210 204 209
225 225 225 225 225 225 225 225 225 225 225 225 225 225 225 225 225 225 225 225 225 224 224 224 224 224 224 224 224 224 224 224 224 224 223 223 223 223 223 223 223 223 223 223 222 222 222 222 222 222 222 222 222 221 221 221 220 220 218 219 218 218 218 217 217 217 216 216 216 216 216 216 216 216 216 215 214 215 215 215 214 210 206 210
225 225 225 225 225 225 225 225 225 225 225 225 225 225 225 225 225 225 225 225 225 224 224 224 224 224 224 224 224 224 224 224 224 224 223 223 223 223 223 223 223 223 223 223 222 222 222 222 222 222 222 222 222 221 221 221 221 220 219 219 218 218 218 218 217 217 216 216 215 216 216 216 216 216 216 215 215 215 215 215 214 213 212 212
225 225 225 225 225 225 225 225 225 225 225 225 225 225 225 225 225 225 225 225 225 224 224 224 224 224 224 224 224 224 224 224 224 224 223 223 223 223 223 223 223 223 223 223 222 222 222 222 222 222 222 222 222 221 221 221 221 221 220 219 219 218 218 218 217 216 216 216 216 215 215 215 216 216 216 215 215 215 215 215 214 212 213 210
225 225 225 225 225 225 225 225 225 225 225 225 225 225 225 225 225 225 225 225 224 224 224 224 224 224 224 224 224 224 224 224 224 224 223 223 223 223 223 223 223 223 223 223 223 222 222 222 222 222 222 222 222 221 221 221 221 221 220 220 219 217 216 217 217 215 214 216 215 214 213 213 216 216 216 216 216 215 215 215 215 213 213 212
225 225 225 225 225 225 225 225 225 225 225 225 225 225 225 225 225 225 225 225 224 224 224 224 224 224 224 224 224 224 224 224 224 224 223 223 223 223 223 223 223 223 223 223 223 222 222 222 222 222 222 222 222 221 221 221 221 221 221 220 219 217 216 214 214 214 214 214 216 214 212 214 215 216 216 216 216 215 215 215 215 214 214 214
225 225 225 225 225 225 225 225 225 225 225 225 225 225 225 225 225 225 225 225 224 224 224 224 224 224 224 224 224 224 224 224 224 224 223 223 223 223 223 223 223 223 223 223 223 222 222 222 222 222 222 222 221 221 221 221 221 221 221 221 219 217 217 217 216 214 212 213 215 215 214 214 214 215 216 216 216 215 215 215 215 215 214 214
225 225 225 225 225 225 225 225 225 225 225 225 225 225 225 225 225 225 225 224 224 224 224 224 224 224 224 224 224 224 224 224 224 223 223 223 223 223 223 223 223 223 223 223 222 222 222 222 222 222 222 222 221 221 221 221 221 221 221 221 219 217 217 216 214 215 212 212 211 212 214 213 214 216 216 216 215 215 215 215 214 214 214 214
