08 Ecocrop/raster/current/tmin_5.asc
ncols        683
nrows        518
xllcorner    -87.691666666667
yllcorner    10.708333333333
cellsize     0.008333333333
NODATA_value  1.#QNAN
[rows 296 to 332 of 518, columns 84 to 167 of 683]
239 239 239 238 238 237 237 236 236 236 235 234 233 233 232 231 231 231 232 232 232 231 231 231 229 226 221 209 199 204 208 221 230 232 233 232 232 233 234 233 232 232 234 237 237 237 238 238 238 238 238 238 238 238 237 237 237 237 237 238 238 238 238 238 238 238 238 238 238 238 238 238 238 238 238 238 238 238 238 237 237 237 235 234
240 240 239 239 238 238 238 237 237 236 236 235 235 234 234 233 232 233 233 233 233 232 232 231 229 226 220 208 204 208 214 225 230 231 231 230 231 231 232 232 232 232 232 235 237 237 238 238 238 238 238 238 237 237 237 236 237 237 237 237 238 238 238 238 238 238 238 238 238 238 238 238 238 238 238 238 238 238 238 238 237 237 237 235
240 240 240 239 239 239 238 238 237 237 237 236 235 235 235 235 235 234 234 234 234 233 232 231 230 227 223 218 217 218 222 227 229 229 228 228 229 228 228 230 230 230 231 234 234 236 238 238 237 237 237 237 237 237 236 236 236 236 237 238 238 238 238 239 239 239 238 238 238 238 238 238 238 238 238 238 238 238 238 238 238 238 237 236
241 241 240 240 239 239 239 238 238 238 237 237 237 236 236 236 235 235 235 235 234 233 232 231 230 229 228 225 224 225 226 228 228 227 225 225 226 225 226 228 227 229 230 233 234 235 237 237 234 235 236 237 237 236 236 236 236 237 237 237 238 238 239 239 239 239 239 239 239 239 238 238 238 238 238 238 238 238 238 238 238 238 237 237
241 241 241 240 240 240 239 239 239 238 238 238 237 237 236 236 236 235 235 234 234 233 232 231 231 230 229 228 227 227 227 226 226 221 216 220 220 221 221 222 225 227 231 233 235 236 237 237 236 234 236 236 236 236 236 236 236 236 237 237 238 238 239 239 239 239 239 239 239 239 239 238 238 238 238 238 238 238 238 238 238 238 237 237
242 241 241 240 240 240 240 239 239 239 238 238 238 237 237 236 236 235 234 234 233 233 232 231 230 229 229 228 227 226 226 225 224 221 214 215 211 210 215 218 218 223 229 232 235 237 237 237 237 234 235 235 235 235 235 236 236 236 237 237 238 238 239 239 239 239 239 239 239 239 239 238 238 238 238 238 238 238 238 238 238 238 238 237
242 241 241 241 240 240 240 239 239 239 238 238 238 237 237 236 235 235 234 234 233 232 232 231 230 229 228 228 227 226 223 224 222 219 210 210 202 205 207 205 205 215 225 230 234 236 237 237 237 234 234 234 234 234 235 235 236 236 237 237 238 238 239 239 239 239 239 239 239 239 239 239 238 238 238 238 238 238 238 238 238 238 238 238
242 242 241 241 241 240 240 240 239 239 238 238 238 237 237 236 236 235 234 234 233 232 231 230 229 229 228 227 226 225 225 223 221 219 215 205 191 196 193 194 198 212 225 232 234 237 237 237 237 236 234 233 233 233 234 235 235 236 237 237 238 238 239 239 239 239 239 239 239 239 239 239 238 238 238 238 238 238 238 238 238 238 238 238
242 242 241 241 241 241 240 240 239 239 239 238 238 237 237 236 236 235 234 233 233 232 231 231 229 228 227 227 226 224 224 223 220 220 216 206 197 191 185 191 206 218 227 234 236 237 237 237 237 235 234 232 232 233 234 235 235 236 236 237 238 239 239 239 239 239 239 239 239 239 239 239 239 239 239 239 238 238 239 238 238 238 238 238
242 242 242 241 241 241 240 240 240 239 239 239 238 238 237 236 235 235 234 233 233 232 231 230 229 229 228 228 227 226 224 222 221 220 217 213 206 200 199 203 213 221 230 236 237 238 237 237 236 234 233 231 231 233 233 234 235 236 236 237 238 238 239 239 239 239 240 239 239 239 239 239 239 239 239 239 239 239 239 239 239 239 238 238
242 242 242 241 241 241 241 240 240 239 239 239 238 238 237 236 236 235 234 234 233 232 231 231 230 230 229 228 227 226 225 223 223 221 219 216 215 211 212 215 218 220 232 237 238 238 233 232 233 232 231 231 231 232 233 234 235 235 236 237 238 239 239 240 240 240 240 240 239 239 239 239 239 239 239 239 239 239 239 239 239 239 239 239
242 242 242 242 241 241 241 240 240 240 239 239 238 238 237 236 236 235 234 234 233 232 232 232 231 230 229 228 227 227 226 225 223 223 222 221 219 217 219 222 223 229 233 237 239 238 234 232 226 229 235 238 234 233 233 233 234 236 236 237 238 239 240 240 240 240 240 240 240 240 239 239 239 239 239 239 239 239 239 239 239 239 239 239
242 242 242 242 241 241 241 240 240 240 239 239 238 238 237 236 236 235 235 234 233 233 233 232 232 231 230 229 228 228 227 226 225 225 225 225 222 208 213 226 230 233 235 238 239 239 237 233 225 230 237 238 234 230 230 230 231 233 235 237 238 239 240 240 240 240 240 240 240 240 240 240 239 239 239 239 239 239 239 239 239 239 239 239
243 242 242 242 242 241 240 240 240 240 240 240 239 238 237 237 237 236 235 235 235 234 233 233 232 232 231 230 229 228 228 227 227 227 226 227 227 222 224 232 233 234 236 238 238 239 239 236 235 238 239 237 232 224 225 227 227 229 232 237 238 240 240 240 240 240 240 240 240 240 240 240 240 240 240 239 239 239 239 239 239 239 239 239
243 243 242 242 242 241 238 241 241 241 240 240 239 238 238 238 237 236 236 236 235 234 234 233 233 232 232 231 230 230 229 229 228 228 228 229 230 231 233 236 235 236 238 239 239 240 240 239 235 238 238 233 225 216 213 219 224 227 231 236 238 240 240 240 240 240 241 240 240 240 240 240 240 240 240 240 240 240 240 240 240 240 240 239
243 243 243 242 242 242 241 242 242 241 240 240 240 239 238 238 237 237 237 237 236 235 235 234 234 233 232 232 231 231 230 230 230 229 230 230 231 232 232 235 236 237 238 239 240 240 241 241 240 238 235 226 217 200 189 208 221 226 231 233 239 240 240 240 240 241 241 241 241 241 240 240 240 240 240 240 240 240 240 240 240 240 240 240
243 243 243 242 242 242 242 242 241 241 241 240 240 239 239 239 238 238 238 237 236 236 236 235 234 234 233 233 233 232 232 231 231 230 231 231 232 233 234 235 236 237 238 239 240 241 241 241 241 239 235 228 215 195 182 205 220 225 231 235 239 240 240 240 241 241 241 241 241 241 241 241 241 241 241 240 240 240 240 240 240 240 240 240
243 243 243 243 243 243 243 243 242 242 241 240 239 239 239 239 239 238 238 238 237 237 237 236 235 235 234 235 234 233 233 233 232 232 232 232 231 233 235 235 237 238 238 239 240 241 241 241 241 241 239 232 222 212 206 212 219 222 229 235 239 240 240 241 241 241 241 241 241 241 241 241 241 241 241 241 240 240 240 240 240 240 240 240
244 244 244 244 244 244 243 243 242 242 242 241 240 240 240 240 240 239 239 239 238 238 238 237 236 236 236 236 235 234 234 234 234 233 233 233 234 234 235 236 237 238 239 239 240 241 241 241 241 241 240 238 232 227 224 219 219 222 229 238 240 241 241 241 241 241 241 241 241 241 241 241 241 241 241 241 241 240 240 240 240 240 240 240
243 244 245 245 244 240 240 242 243 242 240 240 238 240 240 240 240 240 240 239 239 239 238 238 237 237 237 237 236 236 235 235 235 234 234 235 235 235 235 236 237 238 239 239 240 241 241 241 242 242 242 241 240 238 236 231 228 229 234 240 241 241 241 241 241 241 241 241 241 241 241 241 241 241 241 241 241 241 240 240 240 240 240 240
245 245 244 244 244 239 235 238 240 241 238 237 237 239 240 241 241 241 241 240 240 240 239 238 238 238 238 238 237 237 237 236 236 236 236 236 236 236 236 237 237 238 237 240 240 241 242 242 242 242 242 242 242 242 241 240 241 240 241 241 241 241 241 241 241 241 241 241 241 241 241 241 241 241 241 241 241 241 241 241 240 240 240 240
245 246 245 242 243 244 242 237 233 233 235 236 237 240 241 242 241 241 241 241 241 240 240 240 239 239 239 239 238 238 238 238 237 237 237 237 237 237 236 235 238 238 237 238 240 241 242 242 242 243 243 243 242 242 242 242 242 242 242 242 242 242 242 242 242 242 242 242 241 241 241 241 241 241 241 241 241 241 241 241 241 241 240 240
246 246 246 245 243 244 244 243 240 234 231 233 236 241 242 242 242 242 242 242 242 241 241 240 240 240 240 240 239 239 239 238 238 238 238 238 238 237 237 237 238 238 238 238 240 241 242 242 242 243 243 243 243 243 243 243 243 242 242 242 242 242 242 242 242 242 242 241 241 241 241 241 241 241 241 241 241 241 241 241 241 241 241 241
246 246 246 247 246 246 245 245 245 242 236 234 235 240 242 243 243 242 242 242 242 242 241 241 241 241 241 240 240 240 240 239 239 239 239 239 239 239 238 238 239 239 239 239 240 241 242 242 242 243 243 243 243 243 243 243 243 242 242 242 242 242 242 242 242 242 242 242 241 241 241 241 241 241 241 241 241 241 241 241 241 241 241 241
247 247 247 247 247 247 246 245 242 241 242 242 236 237 242 243 243 243 243 243 243 242 242 242 242 242 241 241 241 241 240 240 240 240 240 240 240 240 240 239 240 240 240 239 239 241 242 242 242 243 243 243 243 243 243 243 243 243 242 242 242 237 235 242 242 242 242 242 242 241 241 241 241 241 241 241 241 241 241 241 241 241 241 241
247 247 248 247 247 247 247 247 245 245 243 241 242 241 239 243 241 242 243 244 243 243 243 243 243 243 242 242 242 241 241 241 241 241 241 241 241 240 241 240 240 240 240 240 240 240 241 242 242 242 243 243 243 243 243 243 243 243 243 242 242 240 240 242 242 242 242 242 242 242 241 241 241 241 241 241 241 241 241 241 241 241 241 241
248 248 248 248 248 248 248 248 247 247 243 244 241 243 243 244 243 241 242 243 244 244 243 243 243 243 243 243 242 242 242 242 242 242 242 242 242 242 241 241 241 241 241 240 240 240 241 242 242 242 242 243 243 243 243 243 243 243 243 243 242 242 242 242 242 242 242 242 242 242 242 241 241 241 241 241 241 241 241 241 241 241 241 241
1.#QNAN 1.#QNAN 248 248 248 248 248 248 248 248 247 246 245 245 245 245 244 243 241 242 244 244 244 244 244 244 244 243 243 243 243 242 242 242 242 242 242 242 242 242 242 241 241 241 240 241 241 242 242 242 242 242 243 243 243 243 243 243 243 243 243 242 242 242 242 242 242 242 242 242 242 242 242 242 242 242 241 241 241 241 241 241 241 241
1.#QNAN 1.#QNAN 1.#QNAN 248 248 248 248 248 248 248 247 246 245 245 245 245 245 244 244 243 245 245 245 245 245 244 244 244 244 244 243 243 243 243 243 243 243 243 242 242 242 242 242 241 241 241 241 242 242 242 242 242 243 243 243 243 243 243 243 242 242 242 242 242 242 242 242 242 242 242 242 242 242 242 241 241 241 241 241 241 241 241 241 241
1.#QNAN 1.#QNAN 1.#QNAN 1.#QNAN 1.#QNAN 248 248 248 248 248 248 247 247 246 246 244 244 244 244 244 245 245 245 245 245 245 245 244 244 244 244 244 244 244 243 243 243 243 243 243 242 242 242 242 242 241 242 242 242 242 242 242 242 242 243 243 242 242 242 242 242 242 242 242 242 242 242 242 242 242 242 242 242 242 241 241 241 241 241 241 241 241 241 241
1.#QNAN 1.#QNAN 1.#QNAN 1.#QNAN 1.#QNAN 1.#QNAN 248 248 248 248 248 248 248 247 246 246 246 245 244 246 245 245 245 246 246 245 245 245 245 245 245 245 244 244 244 244 244 244 243 243 243 243 242 242 242 242 242 242 242 242 242 242 242 242 242 242 242 242 242 242 242 242 242 242 242 242 242 242 242 242 242 242 242 241 241 241 241 241 241 241 241 241 241 241
1.#QNAN 1.#QNAN 1.#QNAN 1.#QNAN 1.#QNAN 1.#QNAN 1.#QNAN 1.#QNAN 248 248 248 248 248 246 247 248 247 246 246 246 246 246 246 246 246 246 246 246 245 245 245 245 245 245 245 244 244 244 244 244 243 243 243 243 242 242 242 242 242 242 241 241 241 241 242 242 242 242 242 242 242 242 242 242 242 242 242 242 242 242 242 242 242 241 241 241 241 241 241 241 241 241 241 241
1.#QNAN 1.#QNAN 1.#QNAN 1.#QNAN 1.#QNAN 1.#QNAN 1.#QNAN 1.#QNAN 1.#QNAN 1.#QNAN 248 248 247 248 248 248 248 248 247 247 246 247 246 246 247 246 246 246 246 246 246 246 246 245 245 245 245 245 244 244 244 244 243 243 243 242 242 242 242 241 241 241 240 240 240 241 241 242 242 242 242 242 242 242 242 242 242 242 242 242 242 242 242 241 241 241 240 240 240 240 240 240 241 241
1.#QNAN 1.#QNAN 1.#QNAN 1.#QNAN 1.#QNAN 1.#QNAN 1.#QNAN 1.#QNAN 1.#QNAN 1.#QNAN 1.#QNAN 1.#QNAN 248 248 249 248 248 248 248 247 246 247 247 247 247 247 247 247 247 246 246 246 246 246 245 245 245 245 245 244 244 244 243 243 243 242 242 242 241 241 241 240 240 239 239 239 239 240 241 241 242 242 242 242 242 242 242 242 242 242 242 242 241 241 240 240 239 239 239 239 239 240 240 241
1.#QNAN 1.#QNAN 1.#QNAN 1.#QNAN 1.#QNAN 1.#QNAN 1.#QNAN 1.#QNAN 1.#QNAN 1.#QNAN 1.#QNAN 1.#QNAN 1.#QNAN 1.#QNAN 249 249 248 248 248 248 248 248 248 248 247 247 247 247 247 247 247 246 246 246 246 245 246 245 245 245 244 244 243 243 243 242 242 241 241 241 240 240 239 238 238 237 237 237 238 239 240 241 242 242 242 242 242 242 242 242 242 241 241 240 239 237 237 237 235 237 238 240 240 241
1.#QNAN 1.#QNAN 1.#QNAN 1.#QNAN 1.#QNAN 1.#QNAN 1.#QNAN 1.#QNAN 1.#QNAN 1.#QNAN 1.#QNAN 1.#QNAN 1.#QNAN 1.#QNAN 1.#QNAN 249 249 249 249 248 248 248 248 248 248 248 248 248 248 248 247 247 246 246 245 246 246 244 243 244 244 244 244 243 243 242 242 241 241 240 240 239 239 238 237 236 236 235 237 237 239 239 240 241 242 242 242 242 242 242 241 241 240 239 238 235 234 230 228 233 235 238 239 241
1.#QNAN 1.#QNAN 1.#QNAN 1.#QNAN 1.#QNAN 1.#QNAN 1.#QNAN 1.#QNAN 1.#QNAN 1.#QNAN 1.#QNAN 1.#QNAN 1.#QNAN 1.#QNAN 1.#QNAN 1.#QNAN 1.#QNAN 249 249 249 249 249 249 249 248 248 248 248 248 248 248 248 247 246 246 246 245 244 243 244 244 244 243 243 242 242 242 241 241 240 239 239 239 238 237 236 236 235 234 235 237 236 237 239 240 241 241 241 241 241 241 241 239 238 236 233 228 232 231 226 228 233 239 241
