08 Ecocrop/raster/current/tmin_2.asc
ncols        683
nrows        518
xllcorner    -87.691666666667
yllcorner    10.708333333333
cellsize     0.008333333333
NODATA_value  1.#QNAN
[rows 259 to 295 of 518, columns 168 to 251 of 683]
149 154 157 163 169 173 176 174 179 183 185 185 186 186 186 186 186 186 186 186 186 186 186 186 184 179 176 171 167 176 178 168 170 169 167 165 160 157 156 158 159 156 158 156 153 147 138 143 159 168 170 172 172 173 174 175 174 177 177 177 178 174 166 169 171 176 173 168 170 174 177 183 187 179 173 180 183 185 187 187 185 191 192 190
147 153 155 158 164 167 172 179 181 184 185 186 186 186 186 186 186 186 186 186 186 186 186 185 183 177 170 170 179 176 173 176 167 161 165 169 166 161 160 159 155 149 148 151 154 148 143 152 159 166 171 172 173 171 171 170 173 175 169 171 178 176 172 178 182 181 179 176 177 179 183 185 189 183 168 170 176 178 180 188 190 192 192 192
149 153 153 154 157 165 171 176 183 185 185 186 186 186 187 187 187 187 187 187 186 186 186 185 184 181 178 179 177 176 176 175 170 171 173 166 160 156 155 155 157 151 147 142 145 145 148 163 166 168 172 170 168 170 168 166 169 169 166 172 176 179 179 175 174 182 181 184 183 186 187 190 190 184 177 177 180 176 181 188 191 191 192 193
159 150 152 156 161 166 173 176 182 185 186 186 186 187 187 187 187 187 187 187 187 186 185 181 174 171 176 171 171 169 165 169 174 172 168 171 167 162 159 155 155 156 151 143 136 141 150 165 172 175 176 176 172 176 175 171 163 166 166 175 176 178 175 169 166 171 176 182 182 183 187 190 191 190 187 187 186 180 183 188 192 192 192 192
162 153 152 151 157 162 171 181 185 185 186 186 187 187 187 187 187 187 187 187 187 186 182 175 169 170 175 168 171 157 152 166 172 170 160 167 167 163 168 165 161 154 146 139 139 146 147 157 172 177 179 179 177 179 177 172 162 170 175 178 180 181 180 177 174 174 177 178 180 180 181 183 184 190 191 191 191 183 180 187 192 192 192 191
167 160 167 164 166 169 180 185 186 186 186 187 187 187 187 187 187 187 187 187 186 183 177 172 168 168 169 163 166 156 146 158 169 170 164 159 161 162 162 165 161 158 151 145 155 156 158 160 157 167 175 181 180 176 175 173 166 165 167 174 180 182 182 178 177 182 185 183 184 184 181 179 178 186 185 184 191 190 186 188 190 189 191 191
170 165 169 178 181 182 185 186 186 186 187 187 187 187 187 187 187 187 187 187 186 183 177 176 175 174 172 165 162 164 165 162 163 159 157 156 158 160 160 163 159 155 151 156 164 167 167 166 162 159 164 180 179 179 177 170 155 154 161 171 179 183 183 180 176 181 187 187 184 186 184 185 188 189 187 188 190 190 192 191 187 187 191 192
163 168 171 179 183 184 185 186 186 187 187 187 187 187 187 187 187 187 187 187 186 185 182 182 180 178 175 168 172 170 168 162 154 148 143 144 147 154 160 160 154 147 147 156 170 173 173 176 172 167 162 176 183 182 175 165 148 146 153 169 180 184 185 186 186 187 187 189 183 185 188 190 191 191 190 190 189 191 192 190 188 188 191 191
168 173 182 184 183 184 183 185 187 187 187 187 187 187 187 187 187 187 187 186 186 185 185 184 182 180 178 176 172 162 158 159 147 137 133 138 152 156 152 151 153 150 157 159 166 175 175 178 181 175 172 179 183 181 174 160 148 149 152 162 177 179 184 182 180 187 189 190 189 190 189 191 191 192 191 191 191 192 191 187 185 190 190 191
173 180 184 185 186 186 182 184 187 187 187 187 187 186 187 187 187 187 186 185 185 183 184 183 181 177 174 170 170 166 161 161 158 146 134 137 149 150 155 150 149 148 164 169 169 170 171 177 182 183 183 185 183 181 173 166 167 155 166 174 179 178 182 179 179 183 186 190 190 191 190 191 192 192 191 191 192 190 187 188 182 187 191 191
181 183 183 184 186 187 184 186 187 187 187 187 186 185 187 187 187 187 186 185 184 184 184 182 178 172 166 160 163 174 174 171 164 154 140 148 156 154 159 160 159 157 152 154 158 161 166 171 177 176 178 185 185 183 173 175 173 158 159 172 180 181 186 187 186 185 189 191 190 191 191 191 192 192 191 191 191 188 189 189 187 189 191 190
187 182 183 186 187 188 188 184 186 185 183 184 184 186 186 187 187 187 186 185 185 184 184 182 179 171 162 162 170 178 177 173 165 159 153 149 163 165 163 161 158 167 158 152 155 161 173 178 178 180 181 184 187 185 182 180 172 171 173 178 179 185 186 188 190 190 191 192 191 191 190 191 190 191 190 190 190 187 189 189 190 190 188 188
187 187 188 188 189 188 187 186 186 181 177 179 181 183 186 186 186 187 186 185 184 182 185 184 181 175 168 173 178 178 177 177 170 169 167 165 170 172 165 167 162 169 157 160 157 154 169 177 181 183 183 183 186 188 184 181 182 182 183 183 185 186 185 190 192 191 191 190 191 190 189 189 188 187 189 189 189 187 189 188 190 187 188 188
184 184 186 186 189 187 187 186 185 181 172 174 177 181 185 185 186 186 186 185 182 181 185 185 184 181 178 182 182 177 177 180 181 180 178 178 177 172 171 168 167 170 158 160 163 157 175 178 180 182 183 184 184 187 189 188 187 187 185 186 186 189 191 191 191 190 189 189 189 189 188 183 183 183 185 185 186 188 188 186 188 186 186 185
187 189 188 186 189 184 186 185 182 171 160 164 174 182 184 185 185 186 185 185 184 182 184 186 186 185 184 183 181 178 181 180 183 183 182 181 177 172 177 175 165 170 166 159 169 158 169 174 175 178 175 177 179 183 184 188 188 187 187 190 191 191 190 191 189 189 186 186 186 185 187 182 176 176 176 179 184 188 186 183 188 188 188 188
191 194 191 192 181 183 182 179 172 168 163 166 174 180 183 183 184 185 185 185 185 184 184 186 186 186 185 185 185 182 182 183 185 185 183 181 173 170 178 177 169 169 169 169 167 160 160 167 168 173 169 167 174 176 180 184 188 190 192 190 189 189 189 189 186 189 185 182 182 181 183 182 177 167 168 176 185 186 181 183 187 189 190 191
195 197 193 189 185 180 172 164 166 171 171 172 177 179 179 182 184 185 186 186 186 185 185 186 186 186 187 187 186 183 184 184 185 183 181 179 168 168 178 177 174 170 172 174 167 172 165 158 165 169 168 170 172 176 181 185 188 190 191 189 186 183 185 185 183 188 184 180 180 173 175 177 173 167 174 181 179 181 177 183 186 188 190 190
196 199 192 188 185 179 167 165 166 167 175 172 166 172 178 180 181 184 185 185 186 186 186 186 187 186 188 188 185 187 187 183 175 173 173 165 167 178 180 176 175 173 174 173 179 175 167 165 160 161 166 166 165 172 179 182 187 191 190 185 182 177 175 178 186 187 181 175 172 162 167 171 168 163 174 175 173 177 179 180 182 185 187 189
195 199 194 193 185 175 160 160 157 169 170 166 163 171 173 168 177 181 184 184 185 187 187 187 188 187 188 188 187 188 185 181 177 161 160 156 170 170 171 179 179 178 177 177 180 172 174 171 169 161 159 155 162 167 175 181 190 190 187 179 172 171 169 172 185 182 173 166 165 155 151 163 155 158 161 162 171 174 176 169 176 176 180 183
199 200 197 196 189 183 173 156 155 166 164 165 168 167 167 168 170 179 181 177 181 185 188 188 188 189 189 189 189 188 185 181 174 161 153 152 161 158 163 174 182 182 176 180 180 175 176 165 165 169 164 153 160 166 179 184 189 188 186 176 166 165 164 172 181 180 165 153 152 154 149 155 151 150 151 162 170 172 170 169 169 169 174 177
198 201 201 200 193 192 183 169 163 161 162 164 164 163 163 170 174 174 172 172 178 184 187 189 189 188 189 190 190 189 185 182 175 163 154 152 162 163 163 174 181 184 178 184 181 176 180 168 160 163 161 152 165 175 176 185 191 191 188 183 177 171 171 176 179 178 167 154 146 154 160 152 145 143 150 163 169 174 174 177 175 173 176 180
200 202 202 201 197 195 191 185 174 162 162 160 159 161 163 166 167 172 177 181 182 183 187 189 189 187 184 186 188 189 186 183 176 166 161 161 168 174 173 181 185 181 176 183 185 182 183 177 166 154 151 151 167 176 184 188 191 190 187 184 180 178 179 181 177 170 160 155 161 166 171 166 154 149 156 166 173 174 177 180 181 179 181 184
202 203 203 200 195 188 188 188 179 165 160 162 163 161 164 168 171 174 179 179 183 184 187 188 189 186 182 182 187 190 187 185 182 175 170 169 179 184 182 185 186 184 182 184 187 183 180 174 163 159 159 165 167 180 185 190 192 191 185 181 183 183 182 179 176 165 157 155 169 174 176 174 168 165 166 167 173 176 178 181 183 180 180 184
204 205 203 201 195 194 194 191 183 164 160 164 164 164 164 167 171 174 177 181 179 180 185 189 189 188 186 188 189 190 189 185 180 180 178 176 185 185 177 181 186 187 183 187 188 185 181 178 168 172 172 178 175 180 186 191 191 190 189 187 185 184 182 180 174 163 160 154 164 175 178 178 178 175 177 172 174 180 183 185 187 186 188 189
206 205 203 202 198 198 195 189 176 160 161 163 165 166 163 163 166 171 175 174 177 185 188 189 189 190 189 190 189 184 189 188 184 182 181 183 188 182 183 183 186 188 188 188 189 188 185 179 166 176 183 183 183 188 191 189 189 187 187 181 179 178 179 179 178 166 154 151 153 167 173 176 179 176 181 180 180 184 187 187 186 184 189 189
205 202 201 203 201 198 192 181 161 157 160 161 164 165 165 166 167 171 172 176 182 185 187 188 189 190 190 190 190 185 184 187 190 188 189 190 189 186 188 189 190 190 189 190 189 188 186 180 173 179 187 187 189 191 187 181 180 180 177 174 171 170 169 169 172 164 156 152 149 155 167 174 177 180 181 184 185 187 183 173 175 182 187 187
207 203 198 203 202 197 191 181 157 154 159 162 164 165 165 167 171 172 171 179 179 176 185 185 186 190 190 190 189 186 183 184 189 186 189 190 190 191 189 190 190 191 190 190 190 189 187 183 181 187 188 189 191 189 184 182 179 174 174 173 164 157 151 151 155 159 155 153 150 151 158 169 175 177 181 183 185 187 185 176 181 184 174 179
207 206 205 203 202 197 186 173 161 155 152 159 164 165 165 168 171 175 177 176 174 174 180 180 183 190 191 190 189 187 186 187 188 189 189 183 188 188 191 189 183 189 191 191 190 190 189 186 188 191 191 190 191 188 186 186 184 182 179 173 160 151 142 144 152 158 159 156 151 149 149 159 169 175 179 182 182 185 186 186 183 173 174 179
208 206 203 195 193 188 180 166 159 154 155 154 161 167 167 169 170 176 178 177 175 174 179 179 183 190 189 188 190 190 189 189 190 189 187 182 183 182 188 187 177 184 189 189 190 191 190 189 190 190 190 190 189 189 188 186 184 181 178 173 168 162 153 148 151 152 156 153 153 155 152 151 160 168 173 177 179 184 184 185 177 166 170 174
206 204 202 199 193 183 177 181 179 160 166 163 166 171 175 177 178 178 179 180 178 178 180 181 187 189 183 184 185 190 190 189 188 189 187 186 182 181 184 187 178 176 182 187 187 190 190 190 189 186 188 190 189 187 185 184 181 180 178 176 174 170 163 158 154 147 148 152 160 159 157 152 151 160 165 174 181 182 182 183 174 165 171 175
199 201 200 194 188 192 192 194 183 169 170 176 167 175 180 188 188 183 181 180 180 183 184 182 188 190 189 187 182 189 189 188 189 188 188 187 184 183 184 186 182 175 184 185 185 186 188 187 188 186 186 189 188 183 182 181 180 179 180 175 173 170 169 169 159 149 145 152 161 164 156 151 151 161 168 177 180 180 182 181 170 169 177 185
203 199 200 193 191 199 199 195 188 173 174 183 182 188 187 191 192 190 186 182 183 185 185 184 188 190 190 189 188 189 189 187 188 187 188 185 180 180 185 180 179 179 184 182 184 185 186 183 186 182 185 189 189 185 182 181 177 176 178 179 178 176 174 172 167 158 151 156 163 164 160 155 157 161 170 175 173 177 179 175 170 175 183 187
202 203 198 188 194 201 201 198 191 181 179 188 185 191 196 195 196 195 192 187 186 187 187 188 190 190 191 190 190 190 189 188 185 187 185 182 178 180 180 177 178 182 182 179 182 183 183 184 182 182 186 188 189 187 185 182 176 174 176 178 176 172 172 172 173 165 163 165 166 165 161 159 160 159 163 165 166 169 170 169 177 184 185 180
206 202 199 196 200 202 202 195 190 191 194 197 191 196 197 200 199 196 194 190 189 186 186 187 185 186 190 189 190 189 187 186 184 186 185 181 178 180 179 177 173 177 176 172 178 180 182 181 179 180 182 188 189 184 180 178 175 175 175 176 178 179 178 177 174 168 172 168 165 165 165 164 162 161 159 156 159 165 170 175 181 181 178 177
210 206 206 205 203 204 202 193 193 199 198 195 193 202 201 197 196 194 194 192 189 185 186 186 185 185 188 187 187 187 187 187 184 181 183 181 180 178 180 178 178 175 171 172 179 182 180 179 178 180 185 189 189 186 178 178 179 180 181 181 185 180 174 171 170 174 178 160 157 158 160 162 160 160 158 157 161 174 180 182 182 180 179 185
210 209 208 207 204 203 201 199 200 201 199 195 199 204 200 199 197 190 187 189 189 183 183 185 184 185 187 186 186 186 187 185 182 176 175 175 179 180 182 180 179 173 176 178 179 179 180 182 183 186 188 189 189 188 185 182 180 175 173 172 182 186 180 170 161 172 181 167 157 155 155 157 157 159 159 159 163 174 180 183 184 183 183 188
208 208 208 207 206 201 204 202 203 204 203 202 204 205 205 201 201 194 191 190 190 188 186 186 185 185 186 186 185 184 186 185 181 175 172 173 176 179 181 182 176 167 171 172 176 181 185 186 187 188 189 189 189 189 187 183 182 178 177 180 184 187 180 167 163 176 183 171 160 153 154 156 158 160 161 162 166 176 181 183 185 184 185 187
