08 Ecocrop/raster/current/tmin_1.asc
ncols        683
nrows        518
xllcorner    -87.691666666667
yllcorner    10.708333333333
cellsize     0.008333333333
NODATA_value  1.#QNAN
[rows 259 to 295 of 518, columns 84 to 167 of 683]
219 218 218 217 217 216 216 215 215 214 214 214 213 213 213 213 213 212 212 212 212 212 212 212 211 209 211 211 211 210 210 210 210 210 209 209 209 208 206 204 200 200 203 203 204 204 204 203 201 202 202 202 202 201 201 200 197 188 190 192 191 184 169 157 151 161 174 178 182 190 191 191 194 194 185 188 179 177 185 180 167 159 147 148
218 218 217 217 217 216 215 215 215 214 214 213 213 213 213 213 213 212 212 212 212 212 212 212 212 211 211 211 211 211 211 210 210 209 210 209 209 209 207 205 204 200 201 204 204 204 204 203 203 203 202 202 202 202 201 200 199 196 195 195 192 189 182 173 156 165 176 183 183 186 188 192 197 195 188 192 189 189 182 180 174 169 161 152
218 218 217 217 216 216 215 215 215 214 214 214 213 213 213 213 213 212 212 212 212 212 212 212 211 211 211 211 211 210 211 210 210 210 210 210 210 209 209 209 208 206 203 202 204 203 202 200 201 202 202 202 202 202 201 201 200 198 197 198 197 193 189 179 170 174 180 174 172 177 182 193 197 194 193 195 191 184 174 177 177 169 164 155
217 217 217 217 216 216 215 215 215 214 214 214 213 213 213 213 212 212 212 212 212 212 212 212 212 212 212 212 211 211 211 211 210 210 209 209 210 209 209 207 207 206 205 200 204 199 191 197 197 199 199 202 202 201 202 201 200 200 200 200 197 196 190 180 178 186 183 169 177 182 186 193 196 198 195 198 191 184 178 173 173 171 167 161
217 217 217 216 216 216 215 215 215 214 214 213 213 213 213 213 212 212 212 212 212 212 211 211 211 212 212 212 212 212 212 211 211 211 209 208 206 209 208 204 205 204 201 198 202 197 188 189 189 193 197 199 199 200 201 202 201 200 199 200 198 197 188 185 189 186 179 176 183 187 193 196 196 200 199 197 191 185 180 177 168 169 175 170
217 217 216 216 216 215 215 215 214 214 214 213 213 213 213 212 212 212 212 212 211 211 211 211 211 211 212 212 212 212 212 211 211 211 211 211 210 209 208 206 204 200 199 200 202 193 193 184 181 192 195 195 195 200 201 202 202 199 198 198 199 198 194 192 189 175 168 176 186 190 194 197 199 200 201 197 190 189 183 183 175 167 174 170
217 216 216 216 216 215 215 215 214 214 214 213 213 213 213 212 212 212 212 212 212 211 211 211 211 211 210 211 211 210 212 212 211 211 211 211 211 210 208 204 206 196 192 192 202 200 194 183 183 182 186 195 198 200 199 200 201 196 196 198 199 198 196 193 186 173 170 179 189 194 196 198 200 201 201 200 197 195 191 188 180 182 179 172
216 216 216 216 215 215 215 214 214 214 213 213 213 213 213 213 212 212 212 212 212 211 211 211 211 210 207 211 211 208 211 211 212 212 211 211 211 210 209 207 206 203 196 187 200 205 201 194 184 185 191 192 192 198 201 201 201 196 192 199 199 197 191 189 189 186 182 177 184 190 196 195 195 200 202 201 193 189 191 190 188 182 175 167
215 216 216 215 215 215 214 214 214 214 213 213 212 213 213 213 213 212 212 212 212 212 211 211 211 211 210 210 209 207 210 210 211 212 212 211 210 210 208 209 207 202 196 191 201 207 206 203 193 188 185 191 200 198 200 202 201 195 194 199 199 195 192 191 191 188 187 185 187 191 190 195 195 200 203 201 194 193 193 189 189 181 176 172
214 215 215 214 214 214 214 213 213 213 213 213 212 212 212 213 213 213 213 212 212 212 211 211 211 211 211 210 208 204 200 209 211 212 212 211 211 210 209 209 208 203 201 197 204 207 207 206 201 189 187 195 201 204 204 204 200 195 195 195 198 199 198 194 192 190 186 190 189 191 194 196 199 201 204 200 194 198 194 190 183 184 179 171
212 213 214 213 213 212 212 212 212 213 213 212 212 212 212 213 213 213 213 212 212 212 212 211 211 211 211 211 210 205 196 207 211 211 211 211 211 210 210 208 209 207 205 204 206 207 208 207 201 194 195 200 202 204 206 205 200 196 199 197 199 199 200 198 197 193 187 189 190 194 195 198 195 200 202 196 200 196 187 190 184 181 180 177
209 210 211 211 211 211 211 211 212 212 212 212 212 212 212 213 213 213 213 213 212 212 212 211 211 211 211 211 210 206 201 206 210 210 210 211 211 211 210 210 209 209 208 205 205 208 208 208 204 196 201 201 205 205 206 207 202 197 200 202 202 202 201 201 199 195 191 189 194 195 196 199 199 197 201 202 202 196 190 186 183 186 182 182
203 202 206 208 208 208 209 210 211 211 212 212 213 212 213 213 213 213 213 213 212 212 212 212 211 211 211 211 209 208 203 206 206 208 208 209 211 210 210 210 209 208 209 208 206 208 209 209 208 204 206 205 206 207 207 207 205 200 202 202 203 204 203 203 201 198 194 190 196 198 199 199 198 201 204 202 201 200 197 193 185 182 181 188
191 189 193 203 205 206 207 209 210 211 212 212 213 213 213 213 213 213 212 212 212 212 212 212 211 211 210 211 210 209 207 207 208 209 208 210 211 209 210 210 210 209 209 209 209 209 209 209 209 208 208 208 208 208 207 208 206 205 205 198 202 204 204 204 202 200 194 186 193 197 199 201 202 201 205 200 199 199 194 193 189 190 186 188
174 172 176 196 201 204 206 208 210 211 212 212 213 213 213 213 213 212 212 212 212 212 212 212 211 208 208 210 211 211 210 208 208 209 210 210 210 208 206 209 210 210 210 210 210 209 209 209 208 208 208 208 208 208 208 208 207 207 204 201 200 202 205 205 203 200 194 181 178 190 200 202 202 205 205 202 201 192 190 187 191 188 190 187
174 176 187 194 198 201 204 206 208 209 211 212 212 213 213 212 212 212 212 212 212 212 212 212 209 208 204 205 207 208 209 208 207 208 209 210 210 209 209 209 209 210 209 208 209 209 209 209 208 208 208 208 208 208 208 208 208 207 206 204 199 199 205 205 204 202 195 181 178 184 194 202 202 205 207 201 199 195 189 184 185 190 187 185
178 182 187 192 195 197 199 201 204 206 209 209 210 212 213 213 212 212 213 212 212 212 212 211 210 205 201 201 204 206 208 208 208 208 209 209 208 210 210 209 208 209 205 203 206 205 208 208 208 208 208 208 208 208 208 208 208 208 207 206 205 205 206 202 203 203 197 192 188 196 197 204 206 207 204 202 202 198 196 194 193 190 188 189
169 174 180 184 188 190 193 196 200 203 207 208 211 212 213 213 213 213 213 212 212 212 212 212 211 209 207 203 202 202 203 207 208 209 209 209 208 210 210 210 210 209 208 202 200 201 203 206 208 208 208 208 208 208 209 208 209 208 205 201 200 202 204 201 198 203 196 200 198 198 204 207 208 206 203 200 200 202 201 200 197 193 187 191
156 166 170 173 178 181 186 192 197 202 205 208 211 212 213 213 213 212 212 212 212 212 212 212 212 211 210 207 202 204 204 205 207 208 208 207 208 208 210 210 209 209 207 206 199 197 199 202 206 208 208 208 208 208 208 209 209 209 207 204 203 202 202 201 200 201 198 198 204 201 205 207 207 204 201 197 195 194 196 192 188 190 186 188
147 157 153 156 163 168 177 186 193 198 203 207 210 212 213 213 213 212 212 212 212 212 212 211 212 211 210 209 205 206 208 208 208 209 209 209 210 210 209 208 207 208 208 206 202 197 200 202 206 207 208 208 208 208 209 209 209 209 209 209 209 207 202 201 202 202 199 196 204 203 207 208 204 200 197 194 187 179 183 180 181 185 184 193
147 138 135 140 144 157 167 179 184 190 195 201 207 210 210 212 213 212 212 212 212 211 211 211 211 211 210 210 210 210 210 210 210 210 210 210 210 210 209 206 204 203 204 205 201 204 206 207 207 207 208 208 208 209 209 209 209 209 209 210 210 207 202 200 201 205 202 199 205 205 208 204 197 191 189 186 183 179 177 176 178 179 184 190
159 149 140 137 137 153 171 176 178 180 184 195 205 208 209 207 208 210 211 211 211 211 211 211 211 211 210 211 211 211 211 210 210 210 210 210 210 210 210 207 201 196 194 200 205 206 207 207 207 207 208 208 208 209 209 209 209 209 209 210 210 210 208 205 203 207 205 203 206 209 207 197 194 193 191 187 187 183 179 177 177 179 186 194
170 164 162 153 152 164 175 177 178 176 182 194 203 208 210 210 210 211 211 211 211 211 211 211 211 211 211 211 211 211 211 211 210 210 210 210 210 210 210 208 202 193 190 194 201 205 206 207 207 207 207 208 208 208 209 209 209 209 209 210 210 210 210 209 209 209 206 207 209 205 200 198 200 200 194 189 189 187 181 180 182 180 187 196
177 176 173 168 167 169 175 177 176 175 185 197 202 208 209 209 210 211 210 211 211 211 210 211 211 211 211 211 211 211 211 210 210 210 210 210 210 210 210 209 202 193 190 193 199 204 206 207 207 207 207 207 208 208 208 209 209 209 209 210 210 210 210 210 210 210 208 209 209 206 204 202 204 195 192 190 189 188 187 185 183 182 187 198
183 182 181 179 179 175 174 171 171 179 190 197 203 206 208 209 209 210 210 210 210 210 210 210 210 211 211 211 211 211 211 210 210 210 210 210 210 210 209 208 206 200 189 193 201 205 206 206 206 206 207 207 208 208 208 209 209 209 210 210 210 210 210 210 210 210 210 209 209 210 209 206 207 199 194 191 190 189 189 189 186 185 189 198
189 187 187 187 187 183 180 178 181 188 194 200 204 206 207 207 208 209 208 208 209 208 208 208 208 210 211 211 211 211 211 210 210 209 210 210 210 209 209 208 207 204 195 199 203 205 206 206 206 206 206 207 207 208 208 208 209 209 210 210 210 210 210 210 210 210 210 210 210 210 210 207 209 207 198 194 190 190 190 191 188 186 190 200
193 192 191 192 192 192 189 188 190 193 198 202 203 205 205 204 204 204 204 204 204 205 204 204 204 206 210 211 211 211 211 210 210 209 210 210 209 209 209 208 207 205 202 203 204 205 205 205 206 206 206 207 207 208 208 208 209 209 210 210 210 210 210 210 210 210 210 210 210 210 211 211 211 211 208 203 197 194 195 192 192 196 198 199
196 195 195 196 196 197 195 193 194 196 198 200 202 201 201 199 198 191 195 197 196 196 198 200 201 204 208 210 211 211 210 209 209 209 209 209 209 209 208 208 207 206 205 205 205 205 206 206 206 207 207 207 207 207 208 208 209 209 209 210 210 210 210 210 210 210 210 210 210 211 211 211 211 211 211 210 209 205 205 201 201 205 206 206
199 199 197 198 198 198 197 196 195 197 198 199 199 194 189 192 189 176 186 187 185 186 189 195 196 202 207 210 210 210 210 209 208 208 209 209 209 208 208 207 207 206 205 206 206 206 207 207 207 207 207 207 207 207 208 208 208 209 209 209 210 210 210 210 210 210 210 210 210 211 211 211 211 211 211 210 210 209 206 208 208 206 205 205
200 200 199 200 200 200 199 198 197 199 199 198 195 187 180 181 181 177 177 177 175 177 180 188 194 202 207 209 210 209 210 209 208 208 208 208 208 208 208 207 207 206 206 206 207 208 208 208 208 208 208 207 208 208 208 208 208 208 209 209 210 210 210 210 210 210 210 209 211 211 211 211 211 211 211 210 210 209 207 208 208 203 203 198
202 201 201 201 201 201 200 200 200 200 199 198 195 188 181 181 180 171 168 168 165 164 172 184 193 201 205 209 209 207 209 209 208 207 207 207 207 207 207 207 207 206 206 207 207 208 208 208 208 208 208 208 208 208 208 208 208 208 209 209 209 210 210 210 210 210 211 210 211 211 211 211 211 211 211 210 210 210 210 209 208 208 205 198
203 203 203 203 202 202 202 202 201 200 200 199 197 193 189 184 177 161 161 166 161 165 174 184 193 201 202 206 209 207 208 207 207 207 207 207 207 207 207 206 206 206 207 207 208 208 208 208 209 209 209 209 209 208 208 207 208 208 208 209 209 210 210 210 211 211 211 211 211 211 211 211 211 211 211 210 210 210 209 209 208 207 205 200
204 204 204 204 203 203 203 202 202 201 201 200 198 195 191 187 183 180 175 174 174 176 181 188 196 201 204 204 208 208 208 207 207 206 206 206 206 206 206 206 206 207 207 207 208 208 208 208 209 209 209 209 209 209 208 208 208 208 209 209 209 209 210 210 210 211 211 211 211 211 211 211 211 211 211 210 210 210 209 208 206 206 205 203
205 205 205 205 205 204 204 203 202 203 202 201 199 196 193 191 190 190 188 187 184 180 186 193 198 202 201 202 206 207 207 207 206 206 206 206 206 206 206 206 206 206 207 207 208 208 208 209 209 209 209 209 209 209 208 208 208 208 209 209 209 209 210 210 210 211 211 211 211 211 211 211 211 211 211 211 210 210 210 209 208 207 204 202
206 206 206 206 205 205 205 205 204 203 203 201 200 198 197 196 195 195 193 192 182 171 188 195 199 201 200 201 201 202 205 206 206 205 205 205 205 205 206 205 206 206 207 207 208 208 208 209 209 209 209 209 209 209 208 208 208 208 208 209 209 209 210 210 210 210 211 211 211 211 211 211 211 211 211 211 211 210 210 210 209 209 203 204
207 207 207 207 206 206 206 205 205 204 203 203 202 200 199 198 198 198 197 197 193 191 194 198 199 199 194 194 192 194 197 202 205 205 205 205 205 205 205 205 205 206 206 207 207 208 208 209 209 209 209 209 209 209 208 208 208 208 209 209 209 209 210 210 210 210 211 210 211 211 211 211 211 211 211 211 211 210 210 210 209 209 207 208
208 208 208 207 207 207 206 206 206 205 205 204 204 203 202 201 200 201 201 200 200 199 199 200 200 197 189 184 182 183 187 195 202 204 204 204 204 204 205 204 204 204 206 207 207 208 208 209 209 209 209 209 209 209 208 208 208 208 208 209 209 209 210 210 210 210 210 210 210 210 210 211 211 211 211 210 210 210 210 210 210 209 207 207
