08 Ecocrop/raster/current/tmin_2.asc
ncols        683
nrows        518
xllcorner    -87.691666666667
yllcorner    10.708333333333
cellsize     0.008333333333
NODATA_value  1.#QNAN
[rows 296 to 332 of 518, columns 84 to 167 of 683]
213 213 213 212 212 211 211 210 210 210 209 209 208 208 207 206 205 206 206 206 206 205 205 204 202 200 194 182 171 177 180 195 204 206 207 206 206 207 208 206 206 206 208 211 211 212 212 212 212 213 212 212 212 212 211 211 211 211 212 212 212 213 213 213 213 213 214 214 214 214 214 214 214 214 214 214 214 214 214 214 213 213 211 210
214 214 213 213 212 212 211 211 211 211 210 210 209 209 208 207 207 207 208 208 207 206 206 204 203 200 193 181 177 181 187 199 204 205 205 204 205 205 206 206 206 206 206 210 211 211 212 212 212 212 212 212 212 211 211 211 211 211 211 212 212 213 213 213 213 214 214 214 214 214 214 214 214 214 214 214 214 214 214 214 214 213 213 211
214 214 214 213 213 213 212 212 212 211 211 211 210 210 209 209 209 209 208 208 208 207 206 204 203 200 196 191 190 191 195 200 203 203 202 202 202 202 202 204 204 203 204 208 208 210 212 212 212 211 211 212 212 211 210 210 210 211 211 212 212 213 213 214 214 214 214 214 214 214 214 214 214 214 214 214 215 215 214 214 214 214 214 212
215 215 214 214 214 213 213 212 212 212 212 211 211 210 210 210 210 209 209 209 208 207 206 205 204 202 201 199 198 199 200 201 202 200 198 198 199 199 199 201 200 202 204 207 208 209 211 212 209 209 210 211 211 211 210 210 210 211 211 212 212 213 213 214 214 214 214 214 214 214 214 214 214 214 214 215 215 215 215 215 215 214 214 214
215 215 215 214 214 214 213 213 213 212 212 212 211 211 210 210 210 209 209 208 207 207 206 205 204 203 203 201 201 201 200 200 200 194 189 193 193 193 194 195 198 200 204 207 209 210 211 212 210 208 210 211 210 210 210 210 210 210 211 212 212 213 214 214 214 214 215 215 215 215 214 214 214 214 215 215 215 215 215 215 215 215 215 214
216 215 215 215 214 214 214 213 213 213 212 212 212 211 211 210 209 209 208 207 207 206 205 204 203 203 203 202 201 200 199 198 197 195 187 188 183 182 187 191 191 196 202 206 209 211 211 212 212 209 210 209 209 209 209 209 210 210 211 211 212 213 214 214 214 215 215 215 215 215 215 214 215 215 215 215 215 215 215 215 215 215 215 214
216 216 215 215 215 214 214 213 213 213 212 212 211 211 210 210 209 208 208 207 206 206 205 204 204 203 202 201 200 199 196 197 196 192 183 182 173 177 179 177 177 187 198 204 208 210 212 212 211 208 208 208 208 208 209 209 210 210 211 211 212 213 214 214 214 215 215 215 215 215 215 215 215 215 215 215 215 215 216 216 216 215 216 215
216 216 215 215 215 214 214 214 213 213 212 212 211 211 210 210 209 208 208 207 206 205 205 204 203 202 201 200 200 199 198 197 195 192 188 177 162 167 164 165 169 184 198 206 208 211 212 212 212 211 209 207 207 207 208 209 210 210 211 211 212 213 214 214 215 215 215 215 215 215 215 215 215 215 215 215 215 216 216 216 216 216 216 216
216 216 216 215 215 215 214 214 213 213 212 212 211 211 210 210 209 208 207 207 206 206 205 204 203 202 201 200 199 198 197 196 193 194 189 178 168 162 156 162 178 190 200 208 211 211 212 212 211 209 209 206 206 207 207 209 209 210 210 211 212 213 214 214 215 215 215 215 215 215 215 215 215 216 216 216 216 216 216 217 217 217 217 217
216 216 216 215 215 215 214 214 214 213 213 212 212 211 210 209 209 208 207 207 206 205 204 203 203 202 202 201 200 199 198 196 194 193 190 186 177 171 171 174 184 194 204 210 212 212 212 211 210 209 207 205 205 207 207 208 209 210 211 211 212 213 214 215 215 215 216 216 216 216 216 216 216 216 216 216 216 216 217 217 217 217 217 217
216 216 216 215 215 215 215 214 214 213 213 212 212 211 210 209 209 208 207 206 206 205 204 204 203 203 202 201 201 199 198 197 196 194 192 189 187 183 184 187 190 192 205 211 213 212 207 206 207 206 205 205 205 206 207 208 209 210 210 211 212 214 214 215 215 216 216 216 216 216 216 216 216 216 217 217 217 217 217 217 217 218 218 217
216 216 216 216 215 215 215 214 214 213 213 212 212 211 210 210 209 208 207 206 206 205 205 205 204 203 203 202 201 201 200 198 197 197 195 194 192 189 191 194 196 203 207 211 213 213 208 205 199 203 210 213 208 207 207 207 209 210 211 212 213 214 215 215 216 216 216 216 216 217 217 217 217 217 217 217 217 217 217 218 218 218 218 218
216 216 216 216 216 215 215 214 214 214 213 212 212 211 210 210 209 208 207 207 206 206 206 205 205 204 203 202 202 201 200 199 199 199 198 198 195 179 185 199 203 206 210 212 214 214 212 208 199 204 212 213 209 204 203 204 205 207 210 212 213 214 215 216 216 217 217 217 217 217 217 217 217 217 217 217 217 217 218 218 218 218 218 218
217 216 216 216 216 215 215 214 214 214 214 214 213 212 211 210 210 209 208 208 208 207 206 206 205 205 204 204 203 202 201 201 200 200 200 200 201 195 197 206 207 209 211 213 214 214 214 211 210 213 214 212 207 198 198 200 201 202 206 212 214 215 216 216 216 217 217 217 217 218 218 218 218 218 218 218 218 218 218 218 218 218 218 218
217 217 216 216 216 215 212 215 215 215 214 213 213 212 212 211 210 209 209 209 208 207 207 206 206 205 205 204 203 203 202 202 202 201 202 202 203 204 207 210 209 211 213 214 215 216 216 215 211 213 214 208 198 188 185 191 198 201 205 211 214 215 216 217 217 217 218 218 218 218 218 218 218 218 218 218 218 218 218 218 218 218 218 218
217 217 217 217 216 216 215 216 216 215 214 214 214 213 212 211 210 210 210 210 209 208 208 207 207 206 205 205 205 204 204 203 203 203 203 204 205 206 206 209 210 212 213 215 216 216 216 217 216 214 210 200 190 171 160 179 194 200 206 208 214 216 216 217 217 218 218 218 218 218 219 219 219 219 219 219 219 218 219 219 219 219 219 218
217 217 217 217 216 216 216 216 215 215 215 214 214 213 212 212 212 211 211 210 209 209 209 208 207 207 206 206 206 205 205 205 205 204 204 205 206 207 208 210 211 212 214 215 216 217 217 217 217 215 211 202 187 167 153 176 193 199 205 211 215 216 217 217 218 218 219 219 219 219 219 219 219 219 219 219 219 219 219 218 218 218 218 218
218 217 218 218 217 217 217 217 216 216 216 214 213 213 213 213 212 212 212 211 211 210 210 209 208 208 208 208 207 206 206 206 206 205 205 206 205 207 209 210 212 213 214 215 216 217 217 217 218 217 215 207 196 184 179 184 192 195 203 211 215 217 217 218 218 219 219 219 219 219 219 219 219 219 219 219 219 218 218 218 218 218 218 218
218 219 219 219 218 218 218 217 217 216 216 215 213 214 213 213 213 213 213 212 212 211 211 210 210 209 209 209 208 208 208 208 207 207 207 207 208 209 210 210 212 213 214 215 216 217 218 218 218 218 217 214 207 201 198 192 193 196 204 215 217 217 218 218 218 219 219 219 219 219 219 219 219 219 219 219 219 218 218 218 218 218 218 218
218 219 220 219 218 214 215 217 217 216 215 214 212 213 214 214 214 214 213 213 213 212 212 211 211 211 211 210 210 209 209 209 209 208 208 209 209 210 210 211 212 213 214 215 216 218 218 218 219 219 219 218 216 214 212 207 203 204 210 217 218 218 218 219 219 219 219 219 219 219 219 219 219 219 219 219 218 218 218 218 218 218 218 218
220 220 219 219 219 214 209 212 215 215 212 211 210 213 214 215 215 214 214 214 214 213 213 212 212 212 212 211 211 211 210 210 210 209 210 210 211 210 211 211 212 213 213 216 216 218 218 219 219 220 220 219 219 219 218 217 218 217 218 219 219 219 219 219 219 219 219 219 219 219 219 219 219 219 219 218 218 218 218 218 218 218 218 218
220 221 220 217 218 218 216 211 207 207 209 210 211 214 215 215 215 215 215 215 215 214 214 213 213 213 213 212 212 212 212 211 211 211 211 211 212 211 211 210 213 213 212 214 217 218 219 219 220 220 220 220 220 220 220 220 220 220 220 219 219 219 219 219 219 219 219 219 219 219 219 219 219 219 218 218 218 218 218 218 218 218 218 218
221 221 221 220 218 219 218 218 214 208 205 207 210 215 216 216 216 216 216 216 215 215 215 214 214 214 214 214 213 213 213 213 212 212 212 212 212 212 212 212 213 214 213 214 216 218 219 220 220 221 221 221 221 221 220 220 220 220 220 220 220 220 220 220 220 219 219 219 219 219 219 219 219 219 218 218 218 218 218 218 218 218 218 218
222 221 222 222 221 221 220 220 220 217 210 208 209 214 216 217 217 217 216 216 216 216 215 215 215 215 215 214 214 214 214 214 214 213 213 214 213 213 213 214 214 215 214 214 216 218 219 219 220 220 220 220 220 220 220 220 220 220 220 220 220 220 219 220 219 219 219 219 219 219 219 219 219 219 219 218 218 218 218 218 218 218 218 218
223 223 223 222 222 222 222 220 217 216 217 216 210 211 216 217 217 217 217 217 217 216 216 216 216 216 216 215 215 215 215 215 215 215 215 215 215 214 215 214 215 215 215 215 214 217 219 219 220 220 220 220 220 220 220 220 220 220 220 220 220 214 211 220 219 219 219 219 219 219 219 219 219 219 219 219 219 219 218 218 218 218 218 218
223 223 223 223 223 223 223 222 220 220 218 215 216 215 213 218 215 216 218 218 218 217 217 217 217 217 217 216 216 216 216 215 215 216 216 216 216 215 216 215 216 216 216 215 215 216 218 219 219 220 220 220 220 220 220 220 220 220 220 220 220 218 217 220 219 219 219 219 219 219 219 219 219 219 219 219 219 219 219 219 218 218 218 218
224 224 224 224 224 224 224 224 223 222 218 219 216 217 218 219 217 215 216 217 218 218 218 218 218 218 217 217 217 217 216 216 216 216 217 217 217 217 217 216 216 216 216 216 216 216 217 218 219 219 220 220 220 220 220 220 220 220 220 220 220 220 220 219 219 219 219 219 219 219 219 219 219 219 219 219 219 219 219 219 219 218 218 218
1.#QNAN 1.#QNAN 224 224 224 224 224 224 224 223 222 221 220 220 219 220 219 217 215 216 218 219 218 218 218 218 218 218 218 217 217 217 217 217 217 217 217 217 217 217 217 216 216 216 216 216 217 218 219 219 219 219 220 220 220 220 220 220 220 220 220 220 220 219 219 219 219 219 219 219 219 219 219 219 219 219 219 219 219 219 219 218 218 218
1.#QNAN 1.#QNAN 1.#QNAN 224 224 224 224 224 224 224 223 221 220 219 220 220 219 218 218 218 219 219 219 219 219 219 219 218 218 218 218 218 218 218 218 218 218 218 218 218 217 217 217 216 216 216 217 218 218 219 219 219 219 219 220 220 220 220 220 220 220 220 220 220 219 219 219 219 219 219 219 219 219 219 219 218 218 218 218 218 218 218 218 218
1.#QNAN 1.#QNAN 1.#QNAN 1.#QNAN 1.#QNAN 224 224 224 224 224 223 223 222 222 221 219 219 219 218 219 220 220 219 220 220 219 219 219 219 219 219 219 219 219 219 218 218 218 218 218 218 217 217 217 217 217 217 218 218 218 219 219 219 219 219 219 219 219 219 219 219 219 219 219 219 219 219 219 219 219 219 219 219 218 218 218 218 218 218 217 217 217 217 217
1.#QNAN 1.#QNAN 1.#QNAN 1.#QNAN 1.#QNAN 1.#QNAN 224 224 224 224 224 223 224 223 221 221 220 220 219 220 220 220 220 220 220 220 220 220 220 220 219 220 219 219 219 219 219 219 219 218 218 218 217 217 217 217 217 217 217 218 218 218 218 219 219 219 219 219 219 219 219 219 219 219 219 219 219 219 219 219 219 219 218 218 218 218 217 217 217 217 217 217 217 217
1.#QNAN 1.#QNAN 1.#QNAN 1.#QNAN 1.#QNAN 1.#QNAN 1.#QNAN 1.#QNAN 224 224 224 224 223 221 222 223 222 221 220 220 221 220 220 221 221 221 220 220 220 220 220 220 220 220 220 219 219 219 219 219 218 218 218 218 218 217 217 217 217 217 217 217 217 217 218 218 218 219 219 219 219 219 219 219 219 219 219 219 219 219 219 219 218 218 217 217 217 217 216 216 216 216 216 217
1.#QNAN 1.#QNAN 1.#QNAN 1.#QNAN 1.#QNAN 1.#QNAN 1.#QNAN 1.#QNAN 1.#QNAN 1.#QNAN 224 224 223 223 224 223 223 222 222 221 221 221 221 221 221 221 221 221 221 221 221 221 220 220 220 220 220 220 219 219 219 219 218 218 218 217 217 217 217 216 216 216 215 215 216 217 217 218 218 218 218 219 219 219 219 219 219 219 219 219 219 218 218 218 217 217 216 215 215 215 215 216 216 216
1.#QNAN 1.#QNAN 1.#QNAN 1.#QNAN 1.#QNAN 1.#QNAN 1.#QNAN 1.#QNAN 1.#QNAN 1.#QNAN 1.#QNAN 1.#QNAN 224 224 224 224 223 223 222 222 221 222 222 222 222 222 222 222 222 221 221 221 221 220 220 220 220 220 220 219 219 219 218 218 218 217 217 217 216 216 215 215 214 214 214 214 215 216 217 218 218 218 218 219 219 219 219 219 218 218 218 218 218 217 216 215 214 214 214 213 214 215 215 216
1.#QNAN 1.#QNAN 1.#QNAN 1.#QNAN 1.#QNAN 1.#QNAN 1.#QNAN 1.#QNAN 1.#QNAN 1.#QNAN 1.#QNAN 1.#QNAN 1.#QNAN 1.#QNAN 224 224 223 223 223 223 223 223 222 222 222 222 222 222 222 222 222 221 221 221 221 220 220 220 220 219 219 219 218 218 218 217 217 216 216 215 215 215 214 213 213 212 212 212 214 215 216 217 218 218 218 218 218 218 218 218 218 217 216 216 214 211 211 212 210 212 213 214 215 216
1.#QNAN 1.#QNAN 1.#QNAN 1.#QNAN 1.#QNAN 1.#QNAN 1.#QNAN 1.#QNAN 1.#QNAN 1.#QNAN 1.#QNAN 1.#QNAN 1.#QNAN 1.#QNAN 1.#QNAN 224 224 224 224 223 223 223 223 223 223 223 223 223 223 223 222 222 221 221 220 221 220 219 218 219 219 219 218 218 217 217 217 216 215 215 214 214 214 213 212 211 211 210 212 212 214 214 216 217 218 218 218 218 217 217 217 217 215 214 212 209 208 204 201 206 210 212 214 216
1.#QNAN 1.#QNAN 1.#QNAN 1.#QNAN 1.#QNAN 1.#QNAN 1.#QNAN 1.#QNAN 1.#QNAN 1.#QNAN 1.#QNAN 1.#QNAN 1.#QNAN 1.#QNAN 1.#QNAN 1.#QNAN 1.#QNAN 225 224 224 224 224 224 224 223 223 223 223 223 223 223 222 221 221 221 220 220 219 218 218 218 218 218 218 217 217 216 216 215 214 214 214 213 213 212 211 210 209 208 210 212 211 212 214 215 217 217 217 217 217 216 216 214 212 210 207 201 205 204 199 202 206 213 216
