08 Ecocrop/raster/current/tmin_10.asc
ncols        683
nrows        518
xllcorner    -87.691666666667
yllcorner    10.708333333333
cellsize     0.008333333333
NODATA_value  1.#QNAN
[rows 333 to 369 of 518, columns 168 to 251 of 683]
229 229 229 229 229 229 229 230 230 230 230 230 230 230 230 230 230 230 230 230 229 229 228 227 226 226 225 225 225 225 225 225 225 225 225 225 226 226 226 226 226 226 226 227 227 227 227 227 227 227 227 227 227 227 227 227 227 227 227 224 218 215 220 218 221 220 217 218 219 222 223 220 217 220 224 223 225 225 221 223 222 220 215 212
229 229 229 229 229 229 229 230 230 230 230 230 230 230 230 230 230 230 230 230 229 229 228 227 226 226 225 225 225 225 225 225 225 225 225 225 226 226 226 227 227 227 227 227 227 227 227 227 227 227 227 227 227 227 227 227 227 227 227 223 219 215 223 223 221 220 218 219 222 225 225 225 224 221 224 225 226 224 221 218 221 218 214 209
229 229 229 229 229 230 230 230 230 230 230 230 230 230 230 230 230 230 230 230 229 229 228 227 226 226 226 226 225 225 225 226 226 226 226 226 226 226 226 227 227 227 227 227 227 227 227 227 227 227 227 227 227 227 227 227 227 227 227 226 218 218 224 221 218 218 220 223 225 222 226 226 226 224 223 226 226 225 222 220 221 218 214 209
229 229 229 229 230 230 230 230 230 230 230 230 230 230 230 230 230 230 230 230 229 229 228 227 226 226 226 226 226 226 226 226 226 226 226 226 226 226 227 227 227 227 227 227 227 227 227 227 227 227 227 227 227 228 228 228 228 228 228 227 223 223 224 219 218 219 224 226 225 221 225 227 227 226 226 226 226 226 225 223 221 215 211 209
229 229 229 230 230 230 230 230 230 230 230 230 230 230 230 230 230 230 230 230 229 229 228 227 227 226 227 226 226 226 226 227 227 226 226 226 226 226 227 227 227 227 227 227 227 227 227 227 227 227 227 227 228 228 228 228 228 228 228 228 227 227 225 222 221 224 226 227 224 224 227 227 227 227 226 227 227 226 225 223 221 219 215 212
229 229 229 230 230 230 230 230 230 230 230 230 230 230 230 230 230 230 230 230 229 229 228 228 227 227 227 227 227 227 227 227 227 227 227 227 227 227 227 227 227 227 227 227 227 227 227 227 227 227 228 228 228 228 228 228 228 228 228 228 227 226 226 227 226 226 227 228 226 227 227 227 227 227 227 227 227 226 226 225 224 221 218 218
229 229 230 230 230 230 230 230 230 230 230 230 230 230 230 230 230 230 230 230 229 229 228 227 227 227 227 227 227 227 227 227 227 227 227 227 227 227 227 227 227 228 228 228 228 228 228 228 228 228 228 228 228 228 228 228 228 228 228 228 226 224 224 227 228 227 228 228 228 227 227 227 227 227 227 227 227 226 225 225 224 223 221 220
229 229 230 230 230 230 230 230 230 230 230 230 230 230 230 230 230 230 230 229 229 229 228 227 227 227 227 227 228 228 228 228 228 228 228 228 228 228 228 228 228 228 228 228 228 228 228 228 228 228 228 228 228 228 228 228 228 228 228 227 227 227 226 225 228 228 228 228 228 228 228 227 227 227 227 227 227 225 222 221 223 223 222 221
229 229 229 230 230 230 230 230 230 230 230 230 230 230 229 229 229 229 229 229 229 228 228 227 226 227 227 227 228 228 228 228 228 228 228 228 228 228 228 228 228 228 228 228 228 228 228 228 228 228 228 228 228 228 228 228 228 228 228 228 228 228 228 227 226 227 228 228 228 228 228 227 228 227 227 227 226 222 217 217 216 217 219 221
229 229 229 229 229 229 229 229 229 229 229 229 229 229 229 229 229 229 229 229 228 228 227 227 226 227 227 227 228 228 228 228 228 228 228 228 228 228 228 228 228 228 228 228 228 228 228 228 228 228 228 228 228 228 228 228 228 228 228 228 228 228 228 228 228 228 228 228 228 228 228 228 228 228 228 227 223 218 213 217 214 209 214 218
229 229 229 229 229 229 229 229 229 229 229 229 228 229 228 228 228 228 228 228 228 228 227 226 226 227 227 227 228 228 228 228 228 228 229 228 228 228 228 228 228 228 228 228 228 228 228 228 228 228 228 228 228 228 228 228 228 228 228 228 228 228 228 228 228 228 228 228 228 228 228 228 228 228 228 228 223 218 217 221 214 209 208 212
228 228 228 229 229 228 228 228 228 228 228 228 228 228 228 228 228 228 228 228 228 227 226 226 226 227 227 227 228 228 228 229 229 229 229 229 229 229 228 228 229 229 228 228 228 228 228 228 228 228 228 229 228 228 228 228 229 228 229 229 229 229 229 228 228 228 228 228 228 228 228 228 228 228 228 228 228 226 225 224 220 215 207 206
227 227 227 228 227 227 227 227 227 227 227 227 227 227 227 227 227 227 227 227 227 227 226 226 226 226 227 227 228 228 229 229 229 229 229 229 229 229 229 229 229 229 229 229 229 229 229 229 229 229 229 229 229 229 228 229 229 229 229 229 229 229 229 229 229 229 228 228 228 228 228 228 228 228 228 228 228 227 225 220 219 209 204 210
225 226 226 227 226 226 226 226 226 226 226 226 227 227 227 227 227 227 227 227 227 227 226 226 226 226 227 227 228 228 228 229 229 229 229 229 229 229 229 229 229 229 229 229 229 229 229 229 229 229 229 229 229 229 229 229 229 229 229 229 229 229 229 229 229 229 229 229 228 228 228 228 228 228 228 228 228 228 226 220 213 212 213 214
224 225 225 225 225 225 225 225 225 225 225 226 226 227 227 227 227 227 227 227 227 226 225 225 225 225 226 227 227 228 228 229 229 229 229 229 229 229 229 229 229 229 229 229 229 229 229 229 229 229 229 229 229 229 229 229 229 229 229 229 230 230 230 230 229 229 229 229 229 229 228 228 228 228 228 228 228 228 227 222 217 213 219 216
222 223 223 223 223 224 223 223 224 224 224 225 225 226 226 226 226 226 226 226 226 225 224 225 225 225 226 226 227 228 228 229 229 229 229 230 230 230 230 230 230 230 230 230 229 229 229 229 229 229 229 229 229 229 229 229 229 230 230 230 230 230 230 230 230 230 229 229 229 229 229 229 229 228 229 228 228 227 227 225 220 216 221 219
220 221 222 221 222 222 222 222 222 222 223 223 224 225 226 226 226 226 226 226 225 224 224 224 224 225 226 226 226 227 228 229 229 229 229 230 230 230 230 230 230 230 230 230 230 230 230 229 229 229 229 229 229 229 229 230 230 230 230 230 230 230 230 230 230 230 230 229 229 229 229 229 229 229 228 226 227 224 226 226 221 221 224 222
218 218 219 219 220 220 220 220 220 221 222 222 223 224 225 225 225 225 225 225 224 223 223 223 224 225 225 225 226 227 228 228 229 229 230 230 230 230 230 230 230 230 230 230 230 230 230 230 230 230 230 229 229 230 230 230 230 231 231 231 231 231 231 231 230 230 230 230 229 229 229 229 229 228 228 228 223 221 223 220 218 220 224 225
216 216 217 217 218 218 218 218 219 220 221 221 222 223 224 224 225 225 225 225 223 222 222 223 223 224 224 225 226 227 227 228 229 229 229 230 230 230 230 230 230 230 230 230 230 230 230 230 230 230 230 230 230 230 230 231 231 231 231 231 231 231 231 231 231 231 230 230 230 230 230 230 229 229 229 229 226 220 214 219 222 222 225 226
213 213 213 215 215 216 217 217 218 219 219 220 221 223 223 224 225 225 225 224 222 222 222 222 222 223 224 224 225 226 227 228 228 229 229 230 230 230 230 230 230 230 230 230 230 230 230 230 231 231 231 231 231 231 231 231 231 231 231 231 231 232 232 232 231 231 231 231 231 231 230 230 230 230 230 230 229 226 220 219 225 227 227 226
211 211 211 212 213 214 215 217 218 218 219 220 221 222 223 224 224 224 224 222 221 221 221 221 222 222 223 224 225 226 227 227 228 229 229 230 230 230 230 230 230 230 230 231 231 231 231 231 231 231 231 231 231 231 232 232 232 232 232 232 232 232 232 232 232 232 232 231 231 231 231 231 230 230 230 230 230 229 226 220 223 225 228 228
209 208 208 210 210 212 214 216 217 218 220 220 221 222 223 224 224 224 223 221 220 220 221 221 221 222 222 223 224 225 226 227 228 229 229 229 230 230 230 230 230 230 231 231 231 231 231 231 231 232 232 232 232 232 232 232 232 232 232 232 232 232 232 232 232 232 232 232 232 232 232 231 231 231 231 230 230 229 222 220 223 227 224 228
206 205 205 207 208 209 213 215 217 218 219 220 221 222 222 222 223 223 223 221 220 220 220 220 221 221 222 223 224 225 226 227 227 228 229 229 230 230 230 230 230 231 231 231 231 231 232 232 232 232 232 232 232 232 232 232 232 232 233 233 232 232 232 232 232 232 232 232 232 232 232 232 232 231 231 231 230 227 217 223 225 227 229 229
203 202 202 204 205 207 210 214 217 218 219 219 220 221 221 221 222 222 222 221 221 220 220 220 220 221 221 222 223 224 225 226 227 228 229 229 229 230 230 230 230 231 231 231 231 232 232 232 232 232 232 233 233 233 233 233 233 233 233 233 233 233 232 232 232 232 232 232 232 232 232 232 232 232 232 231 231 226 221 226 229 230 230 229
200 200 199 200 203 203 205 211 216 218 218 218 219 219 219 220 220 221 221 221 221 220 219 219 220 220 221 221 222 224 225 226 226 227 228 229 229 230 230 230 230 231 231 231 231 232 232 232 232 232 232 233 233 233 233 233 233 233 233 233 233 233 232 232 232 232 232 232 232 232 232 232 232 232 232 231 229 230 228 229 231 231 230 230
197 196 197 197 198 199 198 204 215 216 217 217 217 217 217 218 219 219 220 220 220 220 220 219 219 220 220 221 222 223 224 225 226 227 228 229 229 229 230 230 230 231 231 231 232 232 232 232 232 233 233 233 233 233 233 233 233 233 233 233 233 233 233 232 232 232 232 232 232 232 232 232 232 232 232 232 232 232 231 231 231 231 231 231
194 193 193 193 194 196 200 206 214 215 215 215 215 215 215 215 216 218 219 220 220 220 220 219 219 219 219 220 221 223 224 225 226 227 228 228 229 229 230 230 230 231 231 231 232 232 232 233 233 233 233 233 233 233 233 233 233 233 233 233 233 233 233 232 232 232 232 232 232 232 232 232 232 232 232 232 232 232 232 232 232 232 232 232
191 190 189 189 192 198 204 210 213 214 213 213 214 215 214 215 215 216 218 219 220 220 220 219 218 218 219 220 221 223 224 225 225 226 228 228 229 229 229 230 230 231 231 231 232 232 233 233 233 233 233 233 233 233 233 233 233 233 233 233 233 233 233 233 232 232 232 232 232 232 232 232 232 232 232 232 232 232 232 232 232 232 232 232
185 184 185 189 196 201 203 211 213 213 212 210 214 215 215 215 215 215 216 218 219 219 220 219 218 217 218 219 220 222 224 225 225 226 227 228 228 229 230 230 230 231 231 232 232 232 233 233 233 233 233 233 233 233 233 233 233 233 233 233 233 233 233 233 232 232 232 232 232 232 232 232 232 232 232 232 232 232 232 232 232 232 232 232
181 184 187 191 196 203 208 211 212 211 210 208 214 213 213 214 214 215 216 217 219 219 219 219 218 217 218 219 220 222 224 224 225 226 227 228 228 229 230 230 230 231 231 232 232 232 233 233 233 233 233 233 233 233 233 233 233 233 233 233 233 233 233 233 233 232 232 232 232 232 232 232 232 232 232 232 232 232 232 232 232 232 232 232
183 185 188 194 197 200 208 210 210 209 207 211 213 211 209 209 211 215 218 219 221 220 218 217 217 218 219 219 221 222 223 224 225 226 227 227 228 229 229 230 230 231 231 232 232 233 233 233 233 233 233 233 233 233 233 233 233 233 233 233 233 233 233 233 233 233 232 232 232 232 232 232 232 232 232 232 232 232 232 232 231 232 232 232
185 187 190 192 197 203 206 208 208 208 205 208 212 209 203 202 203 214 219 221 223 221 218 218 218 218 218 219 220 222 222 223 224 225 226 227 228 228 229 230 230 231 231 232 232 233 233 233 233 233 233 233 233 233 233 233 233 233 233 233 233 233 233 233 233 233 232 232 232 232 232 232 232 232 232 232 232 232 232 232 232 232 232 232
185 186 190 197 200 204 206 206 206 206 203 200 204 208 204 203 207 214 219 221 223 224 220 218 218 217 218 218 220 221 221 222 223 224 225 226 227 228 229 230 230 231 232 232 232 233 233 233 233 233 233 233 233 233 233 233 233 233 233 233 233 233 233 233 233 233 233 232 232 232 232 232 232 232 232 232 232 232 232 232 232 232 232 232
184 188 191 192 195 200 200 202 203 203 203 203 204 205 206 207 210 215 219 222 223 224 220 218 217 217 217 217 218 219 220 221 222 223 224 226 227 228 229 230 231 231 232 232 232 233 233 233 233 233 233 233 233 233 233 233 233 233 233 233 233 233 233 233 233 233 233 233 232 232 232 232 232 232 232 232 232 232 232 232 232 232 232 232
187 187 188 191 194 194 195 198 198 201 203 205 206 208 209 210 212 217 220 222 224 224 221 217 217 216 216 216 217 218 219 220 221 222 224 225 226 227 228 230 230 231 232 232 232 233 233 233 233 233 233 233 233 233 233 233 233 233 233 233 233 233 233 233 233 233 233 233 233 232 232 232 232 232 232 232 232 232 232 232 232 232 232 232
185 186 187 187 188 190 191 193 196 199 203 205 205 205 206 211 213 216 221 223 224 223 218 215 215 214 215 215 215 216 217 219 220 222 223 225 226 227 228 229 230 231 232 232 233 233 233 233 233 233 233 233 233 233 233 233 233 233 233 233 233 233 233 233 233 233 233 233 233 233 232 232 232 232 232 232 232 232 232 232 232 232 232 232
185 186 186 187 188 190 192 193 193 196 199 201 201 202 204 209 213 215 217 218 218 218 215 214 213 212 212 213 214 218 223 224 222 222 223 224 225 227 228 229 230 231 232 232 233 233 233 233 233 233 233 233 233 233 233 233 233 233 233 233 233 233 233 233 233 233 233 233 233 233 233 232 232 232 232 232 232 232 232 232 232 232 232 232
