08 Ecocrop/raster/current/tmin_8.asc
ncols        683
nrows        518
xllcorner    -87.691666666667
yllcorner    10.708333333333
cellsize     0.008333333333
NODATA_value  1.#QNAN
[rows 148 to 184 of 518, columns 336 to 419 of 683]
219 215 207 212 214 217 219 220 220 216 217 217 215 216 217 215 211 210 206 199 194 200 206 206 210 210 205 200 202 199 195 193 200 204 205 204 207 209 210 209 203 211 216 216 218 219 217 216 214 213 218 222 224 224 225 225 225 225 224 223 222 219 222 224 225 225 225 225 225 225 225 226 226 226 226 226 226 226 226 226 226 226 226 226
219 212 210 213 217 218 220 220 220 219 217 217 214 217 216 212 211 210 208 198 191 200 209 212 206 205 203 200 195 193 188 192 198 202 208 202 201 208 212 213 213 216 217 215 215 215 218 218 218 218 220 221 222 224 225 225 225 225 225 222 222 220 223 225 225 225 225 225 226 226 226 226 226 226 226 226 226 226 226 226 226 226 226 226
219 218 217 215 217 219 220 220 220 219 218 218 217 218 216 215 214 212 208 201 200 206 211 210 199 198 194 191 190 192 196 201 206 211 210 209 210 209 215 214 216 218 217 214 209 212 214 216 214 217 220 221 221 222 224 225 224 224 225 224 225 225 225 225 225 225 225 225 226 226 226 226 226 226 226 226 226 226 226 226 226 226 226 226
218 216 218 216 219 220 220 220 219 219 218 219 219 217 215 214 213 211 205 206 209 210 215 211 207 203 202 198 200 203 208 207 207 213 210 214 215 214 216 216 215 216 219 218 214 212 211 211 212 214 218 219 221 222 224 225 224 224 225 224 222 223 222 225 225 226 225 225 225 226 226 226 226 226 226 226 226 226 226 226 226 226 226 226
218 216 218 218 220 220 220 219 218 218 219 219 219 216 215 214 212 208 205 211 214 214 216 217 216 214 211 208 206 212 214 213 210 214 216 216 217 217 216 216 216 217 218 220 219 216 216 216 217 218 221 221 222 222 223 223 222 224 224 224 222 222 222 223 225 226 226 225 225 226 226 226 226 226 226 226 226 226 226 226 226 226 226 226
220 217 219 220 221 220 220 220 219 219 220 219 218 216 215 213 212 205 208 215 216 216 214 217 218 217 216 214 212 212 215 217 218 219 220 219 219 218 217 216 215 218 218 219 220 220 220 220 219 220 222 223 223 224 224 222 223 224 224 223 223 223 223 222 225 226 226 226 226 226 226 226 226 227 227 226 226 226 226 226 226 227 227 227
220 219 220 221 220 220 220 220 219 219 220 218 217 217 215 216 215 210 212 217 217 217 216 219 219 217 214 214 210 208 211 216 218 220 221 221 219 219 217 215 218 218 219 216 219 222 221 220 220 220 220 221 222 223 223 220 219 223 225 223 223 224 224 223 225 225 225 226 226 226 226 226 226 227 227 226 226 226 226 226 227 227 227 227
220 220 220 221 220 220 220 219 220 220 220 218 216 217 216 217 217 216 214 216 216 217 219 219 219 217 214 215 213 209 210 216 218 220 221 222 221 219 220 219 218 219 219 218 219 221 222 222 222 222 222 222 222 222 222 222 223 223 224 225 224 225 225 225 226 226 226 226 226 226 226 226 226 226 227 227 226 226 227 227 227 227 227 227
220 221 220 221 221 220 220 220 220 219 219 218 218 219 218 218 215 215 215 215 214 212 216 220 220 217 216 217 219 218 216 219 221 221 221 222 222 222 221 220 219 219 220 220 220 221 222 223 223 223 222 223 224 223 220 221 223 224 223 224 225 225 225 226 226 226 226 226 226 226 226 226 226 226 227 227 227 227 227 227 227 227 227 227
220 221 221 220 221 220 220 221 220 219 219 220 220 220 219 218 217 217 217 215 215 214 217 220 219 215 215 217 220 221 221 220 222 222 222 222 223 223 222 220 222 220 222 222 222 223 224 224 224 223 223 224 224 223 223 222 223 224 223 223 225 225 226 226 225 225 226 226 226 226 226 226 226 226 226 227 227 227 227 227 227 227 227 227
220 220 221 221 221 220 220 221 220 218 220 220 220 220 219 218 219 220 220 217 217 216 219 221 219 217 216 216 219 222 222 222 223 223 223 222 222 223 223 223 223 222 222 222 222 221 221 223 224 224 223 224 225 225 225 224 224 225 224 224 225 225 225 225 225 226 226 226 226 226 226 226 226 226 226 227 227 227 227 227 227 227 227 227
220 221 221 221 221 221 221 221 220 220 220 220 221 220 219 217 216 220 221 221 220 220 220 221 220 217 218 220 217 219 221 222 223 223 223 223 223 223 223 224 224 224 223 223 223 223 222 223 225 225 225 225 225 225 225 225 225 225 225 224 225 225 225 225 225 226 226 226 226 226 226 226 226 226 226 227 227 227 227 227 227 227 227 227
220 221 220 221 221 221 221 221 221 220 221 220 221 221 220 219 217 218 220 221 221 221 221 221 220 220 221 221 217 216 221 222 223 223 223 224 223 223 224 224 224 224 224 224 225 225 225 225 225 225 225 224 225 225 225 225 225 225 225 225 225 225 225 226 225 226 226 226 226 226 226 227 227 227 226 227 226 226 226 226 227 227 227 228
220 220 219 220 221 221 221 221 220 221 221 220 221 221 221 220 220 218 220 221 221 221 221 222 221 221 221 222 221 221 223 222 223 223 223 224 223 223 224 222 223 224 225 225 225 225 225 225 225 225 225 225 225 225 226 225 225 225 225 225 225 226 226 226 226 226 226 226 226 226 227 227 227 227 227 227 227 227 226 227 227 227 227 228
220 217 217 219 219 220 221 221 219 220 221 220 221 221 221 221 221 219 220 222 222 221 221 222 222 221 221 222 222 222 222 222 223 224 224 224 224 224 224 224 224 224 225 225 225 223 220 225 225 225 225 225 225 226 226 225 225 225 225 225 225 226 225 226 226 226 226 226 226 226 227 227 227 227 227 226 227 227 226 227 227 227 227 227
219 216 217 219 220 220 221 221 220 220 221 221 220 220 221 221 220 220 221 221 220 219 221 221 220 220 221 220 221 222 221 221 223 223 219 224 224 223 224 224 224 224 225 225 225 225 225 225 225 225 225 225 225 225 226 225 225 225 225 224 225 226 226 226 226 226 226 226 226 226 226 226 226 226 226 226 227 227 227 227 227 227 227 227
219 217 218 220 220 220 221 221 219 220 221 221 221 221 222 221 221 222 222 220 217 215 219 221 221 221 220 217 216 221 221 220 221 221 221 221 223 224 224 224 224 223 224 225 225 225 225 225 225 225 225 225 225 225 225 225 225 225 224 224 223 224 225 226 225 226 226 226 226 226 226 226 226 226 226 226 226 227 227 227 227 227 227 227
219 218 218 220 220 220 221 221 219 220 221 221 221 221 222 222 222 222 222 220 217 216 217 218 222 219 218 218 214 217 214 217 221 221 220 220 221 224 224 224 224 224 224 224 225 225 225 225 225 225 225 225 225 225 225 225 225 224 224 224 222 223 225 226 225 225 225 226 226 226 226 226 226 226 226 226 226 227 226 227 226 226 226 226
219 218 219 220 220 220 221 221 220 218 219 220 221 221 221 222 222 219 221 222 220 217 215 218 221 222 217 211 212 210 207 213 219 222 222 221 220 222 223 224 224 224 225 225 224 225 225 225 225 225 225 225 225 225 225 225 224 224 224 223 222 222 224 225 225 225 225 225 225 226 226 226 226 226 226 226 226 227 227 227 226 226 226 226
219 219 220 220 221 221 221 220 220 215 216 219 221 220 220 222 221 220 220 222 222 221 217 218 220 221 222 219 213 212 210 217 219 221 221 222 222 222 223 224 224 224 224 224 224 225 225 225 225 225 225 225 225 225 225 225 224 224 224 224 223 222 223 224 225 225 225 225 225 226 226 226 226 226 227 227 227 227 227 227 226 226 225 226
219 219 220 221 221 221 221 221 219 215 216 218 221 219 221 220 221 221 219 219 220 222 220 221 221 221 222 222 221 216 208 217 219 218 218 219 220 223 224 224 225 225 224 224 224 224 225 225 225 225 225 225 225 225 225 225 225 224 225 224 223 222 223 223 225 225 225 225 225 226 226 227 226 227 226 227 227 227 227 227 227 226 226 226
218 219 220 220 220 220 221 222 218 217 216 219 221 221 219 215 218 219 220 218 219 221 222 222 221 219 221 223 222 215 216 220 220 218 218 216 217 218 220 224 224 224 223 223 222 222 224 225 225 225 224 225 225 225 225 225 225 225 225 224 224 223 223 224 224 225 225 225 225 226 226 226 226 226 226 227 227 227 227 227 227 226 226 226
217 219 220 220 220 220 221 221 221 220 219 220 221 221 220 217 219 219 221 221 220 221 222 223 220 218 220 222 223 221 222 222 220 217 219 218 218 217 218 223 224 224 224 224 224 224 224 224 225 225 225 225 225 225 225 225 225 225 225 225 225 224 224 225 224 225 225 225 225 226 226 226 226 226 226 227 227 227 227 227 227 227 226 226
216 219 220 219 220 221 221 220 221 221 221 221 221 221 220 219 217 219 219 220 221 222 222 223 222 222 221 222 223 223 222 222 218 216 217 220 219 220 221 222 224 224 224 224 224 224 224 224 225 225 225 225 225 225 224 225 225 225 225 225 225 224 224 225 224 225 225 225 225 225 226 226 226 226 226 226 226 227 227 227 227 227 226 226
218 219 219 218 220 221 221 219 220 221 222 222 222 222 221 221 219 218 219 218 219 222 222 222 223 223 222 222 223 223 221 222 220 217 218 220 221 222 223 223 224 223 223 225 224 225 224 224 225 225 225 225 225 225 225 225 225 225 225 225 225 224 225 225 225 224 224 225 225 225 226 226 226 226 226 226 226 226 226 226 227 227 227 226
220 220 219 220 220 221 220 220 220 220 221 222 222 221 221 221 220 219 218 220 220 220 222 222 221 222 223 223 223 223 222 221 221 220 218 216 220 222 222 222 223 224 224 224 225 225 224 224 225 224 225 225 225 226 225 225 225 226 226 225 225 225 225 226 225 224 224 224 225 225 226 226 226 226 226 226 226 226 226 227 227 227 227 227
218 219 220 220 220 221 221 220 220 220 221 221 222 221 221 220 218 217 217 219 219 219 220 221 222 222 223 223 223 223 223 222 221 220 217 218 219 222 222 222 224 224 224 224 224 224 225 225 225 225 225 225 225 225 226 225 226 226 226 225 225 226 225 226 226 225 224 224 224 225 225 226 226 226 226 226 226 226 226 226 227 227 227 227
218 219 220 220 220 220 221 220 220 220 221 221 221 221 221 219 216 215 217 218 217 217 218 219 220 222 223 223 222 223 223 220 219 220 216 216 219 222 223 223 224 224 223 223 224 224 224 224 224 224 225 225 225 225 226 226 226 226 226 226 226 226 225 226 226 226 225 225 225 225 225 226 226 227 227 226 226 226 226 226 227 227 227 227
219 219 220 219 220 220 221 220 219 221 221 221 222 221 221 218 213 215 217 217 217 216 214 217 216 215 218 222 223 223 223 221 220 220 220 221 223 223 223 223 223 224 224 223 223 224 224 224 224 225 225 225 225 225 225 225 225 226 226 226 226 226 226 226 226 226 225 225 225 225 225 225 226 227 227 226 226 226 227 226 226 227 227 227
219 220 220 220 220 221 220 221 219 221 221 222 221 221 220 220 217 215 218 218 217 214 208 214 210 211 216 217 221 223 223 222 222 223 222 222 222 224 224 224 224 224 223 223 224 224 223 223 224 225 225 225 225 225 225 225 226 226 226 226 226 226 225 226 226 226 226 225 226 226 226 226 226 227 227 227 227 227 227 227 227 227 227 227
219 219 220 220 220 220 220 221 221 221 221 222 222 222 221 220 218 217 217 219 218 217 214 214 213 211 213 218 220 220 222 223 223 223 222 223 223 223 222 224 224 224 223 223 223 223 224 224 224 224 224 225 225 225 225 225 226 226 226 226 226 226 226 226 226 226 226 226 226 226 226 226 226 226 227 227 227 227 227 227 227 227 227 227
219 219 220 220 220 221 221 221 221 221 221 221 222 221 220 219 218 219 219 220 217 212 213 217 218 217 216 220 220 220 221 222 222 223 223 223 223 223 223 224 224 224 224 224 223 224 224 224 224 224 224 225 225 225 225 226 226 226 226 226 226 226 226 226 226 226 226 226 226 226 226 226 226 226 227 227 227 227 227 227 227 227 227 228
219 220 220 220 220 220 221 219 219 221 221 222 222 222 220 219 220 219 216 219 219 212 211 217 220 219 217 219 217 218 221 221 222 223 223 223 224 223 224 223 222 224 224 224 224 224 224 224 225 224 225 225 225 225 225 225 225 226 226 226 226 226 226 226 226 226 226 226 226 226 226 226 226 226 227 227 227 227 227 227 227 227 228 228
219 219 220 220 219 220 221 220 220 221 222 222 222 221 220 219 218 220 217 215 218 218 217 219 221 218 217 218 219 219 220 221 221 222 222 223 223 223 223 223 223 223 224 224 224 224 224 224 224 225 225 224 224 225 225 225 225 226 226 226 226 226 226 226 226 226 226 226 226 226 226 226 226 226 227 227 227 227 227 227 227 228 228 228
219 219 220 218 218 219 221 221 220 221 221 222 222 220 221 219 216 217 217 217 216 221 221 221 221 217 216 219 219 218 219 220 222 222 222 223 223 223 223 223 223 223 224 223 224 223 223 224 225 225 225 225 224 225 225 225 225 225 225 226 226 226 226 226 226 226 226 226 226 226 226 226 227 226 226 227 227 227 227 228 228 228 228 228
219 219 219 219 220 220 221 220 220 221 221 222 221 219 220 217 216 219 217 218 218 220 219 221 221 220 220 220 217 218 218 221 221 221 220 222 223 223 222 223 223 223 223 224 224 222 223 225 225 225 224 224 225 225 225 225 225 225 225 226 226 226 226 226 226 226 226 226 226 226 226 226 227 227 227 227 227 228 228 228 228 228 228 228
219 218 219 220 220 221 221 221 220 221 221 221 221 220 220 219 220 219 218 219 218 217 217 221 221 220 220 219 213 217 220 220 220 221 220 221 221 222 223 223 223 223 223 223 224 223 222 223 224 225 225 225 224 225 225 225 225 225 225 226 226 226 226 226 226 226 226 226 227 227 226 226 226 227 227 227 227 227 228 228 228 228 228 228
