08 Ecocrop/raster/current/tmin_6.asc
ncols        683
nrows        518
xllcorner    -87.691666666667
yllcorner    10.708333333333
cellsize     0.008333333333
NODATA_value  1.#QNAN
[rows 111 to 147 of 518, columns 420 to 503 of 683]
224 225 225 225 225 225 225 225 225 225 225 225 225 225 224 224 224 224 223 223 223 222 220 216 215 211 213 216 215 217 216 220 221 221 222 222 222 223 222 223 223 223 224 224 225 224 225 225 225 224 224 223 225 225 224 223 224 224 225 225 229 230 230 230 230 231 232 232 233 233 233 234 234 234 235 235 235 236 236 236 237 237 237 238
224 224 225 224 224 224 224 225 225 225 225 225 225 225 224 224 224 224 223 222 222 221 221 219 221 220 220 219 214 218 220 220 221 222 223 223 223 222 222 223 224 224 224 225 225 225 225 225 225 225 225 224 225 225 225 225 225 225 225 227 229 229 230 229 228 231 232 232 233 233 234 234 234 235 235 235 236 236 236 236 237 237 237 238
224 224 224 224 225 224 224 225 225 225 225 225 225 225 225 225 225 225 223 224 222 221 220 222 222 223 222 221 220 220 221 221 222 223 223 224 223 223 223 224 224 224 225 225 225 225 225 225 225 225 225 225 225 225 226 226 226 227 226 227 228 228 229 229 229 231 232 232 233 234 234 234 234 235 235 235 236 236 236 237 237 237 237 238
224 224 225 225 225 224 224 224 225 225 225 226 225 225 225 225 225 225 224 225 224 223 224 225 225 224 224 223 222 222 223 222 223 223 223 224 224 224 224 225 225 225 226 226 226 226 225 225 225 225 225 225 225 225 226 226 227 227 227 227 228 228 227 227 230 231 232 232 233 233 234 234 234 235 235 235 236 236 237 237 237 238 238 238
224 224 225 225 224 224 225 225 225 225 225 226 226 225 225 225 225 226 226 226 226 226 226 226 226 226 226 225 224 223 223 223 223 223 224 224 225 224 225 225 225 226 226 226 226 225 225 225 225 225 225 225 225 225 226 227 227 228 228 228 229 227 226 227 230 231 231 232 233 234 234 234 235 235 235 236 236 237 237 237 238 238 238 238
224 224 224 224 224 225 225 225 225 225 225 226 226 226 226 226 226 226 226 226 226 226 226 226 226 226 226 226 225 225 225 224 224 224 224 225 225 225 226 226 226 226 226 226 226 225 226 225 225 226 225 225 225 226 226 226 227 228 229 229 230 229 229 230 229 231 231 233 234 234 234 235 235 235 236 236 236 237 237 238 238 238 238 238
224 224 224 225 225 224 225 225 225 225 225 226 226 226 226 226 226 226 226 226 226 226 226 226 226 226 226 226 226 226 226 226 226 225 225 225 225 225 226 226 226 226 226 227 226 226 226 226 226 227 227 226 226 225 225 226 227 228 227 229 230 230 230 230 231 231 233 233 234 234 234 235 235 235 236 236 237 237 237 238 238 238 239 239
224 224 224 225 224 224 225 225 225 225 225 226 226 226 226 226 226 226 226 226 226 226 226 226 226 226 226 226 226 226 226 226 226 226 225 225 226 226 226 226 225 226 226 226 227 226 226 226 226 227 227 227 227 226 226 227 228 229 229 230 230 230 231 230 231 232 233 233 234 234 235 235 235 236 236 236 237 237 238 238 238 239 239 239
225 225 224 224 224 225 226 225 225 226 226 226 226 226 226 226 226 226 226 226 226 226 226 226 226 226 226 226 226 226 226 226 226 226 226 225 225 226 227 225 224 222 223 226 226 226 226 226 226 227 227 228 227 228 227 226 229 229 229 230 230 231 230 231 232 233 233 234 234 234 235 235 236 236 236 236 237 237 238 238 239 239 239 239
225 225 225 224 225 225 226 226 226 226 226 226 226 226 226 226 226 226 226 226 226 226 226 227 227 226 227 227 227 227 227 226 226 226 227 226 227 226 226 225 219 220 224 225 226 226 226 225 226 225 225 226 228 228 226 227 230 230 230 230 231 231 231 232 232 233 233 234 234 235 235 235 236 236 236 237 237 238 238 238 239 239 239 240
225 225 225 225 225 225 226 226 226 226 226 225 224 226 226 226 226 226 226 226 226 226 226 227 227 227 227 227 227 227 227 226 226 226 227 227 227 226 226 223 223 224 225 225 226 225 224 224 223 223 223 224 225 228 227 228 230 230 230 231 231 231 232 232 232 233 233 234 234 235 235 235 236 236 236 237 237 238 238 239 239 239 240 240
226 226 226 226 225 225 225 226 226 225 226 226 226 226 226 226 226 226 226 226 226 226 226 226 227 227 227 228 227 227 227 227 226 226 227 227 227 227 226 222 224 226 226 227 226 225 224 223 223 223 223 223 224 226 229 229 230 231 231 231 232 232 233 233 233 233 234 234 234 234 235 235 236 236 237 237 238 238 239 239 239 240 240 240
226 225 226 225 225 225 225 226 226 226 226 226 226 226 226 226 226 226 226 227 227 226 227 227 227 227 227 228 227 227 227 227 227 227 227 227 227 227 227 227 227 226 227 227 226 224 223 223 223 223 224 224 224 224 228 230 230 231 231 231 232 232 233 233 234 234 234 234 235 235 235 235 236 236 237 237 238 238 239 239 240 240 240 240
226 226 225 225 226 225 225 225 226 226 226 226 226 226 226 226 227 227 227 227 227 227 227 227 227 227 227 228 227 227 227 227 227 227 227 227 227 228 228 227 227 226 226 227 225 225 224 223 224 225 224 224 225 225 227 230 230 231 231 232 232 233 233 233 233 233 234 234 235 235 235 235 236 236 236 237 238 238 239 239 1.#QNAN 1.#QNAN 1.#QNAN 240
226 226 226 226 226 226 225 224 225 226 226 226 226 226 226 226 227 227 227 227 227 227 227 227 227 227 227 228 228 227 227 227 227 227 228 228 228 228 228 227 227 227 227 226 226 225 224 224 223 224 224 224 224 226 229 230 230 231 231 232 232 233 233 233 234 234 234 234 235 235 235 236 236 236 237 237 238 238 239 1.#QNAN 1.#QNAN 1.#QNAN 1.#QNAN 1.#QNAN
226 226 226 226 226 226 225 225 226 226 226 226 227 227 227 227 227 227 227 227 227 227 227 227 227 227 227 228 228 228 227 227 227 227 228 228 228 228 228 228 227 227 226 226 225 224 225 225 224 224 224 224 224 226 229 230 231 231 232 232 232 233 233 233 234 234 234 235 235 235 235 236 236 237 237 238 238 238 239 1.#QNAN 1.#QNAN 1.#QNAN 1.#QNAN 1.#QNAN
226 226 226 226 226 226 226 226 226 227 227 227 227 226 227 227 227 227 227 227 227 227 227 227 228 227 228 228 228 228 228 228 228 227 227 227 227 227 228 228 228 227 228 227 224 225 225 225 226 226 225 225 225 226 227 230 231 231 231 232 232 233 233 233 234 234 234 235 235 235 236 236 236 236 237 238 238 238 239 1.#QNAN 1.#QNAN 1.#QNAN 1.#QNAN 1.#QNAN
226 226 226 226 225 226 226 225 226 226 226 226 226 226 226 227 227 227 227 227 227 227 228 228 228 228 228 228 228 228 228 228 228 228 228 227 227 227 227 226 226 226 227 227 227 226 226 226 227 227 227 227 225 227 227 230 230 231 231 231 232 233 233 233 234 234 234 235 235 235 236 236 236 237 237 238 238 239 239 1.#QNAN 239 239 240 1.#QNAN
226 226 226 226 225 225 226 225 226 226 225 226 226 226 226 227 227 227 227 227 227 228 228 228 228 228 228 228 228 228 228 228 228 228 228 228 227 227 227 226 225 225 226 227 227 227 228 229 228 227 227 228 229 229 229 230 231 231 231 231 232 232 233 233 233 234 234 235 235 235 236 236 237 237 237 238 238 238 239 239 239 239 240 240
227 227 226 226 226 226 226 226 225 225 225 225 226 226 226 227 227 227 227 227 227 228 228 228 228 228 228 228 228 228 228 228 228 228 228 228 228 228 227 226 226 226 228 228 228 226 227 229 229 229 228 229 230 229 229 230 231 231 232 232 232 232 233 233 233 234 234 234 235 235 236 236 237 237 237 238 238 238 239 239 239 240 1.#QNAN 1.#QNAN
227 227 227 227 226 226 226 226 226 226 227 226 226 226 226 227 227 227 227 227 227 228 228 228 228 228 228 228 228 228 228 228 228 228 228 228 228 229 229 228 228 228 228 227 228 228 228 229 230 229 230 230 230 230 231 231 231 232 232 232 232 233 233 233 233 234 234 234 235 235 236 236 237 237 237 238 238 239 239 239 240 240 1.#QNAN 1.#QNAN
227 227 227 227 227 226 226 226 226 226 225 223 226 226 226 227 227 227 227 227 228 228 228 227 228 228 228 228 228 228 229 229 229 228 228 228 229 229 228 228 228 227 226 225 227 229 229 229 230 230 230 230 230 231 231 231 232 232 232 232 232 233 233 233 234 234 234 235 235 235 236 236 237 237 237 238 238 239 239 239 240 240 240 1.#QNAN
227 227 227 227 226 226 226 225 225 226 224 223 226 226 226 226 227 227 227 228 228 228 227 227 228 228 227 228 228 228 229 229 229 229 229 228 229 228 228 228 228 227 225 226 226 227 229 230 230 230 230 230 230 231 232 232 232 232 232 233 233 233 233 234 234 234 234 235 235 236 236 236 237 237 238 238 238 239 239 239 240 240 240 240
227 227 227 227 227 226 225 224 225 225 223 225 226 227 227 226 227 227 227 228 228 228 226 227 227 228 228 228 228 228 229 229 229 229 229 229 229 228 228 229 229 228 227 228 228 229 230 230 231 230 230 231 231 231 231 232 232 233 233 233 233 233 234 234 234 234 235 235 235 235 236 237 237 237 238 238 238 239 239 239 240 240 240 240
227 227 227 227 227 227 226 226 226 225 226 226 226 227 227 227 227 227 227 227 228 228 227 226 227 227 227 228 228 228 229 229 229 229 229 229 229 229 229 229 229 229 229 229 230 229 230 231 231 231 231 231 231 232 231 232 232 233 233 233 233 233 234 234 234 235 235 235 235 236 236 237 237 237 238 238 238 239 239 239 240 240 240 240
227 227 227 227 227 227 226 226 226 226 227 227 227 227 227 227 227 227 227 227 227 227 227 225 225 227 227 227 228 228 229 229 229 229 229 229 229 230 229 229 229 229 229 230 230 230 231 231 231 231 231 231 231 232 232 232 232 233 233 233 233 234 234 234 235 235 235 235 236 236 236 237 237 237 238 238 238 239 239 239 240 240 240 240
228 227 227 227 227 226 226 227 227 227 227 227 227 227 227 227 227 227 227 227 227 227 227 227 223 226 228 228 228 229 229 229 229 229 229 229 229 230 230 229 229 229 230 230 231 231 231 231 232 232 231 231 232 232 232 232 232 233 233 233 233 234 234 235 235 235 235 236 236 236 236 237 237 237 238 238 238 239 239 239 240 240 240 240
227 227 227 227 227 226 224 226 227 227 227 227 227 227 227 227 227 228 227 227 227 227 228 228 226 226 228 228 229 229 228 229 229 229 229 229 229 229 230 229 230 230 230 230 231 231 231 232 232 232 230 231 230 232 232 232 233 233 233 233 234 234 234 235 235 235 236 236 236 236 237 237 237 238 238 238 238 239 239 240 240 240 240 240
227 226 226 227 227 227 227 227 227 227 227 227 227 227 227 227 227 228 228 228 228 228 228 227 225 227 227 228 228 229 229 229 229 229 229 229 229 229 229 230 230 230 230 231 231 231 231 232 232 232 232 232 229 232 233 232 233 233 233 233 233 234 234 235 235 235 236 236 236 237 237 237 237 237 238 238 238 239 239 240 240 240 240 240
228 227 227 226 226 227 227 227 227 228 228 228 227 227 227 227 228 228 228 228 228 228 228 226 225 227 227 228 229 229 229 229 229 229 229 229 230 230 230 230 230 230 230 231 231 231 232 232 232 232 232 232 232 233 233 233 233 233 233 233 233 234 235 235 235 236 236 236 236 237 237 237 237 238 238 238 238 239 239 240 240 240 240 240
228 226 225 221 225 227 227 227 227 227 228 228 228 228 227 227 228 228 228 228 227 228 228 228 228 227 228 228 229 229 229 229 229 229 229 229 230 230 230 230 230 230 230 231 231 231 232 232 233 233 233 233 233 233 233 233 233 233 233 234 234 234 235 235 235 236 236 236 236 237 237 237 237 238 238 238 238 239 239 240 240 240 240 240
227 222 218 217 223 227 227 227 227 227 227 228 228 228 228 228 228 228 228 228 227 228 228 228 228 228 228 229 229 229 229 229 229 229 229 230 230 230 230 230 230 230 230 231 231 231 232 232 232 233 233 233 233 233 233 233 233 233 234 234 234 234 234 235 235 235 236 236 236 237 237 237 237 238 238 238 238 239 239 239 240 240 240 240
227 221 220 216 221 227 227 225 222 224 227 227 228 228 228 228 228 229 229 229 229 228 228 229 229 229 228 228 229 229 229 229 229 229 229 230 230 230 230 230 230 230 230 230 231 231 232 232 233 233 233 233 233 233 233 233 233 233 234 234 234 234 234 235 235 235 236 236 236 236 237 237 237 238 238 238 238 239 239 239 239 239 239 240
228 227 225 225 225 226 228 226 224 222 223 226 228 229 229 229 229 229 229 229 229 229 229 229 229 229 228 228 229 229 229 230 230 229 230 230 230 230 230 230 230 230 230 230 231 231 232 232 232 232 233 233 233 233 233 233 233 233 233 234 234 234 235 235 235 235 235 236 236 236 237 237 237 238 238 238 238 239 239 239 239 239 239 239
228 228 227 227 227 226 228 226 227 224 226 228 229 229 229 229 229 229 229 229 229 229 229 229 229 229 229 229 229 229 230 230 230 230 229 230 230 230 230 230 230 230 230 231 231 231 231 232 232 232 232 233 233 233 233 233 233 233 233 234 234 234 234 234 235 235 236 236 236 236 237 237 237 238 238 238 238 239 239 239 239 239 239 239
229 228 227 228 228 228 228 228 228 228 229 229 229 229 229 229 229 229 229 229 229 229 229 229 229 229 230 229 229 229 230 230 230 230 230 230 231 230 230 230 230 230 230 230 231 231 231 232 232 232 232 232 232 233 233 233 233 233 234 234 234 234 234 234 235 235 235 236 236 236 237 237 237 238 238 238 238 238 239 238 239 239 239 239
229 229 228 228 229 229 229 229 229 229 229 230 230 230 230 229 230 229 229 229 229 229 229 229 230 230 230 230 230 230 230 231 231 230 230 231 231 231 230 230 231 230 230 230 231 231 232 232 232 232 232 232 232 233 233 233 233 233 233 234 234 234 234 234 235 235 235 236 236 236 236 237 237 238 238 238 238 238 238 238 238 239 239 239
