ecocropFuture/tif/c6/rcp585/ACCESS-CM2/prec_6.asc
ncols        683
nrows        518
xllcorner    -87.691666666667
yllcorner    10.708333333333
cellsize     0.008333333333
NODATA_value  nan
[rows 84 to 125 of 518, columns 376 to 469 of 683]
420 422 416 423 427 424 424 419 426 426 427 427 428 428 428 410 421 428 428 433 433 422 423 430 431 424 424 432 425 415 415 419 420 420 417 433 440 441 437 434 427 427 421 417 417 417 420 417 414 413 413 416 421 421 427 421 413 413 413 413 420 438 427 427 427 442 440 439 444 445 443 439 434 434 434 444 444 444 434 427 421 427 421 421 415 415 419 425 432 432 430 438 440 442
423 423 415 417 417 419 429 426 427 420 416 416 432 432 428 422 422 422 429 429 429 434 435 431 431 431 432 433 433 426 420 426 433 420 416 426 433 434 434 434 421 416 418 418 418 417 421 428 417 413 413 414 414 427 434 434 427 420 413 412 420 433 440 443 440 443 443 440 444 434 434 434 428 434 434 440 445 446 440 427 421 417 426 426 433 419 419 426 425 425 439 446 444 433
425 422 412 413 426 426 427 431 421 421 421 421 434 430 434 429 429 429 438 434 435 431 432 425 419 419 426 427 421 420 415 415 422 427 420 417 420 427 427 421 427 421 416 416 418 421 427 428 441 422 428 428 421 428 421 421 434 422 422 417 422 435 440 440 440 435 435 428 428 427 427 434 428 435 435 434 427 427 421 417 421 434 433 426 432 438 438 426 426 438 439 443 446 438
434 424 426 413 420 426 430 440 428 428 421 423 423 423 423 434 434 424 439 435 436 440 437 433 421 421 421 421 427 421 421 418 423 418 417 422 427 435 428 427 416 428 418 418 421 428 440 436 436 429 428 428 428 422 418 418 416 429 428 435 435 444 444 441 441 435 422 421 421 428 427 434 441 441 435 435 434 427 427 421 420 427 433 426 433 442 442 439 433 441 445 442 445 438
424 425 419 420 414 431 431 432 428 416 416 416 417 430 423 430 430 431 435 436 432 445 438 435 435 435 428 428 429 429 429 428 423 418 417 422 428 422 422 422 421 421 422 418 418 423 436 436 429 429 422 422 430 423 428 423 423 429 436 441 441 441 446 445 441 435 428 429 429 436 436 436 441 441 445 441 440 440 440 435 420 420 427 427 420 442 439 443 443 445 445 445 440 442
418 412 420 420 421 431 436 437 423 412 412 410 417 414 419 436 424 432 436 436 433 438 443 439 443 439 439 441 438 436 441 428 429 429 417 415 415 415 415 415 413 418 422 418 417 419 423 415 423 423 419 415 419 423 428 441 445 445 445 445 445 445 446 446 441 441 437 436 429 436 442 442 446 441 445 445 446 448 448 444 435 426 421 440 434 433 439 444 443 445 439 439 440 433
405 412 426 414 415 422 422 430 431 424 423 417 410 412 412 415 419 414 433 433 426 427 439 435 444 440 440 440 422 431 429 436 437 436 429 429 417 413 413 415 418 422 418 419 420 418 416 419 423 429 423 429 430 419 430 443 443 450 448 450 450 448 446 446 446 446 442 443 446 429 436 429 429 436 435 435 445 449 444 440 435 426 434 443 434 434 426 434 434 439 433 433 420 424
409 414 428 428 422 411 422 424 413 413 413 417 419 419 415 427 420 420 420 427 420 427 440 444 446 450 442 438 431 424 431 429 437 437 429 423 423 422 422 429 429 422 423 418 417 425 431 430 437 437 442 437 438 438 438 430 443 447 449 450 447 449 448 447 451 447 446 446 450 446 446 429 429 442 449 441 441 445 445 440 444 440 427 434 440 443 434 420 433 433 419 425 433 442
407 405 421 415 416 422 416 418 413 411 409 411 415 419 420 427 435 420 427 439 435 435 445 450 451 445 443 442 440 443 442 438 443 442 430 430 423 430 437 437 437 442 430 430 423 419 419 431 430 419 437 437 431 438 444 443 447 448 448 447 447 447 444 444 447 447 447 449 450 449 446 446 449 449 449 441 441 442 436 442 444 444 441 420 427 427 426 420 419 426 426 433 434 438
407 405 408 415 412 416 416 424 418 418 413 415 415 412 412 415 435 435 444 449 445 441 446 451 448 443 438 440 448 443 439 439 430 438 439 431 431 431 443 447 431 438 438 423 418 418 418 424 431 439 438 438 438 438 444 447 450 448 445 448 452 452 449 444 444 447 447 452 449 452 450 450 449 449 449 446 446 442 436 436 435 428 436 427 436 427 426 427 427 427 434 434 440 440
407 408 408 416 416 412 416 424 425 415 426 419 420 420 420 415 421 435 449 450 446 439 441 438 443 442 441 445 447 448 440 440 424 439 432 431 431 431 431 443 431 431 431 424 424 423 418 419 431 431 448 443 449 444 449 444 450 453 445 445 453 453 453 449 444 444 447 448 452 452 452 443 444 444 449 450 443 436 428 428 428 427 427 420 427 445 441 444 441 441 434 434 440 440
410 410 408 412 423 413 409 413 415 415 416 413 413 421 421 421 416 437 446 446 446 432 439 441 441 439 446 450 450 454 440 441 434 432 439 431 439 432 432 439 445 431 439 419 419 431 431 424 424 431 439 439 445 445 444 444 452 454 449 449 453 453 451 451 452 449 452 453 452 452 452 449 450 444 449 444 449 436 436 428 428 428 420 436 436 445 447 448 448 441 441 425 433 433
408 407 407 408 408 411 414 411 419 420 420 413 421 421 421 421 417 418 430 442 444 439 431 446 442 451 451 447 452 448 441 446 427 425 431 431 431 432 440 440 432 440 439 439 424 431 439 432 424 424 445 445 449 449 449 439 453 452 454 446 446 450 451 453 453 453 452 449 448 444 450 440 447 450 449 449 444 449 443 436 428 428 436 443 446 441 441 446 448 444 447 440 434 440
416 409 413 413 414 411 420 420 420 422 422 417 422 437 429 429 429 418 431 432 439 445 432 438 443 449 448 446 439 435 439 441 435 432 432 431 439 432 432 440 440 432 432 450 445 445 439 432 440 432 431 439 445 453 453 453 451 449 446 454 446 454 454 450 450 451 451 449 449 452 450 452 452 451 450 444 449 449 447 447 442 442 443 443 436 445 441 435 441 441 446 447 446 445
423 424 425 426 426 414 415 420 420 417 417 418 423 437 437 447 443 439 445 445 440 440 442 442 442 434 434 434 426 424 425 423 422 434 433 441 441 432 440 440 446 446 447 447 445 433 431 432 440 440 440 446 455 455 452 452 450 451 451 446 450 452 452 452 452 447 451 452 452 453 446 445 452 452 450 451 451 448 450 450 448 451 450 449 450 449 445 446 446 445 445 445 447 445
435 432 426 426 420 420 415 416 429 418 418 418 419 438 443 448 448 445 445 446 449 451 442 442 434 434 421 422 423 423 427 434 428 427 434 441 441 446 446 446 440 446 447 447 450 447 441 440 440 446 446 446 456 455 450 450 450 455 455 455 446 451 455 455 452 452 452 453 454 453 451 446 454 454 452 452 448 448 448 451 450 444 444 443 443 449 447 446 446 441 441 445 448 447
437 433 419 427 435 420 415 417 422 423 423 418 416 424 444 444 449 449 446 446 446 456 443 427 426 433 433 426 433 426 426 433 427 422 421 441 447 441 447 446 451 446 451 451 451 447 441 441 446 451 447 446 456 456 447 441 447 452 455 453 447 451 451 451 451 455 455 447 453 452 452 446 451 451 451 450 452 452 452 448 447 444 436 436 443 448 447 442 446 442 445 445 449 444
437 438 435 420 421 428 428 430 430 423 419 418 419 431 445 450 445 446 451 451 451 456 448 427 427 433 442 442 442 448 442 425 434 434 426 433 433 442 447 447 451 432 448 442 447 447 441 441 447 457 452 447 448 457 452 448 451 454 457 454 453 451 456 456 451 455 455 453 447 447 446 441 442 447 451 452 450 453 448 445 445 447 439 439 443 449 448 450 446 446 441 445 445 442
438 442 440 428 421 422 422 439 444 439 440 439 429 428 445 441 442 442 433 447 433 426 443 434 434 434 442 442 433 434 434 441 452 457 451 447 442 442 442 447 441 447 442 442 442 447 451 452 452 452 452 452 457 458 457 457 457 454 450 448 444 454 452 456 456 451 447 453 447 447 447 441 447 454 451 454 452 450 453 452 452 450 451 451 449 449 450 447 450 450 448 447 448 449
442 444 441 428 429 429 414 423 431 440 440 445 441 433 434 434 442 447 443 433 443 447 443 448 434 427 427 427 436 436 427 427 448 457 455 458 443 435 443 449 443 447 453 448 442 448 451 449 454 452 452 453 454 450 457 442 453 455 456 445 449 449 455 456 456 452 456 452 456 448 448 448 448 452 447 454 454 453 453 451 451 445 445 451 445 435 449 451 446 446 449 448 446 442
426 444 437 437 438 438 443 440 432 425 432 451 447 447 448 434 422 427 427 448 448 453 449 443 435 435 427 444 437 429 429 436 435 443 449 444 444 444 443 435 443 435 449 449 453 457 455 453 454 450 450 456 456 455 457 457 457 456 456 456 450 458 457 449 445 449 454 452 452 456 448 453 454 452 450 454 450 450 450 453 453 445 451 440 439 443 449 444 443 450 446 449 446 446
419 436 437 430 437 421 423 432 432 441 441 443 434 443 452 443 427 434 444 448 453 448 449 435 435 427 427 436 445 427 436 448 454 460 460 455 450 454 453 450 444 444 443 443 449 449 453 456 454 450 456 456 459 459 459 454 459 456 459 450 445 458 454 454 457 457 457 453 452 448 452 452 456 455 447 447 454 455 446 452 453 451 451 451 449 443 443 444 443 443 443 442 448 449
420 429 443 429 430 436 430 433 443 433 433 434 443 444 435 435 427 422 448 453 459 459 449 435 435 427 427 427 444 444 434 450 450 457 456 461 454 450 450 450 444 450 450 444 443 434 443 454 459 456 458 456 459 449 443 443 459 459 459 458 450 456 459 456 455 455 449 453 453 449 449 452 449 452 448 447 453 453 442 443 452 445 441 445 452 449 439 444 449 449 443 443 448 446
437 442 444 441 440 443 445 446 443 434 433 425 435 435 444 435 434 436 448 450 460 454 450 444 436 428 427 427 436 445 436 444 455 462 462 461 455 461 451 451 451 445 444 444 444 435 434 450 454 453 453 453 459 449 443 449 454 457 456 451 446 451 460 456 459 459 454 458 458 453 457 453 453 452 452 452 456 456 456 443 453 451 446 436 451 449 443 444 449 449 443 443 438 442
442 447 450 442 441 435 435 444 441 443 432 426 428 428 435 449 454 445 454 460 460 460 450 446 446 436 436 437 429 437 436 436 452 452 462 461 461 456 456 456 445 445 446 435 445 445 445 450 444 450 449 443 444 444 434 449 454 455 456 451 442 443 458 460 455 455 455 460 458 458 458 457 458 453 457 457 457 457 456 454 453 453 441 437 440 440 439 444 444 448 449 443 438 438
438 436 435 425 426 428 426 423 418 421 434 450 446 436 446 449 454 457 450 454 455 457 453 462 456 456 463 457 452 456 451 451 446 446 456 459 462 457 457 462 456 436 436 436 435 451 455 451 450 455 455 434 444 444 433 442 449 450 460 460 442 447 461 458 451 451 455 444 450 458 455 455 456 458 450 450 453 454 455 456 455 455 455 446 437 446 446 452 454 449 449 439 439 439
436 438 442 435 425 440 440 441 434 436 450 445 446 449 449 450 454 455 451 455 457 457 463 463 458 453 437 439 438 452 457 452 453 453 453 453 453 437 446 446 445 451 446 452 451 451 455 456 445 455 455 455 444 444 425 442 449 455 460 456 450 460 460 460 459 454 454 455 455 455 458 450 458 458 456 456 448 453 453 451 455 451 447 450 455 452 451 446 441 444 439 439 436 436
436 438 449 433 423 432 434 441 445 450 444 446 446 446 446 446 446 457 453 464 464 464 457 457 458 458 448 439 449 454 464 464 459 454 454 459 457 448 437 446 446 445 452 446 452 461 461 456 451 450 455 455 451 454 449 444 454 460 460 460 456 456 459 459 459 454 451 451 460 458 458 458 451 450 454 453 457 457 453 448 451 455 453 455 455 446 440 440 440 440 439 439 436 433
447 447 438 427 418 418 423 426 436 446 451 436 428 422 436 436 436 447 458 464 464 464 460 458 458 458 458 454 454 454 453 454 455 449 449 453 457 453 446 437 446 446 452 446 446 452 458 456 451 445 456 455 455 451 449 449 449 455 455 460 460 455 460 460 460 455 444 435 450 450 450 458 459 457 458 453 457 455 454 451 451 451 456 452 446 451 434 435 436 436 435 434 436 434
442 442 433 427 426 419 421 433 428 436 446 446 437 428 436 447 447 453 458 458 465 460 461 466 460 466 460 455 455 455 450 455 440 449 449 454 465 458 454 452 457 457 464 458 458 452 462 463 462 451 446 451 451 451 456 450 450 455 455 455 460 459 461 457 457 461 451 443 443 449 459 456 457 456 456 454 452 453 457 455 452 452 451 455 453 447 441 440 437 437 435 439 434 435
442 451 444 437 432 421 417 429 429 429 437 451 447 451 447 447 453 458 458 466 465 466 460 455 460 460 460 456 455 456 456 455 451 439 448 449 459 458 458 464 464 459 454 460 464 458 452 457 457 453 451 456 457 456 456 456 454 455 450 450 454 454 461 459 459 457 450 449 449 459 455 449 456 456 456 457 441 441 448 452 452 452 451 451 454 445 445 445 451 445 445 450 440 435
432 438 438 440 421 419 417 423 429 429 429 437 447 451 457 464 464 459 459 466 466 454 455 450 455 462 467 456 450 450 455 449 455 454 439 439 448 455 465 455 458 458 465 460 460 453 457 457 436 446 446 451 462 456 456 456 454 455 455 455 454 454 459 459 458 450 458 459 458 453 453 455 458 454 442 442 441 441 441 447 452 455 455 455 455 450 451 440 440 445 451 444 444 444
419 431 450 445 438 443 422 419 429 437 437 447 457 457 457 460 461 466 466 466 459 466 455 468 468 456 450 452 466 455 459 466 467 455 430 439 438 449 454 458 461 459 461 450 460 460 460 453 447 446 451 456 459 458 462 451 450 455 460 460 456 450 450 450 444 456 455 454 453 458 458 458 455 457 457 457 452 457 453 452 447 447 451 453 453 451 453 453 451 451 450 444 444 438
437 416 435 444 429 445 447 428 428 428 437 447 448 448 454 458 461 461 456 457 459 466 461 461 460 462 452 448 451 462 462 456 452 462 455 449 448 455 459 465 464 461 455 460 460 460 460 460 463 454 458 458 463 463 458 462 460 461 457 460 460 450 451 459 456 456 455 455 458 458 453 448 454 452 457 456 456 454 454 452 451 454 451 450 451 445 451 453 445 445 450 450 444 443
445 430 427 428 428 436 450 446 447 447 437 437 448 454 455 460 460 460 463 463 463 468 469 469 461 463 462 457 463 457 462 456 462 462 462 466 454 456 455 460 459 461 462 462 459 465 460 449 454 449 448 453 459 459 448 447 451 458 452 452 458 460 460 460 460 456 449 459 458 456 458 458 454 448 458 453 448 448 452 448 451 455 452 452 451 451 454 445 454 452 450 450 445 450
434 425 420 426 426 436 428 437 428 436 428 423 449 455 460 454 457 459 467 460 463 458 459 459 463 469 468 463 463 468 463 456 457 457 462 462 460 461 461 461 460 461 462 465 453 459 460 455 449 460 460 459 463 463 442 443 447 458 452 458 455 460 457 457 456 456 444 456 453 456 456 457 453 448 453 440 440 448 440 448 448 446 447 455 452 447 447 454 451 451 452 450 445 444
446 436 428 434 435 427 427 437 429 437 437 430 440 450 454 448 458 460 457 452 460 463 465 465 465 463 468 462 464 457 448 448 452 457 457 462 467 467 461 455 454 454 466 455 453 459 458 461 455 454 460 462 459 452 443 442 452 452 458 452 460 455 457 457 446 456 456 456 459 458 456 454 449 455 453 448 440 448 439 448 439 446 447 447 448 448 447 447 454 451 452 449 450 452
454 451 445 444 449 445 435 437 438 437 452 450 447 447 449 458 461 468 466 453 452 458 470 465 465 459 465 470 470 464 452 448 452 447 452 462 462 463 462 467 448 448 466 455 459 459 465 461 455 449 448 448 448 444 442 442 448 453 452 452 458 460 461 461 457 456 444 450 459 453 458 457 455 455 448 448 440 448 452 456 456 455 452 452 440 439 438 447 450 454 454 445 450 451
445 455 450 445 434 434 426 436 446 426 420 421 421 455 454 461 456 451 456 463 463 452 460 456 452 459 463 464 471 470 464 457 457 457 452 452 457 456 451 456 466 437 459 466 465 455 460 455 446 449 448 448 449 448 459 452 443 441 442 458 461 460 457 451 457 456 450 457 456 458 458 457 458 458 453 453 448 449 439 451 456 455 447 448 452 446 446 445 450 450 454 454 453 451
451 455 451 451 445 435 445 435 425 422 420 430 440 456 469 468 469 464 457 456 457 452 452 457 458 453 470 471 463 470 464 463 464 463 452 458 458 452 452 458 462 460 466 466 465 462 455 461 459 454 465 460 461 460 460 460 453 443 443 458 456 460 458 452 451 451 456 460 456 458 458 457 450 458 453 448 440 448 440 448 454 452 451 447 446 451 450 454 454 447 446 446 450 454
437 447 456 464 464 448 448 437 435 421 430 455 461 461 468 457 463 464 464 463 462 458 453 458 464 472 465 471 464 464 464 457 464 467 463 468 464 458 463 463 462 461 462 459 459 459 465 454 447 454 465 465 464 464 457 463 453 453 448 458 458 458 458 446 445 445 456 455 450 454 458 457 458 453 448 448 447 448 448 438 452 452 456 451 451 451 451 446 454 452 446 437 437 445
426 433 445 458 457 445 448 436 435 429 439 455 460 456 469 459 470 464 459 459 471 463 458 459 472 466 466 467 471 470 469 464 468 468 467 470 470 465 458 456 463 446 450 462 466 459 454 454 454 436 459 466 464 464 453 457 460 463 459 458 458 451 446 451 441 441 451 457 450 449 458 448 448 453 453 447 447 440 428 447 447 447 438 446 438 438 450 446 451 452 451 426 437 449
