ecocropFuture/tif/c6/rcp585/ACCESS-CM2/prec_7.asc
ncols        683
nrows        518
xllcorner    -87.691666666667
yllcorner    10.708333333333
cellsize     0.008333333333
NODATA_value  nan
[rows 294 to 335 of 518, columns 95 to 189 of 683]
120 141 120 120 112 112 112 111 110 119 118 115 106 96 106 129 129 108 96 88 117 155 134 142 145 127 120 107 109 108 114 114 114 107 106 89 120 155 142 119 87 86 86 92 142 134 135 128 120 143 157 104 113 113 113 103 88 82 87 102 113 113 82 90 119 119 160 162 163 146 90 118 103 104 105 105 123 110 85 87 95 93 93 106 111 138 105 124 126 131 123 114 132 124 114
105 119 118 117 116 138 138 114 103 107 107 96 96 95 110 111 110 110 110 95 91 109 96 154 145 154 107 116 108 90 85 107 89 94 94 119 142 159 142 87 117 113 117 105 156 128 135 148 127 127 157 91 103 89 88 88 102 113 121 121 82 82 145 145 119 119 160 162 163 146 90 107 118 121 121 131 123 109 90 97 99 98 86 100 104 92 129 130 138 112 124 117 118 120 118
104 113 111 111 110 115 115 108 98 98 112 116 111 90 98 111 110 103 102 123 95 91 97 119 140 118 116 116 107 95 95 106 119 155 142 119 118 155 156 92 113 105 112 112 91 142 133 148 134 119 159 118 113 83 77 83 87 102 104 82 144 144 158 159 89 119 160 160 146 120 90 106 118 133 134 134 126 91 82 94 99 96 84 84 99 101 103 117 120 102 108 114 119 127 131
119 103 98 101 96 100 99 104 117 118 96 95 107 94 110 105 102 102 103 125 106 91 107 118 139 117 115 105 88 104 104 94 88 155 141 93 87 118 141 117 86 112 112 112 104 142 120 133 127 142 157 90 118 83 79 77 82 102 120 118 158 142 142 162 89 89 160 160 89 89 81 81 126 108 123 110 110 88 84 80 86 87 87 86 102 101 101 101 119 114 119 119 124 115 124
146 101 116 112 119 118 99 113 96 100 99 98 97 114 98 111 110 110 127 106 101 90 112 117 116 87 105 111 87 87 105 93 93 111 92 92 86 86 117 117 117 104 104 117 103 90 141 156 142 117 117 90 118 112 82 82 87 102 104 118 143 143 144 88 88 88 118 145 89 89 89 89 106 88 89 90 89 84 81 79 88 85 86 80 97 87 100 88 132 150 127 118 118 112 132
153 162 144 161 161 160 122 110 101 154 154 153 153 106 102 97 107 95 101 90 85 90 106 87 92 86 94 83 88 82 97 96 86 87 111 91 139 139 115 115 84 90 84 84 103 103 89 83 83 83 90 83 117 88 82 78 76 101 82 143 158 88 101 86 101 122 81 88 104 80 80 80 80 117 84 107 88 79 80 79 84 80 80 79 80 81 83 100 106 112 154 142 117 119 127
138 162 136 135 149 134 148 154 154 130 146 157 152 97 114 105 113 111 111 88 88 105 110 86 86 101 93 95 90 96 82 81 93 86 141 136 141 139 103 84 103 114 84 84 102 102 102 116 102 117 111 101 82 91 90 78 101 112 82 88 118 81 112 100 75 79 100 100 114 115 123 105 125 116 84 81 80 80 84 77 78 81 80 79 82 81 82 84 90 134 144 118 152 132 129
154 143 142 135 149 164 163 151 146 146 136 129 129 151 156 156 150 93 103 92 87 111 101 113 111 91 82 95 102 96 86 81 92 116 139 163 136 116 90 103 90 90 110 115 110 110 110 116 116 102 111 111 79 81 81 90 101 118 82 81 103 104 112 100 75 76 79 79 74 74 74 79 84 85 81 79 77 78 79 83 78 78 77 78 96 96 81 96 97 100 95 113 114 141 138
153 157 156 155 165 172 171 151 162 170 149 129 151 143 127 142 142 88 106 110 110 93 85 141 113 86 82 94 102 91 81 85 84 113 141 151 136 90 84 110 90 90 102 110 110 110 110 110 111 82 102 101 76 92 92 90 81 111 103 103 112 112 100 100 86 74 75 87 90 90 76 89 86 73 84 80 86 85 81 78 84 77 77 90 93 102 80 83 83 97 100 93 104 109 144
151 157 170 173 172 152 137 156 129 169 149 137 103 116 155 150 136 102 89 88 88 93 99 148 84 85 88 94 95 94 94 85 84 91 115 128 119 114 101 113 101 90 101 109 109 109 109 101 82 140 140 102 87 80 93 80 89 118 118 103 112 85 80 74 74 87 87 86 76 76 89 89 88 89 73 84 79 85 86 75 78 83 78 78 78 92 80 82 83 86 99 102 105 107 114
136 150 155 148 146 131 152 152 138 143 143 108 110 111 115 111 110 104 98 92 97 87 87 86 86 93 104 96 88 82 85 85 103 112 89 89 83 112 112 112 109 101 109 109 114 114 101 101 87 140 140 101 116 91 92 92 80 74 80 101 74 73 73 75 74 87 76 90 111 111 92 92 106 111 89 73 102 102 85 86 86 85 86 84 85 79 86 86 89 85 86 91 111 113 111
150 150 158 107 115 106 117 117 135 168 134 103 93 150 136 92 101 104 88 97 96 87 82 86 122 121 120 102 94 81 85 108 137 137 153 89 108 101 83 78 78 77 109 101 101 101 101 101 81 158 133 156 81 77 112 112 95 111 112 92 78 109 90 77 89 76 111 90 107 85 85 92 92 90 75 89 116 128 119 104 104 105 89 112 127 85 90 88 94 95 86 89 104 107 111
149 147 153 114 95 94 100 87 108 155 142 154 146 146 146 131 140 135 86 109 109 109 107 93 94 90 102 102 90 85 91 100 151 155 152 108 83 78 93 93 84 92 82 108 114 114 101 100 109 81 158 159 81 101 92 111 111 111 112 92 92 109 111 111 111 111 85 93 93 107 92 92 107 75 75 87 117 128 108 120 81 121 123 112 86 85 80 85 115 115 91 93 92 103 122
148 158 119 94 109 108 99 92 92 85 93 133 158 157 157 145 130 140 113 90 90 84 109 108 92 81 94 93 95 84 102 110 136 139 137 108 81 93 98 84 95 96 91 101 100 108 75 75 81 87 100 115 74 77 111 111 88 87 110 110 109 86 93 86 86 94 93 85 108 111 111 89 89 89 87 74 117 82 92 83 105 106 106 89 89 90 86 87 94 116 135 98 95 97 111
158 152 106 101 108 108 107 86 85 91 109 132 146 157 145 144 123 139 85 89 89 89 84 108 91 91 85 93 84 78 91 101 88 119 138 99 77 87 97 83 83 90 80 89 81 113 75 78 75 81 87 80 90 111 88 110 110 87 94 110 94 86 86 86 86 85 93 93 108 76 75 90 75 89 87 74 86 109 92 93 131 105 106 124 125 127 128 130 113 115 115 98 99 98 103
154 95 111 111 110 99 98 98 91 98 108 140 140 145 140 139 123 148 112 112 112 111 88 83 108 91 84 83 83 84 101 109 83 112 112 99 76 84 115 98 98 95 92 82 101 101 82 79 75 87 87 74 89 111 95 95 87 88 87 87 87 87 86 86 86 94 94 94 108 111 76 89 76 77 89 88 80 119 110 111 132 106 106 124 137 117 118 142 144 134 116 116 118 101 90
139 131 129 151 103 92 106 109 114 113 148 139 123 131 131 130 122 133 133 148 133 133 133 149 111 98 90 83 84 101 98 87 111 87 109 100 79 83 116 91 111 105 98 101 112 82 82 91 89 74 74 89 111 98 98 98 98 107 106 87 87 87 96 96 86 94 94 111 111 90 90 90 76 90 77 89 75 81 105 105 106 106 135 137 127 118 119 143 144 146 147 149 138 139 121
154 158 170 170 127 102 109 148 142 147 147 123 139 139 123 122 138 122 138 152 147 147 147 152 152 88 107 90 105 108 82 111 137 151 83 76 116 97 91 102 94 97 95 89 86 82 92 94 94 92 111 111 88 113 119 119 119 119 112 106 112 112 112 96 96 86 94 94 111 77 89 76 91 77 77 77 89 89 76 83 83 90 91 137 139 140 142 143 122 124 148 150 151 139 141
118 144 146 144 150 141 140 142 167 163 157 140 139 151 148 89 133 138 121 152 110 88 88 110 152 148 87 87 87 87 134 134 135 82 79 83 115 113 91 102 100 99 89 95 94 99 101 91 90 89 88 87 114 119 119 119 127 119 119 112 97 106 112 106 87 87 94 109 94 109 111 91 77 77 77 78 90 78 90 83 107 108 91 109 110 129 130 144 123 125 126 98 151 153 154
93 92 150 154 143 148 147 147 147 131 131 123 138 138 132 132 132 128 143 128 151 87 82 82 87 81 81 86 133 149 117 125 134 86 82 90 83 82 96 110 117 96 98 99 99 97 115 124 115 114 113 113 113 119 126 126 119 119 120 119 112 112 112 97 87 87 94 109 111 111 112 91 77 78 78 92 92 79 92 78 84 91 91 110 111 112 120 121 105 106 97 98 98 153 155
111 114 128 135 149 133 142 147 147 146 145 145 139 130 129 121 150 120 128 136 127 151 86 82 104 99 99 105 96 81 86 149 134 104 90 83 82 93 115 101 122 117 113 114 107 106 120 124 121 113 113 120 120 119 126 126 119 119 113 113 120 119 112 106 87 87 87 87 95 95 95 112 109 112 113 113 113 93 80 91 78 86 126 128 112 113 144 144 95 106 98 127 151 141 142
101 91 128 150 143 152 152 141 141 158 166 166 156 155 165 143 137 120 128 127 136 119 82 81 99 82 82 82 89 103 103 81 85 99 90 111 111 114 96 89 109 109 109 100 101 112 112 122 120 113 113 120 127 120 126 119 113 119 113 107 113 120 120 113 97 97 88 94 95 87 95 95 110 110 113 113 114 94 92 93 78 79 126 128 112 114 115 133 148 97 126 151 152 121 142
86 109 148 127 140 112 112 151 132 158 166 166 162 163 165 143 128 128 137 136 127 146 95 105 89 90 90 80 74 82 88 103 80 98 93 114 96 89 90 90 100 109 89 90 89 109 114 114 120 120 120 120 120 127 126 113 113 119 120 107 113 113 113 113 107 107 97 88 88 88 88 95 110 110 110 114 94 94 93 93 79 93 111 140 113 90 97 133 136 150 98 151 129 142 123
100 92 90 113 133 101 100 92 148 141 157 166 166 144 139 120 149 136 127 136 119 108 103 82 80 90 84 89 90 82 89 89 89 82 111 96 89 89 100 100 109 109 99 89 89 99 114 120 127 120 120 137 137 120 120 120 120 126 127 120 113 113 113 107 98 113 88 98 88 88 98 89 89 111 111 114 94 81 93 92 80 93 94 113 114 96 97 146 149 150 109 128 130 155 143
90 90 108 107 108 107 99 99 147 123 145 165 162 165 128 149 130 149 149 118 118 134 107 74 74 94 83 88 113 91 112 112 96 90 91 91 90 100 100 100 109 108 108 114 114 107 114 119 138 138 137 145 137 127 120 120 113 120 127 120 120 120 107 113 113 113 107 88 89 89 89 89 89 111 111 114 95 115 82 93 93 94 82 82 114 97 116 147 149 151 128 110 101 142 156
99 83 90 91 98 98 97 106 110 147 122 155 155 144 128 130 130 135 118 126 126 126 133 103 89 78 89 89 82 112 115 96 96 91 100 100 109 109 100 109 109 108 108 114 114 120 120 126 127 127 138 138 137 127 120 120 120 120 120 120 127 127 127 128 128 108 98 89 89 96 96 89 111 97 114 95 82 96 94 80 95 85 95 96 91 144 134 135 137 120 120 140 141 123 105
97 97 89 91 98 97 97 87 110 90 89 131 146 149 149 87 87 145 134 126 140 135 133 80 97 88 80 72 89 88 88 80 80 114 100 100 100 100 100 99 108 108 120 120 120 127 137 126 127 127 129 129 127 120 120 120 127 127 145 127 127 127 127 128 129 114 99 89 89 89 97 97 112 114 115 115 82 94 95 94 81 95 89 97 131 123 124 136 95 96 89 90 91 91 92
126 95 98 82 98 103 103 105 90 109 104 85 108 108 107 96 95 106 118 126 152 140 133 94 101 101 101 101 80 71 80 71 71 87 89 115 100 100 99 89 114 113 113 120 127 127 126 145 127 138 138 146 127 120 113 107 120 127 137 137 120 120 137 129 129 121 108 99 90 112 112 112 112 114 115 115 96 83 94 81 95 95 97 131 144 124 97 148 95 102 94 121 122 108 107
126 104 97 99 90 89 87 87 102 104 104 103 95 96 96 103 95 129 117 126 152 140 145 80 102 102 93 83 100 80 79 79 87 79 113 109 100 99 89 89 108 120 120 120 120 127 126 137 138 138 145 138 138 127 120 113 120 128 128 138 128 121 121 121 121 121 109 100 100 91 90 98 113 95 115 96 96 96 84 96 96 96 96 83 99 134 118 101 89 104 94 127 123 124 125
96 98 98 89 81 80 79 85 94 86 93 100 100 100 75 81 102 105 117 140 135 132 80 100 100 96 96 100 87 70 87 78 86 86 69 106 93 98 89 99 113 113 119 120 120 119 126 137 137 137 137 137 137 120 120 113 113 120 128 145 145 138 121 121 115 115 108 99 116 100 90 90 98 113 115 114 116 115 115 115 98 97 97 98 86 93 87 101 125 121 122 109 103 104 104
99 98 97 88 87 88 102 94 78 85 94 77 92 84 91 86 74 90 81 84 93 78 89 71 88 76 76 81 90 76 87 95 99 100 77 95 78 89 88 98 98 107 113 120 119 113 137 145 141 145 137 137 127 128 113 120 120 128 128 128 139 139 122 122 116 116 109 99 90 91 90 90 99 99 93 114 100 94 95 95 102 120 87 89 89 87 101 125 101 101 109 110 103 104 113
108 105 104 90 88 95 95 94 78 94 93 76 102 92 84 90 90 89 90 92 92 110 109 91 82 81 90 113 107 79 86 75 69 68 85 102 77 92 99 108 107 107 107 119 126 119 119 126 137 145 145 137 137 138 138 139 128 139 128 129 129 122 122 122 109 99 99 100 98 98 98 91 92 93 93 94 94 104 104 96 96 117 97 119 123 90 101 121 101 102 120 112 104 113 114
102 102 98 89 103 102 78 84 94 88 88 92 102 102 91 80 90 89 84 83 91 109 115 115 115 107 113 113 106 89 79 74 74 68 77 99 85 77 92 86 88 98 97 107 119 126 126 127 127 138 127 127 138 139 139 128 128 129 129 129 114 115 115 116 99 100 90 91 91 90 92 91 92 94 103 113 113 120 121 121 106 97 105 119 103 103 104 101 110 120 135 136 130 123 106
106 102 120 97 88 88 78 94 92 97 115 95 91 84 83 80 90 84 92 83 89 87 90 108 94 113 106 106 105 79 78 84 74 67 67 77 94 85 77 83 76 109 97 97 113 119 119 119 119 127 138 120 127 128 128 128 120 120 122 122 115 109 109 100 89 97 98 98 91 91 101 92 92 93 104 120 120 121 115 115 116 97 105 120 123 121 124 108 120 129 129 130 130 123 115
134 114 100 126 91 95 85 93 92 96 96 113 94 90 90 89 90 88 83 88 88 88 86 90 113 113 89 88 104 111 104 103 84 83 83 84 84 84 99 84 76 84 103 87 119 119 119 119 119 127 138 127 127 127 128 128 121 114 115 115 115 99 109 100 89 90 90 113 99 113 99 92 99 93 103 121 121 121 122 116 116 106 98 120 121 108 108 101 112 128 129 130 130 132 125
nan 139 138 122 103 98 93 94 93 91 87 95 112 119 110 109 84 83 82 87 88 76 86 106 105 105 88 88 103 110 110 102 77 78 87 77 72 76 98 98 84 84 66 76 86 97 97 97 120 120 127 138 138 138 138 128 121 115 109 99 109 100 96 90 91 113 94 91 76 91 82 99 100 93 104 121 122 122 129 116 117 117 99 99 100 100 101 110 112 129 129 130 131 132 125
nan nan nan 100 112 98 96 92 91 87 86 94 111 93 98 97 108 107 82 88 77 85 80 105 112 112 111 111 110 110 110 109 86 83 82 82 82 65 94 91 102 103 84 73 76 104 87 88 98 120 114 127 128 120 114 114 108 108 109 90 89 90 90 97 112 82 78 77 108 93 113 114 93 94 114 122 129 129 130 130 131 108 108 110 110 120 121 111 113 113 130 131 131 125 117
nan nan nan nan 89 89 88 101 112 112 86 93 118 93 95 95 94 95 90 88 76 85 80 84 104 103 87 110 92 102 101 86 77 82 82 82 83 76 93 80 80 99 94 84 67 84 88 93 94 88 107 114 107 108 108 115 115 98 90 89 111 111 76 77 95 96 120 107 99 98 116 94 104 104 122 129 129 137 139 131 131 125 126 142 127 128 121 122 123 123 131 124 125 116 107
nan nan nan nan nan nan 113 112 112 111 86 90 84 93 107 115 115 115 89 87 68 75 86 84 85 66 66 82 77 77 77 82 83 72 71 71 71 64 76 84 94 76 76 84 85 67 85 95 95 89 99 89 98 108 98 98 108 98 100 90 79 76 91 75 115 106 96 98 103 101 99 96 104 114 122 129 137 138 139 149 140 140 141 142 134 128 122 129 138 131 114 115 115 117 116
nan nan nan nan nan nan nan 95 99 95 94 98 108 71 78 87 86 87 69 68 78 67 85 85 65 96 96 83 82 76 85 85 82 71 76 64 64 64 75 64 64 65 65 84 85 77 73 89 107 95 91 89 88 89 89 98 88 89 109 109 111 89 89 113 107 117 102 103 101 105 101 105 95 115 115 130 130 139 148 155 149 150 141 134 128 111 112 113 131 123 114 107 107 108 108
nan nan nan nan nan nan nan nan nan 94 96 120 95 89 81 88 87 87 79 78 67 67 66 74 85 96 96 76 82 82 76 99 75 83 63 75 75 75 75 75 64 64 65 65 85 77 73 78 107 112 90 93 91 90 111 95 94 87 99 109 90 89 89 95 131 142 114 103 109 99 99 106 106 115 115 123 139 124 149 149 150 151 134 135 129 103 104 105 114 124 107 107 107 116 116
nan nan nan nan nan nan nan nan nan nan 106 115 105 105 86 86 81 81 86 76 67 78 77 77 85 96 96 84 83 83 81 75 75 76 82 63 63 63 63 63 64 83 71 73 66 73 85 84 107 109 93 93 93 101 108 78 86 86 90 110 107 88 90 100 136 151 133 120 115 114 106 106 116 97 106 116 131 124 133 133 141 142 135 135 129 122 104 105 106 106 106 114 127 112 113
