ecocropFuture/tif/c6/rcp585/ACCESS-CM2/prec_1.asc
ncols        683
nrows        518
xllcorner    -87.691666666667
yllcorner    10.708333333333
cellsize     0.008333333333
NODATA_value  nan
[rows 300 to 349 of 518, columns 384 to 479 of 683]
142 143 142 156 158 158 167 114 149 116 116 117 172 118 119 100 120 121 158 159 178 160 125 180 182 156 158 158 165 160 161 169 170 170 178 190 134 191 164 172 172 174 172 166 175 173 167 166 186 182 182 201 202 202 185 146 186 187 148 149 188 150 189 189 209 194 194 194 195 195 172 195 196 172 176 196 196 197 215 134 159 199 122 122 129 129 nan nan nan nan nan nan nan nan nan nan
150 143 143 143 158 159 148 149 149 151 116 153 172 154 155 120 157 157 177 178 179 180 180 181 127 184 174 175 158 161 167 162 162 162 162 162 192 192 193 164 166 166 167 174 174 168 167 167 187 188 183 184 185 185 185 147 187 207 149 149 150 209 209 193 210 210 195 195 196 212 212 213 213 213 215 197 215 198 158 134 122 122 109 111 125 125 nan nan nan nan nan nan nan nan nan nan
148 155 156 165 166 167 168 149 115 162 116 117 173 174 119 156 167 121 159 169 170 170 155 182 127 164 165 129 129 187 162 170 163 163 164 164 181 174 174 165 165 166 166 166 168 168 167 168 168 188 189 203 185 186 186 187 188 188 149 124 125 191 195 210 211 154 194 212 197 213 131 196 214 198 198 198 158 134 134 134 130 109 149 149 134 149 nan nan nan nan nan nan nan nan nan nan
148 143 143 144 145 159 160 169 151 171 172 117 154 165 175 167 177 158 159 154 170 182 171 172 165 166 128 129 130 169 189 169 163 180 180 181 164 174 136 176 197 197 186 167 176 168 188 168 170 189 185 204 205 187 187 148 148 189 149 126 127 152 173 173 174 194 213 213 214 215 197 197 216 199 199 199 159 134 135 130 130 124 127 127 150 nan nan nan nan nan nan nan nan nan nan nan
143 165 145 166 146 147 160 114 151 152 172 150 165 155 156 157 158 159 179 170 182 183 183 105 127 166 128 108 130 130 170 190 191 180 181 182 165 183 176 138 177 198 187 169 169 168 202 189 169 171 205 205 172 172 172 209 209 190 191 192 193 196 212 174 174 214 198 198 198 197 217 199 217 218 218 200 134 113 123 124 131 113 127 151 152 nan nan nan nan nan nan nan nan nan nan nan
148 144 157 158 168 147 147 170 152 153 164 164 151 175 120 121 122 101 102 181 171 172 184 164 127 167 187 188 189 190 179 163 181 165 182 182 183 136 114 138 177 178 200 168 169 189 169 190 204 205 192 206 192 173 173 173 173 211 151 152 153 194 213 175 175 199 178 176 176 200 199 158 201 201 219 220 202 135 113 125 125 111 152 135 136 nan nan nan 153 nan nan nan nan nan nan nan
149 149 145 145 147 161 161 162 171 172 150 151 151 166 177 168 169 169 180 161 162 157 157 158 176 187 177 178 170 170 191 172 193 182 183 183 196 177 177 115 115 179 201 181 203 184 185 205 186 187 146 207 193 208 210 195 174 196 192 175 175 175 176 176 199 199 176 200 200 199 158 159 201 220 220 221 161 161 136 114 111 128 128 128 136 136 nan 122 154 128 127 nan nan nan nan nan
156 143 145 146 147 147 148 149 163 149 150 165 166 167 152 154 154 155 181 172 172 157 174 175 128 188 169 169 131 131 110 173 173 194 195 184 185 185 178 115 115 116 116 141 183 204 186 186 192 207 147 208 174 176 176 175 212 213 193 214 199 199 176 200 216 177 177 177 177 220 132 134 134 160 203 161 136 136 132 126 114 114 112 129 137 137 155 128 128 128 128 nan nan nan nan nan
157 158 145 145 147 148 148 149 149 150 150 166 152 152 153 154 155 171 156 156 157 157 186 187 168 189 190 130 131 132 110 133 174 183 184 168 167 168 186 115 109 118 117 119 184 192 172 193 193 173 147 148 211 196 175 175 194 198 214 215 200 177 177 201 156 179 219 200 201 159 202 160 131 131 162 136 132 132 132 132 126 126 112 129 155 137 111 129 129 129 128 nan nan nan nan nan
143 144 145 146 147 148 149 149 149 151 151 152 152 153 169 154 155 155 156 174 157 158 158 177 177 178 190 191 192 172 173 174 195 184 198 185 186 168 169 181 116 118 117 118 144 192 173 208 208 210 190 148 149 212 213 194 195 153 196 200 201 217 218 199 157 220 201 201 221 202 160 160 131 131 205 206 136 132 137 133 127 127 112 112 112 130 112 112 111 112 156 nan nan nan nan nan
144 144 151 145 147 148 149 150 150 151 151 152 152 153 154 170 181 182 156 158 158 159 159 160 162 163 163 181 164 165 165 166 166 197 199 186 200 187 171 190 190 191 143 185 144 187 208 189 209 190 191 149 125 150 126 126 127 128 154 197 218 218 219 157 131 158 132 159 160 160 134 204 224 206 225 225 164 165 165 208 166 133 133 133 116 112 130 130 157 130 112 nan nan nan nan nan
144 144 145 145 148 148 154 150 150 151 152 159 168 154 154 155 155 156 157 157 158 159 166 161 169 170 172 165 165 172 166 166 167 185 200 200 201 202 190 182 141 142 143 186 187 188 146 147 123 124 124 125 125 125 126 126 127 128 155 198 199 219 220 157 131 114 116 126 133 161 161 162 225 163 207 226 208 227 227 166 210 139 167 167 134 116 113 112 131 130 130 nan nan nan nan nan
152 145 145 146 148 149 149 150 158 157 152 161 160 154 155 161 156 156 163 164 159 165 178 167 171 170 171 174 172 167 166 167 185 199 187 201 170 171 171 191 142 118 186 208 208 209 175 211 148 124 125 125 150 123 153 197 217 198 128 129 203 180 182 183 223 159 133 130 204 206 226 226 208 183 227 183 183 186 210 230 211 139 139 128 134 128 113 113 131 131 113 nan nan nan nan nan
144 151 147 153 153 154 155 158 159 159 160 158 159 161 155 156 156 157 164 165 166 161 162 169 172 173 173 166 167 167 185 185 169 169 169 169 170 171 171 192 206 207 208 208 210 196 196 191 192 192 215 194 151 151 197 218 202 203 220 221 222 205 182 182 206 159 204 205 226 183 183 209 187 187 184 187 187 196 187 231 212 140 135 128 128 128 115 117 117 132 131 131 nan nan nan nan
133 145 145 135 153 154 155 156 159 160 161 161 162 161 155 156 157 163 158 159 166 178 162 163 164 165 165 166 173 168 167 168 187 188 189 190 191 171 172 206 174 194 195 195 211 196 197 213 192 150 194 195 195 196 198 198 219 204 221 222 223 182 183 206 183 183 183 184 206 227 228 228 209 184 188 184 197 188 188 189 212 140 135 135 129 135 129 117 129 132 132 132 nan nan nan nan
141 135 135 135 137 154 157 156 157 160 159 159 159 160 161 164 157 166 159 159 161 190 180 164 181 165 165 166 174 175 186 187 188 188 190 204 205 172 173 207 174 175 195 196 197 213 198 214 193 194 195 195 196 197 198 155 200 221 205 223 224 183 183 186 184 208 187 187 207 163 209 210 210 230 185 185 189 189 189 186 233 169 140 136 136 136 136 129 118 115 115 114 nan nan nan nan
132 143 143 137 139 157 156 156 160 160 161 162 162 160 155 156 166 164 159 161 161 179 180 163 182 183 184 167 174 175 187 201 202 170 191 205 184 206 207 187 187 195 210 211 177 177 178 199 216 195 151 152 152 220 199 155 205 222 223 206 203 207 208 184 184 185 187 188 185 163 165 165 231 231 186 186 186 213 213 191 214 169 141 141 141 130 136 118 129 115 115 nan nan nan nan nan
130 129 143 144 139 138 156 156 160 152 153 153 154 155 162 163 164 159 159 161 179 163 163 181 194 195 196 185 168 175 176 170 170 171 191 192 193 185 186 143 118 144 190 197 177 186 179 200 201 218 218 152 153 221 200 156 222 206 207 186 184 226 227 185 185 185 196 186 186 231 165 166 232 213 214 234 234 214 235 215 236 216 216 171 171 137 137 130 119 130 118 nan nan nan nan nan
142 134 143 144 139 138 150 151 151 159 153 143 155 156 156 163 164 168 169 167 162 169 170 165 195 166 167 167 168 176 169 176 178 178 182 172 207 208 142 143 189 190 190 213 215 216 216 217 195 197 204 204 205 182 206 223 207 184 186 208 185 209 195 197 186 189 189 187 187 213 233 212 234 214 235 168 235 215 215 217 217 171 237 219 172 144 137 119 116 116 119 nan nan nan nan nan
136 136 143 145 145 140 139 142 143 142 151 144 146 145 146 158 158 149 167 167 168 169 173 170 174 173 167 168 178 175 170 176 171 172 163 180 174 174 210 211 197 190 146 192 193 194 149 150 151 152 199 221 206 206 184 207 208 208 187 187 186 210 210 187 212 213 187 213 214 234 214 235 214 235 189 216 237 237 237 193 190 219 219 172 173 144 144 131 119 135 135 nan nan nan nan nan
141 142 137 145 146 146 141 148 149 144 145 146 145 147 148 149 164 160 161 162 163 152 154 166 166 172 168 169 178 160 176 180 178 178 180 184 181 185 175 197 198 213 215 216 148 149 149 150 197 199 221 222 183 183 184 185 226 205 210 210 210 211 230 231 213 214 188 188 191 215 215 189 189 237 190 217 190 190 218 219 219 219 220 173 144 145 138 138 120 117 117 nan nan nan nan nan
141 134 143 144 146 141 141 148 150 144 151 146 146 147 148 149 159 160 161 163 164 154 154 155 156 168 174 169 170 171 180 179 182 174 180 182 183 186 177 212 213 192 200 201 194 149 150 151 221 205 206 207 207 184 187 187 209 205 229 189 187 231 231 162 232 233 233 191 199 192 189 189 217 217 218 194 195 191 219 240 221 220 241 173 132 132 139 132 120 118 117 nan nan nan nan nan
142 143 143 144 146 140 141 148 149 150 151 153 154 147 148 149 150 149 152 163 152 154 155 167 157 157 158 170 171 172 161 178 182 183 185 183 186 186 178 178 199 216 217 201 218 204 204 205 206 206 207 207 208 209 186 195 196 211 211 188 188 232 232 210 215 215 216 190 192 193 190 190 191 191 239 219 192 241 220 221 221 221 222 223 139 121 121 132 118 118 137 nan nan nan nan nan
136 143 144 138 146 141 140 148 149 150 151 152 148 154 148 149 150 150 160 152 153 154 155 167 173 169 170 176 176 177 162 173 184 184 185 186 183 184 185 179 180 180 180 181 181 192 183 184 184 185 193 186 186 185 187 198 196 197 197 214 214 211 162 216 216 190 193 202 191 218 239 219 191 191 241 221 221 222 242 222 222 193 245 224 146 133 133 133 119 138 138 171 138 nan nan 149
131 134 144 145 146 147 149 149 150 151 151 154 155 148 160 161 151 151 160 153 173 174 175 173 177 158 171 176 177 178 183 182 181 185 184 184 184 180 186 187 180 181 181 182 183 182 183 184 185 185 186 186 195 198 195 199 197 190 190 215 233 234 212 235 191 193 204 191 219 219 240 193 193 196 193 194 222 223 223 223 174 144 225 225 226 177 178 133 122 172 172 139 149 133 134 150
130 134 144 136 146 141 149 150 143 144 153 140 141 156 149 161 149 150 151 165 171 172 175 174 175 175 171 177 181 182 183 174 195 175 177 177 179 186 180 180 188 191 189 189 183 183 183 192 195 193 195 195 186 189 189 197 190 198 191 215 162 213 217 236 218 192 194 192 220 194 220 197 197 194 194 195 223 244 223 174 175 225 176 176 146 141 134 141 142 119 122 121 139 173 172 172
130 134 132 133 138 148 148 149 151 152 153 154 155 148 149 150 151 164 165 166 167 167 168 174 177 176 179 180 181 179 184 175 175 197 198 179 179 179 201 180 181 189 189 190 191 194 192 193 195 197 197 198 196 199 213 189 191 190 190 191 217 217 237 215 239 192 193 220 241 221 195 222 222 244 244 245 196 245 246 225 226 226 176 146 134 142 134 134 122 120 119 122 119 173 173 173
131 131 132 133 138 139 148 143 150 152 153 147 156 147 161 149 150 170 152 171 175 176 174 174 171 179 180 181 181 183 182 183 176 198 198 179 179 201 181 181 203 183 183 191 192 192 193 197 197 198 196 199 199 200 191 190 192 192 191 217 218 192 238 238 217 241 221 221 242 222 223 223 223 224 199 196 196 226 247 248 227 227 228 147 135 135 141 141 123 123 120 140 140 151 151 151
137 137 133 133 138 148 149 143 144 151 152 155 154 147 162 149 151 165 166 172 175 176 177 178 176 172 173 174 179 184 185 186 178 178 199 179 180 202 181 182 205 183 184 194 193 196 197 197 198 198 199 190 200 198 191 216 191 191 192 192 219 238 239 240 221 194 194 243 244 224 225 225 197 246 197 197 248 227 249 227 227 228 229 179 147 142 135 123 135 136 136 141 175 152 152 136
131 131 133 133 138 139 149 143 142 145 154 154 148 147 168 163 164 165 166 168 173 177 175 176 179 180 174 162 163 182 186 179 187 186 180 180 181 202 182 192 183 191 185 192 194 195 187 198 196 197 200 200 201 201 200 191 192 192 193 193 220 239 240 221 222 196 244 244 245 197 226 246 247 247 249 249 226 227 227 177 251 252 179 179 147 143 143 143 143 136 136 123 141 177 136 136
143 144 135 134 135 135 150 150 151 152 146 147 148 149 163 151 152 154 155 155 169 157 159 160 160 178 179 181 185 183 177 187 185 186 186 187 188 182 190 193 193 191 195 195 195 187 187 212 188 197 201 201 199 200 192 192 192 194 193 239 221 194 195 222 196 197 245 171 171 224 227 227 226 174 175 175 228 176 144 178 178 147 147 142 143 143 136 122 122 121 124 121 142 178 153 153
135 149 145 133 140 136 136 142 143 152 145 146 160 168 169 165 152 167 168 174 156 158 167 168 169 175 183 183 185 179 166 167 182 183 184 190 182 182 190 191 192 195 193 193 187 228 212 188 190 191 199 200 193 193 194 202 202 194 194 196 197 197 198 207 207 200 198 225 247 227 228 249 199 250 251 176 176 177 145 178 231 147 148 137 137 136 122 143 143 143 143 178 154 154 137 137
143 144 146 147 148 140 136 137 144 154 154 148 147 148 164 170 166 172 173 177 177 176 159 161 162 170 163 178 182 180 166 167 168 190 190 191 183 183 184 185 185 193 187 187 187 212 213 198 201 199 192 193 193 193 193 195 196 196 195 195 197 207 209 210 207 211 211 201 202 202 229 229 229 230 176 177 177 231 178 179 147 148 148 144 149 123 124 143 179 154 154 138 138 138 149 145
130 132 133 137 138 140 150 151 152 153 155 148 149 164 151 152 167 173 174 177 178 172 160 169 170 171 163 179 184 166 182 183 187 188 182 189 193 193 194 196 193 197 188 188 189 190 198 199 202 200 192 194 194 195 195 195 196 197 205 196 198 200 208 208 211 212 210 200 203 211 201 201 253 231 230 178 179 179 180 180 144 148 149 149 145 124 144 123 144 180 138 146 146 134 121 121
132 132 133 137 148 149 150 144 152 153 147 147 149 169 170 166 167 173 170 175 172 173 161 169 170 164 164 184 185 185 186 187 188 189 183 192 191 192 192 191 194 178 196 197 191 199 201 200 203 201 194 195 195 203 206 196 196 196 198 200 208 200 209 209 210 213 211 227 204 204 201 231 254 231 255 256 233 233 181 235 149 149 182 183 145 124 181 145 182 182 139 151 147 134 121 134
132 132 132 137 148 149 141 143 153 153 147 162 148 164 171 167 168 174 156 157 173 174 161 170 163 164 164 165 166 183 187 188 189 189 192 191 192 175 176 192 196 196 197 198 199 199 202 201 201 202 203 203 206 207 208 197 224 197 198 198 201 201 200 210 211 210 214 204 202 202 202 255 206 233 233 257 258 234 181 149 237 150 150 184 151 146 125 124 146 156 139 151 151 121 135 147
131 132 132 147 138 150 142 137 153 153 147 147 149 149 166 172 169 155 171 172 158 161 160 161 179 180 165 167 168 167 185 188 189 192 189 194 195 195 196 198 196 200 198 190 192 193 201 194 194 195 203 197 197 208 209 199 225 246 247 201 202 202 203 211 214 214 213 213 213 203 233 232 257 234 204 204 235 259 236 149 238 184 146 151 146 147 127 125 140 148 148 148 152 152 152 147
150 138 133 147 148 140 141 143 153 156 147 148 158 151 153 153 155 164 158 159 167 161 162 181 180 184 165 167 176 170 186 171 190 193 194 192 186 187 187 188 189 200 201 191 193 193 194 205 203 204 207 205 198 209 199 198 199 201 201 202 211 203 204 212 205 213 216 216 206 204 204 204 207 208 205 236 236 237 261 262 239 184 151 185 186 147 125 125 147 140 140 148 152 152 148 148
137 137 133 147 138 140 151 152 153 156 156 148 165 152 152 154 165 160 162 164 166 172 170 175 177 178 179 180 177 171 179 180 173 174 194 195 193 187 188 190 191 233 192 193 193 194 195 196 195 197 197 206 207 200 199 227 227 201 203 211 211 212 215 213 205 206 206 215 207 207 217 220 217 218 238 238 238 207 207 211 240 241 241 265 266 243 153 147 158 141 141 149 149 137 148 136
137 138 133 133 138 140 151 144 144 146 156 150 165 167 168 155 163 167 168 170 171 155 156 157 158 159 160 177 178 183 172 181 182 175 184 192 195 195 189 190 191 234 192 193 219 219 220 196 196 198 224 199 207 208 201 200 203 211 211 214 212 214 213 216 215 207 207 208 208 208 220 217 218 219 207 239 208 211 212 220 220 241 241 267 267 267 154 129 148 160 149 149 149 137 123 123
149 138 134 134 138 140 151 144 145 162 156 158 166 167 152 155 156 165 158 167 172 155 159 156 173 160 176 177 182 183 180 172 183 183 184 176 197 196 189 191 192 217 193 194 220 220 240 241 197 206 199 226 208 212 210 211 204 204 212 213 216 198 214 215 218 216 216 206 206 221 219 218 219 219 208 212 220 209 209 213 221 209 209 242 268 269 245 142 126 148 142 142 150 154 137 115
133 133 135 133 138 139 141 153 154 155 158 151 159 151 154 155 156 157 158 160 169 174 155 158 173 160 177 178 183 184 185 182 175 176 177 177 196 197 201 192 192 218 219 195 220 222 242 224 198 198 199 227 200 201 211 212 205 205 216 216 217 215 217 216 216 219 220 218 218 222 219 219 220 223 221 213 221 213 214 214 222 210 214 210 244 270 155 143 129 149 162 143 143 143 150 124
131 133 135 134 138 150 136 153 154 156 158 151 159 160 154 155 155 157 158 160 169 174 157 172 174 176 177 179 179 172 173 174 175 176 177 195 196 200 201 199 200 194 195 195 204 197 224 225 226 246 227 228 229 230 203 204 232 205 206 217 218 216 218 219 219 219 220 218 219 220 220 222 222 222 221 221 222 222 223 223 215 211 223 245 271 247 190 130 130 149 nan 143 143 143 151 150
137 132 134 134 138 151 152 153 154 156 149 160 161 163 153 171 155 158 158 160 170 176 171 173 176 176 177 179 184 185 186 186 175 194 177 178 198 198 191 193 194 194 240 196 197 198 198 199 199 200 201 202 230 231 231 226 205 207 218 218 218 217 217 218 221 205 205 214 214 206 223 222 223 222 225 225 215 215 215 245 245 245 272 272 249 191 192 144 193 193 163 nan nan 151 139 139
144 139 148 139 141 142 160 143 144 156 158 158 161 155 162 163 156 157 159 169 161 171 173 178 176 181 178 183 184 185 182 174 175 176 177 178 180 200 201 202 202 203 206 207 207 208 199 200 208 201 201 251 252 253 254 255 206 207 218 216 217 217 218 209 211 223 223 224 224 222 222 223 223 223 226 224 245 271 246 212 213 246 273 273 192 144 144 132 194 163 144 152 nan 152 157 126
139 139 140 139 157 142 142 143 162 148 158 160 161 163 164 166 167 166 168 169 170 176 178 178 176 181 182 179 180 181 174 183 175 177 178 179 180 201 202 183 204 186 206 188 188 209 208 211 210 211 203 204 232 254 228 256 207 208 209 217 218 218 221 222 212 212 222 222 225 225 226 226 224 227 227 216 246 247 273 189 189 249 155 191 155 145 132 129 195 145 153 158 152 157 153 127
160 139 138 138 139 142 143 144 145 148 158 151 153 145 147 166 165 161 171 161 170 176 178 174 168 177 182 171 181 186 183 184 195 197 198 200 180 181 182 183 185 186 187 188 209 190 211 210 210 212 204 204 204 256 206 207 209 217 218 218 221 222 222 223 222 222 223 223 223 216 216 225 228 228 228 228 214 274 189 190 190 190 155 145 151 151 145 133 152 165 153 158 153 nan 127 127
164 153 154 155 139 151 152 153 154 156 149 143 162 155 147 157 159 150 164 172 173 169 170 178 176 180 182 172 181 185 187 184 185 197 199 200 202 181 183 185 186 207 208 209 210 209 210 210 211 215 204 204 207 207 207 209 209 218 221 222 220 221 221 222 225 226 223 224 224 225 228 226 229 226 227 227 215 249 250 251 251 251 156 152 146 145 133 133 152 165 154 159 159 159 141 118
163 161 138 147 150 140 153 137 156 147 149 143 143 154 147 156 159 169 171 165 153 158 170 171 176 181 183 171 173 174 175 176 186 178 179 181 182 196 192 194 207 208 188 208 211 212 210 214 212 205 213 206 208 208 209 217 218 218 222 226 226 205 227 224 224 225 225 227 228 226 229 230 227 230 231 219 219 250 220 252 253 193 156 156 158 146 153 198 198 166 155 159 nan nan nan 118
152 145 135 137 138 153 154 142 138 145 146 143 144 145 156 157 165 167 163 153 153 168 170 158 179 181 179 180 172 194 198 197 177 178 179 190 195 193 193 194 199 188 189 190 210 210 211 214 215 213 206 207 208 208 238 221 221 222 222 224 225 226 226 227 227 226 225 217 216 218 230 227 228 231 230 232 232 217 279 279 255 255 255 256 195 153 132 154 153 166 160 142 nan nan nan 114
