ecocropFuture/tif/c6/rcp585/ACCESS-CM2/prec_12.asc
ncols        683
nrows        518
xllcorner    -87.691666666667
yllcorner    10.708333333333
cellsize     0.008333333333
NODATA_value  nan
[rows 98 to 146 of 518, columns 384 to 479 of 683]
172 173 173 176 175 175 177 175 171 171 175 172 173 171 167 167 167 165 159 155 154 159 162 168 169 170 174 170 174 175 175 171 171 170 172 173 173 173 183 186 186 184 181 181 179 179 175 176 180 181 182 178 178 183 183 183 183 190 186 188 185 192 189 189 193 193 194 191 188 189 185 186 193 186 192 198 195 193 193 194 194 195 195 192 190 188 186 190 199 202 206 205 200 200 198 202
172 172 172 169 174 177 174 177 177 175 177 176 176 172 166 166 166 162 159 140 144 144 144 155 161 167 169 174 174 170 170 175 170 170 171 171 173 173 173 177 183 184 184 184 181 181 181 182 182 183 181 182 178 182 182 185 185 192 190 180 180 180 185 189 187 189 187 188 188 188 183 185 190 193 194 200 195 189 187 189 190 194 195 191 187 185 188 190 193 202 208 209 209 205 207 201
171 167 168 172 176 174 174 174 171 171 175 175 172 175 166 166 166 158 154 148 140 140 140 144 156 163 169 175 176 169 170 169 170 175 176 176 172 179 171 172 177 180 183 184 180 184 179 185 182 181 183 181 181 188 190 191 189 189 192 183 178 179 184 188 186 193 190 187 188 191 184 185 192 192 197 200 195 188 186 189 188 190 197 195 188 182 188 190 191 202 208 206 207 209 206 211
168 176 170 170 168 169 176 174 168 169 175 175 175 175 172 170 170 163 161 154 143 143 143 148 160 160 167 168 175 173 168 169 174 174 175 171 172 172 172 172 179 179 179 183 180 180 178 181 181 180 180 187 183 184 184 184 185 185 189 187 187 191 191 192 188 195 195 189 190 190 191 195 195 192 197 197 191 188 186 193 189 189 194 197 191 189 189 189 191 198 202 208 208 209 208 209
171 167 170 169 166 167 174 170 164 164 168 174 177 174 171 169 169 165 165 166 166 159 148 154 162 165 165 167 173 168 169 173 175 178 181 175 171 171 171 172 176 177 177 185 185 183 180 184 184 182 180 186 176 176 183 184 190 179 181 190 185 193 191 188 188 192 190 193 193 190 196 197 193 195 193 193 185 185 183 188 193 193 197 194 190 186 187 189 190 194 201 203 204 209 204 208
170 171 171 171 172 169 167 163 163 164 164 168 170 170 170 174 164 165 165 166 166 164 158 158 162 162 167 167 168 168 173 173 182 180 182 183 175 181 177 178 178 178 176 177 180 180 181 187 185 185 185 182 186 185 189 180 180 181 181 189 183 186 187 187 185 181 188 189 189 196 192 197 195 198 196 186 186 185 186 186 192 193 193 194 189 187 189 191 191 192 198 202 207 209 210 210
175 168 173 174 175 173 167 163 163 168 168 170 173 173 174 170 170 170 164 165 166 166 166 166 166 166 166 167 172 175 175 175 178 178 174 176 179 183 177 177 178 176 172 172 177 180 178 181 181 179 175 179 182 182 186 185 180 185 191 181 189 183 178 178 179 181 181 186 186 187 190 188 188 195 189 190 190 185 187 187 192 192 197 189 189 189 196 196 197 193 201 201 195 199 207 208
174 168 166 170 174 172 167 163 167 167 167 169 169 175 173 173 173 174 174 171 170 163 165 165 165 171 171 167 171 178 178 177 181 181 176 168 174 176 175 180 177 177 176 171 173 177 173 171 178 174 179 179 175 175 186 184 184 185 185 186 191 185 183 184 186 187 187 191 188 190 187 190 188 188 192 185 184 184 194 191 192 192 192 189 190 195 202 199 205 207 205 201 206 209 203 204
186 166 166 173 174 168 162 162 162 166 162 162 167 167 167 173 172 175 175 177 171 165 164 165 165 176 178 171 171 173 173 180 177 175 181 169 169 176 176 182 177 177 177 177 177 171 171 171 171 172 173 181 179 175 183 184 188 188 184 180 188 185 183 179 186 187 187 191 191 189 189 187 187 188 191 195 185 186 190 194 199 195 188 188 194 194 198 204 200 194 201 205 208 196 209 204
174 167 165 172 168 168 162 161 161 161 161 162 162 166 166 172 172 172 169 174 169 169 164 164 164 170 175 170 166 170 173 177 176 180 178 173 168 173 176 179 180 176 175 177 178 176 170 170 171 172 172 173 178 178 185 183 183 188 188 185 188 184 185 182 189 192 190 193 193 192 192 193 189 190 191 191 185 184 186 186 191 199 195 195 197 194 198 202 204 200 206 207 205 202 204 207
166 166 169 170 167 165 165 160 160 161 161 161 161 168 167 173 173 168 168 168 168 168 164 169 164 164 169 171 170 166 173 173 174 174 174 172 168 167 168 173 176 176 174 170 170 171 170 171 171 172 177 173 173 184 184 187 183 183 184 184 179 187 188 190 192 192 193 193 193 191 188 192 189 190 183 188 184 183 185 184 191 192 199 199 200 200 197 201 202 205 206 206 207 207 203 197
165 168 169 170 160 165 164 160 166 166 160 160 165 167 174 168 169 173 167 168 163 168 170 170 168 164 169 164 169 176 178 176 173 171 174 174 172 168 168 173 180 173 174 174 171 171 171 171 176 177 172 173 173 177 178 178 181 187 183 188 187 180 176 182 189 185 185 190 185 190 188 185 182 186 183 188 184 182 183 183 193 191 195 201 201 190 187 191 203 200 194 206 206 207 206 206
163 170 164 159 160 159 159 159 159 160 160 160 160 160 161 171 172 172 175 175 175 175 169 173 170 174 170 169 174 172 170 172 173 176 177 177 172 167 167 168 173 175 173 169 169 169 170 178 178 176 172 172 171 171 171 173 172 174 180 175 173 173 174 183 184 184 189 185 185 184 178 179 186 180 181 190 187 182 181 184 193 191 198 198 199 201 199 197 201 195 205 205 205 201 207 207
168 165 162 160 159 158 159 159 159 159 160 160 160 160 166 171 170 174 175 175 175 175 173 169 168 168 168 170 164 165 164 165 165 166 171 173 171 171 172 172 174 168 168 168 174 170 175 177 178 182 176 176 172 171 171 171 170 170 170 171 171 172 174 175 176 176 175 176 178 178 178 180 181 181 181 189 190 190 183 184 184 197 199 200 198 199 195 200 197 202 202 202 203 204 206 202
165 163 159 159 159 158 163 158 157 154 155 164 164 164 167 171 171 172 174 174 174 171 168 169 167 167 169 169 168 164 159 162 164 164 170 172 176 171 173 171 172 174 167 167 176 180 182 183 181 177 175 176 176 171 171 171 167 164 160 153 154 162 172 174 171 170 173 175 176 186 176 180 180 181 181 186 186 187 183 184 182 183 193 194 191 191 199 196 200 201 198 199 205 203 206 207
162 158 158 157 158 158 157 157 158 155 155 160 170 170 170 165 167 173 171 171 171 170 174 168 163 168 170 170 168 163 163 162 164 164 170 170 170 170 173 174 174 178 175 168 168 176 176 180 180 177 177 175 171 171 171 173 170 164 159 147 147 155 162 166 169 170 170 171 175 179 177 178 178 179 181 181 187 187 183 184 182 183 185 186 185 187 187 188 197 197 194 191 191 199 200 207
158 159 157 157 157 161 157 157 157 159 159 159 166 170 170 170 167 170 165 167 167 171 171 171 167 167 169 169 162 162 163 163 163 163 171 175 171 170 172 171 172 178 176 180 173 173 173 176 180 181 177 170 170 171 172 172 171 167 168 161 161 147 143 147 162 167 167 170 173 176 177 177 177 178 179 185 187 182 188 184 184 183 182 183 184 182 184 185 185 187 190 195 195 199 196 207
156 153 153 157 157 156 161 161 162 158 158 158 158 165 166 172 166 159 159 160 160 160 160 160 161 160 161 162 162 162 161 161 163 170 170 171 175 177 175 171 171 173 175 176 174 178 179 179 176 176 181 177 169 169 171 172 171 171 170 168 168 165 162 166 166 162 167 172 174 176 175 177 178 178 178 180 181 190 187 191 188 184 189 183 185 184 184 185 185 189 194 197 202 199 199 205
157 155 152 157 160 160 160 162 163 164 164 163 168 164 168 165 164 164 158 159 164 164 159 159 161 159 161 161 161 162 162 162 162 168 168 168 169 164 164 165 171 171 173 175 175 180 178 178 175 175 169 176 176 182 182 182 179 172 172 170 170 168 168 168 166 162 162 163 172 171 174 176 177 177 179 178 178 179 181 183 181 183 182 184 183 190 198 195 187 188 193 187 194 191 191 192
156 155 155 155 161 166 168 164 168 169 169 167 167 169 168 170 168 163 164 164 165 163 164 159 160 160 160 161 161 161 161 162 161 162 160 162 168 168 163 165 172 172 171 171 177 179 175 180 180 182 182 176 176 176 178 184 178 182 179 172 170 170 170 171 171 169 169 167 167 171 171 176 178 178 179 177 176 179 185 187 190 190 188 188 192 189 190 190 191 192 188 189 188 187 188 189
155 154 164 164 165 164 159 160 159 160 165 166 169 170 168 164 162 163 162 168 164 163 158 158 159 160 160 160 160 160 161 161 161 161 162 162 169 169 171 171 175 172 172 176 177 174 169 175 175 179 182 180 176 177 181 181 178 184 179 176 172 171 170 170 171 172 170 170 167 171 171 174 176 176 178 180 179 179 181 189 193 194 197 195 196 197 190 186 184 185 188 188 189 188 188 191
153 152 163 166 167 163 159 168 157 160 165 165 166 167 163 156 156 156 157 167 164 162 163 157 159 159 159 159 160 160 160 160 161 159 161 168 162 162 169 169 171 171 172 176 178 168 168 168 175 181 179 179 176 168 177 181 181 178 176 179 172 170 171 167 168 169 169 167 167 173 173 171 173 176 177 187 179 178 178 181 195 190 190 194 197 198 197 190 186 185 183 186 193 187 190 190
153 157 161 158 158 156 159 156 156 167 163 163 167 169 166 161 161 156 156 162 163 162 162 162 158 157 154 157 159 159 159 160 160 160 161 160 161 161 168 168 170 172 177 175 178 178 176 179 174 180 175 175 175 169 176 180 174 181 178 171 171 170 170 171 170 168 169 169 169 167 167 167 171 171 175 177 175 175 178 179 188 189 189 190 191 195 192 189 186 184 184 181 185 188 189 190
158 156 158 158 157 157 154 158 166 168 168 168 165 166 166 162 162 155 156 156 161 161 156 156 158 153 154 158 158 158 159 159 159 159 160 153 156 159 161 170 176 166 166 172 172 177 178 178 172 174 174 175 175 175 173 180 176 174 170 170 169 170 170 170 170 170 171 168 171 172 172 170 173 175 173 173 173 174 175 178 180 185 188 193 181 187 182 183 184 184 182 180 183 185 186 187
159 160 158 158 153 158 153 154 152 153 153 154 155 155 155 160 160 160 161 161 166 166 161 155 157 157 157 157 158 158 158 164 159 159 159 160 158 159 161 161 173 176 176 174 171 175 171 175 170 171 174 178 178 179 175 173 168 169 169 168 169 169 169 170 171 170 168 164 171 171 173 172 167 174 173 170 168 165 169 177 178 184 180 185 181 181 187 180 183 183 184 184 184 185 185 186
152 158 165 152 152 154 145 145 154 152 153 153 152 155 155 155 155 154 154 166 166 163 163 156 156 162 157 157 158 157 158 158 158 159 152 159 160 160 166 169 169 167 168 162 163 163 170 164 170 171 171 173 174 174 175 173 168 168 169 170 170 170 170 169 169 169 167 171 172 172 173 173 173 174 175 175 176 172 172 175 177 177 177 177 177 182 182 187 181 182 181 183 182 180 183 186
160 159 158 156 151 151 147 144 153 152 151 151 148 152 152 155 155 154 153 160 165 162 161 161 155 156 156 155 155 157 156 156 158 158 158 155 160 160 160 166 172 172 167 167 162 168 168 172 170 170 170 173 166 171 167 166 167 168 168 167 169 169 169 170 168 166 169 171 171 172 172 173 171 171 174 175 175 171 172 176 177 177 177 177 177 177 179 180 183 181 182 185 184 186 186 186
151 155 155 156 151 152 150 151 152 152 152 152 153 148 151 151 153 152 153 154 161 165 161 162 162 162 155 156 155 157 155 156 157 156 154 158 158 160 160 160 172 174 168 169 174 176 177 175 175 170 165 170 165 165 165 166 167 167 167 167 167 167 170 169 168 168 170 171 171 171 172 172 172 166 166 166 168 171 174 175 176 178 177 175 175 177 179 179 182 183 184 189 185 185 187 186
156 155 149 149 150 150 151 152 150 151 151 152 153 152 150 152 151 152 151 153 153 154 160 154 161 165 161 155 156 156 156 155 157 157 158 158 159 159 159 160 167 171 172 166 170 170 174 174 175 171 169 170 170 164 165 165 165 166 166 165 167 167 167 166 167 168 170 170 170 169 169 170 172 170 172 166 170 170 175 175 175 176 176 174 175 178 179 179 181 180 181 188 189 189 194 191
156 153 147 149 147 148 149 151 150 151 151 152 152 150 151 150 150 151 152 152 152 153 154 153 154 160 160 154 161 155 155 154 156 156 158 164 164 159 159 165 165 167 166 168 166 166 170 170 167 171 169 164 164 164 164 165 165 165 165 164 166 166 163 163 167 167 167 169 166 163 166 167 171 171 169 165 169 170 170 173 175 175 175 176 179 178 178 179 179 180 180 181 188 192 194 191
142 148 145 145 148 148 150 148 149 150 149 155 149 150 150 149 155 150 158 158 159 158 158 153 153 160 161 154 160 154 162 155 155 156 157 157 163 158 158 159 166 170 165 167 169 169 169 161 162 162 162 169 169 172 170 164 164 165 165 166 167 163 163 166 166 167 167 167 169 168 166 166 170 172 168 171 171 169 169 170 174 173 173 173 175 175 177 178 180 179 179 180 183 189 193 190
140 137 144 144 142 134 146 148 147 149 148 145 148 148 154 148 157 163 161 158 158 158 159 163 158 159 159 160 165 162 162 161 162 162 168 170 164 157 158 158 164 172 172 171 166 168 169 167 167 168 168 168 168 169 164 164 164 163 160 166 166 167 163 160 166 168 166 164 165 165 165 166 163 163 165 167 165 161 162 166 172 172 173 173 172 170 173 176 176 179 187 187 188 188 184 185
142 143 143 145 146 145 145 146 147 148 148 149 148 147 147 147 149 154 161 161 161 162 158 165 165 165 164 164 164 168 166 166 161 161 167 168 168 163 157 158 164 166 166 166 160 166 166 166 167 167 161 162 163 162 163 163 162 159 160 161 165 167 167 166 167 166 166 166 167 162 162 158 158 159 151 151 160 161 162 162 154 162 163 164 172 170 173 175 177 178 179 181 182 180 184 184
141 142 143 142 144 144 141 139 146 146 146 148 147 147 147 147 140 147 148 156 161 163 164 159 160 160 165 165 166 162 167 166 168 168 164 167 162 156 156 163 165 165 158 158 160 159 160 161 161 161 161 161 161 162 162 163 159 159 159 161 161 165 166 167 166 165 163 163 166 161 161 149 150 150 143 151 151 165 161 161 166 166 167 167 174 164 170 175 177 177 178 179 179 187 188 183
146 146 147 141 142 145 145 144 145 145 145 145 145 146 146 148 148 148 148 156 160 161 161 161 162 164 162 163 163 167 162 167 166 166 166 167 163 156 156 162 163 163 157 157 159 159 159 159 160 159 159 161 161 162 162 162 162 159 161 163 163 163 164 165 166 166 165 165 163 160 161 157 149 149 149 158 160 160 150 152 165 162 162 163 171 171 168 172 175 177 178 180 180 181 187 187
146 146 147 141 147 142 142 143 143 149 151 151 151 145 152 147 148 148 154 154 160 160 160 161 157 162 162 157 157 160 164 165 160 154 154 155 162 155 156 163 163 157 157 157 158 158 159 159 160 156 153 160 161 161 162 162 163 163 163 162 162 163 163 165 165 166 166 166 165 160 156 156 157 148 149 149 149 136 150 142 151 167 166 166 164 168 168 169 169 175 178 180 181 179 179 182
150 151 146 146 148 144 142 149 149 150 150 155 157 155 152 153 146 147 153 154 155 155 162 162 161 156 156 150 151 158 158 153 159 153 154 155 154 155 155 155 156 156 156 157 158 158 158 159 158 155 152 156 159 156 159 168 163 163 158 162 162 160 163 164 165 165 164 166 162 163 155 147 156 156 148 141 136 136 133 136 142 160 165 165 170 172 174 175 174 174 176 179 185 185 179 180
145 145 145 140 148 141 142 141 142 142 142 149 149 150 151 152 146 146 147 153 154 155 155 148 149 155 156 161 158 158 158 158 160 160 153 154 150 153 154 155 164 164 156 156 158 158 157 158 159 159 158 158 158 156 156 157 162 162 157 158 161 163 163 164 165 170 165 161 162 163 155 139 156 147 148 148 158 149 136 150 160 151 160 171 173 173 174 176 175 175 176 176 184 188 180 178
145 150 153 145 151 147 146 141 141 141 143 142 143 149 144 145 145 146 146 146 147 153 154 155 154 155 160 157 157 158 159 159 160 164 160 161 153 154 154 154 155 155 155 156 157 157 157 158 158 158 159 158 158 158 153 153 156 160 162 162 162 161 159 159 164 164 163 163 164 165 165 165 159 160 161 157 162 158 158 163 166 166 167 169 171 173 173 172 174 174 176 178 183 184 184 178
144 145 145 144 139 140 140 147 146 148 148 141 143 149 151 150 151 152 152 152 152 153 154 155 155 159 160 156 157 158 158 157 158 158 158 159 159 159 154 154 154 155 155 155 156 156 157 157 157 158 158 159 155 152 155 155 156 159 162 162 160 161 151 159 156 160 162 163 163 162 162 165 159 163 163 161 157 157 165 165 168 168 168 169 170 172 179 179 180 175 174 174 175 175 177 177
144 143 144 145 139 139 141 145 151 155 155 148 148 142 150 155 155 158 152 152 153 146 153 154 154 156 160 155 149 150 156 157 157 157 152 152 152 153 153 154 155 161 163 155 156 156 156 157 157 157 157 157 157 155 152 152 152 148 154 160 160 155 151 155 156 156 162 165 164 164 159 162 160 163 165 166 148 148 161 166 166 166 169 169 170 171 178 187 188 184 176 175 174 172 172 175
143 142 143 143 137 140 139 138 146 152 152 148 149 149 154 156 150 150 151 156 152 145 146 152 154 154 154 155 148 150 150 150 157 151 151 158 158 152 152 155 154 155 155 155 155 156 162 156 156 157 157 153 154 154 138 139 139 147 152 157 156 154 155 155 161 156 159 162 164 165 164 164 164 159 162 165 163 161 164 169 169 168 168 169 167 167 171 173 182 183 180 174 173 173 174 174
142 141 147 136 137 140 140 145 145 151 145 146 148 149 149 150 143 143 151 151 156 156 145 146 146 154 147 147 147 149 149 151 150 151 152 151 151 152 152 153 154 154 154 154 155 155 155 156 155 144 150 156 150 151 151 146 147 152 152 148 148 149 154 150 155 155 155 164 164 164 165 161 161 162 162 160 163 167 168 168 169 165 166 166 166 164 169 171 171 173 173 174 174 174 175 175
140 134 135 141 142 136 144 144 144 144 151 152 148 155 153 148 149 154 155 151 157 156 151 145 145 146 147 154 156 149 149 149 149 151 151 152 151 151 151 153 153 154 154 154 155 155 156 156 155 144 136 153 153 153 150 157 158 155 156 153 139 156 157 157 157 155 155 162 162 162 163 160 163 165 171 167 167 177 174 169 168 168 169 169 169 168 170 169 169 167 170 175 173 180 176 176
145 139 134 135 135 141 142 144 144 137 144 146 146 152 152 148 142 148 150 150 155 155 156 156 158 153 153 153 146 149 148 148 149 149 150 150 150 156 156 157 160 153 153 159 160 154 155 155 148 148 136 144 152 156 158 157 154 155 158 158 156 160 159 157 154 157 160 162 162 162 162 163 163 166 171 175 176 176 181 174 174 168 168 169 169 169 170 169 170 172 170 170 173 175 175 180
140 139 139 140 134 135 135 142 148 144 146 139 139 140 147 147 141 142 143 142 150 155 158 153 154 152 152 153 153 147 148 145 150 149 150 150 159 157 150 151 152 152 161 161 161 153 153 153 154 151 148 149 152 155 154 154 154 154 155 159 159 160 158 159 153 158 161 162 161 161 159 162 164 165 171 175 179 180 176 173 173 174 169 169 168 169 169 169 170 173 173 173 179 183 180 181
137 138 140 140 140 134 141 147 147 149 145 144 139 142 141 147 147 147 142 142 154 156 152 152 157 153 152 146 153 147 149 147 149 148 145 150 150 150 150 151 152 158 164 160 159 153 152 150 147 154 148 151 152 157 157 154 156 158 158 158 158 158 155 158 159 160 160 160 161 162 163 163 163 164 166 166 171 172 175 176 173 177 168 169 168 168 169 169 171 177 177 173 173 182 183 184
131 137 139 140 139 134 140 146 149 148 143 137 139 138 139 146 147 148 141 148 153 151 156 158 156 152 151 152 146 148 147 147 147 148 142 145 149 149 149 147 148 151 152 160 160 152 149 146 142 150 151 148 151 157 157 156 156 157 157 158 164 159 159 159 160 157 161 160 162 162 162 162 163 163 163 164 174 171 175 179 176 180 180 182 182 175 175 170 170 170 172 172 177 182 183 183
133 138 139 144 144 140 141 141 142 143 144 145 139 139 138 139 139 146 147 147 153 156 154 150 151 152 152 151 146 146 146 147 147 149 145 145 142 142 137 137 147 148 148 151 153 153 149 146 150 153 154 155 155 155 152 157 156 157 158 158 163 158 159 158 160 160 160 161 161 158 162 162 162 162 164 170 178 178 180 164 165 182 182 183 182 178 175 175 175 171 171 176 177 181 173 187
