ecocropFuture/tif/c6/rcp585/ACCESS-CM2/prec_12.asc
ncols        683
nrows        518
xllcorner    -87.691666666667
yllcorner    10.708333333333
cellsize     0.008333333333
NODATA_value  nan
[rows 441 to 489 of 518, columns 384 to 479 of 683]
222 203 164 209 230 232 233 266 270 244 277 248 279 252 255 257 310 261 263 296 314 314 300 303 328 280 282 303 314 338 319 295 297 299 344 340 345 338 336 350 351 353 342 346 346 345 367 398 405 426 413 363 360 359 362 383 385 398 400 416 389 395 409 411 414 400 381 384 385 442 446 448 395 341 nan nan nan nan nan nan nan nan nan nan nan nan nan nan nan nan nan nan nan nan nan nan
224 208 211 228 231 213 235 236 242 245 248 251 255 258 292 265 290 292 294 297 319 322 323 325 329 281 283 313 315 341 320 323 326 329 346 340 345 350 338 340 355 359 368 395 368 349 366 398 423 429 401 389 362 367 361 371 385 412 400 403 419 395 398 399 403 418 383 385 387 530 447 449 395 283 nan nan nan nan nan nan nan nan nan nan nan nan nan nan nan nan nan nan nan nan nan nan
231 252 235 257 240 242 245 248 250 252 256 247 260 289 263 260 262 264 296 318 314 316 325 306 309 310 312 314 339 319 323 326 329 356 347 340 344 348 343 338 341 363 373 379 370 352 352 400 423 415 374 369 360 377 378 381 383 399 401 392 406 409 396 399 402 405 404 444 448 444 337 280 287 412 nan nan nan nan nan nan nan nan nan nan nan nan nan nan nan nan nan nan nan nan nan nan
222 226 227 229 233 265 269 249 251 255 251 251 284 305 308 311 293 310 312 314 309 317 326 307 330 325 314 338 318 293 296 327 300 302 350 342 346 339 344 342 360 364 370 368 349 396 399 376 426 421 374 380 378 378 359 371 364 386 402 393 407 396 398 413 431 402 405 387 449 389 392 394 342 291 nan nan nan nan nan nan nan nan nan nan nan nan nan nan nan nan nan nan nan nan nan nan
234 255 228 231 239 241 242 243 276 279 250 252 304 298 300 306 311 312 319 315 316 325 306 323 325 335 329 331 313 295 326 329 358 349 340 342 346 352 340 344 350 353 370 345 347 347 350 357 365 378 372 380 378 368 359 375 428 380 369 380 394 397 398 429 432 434 406 388 532 537 340 283 290 418 nan nan nan nan nan nan nan nan nan nan nan nan nan nan nan nan nan nan nan nan nan nan
254 256 239 262 235 242 244 245 248 250 252 303 305 307 311 315 318 318 320 321 324 326 308 324 319 322 324 324 329 339 342 338 342 343 342 331 350 348 365 353 354 357 359 351 364 366 369 374 378 380 379 367 358 356 375 409 383 385 371 373 384 397 399 415 402 405 407 389 534 449 341 284 292 420 nan nan nan nan nan nan nan nan nan nan nan nan nan nan nan nan nan nan nan nan nan nan
236 238 241 264 266 243 245 247 279 283 285 289 309 309 314 316 306 313 321 324 326 307 330 325 320 324 311 326 331 335 336 342 344 344 332 330 341 347 352 355 357 354 351 351 363 366 359 365 374 374 377 377 365 360 365 385 412 386 386 375 377 398 399 431 433 385 408 410 392 393 395 284 286 295 nan nan nan nan nan nan nan nan nan nan nan nan nan nan nan nan nan nan nan nan nan nan
237 240 262 265 238 271 274 254 257 260 261 260 294 295 319 318 314 310 316 318 320 323 319 320 321 324 314 330 333 339 340 343 341 344 348 353 359 361 363 364 353 347 343 349 361 363 367 371 370 373 374 377 377 381 372 367 369 370 372 375 378 400 400 416 434 406 438 411 393 450 396 398 287 288 nan nan nan nan nan nan nan nan nan nan nan nan nan nan nan nan nan nan nan nan nan nan
240 261 264 266 270 273 244 247 248 251 266 293 269 271 266 269 302 318 319 320 321 324 327 321 324 325 328 320 317 339 341 341 344 344 350 354 342 360 359 361 362 349 338 359 361 362 364 367 370 373 374 377 380 381 384 386 388 389 392 384 397 399 400 404 435 437 425 427 394 545 455 399 346 348 350 nan nan nan nan nan nan nan nan nan nan nan nan nan nan nan nan nan nan nan nan nan
259 263 265 268 241 243 278 258 260 263 235 260 261 263 304 277 283 314 287 277 279 281 314 337 333 330 332 335 339 340 344 345 344 335 331 340 338 343 345 358 346 344 345 346 360 364 368 369 370 373 388 379 381 383 385 385 377 389 393 396 398 399 431 433 436 438 391 393 459 452 398 345 347 348 292 nan nan nan nan nan nan nan nan nan nan nan nan nan nan nan nan nan nan nan nan nan
232 264 246 244 278 249 257 259 261 265 267 188 237 301 265 281 275 286 287 291 280 298 301 305 310 324 351 355 360 350 345 345 346 333 387 391 343 343 341 337 345 344 345 346 341 352 367 369 370 374 389 391 382 383 386 378 386 380 394 385 399 401 401 405 437 410 392 393 545 454 398 459 403 290 292 nan nan nan nan nan nan nan nan nan nan nan nan nan nan nan nan nan nan nan nan nan
272 242 237 241 243 247 280 252 255 258 263 270 260 263 265 282 284 287 321 325 328 283 286 306 291 348 343 340 342 344 344 346 327 333 355 360 363 348 358 355 341 343 345 338 342 353 354 369 371 375 377 368 372 384 387 377 371 374 395 398 414 416 417 405 422 389 392 459 461 552 457 460 289 300 303 nan nan nan nan nan nan nan nan nan nan nan nan nan nan nan nan nan nan nan nan nan
233 243 238 247 249 251 250 284 288 259 260 298 261 264 266 283 285 319 290 327 330 300 304 289 322 351 344 340 343 331 325 327 329 355 358 341 340 341 340 354 343 336 333 337 351 344 359 357 360 362 367 369 361 384 387 388 390 392 395 397 400 401 418 405 422 412 456 545 451 455 457 461 349 301 304 nan nan nan nan nan nan nan nan nan nan nan nan nan nan nan nan nan nan nan nan nan
265 248 246 280 297 252 285 287 265 293 265 299 276 278 281 284 286 320 323 328 298 335 304 341 325 354 356 340 343 325 326 328 334 338 386 333 331 330 331 333 342 345 340 342 343 344 359 357 362 365 381 369 369 385 389 390 391 393 425 412 399 401 418 405 408 425 393 460 452 456 562 403 405 352 306 nan nan nan nan nan nan nan nan nan nan nan nan nan nan nan nan nan nan nan nan nan
236 268 272 246 251 250 253 255 267 263 264 265 304 307 279 282 285 289 325 329 333 304 339 310 294 330 349 341 344 346 331 327 336 336 338 332 340 330 342 343 338 341 346 346 354 346 348 351 357 360 382 361 370 385 389 390 381 393 396 397 400 392 404 406 424 443 545 450 554 559 460 404 350 305 446 448 nan nan nan nan nan nan nan nan nan nan nan nan nan nan nan nan nan nan nan nan
245 247 284 251 253 254 262 264 292 263 268 270 274 270 273 284 287 290 293 283 286 338 321 325 354 334 335 351 343 346 346 325 339 332 332 338 340 341 358 361 351 352 345 343 353 355 351 363 379 365 371 371 373 388 370 371 373 373 374 379 382 403 405 421 441 393 396 418 467 562 403 349 408 293 296 297 nan nan nan nan nan nan nan nan nan nan nan nan nan nan nan nan nan nan nan nan
241 245 252 252 254 301 289 304 292 295 296 267 275 271 274 276 279 292 313 285 287 290 292 354 333 334 363 365 353 345 344 345 348 329 328 354 358 360 361 351 350 357 350 347 345 347 360 355 363 432 430 410 384 368 383 391 393 383 377 380 391 403 405 408 425 444 417 465 468 472 403 572 408 353 356 358 nan nan nan nan nan nan nan nan nan nan nan nan nan nan nan nan nan nan nan nan
251 247 252 253 256 289 303 306 308 296 312 315 302 315 307 287 280 282 314 334 319 290 293 297 301 302 334 335 346 348 342 345 348 351 356 345 360 361 348 362 351 348 353 354 352 352 353 374 410 431 432 436 414 368 368 380 383 395 398 399 401 403 394 408 409 412 447 420 402 473 569 465 468 354 357 359 nan nan nan nan nan nan nan nan nan nan nan nan nan nan nan nan nan nan nan nan
252 253 286 286 257 290 304 293 296 297 299 302 319 322 309 279 281 314 316 336 320 310 293 328 334 302 304 337 362 349 350 353 349 351 356 345 360 358 360 361 391 369 354 361 359 362 374 376 385 422 426 421 415 386 372 382 383 396 398 388 390 403 395 397 400 411 430 451 403 567 571 577 581 412 357 300 301 nan nan nan nan nan nan nan nan nan nan nan nan nan nan nan nan nan nan nan
247 251 254 288 303 304 292 304 309 298 269 271 274 324 279 280 314 315 316 319 330 292 295 329 331 357 304 305 334 360 364 346 348 359 380 358 357 358 370 387 365 370 363 358 367 366 389 379 416 424 399 395 391 371 374 395 383 384 398 388 390 405 407 408 411 402 414 422 472 460 464 579 582 413 299 300 361 nan nan nan nan nan nan nan nan nan nan nan nan nan nan nan nan nan nan nan
255 259 252 257 291 292 293 308 310 300 303 305 275 327 312 293 315 333 318 320 339 344 316 298 299 333 354 336 308 341 364 367 369 375 380 364 356 357 369 372 366 374 366 367 370 372 368 389 396 396 395 398 396 375 382 382 394 396 398 400 401 404 406 408 411 412 414 422 473 571 576 467 470 413 359 301 302 nan nan nan nan nan nan nan nan nan nan nan nan nan nan nan nan nan nan nan
255 277 252 259 260 261 294 309 299 314 316 319 313 314 316 323 331 332 325 337 324 295 316 319 301 303 305 355 357 349 364 367 373 320 323 355 365 357 363 395 371 362 366 369 364 361 362 391 396 375 372 372 372 371 371 381 394 396 399 400 403 420 422 424 427 429 416 418 426 462 578 582 472 357 300 302 303 nan nan nan nan nan nan nan nan nan nan nan nan nan nan nan nan nan nan nan
275 259 281 255 293 262 264 266 300 303 273 306 318 318 321 322 323 331 319 321 325 341 328 299 302 304 336 337 360 343 346 357 375 376 378 380 365 358 363 368 368 373 381 370 358 356 367 363 385 371 391 389 389 391 370 380 395 384 386 401 403 420 422 444 447 430 432 453 456 429 482 486 472 475 360 302 320 322 nan nan nan nan nan nan nan nan nan nan nan nan nan nan nan nan nan nan
246 260 262 264 267 291 295 298 271 316 306 318 322 319 321 319 331 319 334 322 325 341 328 330 333 305 307 340 361 352 347 350 351 360 363 356 357 357 361 365 370 373 373 374 377 376 377 382 382 381 415 385 388 389 378 380 383 385 377 389 402 404 422 426 429 450 452 434 436 439 461 414 591 475 418 362 304 365 nan nan nan nan nan nan nan nan nan nan nan nan nan nan nan nan nan nan
255 250 283 286 259 261 272 275 272 305 275 276 318 319 322 323 324 333 334 323 326 344 329 349 335 337 340 342 344 368 348 350 353 354 355 356 357 358 359 363 374 378 370 373 375 376 376 379 382 382 396 385 388 389 392 394 395 385 387 402 392 394 408 410 412 416 418 418 420 440 443 435 437 493 603 303 365 306 nan nan nan nan nan nan nan nan nan nan nan nan nan nan nan nan nan nan
279 281 254 287 269 271 241 241 279 277 280 283 323 326 328 324 332 320 291 325 327 335 331 302 336 359 363 364 365 368 370 350 353 354 355 356 361 361 369 362 373 370 397 374 402 404 375 377 392 383 383 384 387 389 395 374 384 398 387 390 381 401 389 411 403 405 418 418 421 423 426 465 467 439 499 422 365 308 309 nan nan nan nan nan nan nan nan nan nan nan nan nan nan nan nan nan
280 263 265 289 291 295 263 264 305 307 308 310 319 320 323 320 325 334 324 327 329 330 300 302 337 340 343 346 367 369 372 359 351 352 355 357 362 347 362 364 367 398 397 382 403 405 375 377 379 381 383 385 387 389 395 377 376 386 401 403 392 386 389 400 414 416 418 421 423 423 444 437 438 471 501 485 366 309 329 nan nan nan nan nan nan nan nan nan nan nan nan nan nan nan nan nan
258 254 256 260 266 268 299 302 276 308 309 312 319 317 320 324 326 328 339 327 329 300 322 303 338 341 343 345 352 369 371 350 351 360 364 357 364 363 363 365 369 370 369 371 375 377 376 377 379 382 385 385 386 391 396 378 373 375 400 402 392 394 397 399 414 417 419 409 424 423 443 467 439 441 444 484 426 368 370 nan nan nan nan nan nan nan nan nan nan nan nan nan nan nan nan nan
292 294 295 290 299 268 270 272 307 309 310 323 282 326 329 320 323 324 341 329 317 300 302 304 361 352 364 366 347 348 357 351 353 361 365 360 347 364 373 366 367 379 370 374 376 375 376 377 387 395 384 386 387 393 375 420 373 387 400 403 405 406 387 390 393 404 407 400 421 424 425 427 449 451 474 616 426 625 630 497 nan nan nan nan nan nan nan nan nan nan nan nan nan nan nan nan
253 285 288 291 272 298 271 306 275 283 285 280 315 316 331 333 324 330 326 329 318 351 303 306 363 354 345 346 352 353 353 355 354 355 356 358 360 361 364 367 371 370 357 365 355 363 378 381 384 384 385 386 388 377 380 394 383 385 401 380 383 395 387 388 393 394 396 421 421 424 428 428 431 433 454 507 489 492 632 637 nan nan nan nan nan nan nan nan nan nan nan nan nan nan nan nan
261 258 260 271 296 270 273 307 309 278 313 314 320 319 325 328 330 331 328 330 332 354 339 307 370 355 344 345 351 352 334 351 353 354 365 367 368 361 393 373 369 371 362 361 414 431 412 410 360 369 386 387 388 391 392 381 397 398 401 390 393 386 388 399 393 395 398 419 440 443 426 428 431 433 476 508 490 630 517 520 523 nan nan nan nan nan nan nan nan nan nan nan nan nan nan nan
295 263 299 268 269 271 275 275 277 279 314 324 318 319 322 324 326 331 333 335 337 340 341 359 366 364 363 351 357 350 352 353 353 355 358 367 368 361 365 371 372 376 358 390 440 436 438 432 372 357 361 374 390 391 392 393 397 399 388 383 395 408 398 401 403 418 420 420 440 443 445 428 450 475 447 430 626 632 637 642 646 nan nan nan nan nan nan nan nan nan nan nan nan nan nan nan
297 264 300 268 270 272 275 276 311 313 323 325 319 321 326 324 326 328 329 330 331 335 336 342 343 311 346 367 373 354 385 364 355 356 358 359 369 363 366 367 371 374 358 390 443 390 438 434 375 358 370 372 375 376 392 394 395 400 402 392 396 409 398 400 403 418 420 420 440 443 445 428 450 424 427 429 513 632 496 500 503 nan nan nan nan nan nan nan nan nan nan nan nan nan nan nan
307 310 268 269 271 307 308 310 311 314 324 322 324 325 328 325 326 326 333 331 331 335 337 343 345 313 344 316 371 360 369 389 366 366 360 360 370 366 370 356 348 353 359 387 436 434 436 433 408 360 372 387 375 378 393 395 397 400 402 392 397 396 398 400 393 396 407 423 422 424 427 428 450 475 447 431 452 517 640 645 527 529 nan nan nan nan nan nan nan nan nan nan nan nan nan nan
303 308 305 308 306 307 317 319 312 315 284 285 329 331 328 330 339 329 330 331 333 335 341 338 359 362 315 317 372 373 354 359 369 360 363 365 365 374 358 350 354 359 364 384 429 430 431 407 406 360 385 387 389 377 379 382 396 386 403 392 383 384 388 414 394 396 407 423 425 424 427 429 450 453 436 458 484 455 438 441 528 446 nan nan nan nan nan nan nan nan nan nan nan nan nan nan
310 309 310 312 316 317 312 311 318 323 325 319 329 290 333 329 331 333 331 332 335 336 337 338 339 348 349 352 371 373 355 356 358 344 342 352 353 359 355 357 349 363 379 354 354 353 354 356 368 384 370 361 367 368 381 399 400 402 390 381 383 396 411 414 403 418 421 423 422 424 446 429 431 433 479 481 461 486 458 491 463 464 535 nan nan nan nan nan nan nan nan nan nan nan nan nan
300 302 308 310 310 311 314 318 316 324 325 287 289 290 325 330 328 330 331 333 333 336 339 340 342 344 352 369 369 374 360 354 358 362 365 363 347 366 366 366 372 374 374 374 376 363 365 382 381 384 371 373 378 393 396 400 386 376 390 406 393 409 411 414 416 418 417 420 422 444 427 429 431 454 456 459 485 487 440 527 657 662 667 nan nan nan nan nan nan nan nan nan nan nan nan nan
301 302 311 312 314 315 314 318 323 324 326 321 289 292 294 339 332 330 330 332 334 336 338 341 340 343 345 351 372 374 377 363 358 372 349 345 368 366 350 368 369 354 371 373 374 376 380 380 380 383 387 388 390 392 395 372 373 386 388 381 393 409 411 389 392 406 418 419 421 444 426 433 431 433 456 483 485 487 440 527 658 508 510 672 nan nan nan nan nan nan nan nan nan nan nan nan
302 304 316 313 311 314 315 319 323 322 324 328 324 293 294 329 340 334 332 334 334 336 318 337 339 343 345 346 347 358 358 355 365 366 341 338 347 349 350 354 369 355 370 374 378 376 380 378 381 384 385 400 389 396 394 381 373 386 403 405 404 406 409 389 391 394 418 419 421 444 426 433 431 433 435 459 461 487 459 443 660 508 670 541 nan nan nan nan nan nan nan nan nan nan nan nan
304 306 307 308 318 320 321 316 324 319 322 323 332 333 328 296 341 334 335 334 336 337 336 338 340 343 349 350 347 351 353 364 360 374 351 341 335 334 338 351 354 355 357 378 365 380 363 355 384 387 388 388 389 396 394 394 398 398 388 403 404 406 398 389 393 395 418 419 421 424 426 428 432 433 457 454 486 488 460 444 533 508 511 515 517 nan nan nan nan nan nan nan nan nan nan nan
304 307 273 274 277 279 315 316 285 321 323 324 332 334 331 341 343 332 333 339 337 338 338 340 343 344 344 346 349 355 358 357 361 351 352 345 349 338 340 352 354 371 374 376 380 380 380 357 359 371 362 365 379 392 394 396 398 400 403 405 404 410 413 418 418 419 418 420 421 424 427 428 432 434 435 485 487 465 460 463 534 669 674 515 452 520 nan nan nan nan nan nan nan nan nan nan
270 272 273 276 277 279 281 324 319 331 334 336 328 328 330 331 331 335 338 339 340 338 338 341 343 343 344 346 348 353 361 364 357 363 345 355 353 366 364 350 369 373 348 379 380 355 355 357 374 356 357 362 366 368 378 396 399 402 403 402 404 406 412 402 417 394 418 419 422 428 427 434 432 434 435 486 457 491 461 445 535 670 676 681 519 nan nan nan nan nan nan nan nan nan nan nan
313 313 315 320 321 314 316 320 320 323 334 335 337 336 340 341 330 329 333 337 337 342 339 340 341 342 346 351 353 351 361 361 364 361 369 347 352 364 364 366 370 353 344 344 354 360 360 356 358 356 356 362 364 376 379 397 401 402 402 401 422 406 408 414 392 394 397 399 425 415 418 429 431 432 435 437 488 490 442 532 666 671 677 682 548 693 523 nan nan nan nan nan nan nan nan nan
nan 313 315 316 323 280 317 321 324 326 325 326 328 329 297 333 331 327 333 336 336 337 334 339 346 348 349 371 353 351 352 355 362 368 378 356 350 365 366 350 341 339 341 359 366 373 373 365 384 368 386 388 376 376 394 397 398 401 403 401 422 406 408 389 402 395 397 399 426 430 432 433 436 433 436 438 462 464 493 445 536 539 678 684 519 551 700 nan nan nan nan nan nan nan nan nan
nan nan 316 322 318 316 317 327 321 333 334 335 338 331 342 nan 332 326 329 334 337 337 337 338 342 347 347 347 348 351 353 354 358 364 371 350 337 368 342 342 343 343 369 394 343 347 347 364 380 367 371 391 388 376 379 382 375 402 404 401 404 405 408 399 402 420 396 399 413 430 432 433 436 426 435 437 439 465 467 470 536 540 543 455 691 696 556 nan nan nan nan nan nan nan nan nan
nan nan nan 317 316 326 318 329 325 323 334 335 338 nan nan nan nan 331 332 333 337 338 338 339 342 346 347 348 348 351 352 354 356 368 361 366 347 368 350 351 343 351 363 358 343 346 347 364 383 369 375 375 392 366 366 370 376 385 388 405 404 405 407 410 417 420 407 397 412 430 427 433 436 426 436 437 439 442 467 497 468 451 543 455 550 554 557 709 714 nan nan nan nan nan nan nan
nan nan nan nan 313 317 318 320 321 323 327 nan nan nan nan nan nan 309 312 334 336 338 341 342 344 344 346 347 348 349 352 385 365 365 366 371 363 350 352 352 344 352 368 361 360 345 361 352 367 359 375 367 365 368 385 372 373 375 387 389 407 409 397 414 417 420 407 401 413 415 431 433 423 427 430 433 440 442 444 470 472 501 453 548 551 555 557 559 716 533 nan nan nan nan nan nan
nan nan nan nan nan 308 310 313 315 nan nan nan nan nan nan nan 331 331 311 313 334 335 323 346 345 346 347 347 351 378 355 359 363 363 360 363 366 365 370 353 359 352 344 356 342 350 353 353 388 393 366 370 369 395 375 378 373 387 373 375 380 383 396 414 403 405 397 399 402 429 431 434 411 426 429 431 434 442 444 441 456 450 471 548 693 554 704 710 715 721 727 nan nan nan nan nan
nan nan nan nan nan nan nan nan nan nan nan nan nan nan nan nan 335 331 329 313 315 335 338 342 345 346 347 347 351 355 362 385 355 356 358 364 371 370 370 380 371 372 373 374 377 382 381 364 370 378 369 367 370 398 376 373 369 369 372 375 380 380 386 417 419 405 406 400 405 405 431 422 413 437 441 444 440 464 467 497 449 449 452 475 458 478 481 710 463 723 401 470 539 nan nan nan
