ecocropFuture/tif/c6/rcp585/ACCESS-CM2/prec_3.asc
ncols        683
nrows        518
xllcorner    -87.691666666667
yllcorner    10.708333333333
cellsize     0.008333333333
NODATA_value  nan
[rows 275 to 329 of 518, columns 192 to 287 of 683]
6 7 10 10 11 10 9 9 10 10 11 13 16 16 12 15 15 13 13 14 15 14 16 18 21 14 17 22 21 21 19 18 18 17 20 20 21 22 21 19 20 18 19 21 22 24 23 22 25 28 25 19 20 19 21 18 16 17 17 16 16 13 12 14 13 13 13 13 13 13 19 20 16 16 20 20 16 16 19 21 20 21 22 21 21 21 24 25 25 25 26 26 25 25 25 25
7 9 10 10 11 11 9 9 10 12 12 15 15 14 11 10 11 17 16 16 13 13 15 17 18 23 15 18 24 22 20 19 18 16 20 21 22 17 18 23 19 18 22 22 24 29 26 26 27 30 25 22 24 24 24 22 19 16 17 16 17 15 13 13 14 14 15 16 13 12 17 20 14 14 15 14 14 20 21 20 21 20 22 21 18 21 22 22 22 23 24 24 27 27 27 28
8 9 10 11 11 11 9 11 11 14 14 16 12 16 14 10 10 11 15 16 13 14 14 16 15 20 24 19 20 22 19 20 18 17 20 23 25 19 17 25 18 20 22 25 27 31 32 28 33 31 31 31 24 26 25 27 22 21 18 17 20 14 16 15 12 14 16 15 13 13 15 17 16 14 17 17 14 13 21 22 22 22 24 23 22 18 22 22 22 23 23 24 24 25 25 28
9 9 9 9 11 10 9 10 11 14 16 16 15 17 19 13 10 10 16 16 13 13 13 16 16 15 19 24 19 19 21 18 18 17 20 23 21 18 18 19 22 20 28 32 32 31 35 34 34 35 35 31 26 25 28 27 27 24 22 22 18 19 18 15 16 16 16 13 15 17 20 20 16 14 16 16 14 15 17 17 22 22 23 23 21 18 18 18 23 22 23 23 27 25 25 25
8 9 9 9 10 10 9 10 11 14 16 16 15 15 16 14 11 11 12 13 15 13 12 15 17 18 17 21 18 13 22 17 18 17 20 22 14 15 16 18 23 23 21 32 34 30 31 33 35 36 34 29 27 26 24 23 23 27 24 21 15 18 15 16 16 16 17 14 15 17 17 18 21 17 14 13 13 17 17 18 20 22 22 21 22 21 21 18 22 24 23 24 27 27 25 25
7 7 9 10 10 11 10 9 11 13 14 15 13 12 12 13 9 12 13 13 14 13 12 13 16 19 19 20 20 14 20 17 18 18 18 21 17 15 17 17 14 16 21 31 29 25 26 28 33 32 30 27 25 26 25 18 20 21 18 19 16 16 16 17 17 16 14 14 20 14 14 17 19 15 16 16 17 16 18 18 18 22 22 22 21 21 18 22 19 19 23 24 27 24 25 25
7 9 11 12 11 9 10 10 10 11 12 13 11 12 14 9 10 10 10 11 11 15 13 14 16 18 19 17 20 12 18 18 19 18 19 22 22 22 23 24 14 21 20 31 26 22 22 25 28 26 26 26 25 24 21 18 17 19 19 16 15 17 16 16 16 16 17 14 17 18 18 14 17 13 15 13 14 16 16 15 18 18 16 18 22 21 21 18 23 22 23 24 23 24 24 25
7 7 7 9 11 10 10 12 10 11 11 11 11 13 15 12 10 10 13 13 10 12 14 13 16 15 15 14 18 13 21 19 17 17 20 21 22 22 23 17 15 20 21 21 28 25 25 25 24 23 23 26 25 22 22 21 21 22 17 15 13 14 18 18 16 16 17 14 17 20 20 18 17 17 16 14 14 16 16 16 19 19 16 18 20 22 21 19 19 23 23 23 23 20 21 21
10 10 15 9 11 10 9 10 10 10 11 11 13 12 11 14 10 10 18 19 10 10 16 14 16 14 13 13 17 11 14 20 20 15 15 23 17 24 24 14 15 19 23 22 31 28 26 25 21 23 22 22 23 22 18 18 21 19 20 15 14 14 13 17 14 16 16 17 13 17 18 19 17 18 18 19 15 17 15 15 15 16 16 18 16 18 21 21 22 19 19 20 24 20 21 24
8 15 15 8 12 9 10 10 10 10 10 11 10 10 11 12 11 10 10 10 13 10 14 15 15 14 12 16 16 10 12 13 14 13 14 15 16 17 20 17 16 18 24 22 32 29 25 23 23 22 22 21 21 18 20 26 25 23 21 19 14 13 13 16 17 17 16 17 15 16 17 17 19 17 18 18 17 17 17 18 19 20 16 20 20 20 23 21 23 22 20 20 20 21 21 21
8 8 8 9 12 9 10 10 9 11 13 13 13 11 10 14 11 10 10 10 10 10 12 16 17 16 16 11 11 11 12 13 19 21 21 22 21 23 21 23 24 23 22 23 23 33 30 25 24 23 22 20 21 21 21 24 23 20 27 24 15 14 14 18 18 17 17 16 14 14 15 15 17 16 18 15 18 20 20 17 17 15 16 18 21 22 21 17 19 21 24 24 23 24 22 25
12 11 8 12 12 10 10 10 10 10 10 11 12 12 14 12 12 10 13 13 13 11 11 14 14 10 14 14 14 15 15 22 13 15 20 20 22 22 27 27 24 27 25 22 21 33 33 28 27 25 22 21 23 21 20 23 23 26 26 23 26 19 17 19 19 16 18 13 17 17 15 18 19 20 16 16 19 23 24 17 21 16 18 20 23 23 23 19 15 19 19 19 23 25 23 27
9 10 10 12 12 9 10 10 10 10 11 11 11 12 11 14 13 11 11 13 13 19 11 11 10 11 20 19 18 18 19 18 23 17 16 18 18 19 21 22 23 22 22 27 23 22 31 33 29 27 24 27 26 24 21 21 27 31 29 27 23 22 23 21 15 16 18 16 20 20 22 18 22 23 23 22 24 22 21 19 19 20 20 21 22 24 19 15 16 21 21 20 20 24 22 25
9 9 9 9 10 10 9 10 11 10 10 10 11 12 12 14 16 17 11 11 11 11 11 11 20 20 18 19 19 20 20 19 23 17 15 18 17 17 18 20 21 22 23 24 25 27 21 21 33 28 30 27 25 25 25 22 26 30 28 27 25 23 21 20 19 16 20 20 21 20 22 22 21 24 27 27 26 24 20 20 21 20 23 22 18 17 17 17 17 19 21 24 24 23 26 26
9 9 9 11 10 9 10 10 10 10 11 11 11 11 12 13 15 17 12 11 12 12 14 21 19 20 20 19 19 21 20 21 23 18 15 15 18 18 17 17 20 22 23 22 22 24 28 24 23 27 26 23 24 24 23 24 28 29 25 20 19 18 21 17 15 13 21 21 21 18 22 26 23 24 29 29 27 22 21 17 17 19 21 19 17 17 17 20 21 18 22 23 20 23 24 21
9 9 9 11 11 10 10 10 10 11 11 11 11 11 12 13 16 16 12 11 12 12 15 21 20 21 20 19 19 21 20 21 22 25 18 14 21 17 16 18 18 20 22 22 20 22 26 25 21 31 28 25 25 24 23 26 28 27 22 20 21 19 22 18 15 15 19 19 21 22 21 26 25 24 28 31 28 24 20 18 17 20 21 17 17 16 17 19 22 21 21 22 24 24 23 25
9 9 11 10 9 10 11 13 12 11 12 11 12 12 13 13 16 15 14 12 15 15 21 22 22 22 18 20 19 19 23 24 25 25 19 15 17 21 17 17 18 18 19 19 19 20 25 27 24 21 30 28 29 29 29 29 25 21 20 25 21 21 25 21 21 21 19 21 21 22 25 27 27 26 28 32 29 23 20 17 17 21 18 17 18 18 18 17 21 22 18 18 22 25 22 21
10 11 11 11 9 10 10 11 12 14 14 11 12 12 14 16 17 14 17 13 21 21 20 21 22 22 19 19 18 22 15 14 15 16 15 15 18 21 16 16 18 19 17 19 19 20 22 25 27 19 31 31 31 30 28 26 24 23 28 26 22 22 22 18 20 18 20 17 22 22 26 25 25 26 29 33 31 22 20 19 19 21 21 21 20 18 17 19 19 19 18 19 17 22 20 22
9 11 11 11 10 10 10 10 11 11 11 12 13 15 15 16 16 17 16 14 21 19 20 22 21 22 19 18 21 23 14 16 15 14 18 21 17 21 17 17 17 17 16 20 20 21 25 23 21 24 33 29 28 28 27 26 23 27 24 22 22 21 20 20 18 18 20 20 21 22 23 24 23 25 27 30 29 26 23 20 20 20 19 24 29 23 22 22 24 22 21 17 17 19 21 21
9 10 10 10 11 11 11 11 11 12 12 13 12 13 15 14 14 18 13 15 21 21 21 20 19 19 20 19 21 21 17 14 15 17 22 23 21 19 16 17 19 17 15 18 21 22 26 20 20 20 22 25 32 29 27 27 26 27 23 21 21 23 21 23 20 18 21 21 22 23 23 25 23 24 27 30 27 24 23 20 22 23 19 24 30 23 23 24 24 22 18 21 20 19 19 21
9 10 10 10 10 10 11 11 11 12 13 13 13 12 15 15 13 16 16 14 21 21 20 19 20 20 19 19 19 21 22 15 14 15 18 17 16 16 17 19 19 17 15 18 20 22 24 28 22 20 19 21 24 29 27 26 22 23 23 22 24 25 24 23 23 20 21 21 23 23 23 28 30 31 27 28 30 31 24 21 21 23 18 21 29 31 23 19 18 18 18 23 24 23 25 21
9 10 11 10 11 10 11 11 11 12 12 12 13 13 13 12 13 15 19 13 21 19 21 20 21 20 20 20 20 20 22 23 24 15 14 13 13 17 18 18 17 14 17 20 21 21 20 23 26 23 21 19 30 27 26 26 26 22 22 25 24 18 18 24 24 25 27 28 23 22 27 28 31 31 33 27 30 30 26 20 21 23 21 22 32 30 25 21 20 20 19 19 21 22 24 22
11 10 10 10 11 11 11 11 12 12 14 13 12 12 12 13 14 15 18 13 16 22 22 21 19 20 21 21 21 21 20 23 25 24 15 14 11 12 21 20 14 15 18 21 21 18 18 19 25 27 27 18 19 29 27 26 26 26 26 24 26 18 15 17 24 25 26 28 26 27 27 28 30 32 33 32 30 30 26 22 23 26 25 25 25 29 31 25 23 19 21 21 20 16 18 18
9 9 10 11 11 10 11 12 12 12 13 12 13 13 15 13 14 15 19 16 14 23 24 22 22 23 24 24 21 21 20 20 25 25 24 17 12 12 19 19 18 18 19 20 18 18 17 17 21 21 21 22 19 23 27 26 27 25 25 25 25 24 24 24 24 24 26 25 19 26 27 29 31 33 33 33 34 30 31 26 31 34 29 24 22 25 29 29 23 23 19 18 18 18 17 17
9 9 9 10 11 10 12 12 11 12 13 15 15 15 16 14 15 15 15 19 13 14 17 14 13 17 15 18 23 22 21 22 24 24 23 21 21 22 15 12 19 17 18 19 18 19 17 18 20 23 25 23 21 19 17 17 14 14 19 15 15 26 21 21 20 21 25 26 15 14 16 24 32 32 32 30 31 34 33 33 32 36 33 29 27 29 28 27 25 23 19 17 21 26 22 22
9 9 9 10 10 10 10 11 12 12 12 14 14 15 14 14 14 15 16 16 15 13 13 14 14 16 14 18 24 20 21 22 20 19 20 20 19 18 19 22 13 20 19 22 21 22 22 22 23 21 19 18 15 23 22 17 16 16 20 14 25 25 21 21 21 22 25 26 19 16 17 18 24 31 33 36 36 35 33 33 34 35 32 28 28 25 28 27 29 20 19 17 20 24 21 23
8 9 9 10 10 10 9 10 10 11 12 14 11 14 12 12 13 14 15 17 14 13 13 14 17 17 15 15 15 16 25 22 19 19 20 20 21 20 19 18 24 18 20 22 21 18 20 20 23 19 19 18 16 15 17 16 15 15 15 13 18 25 25 25 25 22 26 26 30 18 17 19 21 24 31 32 25 24 25 34 33 30 31 25 25 24 27 31 25 23 22 20 20 20 24 23
8 9 9 10 10 9 9 9 10 10 11 12 10 13 15 13 14 14 17 17 13 12 13 13 16 17 15 15 18 15 15 25 19 19 20 19 20 22 20 18 23 17 15 17 20 18 19 20 24 17 16 16 14 16 17 16 15 13 13 14 14 18 26 26 27 29 25 26 23 19 18 18 20 31 30 31 32 22 19 30 30 28 29 28 25 28 27 31 27 27 23 23 21 23 21 20
9 9 11 12 12 10 10 9 10 10 11 12 14 14 15 14 16 17 16 14 12 12 12 12 14 17 16 14 17 15 15 23 20 19 16 19 20 26 21 19 22 24 14 12 19 21 18 19 20 19 17 16 15 15 15 15 12 12 12 18 15 26 26 21 21 20 27 16 17 18 19 17 22 31 31 28 30 32 26 23 29 30 28 26 27 28 28 27 26 22 25 26 25 23 21 23
9 11 10 10 8 10 11 10 10 11 11 12 13 13 14 13 15 17 14 12 15 20 20 11 12 13 13 13 12 12 17 23 20 21 19 19 20 20 20 19 19 19 23 11 16 21 20 18 19 20 17 16 17 13 13 13 12 12 12 14 16 28 22 16 16 16 16 17 18 17 20 33 35 28 24 25 29 31 31 31 29 30 27 26 26 30 27 23 25 21 25 23 21 22 21 22
9 10 11 10 10 10 10 10 10 11 12 13 14 12 15 13 13 14 14 12 12 14 14 12 11 13 14 13 12 12 15 21 22 25 24 19 20 21 19 18 18 22 22 11 17 18 22 22 21 21 17 14 17 13 13 14 13 13 15 16 15 17 17 15 16 17 21 32 28 34 33 30 31 32 25 27 24 30 30 30 31 24 24 29 31 27 26 25 21 22 22 22 20 21 22 28
10 10 11 11 12 8 7 8 12 11 13 15 15 11 11 14 15 13 17 11 11 20 20 14 11 11 11 11 19 17 12 10 13 16 19 24 21 23 21 18 18 21 20 22 11 13 14 20 21 22 17 16 14 15 19 21 22 19 15 13 13 14 17 20 21 19 32 32 32 33 33 27 28 28 27 25 29 28 29 29 26 27 27 26 22 23 25 25 25 21 23 26 25 23 25 23
10 10 9 12 10 8 8 8 12 10 11 15 14 10 10 10 15 14 15 20 18 18 19 20 19 21 20 21 19 19 20 16 13 14 18 22 20 18 18 19 19 18 21 22 12 11 13 19 20 20 16 16 21 22 21 22 22 15 13 14 14 15 22 30 31 31 32 32 27 28 31 25 28 27 28 28 26 23 23 23 23 26 26 24 27 23 23 21 21 25 21 23 23 25 22 25
8 10 9 11 11 8 17 8 9 12 10 11 15 11 11 9 15 14 17 15 18 16 16 17 17 17 17 19 20 20 22 22 21 15 16 22 18 18 18 17 17 19 21 15 13 11 15 18 15 17 18 20 20 21 22 18 14 15 15 15 17 19 19 31 33 31 30 26 24 28 27 26 27 27 26 26 25 25 23 22 21 25 29 30 27 26 24 22 22 22 22 21 24 24 21 25
10 10 10 9 8 8 11 10 11 13 11 11 13 13 9 9 15 13 15 10 16 17 17 19 20 17 19 20 19 17 19 20 21 22 23 21 17 17 18 18 18 18 20 21 15 11 12 12 17 18 18 20 21 22 22 19 15 15 15 16 18 18 24 33 34 32 26 24 26 26 30 24 24 26 24 24 25 23 26 26 26 25 23 25 25 29 28 24 24 22 21 25 26 25 24 24
8 7 8 11 8 17 16 8 12 14 11 10 11 13 14 12 13 11 12 10 18 18 18 18 14 20 18 17 17 17 18 17 18 18 18 19 16 18 17 20 18 18 18 18 21 23 16 13 11 18 19 22 19 14 14 17 15 19 27 20 16 18 19 21 34 28 26 24 30 30 30 29 26 26 26 26 31 27 27 29 28 27 25 27 25 30 29 25 24 24 25 19 18 16 16 20
6 10 15 16 14 17 16 8 12 14 12 10 11 12 11 15 13 14 14 10 20 18 18 20 11 12 20 18 18 17 18 16 15 13 15 15 18 17 21 21 20 20 18 18 21 23 22 17 14 11 18 21 16 14 15 16 16 27 29 20 15 20 25 19 34 32 31 30 31 31 26 31 30 26 26 29 26 31 22 29 29 26 25 25 25 25 25 24 24 20 22 20 17 20 16 21
7 7 15 15 16 15 9 9 11 12 10 10 10 11 12 16 14 12 12 13 10 9 10 16 16 14 23 18 18 16 17 17 16 16 15 16 16 19 21 21 17 18 21 21 11 13 12 17 19 14 15 17 18 20 14 16 16 21 22 17 21 27 22 19 34 27 31 31 32 32 27 26 26 30 30 28 28 28 29 29 28 23 23 25 22 21 25 25 21 24 17 19 24 24 24 19
15 10 11 11 11 17 16 8 12 11 11 10 11 11 11 12 14 13 14 13 12 14 14 14 15 15 15 21 21 19 20 21 20 17 17 19 19 17 17 17 18 18 18 18 23 12 13 14 13 14 16 21 30 21 21 18 16 29 17 20 24 22 28 20 22 25 25 23 22 22 22 31 31 31 30 29 29 28 29 27 29 28 26 21 24 22 23 23 24 19 19 19 21 24 23 19
14 16 15 16 16 17 16 11 8 12 12 12 13 11 11 11 11 11 12 12 14 13 11 13 11 14 13 9 9 10 13 13 12 20 20 21 21 21 21 20 19 19 19 17 19 24 25 14 15 16 17 29 26 24 23 27 27 28 20 15 22 22 23 23 28 29 21 18 16 15 16 16 18 22 17 17 30 28 29 29 28 30 27 26 24 21 21 21 19 15 17 20 20 24 25 23
16 12 15 15 15 16 13 15 12 8 9 10 11 11 10 10 11 11 12 11 11 11 11 11 11 13 13 10 9 9 14 13 16 11 22 19 17 20 18 22 20 14 16 17 18 20 23 14 15 14 18 29 26 24 22 22 22 27 28 15 26 25 23 19 20 23 26 16 17 15 15 16 18 15 15 15 17 22 29 30 29 30 30 25 25 24 21 21 19 17 23 19 21 21 24 26
15 16 13 15 17 16 13 14 18 9 9 8 10 11 13 10 10 11 11 13 13 10 11 11 11 11 14 14 13 15 15 14 15 17 17 18 18 19 18 22 20 19 14 14 20 19 19 25 27 24 28 27 26 24 22 21 23 23 17 16 21 26 22 21 21 22 25 17 15 16 15 16 16 18 18 17 17 22 30 28 27 29 29 25 24 26 25 23 20 17 15 17 15 21 26 26
12 14 14 13 14 14 14 16 12 9 10 9 13 13 13 11 10 10 10 10 11 10 11 10 10 11 11 12 13 13 15 15 16 19 12 18 17 17 19 18 20 22 18 21 20 20 19 22 23 21 20 22 24 26 24 21 28 21 16 19 16 14 15 17 19 21 20 14 17 17 17 15 21 21 18 16 15 15 14 29 29 32 27 29 27 28 26 23 20 18 15 15 15 20 24 24
12 13 14 15 14 14 15 14 12 8 10 12 12 10 11 10 10 10 10 10 10 10 10 10 10 10 11 12 11 12 14 14 18 19 12 20 19 21 23 23 28 22 20 21 20 22 21 22 23 20 21 21 25 26 23 21 26 20 18 27 18 13 15 14 14 21 21 24 20 20 20 24 21 24 24 14 16 20 20 30 33 32 27 27 27 28 26 19 24 18 17 17 22 24 23 23
13 15 13 14 15 15 15 15 17 8 10 10 13 9 10 11 12 10 10 10 9 10 10 9 10 10 14 11 12 12 13 14 17 19 11 12 17 22 16 15 16 19 28 24 23 24 24 24 20 13 13 15 21 22 22 21 17 13 23 21 15 14 12 12 11 12 18 19 22 22 24 22 22 16 16 14 17 17 28 31 33 27 28 27 28 29 25 18 16 16 16 17 22 22 23 25
15 15 13 14 15 15 15 15 14 18 9 10 13 11 10 12 12 12 12 13 11 9 10 12 12 12 10 15 12 13 12 12 16 18 13 11 12 14 14 14 14 15 20 28 24 29 24 26 24 21 18 15 20 21 19 19 17 14 15 16 26 27 25 12 12 13 21 21 24 24 24 20 19 13 15 17 21 21 21 32 32 33 28 28 29 29 26 22 20 23 25 26 19 22 20 22
15 16 14 15 14 14 15 15 15 14 12 10 10 13 12 12 11 11 11 11 13 10 11 12 12 11 11 15 15 11 12 15 15 13 13 10 11 13 15 14 15 15 17 29 29 30 30 27 22 20 20 17 17 21 19 23 14 16 14 27 23 25 26 10 12 11 19 21 22 22 19 16 16 14 14 18 21 21 23 23 31 33 32 28 29 27 27 26 29 23 20 22 23 20 18 16
6 16 14 14 15 16 15 16 15 14 19 9 8 13 12 12 10 8 9 9 9 13 10 12 14 14 15 15 15 14 14 15 15 15 16 14 12 12 12 13 14 14 16 30 30 30 30 24 22 20 15 18 17 17 19 19 15 16 17 26 20 20 20 26 18 11 16 17 18 22 19 14 13 16 16 15 17 23 23 30 31 24 33 28 34 33 29 28 25 19 19 24 27 17 19 19
7 6 14 15 15 16 16 16 16 16 15 12 9 8 11 8 10 13 20 20 19 9 13 12 11 15 15 15 14 12 9 10 12 13 14 18 19 18 12 13 14 16 14 13 19 22 31 29 26 24 19 15 14 12 17 19 13 18 26 20 18 19 19 20 27 25 13 12 13 13 14 14 16 13 13 14 15 14 15 19 25 24 24 31 31 35 27 30 29 27 26 25 19 19 22 19
6 16 15 12 14 15 14 13 9 11 16 16 18 18 17 17 18 20 19 13 10 11 11 11 12 14 14 12 9 8 9 9 11 16 16 18 15 13 13 14 16 14 13 13 14 14 16 22 31 26 27 22 19 16 16 19 25 22 21 18 16 16 19 20 18 13 17 15 16 20 20 20 16 16 13 14 13 14 17 17 17 16 15 24 31 35 30 30 29 29 28 28 24 24 23 19
14 14 12 10 10 11 11 11 15 14 9 14 17 17 16 17 17 16 19 19 14 8 13 13 13 14 14 9 9 20 14 11 10 9 13 16 18 13 13 13 13 25 22 25 11 11 13 15 19 28 25 26 20 13 11 19 21 20 18 17 13 13 19 21 28 26 26 26 19 28 28 28 20 21 20 13 16 19 20 23 18 15 17 17 25 32 36 31 31 31 29 28 27 24 18 23
14 15 12 13 13 8 8 8 9 11 11 11 17 17 16 16 16 16 17 16 20 10 8 13 13 14 10 9 14 20 20 20 14 11 10 11 17 13 10 12 12 22 25 23 22 10 17 20 13 25 26 25 20 16 13 13 20 19 16 13 16 16 18 23 19 24 27 27 29 23 23 30 30 30 29 19 12 13 15 16 16 14 19 23 25 32 26 27 36 28 30 27 27 26 28 29
13 14 13 10 13 11 13 16 16 16 16 14 16 17 17 17 16 16 16 16 14 14 8 11 14 14 9 11 14 16 17 20 14 11 11 11 9 11 11 14 12 12 22 23 12 9 18 20 16 16 27 21 19 18 19 17 19 16 15 13 16 17 13 18 18 20 21 24 24 23 20 21 21 21 23 28 27 19 12 11 14 14 16 19 16 16 17 17 33 37 29 27 27 27 29 29
15 14 13 7 10 11 13 16 16 16 16 17 16 15 17 16 16 16 17 16 19 20 19 8 13 12 10 21 20 16 17 17 21 20 14 11 9 12 15 16 16 12 11 12 10 13 16 19 19 12 25 21 18 16 20 19 18 15 11 16 17 17 13 18 23 22 27 24 24 20 19 22 23 22 20 20 21 27 26 19 19 13 14 14 15 14 13 17 29 36 30 27 28 29 30 30
13 14 13 10 13 8 14 16 16 16 17 16 16 17 17 17 17 17 17 17 16 16 16 18 9 10 21 16 16 16 17 17 17 17 19 20 9 15 12 13 15 16 15 16 18 18 16 19 14 13 18 19 15 13 18 17 16 10 17 17 15 17 13 17 22 24 23 24 22 19 18 20 22 23 20 23 23 19 21 28 30 19 14 14 11 11 11 15 18 23 33 34 36 29 32 32
