ecocropFuture/tif/c6/rcp585/ACCESS-CM2/prec_2.asc
ncols        683
nrows        518
xllcorner    -87.691666666667
yllcorner    10.708333333333
cellsize     0.008333333333
NODATA_value  nan
[rows 275 to 329 of 518, columns 192 to 287 of 683]
10 6 3 4 3 10 12 8 8 13 14 19 19 13 10 16 18 15 12 17 21 15 15 20 26 22 26 25 23 21 18 20 18 14 14 15 15 21 20 22 24 19 22 22 28 33 33 49 56 65 67 67 69 61 50 45 28 27 26 23 21 18 18 22 21 18 18 23 25 18 23 25 24 25 26 27 27 20 19 19 19 20 23 27 23 21 21 25 28 27 27 25 27 29 29 27
10 3 3 3 4 9 9 5 7 13 13 22 13 15 13 10 8 12 11 18 15 17 18 22 21 29 24 29 31 26 23 22 20 13 16 15 16 21 26 22 20 17 20 30 40 53 56 65 72 76 62 69 71 65 53 52 40 38 37 35 26 26 22 25 25 22 25 31 31 27 31 36 28 25 25 24 22 19 19 25 27 26 27 22 27 24 24 28 28 27 24 25 26 26 25 29
11 3 3 4 4 4 10 9 5 14 16 21 11 17 17 7 7 10 15 10 15 26 12 22 20 19 30 33 32 30 25 21 18 15 17 18 22 23 29 26 18 24 33 37 51 78 80 80 89 88 84 84 76 67 58 50 45 45 42 31 31 37 28 29 35 31 26 31 31 31 27 35 35 32 25 24 22 19 20 20 28 29 31 22 26 26 24 26 26 28 27 31 25 25 25 26
11 4 7 7 4 5 10 13 9 14 27 27 17 25 21 11 7 7 16 9 15 15 19 18 17 21 25 31 28 28 23 21 15 15 14 25 31 27 30 28 20 26 37 45 52 74 85 88 92 92 92 84 71 65 63 62 58 41 37 40 38 37 32 29 31 27 27 24 24 27 31 32 36 32 26 24 24 27 20 20 27 27 27 21 24 21 21 27 27 27 28 27 25 27 25 26
11 4 7 7 5 4 10 13 8 14 21 22 22 17 24 16 10 9 15 11 17 14 10 16 24 28 22 24 28 20 20 14 14 13 20 22 16 18 23 25 25 24 35 46 49 70 70 89 94 91 88 83 72 64 57 39 36 37 36 34 34 29 25 23 26 31 25 25 23 25 24 19 26 28 26 24 25 26 26 27 27 27 22 20 24 20 20 21 24 26 28 27 25 29 29 29
11 4 9 15 9 10 10 13 7 12 14 15 20 23 23 13 9 16 13 8 16 15 12 9 16 21 33 26 26 23 14 13 16 20 11 17 22 25 24 21 21 29 40 50 61 57 58 62 58 73 73 66 58 57 44 41 41 38 32 31 34 27 41 27 31 35 32 23 27 27 28 23 20 23 26 32 34 26 21 20 29 35 31 30 24 24 24 26 27 25 25 24 28 27 28 29
12 4 16 13 10 5 5 11 6 8 11 11 7 10 19 7 8 8 9 11 15 15 9 11 17 18 21 33 25 15 19 19 13 13 18 20 23 23 24 22 25 33 36 43 35 31 30 32 36 38 51 50 54 45 43 32 35 38 34 31 33 35 41 41 41 44 36 27 27 26 27 28 23 26 26 26 29 26 21 20 28 35 28 28 28 24 20 20 29 27 21 28 28 25 22 23
10 7 4 10 15 5 5 13 6 7 7 7 5 6 10 20 8 10 16 16 14 12 10 9 15 14 14 16 22 13 16 18 18 20 17 18 16 18 19 20 23 28 37 43 38 30 27 28 30 34 33 37 41 36 35 30 33 34 29 37 41 35 38 38 41 41 36 36 41 25 27 29 29 34 30 27 26 25 20 20 27 31 30 28 26 24 24 25 24 20 21 25 25 25 22 27
4 12 12 5 12 9 12 9 4 6 7 5 5 6 7 16 10 15 14 16 16 16 15 12 16 11 9 11 14 20 10 12 12 21 18 20 24 24 24 26 21 29 34 39 46 37 33 38 41 39 31 30 30 39 33 38 34 46 37 43 48 45 46 32 31 31 32 38 46 27 28 29 34 39 36 32 28 25 21 21 27 31 31 28 28 24 20 29 27 21 21 26 27 30 21 26
11 13 6 5 15 5 6 5 4 6 6 7 6 6 7 10 12 10 8 8 11 16 12 19 15 12 10 10 16 18 11 16 21 15 23 27 24 28 29 31 28 27 31 38 53 57 50 52 43 36 31 30 29 33 48 55 54 53 49 49 50 49 46 38 36 36 32 32 37 32 29 29 33 38 31 29 29 27 27 29 33 37 35 30 26 26 20 25 20 20 21 21 25 28 31 33
5 10 15 12 5 6 6 6 5 5 5 10 10 10 14 17 8 13 8 13 9 12 9 11 19 17 20 19 19 15 17 16 22 22 18 17 32 37 39 37 36 31 33 37 47 72 73 74 69 59 48 46 45 38 50 58 57 60 68 60 64 54 44 41 37 36 36 32 32 32 29 33 29 28 31 31 31 26 29 38 42 40 34 31 31 32 27 27 24 25 21 21 25 26 33 37
5 15 9 9 5 6 7 5 5 7 6 7 10 10 10 15 20 13 8 16 11 9 9 20 20 10 14 15 10 11 14 17 20 21 20 25 28 35 36 39 37 32 35 36 47 78 86 80 77 73 62 56 53 50 57 50 53 61 64 64 72 66 50 49 30 32 36 42 37 33 29 29 30 35 29 32 32 37 38 42 51 45 35 29 32 36 32 29 32 36 25 20 21 22 29 29
6 4 5 6 7 6 6 6 6 7 7 6 8 7 7 8 19 15 11 16 16 11 12 10 10 17 17 17 13 13 20 22 23 23 15 18 20 28 25 37 35 34 36 38 43 46 72 77 79 75 67 57 51 47 41 46 58 71 68 65 68 63 63 52 35 32 33 42 44 48 45 38 36 42 43 39 52 52 54 53 52 49 46 41 38 38 40 29 32 40 29 36 33 32 30 31
5 5 6 6 7 6 7 7 7 5 6 7 8 7 8 8 11 19 10 12 17 17 12 12 13 19 16 12 19 20 21 23 18 18 26 16 25 22 30 29 26 38 35 38 36 34 43 45 59 68 60 47 49 49 43 48 65 72 63 61 68 57 59 49 43 36 43 42 46 51 36 33 41 45 56 63 67 56 48 48 50 46 41 42 37 36 36 36 36 37 29 29 30 34 35 33
6 6 6 7 7 7 7 7 7 7 8 6 7 9 8 8 8 12 20 20 18 18 17 18 16 17 17 13 13 23 20 18 24 25 26 16 23 20 21 26 32 27 34 34 31 30 38 41 45 48 50 45 43 43 49 51 64 65 59 41 40 49 48 47 43 43 50 47 38 38 37 35 44 45 62 75 76 67 60 56 53 53 47 41 40 40 41 47 33 34 30 30 27 37 39 38
6 6 6 6 6 7 7 7 7 8 7 8 9 9 8 10 10 9 13 21 13 18 13 19 17 12 14 13 13 23 24 24 21 20 20 26 18 18 30 26 28 32 32 33 31 31 30 37 35 41 49 41 55 58 57 60 59 55 54 36 38 40 48 45 43 37 45 48 48 46 46 44 47 52 64 73 76 74 62 58 57 54 50 40 40 42 43 49 42 39 43 38 30 33 33 34
7 7 7 6 7 7 7 7 8 8 8 9 10 9 9 10 11 10 10 17 14 19 19 17 14 23 21 20 21 23 13 25 20 23 24 27 17 19 26 22 21 29 25 22 32 30 32 30 32 35 53 60 66 68 68 73 41 33 37 45 42 37 36 38 37 37 38 38 34 48 55 54 56 62 68 78 83 79 73 68 64 57 58 57 53 54 64 59 52 51 50 41 42 41 41 28
9 7 7 7 7 7 7 7 8 8 7 8 10 9 9 10 12 11 10 20 18 12 14 14 13 22 22 22 22 24 20 17 27 27 17 17 18 16 23 17 21 24 27 21 30 31 24 34 35 37 43 71 79 76 68 61 35 35 35 36 32 35 31 29 26 25 26 29 31 32 38 37 46 64 69 81 86 79 76 72 72 71 69 69 71 63 54 54 52 52 41 42 47 50 42 28
7 7 7 7 7 7 7 8 7 8 8 9 9 10 10 11 11 12 12 14 13 20 21 19 13 24 23 22 22 23 15 16 16 25 21 23 22 22 26 19 19 22 24 26 30 32 24 35 31 32 41 57 63 48 45 39 32 32 33 33 29 27 26 24 18 26 27 25 26 31 49 43 53 60 69 77 77 72 78 74 72 77 72 75 80 70 64 60 61 63 53 38 34 39 42 39
7 7 7 7 7 8 8 7 8 9 9 10 9 9 9 11 11 13 15 18 13 19 15 12 23 22 23 22 21 12 16 17 25 19 26 19 16 14 27 20 23 22 23 22 30 26 37 31 37 37 37 35 41 34 29 28 22 23 23 25 26 25 19 22 24 25 26 25 30 28 38 53 54 60 75 77 72 65 73 70 73 76 72 76 81 77 77 63 63 59 53 55 50 39 39 43
8 7 7 7 7 7 8 8 8 10 11 11 10 9 10 10 12 14 17 20 19 12 22 22 21 22 22 18 22 13 13 17 15 18 25 17 15 19 17 21 22 21 22 22 27 32 33 37 34 34 31 36 32 32 24 23 22 23 23 22 19 23 20 21 18 19 20 20 27 30 38 58 54 55 74 77 79 82 80 75 75 77 74 75 80 84 76 67 56 56 53 46 37 39 39 35
8 8 7 8 7 8 8 8 9 9 10 10 10 10 10 9 13 15 19 26 18 21 23 23 21 19 19 15 19 23 24 14 16 21 23 17 13 20 16 18 17 16 25 38 29 27 25 33 36 33 35 31 30 25 23 26 26 28 22 21 18 24 20 21 19 23 28 27 22 21 29 45 47 62 76 78 70 81 80 78 78 79 79 79 85 87 77 71 59 57 55 49 31 34 38 34
8 8 8 7 8 8 8 8 8 9 10 10 10 9 9 11 13 15 15 21 18 14 19 22 22 24 24 16 24 24 23 15 15 21 18 13 12 21 16 15 15 24 28 34 34 27 20 29 24 35 36 31 31 33 24 28 26 25 20 20 21 20 25 18 22 27 29 28 20 26 30 46 47 60 72 79 83 84 80 80 82 84 83 83 84 86 84 80 62 53 50 49 42 37 37 37
8 8 10 8 8 8 8 8 9 9 10 10 10 9 10 10 13 14 14 17 14 26 18 16 15 14 15 25 21 24 14 14 21 21 18 16 15 16 24 19 19 21 23 25 21 26 25 20 30 32 35 32 33 30 26 26 26 27 20 19 20 18 19 18 25 26 27 24 29 32 35 37 45 52 69 73 76 84 85 86 86 90 87 82 78 82 88 83 64 56 49 42 42 38 42 41
8 8 8 10 10 10 8 9 9 9 9 9 9 9 10 12 14 14 15 15 13 21 20 18 17 23 23 22 17 15 14 15 23 19 15 13 17 18 18 12 15 25 25 31 26 29 25 25 25 22 23 30 25 33 32 25 22 24 28 21 21 21 19 19 22 22 26 24 21 31 37 38 47 61 58 65 71 78 88 91 90 95 88 81 75 67 75 72 65 57 43 39 31 34 37 37
8 7 8 10 8 8 10 9 9 9 9 8 8 9 10 12 13 14 15 15 13 21 20 21 21 16 16 18 23 20 17 18 15 22 26 15 22 23 23 19 18 18 28 31 28 30 25 29 25 29 27 25 19 31 31 27 25 24 24 24 27 26 24 24 25 19 19 21 21 27 33 37 43 45 46 57 64 55 58 74 81 85 83 74 59 58 65 80 73 50 49 34 27 27 29 33
7 6 7 7 7 7 7 8 8 9 10 9 8 8 9 10 12 12 14 14 13 16 14 21 26 27 28 16 16 20 25 18 15 23 24 25 25 19 18 13 17 26 26 27 25 22 22 26 21 21 29 27 18 21 20 30 31 31 26 20 19 26 25 26 27 27 24 22 30 34 34 37 38 34 28 30 30 28 34 30 40 65 64 60 37 42 62 76 64 52 42 33 33 33 27 29
7 6 6 7 7 6 7 7 7 9 10 10 8 8 9 10 11 11 13 12 11 11 11 13 17 22 17 26 16 17 25 22 18 21 23 21 24 28 25 23 15 18 23 22 19 19 22 24 25 24 25 27 20 18 22 20 29 29 29 28 24 19 21 26 27 28 27 29 32 34 31 30 29 32 33 29 28 28 32 32 29 36 50 43 33 35 51 69 62 46 38 34 27 29 32 26
6 5 5 7 6 6 6 6 7 8 9 10 8 8 9 10 10 11 12 11 11 11 11 11 13 18 23 16 17 18 18 14 14 24 22 21 23 28 21 18 25 21 18 15 13 16 18 20 28 18 23 17 16 16 16 21 17 28 28 28 20 21 22 26 29 24 27 30 31 32 31 29 27 29 29 30 25 29 32 33 31 28 36 38 34 39 44 44 45 43 31 31 31 29 33 29
5 5 6 6 5 5 5 6 7 8 9 11 10 9 8 9 10 11 13 11 10 12 9 9 11 23 23 17 19 19 15 22 14 14 23 23 22 24 25 24 24 15 16 16 13 15 15 18 18 15 21 19 21 16 19 23 18 25 28 29 26 32 34 25 27 32 32 29 31 27 38 42 42 32 28 29 25 27 28 30 31 22 32 34 35 39 38 36 35 38 30 26 32 32 37 50
5 5 6 5 6 6 5 6 7 9 10 10 8 7 9 10 9 11 11 19 19 17 17 10 11 18 18 21 18 18 19 17 15 18 26 24 14 23 22 22 13 19 11 18 12 12 17 18 17 15 14 19 23 16 23 20 27 29 26 28 29 20 32 28 34 33 37 36 33 37 36 38 38 33 26 33 28 26 24 28 29 31 32 31 34 32 34 31 28 35 43 38 33 33 48 56
5 5 5 7 7 5 4 5 6 9 9 10 10 9 9 8 9 12 15 11 13 13 16 10 11 11 12 20 13 13 13 13 21 25 19 19 23 22 22 14 21 14 14 18 10 11 12 14 16 19 20 19 15 16 26 20 28 20 18 18 27 30 32 32 29 27 34 32 36 37 34 28 30 26 25 24 22 26 21 22 22 35 32 27 27 27 29 35 38 34 39 40 38 37 47 51
4 4 5 6 7 5 5 5 7 8 8 10 11 9 8 9 9 12 16 14 17 17 16 13 12 12 13 13 20 12 16 18 15 22 22 15 23 13 23 23 23 21 14 15 16 10 12 12 14 14 14 21 22 24 20 21 25 22 22 23 20 32 30 25 26 33 31 27 31 29 28 32 29 31 27 25 27 22 26 26 26 31 31 33 28 24 26 29 33 30 27 30 31 37 43 43
4 4 5 5 6 6 7 5 6 6 7 8 11 10 9 8 10 10 12 15 10 10 17 13 12 12 22 22 12 13 19 19 17 18 19 19 13 17 22 23 20 13 18 14 17 9 11 12 12 12 13 17 24 20 25 25 21 22 22 24 26 24 35 29 28 28 27 26 26 29 27 26 33 32 23 27 22 21 25 25 30 31 30 22 28 29 26 28 29 33 23 29 29 33 42 42
4 5 5 5 5 5 7 6 7 6 7 8 11 10 9 8 9 10 11 14 13 12 17 18 14 20 20 20 20 12 13 18 17 14 15 14 21 16 13 23 13 13 13 11 16 10 10 10 10 12 13 18 25 19 20 19 19 19 24 24 26 24 37 34 37 34 31 31 29 28 30 30 23 22 21 26 26 21 27 27 27 25 25 19 27 27 26 29 29 32 33 35 44 43 42 47
4 4 4 4 4 7 7 6 9 8 8 9 10 9 8 8 7 9 15 14 16 13 16 17 14 13 13 20 19 21 22 20 21 17 23 22 21 22 13 17 13 13 16 14 17 12 10 12 16 14 13 18 24 19 18 22 27 23 23 26 24 25 34 39 36 32 32 28 29 31 28 23 31 43 33 24 24 24 25 28 26 24 27 28 22 20 18 24 30 38 39 51 62 58 51 47
4 4 4 6 9 11 5 5 8 9 9 10 10 8 8 9 8 13 14 18 13 17 17 13 12 12 19 13 13 21 19 11 13 17 14 14 16 21 13 16 13 13 18 11 17 17 13 15 15 12 17 18 29 19 19 24 25 20 20 24 28 30 28 35 37 36 31 29 26 25 25 31 30 31 31 27 22 24 32 30 29 28 25 25 20 25 28 24 27 38 43 42 47 48 51 51
4 4 4 4 11 10 5 5 8 9 8 9 10 9 11 10 9 11 14 15 14 12 17 14 18 18 12 13 20 20 22 15 15 13 17 17 11 20 13 16 16 17 14 11 18 13 13 18 21 18 23 29 26 25 25 27 22 22 24 23 27 29 27 36 35 35 34 32 33 33 30 29 29 22 23 30 27 29 28 27 27 24 25 19 18 18 28 27 30 29 33 37 37 50 47 34
4 4 6 9 10 11 11 5 7 10 9 8 7 10 9 8 9 9 8 7 14 14 12 14 12 15 14 13 13 12 13 13 13 21 22 13 13 13 21 13 14 21 14 14 15 19 20 24 22 22 26 21 27 25 26 27 22 22 23 32 27 27 34 41 37 37 36 34 32 32 29 25 30 30 24 23 22 21 19 19 21 30 27 18 23 25 25 25 27 29 29 29 30 36 37 38
4 6 8 9 8 7 7 11 6 8 9 11 10 7 9 9 8 9 10 7 10 10 8 9 9 8 14 12 9 9 13 13 11 16 13 13 13 14 16 16 16 14 14 14 19 18 20 21 25 26 22 28 22 26 19 19 28 28 20 27 27 30 28 33 27 40 35 31 28 27 31 26 31 33 23 22 29 25 23 29 39 41 41 31 29 29 26 29 28 37 32 33 29 30 28 29
6 10 5 6 6 9 10 6 8 9 11 11 13 9 7 7 8 9 10 10 7 7 9 11 8 7 7 11 12 14 11 11 19 11 17 14 13 14 13 19 15 22 24 24 25 15 13 15 20 18 22 29 23 20 30 23 23 31 21 28 29 33 30 24 22 28 33 32 32 31 27 29 25 33 34 30 34 35 27 30 39 44 47 38 28 36 31 29 29 41 42 35 35 37 26 26
9 8 5 9 9 14 14 7 7 11 9 12 13 6 6 8 8 8 10 7 7 7 10 9 8 6 7 8 8 11 10 12 14 18 17 14 21 22 22 15 16 26 25 25 25 15 20 18 21 18 20 25 21 19 28 27 29 29 21 23 28 31 26 26 23 21 24 22 35 30 26 26 30 30 35 35 34 33 25 24 24 26 33 34 36 33 34 32 30 37 41 33 29 33 31 28
12 12 13 13 10 13 7 9 9 11 6 6 7 7 8 7 7 8 8 7 7 7 8 8 7 8 8 8 8 10 12 15 14 18 14 14 24 24 22 15 17 18 26 26 25 24 24 17 22 20 17 18 19 30 30 28 22 28 26 24 29 23 21 20 21 23 21 22 22 22 35 36 31 32 26 32 30 22 21 26 29 29 31 26 31 33 33 36 39 30 25 37 22 25 34 30
12 10 11 16 16 11 14 7 12 6 7 8 8 8 8 8 7 8 8 7 6 6 7 7 6 7 8 10 10 10 12 12 15 13 12 17 18 18 19 21 23 19 21 16 17 27 27 17 22 24 25 18 17 18 18 17 15 19 26 31 26 24 18 16 20 18 19 22 26 26 23 25 22 35 25 29 29 26 26 29 26 26 26 31 28 39 35 34 37 34 37 41 33 42 41 54
12 13 10 11 10 13 14 15 10 9 7 7 8 7 7 8 6 6 6 6 6 6 6 6 6 7 8 8 11 12 12 12 12 14 18 11 13 14 13 17 27 19 30 31 30 30 20 20 27 21 20 27 17 21 18 14 14 18 28 24 25 19 15 19 18 19 21 21 22 22 24 28 25 25 22 34 24 24 29 30 29 34 26 26 30 41 42 50 61 60 52 57 48 48 51 51
9 10 11 11 11 12 12 14 8 10 7 9 8 7 6 6 7 6 6 6 7 6 7 7 7 7 7 8 10 10 10 9 11 13 10 11 16 13 14 22 19 27 26 22 21 33 25 24 20 20 22 16 27 17 16 12 17 23 27 23 16 14 14 15 17 18 17 25 24 24 21 20 20 21 25 31 26 25 29 32 23 30 36 37 34 41 46 54 64 62 65 71 66 54 48 48
5 10 16 17 17 19 19 12 11 12 6 9 9 7 7 6 7 7 6 6 7 7 8 8 7 8 8 9 8 8 9 10 9 10 8 9 10 11 14 18 20 25 24 24 27 31 29 23 21 24 23 23 15 27 16 12 17 24 20 17 13 17 14 14 16 18 18 20 20 25 23 20 20 19 26 31 35 30 30 31 25 32 37 40 38 41 57 57 65 68 64 70 70 60 60 42
9 13 16 12 12 12 12 13 11 11 6 8 8 7 6 6 6 7 7 8 6 7 7 8 8 9 9 9 8 7 7 9 10 9 9 10 11 13 14 15 19 24 26 24 30 28 34 22 25 24 16 15 18 14 26 15 22 22 14 15 15 18 15 13 14 14 19 21 23 24 19 22 22 19 26 22 25 26 32 29 25 24 36 37 38 41 45 61 68 66 62 67 76 63 57 44
4 8 14 13 14 11 11 12 15 7 12 6 7 7 6 7 6 6 7 6 7 6 7 8 9 8 9 9 8 8 8 8 8 10 12 14 13 11 13 14 16 17 19 22 21 30 32 29 33 22 19 23 21 14 26 18 16 22 20 15 23 23 17 12 14 13 16 17 18 18 26 25 24 21 22 22 30 28 29 31 26 30 23 41 41 43 46 63 73 66 60 64 72 57 63 44
8 9 9 11 12 14 11 18 13 16 11 10 6 6 6 6 6 7 7 7 7 7 7 8 7 8 9 8 8 9 7 8 7 10 10 13 14 15 13 15 15 19 17 13 15 26 27 24 31 29 30 18 15 13 22 17 16 18 17 24 25 23 18 12 17 17 14 16 18 19 19 19 25 18 18 22 30 30 32 35 28 26 25 30 31 36 52 65 61 65 63 58 53 55 40 44
9 9 14 11 19 17 20 18 19 19 14 15 12 9 8 6 7 7 6 7 7 6 7 6 6 8 7 8 8 9 9 7 8 8 10 12 14 15 14 18 19 15 12 12 12 14 17 24 20 30 28 27 21 15 18 15 20 22 24 27 19 26 18 16 18 15 18 18 17 18 18 17 25 22 21 21 22 23 31 28 35 34 36 32 31 26 28 39 42 43 42 40 48 46 46 38
8 6 10 11 19 20 18 18 18 19 21 21 16 8 8 12 12 12 12 6 7 6 7 6 6 8 7 8 8 11 11 11 11 13 9 10 12 12 10 19 20 12 20 20 12 16 17 21 21 23 19 32 26 18 18 26 17 17 23 25 13 19 18 14 12 12 15 16 18 23 21 20 20 33 32 32 21 21 34 35 29 23 36 33 32 31 33 29 26 35 42 41 35 43 42 47
6 9 6 13 20 20 13 12 12 14 21 14 15 9 9 9 12 11 12 11 9 6 7 8 7 7 9 13 13 10 10 10 12 11 13 8 9 9 11 12 13 11 15 14 11 15 14 18 19 12 23 27 25 25 25 26 27 23 19 25 25 19 16 18 14 15 17 19 23 18 26 31 30 31 30 26 19 21 19 27 22 28 36 34 36 33 34 28 27 38 35 40 40 41 42 64
8 6 10 13 18 18 18 12 12 14 19 22 15 16 17 17 11 11 8 8 12 11 8 6 7 8 9 8 9 8 8 9 12 12 12 8 7 7 11 11 14 15 15 17 12 12 9 14 21 15 20 17 25 25 24 24 19 12 13 13 13 13 16 18 18 17 23 20 22 26 23 23 24 31 30 30 26 19 18 27 33 22 26 30 24 31 29 35 33 40 40 40 41 43 44 54
5 12 19 19 12 12 18 19 14 19 20 14 13 13 20 16 9 8 8 8 10 11 11 11 7 6 11 10 8 12 9 12 9 11 11 12 7 10 12 12 14 15 13 15 14 13 9 16 16 13 19 15 15 23 17 19 22 12 14 14 14 13 23 16 17 17 20 24 19 30 29 18 17 25 30 31 31 30 31 32 33 32 30 36 28 28 34 28 38 32 39 42 50 55 64 47
