ecocropFuture/tif/c6/rcp585/ACCESS-CM2/prec_4.asc
ncols        683
nrows        518
xllcorner    -87.691666666667
yllcorner    10.708333333333
cellsize     0.008333333333
NODATA_value  nan
[rows 357 to 407 of 518, columns 288 to 383 of 683]
18 23 30 25 24 26 27 25 25 27 24 34 37 35 35 23 26 29 36 36 37 32 30 28 28 26 28 32 32 33 33 33 29 28 38 37 27 25 25 28 28 32 33 34 34 33 31 28 31 32 32 30 32 32 28 28 32 33 33 33 32 38 39 38 43 38 39 34 31 36 35 35 35 34 36 35 35 35 33 33 38 42 42 43 43 39 40 40 48 49 56 49 39 42 47 52
20 20 20 24 23 24 25 28 24 24 25 29 30 33 36 26 23 28 30 30 30 39 43 39 32 32 31 32 43 44 40 33 32 26 28 27 27 27 28 28 25 26 29 32 30 29 31 37 33 39 33 32 31 30 28 28 32 31 33 33 32 37 45 46 43 38 38 34 31 34 36 36 35 34 34 36 35 35 32 33 38 45 45 45 43 46 34 44 49 48 48 46 39 40 40 43
19 20 20 20 30 24 23 23 24 24 23 26 24 24 35 33 30 22 27 28 40 41 41 42 38 31 32 34 45 34 45 33 34 32 25 27 25 27 28 25 26 25 26 29 33 27 41 36 32 33 33 32 30 28 32 31 37 37 38 37 37 42 45 45 45 43 32 30 35 31 35 35 31 31 34 36 34 35 32 32 35 38 42 33 43 47 44 44 45 45 46 46 42 37 42 38
18 21 22 19 30 30 30 25 25 26 30 30 31 26 30 33 33 24 22 22 26 35 40 41 38 31 32 40 45 44 33 33 32 31 30 27 25 27 28 28 28 26 32 29 26 27 31 36 32 32 33 37 28 32 31 32 42 44 44 44 37 42 44 44 40 43 30 35 39 38 31 34 36 34 34 41 36 36 36 32 32 38 45 45 46 43 39 40 35 41 41 42 36 36 37 37
26 26 22 20 23 23 26 27 31 38 31 23 27 27 30 30 27 34 34 31 32 22 30 31 31 32 32 33 40 39 32 31 31 31 27 25 27 26 26 26 26 27 32 29 32 35 34 31 37 29 33 32 29 29 33 43 43 49 46 42 43 42 45 44 45 43 32 38 34 30 33 33 48 41 41 36 36 34 34 42 35 38 45 45 46 37 37 34 38 35 41 42 36 36 40 40
17 23 26 20 25 20 31 30 26 25 19 26 27 27 27 22 20 27 33 24 25 23 28 28 31 31 32 40 43 39 30 31 31 31 32 25 29 32 30 26 26 29 26 29 34 42 35 36 31 32 32 32 33 32 34 38 34 41 36 36 31 39 38 37 32 31 33 41 41 32 32 30 35 33 35 35 31 31 34 37 32 38 36 43 37 40 39 39 45 38 41 42 40 42 42 40
23 23 26 18 23 29 33 37 40 25 22 27 24 23 23 27 27 21 31 27 26 30 29 28 31 31 31 31 41 41 41 30 39 40 32 32 41 32 32 32 32 34 34 30 34 35 36 37 36 35 28 32 33 33 37 34 30 32 36 39 31 31 36 38 32 31 29 37 38 29 32 29 32 30 30 30 40 36 42 42 43 43 33 36 33 37 44 50 40 40 41 42 39 42 48 48
26 25 25 22 19 23 35 37 37 29 22 22 27 23 18 24 24 27 21 36 28 26 25 24 26 25 26 29 30 41 42 42 31 33 38 40 45 38 45 42 42 34 34 35 44 36 37 44 37 37 35 37 38 38 38 38 39 38 38 35 36 34 30 38 31 31 29 33 37 37 40 34 34 35 35 43 54 43 31 31 35 36 33 38 33 33 44 50 46 38 51 53 47 47 54 48
25 21 21 22 18 21 33 27 28 21 22 26 26 27 23 24 19 24 27 22 37 36 28 28 28 33 24 23 28 29 38 43 43 51 44 44 44 33 33 46 42 43 43 47 49 49 46 50 45 36 37 45 46 47 38 38 38 38 37 31 31 30 30 33 29 38 37 39 37 40 40 40 39 39 42 42 54 51 44 44 37 38 33 39 39 39 33 39 38 35 38 46 53 52 52 42
26 21 21 22 19 19 20 24 23 23 19 22 26 27 24 24 24 29 28 20 28 32 37 32 32 32 24 25 22 30 39 43 30 43 44 36 34 40 32 46 47 48 47 49 49 44 50 49 44 37 37 37 46 39 52 47 47 38 37 37 38 31 34 37 33 33 33 37 41 38 40 41 38 42 51 42 55 55 52 46 45 32 36 39 39 33 37 39 38 35 38 53 53 47 54 48
26 21 25 18 19 22 27 20 20 21 27 27 27 27 24 24 28 30 25 20 22 28 28 33 37 29 33 33 28 23 30 42 36 43 48 49 50 44 32 33 35 35 39 36 44 43 50 45 36 45 36 46 49 49 51 47 38 38 38 40 39 40 40 37 39 28 28 33 38 34 29 34 39 39 39 40 43 44 57 53 45 38 36 39 34 39 33 37 34 38 46 51 42 47 54 53
21 19 19 19 18 19 27 22 19 19 22 27 27 26 22 27 27 29 25 20 20 21 21 25 26 26 23 26 29 29 26 40 43 35 31 34 51 50 55 51 51 52 55 50 42 37 37 32 37 37 36 43 37 51 42 50 51 48 50 50 49 48 39 37 33 36 33 33 33 34 34 34 29 30 30 35 43 40 44 46 45 42 36 33 44 39 33 37 44 40 38 46 54 52 52 55
25 18 22 22 20 22 22 22 19 19 22 26 26 27 22 26 27 28 21 23 28 27 27 24 22 30 26 22 29 39 30 24 32 39 35 36 34 34 35 36 44 58 52 58 55 49 49 46 45 36 37 43 42 43 43 50 51 51 50 51 51 50 50 39 32 36 39 39 33 28 38 34 35 29 30 30 40 36 31 37 41 32 36 33 39 43 33 33 37 34 41 47 52 52 55 55
22 28 25 25 25 25 28 29 22 22 20 20 20 23 28 27 27 23 21 20 23 24 23 28 24 23 21 25 25 23 31 37 25 26 26 29 40 40 44 44 31 49 42 52 55 54 42 42 48 48 46 49 50 51 51 51 46 46 45 46 50 51 47 36 31 28 37 40 40 40 48 41 38 35 30 33 33 36 30 36 41 37 38 33 39 43 43 44 33 48 41 39 41 39 42 48
22 31 31 28 32 31 27 32 29 25 23 21 21 25 29 28 27 23 20 21 20 21 20 20 27 24 24 29 30 27 32 26 42 40 30 25 32 32 30 31 33 44 58 52 60 55 55 48 49 41 42 51 38 37 46 36 36 34 36 37 37 36 36 28 33 28 33 28 28 28 34 38 34 33 33 36 36 31 34 36 41 41 38 45 45 47 46 46 39 40 34 34 35 42 36 36
22 28 31 32 32 27 23 32 29 26 26 24 24 28 28 28 23 20 23 20 21 20 21 21 20 21 25 25 30 27 27 31 27 30 38 26 30 31 31 24 27 45 52 58 59 53 54 54 41 41 43 48 36 31 36 36 36 36 37 37 37 36 32 28 33 28 33 31 38 33 44 28 32 34 34 33 36 30 36 34 41 45 46 46 54 54 55 47 44 40 34 34 35 46 47 43
25 22 22 25 25 25 32 32 25 23 20 23 23 23 27 27 23 20 24 28 20 20 27 31 27 25 22 25 25 30 30 27 28 27 30 38 40 27 28 26 31 24 38 34 52 36 34 39 34 35 41 48 35 25 25 30 33 34 36 34 35 35 32 27 32 33 33 28 31 33 44 33 32 32 33 33 30 36 36 43 44 41 44 46 45 47 56 60 57 45 34 41 49 50 51 48
19 18 18 18 19 20 25 20 20 22 19 19 23 24 23 19 23 23 20 24 27 23 31 30 35 29 25 26 25 30 31 24 25 24 23 24 29 32 40 39 37 27 34 45 44 45 45 34 43 45 45 35 35 28 28 28 25 30 34 30 30 35 36 36 33 28 27 39 28 31 44 44 40 32 35 35 29 33 40 44 45 41 42 42 47 38 44 60 53 50 46 49 51 59 52 51
18 22 19 19 18 19 20 26 26 23 20 20 19 19 19 19 23 30 30 20 23 20 24 31 31 25 21 25 23 26 26 24 29 27 26 30 30 25 37 31 39 32 32 43 32 28 28 32 29 33 32 32 29 33 29 30 30 30 37 35 26 26 38 38 32 32 33 39 28 33 48 44 33 32 35 39 40 36 36 40 41 44 46 42 42 47 59 60 61 58 41 49 51 59 52 51
18 26 26 27 22 19 23 20 23 20 20 20 23 20 20 20 21 21 20 23 24 21 21 22 22 24 29 22 26 23 27 29 25 23 26 30 26 24 39 39 39 38 24 24 23 27 32 33 27 33 33 28 28 25 33 36 36 36 37 37 26 35 27 30 30 36 32 27 31 31 39 39 33 38 34 39 39 40 43 43 45 44 44 45 42 47 59 60 60 61 61 57 62 59 60 60
22 24 24 24 24 28 19 19 19 20 19 19 20 21 23 24 24 24 22 20 24 28 24 21 21 22 29 30 26 30 30 32 29 23 25 26 26 26 28 41 37 41 38 26 25 27 37 37 37 39 38 38 43 29 28 28 25 30 37 37 31 32 26 27 31 31 27 32 33 27 28 34 38 42 51 43 43 42 44 44 44 44 42 42 47 56 59 52 46 47 48 54 54 55 64 53
23 29 24 29 19 24 29 23 23 20 20 20 20 21 21 28 32 28 23 22 29 28 24 21 21 25 29 29 23 26 29 30 34 34 25 30 30 30 23 33 31 40 41 32 25 27 33 33 41 42 39 42 33 43 27 28 34 29 36 47 37 26 26 26 26 37 31 31 33 27 31 38 41 42 54 51 43 44 53 44 45 41 30 31 45 57 58 46 47 48 48 49 63 49 57 53
23 28 28 29 24 25 25 29 19 20 20 20 21 24 25 28 33 28 25 25 21 21 21 21 21 24 25 29 26 23 23 23 26 34 26 25 30 30 26 31 32 31 39 37 26 27 27 32 41 32 41 37 26 42 34 27 29 29 34 48 47 37 31 31 32 30 31 31 33 27 31 31 38 42 51 55 43 44 43 43 44 45 42 42 46 59 52 59 59 47 48 53 54 55 55 64
21 23 22 20 19 19 19 23 20 23 19 20 20 21 27 24 29 25 22 21 21 24 29 22 28 22 22 22 22 22 22 24 27 32 36 26 26 30 30 24 29 27 31 39 37 31 41 41 32 25 25 26 29 39 33 29 33 36 46 49 42 48 35 35 36 36 39 39 40 41 38 34 34 41 41 39 35 36 36 41 36 41 42 45 46 60 60 61 59 61 62 60 61 61 62 64
32 23 23 20 26 23 23 20 21 21 19 28 23 21 22 22 25 22 26 22 20 28 28 26 38 37 38 40 31 25 29 40 39 35 38 26 23 22 22 23 23 23 26 41 40 40 36 26 42 25 32 25 29 39 27 44 45 49 49 42 43 49 47 39 48 48 52 49 53 51 38 39 39 41 41 39 39 40 34 36 41 44 45 55 59 60 60 61 54 59 62 59 63 60 48 51
20 20 23 23 23 23 23 23 20 21 21 21 21 20 24 22 23 22 23 25 28 21 22 25 33 30 31 30 39 30 29 37 37 34 30 26 25 26 30 26 23 24 27 40 36 30 25 25 26 36 36 32 32 26 29 45 47 39 41 42 42 36 49 48 39 40 40 37 33 40 41 42 42 35 35 28 33 29 29 30 37 42 55 55 56 57 60 52 54 54 53 54 63 63 60 53
23 23 26 31 20 23 30 30 24 20 20 20 20 24 30 31 25 22 24 28 28 28 28 25 35 29 34 34 37 37 37 37 29 26 22 26 30 27 27 27 26 23 27 36 39 26 30 30 23 41 41 32 27 24 28 45 48 41 34 41 36 43 51 39 39 39 37 37 37 40 50 54 51 43 42 39 35 36 29 37 45 55 58 59 59 60 60 61 61 61 59 54 60 61 60 53
20 20 26 32 23 23 31 30 29 24 29 23 24 30 32 32 25 22 33 24 28 33 36 33 37 36 29 28 39 34 37 37 29 29 26 30 26 31 27 27 23 24 26 39 36 25 22 25 23 31 41 26 27 27 32 36 35 47 34 35 36 51 51 52 49 39 39 39 37 41 54 54 55 43 43 42 35 40 44 42 46 55 58 57 60 57 60 53 61 58 59 62 62 63 60 51
26 34 32 28 28 23 30 31 29 30 30 29 30 32 26 31 31 21 25 25 28 28 36 33 37 30 30 27 37 29 37 33 37 37 29 23 23 30 31 30 27 24 23 30 39 30 25 31 31 37 41 32 26 26 24 33 45 41 41 41 42 43 44 50 49 40 39 37 37 50 42 42 42 43 43 40 43 43 44 42 42 45 47 56 57 60 58 58 58 58 59 62 60 60 52 48
26 26 26 24 20 31 20 25 24 31 24 24 30 31 26 31 31 32 21 25 25 28 33 29 26 30 36 37 37 34 37 37 28 37 38 30 30 26 26 26 26 24 31 39 40 40 40 40 37 40 38 26 26 27 24 33 49 33 50 57 51 52 59 52 50 40 39 40 40 50 41 39 39 40 43 43 41 41 44 45 42 31 31 43 56 60 58 49 48 45 50 59 51 50 51 48
40 24 24 24 34 37 21 32 20 27 32 27 24 22 21 25 30 27 31 21 22 21 21 22 29 28 38 37 37 34 34 37 37 28 28 38 26 30 26 23 26 23 24 31 31 31 31 27 31 41 32 26 24 24 33 36 47 46 50 34 42 42 43 38 45 54 43 40 40 50 41 39 35 35 40 36 36 37 41 45 42 38 46 36 39 44 45 48 61 50 49 46 46 50 52 51
45 45 47 45 39 21 38 23 29 34 32 27 24 21 21 21 21 25 30 25 21 21 21 34 37 38 39 37 33 37 37 26 22 35 38 35 30 26 30 26 24 23 24 24 27 31 41 42 41 41 38 32 32 35 35 35 45 46 37 48 42 35 42 38 45 41 38 38 34 41 41 39 35 28 34 29 34 29 30 30 35 36 36 31 46 49 45 48 49 52 46 46 50 47 42 48
31 31 31 31 40 42 25 35 21 20 24 35 22 26 31 25 25 21 21 28 33 29 29 36 32 37 37 33 27 27 33 38 22 30 38 35 23 26 23 30 36 30 27 24 27 31 37 41 41 41 42 28 23 34 36 36 46 37 36 47 51 42 52 36 50 41 40 40 35 39 35 35 35 39 40 40 29 36 29 37 37 38 30 38 43 47 49 59 59 52 51 46 33 34 34 34
46 40 47 47 40 32 48 34 35 24 22 21 25 31 32 22 25 31 21 36 35 36 34 36 22 36 34 33 22 23 23 29 30 30 38 38 26 26 26 24 27 27 27 31 31 37 41 42 38 41 42 34 28 27 24 29 46 37 31 37 51 49 42 43 45 50 40 28 28 35 40 42 34 36 36 40 36 34 41 37 37 38 30 30 30 31 47 49 58 59 51 60 47 47 34 40
48 48 48 47 48 33 40 47 41 35 39 22 33 31 32 22 22 26 21 34 36 36 34 34 32 22 37 33 22 23 24 24 40 30 35 35 35 24 26 24 27 27 27 28 31 32 38 43 42 42 44 35 41 34 34 29 30 34 25 35 48 48 49 36 45 50 39 33 34 34 39 40 36 36 36 36 36 34 28 37 29 30 30 30 30 44 47 49 58 61 59 60 47 42 34 34
47 47 47 40 41 22 41 43 49 44 42 39 21 32 33 25 30 30 22 36 36 37 26 23 26 27 23 22 23 21 21 22 41 35 35 36 30 30 36 27 27 31 31 25 25 29 34 44 44 43 34 35 42 45 44 44 45 36 29 26 37 38 52 41 50 40 37 37 33 34 38 41 35 35 40 36 36 40 41 29 35 35 29 38 38 43 44 44 48 59 59 49 50 50 50 48
31 47 46 48 49 32 32 49 48 42 42 35 24 22 33 22 25 25 25 30 30 26 26 30 34 37 22 33 21 24 21 23 38 32 37 23 23 27 39 39 36 40 40 29 35 34 43 45 46 44 44 46 47 43 35 34 45 46 37 29 37 51 51 52 41 37 40 40 43 40 40 38 39 35 28 36 43 36 41 46 41 42 45 59 43 60 47 47 48 45 49 51 52 52 54 62
35 41 46 47 49 48 33 23 33 50 50 44 26 30 32 26 25 26 37 34 22 22 22 37 37 27 27 27 22 23 23 21 34 38 39 24 27 23 36 31 36 24 24 36 41 38 42 44 41 46 45 42 30 34 29 34 35 45 36 29 25 37 38 48 40 39 40 37 33 33 34 32 32 27 40 40 28 28 36 46 55 55 50 49 42 57 47 47 45 45 46 49 47 50 54 48
33 32 33 47 48 49 50 42 49 23 23 24 49 37 36 26 26 30 37 30 22 26 23 31 35 38 33 38 31 37 34 28 28 36 36 27 24 24 24 27 40 30 24 36 32 38 32 38 40 34 34 45 37 29 31 27 27 30 44 45 36 29 29 35 36 39 37 33 37 37 40 27 34 33 27 28 28 28 41 44 46 55 56 50 56 57 37 31 40 48 62 54 63 50 51 51
31 32 33 47 47 47 49 50 51 50 33 42 43 50 40 22 34 31 26 26 27 27 26 31 31 31 31 31 23 35 38 34 38 36 36 27 27 27 23 24 31 37 27 28 32 28 32 29 33 39 44 29 46 41 30 30 30 35 45 42 28 30 31 31 36 39 39 37 33 37 40 34 33 27 27 40 35 28 41 36 44 46 48 56 46 46 44 39 45 45 51 52 52 61 50 51
31 32 32 42 42 47 48 48 50 50 24 43 43 34 47 37 26 34 31 31 27 27 23 35 31 31 35 31 27 31 34 34 39 32 36 31 27 27 24 27 24 37 37 28 28 28 32 25 33 40 41 41 41 44 39 34 31 35 41 42 30 25 38 36 25 32 36 38 38 37 38 34 27 35 39 44 46 36 28 41 44 42 37 48 49 46 44 40 45 48 49 46 52 63 61 51
33 36 38 34 32 42 42 48 51 50 34 34 34 24 44 46 38 36 35 24 24 23 27 26 35 38 38 36 36 39 38 34 36 27 36 39 31 27 24 27 24 31 28 25 25 29 40 29 29 39 44 43 44 44 40 34 41 41 45 46 29 24 31 35 36 36 36 42 42 37 38 41 34 41 45 53 57 46 36 41 47 47 45 48 49 48 50 47 48 51 48 46 41 50 62 51
39 39 39 39 38 32 34 34 48 50 34 24 24 34 25 34 48 26 37 26 27 23 28 24 35 38 38 36 38 36 36 36 27 27 32 24 37 27 27 28 32 28 25 25 26 44 47 44 39 43 44 41 40 39 34 35 46 42 36 46 43 24 37 39 41 38 39 39 41 37 41 38 38 55 53 56 53 54 40 41 55 55 48 48 57 60 58 47 45 40 40 38 32 42 50 51
40 40 38 39 39 34 34 43 34 49 49 51 35 25 52 35 35 52 38 26 38 27 24 32 33 38 39 36 39 36 32 28 28 27 27 27 31 37 37 37 38 32 28 28 29 40 28 44 43 39 40 33 39 40 34 42 42 47 45 38 43 29 39 39 39 49 42 39 42 41 38 38 41 44 53 53 56 57 54 57 54 49 59 59 57 48 47 44 45 40 41 41 39 47 54 54
42 40 40 47 42 37 34 33 43 49 51 52 43 35 25 53 53 52 38 30 28 37 39 38 39 38 38 38 28 39 32 25 25 34 32 25 28 37 40 38 28 24 24 28 35 25 40 43 43 40 44 44 43 33 27 28 29 29 25 34 29 30 30 31 30 38 45 30 25 26 26 26 38 39 45 56 53 57 54 57 55 44 45 45 47 48 47 47 45 48 49 41 32 42 51 63
48 42 42 41 41 41 38 39 33 49 49 49 52 44 52 25 35 45 54 52 24 26 27 33 38 36 36 36 39 40 33 28 28 25 25 24 24 25 25 25 25 24 28 28 35 30 26 44 40 35 27 27 26 26 23 28 28 28 25 34 36 30 45 45 37 32 37 48 32 25 26 32 34 44 45 56 56 53 57 57 54 41 37 42 43 38 44 44 51 52 46 41 32 42 51 63
43 44 44 43 41 40 38 37 35 33 49 45 50 52 52 44 36 35 54 47 39 42 21 39 24 30 25 28 37 30 29 33 28 29 26 29 24 28 25 25 25 25 25 25 25 26 29 27 39 26 29 38 46 38 32 27 41 42 28 25 49 35 47 47 37 37 43 39 31 33 38 26 34 53 53 42 54 57 57 58 54 56 42 38 38 36 44 47 49 50 46 47 47 42 43 55
43 44 44 49 47 44 39 37 37 33 43 35 50 50 50 53 36 26 47 50 50 31 24 36 35 37 31 26 34 34 34 34 28 29 27 29 33 25 28 33 28 28 38 29 25 25 26 33 43 27 29 45 45 49 36 27 41 45 35 28 24 30 47 36 43 43 49 31 33 37 38 42 42 43 56 54 57 53 54 54 49 56 45 42 38 39 50 51 51 46 50 50 50 48 43 52
49 49 44 49 48 44 40 37 38 33 45 45 45 50 51 53 36 26 47 53 50 48 32 39 36 26 25 32 30 39 36 35 26 26 26 34 29 38 38 41 37 37 41 41 42 42 42 43 25 26 32 45 30 39 38 27 34 35 28 28 28 47 36 32 48 46 31 25 37 43 42 44 53 43 44 54 57 47 48 39 49 48 57 47 43 44 50 59 60 50 50 55 52 48 44 49
44 44 44 44 48 44 40 39 39 38 33 45 50 52 52 54 26 36 55 53 50 50 40 33 25 31 36 31 26 35 43 43 32 32 29 35 39 37 37 32 24 24 31 33 33 38 42 43 25 23 34 38 36 36 38 23 29 33 33 34 28 47 32 37 45 30 25 31 37 52 44 53 56 54 57 47 47 38 48 54 58 56 49 47 50 47 44 51 60 50 50 54 55 49 56 56
49 44 49 49 41 41 41 40 42 39 38 35 35 50 53 53 54 54 36 36 54 54 51 31 27 38 30 37 33 32 44 40 32 32 31 30 39 42 37 24 24 25 31 38 38 43 44 43 26 23 34 34 32 29 29 27 45 45 41 41 42 36 47 48 30 25 25 39 52 51 55 53 53 54 56 57 57 57 47 48 48 42 43 50 44 44 47 49 50 50 47 43 44 56 65 66
