ecocropFuture/tif/c6/rcp585/ACCESS-CM2/prec_10.asc
ncols        683
nrows        518
xllcorner    -87.691666666667
yllcorner    10.708333333333
cellsize     0.008333333333
NODATA_value  nan
[rows 252 to 293 of 518, columns 94 to 187 of 683]
493 507 507 521 487 484 489 483 487 486 482 482 485 504 503 492 505 514 514 513 503 503 503 503 492 502 511 511 505 494 504 502 491 498 475 475 468 468 468 465 472 497 472 467 448 457 500 504 432 321 302 306 336 357 353 341 308 308 329 328 331 309 304 311 294 287 293 296 301 310 306 307 310 299 301 305 313 302 293 299 297 287 270 259 228 271 268 256 232 249 253 255 250 242
508 508 522 491 486 486 486 491 491 487 487 487 487 506 506 507 506 486 515 493 495 490 489 495 493 510 484 512 506 505 505 510 507 505 477 471 471 470 469 474 466 466 466 465 462 458 506 488 450 344 327 300 317 323 329 319 311 310 317 321 349 332 336 321 307 297 296 295 299 306 299 299 301 295 297 304 304 303 300 302 307 302 280 273 226 263 270 269 248 229 256 253 262 250
509 522 522 524 491 487 490 493 487 489 489 489 518 518 517 506 517 515 515 506 492 490 490 492 512 510 482 484 506 505 505 505 502 501 503 471 470 471 469 499 474 466 466 494 493 462 480 419 349 311 333 335 293 291 318 314 321 319 310 323 339 361 352 315 304 303 303 300 300 309 297 292 298 288 296 299 300 296 300 296 291 279 273 262 226 263 252 260 232 258 265 264 252 242
497 524 524 492 491 487 487 493 487 490 489 489 508 520 487 517 515 486 486 514 504 492 493 492 502 484 512 512 513 495 495 505 503 507 478 478 477 477 502 474 468 469 495 495 519 516 439 403 383 385 344 319 315 316 306 308 304 315 326 317 323 347 354 312 308 301 290 300 299 292 276 294 298 299 293 290 286 293 294 294 290 280 279 284 258 226 254 235 254 258 248 254 243 225
495 495 498 495 497 522 488 491 491 490 490 490 508 520 507 517 487 487 515 504 485 513 513 486 510 485 513 513 512 512 510 510 495 502 505 503 503 503 497 501 476 497 541 541 518 447 422 436 423 398 342 311 301 315 325 315 324 317 322 339 334 365 353 299 327 321 310 316 312 302 309 297 297 309 294 293 289 285 288 290 291 283 280 286 262 241 239 264 263 260 269 256 245 225
495 495 498 498 497 510 493 488 493 491 508 510 521 520 520 507 517 517 517 504 513 513 483 483 482 485 485 513 495 494 510 507 505 502 499 499 499 498 488 495 476 470 497 522 541 518 408 415 417 406 366 346 326 323 318 325 317 319 324 358 350 339 349 342 332 336 312 330 325 303 312 291 291 309 293 290 292 293 284 288 284 280 261 275 273 264 270 278 275 272 271 249 245 243
496 496 513 526 512 525 525 494 523 492 522 511 511 491 519 497 508 507 507 515 514 514 486 484 483 485 479 486 507 494 507 506 496 504 502 490 500 500 492 488 502 470 499 523 541 520 493 380 405 422 418 393 353 326 320 334 325 332 342 377 369 384 363 355 344 340 298 316 342 326 300 315 294 312 300 298 296 293 291 297 282 286 274 278 267 266 272 262 259 257 253 250 267 245
498 501 501 513 512 512 495 495 495 494 522 492 492 521 519 521 508 507 507 517 515 504 514 486 485 479 479 485 486 496 496 496 494 494 502 500 500 500 502 498 502 477 471 499 496 542 535 413 392 423 426 387 335 319 320 332 342 350 359 381 395 378 363 360 322 354 299 294 346 331 315 312 305 304 302 310 308 306 287 298 280 278 275 274 270 269 285 266 262 244 256 253 268 245
501 515 513 515 514 512 525 491 491 494 494 492 488 488 491 486 490 518 507 505 505 505 505 505 513 485 485 511 513 513 506 496 496 504 502 507 500 490 490 488 498 502 477 471 470 521 518 530 499 402 420 404 373 332 319 328 346 367 375 369 348 360 367 366 336 347 357 351 322 317 307 301 313 302 304 313 302 299 292 287 282 280 276 276 253 280 254 253 250 246 242 240 252 249
499 528 528 528 526 514 514 525 525 511 524 522 490 488 493 493 491 486 490 489 515 515 507 515 513 513 511 485 511 490 503 511 513 511 503 503 503 492 488 489 488 498 496 468 470 469 466 488 528 434 411 420 405 365 338 354 361 336 331 338 327 363 369 387 377 380 358 332 325 327 324 307 305 315 306 314 313 303 310 305 291 280 297 278 284 292 289 269 265 264 260 257 253 252
538 521 495 495 498 526 526 526 514 500 500 500 511 511 493 487 535 515 486 489 515 515 489 515 514 486 486 513 513 504 511 511 486 511 509 482 489 485 483 485 498 478 502 477 469 467 493 463 532 434 404 398 409 366 356 385 367 330 342 351 369 364 371 395 384 383 366 346 331 313 322 309 300 300 299 306 303 300 296 306 286 265 280 290 286 277 277 270 286 283 280 259 257 253
540 522 502 530 529 516 502 502 499 498 489 496 513 513 522 522 488 494 492 508 518 518 490 488 488 488 490 487 514 488 487 480 479 474 480 523 468 444 444 454 497 497 501 500 475 465 467 492 511 435 406 400 375 360 374 358 329 319 360 371 393 398 395 399 390 382 360 343 321 329 311 310 311 307 306 309 317 305 301 309 289 288 293 303 300 279 261 276 256 270 264 263 258 263
507 498 530 530 529 516 516 503 499 498 498 498 513 496 523 522 494 495 494 519 518 490 490 490 487 481 487 488 488 488 480 479 479 479 480 514 512 476 465 479 461 490 490 475 465 464 465 487 483 499 406 409 397 415 372 323 309 345 376 383 391 371 377 395 392 387 359 350 330 344 316 311 322 304 306 302 298 313 312 308 292 296 292 289 289 285 264 261 258 268 285 283 279 256
507 507 532 519 516 529 529 529 503 502 502 502 515 525 523 495 489 495 488 492 518 491 508 516 488 487 487 487 481 488 514 472 460 460 507 528 533 458 456 468 455 459 472 466 462 465 465 480 479 523 404 400 395 391 388 343 312 352 381 395 397 372 379 395 392 393 378 376 363 349 334 336 314 304 303 303 305 298 314 313 304 303 300 292 292 289 266 264 261 258 270 266 282 240
505 499 532 532 518 518 530 530 529 515 527 527 515 526 496 491 491 496 495 522 519 508 495 506 515 481 514 487 487 480 480 480 472 444 477 528 544 501 461 494 518 478 476 493 468 462 461 451 467 504 496 490 468 392 373 384 340 348 370 390 402 397 394 401 398 387 370 359 365 359 345 326 311 307 306 301 301 301 305 303 308 305 304 354 349 374 344 266 264 260 271 287 274 244
533 519 519 519 518 530 503 498 498 503 503 495 494 499 491 491 498 491 523 499 485 485 495 495 488 488 514 514 488 486 486 479 473 509 528 526 542 526 456 464 478 473 519 490 492 465 460 446 444 522 521 481 404 399 395 366 387 377 355 360 354 371 368 376 375 365 348 372 342 330 356 322 312 314 303 284 309 310 321 309 298 303 360 384 299 360 357 371 266 277 282 270 248 226
503 534 534 521 533 506 509 526 526 524 505 496 503 503 493 492 492 492 492 513 499 499 492 496 506 489 515 515 513 487 485 484 478 474 529 526 526 505 502 469 485 510 520 537 494 466 462 449 474 470 501 519 419 408 376 368 355 397 390 360 388 390 393 393 370 363 348 355 345 336 309 329 332 310 308 313 315 315 320 293 282 281 285 360 384 380 377 371 291 281 286 255 267 270
549 529 529 511 510 527 527 550 456 455 548 541 505 524 502 500 499 499 492 489 488 512 509 509 516 515 505 492 505 512 478 510 510 482 506 505 505 503 503 485 459 470 470 496 515 465 462 451 456 477 520 517 420 415 411 400 376 360 367 390 484 487 451 392 391 356 360 351 327 355 339 324 320 313 313 322 296 296 300 295 285 288 377 362 305 279 276 290 305 292 259 270 278 275
510 510 510 511 549 529 527 512 431 429 429 512 541 541 540 500 523 523 498 489 486 495 493 519 508 506 505 513 513 510 478 484 509 530 541 538 537 523 503 491 471 470 496 495 513 490 462 453 456 483 520 519 420 395 389 469 486 383 371 392 486 488 486 451 454 453 450 436 338 340 337 346 325 328 311 320 296 301 305 300 319 308 393 386 299 297 288 307 287 265 278 282 292 289
510 457 432 432 510 550 529 544 512 510 455 510 512 548 540 548 548 540 523 496 488 488 495 493 517 516 505 515 513 485 480 484 482 527 527 524 523 522 502 501 473 498 496 494 513 510 463 485 485 481 519 490 488 394 400 408 461 479 397 464 491 459 455 458 391 451 448 444 374 375 337 332 328 342 338 309 308 330 308 306 297 293 367 353 276 295 307 307 298 282 286 277 296 292
550 456 455 497 431 550 529 529 546 543 543 543 510 454 452 510 510 548 548 522 520 495 493 493 492 491 489 489 513 510 485 478 509 508 505 523 523 502 474 473 471 496 495 515 512 524 510 509 508 499 501 488 395 394 390 386 459 430 452 488 491 396 395 390 455 448 473 440 431 342 336 364 346 357 330 302 304 302 332 304 299 295 315 284 280 297 309 290 290 288 303 290 300 294
548 511 458 511 551 531 514 531 547 545 544 544 511 430 429 550 541 541 541 523 538 538 520 520 493 492 485 490 490 487 479 485 483 483 481 479 504 471 469 474 472 465 464 462 490 510 524 522 493 518 500 515 395 432 428 424 381 357 349 380 461 396 372 372 456 450 446 424 419 326 342 359 367 321 314 319 310 304 311 321 301 296 287 284 290 286 296 293 291 253 295 293 249 297
533 517 548 517 516 506 504 513 513 510 510 508 508 550 550 525 499 499 523 497 521 521 494 494 493 492 485 490 483 487 486 485 510 509 481 479 478 471 476 467 472 464 469 468 464 463 508 492 507 504 513 481 395 392 428 425 411 332 326 337 387 395 392 459 455 362 445 373 355 320 341 371 345 343 325 330 326 347 316 294 294 311 310 287 290 302 298 302 304 291 296 306 304 273
531 531 533 534 533 516 506 514 547 530 510 500 500 528 525 523 537 517 520 521 497 521 521 494 493 492 490 483 489 487 486 511 483 482 507 538 524 521 521 499 471 464 462 467 464 457 508 489 489 486 515 485 415 481 410 409 400 364 350 456 391 395 460 457 453 384 383 376 350 345 348 370 364 368 368 367 362 312 301 292 290 292 291 288 286 304 298 296 278 288 257 255 297 276
513 514 548 550 533 533 533 533 547 545 530 530 530 508 506 541 541 538 537 535 518 521 521 494 493 485 517 516 489 513 511 510 483 479 475 502 523 523 521 518 517 496 468 467 464 463 486 520 520 483 481 482 481 478 502 504 495 467 463 489 463 461 394 391 387 361 358 358 377 374 348 348 330 371 370 368 348 340 330 317 313 310 310 309 306 305 306 308 290 292 284 287 257 297
511 533 550 553 534 534 534 533 548 545 530 530 545 530 527 542 541 540 537 545 535 537 537 494 493 485 517 490 489 487 511 528 528 476 473 495 472 500 502 517 515 496 468 493 489 463 486 506 486 417 415 414 510 507 471 405 465 495 497 492 492 460 457 456 450 380 375 372 435 426 356 338 324 334 358 359 368 347 323 320 318 322 318 310 290 308 308 320 293 297 292 285 287 258
511 532 551 551 535 535 550 535 550 548 547 531 531 531 508 528 542 548 548 539 522 538 545 521 519 518 533 491 483 514 529 529 509 509 477 495 500 501 502 494 528 526 494 467 465 463 507 505 483 416 415 392 477 474 407 383 400 459 497 493 461 383 392 365 360 353 335 392 400 391 393 327 322 345 380 368 362 358 351 317 312 319 325 328 295 311 308 325 305 295 296 294 287 292
515 524 515 551 517 535 535 550 550 551 551 547 547 531 508 507 505 542 548 546 545 538 545 545 504 504 502 532 490 486 509 508 483 508 502 504 504 532 495 430 493 404 425 523 490 463 487 483 417 406 391 391 388 472 470 383 380 375 400 397 374 411 403 379 370 370 352 321 343 338 340 340 343 358 362 380 359 373 337 332 309 302 309 323 322 329 329 327 318 294 287 288 291 298
512 515 512 534 534 531 532 517 535 454 454 551 547 547 508 498 497 527 541 545 545 504 446 444 443 502 442 501 532 539 525 497 491 502 505 522 495 431 431 428 404 404 425 522 509 508 507 481 395 405 404 402 401 474 502 501 380 388 419 407 408 397 392 380 357 348 361 339 339 334 333 343 356 371 363 370 358 336 343 335 319 305 298 306 305 316 323 314 304 315 315 295 291 265
510 532 528 550 550 550 550 550 552 454 454 551 551 549 544 528 507 527 541 545 545 543 504 543 442 442 440 500 500 498 525 511 504 490 501 522 532 493 407 421 446 445 452 400 483 518 516 416 414 412 390 409 472 472 502 382 391 390 419 418 404 398 400 397 388 368 349 350 332 322 341 337 351 347 363 361 342 336 328 312 310 320 306 309 318 305 314 315 311 307 305 295 292 269
475 537 544 508 454 454 552 550 550 551 551 508 549 549 548 548 542 542 541 545 543 543 536 542 500 440 440 500 439 436 495 511 502 511 498 493 530 491 422 456 455 444 452 449 413 396 416 479 414 412 410 472 470 469 402 380 391 411 409 418 415 411 394 367 366 360 350 345 338 312 334 340 333 359 374 346 342 355 347 324 335 330 310 308 308 308 315 322 305 300 296 296 294 294
485 498 549 508 453 431 509 509 552 548 548 508 551 551 506 505 505 548 505 503 502 545 537 537 542 499 440 440 438 413 413 533 481 510 530 492 430 429 422 457 456 453 443 442 437 396 396 415 477 411 410 471 470 406 382 425 392 421 409 418 407 414 396 370 352 345 348 348 347 336 342 355 364 359 349 346 342 376 361 330 326 324 304 311 309 307 324 314 315 308 303 297 297 297
440 448 452 508 429 453 508 508 549 549 548 549 549 545 548 505 448 448 503 445 545 543 537 536 540 540 440 438 437 436 434 494 525 530 530 429 429 405 422 456 454 443 442 450 447 436 443 393 412 472 408 407 406 383 395 424 425 421 421 409 407 405 403 393 365 337 327 347 349 354 346 357 365 376 349 361 358 339 336 338 333 307 323 326 310 309 310 307 307 303 303 301 301 301
420 425 426 427 426 451 548 545 545 528 528 528 525 525 523 526 543 447 447 501 543 543 522 520 535 498 539 537 496 434 412 492 532 532 429 406 423 405 448 454 453 451 450 440 437 436 443 442 411 471 407 386 385 397 427 414 424 410 409 405 403 414 411 410 398 387 380 358 356 365 382 376 376 386 365 361 375 367 354 330 331 308 322 327 311 314 309 307 315 305 299 302 299 293
420 545 502 502 544 542 522 485 491 496 494 494 491 492 492 522 542 502 422 499 539 522 522 498 533 539 495 537 495 433 433 491 430 407 423 463 461 460 448 443 444 443 450 449 437 444 443 407 390 407 468 406 383 382 427 424 422 420 418 414 413 414 409 396 394 391 403 401 383 394 376 383 391 379 349 364 343 341 356 349 314 305 331 312 317 310 309 310 307 305 303 303 303 302
420 445 445 535 429 486 522 475 496 476 471 472 479 491 491 521 545 422 444 442 542 522 520 520 533 537 494 413 413 430 409 489 430 407 405 463 461 420 458 446 451 450 442 447 436 408 391 390 439 401 406 404 397 429 425 424 422 374 372 384 413 413 411 396 392 405 388 387 399 387 386 393 390 388 386 346 347 335 309 298 330 341 344 335 315 313 309 309 310 306 305 303 303 303
447 420 417 428 409 410 510 500 500 500 495 496 502 477 527 539 544 445 422 442 497 537 537 536 534 533 537 435 435 410 431 489 429 407 406 404 404 421 401 417 455 451 449 448 437 434 442 433 440 426 401 403 382 396 392 391 395 394 387 415 413 401 412 397 404 403 400 398 400 397 385 375 386 352 368 345 353 333 308 347 332 299 297 334 329 305 307 309 309 302 305 305 305 305
502 420 490 474 411 411 414 377 397 395 437 475 487 470 526 540 497 422 420 441 496 541 536 540 493 537 531 536 490 489 489 429 407 425 404 425 483 482 401 420 416 442 441 448 445 444 434 420 419 427 436 398 381 395 392 395 394 373 387 415 413 400 398 395 404 403 400 386 390 397 379 389 357 352 378 371 359 327 302 361 356 326 311 330 340 335 329 291 312 316 308 304 301 300
495 500 486 479 475 459 444 420 419 419 365 390 453 513 527 540 540 442 420 416 439 439 438 438 412 490 536 490 432 487 531 486 405 468 403 403 423 480 421 397 416 454 451 438 435 431 430 420 419 423 424 398 431 429 392 376 374 373 386 415 402 400 398 409 407 390 389 401 400 396 378 389 386 383 381 360 341 333 307 367 366 361 341 339 340 342 329 294 318 312 319 316 302 316
490 493 489 479 477 464 454 427 440 437 435 400 390 402 489 539 540 540 496 439 439 415 472 470 480 434 432 476 431 428 428 428 427 404 424 423 423 479 420 417 396 416 414 411 435 431 421 420 419 427 423 433 396 395 391 374 373 387 406 415 413 411 409 400 390 387 386 401 398 396 378 389 374 388 374 356 341 307 327 317 355 311 344 341 331 336 292 314 329 326 311 323 324 331
492 495 492 483 476 476 470 472 470 466 457 447 459 469 412 492 537 537 493 492 438 438 476 468 472 466 431 469 463 427 427 469 425 404 423 423 421 420 418 475 416 395 411 449 435 421 396 419 417 423 424 431 431 378 394 392 452 372 370 386 384 383 409 395 390 394 393 391 390 381 378 392 379 368 349 355 341 330 340 348 330 308 343 318 320 333 316 336 335 335 332 342 339 323
494 491 494 487 483 490 435 486 432 407 411 391 423 434 437 437 436 436 536 488 537 436 436 411 432 466 477 476 429 427 426 405 405 425 402 401 401 461 447 457 415 414 440 439 433 397 397 384 394 415 421 432 396 394 392 374 392 450 488 485 484 443 382 377 373 402 388 386 399 381 391 389 389 388 368 347 346 355 352 342 331 322 306 340 324 320 337 341 339 345 344 330 341 337
