ecocropFuture/tif/c6/rcp585/ACCESS-CM2/prec_3.asc
ncols        683
nrows        518
xllcorner    -87.691666666667
yllcorner    10.708333333333
cellsize     0.008333333333
NODATA_value  nan
[rows 110 to 164 of 518, columns 288 to 383 of 683]
42 40 38 38 38 41 43 43 43 43 45 45 46 45 46 45 45 45 45 48 47 46 47 43 43 44 47 48 49 48 52 52 50 51 51 53 54 54 52 51 51 51 54 55 55 54 53 53 51 51 52 53 56 60 57 56 58 58 60 60 60 60 61 61 64 65 62 61 62 61 62 63 64 63 62 64 65 65 63 65 66 68 67 66 66 72 74 67 65 63 65 62 59 63 67 69
37 38 39 39 39 41 43 43 43 44 46 46 45 44 44 44 45 46 47 47 46 47 47 42 42 45 48 47 49 49 52 52 50 51 51 51 52 50 52 55 53 53 55 55 55 54 53 54 52 51 52 55 57 60 56 56 56 57 58 60 59 59 60 60 62 63 62 65 66 66 66 63 63 63 63 62 63 65 65 65 68 68 65 66 68 69 74 71 66 67 66 62 60 61 65 69
37 37 38 43 43 42 43 43 43 44 45 45 46 43 44 44 44 47 47 47 48 47 45 42 42 42 45 47 51 51 51 52 52 52 50 51 52 54 54 55 53 53 53 54 55 55 54 54 53 52 55 55 56 59 57 57 58 56 58 59 57 58 58 60 61 62 65 62 66 64 66 67 63 63 63 65 65 64 65 66 68 69 69 69 69 69 69 75 70 70 65 62 60 60 62 66
37 37 37 38 42 42 42 43 43 43 44 45 45 44 43 43 44 46 48 47 47 46 46 47 42 43 47 48 51 49 50 50 50 51 50 49 51 54 54 52 53 53 54 56 55 55 56 55 54 53 54 55 56 57 60 57 58 60 61 60 60 59 59 59 58 62 64 65 65 66 64 64 63 65 64 65 65 64 65 67 74 69 67 68 69 69 70 72 71 68 64 62 61 61 64 68
37 37 37 38 40 39 43 42 41 43 43 45 44 44 43 43 43 45 44 45 48 47 46 46 47 45 47 50 48 49 48 48 48 48 51 50 51 54 54 52 51 51 51 52 56 54 54 55 54 54 54 55 56 56 57 57 57 57 58 58 57 59 60 60 60 61 63 64 63 64 67 62 65 66 67 67 65 66 70 71 73 74 70 68 69 70 70 73 72 70 66 65 64 66 69 71
37 37 37 41 42 42 42 42 45 42 43 44 43 44 43 43 43 43 47 47 48 47 47 46 46 47 50 49 48 47 48 48 48 48 49 51 51 51 52 54 51 51 51 52 53 53 54 57 54 55 54 55 55 55 56 56 56 56 56 56 56 56 58 58 59 60 62 63 64 64 65 64 69 67 68 65 68 72 72 72 69 68 75 72 71 72 73 74 72 69 63 65 64 65 70 70
39 41 42 42 42 42 42 43 43 43 44 46 44 43 43 43 44 46 46 48 47 46 46 49 47 48 48 50 48 47 47 48 47 47 48 50 51 53 54 54 54 51 51 53 53 53 56 55 57 54 56 57 56 57 56 55 56 56 55 54 55 56 58 58 57 59 61 61 63 64 64 65 65 64 61 63 64 66 69 68 69 69 72 72 70 71 71 70 69 71 70 70 67 70 71 70
40 40 43 43 44 44 42 44 44 45 45 44 43 43 44 45 46 48 46 45 45 45 46 49 49 48 48 50 49 49 49 48 48 48 49 51 52 51 51 50 50 52 52 55 51 51 52 53 54 53 54 57 58 58 55 55 55 56 55 54 54 55 56 57 57 58 61 60 63 64 64 64 62 61 62 65 66 67 73 73 74 71 72 68 64 67 69 70 67 67 72 71 71 74 69 66
40 40 40 43 44 44 44 44 44 44 44 43 42 43 43 45 44 45 45 45 45 45 45 46 48 49 49 48 49 48 49 50 50 52 52 50 51 53 49 50 51 52 51 51 52 52 52 54 56 54 54 55 56 57 55 55 54 54 55 55 55 56 56 57 58 58 60 61 63 63 67 61 60 60 62 65 67 68 68 69 74 71 73 68 67 67 71 70 70 69 72 72 71 72 71 71
40 41 41 41 41 43 42 42 43 44 44 42 43 43 43 44 47 45 44 47 45 45 45 45 47 48 49 49 49 48 47 49 50 50 48 50 49 53 49 50 51 51 51 51 55 55 55 56 54 54 54 54 57 56 55 56 54 54 57 56 56 57 56 57 57 58 58 62 63 66 67 62 63 63 64 64 65 69 69 69 71 72 72 73 73 73 69 69 69 70 68 71 72 72 68 71
40 43 43 41 41 42 41 41 41 44 43 42 42 43 43 44 46 44 44 45 48 48 44 45 45 47 47 46 48 50 49 49 50 51 50 51 50 49 49 49 51 49 47 51 51 51 52 52 53 54 55 53 56 57 57 56 56 57 56 56 55 56 56 57 57 58 59 61 63 65 63 61 64 63 63 64 65 72 69 70 71 71 71 71 74 76 77 75 71 72 71 70 68 68 71 67
40 40 40 40 42 43 42 41 41 44 45 43 42 43 45 45 45 46 44 46 48 48 44 45 46 49 47 46 47 50 49 50 50 50 49 49 50 49 49 49 48 49 47 46 49 51 51 52 52 53 53 54 56 56 56 57 57 59 58 57 55 56 56 56 56 57 58 58 60 60 61 63 65 65 65 64 66 68 70 68 73 74 71 72 75 70 72 74 72 72 69 66 69 66 64 65
41 41 40 40 40 42 43 44 42 42 43 41 42 42 45 44 45 45 47 47 44 46 46 46 47 46 47 47 48 48 48 49 51 50 52 52 51 50 49 49 50 50 51 51 47 51 51 52 52 53 53 53 54 56 57 59 56 55 59 60 58 59 58 56 56 56 57 59 58 58 59 60 64 68 65 64 68 66 65 66 67 67 69 70 69 70 69 69 71 75 68 65 63 63 63 63
40 40 41 41 41 41 42 42 44 44 42 42 42 42 43 44 44 44 46 45 45 46 46 47 47 46 47 47 47 48 49 51 50 49 50 52 50 49 49 49 50 50 50 50 51 51 51 51 52 50 53 53 53 54 56 56 54 52 55 55 60 60 59 58 56 57 56 57 58 58 60 62 63 68 64 64 64 64 65 65 64 64 66 68 66 69 69 71 70 74 71 68 67 66 63 62
36 40 39 40 40 41 41 40 44 42 42 42 42 42 42 44 44 45 46 45 46 47 47 46 46 46 46 46 47 47 48 48 50 50 49 52 52 51 50 49 49 51 49 54 51 50 48 51 51 52 52 57 54 55 54 55 54 55 52 55 56 60 60 61 59 59 59 59 60 58 61 62 66 66 64 64 63 63 64 63 62 62 61 65 65 69 66 66 64 66 69 68 67 69 68 65
36 36 40 39 39 41 41 42 44 42 43 42 42 41 42 45 44 44 46 44 47 46 46 46 46 45 46 46 47 47 47 47 49 50 50 52 50 52 50 49 49 49 49 49 52 51 48 49 53 53 54 54 57 53 54 54 54 54 55 55 55 55 57 56 57 59 60 60 60 59 59 61 61 62 63 64 63 63 61 60 61 62 64 63 62 65 64 62 61 62 66 67 67 68 67 67
37 37 40 40 41 41 42 41 44 42 43 42 42 42 42 44 45 46 44 44 45 44 46 46 46 46 47 47 47 47 47 47 48 49 50 52 50 51 53 51 50 50 49 49 52 51 51 51 52 52 52 53 55 55 53 53 53 54 54 54 55 57 57 58 56 57 59 63 61 61 61 61 61 62 62 62 63 62 61 61 61 63 64 64 62 61 62 61 60 61 66 67 66 67 68 69
35 36 39 40 40 40 40 40 42 41 42 42 42 42 42 44 46 44 44 44 47 47 45 45 46 48 48 48 47 47 47 49 49 50 50 50 52 53 51 51 51 50 53 51 51 55 51 51 56 52 52 56 53 55 57 53 55 55 54 54 52 55 55 56 56 56 57 59 62 63 58 63 61 60 61 63 62 62 63 63 60 61 63 65 64 64 64 63 60 62 65 66 67 67 70 67
41 40 38 39 41 41 41 42 42 42 41 42 42 43 43 44 45 46 46 47 47 46 45 45 45 48 46 48 49 48 47 47 50 50 50 50 49 51 51 52 50 53 51 49 51 53 54 55 52 52 52 53 54 56 53 52 53 53 53 53 54 54 52 53 56 56 56 57 57 58 58 58 64 61 59 59 62 62 63 60 65 62 62 63 69 66 66 66 63 63 65 66 67 65 65 60
35 38 38 41 41 41 42 41 42 42 41 41 43 44 44 45 45 43 43 45 46 45 44 44 45 46 46 47 47 48 49 49 50 50 50 51 50 50 51 51 51 52 52 50 52 53 53 52 51 52 52 52 52 52 54 51 52 50 52 53 54 54 55 52 53 55 56 54 58 59 59 59 63 60 59 65 60 60 61 63 61 62 68 64 66 66 66 69 64 65 64 68 66 66 63 60
35 38 38 40 40 40 40 42 43 42 42 42 43 44 43 46 45 45 44 45 46 45 44 44 45 46 46 46 47 47 48 48 50 50 50 49 49 49 50 50 51 52 54 50 53 52 53 53 49 51 49 51 50 50 53 55 56 51 53 53 54 54 54 55 55 57 56 56 61 61 62 60 60 60 60 59 59 60 60 61 61 61 62 64 68 65 69 64 66 68 66 67 69 68 63 61
35 38 38 41 42 41 41 41 43 42 43 43 43 44 44 45 45 47 45 45 45 45 44 45 45 45 46 46 47 47 47 47 49 50 50 51 49 49 49 49 51 50 49 48 51 52 53 53 51 50 49 49 54 47 49 55 54 56 52 53 53 51 52 54 56 60 57 56 58 61 58 59 59 59 63 58 56 59 60 62 67 63 61 62 63 65 63 67 65 67 63 65 65 61 61 61
35 36 40 39 42 41 41 42 43 42 43 43 43 44 45 45 45 46 47 47 47 46 45 46 45 45 46 46 47 46 48 48 48 49 49 50 50 49 48 49 51 51 53 48 49 50 52 53 52 51 51 49 50 49 47 51 54 53 57 52 53 53 54 56 56 57 60 57 61 61 58 59 59 59 60 59 58 58 61 65 65 63 66 67 64 64 63 63 64 65 64 65 65 66 60 64
37 40 39 41 43 41 43 43 41 42 43 44 44 44 46 44 46 44 47 47 46 45 46 46 45 46 47 46 46 47 48 48 48 49 48 49 50 49 48 48 51 53 51 48 48 48 50 53 53 51 52 51 50 49 49 50 52 53 57 53 52 54 54 56 56 56 57 55 57 61 61 59 58 59 62 60 60 60 60 60 61 62 63 63 63 63 62 59 60 67 67 67 64 63 61 60
40 40 42 41 42 41 39 40 40 42 43 43 43 44 45 46 46 45 47 45 46 46 45 47 46 45 47 48 48 47 47 50 47 49 48 48 50 45 47 48 49 51 53 51 46 48 51 54 51 50 54 54 52 49 52 52 54 51 53 51 52 54 57 54 56 57 57 60 55 55 57 56 56 56 62 59 58 57 59 59 59 61 60 62 62 62 61 58 60 64 66 64 62 60 58 59
40 40 40 40 40 39 40 40 40 41 41 43 43 43 43 44 46 45 44 45 45 45 46 46 48 45 47 47 49 47 48 49 47 47 47 48 47 47 45 46 48 49 52 52 47 45 47 52 49 48 53 50 51 52 50 50 53 51 51 52 52 56 57 58 55 58 59 56 56 57 55 61 61 58 61 58 59 59 59 60 60 59 59 61 61 61 62 62 60 64 60 60 62 61 57 56
39 41 39 40 40 41 40 41 40 40 41 43 44 42 41 42 42 44 44 45 44 44 44 45 45 46 46 46 49 50 46 46 45 45 46 46 46 48 49 46 48 51 52 49 49 48 46 47 48 48 48 49 48 49 50 50 50 50 50 50 49 52 56 56 53 58 56 59 59 57 60 57 60 58 56 56 62 59 59 58 60 57 57 58 58 61 62 65 60 57 59 60 62 62 57 55
39 42 42 42 40 41 41 41 40 39 41 43 44 43 42 43 44 44 47 44 43 43 43 45 45 45 45 45 47 48 47 47 48 47 49 46 46 48 51 47 46 50 51 51 51 50 49 46 48 49 47 46 47 48 48 50 53 48 47 46 45 49 49 49 50 52 56 58 59 59 57 57 58 58 58 58 59 59 59 59 59 59 59 58 59 60 59 59 60 60 60 58 58 57 55 56
40 42 42 40 39 40 40 40 40 40 41 42 43 43 43 44 44 44 46 45 44 43 44 44 45 44 45 43 44 45 44 45 49 47 47 46 44 46 49 50 46 48 50 47 46 51 49 47 49 47 49 45 45 48 49 51 51 45 47 44 47 48 47 46 50 51 54 55 58 59 56 57 57 57 56 61 59 58 59 59 59 59 61 60 60 60 59 60 61 62 62 60 59 58 58 58
40 42 42 41 41 40 40 40 41 41 42 43 43 43 42 43 44 45 45 45 44 44 44 44 44 42 43 43 43 44 44 44 46 47 46 45 44 45 48 49 47 46 48 50 48 45 47 46 44 45 46 46 47 46 48 49 49 46 46 46 47 47 48 49 51 52 53 53 55 53 54 54 60 58 57 56 57 61 61 61 62 62 59 59 60 59 59 59 61 61 61 61 61 62 60 56
40 40 40 40 39 40 40 39 41 42 42 42 43 42 42 42 42 44 43 44 44 43 42 45 43 42 43 45 44 44 43 47 45 45 46 45 45 45 45 46 44 45 45 48 49 45 45 46 45 43 43 44 47 47 48 51 47 51 46 45 46 47 50 51 49 49 53 53 53 55 55 54 59 58 58 60 55 55 56 61 56 56 62 59 58 57 57 59 63 60 58 58 58 58 58 56
40 40 38 39 40 39 40 41 42 42 42 43 43 43 43 42 44 44 44 45 43 44 45 46 42 42 42 42 42 43 46 44 44 45 47 46 46 45 47 46 45 46 44 46 44 44 45 45 47 43 43 47 45 44 45 45 46 45 45 45 45 47 49 50 51 52 53 53 53 54 55 58 59 57 56 60 58 57 60 60 61 61 59 62 59 57 58 60 60 63 60 58 58 55 58 57
41 39 38 39 41 40 41 41 43 42 41 43 45 43 44 45 44 45 44 44 44 44 44 43 42 40 42 42 43 44 44 42 47 42 43 43 42 43 45 45 44 45 47 44 43 44 44 44 45 43 44 47 47 48 44 44 44 44 44 46 46 47 48 52 53 52 55 55 55 54 57 58 54 55 55 55 60 57 60 57 60 61 58 58 59 62 58 57 58 60 60 59 58 58 58 55
40 38 38 40 40 42 42 42 43 42 42 43 44 44 45 46 45 46 45 45 44 43 45 44 42 42 42 42 43 44 45 44 42 42 40 43 42 42 44 46 44 46 48 47 43 41 42 42 43 44 44 44 44 44 47 47 45 48 45 46 47 48 51 51 54 54 55 53 55 57 54 52 53 53 53 53 59 59 56 60 57 58 58 59 61 61 59 59 59 58 60 60 60 57 57 53
40 38 39 39 40 42 42 42 41 42 44 43 44 44 45 44 43 43 45 45 47 45 42 42 43 42 42 42 43 44 42 42 42 43 43 43 42 39 42 45 46 46 45 44 44 43 41 41 41 46 44 44 44 44 44 47 47 44 43 45 53 50 50 50 49 56 55 57 52 51 53 51 52 57 58 55 58 53 59 60 56 55 56 56 56 56 61 58 61 58 59 60 59 57 55 54
40 39 39 39 40 41 41 41 40 42 43 43 44 45 45 44 44 44 44 44 43 43 42 39 40 39 42 42 42 44 44 43 42 42 44 39 38 41 40 45 43 44 43 46 49 43 41 41 42 42 46 44 46 46 44 44 44 44 43 45 47 48 48 46 47 55 56 56 56 53 54 52 52 57 55 58 58 56 56 59 57 57 56 56 60 61 60 59 55 55 57 60 56 58 55 55
40 40 41 42 40 41 40 41 41 41 43 44 44 44 44 46 43 43 44 43 43 44 44 39 37 42 41 43 45 45 44 43 42 37 40 43 41 40 42 41 44 44 42 42 45 44 42 41 42 42 42 43 49 43 45 45 43 46 42 46 46 46 45 45 47 51 53 53 57 55 56 54 54 54 54 55 55 56 55 56 59 57 59 56 59 56 58 58 58 58 55 53 53 57 54 55
40 39 42 41 41 41 40 42 42 42 41 42 42 44 45 45 43 43 43 41 43 43 43 42 41 41 45 48 49 49 49 45 44 45 43 42 41 41 44 45 45 40 40 42 38 42 41 40 40 45 46 46 44 43 45 45 42 43 45 49 48 46 45 47 50 52 53 53 54 55 55 54 54 53 54 55 55 56 57 56 57 57 58 55 58 58 55 54 57 57 60 57 58 58 59 57
40 42 42 41 39 39 39 41 42 41 41 40 41 43 45 46 44 42 41 42 42 45 42 42 44 44 44 44 44 46 46 45 46 47 45 43 41 42 41 43 42 44 40 40 40 40 40 41 41 46 50 47 47 45 41 42 41 43 42 44 45 47 44 45 48 49 51 52 55 52 51 51 51 55 54 58 56 57 57 58 59 56 57 57 57 57 59 55 56 56 55 56 56 58 57 57
40 41 40 39 39 39 39 40 41 41 41 41 43 42 45 44 44 43 44 42 42 41 42 43 43 42 42 43 44 45 46 46 45 46 48 48 44 41 41 41 41 40 40 40 40 40 39 39 41 44 46 44 42 44 41 41 42 41 42 43 46 44 44 47 51 49 48 52 53 52 51 50 56 53 57 58 56 56 57 57 56 54 58 57 58 57 55 53 54 55 54 54 54 59 58 56
39 41 40 39 40 40 40 41 42 41 41 42 44 44 42 44 43 41 43 45 43 42 42 43 46 43 43 42 44 51 53 47 45 47 47 48 47 42 41 40 40 40 40 40 39 39 39 39 41 44 44 43 44 42 40 39 41 44 45 42 42 41 43 44 46 47 48 51 52 52 50 50 55 55 56 57 59 55 55 54 53 51 54 53 53 55 52 52 52 52 52 54 54 54 56 56
41 41 40 38 39 40 39 40 42 42 43 41 43 44 43 43 43 43 43 43 43 43 46 46 46 45 45 43 45 48 50 48 45 47 47 48 47 45 42 40 40 40 40 40 39 39 39 40 43 44 43 44 43 41 40 38 40 41 42 41 40 40 42 43 46 48 51 49 48 49 49 50 52 54 54 58 55 52 51 52 52 47 51 51 50 51 53 51 51 52 51 52 53 56 55 57
39 40 40 39 39 40 40 40 42 43 43 43 42 44 44 43 43 43 44 43 45 45 47 46 45 45 46 46 46 45 45 45 45 46 47 49 49 47 45 42 42 41 39 39 39 40 40 42 40 41 40 40 43 41 40 38 38 39 38 38 38 40 41 43 46 49 51 48 46 49 49 46 47 49 50 52 51 48 48 49 48 49 45 49 49 46 50 51 48 51 50 51 51 53 55 54
40 39 38 39 39 40 41 42 43 40 40 43 43 44 44 43 41 43 42 42 43 45 45 46 44 46 47 47 47 46 46 44 45 47 47 48 50 49 45 44 41 40 40 36 39 38 38 38 42 41 40 42 38 40 40 40 37 37 35 35 36 39 41 43 46 51 52 45 48 45 47 48 45 46 47 49 49 48 47 47 46 46 47 50 48 49 50 50 51 50 51 51 51 51 50 51
37 38 38 38 38 39 41 42 43 43 43 41 40 38 38 43 40 43 42 43 44 46 45 45 47 46 48 49 47 47 48 47 48 48 49 48 48 48 47 45 42 41 42 38 38 38 38 38 38 40 42 39 39 39 39 39 37 37 37 38 38 39 40 40 42 48 47 40 40 41 45 43 47 48 48 48 54 52 54 52 46 46 46 46 44 42 43 47 49 49 50 51 51 47 51 51
38 39 38 37 36 37 39 41 43 42 41 41 40 42 42 41 40 41 41 41 43 43 44 45 46 47 48 48 47 47 48 49 45 46 47 51 50 49 49 45 43 39 40 38 40 39 38 38 39 39 39 40 39 42 40 39 37 37 37 39 40 38 39 38 36 40 42 41 41 41 39 41 43 45 48 48 49 50 49 47 47 48 46 46 47 48 45 45 49 50 50 50 47 49 50 55
39 39 38 37 37 38 40 43 44 43 42 41 37 40 40 40 41 41 41 42 44 45 45 46 47 48 48 48 47 46 46 48 45 45 47 48 49 47 50 45 40 39 38 38 39 39 38 42 40 39 39 39 39 37 37 37 37 36 36 37 37 36 37 35 38 40 40 41 42 45 42 39 42 45 46 46 45 46 46 45 45 47 46 43 46 47 44 45 48 49 49 49 50 50 54 54
40 41 39 37 38 38 41 43 44 44 44 41 38 38 39 40 42 41 42 43 43 45 46 46 47 48 49 48 48 47 47 48 45 41 46 43 44 46 43 44 40 39 39 38 38 39 38 38 39 38 37 37 39 36 36 36 36 36 33 34 36 35 36 34 36 38 38 41 41 43 41 39 41 43 44 45 45 45 48 46 44 46 47 46 45 46 47 48 47 49 49 49 48 49 51 54
39 39 38 38 38 40 43 44 43 44 43 40 40 37 39 40 42 40 42 44 43 43 44 45 46 47 47 47 46 47 47 46 44 41 43 41 37 39 42 43 43 40 39 41 39 39 37 38 37 39 39 38 38 36 36 36 36 33 32 35 36 36 36 36 36 36 36 39 40 42 39 39 40 43 44 44 48 44 45 46 46 49 47 47 47 46 46 47 47 47 48 48 49 49 50 51
39 38 38 39 39 39 41 43 42 42 43 40 39 39 40 40 40 41 41 43 44 44 45 47 48 47 47 47 47 46 47 47 43 45 42 38 37 35 38 41 40 39 41 39 41 41 39 37 37 39 39 39 38 36 36 36 35 35 35 36 35 35 36 38 39 37 36 37 37 38 41 39 40 44 44 43 45 48 45 45 45 46 47 47 45 46 46 48 47 46 47 48 47 48 46 49
38 37 35 34 37 39 39 40 43 42 42 42 40 38 39 41 42 41 41 41 43 44 46 47 47 49 47 47 48 47 46 44 42 43 38 37 37 35 34 39 38 38 38 39 39 39 39 39 39 38 39 39 36 38 36 36 36 36 36 32 32 33 35 38 40 37 36 37 38 38 40 39 40 42 43 43 45 46 45 45 45 46 49 45 47 47 48 48 48 47 49 48 50 47 45 49
35 35 34 34 38 40 41 38 42 41 40 40 41 41 40 41 40 41 40 40 41 45 45 46 47 47 47 47 47 46 44 43 36 37 37 38 38 35 32 39 38 39 40 41 39 39 38 38 36 36 38 38 36 36 36 38 36 36 34 32 32 33 33 34 36 37 39 38 38 38 41 41 42 42 45 43 44 47 45 45 45 45 46 47 47 47 48 46 46 47 47 49 52 50 48 49
33 33 33 34 37 40 41 40 39 39 40 39 41 40 40 39 41 42 41 40 41 42 45 46 47 47 47 49 49 45 43 38 35 34 37 38 37 35 33 31 36 39 42 41 41 41 38 36 38 39 39 38 36 36 36 36 36 34 33 33 34 33 32 33 34 37 37 38 38 38 40 41 41 42 42 45 44 44 45 45 45 46 46 49 47 49 47 46 43 43 46 51 50 51 52 51
32 33 35 35 36 39 42 43 40 40 41 41 40 39 39 41 39 40 39 41 42 42 44 47 48 47 48 48 46 44 42 41 34 33 35 36 35 34 31 31 31 38 38 38 37 37 41 38 38 39 39 36 36 36 36 34 34 34 35 33 36 35 34 33 33 36 37 38 40 41 41 41 44 42 42 46 46 44 47 47 47 46 47 46 46 47 45 45 42 46 40 47 49 50 50 51
32 33 34 36 37 39 40 41 39 40 41 41 40 38 39 41 41 41 39 40 43 43 43 45 47 47 48 46 43 42 42 39 35 34 33 33 34 33 32 31 32 38 38 38 37 37 41 38 38 41 38 38 36 36 36 36 36 36 35 34 35 36 33 33 36 34 37 38 41 43 41 42 44 42 43 44 43 44 47 45 48 48 46 46 46 49 45 46 42 46 46 47 47 52 50 50
