ecocropFuture/tif/c6/rcp585/ACCESS-CM2/prec_8.asc
ncols        683
nrows        518
xllcorner    -87.691666666667
yllcorner    10.708333333333
cellsize     0.008333333333
NODATA_value  nan
[rows 168 to 209 of 518, columns 380 to 474 of 683]
275 266 267 268 278 280 281 268 282 283 265 275 285 286 286 287 278 288 290 277 269 278 291 292 280 280 270 279 280 279 280 280 280 284 284 281 282 274 276 276 285 285 276 276 276 276 285 285 277 275 275 275 277 277 285 284 281 281 284 288 284 284 280 280 279 279 279 273 278 278 278 282 272 274 274 281 281 289 290 289 289 283 272 271 269 271 275 281 286 280 280 285 284 284 272
265 252 258 277 269 279 281 281 272 273 259 271 272 286 276 268 269 288 289 277 267 269 278 291 270 270 278 278 279 280 280 280 283 284 281 281 273 275 276 276 276 285 274 285 276 275 275 285 277 277 277 285 277 277 276 276 274 276 284 288 288 280 274 276 275 275 275 272 278 278 282 282 272 274 291 281 290 290 290 290 289 289 282 271 271 275 274 281 274 270 274 284 284 284 278
256 266 258 259 260 269 280 281 272 273 274 284 285 286 286 268 278 279 280 290 277 269 278 279 270 270 278 279 279 279 280 280 280 284 281 281 273 273 274 275 274 274 274 276 275 275 275 275 277 282 275 277 276 276 276 285 281 281 280 284 284 284 280 275 273 273 275 272 273 274 272 272 274 273 281 290 289 289 289 280 288 289 282 282 282 282 274 273 280 285 285 284 284 284 283
251 256 257 268 269 269 270 271 272 273 274 275 285 286 286 277 278 279 289 290 268 267 269 270 269 269 270 270 280 280 280 280 281 281 273 273 282 282 274 274 275 276 283 283 284 283 284 283 282 282 284 284 281 282 274 274 284 284 284 274 280 280 280 279 279 272 272 272 272 272 274 274 281 273 280 280 280 289 280 280 279 288 287 288 287 281 274 273 280 285 285 284 279 278 278
256 256 267 268 279 280 280 281 282 273 283 275 285 285 273 274 288 288 289 280 277 275 275 268 269 278 278 278 271 280 280 280 272 274 274 284 296 282 274 274 275 275 274 284 284 283 283 283 282 282 284 284 281 274 282 284 281 281 274 280 280 280 284 284 288 283 278 274 278 274 271 273 281 273 280 272 275 271 272 279 279 278 287 287 274 274 281 286 286 279 285 284 284 278 278
265 256 252 278 279 270 281 268 282 283 274 275 285 285 267 287 288 265 265 267 267 268 269 276 277 278 278 279 280 271 281 281 281 282 274 284 274 283 283 283 283 274 283 283 283 283 283 284 284 283 283 275 275 282 285 289 281 281 281 273 275 273 279 273 284 284 284 278 272 272 292 291 281 273 291 290 290 289 289 280 288 288 288 288 288 287 281 286 287 286 285 279 284 272 279
276 276 267 253 279 270 281 281 282 283 283 284 275 285 286 287 288 265 266 267 267 291 278 276 279 277 277 278 281 282 280 273 283 283 274 284 273 283 274 274 283 283 288 284 283 283 284 284 284 284 275 284 282 285 289 285 285 281 281 280 280 273 279 279 273 272 272 272 274 282 292 281 281 281 291 284 277 289 289 288 279 279 287 278 288 287 286 277 285 286 285 279 278 279 278
276 276 277 268 269 270 281 281 282 283 270 284 260 276 277 287 288 275 266 266 267 278 278 267 277 277 280 281 282 282 283 280 272 274 273 273 273 273 273 276 276 283 283 284 274 274 276 276 283 284 284 289 284 285 281 289 281 285 281 273 273 273 279 284 279 279 272 271 273 282 281 272 272 281 291 291 284 290 289 288 288 288 278 278 277 286 286 286 276 284 285 285 284 279 284
276 266 267 278 279 280 281 282 282 283 260 284 265 266 286 287 288 288 276 266 274 268 291 279 277 277 279 280 281 282 283 281 281 282 283 283 283 283 275 275 284 283 274 284 284 276 285 285 274 283 289 284 284 285 281 285 281 289 284 273 273 274 273 279 284 284 271 271 273 273 272 272 281 281 280 291 291 289 288 288 271 288 288 277 277 277 277 285 285 284 284 283 283 284 284
266 266 267 279 269 270 281 282 282 283 270 261 271 276 286 287 287 275 275 266 267 267 291 279 277 277 278 278 279 280 281 271 271 285 285 282 283 287 283 283 273 273 275 275 283 273 275 273 274 283 284 284 289 281 281 281 273 273 280 280 279 273 272 272 272 271 273 282 282 292 281 272 281 281 290 290 289 279 288 288 278 288 281 288 286 286 286 285 286 284 284 274 274 283 284
266 267 264 265 266 270 261 282 283 284 284 284 285 273 286 287 287 275 266 265 290 291 291 279 269 268 270 271 270 272 281 271 260 272 272 273 284 284 274 286 283 283 275 285 275 284 283 283 285 285 282 285 287 285 282 274 281 284 273 273 273 272 274 274 283 282 273 282 292 292 292 281 291 292 291 290 290 280 289 283 289 287 287 287 287 288 286 285 286 285 276 275 275 275 275
262 277 252 254 256 280 281 282 272 263 284 264 285 286 286 287 264 265 275 267 290 277 278 268 269 268 270 293 281 282 272 280 271 284 282 282 284 285 287 286 288 288 283 284 284 284 283 284 290 290 285 273 290 282 282 274 281 284 285 285 272 272 272 272 273 293 282 292 292 293 285 292 291 291 290 272 290 280 279 290 289 288 287 287 288 281 286 285 286 280 265 264 274 268 264
277 263 264 278 279 266 281 282 283 263 274 274 285 286 263 273 274 265 266 276 267 266 267 268 279 269 270 269 280 279 281 281 283 284 284 284 284 285 274 286 274 274 286 284 289 287 289 283 290 290 285 282 285 290 290 290 290 290 285 285 280 280 284 272 273 282 293 293 292 278 272 292 280 281 272 280 271 271 279 270 278 278 287 278 277 286 266 266 268 276 265 268 266 275 274
262 263 264 279 279 266 267 282 283 283 284 274 285 286 286 263 264 265 265 276 276 267 267 268 277 269 268 268 280 279 280 281 282 284 284 261 261 273 262 274 262 274 274 289 289 289 284 283 283 285 285 273 273 282 285 285 290 287 288 290 285 290 290 284 272 273 293 293 292 292 292 292 291 272 275 269 268 268 269 268 268 267 278 277 269 267 270 269 269 265 267 274 266 264 263
263 263 264 254 262 255 257 282 268 269 270 284 285 286 273 261 271 272 265 266 290 277 267 268 268 268 268 268 280 283 284 284 282 282 286 273 261 273 286 286 286 274 274 287 289 289 284 283 285 285 285 275 272 274 281 281 280 284 288 288 285 288 287 284 271 273 293 293 293 292 292 292 291 272 269 269 274 273 268 278 269 269 266 267 268 266 280 269 269 268 264 266 264 264 263
277 263 264 265 254 254 257 267 259 269 284 285 285 286 287 274 262 263 263 264 266 277 277 278 269 268 268 269 270 280 284 281 281 286 285 286 286 286 288 288 288 289 287 290 290 290 290 285 291 285 285 285 282 275 281 281 281 281 285 291 285 284 284 279 271 282 294 286 287 278 286 292 291 292 271 271 269 268 268 279 273 272 272 271 266 270 280 270 280 279 268 267 267 266 264
278 253 264 265 255 256 281 282 283 284 284 285 286 276 287 287 274 264 263 273 274 265 277 278 269 268 269 279 269 280 281 281 282 282 282 273 286 288 283 283 289 284 284 285 273 290 288 276 288 291 291 282 282 273 281 281 281 272 274 280 279 271 271 273 282 282 293 293 286 293 293 291 281 291 291 269 269 268 273 268 273 272 272 271 266 266 265 268 265 269 265 264 266 274 265
253 252 261 261 254 254 267 268 268 269 270 271 285 272 287 287 263 262 263 264 274 275 276 266 267 278 278 269 280 281 281 271 271 271 282 282 283 283 287 287 289 284 284 285 273 273 285 285 291 285 285 285 282 285 272 272 272 272 272 280 279 283 283 282 282 282 293 293 294 292 291 292 271 271 271 269 268 268 273 270 288 288 268 269 266 265 265 276 276 267 275 284 274 274 274
253 252 253 262 262 256 257 256 265 259 260 259 260 260 262 263 263 262 263 265 264 265 276 266 267 269 279 280 280 271 281 282 282 273 271 271 283 288 287 287 289 283 274 274 285 284 284 274 274 285 282 282 272 274 272 272 285 285 280 272 279 284 273 293 282 293 281 293 292 292 293 291 280 269 269 268 268 270 270 289 288 288 266 266 270 265 276 285 276 285 284 284 283 274 282
263 253 253 254 262 254 255 264 265 259 260 259 268 262 262 262 262 262 264 263 264 265 267 268 278 279 279 269 280 295 295 295 295 282 282 283 271 283 283 283 272 272 274 284 284 284 274 274 274 272 282 282 274 274 274 272 273 273 272 279 285 278 278 278 271 281 281 292 292 292 291 280 280 269 274 268 270 270 269 278 288 288 287 287 287 286 280 280 286 280 279 285 284 284 282
251 253 254 255 263 263 263 264 256 269 260 268 269 260 273 273 263 262 263 265 264 275 265 267 293 292 279 279 294 295 295 296 296 287 296 283 271 283 284 284 273 274 272 284 284 284 284 272 274 284 284 284 272 272 283 274 272 272 272 272 272 279 271 285 285 270 270 272 293 285 276 276 291 271 269 269 270 269 279 270 269 278 289 282 282 287 287 280 285 285 285 285 279 285 284
253 252 254 254 254 255 255 256 256 259 258 259 259 262 262 262 262 262 264 265 265 275 275 278 292 292 293 294 294 294 294 295 281 283 283 272 273 273 272 272 273 273 283 274 274 272 274 274 274 284 274 274 273 272 272 272 280 280 280 280 273 271 272 271 278 270 270 272 281 292 285 285 291 280 269 268 270 269 270 278 278 288 287 287 287 287 286 286 285 285 284 284 285 283 282
263 253 253 254 263 256 267 268 269 259 267 258 261 272 262 262 263 263 264 264 276 266 266 278 292 292 294 283 285 294 281 295 281 282 272 272 283 283 283 284 273 272 273 272 285 291 285 272 272 282 272 281 281 272 281 280 271 279 280 273 272 272 294 294 293 293 282 292 293 292 293 293 292 291 279 270 269 269 269 269 289 282 289 287 287 287 267 267 275 275 274 274 265 265 266
253 264 254 262 263 255 255 264 258 266 258 258 259 260 260 262 262 274 264 276 276 290 291 292 293 283 283 283 285 294 270 270 295 296 296 283 283 270 271 272 272 272 273 272 283 291 291 285 285 291 291 291 290 292 285 285 285 285 285 279 282 282 294 295 271 271 294 292 293 292 271 271 280 291 279 290 289 289 289 278 288 289 287 277 265 267 275 266 264 266 263 265 265 266 278
278 279 280 254 263 256 263 255 256 266 267 258 259 272 262 261 271 262 275 264 264 277 264 278 293 283 272 294 294 294 281 270 281 296 296 296 272 272 283 289 284 271 282 284 284 282 284 289 285 285 272 285 291 292 292 290 289 289 292 285 285 272 294 294 295 294 294 292 292 292 291 271 270 291 275 283 291 290 278 289 277 276 265 268 265 264 264 264 268 263 274 273 273 273 264
278 279 281 266 263 263 263 255 257 266 267 269 259 261 262 262 261 274 264 265 265 276 277 277 293 293 283 294 294 295 295 295 270 271 272 272 270 271 283 290 290 284 284 285 285 285 285 291 292 292 292 290 290 290 290 293 290 293 292 286 270 283 294 272 294 294 293 293 292 281 293 292 280 280 290 284 284 290 279 278 278 268 267 267 267 267 264 268 280 264 265 274 273 283 282
253 253 280 254 263 267 268 265 265 267 268 267 260 272 287 288 263 263 262 263 265 265 265 267 267 267 279 279 269 280 280 270 270 269 280 270 281 281 282 284 284 284 284 291 289 291 291 292 292 292 290 276 290 293 293 293 280 279 273 283 283 294 282 272 294 295 295 294 294 293 293 292 291 291 285 284 284 289 279 288 277 265 267 270 269 265 268 281 268 267 265 274 273 273 272
264 252 265 255 263 264 255 269 270 271 268 269 260 287 288 288 288 263 262 263 263 264 265 267 267 266 266 268 269 280 280 268 280 280 282 280 283 289 282 284 290 284 284 289 289 291 289 292 292 290 290 290 292 281 285 293 280 272 283 295 295 296 282 282 295 286 277 286 276 285 276 292 291 290 292 275 275 289 278 277 268 265 265 270 281 269 281 290 280 267 267 265 262 262 264
264 265 265 266 263 263 265 269 270 271 272 267 258 261 261 262 273 263 272 274 274 275 274 276 267 266 278 277 278 267 270 268 279 269 288 289 287 289 282 284 282 282 282 291 276 289 292 292 286 277 291 292 285 285 285 280 271 282 283 296 287 287 295 294 295 286 277 276 270 276 276 284 284 290 290 290 290 277 266 265 265 270 265 269 281 268 268 280 280 263 266 265 273 272 263
253 253 265 255 267 255 255 257 257 266 267 259 258 271 272 260 261 271 272 274 274 275 274 265 265 265 276 277 278 267 268 268 268 280 282 282 287 288 283 284 284 284 291 289 289 289 292 290 291 291 292 293 280 271 272 282 296 296 288 277 277 277 287 286 286 277 276 276 292 293 292 291 279 269 269 267 268 283 289 283 270 270 265 269 268 268 267 267 267 262 279 262 261 272 272
253 253 261 263 263 264 264 257 269 270 270 259 260 261 260 272 272 272 262 264 274 274 275 275 265 265 268 279 279 279 280 281 286 288 287 287 289 290 284 284 284 291 291 290 291 285 281 286 286 293 286 271 272 296 297 296 288 270 271 271 277 277 277 270 277 295 281 270 268 292 291 280 268 284 284 284 284 275 275 275 289 292 269 265 269 269 281 280 291 267 263 262 273 273 264
251 252 261 262 263 255 256 257 269 270 270 259 260 269 270 270 272 273 272 273 263 263 276 275 265 267 266 277 278 278 267 279 281 288 273 273 274 274 275 289 289 284 284 291 292 285 270 270 271 286 271 272 297 296 288 278 270 270 277 277 277 287 286 287 277 295 270 275 276 275 268 268 294 291 290 290 293 293 293 293 259 259 288 282 292 288 291 267 263 263 264 283 283 283 263
253 252 261 262 263 265 264 264 266 257 258 258 258 260 260 272 272 273 274 280 275 276 264 275 276 265 265 268 268 268 269 267 288 288 289 288 288 290 289 291 291 291 292 292 281 286 270 282 272 272 283 297 297 283 297 277 277 270 271 287 295 295 295 281 281 281 270 285 295 295 294 291 276 256 255 261 260 259 290 275 259 254 274 274 289 292 267 265 265 264 273 273 278 278 282
253 253 253 255 255 263 266 265 266 273 269 270 258 260 260 272 277 278 275 275 275 265 263 275 277 265 278 293 279 279 268 279 288 287 287 288 283 283 284 284 291 292 292 292 292 293 286 282 283 283 283 296 288 296 297 288 288 277 277 287 281 281 281 271 281 281 269 294 277 291 291 260 277 256 261 261 261 260 259 259 275 259 253 274 274 292 263 274 274 264 273 283 284 278 284
260 261 253 253 254 256 264 265 257 268 269 267 258 272 261 270 278 279 279 275 275 274 274 264 275 276 267 293 279 268 268 278 288 287 273 288 288 289 291 291 292 292 290 291 291 293 286 280 272 272 270 272 295 297 297 288 288 296 296 295 271 271 281 281 270 270 286 292 277 277 260 260 255 261 261 261 261 266 254 259 259 253 259 274 274 292 281 262 264 273 273 264 273 285 284
266 263 263 263 263 255 255 265 257 266 269 270 268 259 260 270 278 279 280 275 273 274 274 265 265 265 267 277 277 277 278 281 287 289 288 274 259 259 290 290 290 292 290 277 277 292 286 286 270 270 270 280 272 283 296 297 295 282 270 287 287 270 277 277 286 296 293 261 278 278 256 261 261 262 267 267 266 260 261 266 259 258 258 274 274 293 282 267 267 263 286 284 272 264 284
261 261 261 263 265 264 264 256 257 258 270 267 270 272 260 270 278 265 266 280 273 276 265 277 292 278 265 277 281 281 281 287 272 289 274 275 275 275 290 285 292 292 293 285 293 293 286 271 272 272 272 272 272 272 298 295 272 272 279 293 293 296 287 286 278 262 256 256 262 262 261 256 256 255 267 255 260 255 261 261 259 258 253 253 274 289 267 274 274 265 284 278 283 283 272
261 263 264 263 256 256 255 256 270 258 258 258 258 269 269 261 262 260 262 262 273 264 265 265 265 265 279 286 287 286 287 287 273 274 288 289 275 275 276 285 285 285 285 286 280 286 286 280 270 270 280 279 269 280 272 282 272 269 287 293 279 279 261 278 278 278 256 262 256 256 261 277 256 267 261 260 255 255 261 254 259 258 258 258 274 293 262 274 274 274 273 283 285 264 263
252 261 253 254 264 255 264 265 266 266 267 267 268 269 269 260 260 260 262 262 275 264 263 264 275 275 276 287 286 272 287 287 289 288 290 283 283 283 285 285 293 285 280 280 270 270 270 280 280 296 287 287 287 296 296 296 278 294 294 279 279 279 279 262 262 294 293 261 262 262 262 255 261 255 255 260 260 259 260 276 291 258 290 291 294 267 274 265 287 287 284 263 263 265 264
253 253 254 267 254 255 264 268 269 270 275 270 258 259 269 270 270 262 272 272 263 263 274 274 275 265 279 280 286 287 287 281 278 283 279 268 279 283 292 285 285 293 280 271 270 269 280 295 280 287 287 287 296 294 262 262 294 296 297 279 261 261 279 262 262 278 294 261 262 267 262 262 255 255 261 260 255 255 260 276 292 258 276 294 283 263 262 265 285 287 279 272 260 280 292
252 254 253 254 254 264 264 256 256 267 270 267 258 259 270 260 261 261 262 272 262 273 277 278 279 275 275 276 281 282 282 282 282 290 283 279 279 284 292 285 269 279 279 271 271 269 282 280 280 280 287 280 287 295 262 262 279 297 297 297 295 262 262 280 280 279 279 262 256 256 262 262 255 256 262 255 262 261 261 260 296 293 292 296 296 283 267 267 265 285 285 284 261 264 281
254 254 253 254 266 264 264 265 267 270 271 267 258 270 270 270 274 271 276 272 272 273 277 285 285 279 279 276 265 277 278 282 290 291 284 284 267 267 270 270 270 270 270 271 269 269 271 271 270 270 297 287 287 295 279 279 297 297 295 297 287 287 297 298 295 295 262 262 256 256 261 261 261 256 262 262 262 267 267 260 285 297 296 297 296 296 296 283 266 264 264 264 263 264 294
