ecocropFuture/tif/c6/rcp585/ACCESS-CM2/prec_1.asc
ncols        683
nrows        518
xllcorner    -87.691666666667
yllcorner    10.708333333333
cellsize     0.008333333333
NODATA_value  nan
[rows 150 to 199 of 518, columns 96 to 191 of 683]
nan nan nan nan nan nan nan nan nan nan nan nan nan nan nan 5 4 6 6 7 8 8 9 9 12 11 12 13 13 14 14 15 18 19 18 20 19 21 21 24 25 24 25 26 34 40 48 57 62 59 55 52 58 70 76 nan nan nan nan nan nan 84 81 nan nan nan 78 71 64 60 56 51 50 46 41 40 38 37 38 37 36 36 38 38 32 31 31 33 41 41 41 41 39 37 37 39
nan nan nan nan nan nan nan nan nan nan nan nan nan nan 5 5 5 5 6 7 7 8 8 9 9 12 12 13 13 14 14 14 17 16 15 16 17 19 19 19 24 25 23 24 25 30 34 47 53 54 52 49 51 62 67 70 71 73 78 87 84 85 82 82 83 78 77 67 64 58 58 54 49 51 42 41 39 39 36 36 38 39 40 39 34 31 30 33 37 39 38 39 36 36 36 38
nan nan nan nan nan nan nan nan nan nan nan nan nan nan 4 4 5 6 7 7 8 8 8 8 9 9 10 11 12 13 12 11 14 13 14 15 16 16 17 18 22 25 23 22 25 25 27 30 36 38 36 33 38 48 50 48 52 51 60 64 65 71 70 63 67 64 66 59 57 56 52 47 48 44 43 41 39 38 35 35 38 39 40 42 44 38 31 33 37 36 35 36 35 36 37 39
nan nan nan nan nan nan nan nan nan nan nan nan nan nan 4 3 4 5 6 7 8 8 8 8 8 9 9 10 11 12 11 10 11 12 12 14 16 15 15 15 19 19 23 23 21 20 22 28 31 33 32 30 30 30 29 27 28 29 36 44 51 51 55 56 53 55 51 46 46 44 43 48 41 41 41 41 40 36 37 36 37 40 40 40 45 42 34 35 39 37 35 32 32 36 37 39
nan nan nan nan nan nan nan nan nan nan nan nan nan nan nan 5 3 4 6 8 7 8 7 7 7 8 8 9 10 13 13 10 9 10 11 12 14 14 14 14 17 19 18 18 17 17 21 23 23 24 24 23 25 25 22 21 23 24 28 29 36 35 42 44 44 41 42 40 41 39 41 40 41 39 38 38 39 38 38 38 42 38 41 40 41 41 32 29 40 38 36 35 33 36 40 42
nan nan nan nan nan nan nan nan nan nan nan nan nan nan nan 5 5 6 6 5 8 9 8 7 7 8 8 11 12 13 13 12 11 10 10 13 13 13 14 15 15 17 18 17 16 14 16 19 20 21 20 20 19 22 22 19 19 21 24 28 28 31 31 33 32 31 33 40 35 33 33 33 38 35 35 39 38 38 39 41 42 43 40 39 40 38 38 33 32 32 37 34 37 37 42 45
nan nan nan nan nan nan nan nan nan nan nan nan nan nan nan 5 6 5 5 6 7 8 8 8 6 8 10 11 13 13 12 11 11 11 11 12 12 13 15 16 16 17 18 17 16 14 13 16 18 19 18 18 18 20 20 17 19 18 21 26 27 27 26 26 26 27 30 31 32 34 32 31 30 29 34 35 36 36 39 39 39 44 42 40 37 36 36 36 30 29 34 35 34 42 45 43
nan nan nan nan nan nan nan nan nan nan nan nan nan nan nan 5 6 5 6 6 6 7 5 5 6 7 11 13 13 12 11 10 10 11 11 11 12 14 16 17 17 18 20 19 18 16 14 13 15 15 15 16 16 17 20 17 18 16 18 23 24 27 23 23 25 24 28 27 31 34 36 30 30 31 34 36 32 35 38 35 37 42 41 40 39 36 36 34 33 31 32 42 40 37 41 44
nan nan nan nan nan nan nan nan nan nan nan nan nan nan 5 5 6 5 5 7 6 6 7 6 8 10 13 14 12 11 10 10 11 12 13 12 13 16 17 18 18 18 22 20 18 18 16 13 12 13 14 13 15 15 17 14 17 16 18 19 21 21 21 19 21 25 31 27 27 32 30 27 30 31 31 32 37 36 37 35 35 39 39 39 39 36 35 39 40 39 39 40 40 40 36 38
nan nan nan nan nan nan nan nan nan nan nan nan nan nan 4 5 5 6 7 7 7 7 7 7 7 11 13 12 12 11 10 10 11 13 14 15 14 13 16 17 19 19 18 18 18 17 15 13 11 10 14 15 14 13 16 12 13 12 13 17 16 16 18 17 23 22 27 29 28 28 28 29 28 29 28 34 35 34 34 41 35 37 39 38 38 36 32 39 42 42 36 35 35 37 37 36
nan nan nan nan nan nan nan nan nan nan nan nan nan 6 5 6 9 9 9 7 9 10 8 9 8 12 12 12 10 11 10 10 11 12 14 13 11 12 13 16 16 16 15 14 15 15 13 11 10 11 13 12 13 11 12 11 9 9 9 10 12 15 14 16 18 17 16 19 18 19 25 26 27 27 32 34 33 32 33 34 37 36 38 38 36 38 37 38 37 41 39 35 36 37 41 37
nan nan nan nan nan nan nan nan nan nan nan nan nan 7 6 7 10 9 8 8 10 11 10 8 8 10 11 13 11 9 10 10 11 11 12 13 11 10 11 15 14 13 14 14 12 13 13 11 9 9 13 12 11 10 8 10 8 8 9 9 10 13 14 14 14 14 14 14 15 18 17 25 26 27 34 34 34 40 39 39 36 34 36 36 36 33 33 32 38 39 38 35 37 37 36 34
nan nan nan nan nan nan nan nan nan nan nan nan 7 8 7 8 9 11 11 14 11 7 10 8 8 8 11 12 11 12 10 12 11 10 13 12 11 10 14 14 11 11 13 14 10 11 11 9 8 9 11 12 10 8 10 7 8 8 10 9 9 11 12 13 13 12 13 13 15 15 24 25 24 32 34 45 41 43 42 39 42 32 41 32 38 32 32 39 39 34 34 33 36 36 38 36
nan nan nan nan nan nan nan nan nan nan nan nan 9 9 9 9 10 12 13 15 8 7 8 8 7 9 11 12 12 12 12 11 9 9 10 10 9 12 14 14 11 10 10 10 9 9 9 11 10 8 7 9 11 9 9 9 6 6 7 10 10 10 11 12 12 11 11 13 15 20 23 24 25 28 35 45 44 40 39 42 40 39 38 41 38 42 42 43 42 39 33 33 36 37 36 36
nan nan nan nan nan nan nan nan nan nan nan nan 10 10 10 10 9 10 12 10 8 7 8 8 8 9 10 11 11 11 11 13 10 11 11 9 9 10 11 12 10 9 9 9 10 8 8 11 12 10 7 5 5 6 6 7 7 6 9 9 9 9 10 10 11 12 12 12 16 19 22 25 29 30 34 35 40 44 39 40 40 42 40 43 44 44 45 40 41 39 39 31 33 41 40 42
nan nan nan nan nan nan nan nan nan nan nan nan nan 10 10 9 9 9 11 10 8 7 7 8 11 7 8 10 12 12 14 13 13 10 8 8 8 10 10 11 10 11 8 7 8 8 8 8 7 7 6 7 4 6 6 6 6 7 8 9 8 11 11 11 13 11 12 13 21 21 20 28 29 31 31 33 41 45 44 42 40 40 42 36 45 49 42 42 39 39 39 43 41 41 40 45
nan nan nan nan nan nan nan nan nan nan nan nan nan nan nan nan 11 11 10 8 8 8 8 9 11 10 9 9 11 14 15 13 11 10 8 6 6 6 7 7 8 8 7 7 7 7 8 6 6 5 6 6 6 4 5 5 7 7 7 8 9 11 10 12 10 11 20 21 21 21 26 29 27 28 31 33 41 47 46 44 46 44 34 34 35 42 42 43 41 40 41 45 42 42 44 44
nan nan nan nan nan nan nan nan nan nan nan nan nan nan nan nan 10 11 7 7 7 8 8 9 10 11 10 9 11 13 11 10 10 10 10 8 9 7 6 5 5 6 6 6 6 6 5 7 6 7 7 5 5 6 6 6 6 10 7 9 9 12 11 16 19 19 18 18 21 25 28 26 27 34 38 39 44 46 47 42 47 45 34 33 32 34 36 40 45 44 46 47 41 43 46 39
nan nan nan nan nan nan nan nan nan nan nan nan nan nan nan nan 11 11 8 7 8 8 10 9 10 10 10 9 10 12 12 11 11 12 11 11 7 7 8 7 6 6 6 6 6 5 5 5 5 6 5 5 5 6 5 7 8 8 8 10 10 15 15 19 18 16 19 25 26 28 27 26 28 29 33 31 36 39 39 45 43 37 38 35 36 40 42 42 47 49 47 46 46 34 38 40
nan nan nan nan nan nan nan nan nan nan nan nan nan nan nan 10 9 9 8 7 9 10 10 10 11 11 10 9 10 12 14 15 14 15 14 11 7 9 11 11 9 8 6 6 5 5 5 5 6 6 5 5 6 6 6 6 10 12 12 9 9 11 15 18 17 17 23 25 29 29 25 33 28 31 33 32 36 37 39 40 40 39 36 36 39 45 46 49 47 46 45 46 40 45 39 41
nan nan nan nan nan nan nan nan nan nan nan nan nan nan nan 10 10 9 9 9 10 11 13 12 13 12 10 10 9 11 14 14 13 12 12 9 9 10 11 9 5 6 7 6 5 6 6 5 6 6 5 7 7 8 8 9 15 13 16 15 11 11 17 18 15 18 22 25 27 29 27 28 29 32 34 32 34 37 37 39 37 44 44 47 48 46 49 48 47 45 43 45 47 46 43 40
nan nan nan nan nan nan nan nan nan nan nan nan nan nan nan 10 10 10 9 10 10 13 14 15 13 15 14 12 9 10 11 11 10 10 9 8 10 10 9 6 4 4 6 6 6 8 8 8 8 6 6 8 12 11 11 12 12 10 15 16 16 17 14 17 17 21 21 25 26 27 27 30 31 34 32 24 24 27 34 36 38 50 47 49 52 49 53 45 45 44 43 50 50 46 48 47
nan nan nan nan nan nan nan nan nan nan nan nan nan nan 11 10 10 11 10 11 12 12 14 15 13 13 13 10 9 8 8 8 8 9 8 7 8 9 5 5 4 6 5 5 5 6 6 7 8 8 9 12 14 15 14 12 12 11 16 17 18 17 21 25 26 23 26 27 28 22 25 29 33 29 25 23 24 28 35 38 51 49 52 57 59 52 46 44 45 49 47 50 54 48 47 50
nan nan nan nan nan nan nan nan nan nan nan nan nan nan 12 11 10 10 11 11 11 13 14 12 11 10 9 9 8 8 7 7 7 7 7 5 7 7 7 4 4 6 6 6 5 7 7 7 8 8 12 16 18 16 13 12 14 11 13 20 23 23 22 25 23 27 29 26 25 22 25 26 28 25 24 29 32 34 36 38 44 53 61 61 55 51 45 46 48 50 50 55 59 51 50 48
nan nan nan nan nan nan nan nan nan nan nan nan nan nan 13 12 11 12 12 12 12 14 13 12 12 11 12 11 8 7 7 6 7 5 6 4 4 4 4 3 4 5 7 7 6 6 9 9 8 10 10 13 20 18 16 12 9 12 12 15 20 20 22 26 25 29 27 27 25 19 20 25 21 21 23 28 33 34 37 38 42 55 62 60 55 51 46 50 48 52 51 56 48 43 47 38
nan nan nan nan nan nan nan nan nan nan nan nan nan nan nan 13 12 10 10 11 12 13 10 12 13 9 8 10 6 6 6 7 6 6 4 4 4 3 4 4 5 5 6 6 6 6 8 9 8 7 10 12 15 11 10 14 11 12 16 22 22 20 19 23 26 27 28 27 25 22 19 19 19 19 25 30 30 33 36 39 43 58 58 52 50 49 47 53 56 56 56 55 44 43 40 37
nan nan nan nan nan nan nan nan nan nan nan nan nan nan nan nan nan 10 9 10 12 10 10 11 10 9 9 8 6 6 6 7 6 6 6 6 4 4 4 4 4 5 6 6 6 8 8 10 9 9 9 11 12 9 9 14 16 14 16 21 19 19 17 18 25 23 23 24 25 22 19 19 19 18 24 28 27 29 34 39 50 58 60 53 54 52 53 52 50 54 53 49 56 44 40 49
nan nan nan nan nan nan nan nan nan nan nan nan nan nan nan nan nan 10 9 9 10 9 9 9 8 7 7 6 6 6 7 6 6 6 5 6 6 6 6 6 6 7 6 7 6 8 7 10 9 8 10 12 11 9 9 14 15 16 17 22 22 21 18 18 21 23 25 25 25 23 19 16 19 20 27 27 29 30 34 41 50 59 64 59 56 52 51 46 50 50 52 55 56 56 52 53
nan nan nan nan nan nan nan nan nan nan nan nan nan nan nan nan nan 11 10 9 9 9 8 8 8 7 7 7 7 7 6 5 6 5 5 6 6 5 6 6 7 6 6 6 8 8 8 11 9 13 10 12 12 12 16 13 18 20 24 23 24 22 20 17 17 22 26 26 23 22 23 26 25 28 27 25 28 39 44 44 58 60 63 59 53 53 52 54 50 49 50 54 53 58 60 54
nan nan nan nan nan nan nan nan nan nan nan nan nan nan nan nan nan 11 8 8 8 8 7 7 7 7 8 7 6 6 6 6 5 5 6 6 5 5 5 6 6 7 8 10 9 10 11 8 8 14 13 16 11 14 16 18 19 18 22 24 25 21 19 20 17 19 20 24 19 17 20 26 25 26 27 26 31 36 34 41 58 62 61 61 54 58 62 61 58 57 52 57 56 57 59 61
nan nan nan nan nan nan nan nan nan nan nan nan nan nan nan nan nan 10 8 9 8 9 8 7 7 7 8 7 7 6 6 5 5 6 6 5 5 5 5 6 6 7 9 10 11 12 10 8 8 11 11 17 16 14 14 16 17 15 14 16 18 24 21 22 18 21 20 18 20 18 17 23 28 28 23 24 30 32 34 40 48 50 57 55 55 60 57 57 57 55 52 52 54 56 61 65
nan nan nan nan nan nan nan nan nan nan nan nan nan nan nan nan nan nan 10 9 8 9 9 7 7 7 10 10 7 7 5 6 5 6 6 6 9 9 7 9 10 7 12 13 11 12 11 11 14 11 14 14 14 12 12 14 14 15 9 10 15 17 15 20 21 20 19 20 18 25 24 29 24 24 23 24 31 31 31 36 35 36 40 42 48 63 59 56 59 53 50 50 52 55 64 65
nan nan nan nan nan nan nan nan nan nan nan nan nan nan nan nan nan nan 9 9 9 9 10 9 7 8 8 7 6 6 6 7 7 6 6 7 7 7 9 10 10 9 9 10 14 10 7 11 8 15 11 14 16 16 16 16 16 16 15 9 9 11 11 18 21 20 19 18 16 19 22 27 24 24 24 24 28 27 25 26 27 27 29 36 49 55 63 56 54 54 55 49 49 55 63 65
nan nan nan nan nan nan nan nan nan nan nan nan nan nan nan nan nan nan 8 8 8 8 6 8 8 8 9 7 6 6 8 8 8 6 7 6 7 7 7 11 8 10 10 8 13 13 10 11 12 8 8 10 13 15 15 16 13 16 16 11 11 8 13 15 19 18 16 18 22 22 27 27 26 23 26 28 27 25 24 29 29 33 40 46 50 51 59 59 62 63 62 53 49 49 53 60
nan nan nan nan nan nan nan nan nan nan nan nan nan nan nan nan nan nan 8 7 6 8 8 8 7 8 9 7 6 7 9 8 8 6 8 8 7 7 9 11 10 9 8 10 16 16 16 16 15 14 14 14 14 15 16 16 16 16 16 16 14 14 18 18 17 17 16 21 26 26 26 27 26 28 29 23 27 30 31 31 29 32 40 44 50 58 63 61 66 67 65 61 51 44 48 51
nan nan nan nan nan nan nan nan nan nan nan nan nan nan nan nan nan nan 6 6 6 8 8 6 4 5 7 6 6 7 7 6 7 8 10 9 9 9 8 11 12 15 14 15 15 17 16 15 16 16 17 15 15 13 19 19 13 13 13 17 16 17 18 17 15 15 15 21 21 21 26 29 30 25 25 27 29 27 25 28 27 35 45 49 59 53 63 62 62 61 61 61 43 40 32 41
nan nan nan nan nan nan nan nan nan nan nan nan nan nan nan nan nan nan 7 5 5 5 6 6 7 7 4 6 6 6 6 7 6 8 10 7 8 7 10 12 13 12 11 16 16 15 13 19 19 18 15 15 13 15 19 19 19 19 13 17 17 17 16 17 15 17 17 17 15 18 20 23 32 37 32 32 29 25 24 34 35 46 54 51 59 56 57 56 53 43 46 46 42 39 35 38
nan nan nan nan nan nan nan nan nan nan nan nan nan nan nan nan nan nan nan 5 5 6 7 7 6 6 6 7 6 7 7 6 8 9 7 7 8 7 7 9 12 16 17 14 17 16 15 19 19 19 23 23 15 23 23 19 23 23 16 15 13 16 16 14 21 17 17 15 19 23 29 31 34 31 28 27 30 26 32 34 35 43 44 41 49 37 41 39 35 39 39 29 28 31 30 28
nan nan nan nan nan nan nan nan nan nan nan nan nan nan nan nan nan nan nan 6 5 5 7 7 6 7 7 7 7 6 8 8 6 8 7 7 10 9 8 14 17 18 15 17 20 16 15 16 19 16 19 19 19 19 25 25 25 25 19 13 13 16 16 14 14 17 17 17 23 35 34 36 30 30 30 31 32 31 40 38 32 33 35 39 40 31 35 37 34 30 24 23 26 29 24 24
nan nan nan nan nan nan nan nan nan nan nan nan nan nan nan nan nan nan nan 9 8 8 7 8 7 7 7 7 6 6 6 7 7 7 8 8 9 11 9 9 15 19 17 15 25 20 16 16 23 23 23 23 23 19 23 25 25 25 25 16 14 16 16 17 14 17 25 17 23 37 37 36 31 32 35 35 34 38 36 42 38 34 34 33 27 31 30 26 26 27 27 24 22 27 33 36
nan nan nan nan nan nan nan nan nan nan nan nan nan nan nan nan nan nan nan nan 10 8 8 8 8 8 7 7 7 7 7 7 7 6 7 6 8 10 14 17 19 21 19 17 19 26 20 20 19 19 13 16 16 19 24 19 23 25 25 20 16 14 14 14 21 26 26 27 28 34 34 38 38 35 39 32 29 44 45 44 43 34 34 33 30 25 28 24 22 21 23 23 33 35 35 41
nan nan nan nan nan nan nan nan nan nan nan nan nan nan nan nan nan nan nan nan 10 9 10 8 8 7 7 7 8 7 7 7 7 7 7 8 10 15 15 23 21 19 16 17 20 24 24 19 16 13 13 15 20 19 19 25 24 24 26 24 14 16 16 18 16 27 27 28 31 31 35 34 39 38 43 42 38 46 51 56 52 50 41 35 25 28 42 41 38 27 24 34 34 35 31 36
nan nan nan nan nan nan nan nan nan nan nan nan nan nan nan nan nan nan nan 12 10 9 7 6 7 7 7 7 8 7 7 8 8 9 6 8 10 17 26 28 28 18 15 15 14 17 20 19 15 15 19 19 19 15 15 24 24 24 20 20 16 14 14 15 22 27 28 30 22 21 20 21 29 40 39 39 47 49 61 61 60 51 35 32 31 34 42 48 46 35 31 32 35 45 46 43
nan nan nan nan nan nan nan nan nan nan nan nan nan nan nan nan nan nan 11 10 11 9 8 7 7 8 9 8 7 6 6 7 9 7 8 10 12 23 25 32 21 15 14 17 14 17 21 20 19 19 15 19 19 16 16 25 20 16 16 16 16 14 17 21 22 27 22 27 23 20 20 21 23 34 31 31 46 48 61 59 55 50 44 37 31 35 36 45 36 40 41 42 49 47 52 50
nan nan nan nan nan nan nan nan nan nan nan nan nan nan nan nan nan nan 12 10 10 9 9 8 8 8 8 8 7 7 8 10 11 11 11 12 20 29 26 26 21 16 17 16 14 16 20 24 24 15 13 19 19 16 13 16 16 20 20 16 16 20 21 21 21 27 27 27 24 24 20 22 22 29 27 27 37 49 50 54 48 45 29 30 37 38 45 52 40 43 51 53 56 54 61 58
nan nan nan nan nan nan nan nan nan nan nan nan nan nan nan nan nan 14 13 10 9 10 7 8 8 8 8 9 8 8 9 8 9 9 10 13 25 28 31 26 25 20 13 17 16 19 14 15 19 20 16 24 24 16 13 16 13 16 16 16 14 14 21 17 17 22 27 28 24 26 23 22 23 26 24 27 30 38 37 43 36 30 29 35 39 45 52 49 41 48 59 62 64 64 64 61
nan nan nan nan nan nan nan nan nan nan nan nan nan nan nan nan nan 16 15 13 11 10 8 8 8 9 9 10 9 11 11 11 9 9 11 14 21 25 29 26 24 25 24 13 13 15 13 16 24 19 16 16 16 16 16 20 16 16 16 16 14 16 21 26 17 18 22 28 30 26 21 24 28 34 31 25 28 29 31 38 35 33 32 42 49 52 59 47 43 51 58 64 66 64 62 59
nan nan nan nan nan nan nan nan nan nan nan nan nan nan nan nan nan nan 14 13 11 8 8 7 9 11 11 10 13 9 11 10 9 16 20 20 21 24 30 24 23 23 24 19 15 15 13 13 15 19 15 15 13 13 16 25 20 25 25 20 20 25 27 27 27 27 19 29 30 26 22 23 25 25 30 24 22 23 24 21 27 35 39 47 52 48 59 50 44 46 52 58 64 60 57 55
nan nan nan nan nan nan nan nan nan nan nan nan nan nan nan nan nan nan nan nan 10 8 8 8 6 8 10 12 15 13 9 13 13 20 25 19 28 28 23 27 25 24 24 13 13 16 13 13 15 13 13 13 13 13 20 26 26 20 25 25 23 23 24 26 22 27 28 31 32 36 24 26 24 22 24 27 21 21 21 22 26 34 34 43 40 40 52 51 50 41 47 50 60 59 55 53
nan nan nan nan nan nan nan nan nan nan nan nan nan nan nan nan nan nan nan nan nan 9 11 9 7 8 10 11 14 9 10 12 16 24 28 22 28 27 24 23 24 19 19 15 15 17 17 15 15 14 14 16 20 25 25 25 25 25 27 23 23 26 27 27 22 19 17 32 37 36 33 28 26 31 32 31 31 25 22 20 24 24 28 39 35 35 47 47 45 45 45 45 53 61 58 57
