ecocropFuture/tif/c6/rcp585/ACCESS-CM2/prec_3.asc
ncols        683
nrows        518
xllcorner    -87.691666666667
yllcorner    10.708333333333
cellsize     0.008333333333
NODATA_value  nan
[rows 440 to 494 of 518, columns 288 to 383 of 683]
11 13 11 11 11 13 12 12 12 12 12 12 14 18 15 15 15 19 19 20 20 20 20 17 12 12 13 15 14 16 15 15 17 20 24 27 24 11 11 13 30 37 37 31 31 53 37 34 34 21 22 21 42 43 34 21 22 23 23 35 21 35 36 21 35 21 46 41 37 37 46 42 41 42 48 43 48 24 29 40 41 50 42 42 51 45 45 47 46 46 48 48 49 48 48 48
12 11 11 11 11 11 12 12 12 12 12 14 14 15 15 15 19 19 17 17 19 20 20 12 12 13 13 14 15 14 15 15 15 15 21 26 26 19 15 12 13 19 19 31 20 53 60 42 34 42 34 39 43 39 39 35 21 35 35 21 21 36 44 36 21 25 45 45 42 46 47 43 47 43 43 42 43 49 49 49 50 50 45 46 51 45 47 47 46 58 48 48 49 49 50 50
14 13 11 11 11 13 12 12 14 14 12 14 18 15 15 19 19 19 19 17 19 20 17 17 17 17 12 14 14 15 15 15 15 15 16 21 26 24 19 20 15 12 12 20 20 20 53 47 39 39 39 39 39 39 39 43 44 43 21 35 36 21 44 45 45 45 37 46 47 46 38 43 47 48 48 44 43 44 50 45 45 51 51 51 52 52 46 47 46 47 48 47 48 48 49 49
14 14 14 13 13 13 15 12 12 12 12 12 13 15 18 15 19 19 19 20 20 20 20 20 21 21 21 13 13 13 15 15 15 15 16 17 17 21 28 25 12 12 12 16 12 12 20 64 61 62 62 62 48 39 40 35 43 44 39 44 45 45 45 41 40 41 46 47 42 43 48 48 48 44 49 50 44 44 45 55 55 51 51 46 52 53 53 53 77 47 47 48 60 60 61 49
18 18 14 14 13 13 12 12 14 14 12 12 14 18 18 19 19 15 20 20 20 20 20 20 20 21 21 21 18 13 14 14 14 15 15 15 15 16 18 18 28 16 12 12 13 14 32 54 47 62 55 66 63 40 43 23 21 43 39 49 40 45 50 50 45 45 38 38 47 47 49 49 49 49 41 50 45 50 50 50 46 51 52 52 53 54 48 48 54 54 55 55 50 49 61 61
14 14 14 13 13 15 15 14 12 12 14 12 14 18 19 19 19 19 16 20 20 20 20 20 21 21 22 22 21 18 13 14 14 15 16 15 15 16 18 22 22 22 26 16 20 38 44 54 65 62 48 48 40 40 44 22 22 44 45 40 50 40 38 46 45 46 38 46 47 47 40 40 41 32 31 26 26 26 41 42 51 51 43 43 44 44 53 54 54 55 49 48 50 48 57 50
14 14 14 14 13 12 14 14 14 12 12 13 13 13 13 15 19 15 16 16 16 16 20 21 20 21 22 22 22 21 13 13 14 14 14 16 16 16 18 22 22 26 29 26 16 14 21 39 45 55 66 63 63 39 39 40 44 36 36 45 41 46 46 47 47 42 47 47 39 47 25 28 41 30 31 32 42 43 41 42 31 52 52 44 53 28 45 54 30 55 50 50 50 57 58 58
14 14 13 14 13 11 12 14 12 12 14 14 13 13 15 15 13 13 16 20 20 20 21 21 21 21 22 22 21 21 18 14 13 13 14 15 16 16 16 18 18 22 29 29 28 21 21 14 21 33 40 56 67 49 64 68 41 44 44 45 45 45 38 47 47 42 47 47 47 48 28 40 41 42 43 31 44 45 43 42 42 52 52 44 48 54 29 46 46 56 56 57 48 57 59 58
12 13 11 13 11 11 12 12 12 12 12 13 13 15 15 15 13 16 16 20 20 21 21 21 21 22 21 21 21 23 22 14 14 14 14 14 15 16 16 17 17 18 22 27 27 21 21 17 17 14 33 40 56 64 49 65 41 44 45 45 41 42 46 47 38 42 43 48 39 24 41 42 42 31 28 33 45 45 43 38 43 44 53 53 53 54 29 55 30 31 31 37 32 58 59 58
11 11 11 11 11 11 12 12 12 12 12 12 13 15 15 19 13 13 20 20 20 21 21 17 21 22 21 21 22 22 23 19 19 19 14 14 14 14 15 17 16 16 16 17 28 27 16 17 17 13 14 34 56 56 65 65 41 37 37 37 41 46 38 38 24 39 39 24 27 28 43 46 44 32 33 29 33 34 45 44 43 28 44 45 54 54 46 34 35 47 36 48 48 34 59 50
11 11 11 16 13 13 13 12 12 12 14 18 15 15 15 19 15 20 20 20 20 21 21 21 21 21 18 21 21 22 22 19 14 14 14 14 14 14 14 17 17 17 17 17 19 27 27 29 22 13 22 46 46 46 65 57 50 37 23 37 37 46 24 39 40 25 25 24 27 25 42 49 39 45 46 34 34 29 45 46 34 44 29 45 30 30 31 35 46 47 32 48 49 34 34 35
11 11 13 13 16 16 13 17 17 17 18 18 15 15 19 19 19 19 20 20 20 20 20 21 21 18 21 21 22 18 14 14 13 14 14 19 19 14 15 15 16 16 17 17 17 19 29 30 29 13 13 22 46 69 69 50 70 41 45 37 38 24 37 38 25 39 25 25 25 27 40 49 47 38 29 35 34 45 46 47 30 35 30 34 46 49 48 47 47 32 37 38 50 50 39 35
12 15 16 16 16 16 17 17 10 16 18 18 18 19 19 19 19 19 20 20 20 20 20 18 18 18 13 18 18 18 19 13 14 14 14 14 14 14 14 15 17 17 17 19 23 27 27 22 17 15 34 34 47 69 66 41 41 41 37 38 38 24 38 31 38 25 25 27 40 40 41 45 49 50 44 45 34 46 46 35 36 35 47 33 49 51 54 45 53 49 37 50 51 50 51 52
15 16 16 16 16 17 15 10 10 10 10 18 18 19 19 19 19 19 20 20 20 20 20 18 18 13 13 13 13 14 14 14 14 14 15 15 15 14 14 16 17 17 17 17 23 27 22 22 17 14 22 34 47 66 66 41 42 38 38 46 46 46 38 38 38 25 39 40 40 36 41 35 49 50 50 45 30 35 33 45 46 46 31 33 52 54 48 54 57 55 50 39 50 40 36 41
15 15 16 16 16 15 15 10 11 11 11 16 16 16 19 19 19 20 16 20 20 21 21 21 21 13 13 14 13 14 13 14 14 19 14 14 15 15 20 16 17 17 17 18 19 29 22 28 28 22 15 22 41 70 41 41 51 38 24 38 38 47 39 38 25 25 25 40 40 45 35 49 49 51 50 45 30 30 45 54 54 46 46 32 53 53 58 57 55 57 49 35 35 36 52 52
16 15 16 16 16 17 15 10 11 11 10 11 16 19 19 19 19 20 20 20 20 21 18 18 13 13 13 13 13 13 13 14 14 14 14 15 14 15 15 15 17 17 17 17 18 24 29 28 17 17 14 15 47 70 51 41 42 46 25 38 38 47 43 47 25 39 26 26 26 40 46 46 47 38 40 45 33 30 30 45 45 49 46 49 38 51 56 55 57 58 48 39 51 52 52 38
16 15 15 16 16 17 15 16 11 10 10 16 16 16 17 19 19 20 17 12 17 18 13 13 13 13 18 18 13 13 14 14 14 14 14 20 20 20 15 15 17 17 17 18 18 20 29 22 17 22 17 14 23 58 68 68 68 42 47 39 47 48 43 43 48 26 25 40 40 41 46 47 47 38 39 31 45 54 30 54 48 55 32 36 42 52 56 47 56 57 49 39 52 42 39 54
15 15 15 9 10 10 15 10 11 11 11 16 11 11 17 19 12 17 17 12 12 18 13 13 14 15 15 13 13 13 14 15 16 16 15 14 14 15 15 15 16 18 17 17 18 24 29 22 14 15 14 23 47 58 68 52 52 69 47 25 25 25 48 48 26 35 48 46 46 48 50 49 47 39 41 41 46 33 31 45 31 46 48 37 41 35 49 50 51 49 51 36 53 54 55 54
15 9 10 9 10 10 10 16 10 10 11 11 11 11 11 12 12 12 17 12 12 12 12 13 14 16 15 16 14 16 16 16 16 16 17 17 16 17 17 17 18 18 17 17 18 28 30 22 14 15 35 42 59 52 42 42 42 47 39 39 26 24 24 25 40 41 46 47 50 52 48 48 48 49 44 45 46 47 41 52 43 44 55 50 51 37 37 37 38 51 53 37 53 39 39 56
16 9 10 9 10 10 10 10 10 10 11 11 11 11 11 12 12 12 12 13 13 13 15 15 15 15 16 16 16 15 14 15 17 17 17 16 16 16 17 17 17 18 18 18 20 28 22 17 15 35 42 59 68 42 42 43 47 26 39 39 26 26 26 25 41 46 49 38 39 48 51 48 51 40 50 52 51 54 54 52 53 44 56 48 52 34 37 51 51 49 50 40 38 39 40 46
16 9 9 10 12 12 12 12 10 10 11 11 12 11 12 11 12 12 13 13 15 15 15 15 15 17 17 16 16 16 15 17 17 17 16 16 17 17 17 17 17 18 24 17 18 28 28 17 23 35 42 72 69 42 43 47 47 26 39 39 39 24 25 35 41 46 47 49 38 38 39 49 51 50 50 53 53 54 53 44 55 45 49 54 50 51 38 50 51 51 53 52 41 42 40 43
16 9 9 10 10 12 12 13 12 11 13 13 14 13 12 12 14 14 15 15 14 16 16 16 20 21 21 16 16 16 17 17 17 16 17 17 17 17 19 23 19 18 20 20 20 28 22 14 23 48 48 72 69 42 43 47 39 24 40 39 39 35 35 46 46 46 50 51 50 50 51 52 52 52 45 51 51 52 55 54 54 49 51 50 51 48 49 48 52 54 53 53 42 41 41 46
15 9 9 10 10 10 12 13 13 13 11 13 14 14 14 14 14 14 14 15 15 20 20 24 20 21 21 18 16 16 17 17 17 17 22 17 19 19 19 27 23 28 24 24 24 30 17 15 36 48 48 60 69 42 48 40 39 40 40 34 39 40 46 47 49 46 47 48 49 49 48 50 49 49 53 53 54 54 52 52 54 55 55 51 36 51 51 51 53 54 51 53 54 56 57 55
9 9 9 10 10 12 12 13 13 13 11 13 14 14 13 14 14 14 15 16 15 23 24 16 21 21 16 21 16 16 17 15 17 16 18 19 23 27 23 28 29 27 29 28 28 28 14 15 43 72 69 69 53 43 48 25 24 24 34 45 40 27 25 26 37 38 50 49 39 39 49 40 52 52 50 52 53 53 54 52 56 50 35 49 47 49 51 52 59 61 53 54 42 54 55 65
9 15 9 9 10 13 12 13 13 13 13 13 14 15 18 15 14 14 14 15 15 16 20 20 17 17 16 16 16 15 14 15 17 16 18 23 23 27 27 28 27 21 17 22 22 22 14 16 35 43 60 60 48 48 40 40 40 40 41 41 41 40 25 42 42 48 52 49 49 39 40 53 49 53 50 50 53 51 55 54 49 55 46 56 57 59 59 49 59 53 55 55 42 42 57 58
9 15 9 9 12 13 12 12 13 13 13 14 14 14 15 15 19 15 15 15 15 15 15 15 15 15 15 16 16 16 17 17 17 17 17 19 19 27 28 28 29 27 27 22 22 22 14 43 60 60 70 43 48 43 48 49 25 40 25 24 24 41 41 41 41 43 49 49 49 49 52 52 53 51 51 52 54 55 52 53 57 55 47 47 37 50 49 59 51 54 55 53 55 42 55 57
9 9 10 10 10 13 12 12 13 13 13 14 14 15 15 15 15 15 15 15 16 15 15 16 16 16 16 16 17 17 17 17 17 17 17 23 19 19 24 28 28 28 29 28 22 18 18 35 49 70 70 43 43 44 44 44 49 49 49 41 28 41 42 48 48 43 42 39 39 50 50 50 41 42 42 47 48 44 52 53 57 55 47 48 50 50 52 59 60 55 53 55 54 56 43 44
9 9 10 9 10 12 12 13 13 13 13 14 14 14 14 14 15 15 14 15 15 16 15 16 16 16 16 17 17 17 17 17 16 17 17 19 18 19 24 24 28 28 29 30 28 18 18 16 43 61 74 54 54 49 44 49 49 49 49 49 41 25 41 42 42 42 30 43 43 44 44 44 45 30 47 47 44 45 56 56 57 57 56 48 52 51 51 51 52 61 55 55 56 55 55 43
9 9 10 12 10 12 12 12 13 13 13 14 13 14 14 15 14 15 15 15 15 16 16 14 16 16 16 17 17 17 17 17 17 17 17 19 19 19 24 24 24 24 30 28 30 28 29 16 36 44 61 50 50 62 55 44 49 50 50 50 42 50 29 42 43 51 52 44 31 45 53 54 54 55 46 55 44 52 53 53 54 54 55 58 59 52 54 54 60 59 63 63 56 55 57 57
11 11 12 12 12 12 13 12 13 13 13 14 13 14 14 15 15 15 15 15 16 16 16 16 16 16 17 17 17 16 16 16 17 18 18 17 19 19 20 24 24 24 27 30 29 30 29 15 24 50 50 44 44 50 76 55 55 50 50 42 50 50 51 51 46 46 47 52 31 53 54 32 33 33 33 32 48 54 55 57 57 55 58 60 62 54 62 58 59 63 63 61 63 57 57 44
17 17 12 13 16 17 13 13 13 14 14 14 14 12 12 12 13 15 15 13 15 15 16 16 16 16 15 15 17 17 17 17 17 18 18 18 18 18 20 20 20 20 29 28 30 28 18 18 16 44 62 50 50 50 77 55 45 45 50 50 30 26 51 51 43 44 31 53 53 54 32 30 46 48 46 32 35 48 46 47 54 57 49 51 52 61 60 49 62 60 62 63 56 56 58 45
39 39 16 10 12 16 16 20 17 14 13 14 14 11 12 12 12 15 15 15 15 16 16 16 16 17 17 17 17 17 17 18 18 18 18 18 17 20 24 20 25 25 29 28 22 23 18 18 37 44 45 50 51 51 51 74 45 50 43 30 30 51 51 52 52 52 32 45 45 47 46 47 44 48 47 32 49 36 35 49 51 52 51 53 54 51 61 60 59 60 64 43 43 58 65 59
40 40 36 58 34 27 10 12 12 17 21 14 14 14 15 15 15 15 15 15 16 16 14 14 16 16 17 17 17 17 17 18 18 18 18 18 17 18 24 24 25 29 30 22 22 15 15 15 25 45 51 63 77 77 74 45 50 31 43 43 31 31 31 44 52 53 45 33 33 46 44 44 45 45 49 49 50 48 49 51 51 37 38 51 53 54 52 61 61 54 55 55 45 58 66 67
nan nan 41 36 55 59 27 10 10 10 17 22 15 19 15 15 14 15 15 15 16 16 16 13 16 17 17 15 16 17 17 17 18 17 18 17 18 20 24 25 25 29 30 22 18 18 17 25 37 44 63 51 63 63 78 45 42 31 42 44 44 31 28 28 32 45 45 33 34 47 53 51 56 56 55 50 34 49 48 58 49 37 38 40 54 55 61 59 63 56 43 55 58 65 58 68
nan nan nan nan 37 37 57 35 17 18 12 12 14 14 13 13 19 22 20 20 16 16 15 17 16 17 17 16 17 17 23 23 17 18 19 20 18 24 24 29 29 29 30 18 18 17 44 37 37 51 63 63 78 75 75 46 42 28 32 44 52 44 28 28 44 45 45 46 47 31 47 54 55 nan 57 50 34 35 50 50 50 51 52 52 52 63 63 63 62 55 57 58 58 58 66 68
nan nan nan nan nan nan 41 37 45 38 58 52 36 37 43 54 44 38 31 20 12 14 17 22 25 26 22 18 22 23 23 23 19 18 20 20 29 29 25 29 27 28 22 17 37 44 63 63 63 51 78 56 46 46 46 44 32 28 28 44 44 45 32 33 46 45 33 31 46 45 54 nan nan nan nan nan 57 52 51 60 60 60 52 52 58 59 59 63 56 55 57 65 66 67 64 69
nan nan nan nan nan nan nan nan 39 31 38 43 38 43 44 39 39 63 67 48 55 45 45 56 46 40 21 13 23 24 27 27 27 28 28 28 29 26 21 22 18 18 18 37 62 51 77 56 56 56 51 51 51 46 51 44 44 32 29 29 29 29 29 33 45 47 54 55 55 51 nan nan nan nan nan nan nan 41 55 48 48 49 62 62 59 63 63 56 55 57 57 65 66 63 55 69
nan nan nan nan nan nan nan nan nan nan 32 39 31 31 32 32 32 32 45 45 45 40 41 45 41 50 67 71 47 47 41 23 15 23 15 15 15 15 24 24 37 37 44 51 77 50 44 45 51 51 43 32 43 52 43 44 29 45 29 45 53 53 30 30 46 46 53 55 nan nan nan nan nan nan nan nan nan nan nan 45 43 43 62 63 59 56 54 55 43 58 57 62 67 63 68 68
nan nan nan nan nan nan nan nan nan nan nan nan 37 40 37 37 37 37 45 38 41 32 41 41 32 32 32 41 47 47 42 69 73 60 60 74 61 62 62 76 72 44 44 44 50 43 30 30 33 43 43 30 43 30 44 45 44 30 30 30 45 45 45 34 45 46 nan nan nan nan nan nan nan nan nan nan nan nan nan nan nan 56 44 50 nan nan 55 56 59 59 58 67 64 60 60 68
nan nan nan nan nan nan nan nan nan nan nan nan nan nan nan 41 38 45 42 42 38 42 38 38 42 42 39 39 42 41 41 43 53 43 43 48 49 44 44 54 44 49 43 31 43 31 43 43 30 43 44 30 45 44 44 46 44 44 34 45 54 54 54 35 48 nan nan nan nan nan nan nan nan nan nan nan nan nan nan nan nan nan nan nan nan nan nan 57 59 66 59 60 68 61 62 62
nan nan nan nan nan nan nan nan nan nan nan nan nan nan nan nan nan nan 43 47 47 47 46 39 39 39 39 47 40 32 33 33 42 42 42 42 33 43 49 49 50 33 43 45 41 50 45 51 50 41 44 44 44 31 34 31 31 45 34 31 54 47 47 nan nan nan nan nan nan nan nan nan nan nan nan nan nan nan nan nan nan nan nan nan nan nan nan nan nan 67 68 61 61 62 62 63
nan nan nan nan nan nan nan nan nan nan nan nan nan nan nan nan nan nan nan nan nan 43 48 47 48 49 49 40 44 44 43 33 44 50 40 44 32 43 44 45 45 32 44 44 50 49 40 35 46 51 52 46 46 31 35 53 54 45 45 31 32 nan nan nan nan nan nan nan nan nan nan nan nan nan nan nan nan nan nan nan nan nan nan nan nan nan nan nan nan nan nan nan 62 62 63 64
nan nan nan nan nan nan nan nan nan nan nan nan nan nan nan nan nan nan nan nan nan nan nan nan 49 40 40 48 49 50 41 49 50 44 44 45 47 48 50 41 50 50 50 50 42 51 46 46 50 46 53 54 47 45 45 32 35 46 46 46 nan nan nan nan nan nan nan nan nan nan nan nan nan nan nan nan nan nan nan nan nan nan nan nan nan nan nan nan nan nan nan nan nan nan 66 68
nan nan nan nan nan nan nan nan nan nan nan nan nan nan nan nan nan nan nan nan nan nan nan nan nan nan 48 49 49 50 49 49 41 51 50 51 45 45 39 51 48 49 49 49 46 46 52 43 52 52 53 52 45 32 32 46 36 32 nan nan nan nan nan nan nan nan nan nan nan nan nan nan nan nan nan nan nan nan nan nan nan nan nan nan nan nan nan nan nan nan nan nan nan nan nan nan
nan nan nan nan nan nan nan nan nan nan nan nan nan nan nan nan nan nan nan nan nan nan nan nan nan nan nan nan nan 50 50 42 42 51 51 42 51 42 51 45 46 46 52 43 43 52 46 43 47 44 44 44 46 33 46 46 nan nan nan nan nan nan nan nan nan nan nan nan nan nan nan nan nan nan nan nan nan nan nan nan nan nan nan nan nan nan nan nan nan nan nan nan nan nan nan nan
nan nan nan nan nan nan nan nan nan nan nan nan nan nan nan nan nan nan nan nan nan nan nan nan nan nan nan nan nan nan nan nan 42 42 50 51 45 51 51 52 51 51 52 47 47 44 47 53 52 44 48 48 33 36 46 nan nan nan nan nan nan nan nan nan nan nan nan nan nan nan nan nan nan nan nan nan nan nan nan nan nan nan nan nan nan nan nan nan nan nan nan nan nan nan nan nan
nan nan nan nan nan nan nan nan nan nan nan nan nan nan nan nan nan nan nan nan nan nan nan nan nan nan nan nan nan nan nan nan nan nan nan 51 51 43 44 44 44 44 52 47 47 44 53 53 48 48 48 48 49 nan nan nan nan nan nan nan nan nan nan nan nan nan nan nan nan nan nan nan nan nan nan nan nan nan nan nan nan nan nan nan nan nan nan nan nan nan nan nan nan nan nan nan
nan nan nan nan nan nan nan nan nan nan nan nan nan nan nan nan nan nan nan nan nan nan nan nan nan nan nan nan nan nan nan nan nan nan nan nan nan 44 44 47 34 52 52 46 48 48 48 48 45 48 47 nan nan nan nan nan nan nan nan nan nan nan nan nan nan nan nan nan nan nan nan nan nan nan nan nan nan nan nan nan nan nan nan nan nan nan nan nan nan nan nan nan nan nan nan nan
nan nan nan nan nan nan nan nan nan nan nan nan nan nan nan nan nan nan nan nan nan nan nan nan nan nan nan nan nan nan nan nan nan nan nan nan nan nan nan nan 34 34 48 34 48 48 54 46 54 nan nan nan nan nan nan nan nan nan nan nan nan nan nan nan nan nan nan nan nan nan nan nan nan nan nan nan nan nan nan nan nan nan nan nan nan nan nan nan nan nan nan nan nan nan nan nan
nan nan nan nan nan nan nan nan nan nan nan nan nan nan nan nan nan nan nan nan nan nan nan nan nan nan nan nan nan nan nan nan nan nan nan nan nan nan nan nan nan nan 35 47 49 49 54 54 nan nan nan nan nan nan nan nan nan nan nan nan nan nan nan nan nan nan nan nan nan nan nan nan nan nan nan nan nan nan nan nan nan nan nan nan nan nan nan nan nan nan nan nan nan nan nan nan
nan nan nan nan nan nan nan nan nan nan nan nan nan nan nan nan nan nan nan nan nan nan nan nan nan nan nan nan nan nan nan nan nan nan nan nan nan nan nan nan nan nan nan nan nan 55 nan nan nan nan nan nan nan nan nan nan nan nan nan nan nan nan nan nan nan nan nan nan nan nan nan nan nan nan nan nan nan nan nan nan nan nan nan nan nan nan nan nan nan nan nan nan nan nan nan nan
nan nan nan nan nan nan nan nan nan nan nan nan nan nan nan nan nan nan nan nan nan nan nan nan nan nan nan nan nan nan nan nan nan nan nan nan nan nan nan nan nan nan nan nan nan nan nan nan nan nan nan nan nan nan nan nan nan nan nan nan nan nan nan nan nan nan nan nan nan nan nan nan nan nan nan nan nan nan nan nan nan nan nan nan nan nan nan nan nan nan nan nan nan nan nan nan
nan nan nan nan nan nan nan nan nan nan nan nan nan nan nan nan nan nan nan nan nan nan nan nan nan nan nan nan nan nan nan nan nan nan nan nan nan nan nan nan nan nan nan nan nan nan nan nan nan nan nan nan nan nan nan nan nan nan nan nan nan nan nan nan nan nan nan nan nan nan nan nan nan nan nan nan nan nan nan nan nan nan nan nan nan nan nan nan nan nan nan nan nan nan nan nan
nan nan nan nan nan nan nan nan nan nan nan nan nan nan nan nan nan nan nan nan nan nan nan nan nan nan nan nan nan nan nan nan nan nan nan nan nan nan nan nan nan nan nan nan nan nan nan nan nan nan nan nan nan nan nan nan nan nan nan nan nan nan nan nan nan nan nan nan nan nan nan nan nan nan nan nan nan nan nan nan nan nan nan nan nan nan nan nan nan nan nan nan nan nan nan nan
nan nan nan nan nan nan nan nan nan nan nan nan nan nan nan nan nan nan nan nan nan nan nan nan nan nan nan nan nan nan nan nan nan nan nan nan nan nan nan nan nan nan nan nan nan nan nan nan nan nan nan nan nan nan nan nan nan nan nan nan nan nan nan nan nan nan nan nan nan nan nan nan nan nan nan nan nan nan nan nan nan nan nan nan nan nan nan nan nan nan nan nan nan nan nan nan
