ecocropFuture/tif/c6/rcp585/ACCESS-CM2/prec_5.asc
ncols        683
nrows        518
xllcorner    -87.691666666667
yllcorner    10.708333333333
cellsize     0.008333333333
NODATA_value  nan
[rows 168 to 209 of 518, columns 94 to 187 of 683]
nan nan nan nan nan nan nan nan nan nan nan nan nan nan nan nan nan nan 144 140 139 138 141 145 152 152 155 156 155 154 151 159 157 162 152 156 152 143 133 132 131 138 135 135 132 127 130 135 134 123 125 125 125 131 131 135 134 134 132 132 129 131 131 132 131 130 128 126 125 119 118 120 118 117 124 125 126 128 125 126 126 122 127 125 124 121 120 120 116 117 116 116 116 116
nan nan nan nan nan nan nan nan nan nan nan nan nan nan nan nan nan 155 150 143 144 144 152 155 162 162 167 167 161 156 154 159 167 168 164 163 162 144 139 136 143 152 145 136 139 136 131 133 133 131 123 123 122 133 132 132 131 131 135 132 136 129 131 132 132 131 126 126 126 125 121 121 118 118 124 125 126 123 125 125 124 124 128 123 123 121 122 117 117 117 117 118 117 116
nan nan nan nan nan nan nan nan nan nan nan nan nan nan nan nan nan 161 152 149 136 150 162 171 173 170 171 168 165 158 157 159 166 168 165 161 155 146 143 148 147 150 139 140 136 134 132 132 137 135 133 133 133 133 132 133 132 135 140 133 131 132 129 131 132 130 127 127 128 126 126 125 120 119 119 126 127 125 127 124 122 122 127 124 123 123 123 117 118 117 117 117 116 115
nan nan nan nan nan nan nan nan nan nan nan nan nan nan nan nan nan 167 160 162 146 165 168 178 179 177 173 173 171 163 153 151 155 154 153 148 150 140 147 154 142 145 137 136 133 132 130 133 141 136 135 134 133 137 139 137 134 135 137 131 131 132 131 130 128 128 127 127 126 127 126 126 121 121 120 121 125 124 124 126 125 122 126 127 126 126 126 125 119 117 116 115 114 115
nan nan nan nan nan nan nan nan nan nan nan nan nan nan nan nan 182 173 168 171 160 172 175 173 179 179 175 169 166 158 151 151 153 147 141 150 143 136 147 149 140 133 134 136 135 141 135 132 135 141 139 140 141 141 142 140 137 132 134 131 133 131 130 130 129 130 128 128 129 127 126 125 120 126 127 127 120 117 123 124 122 128 127 131 130 132 129 126 121 116 115 116 118 121
nan nan nan nan nan nan nan nan nan nan nan nan nan nan nan nan 180 175 174 171 174 173 174 172 172 171 167 159 155 151 145 146 150 150 138 139 144 135 143 145 137 132 133 137 137 142 142 139 135 137 137 135 142 141 149 144 134 135 134 131 131 135 136 132 135 136 133 133 130 121 126 119 126 127 128 127 125 123 123 124 126 129 128 130 135 134 129 121 119 118 121 122 121 122
nan nan nan nan nan nan nan nan nan nan nan nan nan nan nan nan 181 185 178 177 177 176 181 177 175 170 172 165 159 154 145 144 146 143 144 145 140 136 135 142 137 137 133 138 139 144 140 140 136 131 136 140 138 140 150 140 138 127 126 126 135 134 133 131 133 135 129 125 122 121 123 126 126 126 126 126 119 123 119 124 125 129 128 136 138 133 124 122 125 121 121 122 119 124
nan nan nan nan nan nan nan nan nan nan nan nan nan nan nan nan nan 186 185 181 179 173 178 176 172 173 172 162 154 152 148 144 146 145 145 144 142 144 143 139 136 136 137 138 145 140 138 139 138 137 138 139 140 145 141 140 138 136 129 136 130 131 134 128 127 128 127 124 123 124 123 119 122 119 119 121 120 120 120 120 124 124 126 136 136 126 124 121 121 120 123 124 125 123
nan nan nan nan nan nan nan nan nan nan nan nan nan nan nan nan nan nan nan 177 169 173 176 172 168 172 162 158 154 155 147 147 146 134 134 144 144 144 143 141 141 147 140 148 146 140 140 141 139 141 139 139 141 144 139 136 138 137 132 141 138 131 130 128 127 127 127 125 123 124 123 123 122 123 121 121 121 120 120 120 125 126 128 134 139 130 123 120 123 121 131 122 121 123
nan nan nan nan nan nan nan nan nan nan nan nan nan nan nan nan nan nan nan 177 171 172 171 164 159 158 151 149 151 154 150 148 145 144 134 143 134 144 145 144 142 144 148 148 148 143 141 143 140 140 142 140 141 141 140 136 138 138 139 141 140 138 131 130 128 126 127 126 125 124 123 123 122 124 123 121 120 120 120 119 120 130 135 141 142 132 125 121 126 119 124 119 118 119
nan nan nan nan nan nan nan nan nan nan nan nan nan nan nan nan nan nan nan 177 179 170 174 165 151 152 147 151 144 155 151 154 154 149 147 147 143 146 144 144 146 146 146 145 142 144 144 141 140 141 142 145 141 139 138 137 138 138 137 136 143 142 141 131 128 127 127 126 126 125 124 123 125 124 122 121 123 120 121 125 127 128 137 142 138 130 128 127 128 128 123 119 117 122
nan nan nan nan nan nan nan nan nan nan nan nan nan nan nan nan nan nan nan 181 176 167 156 157 153 161 155 159 154 151 151 149 150 146 136 136 137 146 146 145 146 146 146 148 135 144 148 146 134 133 134 140 144 143 140 138 136 136 139 137 142 144 144 135 127 126 125 127 126 125 125 124 123 125 124 121 121 121 120 127 124 128 137 152 137 133 126 128 133 130 125 121 119 121
nan nan nan nan nan nan nan nan nan nan nan nan nan nan nan nan nan nan nan 190 180 170 159 165 158 155 157 157 152 150 150 154 148 140 140 144 140 137 137 136 136 144 136 146 147 147 153 147 141 137 139 134 134 140 141 138 130 129 136 135 138 139 139 140 135 128 128 127 127 126 125 125 123 123 122 124 123 121 126 125 127 128 145 154 148 129 130 134 133 125 124 120 120 120
nan nan nan nan nan nan nan nan nan nan nan nan nan nan nan nan nan nan nan nan 177 173 168 166 163 155 157 162 155 152 153 150 149 139 139 141 142 138 137 146 148 147 147 150 156 158 150 147 136 136 136 135 134 134 132 139 138 132 129 129 137 137 138 139 130 129 128 127 126 127 126 125 125 123 125 124 122 122 121 121 126 130 131 132 130 131 143 147 141 135 124 126 121 125
nan nan nan nan nan nan nan nan nan nan nan nan nan nan nan nan nan nan nan nan 184 178 182 180 172 165 158 162 171 158 155 152 153 144 143 143 143 139 147 138 149 150 149 149 155 157 149 145 144 137 135 136 135 133 132 139 138 137 132 129 129 135 134 134 128 128 128 128 127 126 126 123 122 125 123 125 119 118 122 123 122 126 126 128 123 137 134 147 150 135 120 126 122 118
nan nan nan nan nan nan nan nan nan nan nan nan nan nan nan nan nan nan nan nan 185 183 179 174 166 166 162 167 169 158 160 156 160 164 155 152 152 150 149 139 151 152 152 149 149 146 145 135 143 145 145 143 135 133 132 131 131 137 132 129 129 128 134 127 133 129 126 126 128 127 124 123 126 125 124 125 125 122 123 123 121 121 121 123 125 141 135 138 136 131 130 129 125 125
nan nan nan nan nan nan nan nan nan nan nan nan nan nan nan nan nan nan nan nan 185 181 174 166 169 168 158 166 169 157 154 160 168 164 160 154 153 152 141 143 150 153 155 152 150 146 136 136 145 144 143 145 144 141 133 134 134 131 133 132 129 131 128 128 128 127 132 126 125 125 124 124 123 126 125 123 123 124 122 123 123 122 122 120 126 127 134 135 145 150 140 139 134 124
nan nan nan nan nan nan nan nan nan nan nan nan nan nan nan nan nan nan nan nan 180 173 171 169 170 168 159 160 157 164 156 157 161 164 154 153 153 152 143 148 143 156 158 156 150 140 140 147 145 138 137 142 145 141 132 132 134 134 133 132 131 132 129 128 134 134 133 132 132 131 125 126 125 126 124 125 123 122 124 122 121 121 120 121 130 131 136 136 139 136 133 126 134 127
nan nan nan nan nan nan nan nan nan nan nan nan nan nan nan nan nan nan nan nan 173 171 167 168 172 175 158 160 158 157 158 156 156 156 147 145 145 145 146 143 154 161 158 154 142 142 143 141 139 139 138 137 134 134 136 135 135 133 133 132 134 131 131 131 134 134 134 130 126 129 128 126 125 126 134 131 128 122 124 122 122 123 122 123 133 132 132 129 127 125 123 121 121 119
nan nan nan nan nan nan nan nan nan nan nan nan nan nan nan nan nan nan nan nan nan 167 168 170 174 172 169 163 160 159 157 159 159 146 146 146 146 146 146 146 145 156 158 145 148 145 144 141 140 139 138 137 137 136 136 135 134 137 136 131 135 131 131 136 135 134 128 130 129 128 131 131 133 135 130 129 128 127 121 121 122 123 122 121 126 123 124 122 123 122 122 120 116 126
nan nan nan nan nan nan nan nan nan nan nan nan nan nan nan nan nan nan nan nan nan 173 169 168 164 165 170 163 161 160 159 159 161 148 148 156 155 147 149 158 156 148 156 158 155 144 143 141 141 140 143 143 141 136 139 139 138 133 135 135 134 135 133 137 137 137 135 130 130 128 131 133 142 134 125 125 123 128 127 127 121 120 126 125 124 124 121 123 128 127 122 121 122 119
nan nan nan nan nan nan nan nan nan nan nan nan nan nan nan nan nan nan nan nan nan 185 178 172 172 173 166 166 166 161 161 159 159 150 150 160 159 149 157 160 162 161 160 161 151 148 145 143 141 141 139 138 138 137 136 139 139 134 133 132 132 136 133 131 137 136 129 131 130 129 132 135 134 133 125 126 126 125 123 128 127 127 120 120 120 125 126 125 123 122 124 124 123 122
nan nan nan nan nan nan nan nan nan nan nan nan nan nan nan nan nan nan nan nan nan nan 186 176 170 166 172 171 167 165 163 162 160 159 159 160 159 160 160 164 165 163 165 165 160 158 149 146 144 142 140 139 138 138 137 137 136 139 134 136 132 136 131 140 137 135 137 135 130 130 131 134 135 137 133 133 134 133 133 140 132 129 127 120 125 125 126 126 124 123 118 120 118 119
nan nan nan nan nan nan nan nan nan nan nan nan nan nan nan nan nan nan nan nan nan nan 183 176 172 167 171 174 168 157 158 153 164 164 160 152 160 160 161 166 166 168 168 164 151 148 146 144 143 141 140 140 139 138 137 137 136 135 139 138 137 134 135 141 145 144 133 134 128 129 129 131 136 141 135 137 142 135 137 142 148 137 128 128 127 126 125 125 122 121 119 118 118 117
nan nan nan nan nan nan nan nan nan nan nan nan nan nan nan nan nan nan nan nan nan 193 180 173 170 169 173 173 169 160 160 155 154 166 155 153 153 163 161 171 174 171 166 160 149 150 147 146 143 147 146 144 144 139 142 141 137 140 139 135 138 138 135 135 139 139 138 135 129 129 128 127 131 133 130 134 141 137 150 155 159 153 138 134 124 125 120 124 123 131 125 118 119 119
nan nan nan nan nan nan nan nan nan nan nan nan nan nan nan nan nan nan nan nan 188 186 178 173 177 175 171 172 178 174 158 157 156 160 162 155 164 169 173 170 170 169 166 152 149 149 146 146 145 143 145 144 140 139 143 139 136 137 137 135 134 134 136 132 139 138 136 135 135 134 128 129 131 131 130 133 132 147 147 154 150 155 133 134 124 120 121 124 128 129 118 119 117 119
nan nan nan nan nan nan nan nan nan nan nan nan nan nan nan nan nan nan nan nan 190 186 178 174 180 178 177 173 176 177 160 160 158 170 169 169 171 170 170 172 169 163 152 151 148 148 147 144 143 143 146 146 140 140 139 140 137 139 138 135 135 142 141 141 132 138 137 137 134 133 128 129 129 126 132 137 130 129 150 157 153 142 125 123 126 125 123 121 129 122 118 118 121 121
nan nan nan nan nan nan nan nan nan nan nan nan nan nan nan nan nan nan nan 191 190 190 185 181 178 183 179 179 181 179 173 174 158 162 170 171 169 171 175 171 164 155 152 149 151 148 153 152 144 144 142 142 142 142 141 141 138 140 139 139 135 142 143 141 140 139 138 138 137 133 128 129 129 132 133 136 128 126 143 150 145 144 122 124 126 126 126 132 127 121 123 121 126 125
nan nan nan nan nan nan nan nan nan nan nan nan nan nan nan nan nan nan nan 184 186 188 188 185 175 185 182 181 180 182 179 179 162 163 170 171 174 172 175 170 162 154 152 155 152 147 147 146 145 145 144 142 141 148 147 146 141 139 138 137 137 137 135 142 133 132 139 137 138 134 132 133 133 133 138 137 131 128 128 128 125 126 132 126 124 125 137 129 130 125 121 123 125 125
nan nan nan nan nan nan nan nan nan nan nan nan nan nan nan nan nan nan nan nan 189 190 190 182 181 186 188 182 181 180 181 177 173 176 175 175 172 171 168 174 168 153 151 151 152 148 148 147 146 146 145 143 149 149 148 148 142 141 142 141 140 139 139 138 137 134 131 137 136 129 133 132 131 131 133 131 130 125 130 125 125 126 127 126 126 136 131 125 129 124 121 118 123 121
nan nan nan nan nan nan nan nan nan nan nan nan nan nan nan nan nan nan nan nan nan nan 190 187 186 182 185 182 182 182 182 179 174 175 173 174 174 171 170 168 169 155 151 151 150 149 149 148 148 147 144 143 149 149 141 143 140 142 139 141 141 140 140 136 136 134 132 136 136 129 133 136 132 132 135 129 127 125 126 128 123 122 125 128 132 125 123 122 123 125 124 119 121 119
nan nan nan nan nan nan nan nan nan nan nan nan nan nan nan nan nan nan nan nan nan nan nan 189 190 187 180 183 184 183 178 177 177 174 173 175 173 171 175 167 166 153 152 151 150 148 156 155 154 153 152 152 151 149 149 148 140 141 139 142 141 141 137 134 139 132 138 136 135 138 136 139 132 133 128 128 125 127 127 126 124 123 124 127 126 124 122 121 120 122 121 121 120 120
nan nan nan nan nan nan nan nan nan nan nan nan nan nan nan nan nan nan nan nan nan nan nan 194 185 188 182 188 186 184 183 179 183 174 183 194 197 185 169 168 168 162 152 152 150 150 148 155 156 155 154 153 152 148 148 148 147 141 140 139 142 138 137 134 139 141 138 134 141 138 144 134 135 133 129 128 127 124 124 123 123 122 121 124 126 122 122 119 120 119 119 121 118 120
nan nan nan nan nan nan nan nan nan nan nan nan nan nan nan nan nan nan nan nan nan nan nan nan 190 188 187 184 180 178 175 183 175 184 180 186 189 196 175 168 168 164 153 152 151 150 149 155 155 154 153 153 152 152 151 148 140 143 142 141 138 138 139 137 135 134 141 135 146 150 145 134 136 137 133 129 127 125 128 123 126 122 121 122 121 122 122 122 121 124 119 119 119 120
nan nan nan nan nan nan nan nan nan nan nan nan nan nan nan nan nan nan nan nan nan nan nan nan 183 184 190 189 179 188 188 188 177 186 188 183 185 185 192 178 166 167 162 152 150 151 150 149 148 147 148 152 151 150 148 148 149 141 141 140 139 141 141 137 138 138 139 135 143 144 144 139 136 142 140 135 126 127 128 123 123 122 123 122 122 123 122 123 123 119 124 120 120 123
nan nan nan nan nan nan nan nan nan nan nan nan nan nan nan nan nan nan nan nan nan nan nan nan 195 182 188 188 200 184 184 184 185 182 184 181 182 178 179 179 164 167 164 161 160 159 158 149 148 148 149 148 145 145 143 149 148 146 142 141 137 136 141 136 135 136 141 136 130 131 134 144 144 149 136 127 126 127 128 123 122 125 124 124 128 123 126 129 130 120 120 123 123 123
nan nan nan nan nan nan nan nan nan nan nan nan nan nan nan nan nan nan nan nan nan nan nan nan 189 194 192 183 193 193 192 191 179 182 188 181 188 180 178 170 183 161 154 169 167 159 158 157 156 155 156 156 147 145 143 144 142 141 140 140 138 138 137 135 136 136 138 132 138 134 143 143 139 133 134 132 126 126 126 123 126 123 124 123 128 126 126 124 126 125 121 120 123 124
nan nan nan nan nan nan nan nan nan nan nan nan nan nan nan nan nan nan nan nan nan nan nan nan 186 185 197 183 195 192 176 186 175 188 189 181 187 175 172 183 166 163 170 168 159 154 155 157 159 156 157 159 155 146 144 143 144 141 140 140 141 146 143 142 135 136 135 141 136 133 134 138 141 136 131 127 128 128 128 127 125 125 121 122 124 122 121 126 126 125 121 124 121 122
nan nan nan nan nan nan nan nan 196 197 196 199 199 nan nan nan nan nan nan nan nan nan nan nan 198 195 182 188 178 194 180 175 174 179 190 183 186 185 183 174 168 169 167 179 178 166 156 151 165 155 160 164 158 154 145 142 143 142 142 144 149 146 145 142 141 140 134 135 136 143 144 146 136 132 132 132 128 128 135 129 126 125 124 122 122 121 122 122 120 129 131 121 120 125
nan nan nan nan 189 193 195 210 208 200 201 196 194 193 nan nan nan nan nan nan nan nan nan 200 198 193 175 176 178 182 191 180 179 188 188 181 184 182 168 167 165 164 160 158 179 170 178 160 160 154 158 162 157 154 150 143 141 142 143 145 143 146 145 144 144 134 141 143 140 134 141 136 142 135 128 128 127 127 137 142 130 127 124 121 120 121 122 127 123 132 138 132 132 134
nan nan nan nan 187 188 191 215 209 203 200 195 198 196 196 208 nan nan nan nan nan nan 195 194 192 193 183 190 182 192 191 177 187 178 182 187 168 166 162 164 165 158 161 160 164 164 169 178 165 161 159 162 156 151 151 145 143 141 142 143 142 145 145 143 137 134 135 142 139 138 148 142 131 131 140 139 135 128 136 146 135 124 122 124 120 121 122 126 128 133 141 140 135 141
nan nan nan 189 189 185 197 207 206 200 189 188 194 190 191 188 199 nan nan nan 177 176 175 186 185 172 172 186 187 194 193 176 185 174 189 180 170 169 162 169 168 158 162 173 162 164 168 173 171 163 157 153 150 152 151 150 149 142 148 145 144 147 144 142 142 134 134 142 134 145 149 134 135 134 139 140 139 133 143 140 137 126 128 127 122 121 123 126 124 127 139 147 147 149
