ecocropFuture/tif/c6/rcp585/ACCESS-CM2/prec_10.asc
ncols        683
nrows        518
xllcorner    -87.691666666667
yllcorner    10.708333333333
cellsize     0.008333333333
NODATA_value  nan
[rows 84 to 125 of 518, columns 376 to 469 of 683]
318 319 315 314 315 316 316 317 311 311 311 311 313 306 305 307 304 303 304 307 307 303 304 306 305 304 303 302 303 303 303 301 302 304 305 305 310 309 309 311 309 311 310 310 310 308 310 307 310 311 311 309 308 310 310 308 306 306 306 304 305 312 312 313 311 314 314 309 312 312 315 309 313 314 316 316 318 318 319 321 321 322 320 321 322 322 324 323 323 324 325 326 327 327
321 321 320 319 316 315 312 315 316 315 309 311 314 307 306 311 313 307 307 307 307 304 304 304 304 304 305 307 309 309 306 307 306 306 304 310 308 305 305 309 311 311 310 311 311 311 309 311 310 311 311 309 306 303 306 310 307 306 304 308 310 308 307 306 306 309 309 308 308 310 311 311 311 310 312 315 313 314 317 318 316 319 321 321 322 322 324 324 324 325 328 331 328 328
320 320 317 314 310 309 315 316 315 318 313 313 312 314 312 311 311 312 311 309 310 310 307 304 305 306 309 313 307 312 312 312 310 309 306 306 309 302 302 305 306 308 309 311 312 311 306 311 311 309 309 309 309 306 306 309 307 306 305 305 308 311 311 311 312 312 313 312 310 311 311 316 316 311 311 315 312 311 313 314 315 317 321 321 322 322 324 324 325 326 328 331 329 328
319 319 317 317 312 313 312 313 308 312 311 310 311 313 314 312 313 310 310 310 312 314 310 309 311 312 311 313 313 310 310 310 309 310 310 303 304 304 302 305 308 311 309 311 311 311 311 311 312 310 310 310 312 307 307 309 310 305 305 305 308 309 313 314 314 309 315 315 314 311 315 315 312 311 311 319 314 314 315 314 314 315 321 320 322 324 324 324 325 326 328 329 328 328
318 320 317 319 316 317 317 313 310 310 308 308 308 307 308 308 308 307 310 310 311 311 311 308 314 314 313 314 320 318 315 313 313 310 310 306 309 308 303 306 308 310 308 311 311 311 311 310 312 309 307 307 309 304 307 310 308 307 307 307 308 312 314 314 315 315 315 313 311 315 314 312 313 313 314 316 316 312 312 315 315 317 319 322 322 323 323 325 325 326 327 328 328 329
318 321 320 320 321 317 317 317 316 311 310 308 307 311 307 306 306 305 308 314 314 314 308 312 311 311 314 318 325 321 314 313 312 311 309 306 306 308 306 303 306 306 310 311 312 313 312 308 306 309 307 307 307 304 307 308 310 312 313 313 313 314 315 315 315 316 314 311 311 314 314 315 315 317 316 318 317 314 314 318 321 319 319 322 321 318 319 322 325 326 326 327 328 329
318 321 321 321 320 319 317 318 319 316 310 308 309 311 307 307 309 311 308 314 314 314 314 314 314 313 317 322 323 314 314 310 304 306 309 311 303 306 310 310 312 312 311 312 317 317 310 308 309 312 312 310 310 312 308 308 305 306 313 313 314 314 314 315 316 316 314 307 311 312 315 311 313 313 311 314 319 320 320 318 319 322 322 322 318 318 322 322 323 323 327 326 323 325
318 321 319 315 316 317 317 320 320 320 309 306 306 307 307 311 311 314 311 314 314 311 314 315 314 314 315 317 316 315 315 314 312 311 311 309 306 306 310 306 306 306 311 311 312 314 314 312 307 307 312 313 312 310 308 308 309 308 311 308 313 315 315 316 316 317 317 316 316 318 315 318 318 314 311 317 319 320 318 319 321 322 322 321 318 317 318 320 326 320 320 319 320 326
312 312 313 310 309 312 310 312 315 316 316 316 315 309 313 311 313 311 314 314 315 314 313 315 318 325 329 330 323 320 311 310 312 311 312 312 312 309 312 310 312 309 311 311 312 310 308 310 313 310 312 313 312 312 313 311 311 308 308 312 312 315 315 316 317 317 317 318 318 318 319 319 318 319 314 315 318 320 321 321 321 322 323 321 318 319 321 323 326 327 322 323 324 324
316 316 315 312 309 315 312 311 311 311 317 316 315 315 315 315 315 315 313 313 315 316 321 320 326 330 330 330 326 312 309 314 312 312 313 313 313 311 311 305 311 311 311 311 312 312 310 311 311 312 312 310 310 311 311 313 308 311 314 315 315 315 315 317 317 317 318 317 317 318 318 319 318 319 317 314 314 317 318 318 319 322 322 323 325 325 325 325 326 327 327 327 328 328
318 316 315 312 312 315 315 311 311 311 317 318 315 313 315 315 315 315 315 313 317 329 328 332 327 325 329 327 325 319 317 316 307 313 314 314 313 311 311 309 311 311 312 312 312 312 312 311 312 310 312 307 304 304 305 313 311 311 309 315 315 316 315 317 317 317 318 318 318 318 318 319 318 317 317 318 315 318 318 319 319 317 323 325 325 325 320 323 326 327 330 328 329 329
316 316 315 319 315 317 315 311 311 312 318 319 314 313 313 313 315 316 316 316 320 324 329 332 329 330 325 322 319 316 311 315 313 313 313 313 313 312 312 311 312 310 312 312 312 312 312 311 311 310 312 312 305 307 307 311 314 315 313 315 314 314 315 317 318 318 318 318 318 318 319 319 319 319 320 318 320 321 321 322 323 323 323 322 325 326 326 325 326 327 328 328 329 330
317 319 315 316 316 316 319 318 316 319 319 316 311 311 311 309 316 316 313 316 317 318 320 325 329 322 321 316 314 314 309 305 308 313 312 312 312 312 312 307 310 312 312 312 312 312 312 311 311 312 310 310 310 307 307 308 314 315 313 313 314 314 313 314 318 318 318 318 318 318 319 319 320 320 321 321 321 322 322 323 324 324 325 326 325 327 327 327 327 327 328 328 327 329
320 320 316 317 316 320 320 319 318 320 320 320 315 314 314 314 316 316 316 319 323 322 320 323 323 319 315 311 312 316 315 311 311 313 313 312 312 309 309 305 310 312 312 312 312 312 318 311 311 312 312 314 311 311 314 312 312 315 315 315 314 314 317 318 318 318 318 318 318 318 319 321 320 320 320 321 322 322 323 323 324 325 325 326 326 327 327 327 328 328 328 331 329 329
319 318 319 321 317 320 320 318 319 322 323 322 320 317 317 316 316 318 318 316 319 318 319 319 316 310 309 308 309 312 315 310 307 312 310 312 312 311 311 311 312 312 312 312 312 312 312 312 312 312 312 313 313 314 314 314 315 314 316 316 316 317 316 314 317 317 315 318 319 319 319 320 319 321 321 322 322 321 322 323 323 323 324 325 326 326 327 327 328 329 330 330 331 331
320 320 320 321 320 320 320 319 319 322 324 323 320 315 317 317 317 319 322 320 319 320 314 313 310 309 306 302 305 308 310 309 308 308 310 313 313 312 311 312 312 312 312 312 312 312 313 312 312 312 313 313 314 314 312 312 315 314 316 316 317 317 317 317 317 317 316 319 320 320 320 320 321 322 322 322 323 322 322 323 323 325 325 325 326 326 327 328 329 330 329 330 332 332
320 320 320 321 321 319 321 320 320 320 322 324 322 316 315 319 321 322 322 320 319 316 309 314 309 308 306 304 304 304 304 308 306 308 313 312 313 312 312 312 312 312 312 313 312 313 313 312 312 310 313 308 314 314 308 309 309 312 313 317 317 318 317 317 318 318 316 319 320 320 321 321 321 322 322 322 323 322 322 321 321 325 325 326 326 327 327 328 329 330 330 330 332 332
322 319 322 322 321 321 321 323 322 320 323 325 323 324 320 321 322 320 319 319 316 311 310 307 306 306 305 305 305 310 305 313 310 310 312 313 312 312 312 312 312 312 312 312 312 313 313 312 312 310 311 311 308 312 313 313 313 316 313 317 318 318 318 318 318 318 320 317 320 321 321 321 321 322 322 323 324 323 323 325 325 325 326 326 327 327 327 328 329 330 330 331 331 332
323 323 322 322 320 321 320 322 320 319 323 325 324 328 322 324 323 320 318 316 308 313 313 313 308 308 305 310 304 311 311 310 309 309 309 312 313 312 309 305 305 306 312 313 313 313 313 312 312 310 311 309 314 316 316 316 317 317 317 318 318 318 317 315 313 313 317 317 320 320 321 321 321 322 323 323 324 323 325 326 326 326 326 327 328 328 328 329 329 330 331 332 332 334
323 323 322 322 321 321 321 319 322 324 323 324 324 324 321 319 317 318 317 317 310 310 311 314 314 315 314 312 312 306 305 305 303 303 309 313 313 310 305 305 310 306 306 309 312 312 312 313 312 313 314 314 315 315 315 316 317 317 319 319 317 319 318 316 316 313 313 317 317 321 321 321 321 322 322 323 323 323 324 325 326 326 326 327 327 328 329 328 329 330 332 332 332 333
323 323 321 322 321 322 322 319 322 324 324 324 323 322 321 320 321 321 319 314 307 307 309 309 306 306 306 311 310 310 309 307 309 309 313 307 314 310 310 310 310 306 306 312 312 312 312 313 309 311 307 308 315 315 309 316 316 316 316 317 319 319 319 319 319 320 317 320 318 321 322 322 322 323 323 323 323 324 325 325 326 326 327 327 327 328 329 328 330 330 330 332 332 333
322 319 321 322 325 328 326 320 320 323 324 324 323 322 321 319 321 316 314 313 307 310 306 308 308 305 306 311 311 311 314 310 309 313 310 310 310 310 310 310 310 313 312 312 312 314 314 313 313 311 311 314 315 315 316 317 315 317 315 312 319 320 316 313 314 314 318 321 318 322 320 320 323 323 323 323 325 324 325 326 327 327 327 327 328 329 329 328 330 330 332 332 332 333
319 322 321 325 325 328 328 325 325 324 324 324 326 323 323 321 320 317 313 313 317 312 308 308 310 305 305 310 313 313 313 313 313 310 313 310 313 312 310 310 306 310 312 312 312 314 314 313 313 313 305 312 315 315 316 317 315 314 315 309 312 316 316 311 314 316 322 322 320 320 324 324 325 323 326 326 327 325 325 328 327 327 328 328 329 329 329 329 330 332 333 333 332 333
320 322 325 326 326 328 328 326 325 323 326 327 324 324 322 319 319 317 313 313 317 317 311 314 311 311 307 310 313 313 313 313 313 314 314 314 313 312 306 306 307 311 312 312 314 314 314 313 313 313 311 308 308 315 315 316 315 311 311 309 312 314 318 314 313 317 321 323 317 317 324 325 325 323 325 326 327 327 327 328 330 327 327 328 329 330 330 329 330 333 333 333 333 334
324 325 325 334 327 329 327 326 326 325 326 324 323 322 319 316 317 317 317 316 316 316 314 315 315 315 314 313 314 314 306 304 309 310 310 310 310 306 306 306 310 314 313 313 313 313 313 310 310 310 314 314 314 314 314 315 317 314 314 311 312 316 320 322 321 323 323 321 318 319 325 322 322 324 322 326 325 321 323 323 326 326 324 327 328 331 331 330 330 332 333 333 334 334
325 333 333 334 334 329 328 329 326 326 325 323 324 321 320 319 316 316 316 316 316 312 311 315 315 315 308 308 314 313 311 306 303 302 303 303 307 306 304 306 306 306 312 313 313 313 313 314 314 314 314 307 311 311 314 315 315 316 308 309 316 311 317 316 316 327 328 318 318 322 324 325 322 323 324 318 330 330 326 326 322 326 326 328 328 331 332 332 333 333 334 335 337 338
328 326 334 334 335 325 335 329 327 326 325 323 321 319 317 315 315 314 316 317 318 318 316 316 316 316 316 316 315 313 311 307 310 307 307 307 307 309 306 306 306 304 305 306 310 313 311 310 314 314 311 308 307 307 314 315 317 316 316 317 318 317 311 313 314 319 315 317 321 328 326 327 323 323 325 326 330 324 324 324 328 322 323 326 327 328 328 332 334 333 333 334 335 338
328 326 328 334 328 335 335 326 326 327 320 325 320 320 319 317 316 316 321 317 317 317 316 316 316 318 319 322 320 316 314 314 313 312 311 315 311 309 313 309 309 313 312 310 303 306 310 310 307 310 311 311 311 311 314 312 315 316 314 317 317 318 315 313 313 314 320 325 322 329 332 329 330 329 323 318 322 321 321 319 322 326 327 326 327 331 332 332 332 333 334 334 335 336
330 330 328 334 335 336 330 327 327 325 319 318 320 316 319 317 319 318 320 316 316 316 316 317 318 319 322 322 322 319 315 316 315 312 312 313 313 310 309 309 306 313 313 313 313 306 311 310 310 314 315 315 314 308 312 312 315 316 314 317 318 318 319 321 319 313 314 314 314 319 322 328 332 326 321 318 318 320 321 321 322 323 327 329 329 332 334 333 332 333 334 334 335 336
330 329 327 329 330 330 328 329 329 327 320 315 317 320 318 315 318 317 318 318 318 317 315 316 319 318 318 316 315 317 316 317 314 311 305 306 310 313 313 309 309 310 313 313 310 310 311 310 310 315 315 315 314 315 315 315 315 315 317 313 317 318 319 319 322 316 315 312 312 313 321 325 326 323 323 318 318 319 320 320 325 328 325 329 330 331 332 331 331 332 334 335 335 335
329 329 328 329 330 329 332 320 318 319 323 311 313 320 315 310 315 318 318 318 318 317 315 316 317 316 317 317 314 315 316 315 316 310 306 307 313 313 309 313 313 314 313 313 313 311 311 307 307 311 311 315 315 315 315 315 316 315 313 310 317 318 318 318 320 320 318 313 314 315 316 321 322 319 319 320 320 324 327 327 325 328 329 330 330 328 324 323 328 331 334 335 334 334
330 328 327 327 330 332 330 326 317 313 313 318 320 318 315 315 315 318 317 315 317 315 316 317 317 317 316 316 312 311 311 311 306 305 303 306 306 309 306 309 313 314 313 313 313 311 306 313 313 311 308 308 307 315 315 316 313 313 313 317 318 318 318 318 319 319 317 316 320 321 322 323 323 325 322 326 327 324 327 324 327 328 329 329 330 326 328 325 325 330 335 335 334 335
329 328 327 327 330 332 329 325 320 315 315 319 320 320 318 318 320 317 317 318 317 314 312 317 316 315 310 314 306 305 305 302 309 312 313 313 313 313 313 313 313 313 313 313 313 314 314 313 315 313 315 308 312 315 316 316 316 317 317 317 318 318 318 318 318 319 320 320 320 321 322 323 323 325 323 326 326 326 324 324 327 328 329 329 330 331 328 330 331 330 334 334 335 336
326 336 328 330 328 327 327 319 315 313 313 320 320 320 318 316 316 314 314 317 315 315 315 315 314 314 314 308 305 301 301 302 302 309 312 313 312 313 313 313 313 313 313 312 313 314 314 313 315 315 315 312 312 316 316 316 316 315 317 317 318 319 318 318 319 319 317 320 321 319 323 323 322 323 323 321 326 323 317 320 325 325 325 325 330 330 331 325 329 330 334 335 332 334
332 338 330 327 327 326 316 314 312 310 312 311 320 320 321 318 317 315 318 316 315 318 318 317 315 316 305 309 309 305 301 305 304 312 312 310 311 312 312 312 312 311 310 312 313 314 314 313 314 314 314 315 311 315 315 315 316 315 316 316 317 318 318 319 319 319 320 312 320 321 323 323 322 323 321 317 318 319 320 323 327 325 325 326 329 331 331 324 328 332 333 335 334 334
339 337 323 323 323 321 316 316 310 309 311 317 321 320 321 325 327 325 325 325 322 316 317 315 313 311 306 309 313 313 305 305 307 311 311 310 311 310 312 312 312 311 310 312 313 314 314 314 314 311 311 315 315 315 315 315 316 315 316 317 317 318 318 319 319 320 320 317 320 321 323 323 322 319 323 324 322 315 320 324 328 328 325 330 328 334 335 332 328 333 334 335 335 335
330 332 328 320 322 325 320 312 314 310 311 325 325 324 327 327 327 330 332 330 328 322 316 316 316 310 310 309 313 311 308 308 311 311 311 312 312 311 311 309 312 312 312 312 313 314 314 313 314 314 314 314 315 315 316 316 316 316 317 317 314 318 319 319 320 320 321 320 317 321 323 323 322 316 321 322 318 315 315 318 318 325 321 327 335 333 334 333 333 333 334 336 334 337
330 329 325 320 319 321 321 313 314 319 316 326 329 329 330 327 309 318 326 326 326 325 319 317 315 316 317 314 313 313 311 311 311 311 311 312 312 311 312 312 312 312 312 313 313 314 314 313 311 314 314 314 313 315 316 316 318 316 317 317 318 318 318 319 320 320 321 320 321 318 318 319 315 313 314 318 314 314 315 318 321 325 322 325 334 333 329 329 333 335 336 336 337 339
331 328 323 321 321 320 320 316 314 314 323 324 322 327 317 311 310 315 314 318 318 321 324 323 319 313 315 317 315 309 311 311 310 311 311 312 312 311 311 310 312 312 312 313 313 313 314 312 314 314 314 314 315 316 316 316 318 317 316 317 318 318 319 319 320 322 321 321 321 321 311 311 313 314 317 318 316 315 319 320 324 325 326 330 329 331 331 332 329 334 333 337 334 340
329 330 328 326 323 323 318 318 318 314 323 324 320 321 315 308 318 315 315 313 314 321 323 320 319 313 312 315 311 312 311 311 309 308 311 312 313 311 312 312 312 312 311 311 312 312 314 314 314 314 315 315 314 315 315 315 315 316 317 317 318 318 319 321 326 321 321 321 321 317 314 315 312 317 317 321 322 318 319 319 324 328 325 326 326 331 331 328 325 334 338 338 338 338
327 329 328 329 326 320 318 312 313 318 326 319 318 318 308 309 314 306 305 309 309 315 312 320 320 314 312 311 307 310 307 307 309 309 311 312 312 311 312 312 312 311 311 311 312 312 314 314 314 314 315 316 315 314 315 317 317 317 317 318 318 318 318 318 319 321 321 321 321 322 322 315 316 317 321 321 322 318 319 319 320 321 325 326 327 329 329 324 327 328 337 339 338 337
328 328 328 327 329 318 313 306 307 311 323 323 317 318 317 315 314 305 311 312 315 313 311 313 304 312 314 312 311 310 307 303 308 308 309 312 313 311 311 311 312 311 310 311 312 312 314 313 313 314 315 317 315 315 317 317 318 317 317 318 318 318 318 318 319 321 321 321 321 321 323 315 316 320 321 325 322 325 326 324 318 318 318 322 326 329 325 325 327 331 333 338 338 338
