ecocropFuture/tif/c6/rcp585/ACCESS-CM2/prec_2.asc
ncols        683
nrows        518
xllcorner    -87.691666666667
yllcorner    10.708333333333
cellsize     0.008333333333
NODATA_value  nan
[rows 220 to 274 of 518, columns 384 to 479 of 683]
58 54 59 63 59 49 46 46 46 66 61 55 55 55 66 65 65 65 67 62 62 62 67 63 57 67 67 63 67 68 63 58 58 58 64 64 52 47 49 49 53 49 47 47 47 47 50 53 48 48 49 50 48 48 48 49 52 60 60 67 72 60 52 62 68 68 68 72 70 72 72 70 73 73 45 45 45 63 69 73 69 74 74 74 74 70 54 45 55 46 55 64 64 71 76 73
63 54 59 63 59 59 49 49 49 65 61 61 61 55 61 66 65 67 67 57 57 51 57 63 57 63 67 63 67 68 58 51 51 58 49 58 58 47 49 49 49 49 47 47 47 47 47 50 47 48 52 48 48 48 49 52 67 60 60 67 72 60 46 62 72 72 72 72 70 72 72 73 70 73 50 50 50 45 63 69 70 63 63 70 74 74 64 64 54 46 64 64 64 64 76 76
59 59 59 63 63 54 59 60 49 65 65 61 66 62 61 66 67 62 51 57 57 67 67 57 67 63 63 63 63 68 58 58 58 58 47 47 49 46 49 46 47 47 47 49 47 47 47 49 49 47 47 52 52 52 52 67 67 67 67 60 72 60 62 68 70 72 72 72 72 73 68 70 70 73 50 50 50 50 45 45 63 70 74 70 74 74 64 70 64 71 64 64 64 71 72 76
59 63 63 63 64 66 60 55 60 66 65 61 61 66 66 66 67 62 62 57 67 67 67 63 63 63 47 51 51 51 64 58 47 49 49 58 59 49 47 49 49 47 49 49 49 47 50 48 52 60 49 49 60 66 71 71 67 60 68 61 61 62 52 62 62 46 53 62 53 54 62 73 70 73 54 51 45 45 45 45 45 70 45 70 54 46 46 51 54 54 54 64 64 55 72 72
59 63 59 64 65 64 65 60 65 66 66 66 66 66 67 67 67 66 66 65 67 67 64 68 63 67 58 51 68 64 58 58 58 52 52 52 69 59 52 49 47 49 47 47 47 47 50 48 52 60 46 46 66 60 60 67 46 48 48 49 49 49 49 49 53 49 49 49 49 54 49 45 54 54 63 51 45 51 51 51 45 45 51 45 54 52 52 52 52 52 51 55 55 55 65 65
63 64 59 54 60 65 65 65 65 66 66 66 61 56 56 57 66 67 66 62 57 51 63 51 51 58 63 63 68 58 51 49 47 47 47 47 52 52 59 65 47 47 49 49 49 47 49 49 60 60 52 52 52 60 52 60 46 49 48 48 51 49 49 49 49 49 49 49 49 49 49 46 46 54 63 63 63 54 54 54 54 45 51 51 51 51 51 52 52 52 51 46 55 55 65 65
54 59 64 60 55 60 65 60 60 66 56 56 56 57 57 62 62 66 62 57 57 63 63 58 47 58 58 51 51 58 52 47 49 47 46 46 47 47 47 52 47 49 47 49 49 49 49 47 52 60 52 52 52 46 46 46 52 52 46 48 54 51 49 49 49 49 49 49 49 49 49 49 50 50 70 74 70 63 63 63 64 51 51 51 54 52 51 51 52 52 46 46 46 55 73 55
59 59 64 64 60 65 66 60 61 66 62 62 62 57 51 47 47 47 51 51 51 57 58 58 51 51 58 68 68 58 58 58 58 49 47 49 49 49 47 47 47 47 47 49 47 47 49 47 47 52 46 52 52 46 46 52 61 52 46 49 51 51 49 49 49 49 49 49 49 50 46 50 50 50 54 63 63 70 63 64 64 54 45 51 52 51 51 44 55 55 46 52 51 51 65 65
55 59 64 64 66 66 65 66 62 57 65 66 66 62 51 47 48 45 48 57 57 63 63 58 63 63 63 64 58 52 52 58 59 48 49 49 47 49 47 52 47 49 49 47 47 52 52 47 47 52 52 46 60 72 72 72 52 62 49 46 49 48 49 46 49 49 49 49 49 49 46 46 45 45 51 51 54 45 45 54 64 64 45 45 51 51 51 51 64 76 55 51 51 51 55 65
55 60 64 64 65 66 67 67 66 62 66 64 64 67 67 57 51 51 51 57 47 67 68 68 63 58 52 64 58 58 47 47 48 48 47 52 49 47 47 59 59 47 47 49 47 66 66 71 71 67 52 46 60 68 62 46 49 46 49 46 46 49 49 49 51 57 52 49 49 49 49 51 51 63 63 63 54 45 51 45 55 55 64 64 52 51 45 55 46 46 52 52 51 55 73 77
49 60 60 60 56 56 57 57 57 67 67 66 67 67 62 57 47 47 51 51 51 63 68 68 68 68 68 68 64 64 52 46 47 49 47 46 47 49 49 47 47 47 47 47 52 66 66 66 60 60 52 49 46 61 49 49 48 53 53 46 53 49 49 51 49 49 52 52 49 51 54 74 70 63 70 70 70 54 55 51 51 52 51 51 52 52 51 46 51 51 52 51 51 51 51 77
43 46 55 60 56 50 50 50 50 66 67 66 67 67 67 57 47 48 47 58 51 47 51 58 64 68 68 68 58 47 48 46 46 47 46 49 49 47 47 49 52 52 47 47 47 52 47 60 47 49 53 61 53 53 53 53 53 53 46 49 46 49 49 49 49 49 49 49 50 51 63 74 70 70 70 74 70 55 51 51 51 52 52 55 52 52 51 46 55 46 46 46 55 65 66 66
55 49 46 50 50 50 47 50 50 57 51 51 57 63 67 57 51 48 46 46 46 46 48 58 58 68 68 68 52 48 49 49 46 46 47 47 47 47 49 47 52 52 47 47 47 66 67 67 61 47 53 61 68 46 53 62 62 62 46 46 53 46 49 49 49 49 52 49 46 46 54 70 70 64 64 64 75 55 51 52 51 52 52 55 55 52 52 52 52 46 55 55 65 66 74 74
61 55 55 61 56 57 51 51 51 62 47 47 48 47 57 51 47 48 48 46 48 48 46 48 48 58 68 69 65 47 47 47 49 46 47 47 47 49 47 49 47 53 53 53 53 68 68 68 61 48 49 46 53 53 53 53 53 53 46 46 53 46 49 49 49 49 49 53 49 51 51 46 64 64 55 55 71 64 51 54 55 46 51 52 52 52 52 58 53 51 66 56 66 56 67 74
61 49 55 50 51 51 51 51 51 51 51 51 48 51 51 51 51 48 46 45 45 45 45 46 48 47 59 59 59 49 49 47 49 49 49 47 47 47 47 47 47 49 53 47 47 53 68 68 53 47 47 62 62 53 62 62 63 63 49 49 53 53 49 49 49 50 49 57 49 51 51 46 46 64 64 47 47 64 55 47 47 51 52 52 52 52 51 52 51 52 74 66 46 66 74 74
46 46 55 50 51 51 46 46 46 47 48 48 45 45 45 48 48 48 47 48 46 45 48 48 48 48 49 47 49 49 52 52 60 53 66 60 47 47 49 49 53 53 53 47 47 61 61 53 61 68 69 62 73 73 69 46 49 49 53 63 53 46 46 49 49 49 49 49 57 54 51 51 51 51 47 55 55 55 55 47 55 47 51 52 51 52 52 52 66 66 56 56 74 78 74 74
49 45 42 46 46 46 46 46 51 57 47 48 48 48 45 48 48 47 52 52 47 48 48 48 48 48 49 47 48 48 48 47 47 49 66 60 60 61 53 47 47 67 72 67 68 68 68 61 69 62 48 49 47 63 63 46 53 53 63 46 50 50 50 49 49 55 57 59 58 54 51 46 46 51 51 55 55 47 52 52 52 52 47 52 47 66 47 52 56 46 56 66 66 74 74 56
46 45 49 61 62 57 57 51 44 48 47 48 47 58 58 52 52 52 64 64 64 47 47 52 59 52 49 47 49 49 49 49 48 60 60 53 47 53 53 53 61 61 67 67 68 68 73 69 69 73 63 63 50 53 53 53 46 46 49 49 52 49 50 46 46 50 50 50 50 46 46 51 51 51 51 52 52 52 52 52 52 52 52 52 52 52 52 46 56 56 56 56 74 78 68 68
61 56 56 49 51 47 47 51 47 47 58 58 58 58 58 58 64 64 68 68 64 52 52 65 59 48 48 48 49 53 60 49 49 60 61 53 53 53 53 53 53 53 68 61 69 73 73 74 74 74 74 74 63 47 63 47 47 50 49 49 49 49 46 46 55 55 55 46 46 64 64 55 51 51 52 55 58 58 52 52 55 52 55 53 52 52 52 53 47 46 53 52 46 78 75 79
61 51 49 56 50 51 51 47 51 58 64 68 58 64 58 52 64 64 68 68 68 59 65 69 59 52 53 47 53 60 66 53 49 48 61 61 53 48 49 48 53 61 73 69 74 72 72 74 72 74 69 74 74 63 54 64 47 47 47 47 50 49 55 55 55 55 64 46 51 55 55 55 51 51 52 55 58 60 58 55 55 52 53 56 53 53 47 53 47 46 53 53 52 68 79 79
67 66 57 57 51 51 51 51 51 58 63 63 52 52 58 58 68 69 68 68 69 65 59 69 65 53 60 53 48 60 70 60 49 48 61 61 48 49 48 48 54 62 69 62 69 74 74 74 72 72 70 72 74 64 64 70 54 54 54 47 47 50 55 46 51 51 51 51 51 46 56 56 46 51 52 58 60 60 60 59 55 53 53 53 53 53 53 47 56 56 46 52 47 57 79 79
67 67 66 62 57 57 63 67 51 57 58 51 47 48 48 58 69 69 68 69 65 69 59 52 60 66 66 66 53 60 66 67 61 61 53 53 61 61 68 69 62 74 72 73 73 74 74 74 74 70 72 70 47 47 47 64 64 75 75 71 55 65 47 50 51 51 54 51 51 51 51 52 52 52 52 52 60 61 62 60 59 52 53 56 53 52 52 52 75 68 47 47 68 68 76 79
66 67 62 66 62 63 67 68 69 67 63 51 52 52 52 58 64 68 68 65 65 65 65 65 70 70 66 60 70 66 70 68 70 72 73 73 73 68 68 70 70 74 74 74 69 74 63 64 75 75 75 70 64 64 54 47 64 71 76 76 56 56 47 50 51 51 51 55 55 52 52 52 52 52 52 52 59 62 66 61 53 56 52 53 56 53 52 67 67 75 57 57 47 47 69 76
62 66 67 68 63 57 63 68 63 58 67 68 64 58 58 59 68 70 68 68 65 60 65 66 70 70 66 66 66 61 73 73 71 61 62 69 74 72 73 62 69 74 74 70 74 74 70 70 74 70 70 75 64 64 64 71 71 71 71 65 56 65 65 56 52 51 51 51 47 52 55 52 55 52 52 59 56 56 61 61 56 53 52 56 54 48 52 54 53 52 52 54 54 54 69 69
62 67 67 68 68 67 68 68 68 63 63 69 64 68 69 69 70 70 69 69 69 71 70 66 66 70 71 71 72 70 73 70 73 73 69 62 73 73 69 69 69 64 70 70 74 75 74 74 70 70 73 75 75 75 71 65 71 72 56 52 52 51 51 52 51 55 55 52 52 52 52 52 48 48 52 48 52 53 56 56 56 53 53 57 57 54 54 54 54 54 53 54 48 58 69 69
57 57 67 67 68 66 68 69 68 69 68 64 58 69 66 67 68 70 69 69 71 70 70 70 70 66 71 68 69 70 71 71 67 68 73 62 69 62 69 74 74 74 64 64 74 75 70 75 71 75 75 76 76 76 76 65 65 65 47 47 47 51 60 59 55 55 55 55 52 52 52 57 67 57 52 57 57 53 56 53 53 54 60 63 62 61 54 53 53 54 55 58 48 58 70 70
68 63 63 68 68 66 69 69 68 68 69 59 64 64 68 67 69 71 71 71 71 70 70 71 71 66 71 72 70 70 73 73 73 62 74 73 69 70 70 74 74 74 74 75 70 75 71 75 75 65 71 71 76 76 76 72 72 66 56 56 56 52 52 55 59 55 52 52 52 48 52 48 67 48 57 67 57 53 53 54 54 54 57 61 57 54 54 55 54 54 55 55 53 53 70 58
68 68 69 70 68 68 68 69 68 68 68 64 68 69 69 70 71 71 71 69 71 71 70 71 72 71 71 67 71 73 71 73 73 73 69 69 62 54 70 75 75 75 75 73 76 75 65 71 71 75 71 72 76 76 76 72 66 66 57 57 57 52 52 52 52 56 52 52 52 52 48 67 57 53 53 68 75 57 53 53 53 53 54 54 58 61 61 58 63 58 54 55 53 53 49 58
68 66 69 70 67 68 69 68 64 64 68 69 70 69 70 69 69 70 70 70 66 70 72 72 72 70 72 71 72 74 74 74 74 74 73 74 75 74 74 74 75 75 75 74 71 71 75 71 71 76 74 72 77 77 66 72 77 75 77 57 52 52 59 61 56 56 52 56 56 53 53 49 75 48 53 48 76 49 54 54 54 54 54 55 54 58 55 58 62 62 62 55 55 59 59 49
68 69 67 68 69 68 64 64 64 52 52 65 69 70 69 70 69 68 60 53 66 66 72 70 70 70 70 70 69 73 71 70 74 70 70 73 73 73 73 75 75 72 72 74 76 71 75 76 74 74 72 75 77 73 66 73 77 77 77 73 57 49 52 52 60 52 52 56 60 53 53 53 58 49 49 49 58 53 49 49 49 49 54 54 54 49 59 59 59 49 56 56 56 56 59 56
69 69 70 68 68 68 52 52 52 52 59 59 69 65 71 70 71 71 70 61 71 72 71 70 69 71 69 76 76 71 71 70 70 72 72 73 73 75 75 75 76 74 71 74 74 76 76 72 74 77 75 77 77 78 73 73 67 67 57 57 74 57 49 52 53 53 53 53 58 58 49 53 53 53 61 61 54 54 53 54 53 54 54 49 54 55 55 55 55 54 54 55 56 54 61 57
68 69 67 70 68 68 68 52 52 48 59 65 69 70 70 70 68 68 72 72 71 72 72 71 71 69 71 70 76 72 70 70 70 73 75 75 75 73 75 74 76 75 76 76 77 75 77 77 75 75 77 73 78 77 73 67 57 48 67 74 74 58 58 53 53 49 68 49 49 58 68 53 54 57 58 61 54 53 54 54 55 55 55 55 55 59 56 55 55 55 56 56 57 54 61 50
68 68 68 67 70 70 64 52 52 48 60 60 71 71 70 70 70 69 72 71 71 72 69 71 71 69 71 76 73 71 73 71 71 73 73 74 75 75 75 76 76 75 76 76 76 75 75 75 77 75 75 78 78 77 73 57 49 49 67 67 58 50 53 53 53 50 58 68 58 58 58 49 53 54 54 58 55 55 54 54 54 55 55 55 56 56 55 54 54 54 56 56 57 55 55 56
64 70 70 67 69 69 69 69 69 53 53 60 70 66 53 70 70 70 68 69 73 71 69 69 72 72 72 74 72 73 72 72 72 73 76 76 75 75 76 76 75 71 76 77 75 75 75 78 78 78 75 75 76 78 67 50 53 50 50 50 58 53 50 50 58 50 50 58 53 50 59 59 50 50 54 50 50 54 59 50 55 54 50 50 55 55 54 50 60 60 50 55 55 56 57 57
68 64 59 70 69 69 70 69 69 69 65 60 60 66 66 72 68 70 70 70 73 72 73 70 71 71 71 73 75 75 75 75 73 75 76 74 73 73 76 76 65 65 76 77 75 73 76 76 77 67 73 77 77 78 67 53 50 50 53 53 53 53 53 53 69 59 50 59 59 50 50 69 50 50 50 50 50 54 54 50 56 56 54 60 50 56 56 50 50 50 50 50 50 50 62 57
59 64 59 59 65 59 59 69 71 65 65 66 66 53 71 71 70 69 69 71 62 72 73 73 73 75 75 69 74 63 75 75 70 63 65 74 72 72 72 75 76 66 76 77 77 75 76 73 76 77 78 78 78 74 68 50 53 53 50 58 50 53 53 54 59 59 59 59 54 54 54 50 50 50 55 50 54 50 50 50 72 60 50 55 56 57 57 51 55 55 51 51 62 55 55 57
52 68 70 69 59 53 59 60 71 70 66 66 70 72 71 69 69 71 72 73 73 73 62 72 68 62 69 69 63 70 70 63 71 71 65 71 75 76 75 77 76 72 76 75 76 73 73 73 76 78 78 79 79 79 74 68 53 50 50 50 50 54 50 53 54 54 59 50 50 50 70 60 55 55 54 54 55 55 50 60 72 79 72 72 73 55 55 55 51 62 73 62 62 62 51 51
68 69 68 70 71 71 70 69 71 70 70 72 72 72 71 73 73 71 73 73 73 73 68 55 55 69 69 69 74 70 70 64 64 64 56 71 71 72 76 76 76 72 77 76 76 73 75 73 79 77 79 77 77 79 75 68 53 51 51 54 54 54 54 54 54 51 51 60 60 50 50 51 54 55 55 55 51 51 51 51 60 73 73 73 73 61 61 61 73 62 73 62 62 81 62 51
69 69 70 70 70 70 68 68 71 70 70 72 66 67 72 71 71 71 72 68 62 68 68 55 55 63 63 70 70 75 55 65 71 71 56 72 66 66 72 72 72 77 76 78 78 76 76 77 77 74 77 74 74 79 80 69 54 53 53 54 54 54 51 54 54 51 70 51 82 60 51 51 51 51 55 55 51 72 73 51 51 51 73 73 61 51 73 61 61 62 62 63 52 74 74 63
69 69 70 70 70 69 70 70 71 72 61 71 72 71 71 72 72 72 72 68 68 68 68 69 63 74 75 74 71 76 71 56 56 65 66 56 56 66 66 66 77 77 76 78 78 79 77 77 77 79 74 74 74 78 81 69 59 51 59 59 51 54 54 54 54 54 60 60 60 51 55 55 51 72 61 51 61 61 61 73 55 51 61 61 61 61 61 74 63 52 56 56 56 52 63 75
68 70 68 70 69 69 72 66 70 66 61 71 71 61 61 62 68 68 74 75 75 63 69 74 74 75 76 76 72 75 76 76 72 66 66 56 57 50 57 73 78 77 76 75 75 74 74 77 79 80 80 78 75 78 78 81 76 81 82 81 60 54 51 51 51 51 51 55 55 55 51 61 61 61 73 51 61 52 52 56 56 52 62 62 63 74 74 56 56 67 67 59 58 58 59 52
70 70 68 71 71 70 66 72 72 61 61 67 67 62 62 68 68 72 70 75 74 69 74 74 74 75 75 71 71 75 75 76 77 78 78 76 73 77 77 78 78 79 79 77 77 75 76 78 76 78 80 80 78 79 81 70 81 81 81 82 78 52 54 51 79 83 60 55 55 60 55 61 52 52 52 73 73 73 74 81 74 62 52 57 58 58 58 58 63 67 67 69 67 64 61 61
70 70 69 71 71 72 61 61 67 67 67 73 73 73 73 72 72 74 71 72 74 76 74 76 75 76 64 65 72 76 72 76 78 77 77 77 77 73 67 79 79 79 77 74 76 75 76 78 78 78 76 76 81 80 81 60 77 77 77 78 78 71 79 61 71 61 52 55 55 55 56 56 52 52 56 62 81 74 74 74 81 52 52 57 58 58 59 68 70 70 76 76 71 64 68 60
71 70 71 71 71 72 67 61 63 67 71 72 70 72 73 74 74 74 71 74 74 75 76 76 65 71 65 66 66 76 76 72 66 57 58 67 67 77 74 74 78 78 74 80 80 80 76 80 81 82 81 81 76 70 70 70 70 60 71 60 61 71 79 71 79 73 61 55 56 52 56 56 74 74 62 62 62 62 62 52 62 56 52 58 59 59 58 64 69 71 81 71 69 68 61 60
71 72 72 72 70 67 67 54 54 61 72 72 70 72 73 73 76 76 76 71 64 71 75 75 65 56 72 72 66 76 78 73 78 57 58 58 51 68 78 74 68 68 68 69 75 80 52 52 70 76 76 77 77 70 60 78 71 52 52 55 55 61 79 61 73 84 80 61 52 62 74 81 62 52 52 62 62 62 56 57 57 53 57 57 58 59 59 58 59 64 76 71 71 70 68 60
72 72 72 72 72 66 71 71 71 71 70 75 73 71 74 74 74 75 76 76 71 64 71 77 72 56 57 72 66 67 73 77 73 67 51 51 59 68 78 68 68 75 69 60 69 60 60 60 60 52 60 60 71 60 52 52 52 61 71 61 55 52 72 61 73 84 73 74 53 53 53 74 62 53 53 53 63 63 53 53 53 57 58 64 59 59 59 64 61 68 71 72 70 70 65 61
66 66 66 66 70 71 71 61 62 62 68 74 71 73 74 76 76 75 74 75 75 71 72 72 72 57 57 67 73 77 73 79 77 74 74 74 68 68 75 69 59 69 60 60 52 54 55 52 55 55 55 55 61 71 71 61 61 61 79 79 72 72 62 72 84 81 74 62 62 62 56 57 56 53 53 57 57 57 57 57 58 57 64 68 76 68 68 70 72 69 69 65 70 69 69 66
66 66 66 66 71 71 61 54 54 68 72 73 74 75 75 73 73 75 75 73 76 65 65 76 76 73 78 78 78 77 75 77 78 78 80 80 79 59 51 79 80 70 70 52 53 53 53 54 54 54 54 61 53 61 61 61 61 80 72 72 62 53 62 62 74 74 62 53 53 62 53 57 57 58 58 62 58 62 59 59 69 68 64 70 71 83 77 77 83 72 70 69 72 73 73 73
66 66 70 72 72 73 71 72 72 75 75 69 75 72 73 75 76 76 74 76 76 76 78 76 73 73 67 79 78 78 74 74 68 68 68 59 59 60 60 69 70 82 82 81 71 61 53 55 55 54 53 53 53 55 61 80 80 53 62 62 62 62 53 53 74 74 53 63 63 53 57 54 57 62 62 62 64 69 68 64 64 68 77 77 84 77 84 84 84 84 78 69 66 70 71 73
70 72 71 72 73 72 73 73 74 72 76 76 76 77 76 76 78 78 76 76 76 74 76 77 79 77 74 79 79 79 80 75 68 69 60 60 60 69 70 70 70 77 77 77 78 83 71 71 78 79 72 72 62 72 62 53 62 73 62 53 53 56 56 57 54 63 63 54 54 57 54 54 54 58 58 64 59 64 64 64 69 70 72 72 84 78 78 78 85 85 85 78 71 70 66 72
48 66 72 71 71 68 72 68 72 75 76 76 75 75 76 77 77 77 76 78 74 76 76 77 79 79 78 78 78 80 80 75 75 69 69 69 80 76 76 70 71 61 71 72 71 78 83 78 78 79 84 84 80 72 62 62 62 73 73 54 56 54 54 56 57 57 54 54 57 58 57 57 54 54 58 58 58 59 59 65 70 70 72 78 85 85 73 78 78 76 76 85 73 70 72 72
54 61 73 71 72 72 72 72 73 76 72 72 72 77 76 76 77 78 78 78 77 75 77 80 76 79 80 74 80 79 79 75 75 76 69 60 76 77 77 77 77 71 72 72 78 79 72 79 79 80 72 73 73 73 73 73 73 75 82 75 63 63 63 63 54 64 76 64 57 58 58 58 58 64 54 54 54 59 65 70 71 71 71 78 85 85 78 79 79 86 86 86 87 74 74 81
70 71 72 72 75 72 72 72 72 72 74 74 72 74 76 78 78 72 72 77 79 78 80 78 76 80 74 69 69 69 69 69 76 80 76 70 70 61 61 78 78 72 79 79 79 84 79 79 79 80 73 63 73 63 75 81 86 82 75 75 75 82 83 83 76 76 83 83 64 55 64 77 64 55 58 58 58 59 69 69 70 70 70 71 79 86 79 79 79 74 74 74 81 87 87 78
67 67 73 72 75 75 75 75 75 77 77 74 74 74 74 75 75 75 75 75 80 80 78 78 78 80 75 60 76 70 52 52 70 76 80 70 71 77 61 62 78 85 84 73 73 80 80 84 81 73 73 81 81 84 85 87 87 85 85 83 83 83 83 76 83 87 87 88 87 88 66 77 66 59 55 66 59 59 59 61 62 70 73 73 70 72 72 63 63 67 71 73 75 88 87 65
67 68 72 72 69 69 74 75 75 76 75 78 77 78 78 77 78 75 78 76 80 79 76 79 79 79 75 69 80 76 76 76 76 70 71 61 71 72 72 62 72 84 84 84 85 81 73 81 74 82 82 86 86 86 86 87 86 88 88 88 83 88 88 82 86 87 88 89 89 88 84 66 55 59 60 59 55 55 56 59 61 61 66 71 71 67 67 67 67 63 73 73 82 87 65 41
