ecocropFuture/tif/c6/rcp585/ACCESS-CM2/prec_1.asc
ncols        683
nrows        518
xllcorner    -87.691666666667
yllcorner    10.708333333333
cellsize     0.008333333333
NODATA_value  nan
[rows 200 to 249 of 518, columns 192 to 287 of 683]
58 59 63 75 81 82 85 80 74 58 50 49 48 49 48 48 49 50 50 50 50 55 57 64 79 84 86 88 85 77 71 71 64 71 83 83 77 82 92 103 118 130 133 133 123 109 89 78 79 81 77 77 77 80 82 82 88 96 97 92 90 95 98 103 100 104 100 101 103 97 92 82 74 82 87 85 91 88 93 94 99 101 103 93 88 91 92 92 87 86 87 91 89 92 92 90
61 68 76 85 83 84 83 76 70 57 50 49 50 47 49 46 49 49 51 51 52 54 66 82 84 88 90 85 79 77 70 65 64 76 79 80 86 91 91 99 123 136 141 142 124 114 102 82 79 75 78 79 79 82 84 84 86 95 96 92 91 100 103 106 105 108 107 103 103 99 88 90 72 74 85 80 77 79 86 84 95 106 106 101 91 90 92 87 85 94 94 98 98 93 93 91
62 71 76 88 90 97 83 73 65 56 52 50 49 49 46 46 50 50 51 52 53 59 72 92 89 88 90 90 83 74 72 67 63 70 72 82 91 90 97 106 118 140 142 143 133 123 106 82 77 77 83 85 87 86 87 85 85 92 96 91 91 104 115 119 112 113 115 114 107 102 94 89 75 72 76 77 78 79 85 78 94 98 101 95 91 88 87 88 91 100 105 102 100 97 95 91
66 68 92 100 108 115 101 79 60 53 53 51 49 49 49 49 49 51 52 53 58 61 69 85 89 89 91 91 97 90 84 76 68 69 72 82 86 88 97 108 120 140 143 143 143 130 113 86 82 81 90 98 99 99 94 95 101 100 101 95 100 110 128 134 128 127 129 112 106 104 100 88 82 71 73 73 76 88 92 75 77 98 102 96 93 92 89 95 95 102 110 107 96 95 95 96
76 70 92 103 102 102 100 87 67 64 66 64 57 50 49 49 51 52 56 62 66 75 80 87 89 90 90 91 91 89 78 74 68 73 72 76 79 82 83 94 99 140 148 150 149 137 111 93 93 97 104 112 112 113 110 112 117 120 113 100 100 110 112 115 109 112 108 107 107 104 102 88 84 73 70 73 76 75 77 73 75 83 88 81 92 90 92 90 93 96 97 92 90 90 91 92
76 78 85 95 94 93 108 99 89 83 85 92 77 57 50 51 53 58 63 72 70 76 86 88 89 90 91 90 89 89 83 80 69 68 68 73 77 76 75 85 101 118 133 155 155 152 132 134 129 128 141 152 147 148 139 119 118 113 102 97 95 104 106 109 107 108 109 107 104 103 98 90 84 86 70 73 71 72 74 76 77 98 98 92 92 88 90 96 98 99 96 94 94 94 95 92
71 78 72 72 80 85 90 83 90 91 87 85 84 77 66 62 60 64 78 80 99 94 88 88 89 90 91 91 91 91 85 78 74 88 77 76 70 77 84 87 99 106 140 155 159 154 154 144 150 148 151 159 163 159 148 141 120 110 105 100 97 101 105 107 106 103 108 103 103 104 102 91 91 90 83 71 70 71 72 74 78 88 88 96 91 93 90 89 96 96 90 93 91 92 96 102
78 78 70 69 75 84 84 85 91 77 80 89 90 81 67 88 97 97 99 101 121 107 87 88 89 90 91 91 90 90 82 77 83 93 90 84 73 73 89 100 107 119 141 154 159 160 155 157 154 162 162 162 165 165 164 147 122 108 110 104 105 104 105 100 104 100 106 103 98 102 104 103 92 90 76 73 72 74 71 73 79 85 79 78 80 93 97 90 93 97 95 88 92 91 99 106
82 76 76 70 74 74 76 78 81 77 77 82 85 72 86 99 105 111 112 105 99 95 87 88 89 92 92 93 92 86 83 86 90 93 93 84 77 75 94 105 107 111 125 149 161 163 164 164 161 159 156 154 155 160 148 135 112 104 103 104 104 101 103 99 87 94 99 101 96 94 103 100 94 87 76 76 82 82 79 76 76 76 74 75 74 92 95 97 91 93 94 94 88 94 103 109
100 78 78 68 67 69 71 70 69 68 70 82 72 77 94 105 106 93 98 93 90 87 87 88 90 91 92 95 96 93 96 98 98 104 103 86 85 84 93 110 124 114 128 142 156 160 161 167 161 151 140 142 132 118 111 105 104 98 102 102 100 94 95 88 84 83 87 98 93 88 90 91 93 77 70 71 69 68 71 71 64 65 68 72 72 78 81 98 98 94 95 94 99 103 108 102
108 97 82 71 66 66 71 76 76 69 73 73 72 77 101 112 98 89 84 85 86 86 85 86 89 91 91 92 93 94 94 104 105 100 99 95 90 88 91 97 111 113 112 111 138 147 145 137 137 130 125 115 109 101 103 100 98 96 98 100 97 90 91 92 88 82 85 85 86 90 87 88 92 92 90 75 69 65 63 61 66 63 67 66 72 74 80 84 95 94 91 94 104 110 99 100
117 115 100 100 84 74 74 75 79 74 77 76 76 79 82 84 85 85 84 85 85 85 87 87 90 90 89 93 91 94 95 96 96 97 98 94 91 95 90 83 84 99 110 111 111 112 111 105 105 108 113 110 107 104 101 94 92 91 95 94 92 91 91 92 90 84 89 90 89 88 92 86 88 91 89 74 68 67 67 63 65 61 65 69 71 73 74 73 76 80 97 95 105 103 101 89
126 125 131 119 110 94 82 75 73 74 77 76 76 76 77 83 82 84 82 84 84 85 77 75 77 79 88 90 93 93 94 95 97 97 98 98 105 99 92 98 95 92 103 104 104 104 105 104 104 112 123 114 108 108 104 95 88 92 99 97 97 95 95 91 91 92 93 85 86 93 91 88 88 86 89 75 70 70 70 70 63 67 71 71 72 73 74 75 80 92 82 97 98 102 100 98
90 98 106 114 114 114 87 76 76 77 75 75 77 69 69 71 70 74 84 85 84 85 75 79 80 90 92 93 92 94 96 95 97 97 98 99 121 107 92 92 90 88 90 96 101 104 105 105 105 104 109 107 107 103 103 95 89 94 100 104 108 102 98 93 92 94 91 84 85 86 92 87 88 84 76 86 75 71 71 72 70 68 69 72 73 73 74 91 92 94 98 92 91 94 97 91
73 80 81 92 100 100 94 78 77 75 74 77 77 78 71 69 72 82 82 83 85 77 76 80 81 83 92 93 90 93 97 97 96 98 98 99 108 109 100 95 93 95 98 99 103 104 105 105 106 105 107 107 108 104 95 90 85 90 97 105 109 103 97 93 94 97 93 90 83 84 86 90 87 86 88 76 70 75 69 68 72 72 69 85 87 89 80 89 88 93 92 94 94 79 91 80
73 73 75 76 77 83 79 79 78 77 74 75 80 80 83 82 73 83 84 84 86 77 79 81 91 92 95 94 92 94 97 95 97 97 98 99 100 101 101 102 97 97 100 99 98 104 94 98 98 99 98 98 109 104 96 91 88 89 95 104 108 100 95 92 91 96 89 88 84 84 85 82 83 83 84 84 74 68 69 68 70 70 74 74 92 91 95 95 87 92 94 93 95 94 91 93
63 63 65 69 76 76 77 78 77 77 78 79 73 70 69 71 73 84 84 86 86 87 89 90 83 84 85 95 93 95 96 97 97 98 98 99 100 101 102 102 101 97 99 98 101 88 81 74 76 68 75 74 96 93 88 92 82 86 90 100 102 103 102 95 96 104 105 97 92 92 89 90 87 94 88 84 89 87 76 75 74 85 85 90 85 91 91 92 92 90 91 92 94 95 93 99
46 47 51 51 66 58 68 66 66 64 66 67 71 71 71 72 74 73 74 86 87 90 90 91 94 93 95 95 95 93 97 96 97 98 99 99 100 101 101 102 102 98 98 100 89 92 69 71 74 76 72 69 74 91 86 80 86 88 88 94 95 102 103 98 98 102 97 93 96 97 94 95 91 94 97 90 89 89 86 85 84 89 88 87 88 84 88 89 89 85 86 90 88 94 96 100
35 36 40 45 48 41 50 49 48 57 60 68 50 59 71 72 73 74 75 74 78 89 91 92 85 95 96 96 92 96 97 96 96 98 98 99 100 101 103 102 104 103 94 99 87 87 89 69 74 74 72 70 72 90 92 82 84 88 87 89 93 97 102 104 100 102 91 94 101 105 108 105 98 98 99 99 94 86 84 87 89 83 83 88 86 88 92 93 90 86 85 92 94 89 94 79
31 32 38 41 46 47 37 45 47 47 49 49 50 53 60 73 74 75 77 78 77 78 79 82 82 94 96 94 87 93 96 97 99 98 101 102 101 94 95 103 96 103 89 87 91 81 71 68 66 62 64 66 73 89 89 87 88 86 88 89 93 99 107 107 104 89 85 88 98 105 110 108 106 104 98 96 97 93 90 88 90 90 88 84 92 93 90 88 91 89 95 86 76 73 76 77
32 34 35 33 32 41 41 40 47 48 48 49 50 51 61 73 74 75 77 75 76 77 79 81 81 95 94 96 94 86 90 89 99 101 93 90 91 91 92 95 96 103 93 84 89 86 62 61 59 57 59 66 72 87 84 90 95 87 84 89 100 104 109 107 101 87 83 91 101 105 110 112 112 110 108 98 96 96 93 91 94 96 92 90 92 91 90 90 87 92 93 87 87 72 75 74
31 32 31 31 32 40 43 41 44 49 50 50 50 51 55 62 75 76 75 75 87 89 82 83 85 95 94 96 95 95 86 93 98 100 93 91 91 92 92 95 90 88 90 89 89 89 69 60 54 54 58 68 74 86 81 80 86 88 84 85 96 102 105 102 100 96 83 88 96 104 111 113 122 116 109 100 97 97 94 94 94 96 96 93 97 94 88 92 90 86 90 92 93 88 72 72
33 32 30 33 34 35 48 38 45 48 50 50 51 71 61 73 73 73 74 78 80 90 90 94 94 94 96 97 96 96 92 85 96 100 101 94 92 92 92 96 92 85 80 93 89 85 87 63 52 53 59 72 92 90 85 81 80 76 76 78 84 95 101 93 94 85 85 83 86 94 111 114 111 114 110 104 101 93 93 95 94 97 96 93 93 96 95 92 87 87 86 90 91 93 78 72
28 34 32 32 33 34 47 37 45 48 48 52 70 71 72 72 77 85 88 89 91 93 94 93 94 95 95 96 97 98 95 85 95 100 102 101 92 93 96 96 91 91 91 91 91 82 79 78 53 54 58 65 90 83 89 81 74 80 80 83 87 92 91 85 85 84 82 91 95 96 99 104 102 105 101 99 96 86 85 91 92 96 92 93 96 99 91 91 90 91 86 91 92 91 93 88
27 28 30 29 29 31 36 39 35 44 51 58 70 69 72 75 87 87 87 89 90 91 93 93 94 94 95 99 97 98 96 90 84 95 101 90 79 90 93 96 93 90 73 87 83 81 76 76 73 70 75 85 90 89 83 81 77 79 84 83 83 88 84 80 80 84 86 91 98 74 71 74 74 75 95 95 91 86 90 90 98 96 99 96 93 94 92 89 94 94 94 95 96 96 92 88
25 30 35 30 29 29 35 45 35 48 49 69 70 68 81 87 86 87 87 88 90 92 93 94 95 95 96 104 98 98 96 93 87 76 88 82 73 84 94 96 96 87 83 83 76 75 72 71 69 70 72 77 93 105 96 87 83 83 76 81 84 83 82 84 90 84 90 94 101 82 70 70 71 73 73 95 92 91 90 89 94 98 99 99 96 94 94 95 96 96 97 99 100 100 94 94
23 31 37 33 31 29 30 39 36 46 51 59 71 72 72 87 90 89 88 89 90 92 93 94 94 95 99 104 100 98 98 93 86 80 79 73 70 71 69 93 92 82 70 82 74 59 73 69 66 66 78 81 92 107 107 93 85 85 76 76 81 77 83 93 87 86 86 94 97 97 70 68 68 67 69 70 93 93 87 91 96 99 96 93 94 92 96 94 94 97 98 100 101 99 97 92
25 30 31 34 33 31 31 41 38 47 53 52 63 74 74 81 89 88 90 90 91 92 93 93 94 95 96 100 98 98 98 91 84 80 78 78 62 65 68 82 87 75 64 79 75 73 71 67 71 70 79 82 90 98 107 102 89 85 85 80 81 77 84 88 94 88 88 84 91 89 70 68 68 66 67 70 93 92 88 89 89 96 95 95 92 92 95 95 96 99 99 100 97 99 97 96
17 23 25 30 37 34 32 33 51 40 53 56 64 64 77 78 90 89 90 91 92 92 94 93 94 95 96 97 98 99 99 90 89 89 84 81 72 68 67 71 60 58 56 65 77 73 70 66 64 66 75 74 80 91 101 109 95 89 93 86 76 75 83 94 91 89 84 84 85 68 68 67 68 68 69 75 91 87 88 92 88 87 90 90 89 88 95 98 101 98 100 99 98 95 100 102
20 17 19 19 21 26 37 36 46 41 54 57 75 76 77 77 90 92 93 91 92 92 93 94 94 95 97 97 98 99 99 97 96 97 89 87 83 64 54 58 55 69 56 72 80 76 68 68 65 69 76 77 73 83 89 106 91 82 86 85 82 75 86 87 89 85 87 83 72 68 68 67 68 69 87 89 87 88 94 93 88 89 85 84 88 89 92 100 99 99 100 98 97 97 98 98
19 15 15 14 13 17 28 35 38 42 49 55 58 77 77 90 91 92 90 91 92 92 94 94 95 95 96 96 97 98 99 100 100 92 86 82 78 78 71 68 67 67 69 67 77 81 71 64 67 74 74 74 68 73 85 101 94 82 82 84 82 79 76 81 83 84 84 71 72 66 67 67 67 69 89 83 88 88 85 91 89 87 89 83 90 92 95 96 97 102 100 98 99 99 102 103
13 14 21 16 20 21 31 36 44 48 53 46 56 59 65 78 83 91 93 91 92 92 93 94 97 85 90 98 100 98 99 99 102 104 95 84 71 66 71 70 63 66 65 73 74 75 79 72 66 70 68 70 69 72 87 93 100 91 82 81 81 82 76 76 81 80 84 83 84 83 84 85 75 85 87 83 86 85 82 85 89 89 88 83 91 97 95 96 99 103 101 102 101 100 103 102
21 13 16 24 19 23 31 35 44 48 53 47 44 57 65 77 78 92 92 93 95 96 97 97 97 87 86 91 92 101 99 99 101 102 98 86 68 64 65 61 59 62 68 72 71 67 70 66 66 71 65 69 72 79 80 83 99 99 90 84 82 79 75 80 83 83 85 84 85 88 83 84 82 85 93 92 92 91 81 82 89 84 91 88 90 96 101 99 99 107 107 105 104 102 104 103
16 17 13 21 28 25 32 41 47 48 47 48 51 49 66 67 79 92 85 86 92 93 97 95 97 86 86 91 92 89 99 100 103 98 94 92 69 69 65 66 59 60 66 67 79 68 64 63 64 68 66 73 70 76 80 87 94 90 89 85 83 83 78 89 87 83 83 86 87 89 86 86 82 89 91 90 92 94 90 84 89 86 70 88 93 97 100 101 99 108 106 105 102 102 102 104
16 14 13 21 21 23 27 41 48 54 48 45 48 46 58 67 79 80 81 82 87 95 96 98 99 100 91 101 101 99 99 100 102 98 87 80 69 65 61 66 60 59 59 61 72 65 63 68 65 74 82 74 73 77 78 81 84 82 81 82 80 82 80 92 89 83 83 87 84 71 85 86 87 86 89 86 86 93 92 88 90 93 77 93 89 94 96 99 97 106 107 106 103 102 103 102
10 18 17 20 17 19 25 41 39 46 39 40 42 56 53 58 67 67 68 82 83 83 83 97 99 97 97 97 98 99 100 101 102 100 85 81 79 63 65 64 59 58 68 66 63 64 68 72 68 77 78 80 78 76 74 75 76 80 80 84 85 85 83 86 87 84 79 86 87 84 85 87 82 86 91 92 90 93 89 84 93 87 97 94 95 96 94 95 98 102 104 103 105 102 104 105
11 10 16 18 20 24 30 34 38 39 40 40 42 53 46 56 59 59 62 81 83 83 84 97 96 97 96 97 98 98 100 102 102 100 88 71 71 72 62 64 60 66 72 72 67 66 67 69 79 83 85 79 76 72 77 76 78 80 84 88 85 85 86 89 85 86 85 87 85 81 88 88 86 90 88 93 93 92 90 88 88 89 98 103 100 95 99 95 96 100 100 104 103 104 106 108
11 9 15 19 20 25 27 29 29 35 39 45 47 47 45 57 48 58 60 69 83 83 84 90 98 97 97 97 98 99 101 98 98 101 95 79 71 58 61 64 67 59 63 75 77 87 74 74 76 78 81 80 74 80 83 82 84 82 88 87 88 89 88 93 96 88 87 87 81 80 86 88 86 90 91 93 90 92 91 93 93 93 94 95 88 100 102 102 97 97 97 98 98 100 100 104
13 9 14 15 20 24 27 28 28 31 37 42 40 35 35 42 46 56 51 60 69 84 84 85 90 91 99 100 101 100 101 100 86 100 92 82 71 65 64 68 72 67 68 75 87 93 99 79 79 82 85 86 81 81 80 81 79 83 87 93 98 95 92 98 104 92 90 88 86 87 80 80 85 89 89 91 92 88 92 92 92 95 90 95 94 91 98 101 100 93 97 98 99 102 102 105
11 13 19 19 24 29 29 41 35 43 41 46 39 33 33 35 42 44 56 56 61 83 84 85 98 87 88 89 94 104 102 105 93 83 83 67 66 62 70 77 77 71 61 73 94 97 107 83 85 86 94 92 89 86 81 84 81 84 88 97 97 87 87 100 97 94 91 93 89 87 89 80 88 89 89 86 87 95 95 93 88 92 94 95 77 97 97 99 101 96 97 100 97 97 102 103
12 17 15 12 14 22 31 35 35 37 36 45 35 30 30 32 34 36 43 47 53 64 85 86 86 87 89 92 93 90 95 102 86 63 78 72 62 64 73 83 72 67 71 83 90 101 105 96 105 98 107 105 95 88 82 83 85 89 87 89 91 91 91 95 91 92 96 97 91 89 91 87 88 87 89 90 91 94 92 88 88 89 90 93 96 96 89 97 104 103 97 98 99 99 100 100
10 15 11 17 20 24 30 31 31 32 37 36 33 37 35 32 29 31 35 44 54 61 82 86 87 91 85 91 92 92 95 92 76 66 68 52 43 47 61 73 77 69 78 95 96 101 108 103 109 109 110 110 103 87 85 86 88 85 85 89 90 91 96 93 92 86 87 94 89 87 90 89 84 88 89 91 91 87 93 93 93 88 89 94 92 89 89 95 102 103 99 96 96 97 98 101
8 12 17 17 18 23 24 28 30 28 28 34 32 34 38 33 32 32 34 37 52 62 63 86 99 101 98 79 79 82 71 68 70 50 65 49 50 52 73 69 74 74 85 77 99 103 109 110 109 109 110 109 103 96 85 86 88 86 84 85 88 87 89 86 89 90 87 89 88 90 88 88 90 95 97 101 99 94 92 95 96 96 93 88 88 93 89 94 99 95 98 96 97 98 99 96
7 8 10 13 18 23 25 25 27 28 27 35 33 30 34 35 35 36 37 38 44 48 51 64 87 99 97 87 76 75 54 50 52 64 70 71 69 53 56 80 88 82 79 92 97 100 112 111 110 110 109 106 96 87 84 81 82 81 82 86 86 86 90 87 89 93 91 88 90 87 89 92 97 98 98 95 95 92 90 89 91 95 96 95 93 94 94 89 90 88 92 96 97 98 96 95
6 7 9 16 20 25 23 22 27 29 30 33 32 31 36 40 36 37 37 38 44 57 60 60 89 89 92 90 81 81 61 53 51 68 76 83 74 69 70 78 85 96 93 83 93 98 101 112 112 110 109 117 107 99 86 86 81 83 86 86 85 86 84 87 90 95 87 87 92 96 95 95 95 95 95 91 90 88 87 89 90 91 92 93 91 94 95 96 93 92 92 97 97 97 95 95
7 8 15 20 23 24 22 20 24 25 30 32 32 31 32 32 34 36 37 38 44 58 48 59 65 74 91 91 90 71 62 75 73 86 79 88 80 78 77 88 86 98 98 87 99 104 102 101 113 111 110 125 122 117 100 98 94 95 102 93 89 87 87 88 93 91 83 90 93 102 104 98 92 91 93 91 88 90 91 88 91 92 94 95 93 91 94 95 95 96 97 97 94 98 95 95
9 11 19 25 23 19 19 24 23 22 29 33 34 31 25 28 32 35 37 37 40 44 51 49 53 66 67 77 92 89 77 78 77 88 89 84 89 93 91 90 101 109 111 107 108 111 104 105 113 111 109 113 113 118 115 110 110 105 106 98 94 89 90 89 89 90 87 93 96 96 96 96 92 91 90 90 91 101 106 109 99 95 94 93 95 90 90 96 97 98 99 99 98 99 100 101
7 7 14 20 20 17 18 21 21 18 25 32 39 38 25 24 30 34 36 36 37 44 44 47 54 58 59 64 68 79 71 72 80 97 98 89 96 97 108 109 111 112 108 108 108 111 112 113 112 111 112 112 111 106 105 110 112 112 109 92 91 91 87 89 85 86 80 89 94 93 94 93 93 104 109 124 124 130 135 154 126 99 91 91 90 90 91 96 100 100 98 96 98 99 98 99
6 6 9 15 16 17 17 19 18 17 19 27 37 31 23 19 25 32 34 34 36 34 38 40 42 65 54 64 65 69 70 70 70 73 82 97 100 100 99 98 99 109 99 111 110 114 111 109 111 114 103 99 90 87 87 98 103 101 101 90 79 83 84 84 84 84 81 83 92 92 91 94 101 126 152 149 159 158 158 171 144 111 93 92 90 91 95 97 99 100 90 89 89 90 97 100
12 12 9 13 15 17 17 20 23 20 17 25 25 30 27 18 22 33 35 31 35 30 36 39 47 44 47 50 52 61 65 63 71 98 99 97 98 98 99 101 101 85 73 72 85 102 103 106 115 112 114 103 82 63 59 51 64 67 93 87 86 84 88 90 85 81 85 86 90 89 94 97 128 154 178 180 182 185 176 176 151 103 92 92 91 92 96 98 102 95 95 95 92 93 94 96
