ecocropFuture/tif/c6/rcp585/ACCESS-CM2/prec_9.asc
ncols        683
nrows        518
xllcorner    -87.691666666667
yllcorner    10.708333333333
cellsize     0.008333333333
NODATA_value  nan
[rows 168 to 209 of 518, columns 188 to 281 of 683]
203 206 207 208 206 207 210 214 217 216 210 217 216 211 212 213 212 214 214 214 213 218 214 217 218 223 212 220 220 221 215 223 214 223 223 223 223 227 227 222 221 220 211 209 211 218 224 226 222 222 226 225 227 223 221 232 239 239 238 237 235 233 232 233 228 236 236 236 242 245 245 243 246 240 244 245 245 245 246 248 247 249 243 234 240 250 251 246 247 249 252 245 248 247
209 204 205 209 206 209 207 213 213 208 210 211 216 212 210 210 213 217 215 220 220 221 219 220 220 219 216 222 216 215 215 222 214 223 223 215 220 227 222 226 222 222 221 212 210 214 220 226 223 222 229 225 223 227 221 227 238 241 236 236 234 233 233 234 236 239 239 239 243 247 244 243 246 245 245 245 245 241 246 246 249 248 246 240 239 242 250 249 247 253 255 254 248 246
201 203 207 204 205 205 210 212 210 208 208 208 209 209 213 214 220 222 223 229 229 221 219 216 214 215 229 225 221 221 224 216 216 214 215 223 220 220 227 222 222 220 217 212 212 214 218 225 223 223 227 227 226 228 226 224 234 236 232 233 233 233 231 234 236 236 237 240 240 243 241 244 244 246 246 247 247 246 247 248 250 250 248 243 235 242 250 251 252 252 254 246 245 239
202 209 205 205 207 210 216 215 209 210 210 209 210 216 214 212 216 211 209 220 218 217 218 222 214 220 230 231 228 223 217 219 214 224 215 220 221 219 221 223 221 217 219 211 210 222 223 225 229 224 224 229 228 226 228 225 220 235 237 238 228 228 230 238 239 236 230 241 241 241 241 241 241 244 247 247 247 248 247 247 245 246 246 249 244 240 247 251 250 250 251 245 243 238
210 210 210 212 209 207 207 209 209 210 208 209 217 209 203 211 215 209 203 213 216 221 217 217 220 217 220 220 229 225 221 219 223 224 223 218 220 220 221 227 211 213 212 210 211 231 233 225 229 226 227 227 228 226 222 223 220 238 237 234 239 231 232 237 240 237 236 231 238 238 244 246 245 247 245 246 246 247 249 245 243 241 234 236 235 241 243 247 252 250 249 243 243 244
211 212 208 213 205 206 206 206 215 208 215 217 214 206 205 209 211 206 212 217 212 215 213 214 215 223 230 232 227 221 219 219 224 215 215 219 224 224 227 223 222 212 207 209 217 230 232 231 228 229 229 230 229 228 228 226 224 240 238 237 241 240 245 245 240 237 236 237 231 239 244 245 247 245 246 246 246 248 247 245 234 240 240 240 240 241 243 247 252 252 244 253 245 245
210 204 204 208 210 206 206 208 209 210 209 214 218 214 211 209 214 217 216 216 213 218 214 215 217 229 226 219 225 224 215 214 224 224 224 221 219 220 224 228 221 210 207 208 207 210 221 228 225 231 231 231 230 229 226 226 225 229 239 237 238 240 239 242 244 242 239 235 244 242 247 245 247 247 246 243 243 241 233 240 240 239 239 242 243 241 242 241 241 241 248 249 250 246
208 208 201 202 213 203 203 203 215 210 209 209 210 214 214 215 214 211 212 217 213 214 215 215 216 224 225 224 225 226 223 223 216 224 217 215 221 221 220 225 227 228 217 211 213 213 221 223 230 229 229 228 230 231 230 225 243 242 241 240 238 235 236 239 244 244 242 235 246 248 247 245 247 247 246 232 231 238 240 233 239 239 245 249 247 243 243 242 243 242 242 243 245 245
208 213 212 203 210 211 212 213 205 211 211 211 212 210 216 215 211 218 216 216 213 214 221 215 216 219 223 224 214 231 223 223 224 224 225 215 221 220 221 225 228 228 224 211 215 218 219 226 227 229 231 226 226 227 241 235 232 238 238 242 236 234 235 237 239 244 240 244 246 247 247 247 245 246 247 232 238 238 241 240 239 240 249 250 250 244 245 244 244 243 242 243 245 245
211 208 209 204 203 204 211 216 205 205 205 216 212 217 213 215 212 212 212 216 218 214 219 215 221 222 216 223 222 227 227 228 228 224 217 215 221 220 221 225 223 223 222 210 215 219 223 225 221 227 231 231 227 236 245 243 230 232 238 243 242 237 233 235 240 239 240 241 246 246 246 248 246 240 232 238 238 238 239 238 239 239 249 247 249 249 249 243 243 243 237 242 243 244
208 212 212 207 205 206 207 209 208 216 206 206 206 208 217 211 218 212 215 215 214 214 215 215 216 216 218 214 215 223 228 229 228 228 225 215 224 220 221 221 225 224 222 218 213 217 219 220 220 236 237 245 248 238 236 236 239 240 241 240 242 238 233 235 241 233 247 248 247 246 246 247 246 231 236 237 237 237 242 239 238 239 244 249 247 249 247 242 242 250 250 247 236 242
207 209 217 213 213 216 219 217 212 208 211 207 209 210 224 210 218 218 210 210 217 217 217 218 212 212 214 223 223 223 233 234 235 229 217 217 216 222 221 221 221 222 226 225 224 228 220 227 235 234 244 238 240 238 241 238 239 238 237 237 238 236 233 228 239 243 241 236 234 233 240 248 229 238 237 245 246 238 237 239 239 240 244 248 249 251 244 244 236 238 238 247 239 239
207 211 205 210 207 203 208 212 210 215 209 223 230 235 225 219 220 212 211 212 211 212 214 226 222 228 228 223 229 228 233 219 229 229 239 236 236 227 225 225 225 226 222 223 227 231 231 231 230 232 235 236 240 238 235 235 234 237 236 236 237 241 229 240 249 249 234 237 232 246 242 243 231 239 240 242 245 242 243 239 243 247 246 250 252 255 245 237 236 236 238 238 248 248
206 205 216 221 210 211 206 210 216 223 222 230 224 231 230 225 220 220 211 212 213 213 221 233 227 236 228 237 234 229 229 239 220 220 229 236 236 237 232 228 228 219 219 224 223 228 230 232 229 237 232 236 239 238 238 234 237 228 237 238 230 231 237 246 233 234 233 235 232 241 243 229 239 239 242 243 246 244 245 247 248 247 246 245 253 250 244 243 235 236 238 238 239 239
205 207 214 221 209 209 205 206 230 235 235 235 236 224 225 236 220 226 226 212 213 213 232 233 233 236 218 228 237 238 229 225 235 238 238 240 236 237 241 237 238 228 219 227 227 225 230 232 232 233 234 236 240 238 236 235 235 226 228 229 241 240 241 246 236 232 235 235 232 249 249 231 232 239 244 248 250 246 251 250 251 250 249 251 252 253 243 242 247 235 238 247 248 236
205 204 209 210 209 218 236 236 235 223 213 224 224 231 230 235 231 232 232 226 221 226 233 237 238 237 227 227 227 237 234 224 229 230 230 236 231 237 241 241 241 233 233 218 224 224 225 231 232 230 230 236 239 239 237 232 237 226 235 240 240 240 245 246 232 236 235 235 234 249 247 231 231 239 245 255 250 243 244 243 243 236 252 249 252 250 243 243 239 238 238 242 236 239
210 209 204 213 224 223 236 235 221 210 211 222 233 229 218 224 231 231 237 231 237 238 234 238 238 238 238 237 236 233 238 237 234 229 225 225 231 241 240 237 238 233 228 227 225 225 226 226 226 230 228 235 237 232 234 232 232 234 227 248 246 246 247 232 232 232 233 241 250 249 243 240 238 238 247 254 249 233 227 228 230 231 229 244 251 246 252 254 247 239 247 238 238 248
207 211 203 230 221 236 220 221 219 231 231 232 226 216 218 225 226 237 237 237 237 238 239 239 234 224 228 227 232 233 235 238 235 235 230 230 231 227 218 232 241 242 234 218 226 218 225 225 226 230 231 231 232 233 235 229 234 234 238 245 232 232 232 239 239 239 249 247 248 240 228 236 235 238 243 250 246 250 247 244 247 233 228 229 232 231 232 237 256 237 236 238 248 248
209 223 226 230 228 216 207 205 204 204 207 222 220 229 231 237 237 237 237 237 226 226 227 239 229 215 215 227 227 227 215 224 225 216 225 230 231 218 216 217 228 233 234 229 218 227 225 225 227 230 230 233 225 234 237 243 244 246 245 231 231 232 232 240 247 249 250 250 240 232 236 240 241 242 247 244 244 247 252 238 231 231 231 235 232 236 239 233 256 244 236 236 238 248
218 231 231 234 221 203 214 214 214 215 205 208 215 222 231 232 232 237 237 237 237 238 238 239 235 213 219 213 213 215 214 215 216 216 230 231 226 225 225 226 217 219 229 229 228 228 219 228 229 232 224 224 233 237 242 243 246 237 230 231 231 232 232 247 245 239 239 231 239 231 238 237 243 242 249 246 243 230 231 234 236 233 231 232 248 253 248 245 243 236 238 248 252 252
220 233 229 231 212 213 210 211 215 218 212 207 221 222 231 231 231 231 233 237 233 227 221 227 223 222 217 219 217 218 220 215 216 215 239 231 217 223 223 226 217 219 219 218 220 219 230 221 221 222 223 232 233 237 246 245 245 237 229 229 231 232 239 248 241 239 237 237 238 240 240 238 243 238 242 245 230 229 232 235 237 234 255 252 249 244 247 250 250 246 238 250 254 247
222 235 230 219 203 214 212 213 213 218 216 215 208 207 216 218 224 225 232 236 233 228 212 213 214 222 217 217 217 218 221 225 215 216 226 216 217 226 221 223 223 225 228 224 222 219 230 231 231 221 222 232 233 242 243 243 246 246 230 230 233 247 248 246 239 230 236 237 239 239 238 237 244 247 243 228 230 231 234 234 235 233 247 251 248 244 251 256 255 253 238 247 254 238
221 219 213 209 208 211 216 216 213 219 219 216 213 213 217 208 218 219 219 233 227 221 213 213 212 222 217 217 217 218 220 223 221 224 215 224 220 220 221 221 221 226 221 225 224 220 220 231 236 236 236 237 242 246 245 246 243 247 230 230 247 245 246 243 239 236 235 238 239 244 244 244 243 247 234 239 233 234 233 235 241 254 253 249 246 243 238 250 250 256 250 251 251 238
209 205 204 212 216 220 210 208 211 216 217 217 212 211 217 208 210 209 218 225 210 219 219 220 220 219 217 220 220 220 223 224 224 221 224 225 226 225 223 222 221 226 227 231 222 220 222 234 231 236 237 242 243 246 246 246 246 247 247 247 245 227 235 238 237 236 238 242 250 250 245 247 243 226 227 230 233 258 259 258 259 250 249 248 250 246 242 237 247 250 250 254 238 235
208 205 209 212 211 214 214 212 213 216 214 211 214 214 206 223 209 209 209 219 211 219 217 217 217 217 217 222 213 222 223 225 216 216 219 220 225 225 223 221 222 224 227 230 220 219 223 232 231 236 237 233 243 244 247 244 247 248 245 245 237 234 235 238 237 238 242 242 246 247 237 228 227 231 240 240 242 263 259 259 249 249 249 252 246 242 242 235 236 247 250 251 235 242
205 206 206 209 210 210 210 207 210 214 214 214 215 215 211 214 217 209 209 209 219 217 217 217 216 220 219 217 220 220 220 219 226 231 232 231 218 216 225 223 225 226 217 219 220 220 221 221 221 221 221 222 233 238 244 245 240 235 237 226 231 231 234 237 235 238 239 242 241 226 231 233 231 232 240 247 240 251 263 259 256 256 257 259 252 245 242 236 250 250 247 236 237 234
211 215 214 208 205 206 211 205 212 213 214 214 216 214 210 210 214 209 209 210 217 215 216 216 216 219 216 216 223 221 221 222 225 229 228 225 226 227 223 223 226 219 229 217 218 219 225 233 237 223 221 222 221 234 235 225 225 226 226 233 231 235 242 237 237 241 240 247 233 226 231 234 233 240 238 252 256 258 254 254 253 244 253 255 257 250 244 241 234 236 236 233 237 237
212 210 223 210 209 208 212 207 206 208 219 220 224 226 217 216 215 220 211 212 219 216 216 216 218 219 216 222 218 223 224 225 235 227 224 224 221 223 223 223 233 224 236 218 225 230 226 238 238 233 233 222 220 223 224 224 225 228 233 232 237 240 241 241 237 239 248 240 233 234 238 234 231 230 244 253 261 261 255 253 251 246 248 250 242 260 247 241 235 237 236 236 236 237
215 220 219 207 212 210 212 206 217 215 218 221 219 222 218 217 212 209 222 229 219 218 216 216 216 217 220 216 223 221 224 220 234 241 239 226 224 221 221 224 230 233 220 219 226 230 231 225 224 223 222 222 220 229 222 232 233 231 231 231 235 247 243 245 241 240 242 246 248 243 247 250 241 237 251 259 259 262 254 251 248 262 259 253 250 254 253 241 234 236 236 247 236 234
217 221 211 210 204 211 212 218 213 222 226 218 217 209 210 211 212 218 209 210 219 218 218 216 220 224 217 224 226 224 225 226 230 237 237 231 224 221 227 228 227 226 224 224 225 228 232 232 230 228 228 229 226 227 227 230 229 230 234 237 243 240 244 249 246 249 249 242 235 244 255 257 250 253 251 252 261 265 264 254 247 252 254 264 263 257 242 241 242 241 233 233 233 236
211 213 210 210 204 216 222 210 212 224 222 233 216 213 210 211 217 213 216 213 215 218 218 215 220 217 217 219 222 224 229 230 232 233 236 232 226 221 226 231 227 226 225 230 227 235 239 233 231 231 231 228 227 228 231 228 229 231 233 234 241 247 254 249 229 233 238 238 225 244 247 243 256 245 246 250 252 261 254 250 248 245 246 253 256 250 242 240 247 236 233 233 233 233
206 210 212 206 204 217 217 221 227 224 221 226 219 213 210 211 215 212 213 218 221 222 215 215 216 219 203 204 210 209 224 231 240 239 232 229 226 221 230 232 227 233 234 231 237 241 250 245 243 233 232 228 228 229 227 228 232 233 237 237 237 250 253 247 230 223 227 228 225 225 236 247 254 250 255 251 248 251 252 251 244 242 244 248 251 250 244 240 233 247 235 236 236 233
207 211 214 219 219 217 215 225 216 223 220 220 214 213 210 211 212 216 217 221 221 221 215 222 218 202 202 204 214 220 228 230 233 229 223 227 224 223 235 241 238 232 244 246 233 229 232 229 228 239 233 232 232 233 235 231 232 236 237 237 237 242 249 249 239 242 236 230 237 231 238 252 254 254 254 249 247 249 253 248 241 240 244 245 249 255 250 242 241 235 233 236 236 239
208 211 213 220 220 224 221 224 223 224 222 222 223 213 213 210 211 211 212 220 218 221 222 218 202 203 203 207 214 219 222 227 230 228 232 226 224 227 231 237 234 247 241 229 232 227 226 228 228 235 245 236 231 234 232 236 240 235 238 238 239 242 234 246 239 244 245 240 247 251 250 249 256 251 253 246 246 247 248 249 243 240 240 245 246 254 255 249 242 240 240 240 240 240
211 209 210 209 222 228 227 227 229 223 217 219 208 214 215 216 215 212 213 214 221 215 221 213 203 203 209 215 219 222 222 233 237 227 231 226 220 223 224 230 251 249 239 225 230 231 228 230 225 229 229 237 231 231 237 245 244 245 237 245 245 247 243 231 221 225 230 235 233 234 246 244 244 254 245 245 242 240 243 244 244 240 246 244 244 250 252 251 246 246 242 242 241 244
223 228 226 223 210 226 232 232 233 223 215 219 219 208 215 209 219 217 220 219 217 217 212 202 204 203 203 215 223 224 231 245 237 232 229 226 227 225 228 231 244 243 222 221 226 225 229 228 227 226 229 224 240 241 247 247 240 232 240 229 219 221 226 221 217 220 225 230 232 234 236 236 259 260 246 245 245 239 242 241 244 239 242 241 244 248 249 242 242 241 250 249 252 253
215 221 219 224 222 226 233 236 235 234 226 216 216 214 216 215 218 219 218 200 212 212 212 204 197 202 209 218 225 224 225 250 236 245 227 229 225 225 224 236 237 233 225 233 237 230 227 230 228 225 217 215 225 217 222 229 230 230 227 222 227 228 229 224 217 222 228 234 235 236 236 235 233 248 257 246 245 238 239 241 243 241 239 240 246 254 253 246 239 239 240 250 257 260
218 215 215 219 223 212 233 238 234 231 222 224 221 218 225 230 227 219 215 200 201 203 202 202 199 206 216 224 224 225 234 240 236 235 243 239 223 223 228 224 234 230 229 212 215 222 225 229 229 229 222 217 218 219 223 228 229 229 228 228 227 228 227 219 219 220 228 229 228 235 235 242 250 261 255 249 244 243 238 239 238 239 239 242 242 247 248 244 240 245 250 255 258 259
223 226 216 212 206 219 217 221 219 218 229 228 228 229 220 223 223 222 215 201 201 198 200 202 205 211 223 223 246 248 235 226 227 241 244 238 234 245 235 228 232 234 239 214 214 218 223 227 228 225 223 216 222 225 228 229 246 250 238 229 225 221 221 223 223 227 230 233 230 228 234 240 249 260 248 246 245 245 241 238 236 238 240 241 236 247 248 244 242 249 250 251 256 252
226 224 212 210 207 219 218 220 222 217 230 229 224 222 224 227 227 221 216 203 208 209 211 213 215 223 223 238 247 248 248 226 225 224 240 231 243 243 249 233 233 233 223 214 215 217 225 227 227 227 235 224 226 229 229 230 247 251 247 228 227 224 225 231 232 230 230 226 229 253 242 249 245 253 251 249 245 243 245 238 236 237 238 241 237 236 236 243 240 245 250 255 250 247
224 218 216 215 212 222 216 221 221 220 220 234 231 222 222 222 224 221 215 204 210 214 215 220 220 224 223 246 248 241 235 236 235 231 234 246 249 237 244 235 237 229 215 225 219 216 217 221 226 230 250 246 238 240 233 231 231 238 232 232 228 224 226 226 230 225 228 237 232 242 253 259 254 249 249 248 247 243 244 245 242 242 244 244 244 235 232 240 240 241 249 250 250 247
225 225 219 221 217 225 231 215 218 229 231 230 229 227 229 232 225 223 210 213 210 215 219 220 221 238 238 248 250 252 252 236 237 252 243 230 229 230 229 230 237 226 215 224 229 214 220 226 228 229 239 251 252 242 232 232 230 230 232 230 226 224 227 227 224 220 221 249 250 249 244 244 245 242 243 244 253 241 242 244 246 246 243 244 240 240 231 239 239 239 241 247 247 246
