ecocropFuture/tif/c6/rcp585/ACCESS-CM2/prec_6.asc
ncols        683
nrows        518
xllcorner    -87.691666666667
yllcorner    10.708333333333
cellsize     0.008333333333
NODATA_value  nan
[rows 420 to 461 of 518, columns 282 to 375 of 683]
333 332 328 328 332 332 333 333 334 334 333 329 333 329 333 329 330 321 321 330 321 291 291 291 291 291 296 304 304 296 305 306 306 317 357 341 342 358 358 353 357 358 375 402 402 389 369 370 354 392 406 407 372 392 408 407 408 408 394 355 373 374 374 395 374 374 396 409 374 374 374 412 386 387 411 411 410 410 411 413 396 356 376 378 356 355 376 376 376 377 378 401 399 357
329 333 329 329 329 320 329 329 334 335 335 336 336 334 330 321 331 309 309 309 309 309 297 291 297 297 293 293 298 298 305 306 318 357 343 343 359 363 363 359 354 357 360 376 403 389 390 392 392 392 371 393 393 393 393 393 394 374 374 394 394 375 356 374 372 395 375 411 411 397 396 396 413 413 412 411 411 412 413 414 397 376 356 356 355 355 399 399 377 377 357 417 418 419
330 334 334 335 334 321 322 330 330 335 336 337 337 337 331 309 323 297 310 310 310 298 293 293 298 298 293 299 294 294 298 318 307 319 307 307 359 363 363 364 360 356 358 367 402 391 371 371 371 407 373 373 395 395 395 395 357 357 356 395 410 375 357 395 395 394 396 413 411 387 384 413 399 399 399 413 415 414 414 414 398 399 398 376 356 376 416 415 357 357 357 379 402 419
332 332 335 335 335 332 332 332 332 335 337 337 337 336 337 336 323 323 311 311 323 298 294 300 300 312 300 300 300 300 295 307 308 308 320 344 360 360 365 365 366 362 360 368 370 379 393 373 373 409 394 375 375 375 375 357 357 357 342 375 397 375 341 375 395 410 397 414 413 388 387 414 400 415 377 415 417 417 415 400 415 399 399 398 399 399 400 415 378 340 358 380 403 420
337 336 336 337 332 332 332 332 323 332 337 338 338 337 337 333 311 311 325 325 325 325 325 312 325 312 313 313 301 301 301 301 301 321 345 360 365 361 361 361 347 363 363 359 361 362 372 405 409 409 395 396 358 343 376 358 344 344 343 357 374 374 357 358 376 395 412 399 399 399 414 416 416 400 400 416 402 402 379 402 417 417 400 417 417 415 401 416 417 401 402 420 404 404
333 333 337 337 337 333 324 324 333 338 333 325 339 339 334 334 326 326 334 334 334 335 340 326 326 313 313 336 301 301 301 297 297 310 322 346 347 361 347 324 324 349 363 364 362 362 364 365 373 408 396 377 377 377 397 377 378 360 360 359 374 375 377 377 376 376 378 379 379 360 379 401 380 380 401 401 417 417 418 360 380 418 418 403 400 400 417 402 417 418 418 420 420 405
334 334 334 334 334 337 338 338 334 338 338 338 335 335 335 335 326 326 326 326 334 335 340 340 340 326 327 327 315 302 297 302 310 310 302 322 347 324 348 348 348 364 364 360 363 371 373 365 374 408 398 398 398 360 398 398 379 379 360 412 408 410 411 396 376 378 379 379 380 400 379 360 380 400 416 400 401 379 380 381 360 418 403 401 401 401 381 402 418 403 403 405 405 385
326 325 325 312 334 338 334 334 334 339 339 335 335 335 335 335 327 336 301 313 313 327 341 336 336 327 315 315 302 297 298 302 302 303 298 311 311 311 312 325 325 350 369 361 363 364 366 374 374 384 384 413 399 399 412 414 400 400 400 415 411 408 385 409 408 413 402 402 361 380 380 381 380 415 415 415 401 359 360 380 381 381 381 417 394 416 403 404 404 404 404 406 406 386
327 327 327 299 327 340 336 336 336 340 342 337 337 328 328 328 328 328 328 328 315 316 316 338 329 329 316 316 316 298 303 303 299 299 317 300 300 305 313 325 326 327 366 361 363 366 366 366 375 377 410 387 414 401 401 415 401 416 401 416 389 410 410 411 388 400 402 418 402 381 402 382 381 400 416 416 402 380 380 382 360 382 404 403 417 394 419 419 397 422 407 407 407 407
328 328 328 313 313 337 342 340 340 340 343 341 341 341 341 328 328 328 337 328 328 329 329 338 338 329 329 317 317 305 299 303 304 300 306 306 300 300 314 326 326 327 351 371 367 366 368 368 375 378 378 379 413 413 402 415 416 416 403 403 390 415 413 411 413 401 403 403 403 381 380 404 382 402 417 415 416 401 401 382 361 405 419 417 417 417 419 420 420 398 424 410 409 387
328 314 314 328 337 337 342 342 342 342 343 343 344 343 342 342 343 338 343 329 316 330 330 330 330 343 339 317 317 305 305 300 304 304 301 306 305 306 314 351 351 352 328 328 352 373 369 370 369 369 378 379 388 381 414 402 403 403 403 403 417 391 416 416 416 402 418 419 419 383 381 402 402 402 415 415 393 418 418 420 421 421 420 420 420 419 418 420 407 423 424 427 426 426
315 314 329 338 338 338 343 338 338 343 344 343 343 343 339 339 344 345 345 343 339 330 330 330 330 330 339 305 306 306 301 301 301 301 301 319 302 314 327 327 327 328 308 316 329 354 374 370 369 371 378 379 381 382 414 417 403 404 384 404 417 392 392 392 391 417 419 419 418 416 418 402 401 402 416 393 420 420 421 421 421 407 422 422 421 396 397 391 399 424 426 427 411 427
329 329 329 329 329 339 339 343 343 343 343 340 339 339 330 330 317 339 344 344 339 331 331 340 340 340 332 306 306 318 306 301 307 307 301 307 303 315 315 315 315 329 329 329 369 369 366 368 370 370 371 381 372 390 388 381 414 415 404 405 418 392 392 392 391 383 416 416 415 416 418 417 417 418 383 406 407 420 419 419 405 407 423 422 423 422 399 399 400 425 427 412 368 368
318 330 330 330 330 339 340 340 344 344 340 340 345 340 340 332 319 319 341 345 341 333 333 319 306 306 320 320 308 320 320 320 320 308 303 303 307 315 315 329 329 354 330 330 374 374 371 368 369 371 371 381 382 390 389 380 414 415 416 419 419 405 416 418 404 415 417 416 418 418 417 418 420 406 406 386 408 407 423 421 421 422 423 423 423 423 424 422 423 427 426 427 412 412
305 317 317 332 332 345 341 332 341 345 345 346 342 342 345 342 342 341 341 345 341 319 319 307 302 302 302 308 320 320 320 308 308 308 308 308 309 307 309 316 316 317 318 318 332 371 371 369 369 372 372 382 383 417 419 415 416 413 418 406 420 405 419 418 404 415 418 403 403 383 382 418 421 420 421 422 408 423 421 421 421 423 423 423 423 424 424 424 426 426 427 412 413 413
305 318 318 318 332 340 341 332 319 345 345 342 342 342 342 342 342 342 347 347 347 320 305 305 307 307 308 308 321 333 333 321 304 309 309 321 310 304 304 304 318 318 318 318 332 375 377 371 372 372 372 382 383 418 367 387 404 416 418 420 419 419 420 420 419 417 418 420 418 418 383 420 420 421 421 422 409 424 398 399 399 425 401 401 402 423 425 426 427 427 427 413 413 413
306 318 318 333 333 333 333 333 333 333 333 343 343 343 347 347 348 347 347 342 342 334 308 302 308 308 321 309 309 321 321 335 321 321 321 321 322 310 305 305 318 332 332 332 372 376 372 369 372 374 372 383 383 393 421 421 407 419 412 415 418 419 422 420 419 406 406 418 417 420 419 420 421 420 397 423 410 409 398 399 423 424 401 425 425 401 426 413 427 426 428 392 413 428
306 298 305 305 306 319 307 320 333 333 320 320 334 343 347 347 349 348 343 343 321 322 322 308 308 322 322 322 322 309 309 323 310 323 310 310 311 305 310 318 310 332 332 333 357 376 377 374 372 374 375 383 384 383 418 422 422 421 418 421 420 419 422 420 419 407 386 408 405 420 419 421 421 408 422 424 425 399 391 392 425 425 427 424 427 425 413 369 392 414 414 414 393 415
307 307 320 307 307 307 322 322 335 322 322 322 335 344 344 349 350 350 349 348 344 322 310 303 303 322 322 322 322 336 336 323 311 323 311 311 306 306 318 331 356 356 372 358 333 373 374 374 372 372 375 376 376 385 395 422 421 423 420 422 409 423 422 422 421 421 419 387 408 419 419 423 410 410 424 424 424 424 400 400 393 394 402 426 426 427 427 414 392 428 392 415 415 430
301 307 307 307 321 321 322 335 322 322 335 335 335 344 349 344 349 349 336 336 336 323 304 310 310 323 324 324 324 336 336 324 324 311 305 305 310 318 331 356 332 333 320 333 358 359 359 378 375 375 375 377 377 377 377 387 389 395 421 395 422 389 388 408 422 421 409 368 409 408 420 410 368 389 411 411 425 400 393 393 393 394 395 403 403 427 414 430 415 415 393 415 430 415
302 301 301 301 322 322 323 336 336 323 323 323 337 345 345 350 350 350 346 346 336 323 323 323 311 323 337 337 324 324 324 324 324 312 306 310 319 319 319 332 319 333 312 312 312 334 335 359 375 375 376 374 374 376 376 377 377 387 395 421 420 423 423 409 409 388 368 368 389 409 389 389 389 389 411 411 411 424 400 401 401 402 403 403 428 428 430 415 416 431 416 417 431 431
302 308 301 308 309 309 323 323 323 309 323 337 337 345 345 350 350 346 346 337 346 338 338 324 324 324 325 337 325 324 324 324 324 312 306 311 311 311 311 311 357 333 333 312 307 321 335 335 380 380 380 381 374 378 378 378 377 377 395 387 395 423 423 409 409 388 368 368 389 389 389 389 369 411 411 390 391 411 424 425 425 428 428 429 414 414 430 416 431 430 431 433 431 431
302 302 302 302 309 302 309 324 324 309 309 324 324 338 347 347 338 347 347 337 337 324 338 338 324 324 325 325 338 338 337 338 325 312 312 306 311 307 307 311 320 321 312 313 313 313 335 360 375 375 373 374 374 378 374 377 386 386 389 386 387 421 423 423 409 389 390 390 390 390 390 369 390 411 411 411 412 412 424 423 424 427 429 429 415 394 394 394 417 432 431 431 431 431
310 309 309 309 309 309 311 311 311 311 311 325 325 338 347 347 339 348 348 339 325 312 326 338 338 338 339 325 325 352 347 348 339 339 338 313 314 314 314 312 312 321 313 309 313 313 321 336 376 375 374 375 376 376 378 376 376 376 387 396 420 423 421 395 423 422 423 423 410 424 410 411 369 424 411 411 411 413 411 425 426 426 413 415 415 415 394 373 396 417 417 430 430 431
324 324 338 324 304 311 311 304 304 311 304 305 305 311 325 339 325 339 325 339 339 326 326 326 326 326 326 326 339 339 347 339 339 339 348 348 340 314 308 313 320 321 313 321 313 313 321 323 336 376 375 377 375 375 377 386 376 379 387 396 424 411 423 423 423 410 410 423 422 410 424 412 369 412 412 423 410 411 413 425 425 413 413 415 430 430 417 396 396 373 397 431 430 433
326 325 325 311 311 304 304 304 304 311 312 313 313 313 326 326 313 326 326 326 340 326 314 312 326 326 326 340 340 349 339 339 339 339 339 339 340 326 314 314 314 314 314 309 321 336 314 323 336 376 380 376 377 377 375 377 375 375 379 387 394 395 420 411 411 420 423 419 420 423 424 424 370 392 392 392 370 370 370 391 411 413 414 415 372 395 373 373 373 397 397 375 375 375
311 325 312 312 304 304 304 305 305 305 305 306 313 313 313 326 326 313 313 313 313 314 327 314 314 327 326 340 349 340 349 340 327 327 327 327 314 327 326 314 314 314 314 314 309 313 314 323 336 361 376 380 380 380 380 380 376 376 376 378 388 395 395 420 420 422 419 423 422 417 410 412 412 412 412 392 392 392 392 425 424 413 414 394 395 395 373 397 397 374 374 375 376 400
312 326 305 312 305 305 312 312 312 305 309 309 309 306 309 327 328 328 326 313 313 307 327 340 327 327 341 350 349 353 353 340 327 327 314 327 315 308 327 327 340 314 327 327 314 313 314 314 336 336 361 377 377 380 376 376 376 375 375 375 378 378 387 387 387 395 419 423 422 416 422 412 412 413 412 424 413 425 414 425 422 414 394 414 417 417 397 397 419 419 419 400 376 400
313 312 306 306 306 306 306 306 306 306 306 311 306 308 308 314 315 328 315 315 315 308 315 327 341 341 350 350 350 350 354 350 328 327 327 327 315 315 328 328 349 327 309 315 309 309 309 309 322 336 377 377 381 381 376 381 380 377 374 374 378 376 376 376 376 387 396 420 418 418 423 412 412 392 392 370 370 413 413 413 425 426 414 414 417 418 418 420 433 433 421 400 400 401
306 306 306 313 306 310 310 310 310 314 314 314 308 314 314 328 315 315 315 308 308 315 328 328 342 351 350 350 350 350 350 351 341 341 341 341 328 328 328 315 328 315 309 309 313 313 314 314 322 361 376 376 362 376 376 376 377 377 374 374 378 375 375 378 375 375 375 388 389 395 418 412 412 393 353 370 353 353 353 371 425 421 414 416 416 417 418 398 420 421 399 400 401 401
328 328 313 328 313 307 310 317 317 307 307 308 314 308 308 329 315 315 315 328 328 328 342 315 342 342 329 315 341 350 341 342 342 341 350 350 341 341 341 328 328 315 309 313 309 313 314 314 322 336 361 362 380 380 376 380 377 374 378 378 378 375 386 387 378 378 375 388 389 394 388 420 420 393 371 370 353 353 371 371 424 426 421 416 417 417 430 398 375 421 399 421 422 401
328 328 342 328 314 314 307 310 317 310 315 315 329 315 329 329 316 316 309 316 316 315 315 315 328 342 351 329 329 329 341 342 342 351 350 350 350 350 341 328 328 340 315 309 309 309 309 314 314 322 335 362 362 360 376 380 380 376 374 374 374 375 375 386 378 378 388 389 396 420 396 421 425 413 370 371 372 372 395 395 425 400 422 428 374 374 398 430 399 399 400 421 422 402
329 329 329 329 314 314 307 315 308 308 308 315 315 315 315 315 316 329 329 316 329 330 316 316 330 342 329 342 351 342 341 342 351 342 342 341 341 341 328 328 328 328 340 327 315 315 314 314 322 313 322 336 362 360 360 360 376 376 376 376 374 379 375 378 375 375 375 389 424 424 424 413 425 425 421 414 372 372 396 396 416 427 427 428 418 418 430 431 431 420 421 401 402 378
308 329 315 315 315 308 309 309 315 315 315 316 316 316 316 316 331 331 331 344 343 343 317 317 317 330 343 352 356 356 356 352 356 356 356 351 341 341 316 316 316 316 328 327 315 315 314 314 313 313 322 336 321 321 321 336 335 321 335 335 334 334 379 375 374 379 379 388 420 413 424 425 425 425 413 415 395 373 396 416 428 417 417 397 375 399 399 420 421 421 421 421 422 403
316 315 329 308 308 316 309 309 317 309 309 317 330 317 330 330 344 317 344 331 344 331 317 317 317 317 344 344 356 356 356 357 351 356 356 356 352 341 329 316 316 316 316 315 315 309 310 313 313 313 322 336 321 312 312 321 321 321 321 319 319 320 375 375 374 379 378 375 389 420 413 413 426 426 415 394 373 373 373 428 428 428 418 418 375 375 376 421 400 400 403 422 422 425
317 308 316 308 308 308 317 331 317 309 317 317 317 310 331 345 345 344 344 344 344 345 331 317 317 317 330 330 353 352 352 357 352 351 356 356 356 341 316 316 316 316 316 315 309 309 314 313 313 313 335 336 336 321 312 320 321 312 321 310 319 320 359 374 375 375 378 379 389 419 424 413 426 426 415 395 373 373 396 397 397 428 418 399 399 375 376 376 401 378 404 403 403 403
317 316 308 308 308 308 309 331 317 317 317 317 317 317 345 345 345 345 345 331 344 354 354 345 331 330 330 330 330 344 343 352 343 352 356 356 356 343 329 316 328 328 328 341 341 309 314 322 335 335 361 362 361 321 312 311 312 312 321 319 359 359 375 375 375 374 378 378 389 423 413 413 415 415 394 373 373 373 417 417 397 429 418 419 400 400 376 358 348 358 379 379 379 379
312 312 312 308 313 318 313 318 318 318 318 318 318 318 331 318 317 345 332 345 354 355 345 345 331 311 332 317 317 317 330 317 311 316 316 351 352 343 329 316 328 316 316 328 315 309 314 313 322 322 361 361 361 336 320 320 321 321 334 360 359 359 379 375 374 377 378 375 387 419 424 394 394 394 372 415 396 373 397 417 417 419 429 419 400 357 376 378 378 358 379 359 360 350
309 319 319 313 313 319 310 318 333 333 318 311 319 333 332 332 332 332 332 318 318 333 332 332 332 318 319 319 317 311 311 311 316 322 322 322 323 310 316 329 316 310 310 310 315 310 313 313 322 321 362 361 361 336 320 320 321 321 334 375 375 360 379 374 374 387 374 387 387 395 413 414 394 372 415 415 416 416 418 429 424 425 431 431 400 358 348 348 348 358 379 379 360 360
311 310 319 313 313 313 310 318 318 318 310 311 311 311 319 333 333 332 319 311 311 311 311 311 332 332 319 312 323 323 315 322 322 336 336 336 335 322 322 315 315 314 314 314 310 314 309 309 309 313 313 322 322 322 320 335 335 335 360 375 375 375 378 374 378 378 374 387 387 418 413 414 415 415 415 396 397 397 418 418 419 431 431 420 421 377 358 348 349 359 379 379 380 361
311 310 319 310 310 310 318 318 310 318 318 319 319 319 319 319 319 333 319 312 311 311 311 316 318 318 332 315 315 336 336 337 337 362 336 336 322 335 362 336 323 337 314 314 314 314 309 309 309 313 312 312 312 312 311 320 321 335 375 375 375 374 374 374 373 378 374 387 387 418 413 394 415 424 426 426 397 355 398 429 429 431 432 421 421 401 403 379 359 350 359 380 380 361
311 310 310 310 310 318 318 334 319 319 319 320 320 312 320 320 333 319 319 319 319 313 316 311 311 311 319 315 323 336 336 337 363 375 376 376 375 375 375 362 336 377 337 335 314 310 309 313 313 321 321 322 336 320 320 335 335 334 360 375 375 378 374 374 373 386 387 388 388 394 418 424 424 425 426 416 418 418 398 419 399 431 432 421 421 402 403 379 379 359 359 380 380 361
