ecocropFuture/tif/c6/rcp585/ACCESS-CM2/prec_5.asc
ncols        683
nrows        518
xllcorner    -87.691666666667
yllcorner    10.708333333333
cellsize     0.008333333333
NODATA_value  nan
[rows 294 to 335 of 518, columns 376 to 469 of 683]
167 156 148 157 158 169 176 185 177 178 178 179 178 178 179 180 179 179 189 189 190 182 182 182 191 191 192 192 182 184 183 177 176 177 177 167 158 158 158 158 179 185 184 179 169 169 169 170 159 152 152 160 160 180 180 170 161 180 185 189 189 186 188 202 184 184 184 192 197 202 191 197 188 185 185 170 179 188 187 200 190 180 180 182 181 177 177 177 176 176 178 177 176 176
167 168 167 175 168 169 176 189 185 178 178 187 187 187 188 180 189 179 173 163 163 174 174 175 175 182 182 182 176 182 177 166 157 157 167 168 158 150 168 168 168 179 169 179 187 188 188 186 179 159 160 152 180 180 181 171 171 180 180 186 198 198 203 193 182 182 193 203 203 203 203 197 188 188 197 188 188 196 196 201 190 181 180 178 178 182 181 177 178 186 186 178 176 179
175 175 175 175 175 176 176 185 185 177 178 187 186 187 188 179 189 179 173 153 163 164 153 164 164 182 182 181 176 156 177 157 149 157 168 168 168 158 168 179 179 169 159 169 188 196 196 197 180 171 171 160 170 181 181 181 171 171 171 172 186 186 203 193 183 184 204 204 203 203 203 203 197 197 197 202 202 190 201 190 190 181 179 179 183 182 178 178 187 197 186 186 185 180
167 175 175 183 175 168 176 176 177 177 178 178 186 187 179 179 179 179 173 163 163 164 153 154 154 182 176 175 176 156 157 157 157 167 168 168 178 178 179 179 179 179 169 169 185 196 196 187 180 180 180 171 170 186 181 171 161 161 181 172 181 190 204 204 194 204 204 204 204 193 204 198 189 189 197 197 202 202 197 197 190 190 181 181 180 180 188 178 178 177 181 181 175 168
173 187 186 187 175 168 158 158 170 159 159 171 177 178 179 179 180 180 180 180 173 164 154 147 154 165 165 176 176 166 157 167 167 168 168 178 186 179 184 179 185 180 170 180 188 188 202 197 186 181 181 187 181 171 171 172 153 161 181 187 187 187 199 204 194 204 204 204 204 199 190 186 189 198 198 198 192 202 202 202 191 191 181 181 181 189 200 188 182 169 169 192 192 194
173 187 186 181 184 168 149 148 149 149 150 150 151 171 187 188 188 179 180 173 173 174 154 147 147 165 165 176 182 182 177 167 167 177 184 178 179 179 179 180 187 185 185 188 198 203 188 188 188 181 172 181 181 171 172 172 172 161 161 182 187 187 190 205 205 205 195 194 199 199 205 190 198 193 193 193 183 192 192 203 202 202 190 180 181 184 184 178 183 193 173 173 172 172
173 180 186 183 175 158 158 143 149 143 150 171 171 161 178 178 179 173 173 173 180 174 163 154 164 181 165 166 166 177 177 178 177 168 184 184 186 195 195 185 185 186 180 185 188 198 204 188 188 189 181 181 171 182 182 172 172 173 187 182 173 173 182 187 205 205 200 199 199 205 199 205 204 204 193 193 204 203 192 192 192 192 182 180 185 184 184 171 194 197 173 157 152 156
173 187 182 174 175 168 149 138 143 159 159 160 170 171 171 179 178 173 173 163 163 164 163 154 164 165 165 166 166 166 177 178 177 177 178 169 169 169 185 185 185 187 187 188 186 188 198 188 188 189 181 182 172 172 182 182 183 182 187 187 191 191 187 190 206 200 190 190 191 205 191 191 199 199 199 193 184 192 182 181 183 181 186 185 176 176 176 171 194 174 158 157 153 157
180 187 182 182 175 168 158 142 143 159 159 160 160 171 177 179 179 180 173 163 153 154 154 147 154 154 155 166 166 166 177 167 177 168 178 158 159 159 180 170 180 197 197 188 188 188 189 187 189 187 182 173 182 172 172 183 163 173 182 187 191 191 190 190 196 200 188 182 191 205 187 187 190 187 187 199 194 184 187 182 183 181 186 176 176 183 172 182 194 188 154 153 151 157
181 181 182 174 174 169 175 158 143 159 159 160 160 171 171 178 178 179 179 174 163 164 154 147 147 147 155 155 182 182 182 183 183 184 178 169 169 159 169 180 188 197 204 198 198 186 189 188 199 199 188 173 172 173 163 163 163 174 183 188 191 188 188 188 191 191 188 191 200 206 200 187 200 200 206 205 199 193 184 182 182 182 181 181 186 177 183 182 198 175 158 151 151 nan
166 173 173 173 174 175 175 175 175 176 170 171 170 171 178 172 172 173 179 179 174 164 163 164 147 147 155 155 166 156 157 178 183 184 178 179 185 184 170 170 181 197 204 198 186 172 187 187 187 182 182 188 183 183 163 147 147 154 174 183 191 191 191 188 184 174 184 207 196 200 191 192 191 200 206 206 190 205 185 183 182 182 183 192 181 187 177 183 196 175 166 154 151 nan
165 166 173 182 182 188 175 174 175 175 176 171 160 160 171 161 172 178 173 179 163 164 163 175 164 147 155 148 142 148 149 167 168 150 150 159 179 184 185 185 181 160 181 181 181 182 187 188 182 182 183 174 183 183 183 163 154 154 163 175 184 188 184 174 184 184 184 183 183 188 207 200 200 200 195 185 195 199 205 185 184 183 188 188 178 173 184 199 199 196 198 188 158 nan
173 166 173 173 182 188 184 174 175 169 176 176 177 151 171 172 162 151 152 162 181 174 163 154 155 147 155 155 148 148 157 158 178 168 158 169 186 186 187 185 160 171 161 161 161 182 187 187 187 183 183 183 183 173 163 174 164 174 175 164 155 175 184 184 175 184 175 155 175 184 201 201 207 207 191 207 207 194 185 183 183 183 183 183 188 174 184 197 197 183 183 189 166 159
172 155 166 173 173 183 174 174 174 175 170 171 177 177 178 172 152 144 145 145 174 174 174 164 164 147 147 147 148 148 157 158 183 185 184 179 170 170 185 181 171 160 171 171 172 172 172 189 199 189 188 190 191 188 163 164 174 175 184 184 175 164 175 175 189 189 184 175 184 184 189 192 201 208 201 208 196 184 184 190 184 183 183 183 189 178 174 174 174 173 184 190 176 189
145 166 172 167 173 174 168 158 168 175 175 176 176 177 178 178 152 144 144 145 153 175 174 175 164 148 156 141 148 142 149 157 168 185 184 170 170 160 160 161 161 161 161 161 172 187 183 189 207 197 208 208 208 208 184 174 189 189 175 184 185 165 165 165 185 176 190 185 185 189 189 193 192 202 208 201 208 195 184 190 184 186 185 185 183 189 179 178 178 177 184 197 190 200
134 140 155 172 173 173 168 157 158 175 185 185 177 177 178 178 162 144 145 146 145 164 154 164 147 148 148 156 167 148 157 149 157 179 179 170 159 151 152 152 152 153 152 161 162 183 173 187 197 197 208 209 200 198 189 174 185 184 164 185 185 176 165 165 165 166 185 189 176 189 193 193 202 202 202 209 202 201 196 185 185 186 184 184 185 190 179 179 178 178 178 185 201 197
131 134 134 155 173 173 174 168 148 169 175 185 176 187 178 177 172 152 152 152 145 140 146 154 147 147 141 147 167 156 148 149 149 158 184 179 180 180 181 152 161 161 161 172 182 183 187 200 208 197 201 201 191 189 174 175 185 175 176 176 192 202 185 176 176 166 177 185 193 202 202 193 210 202 210 210 202 201 196 192 192 185 185 191 191 191 190 189 189 189 188 178 198 198
130 131 139 145 167 182 183 174 158 158 158 175 171 171 177 177 179 173 162 163 153 140 140 140 147 148 156 155 148 148 148 157 157 169 179 179 180 180 181 181 171 172 182 182 189 189 190 200 190 190 184 175 174 174 175 189 190 192 192 189 193 203 203 192 190 185 186 186 186 190 194 210 198 203 210 198 210 209 188 186 186 196 196 186 185 191 184 183 184 189 189 189 174 185
131 131 139 139 139 156 157 147 148 142 149 150 142 143 150 144 151 152 152 163 163 153 140 140 147 141 141 147 156 156 157 168 179 179 170 180 180 181 171 171 172 161 161 186 189 189 200 200 209 201 190 184 184 175 164 155 176 185 189 185 190 203 192 203 203 204 191 186 177 190 211 211 198 210 203 210 203 193 202 197 197 197 209 196 196 186 186 185 185 183 190 190 178 199
132 132 133 146 134 134 140 141 148 148 159 159 142 135 136 136 138 144 152 174 163 164 154 146 140 141 141 147 156 156 157 178 179 180 170 170 180 160 171 171 162 153 161 182 187 183 188 188 188 190 189 189 185 175 165 155 155 176 185 186 186 190 191 191 193 204 212 203 190 187 194 204 199 211 211 211 204 194 194 202 210 202 210 209 197 209 209 195 195 185 183 180 175 186
138 133 133 139 134 133 135 135 135 148 159 159 149 142 137 137 144 152 145 152 163 153 139 138 140 140 141 147 156 157 168 169 168 169 170 171 180 181 171 182 172 162 173 183 187 187 184 184 175 163 155 185 175 165 155 155 155 165 193 193 186 191 193 193 204 204 213 204 191 191 194 195 194 194 204 194 204 203 194 194 203 203 210 210 210 210 209 208 208 208 181 191 179 176
138 139 131 133 134 133 135 135 141 135 149 170 159 142 143 136 138 152 145 145 145 139 138 138 139 139 139 140 141 157 169 158 143 150 159 171 171 181 171 182 182 172 173 173 183 184 184 163 175 154 155 176 175 176 165 155 166 177 190 193 191 191 193 204 204 194 205 194 187 191 195 195 194 194 194 192 192 194 194 194 194 203 210 210 210 210 210 197 196 196 192 181 184 176
144 144 145 146 146 134 140 147 148 149 142 159 149 136 136 137 137 144 145 138 138 138 138 138 139 138 139 139 140 148 157 158 158 150 151 171 180 181 171 182 182 173 182 173 183 173 163 174 175 164 164 155 175 186 176 166 156 165 166 187 187 191 191 205 213 194 194 213 204 195 205 205 205 205 195 195 205 195 195 195 204 204 211 211 211 210 210 197 197 187 193 182 191 180
144 154 154 146 155 140 140 147 148 158 148 149 142 135 143 143 143 144 144 137 138 138 137 137 137 139 139 140 140 148 157 169 158 180 180 180 187 198 185 182 172 173 182 183 183 188 184 184 184 176 176 148 147 165 166 166 187 177 166 166 167 167 178 205 214 214 206 195 214 214 202 202 191 191 191 205 205 205 205 195 213 204 194 199 199 198 189 188 198 194 182 189 177 177
165 139 146 146 156 167 157 157 168 148 148 135 142 160 150 143 144 161 162 153 145 146 145 138 137 138 140 147 147 157 157 179 183 185 184 185 187 198 187 186 186 187 183 183 184 184 185 185 164 155 164 155 155 148 148 166 178 166 178 167 157 178 178 194 205 206 214 205 215 215 215 215 201 191 191 214 196 205 205 214 214 205 195 205 205 199 199 189 188 186 194 178 178 177
168 169 169 166 156 167 172 172 172 173 174 160 170 160 150 161 162 162 152 145 138 137 136 137 138 138 139 177 177 182 183 183 183 169 184 185 185 198 198 187 188 189 188 189 189 184 164 154 155 164 148 148 147 148 148 148 167 157 157 157 150 168 188 194 195 188 195 205 203 203 192 192 202 202 192 202 202 215 206 215 214 214 195 205 213 199 199 199 211 198 188 183 178 189
168 169 169 170 170 167 167 157 172 173 174 174 174 171 161 172 162 152 145 153 138 138 137 138 139 140 147 167 177 182 178 179 179 180 180 171 171 185 187 187 186 187 187 189 188 190 175 154 155 155 148 148 147 148 148 148 149 157 157 157 150 158 179 193 195 193 195 196 216 216 204 191 192 203 215 215 206 215 202 202 202 215 214 201 190 190 190 190 189 189 196 183 190 204
168 178 179 179 180 171 156 157 172 172 174 174 184 174 171 161 162 172 162 153 153 138 138 139 155 147 147 155 167 177 168 158 179 183 181 181 171 181 187 186 186 184 183 188 188 185 185 154 147 146 148 148 147 147 147 147 148 157 167 158 158 158 168 188 206 207 196 206 217 217 217 193 191 203 203 216 197 206 215 192 192 202 214 191 198 191 190 190 190 196 184 190 204 209
167 178 186 187 188 180 171 167 168 172 173 169 173 171 161 161 151 151 152 144 145 146 145 146 166 166 166 147 156 168 178 169 179 185 184 185 181 171 185 187 186 184 183 184 188 185 175 155 147 147 147 148 147 148 148 156 157 167 167 158 158 168 180 193 207 207 207 204 204 193 193 204 192 193 193 217 207 207 216 203 203 203 215 202 199 189 191 190 188 184 184 184 191 204
177 186 180 181 188 181 171 167 157 172 172 169 159 171 161 143 143 137 144 144 145 154 138 138 166 176 167 156 156 157 169 169 183 183 181 181 182 171 182 199 188 184 175 184 184 189 185 165 155 148 148 156 155 148 167 179 168 157 168 158 168 193 193 193 196 207 218 205 205 205 200 192 194 204 217 217 208 217 207 217 204 204 216 202 192 191 191 201 191 197 185 181 180 206
177 177 165 168 169 166 147 146 157 158 159 169 170 160 161 151 136 136 136 137 138 154 154 154 155 155 147 177 178 168 178 169 169 170 171 171 172 172 172 186 186 184 187 189 189 189 189 186 177 165 156 166 187 188 188 179 168 158 158 168 180 196 207 196 194 218 205 205 205 194 205 195 197 208 197 198 198 204 217 204 204 193 193 216 216 202 202 206 206 201 191 197 188 184
167 168 167 156 146 139 147 146 158 159 159 159 170 160 161 151 143 152 144 137 138 138 154 154 155 167 156 147 168 157 157 169 159 170 181 172 172 172 172 173 174 187 184 184 202 202 189 189 186 186 166 148 178 188 189 192 195 194 179 189 190 190 194 194 194 195 219 218 218 218 198 195 195 195 208 208 208 218 218 204 193 208 207 217 217 216 216 197 197 206 215 201 213 200
177 168 165 155 146 146 147 146 158 169 159 169 170 160 161 161 151 162 162 153 145 145 145 166 166 156 167 167 156 157 157 158 159 159 171 171 182 182 186 187 186 174 188 188 189 202 189 189 186 186 178 157 167 179 179 189 189 189 193 190 193 194 196 196 196 197 195 208 198 198 198 195 195 195 198 198 209 209 209 209 209 209 218 204 193 203 203 203 215 207 206 215 206 206
167 177 165 146 146 147 147 157 158 159 169 172 170 170 161 161 143 152 152 153 164 164 154 166 166 167 167 178 168 168 157 158 149 150 150 172 182 182 187 200 186 185 187 189 189 190 191 189 186 191 187 179 156 179 189 180 180 180 190 190 194 194 208 206 209 209 197 198 198 198 209 198 195 198 199 199 199 198 209 198 198 198 208 205 194 204 218 216 195 194 207 215 215 214
167 167 165 146 146 147 147 147 147 159 159 160 160 170 161 151 151 152 152 153 164 175 145 155 167 167 177 178 168 169 158 158 159 160 160 172 172 182 186 187 188 187 188 190 191 191 190 191 178 166 166 188 168 179 180 190 181 169 180 191 191 191 195 197 197 209 198 198 198 209 220 221 198 196 199 199 199 210 210 210 210 210 219 219 205 205 204 217 208 198 198 207 216 215
167 167 165 146 156 157 157 157 148 148 160 170 160 161 150 151 151 152 163 163 154 154 165 155 155 167 177 181 181 182 170 170 159 160 160 172 173 172 173 184 184 187 201 202 202 191 187 190 187 179 167 167 179 168 169 181 158 169 169 191 191 192 170 195 196 210 210 209 210 221 221 221 209 210 196 196 200 199 210 220 206 206 220 220 220 209 199 209 209 198 208 198 207 216
166 166 165 156 157 166 167 168 158 169 159 170 170 161 171 162 162 163 173 174 174 175 166 166 167 167 168 181 181 179 180 180 180 181 161 183 185 183 163 163 164 175 188 190 191 191 187 178 178 188 167 168 168 169 169 158 150 169 170 182 194 195 183 183 183 198 198 199 210 210 210 222 208 199 210 200 197 197 197 199 221 207 200 210 200 209 209 199 199 196 196 198 198 208
163 154 145 145 157 147 147 147 147 169 170 160 160 161 151 162 173 172 176 177 177 178 178 166 167 156 168 178 179 180 180 171 171 184 182 183 185 183 187 184 185 188 188 191 186 177 178 178 179 179 189 189 190 169 169 158 182 191 191 171 160 171 171 171 161 198 209 199 199 211 200 200 199 210 222 200 197 197 200 211 207 211 210 200 200 210 210 210 219 210 210 209 218 208
154 154 155 146 146 147 147 139 158 170 170 170 150 161 162 172 173 175 176 177 177 178 178 179 179 180 181 180 181 183 183 184 184 184 184 183 186 183 184 187 187 186 190 191 187 187 167 179 179 188 192 194 190 169 170 170 182 170 182 171 160 172 183 183 172 184 197 197 200 211 197 200 211 211 211 211 223 208 197 222 222 208 221 200 200 210 221 220 220 210 210 219 205 219
154 164 165 166 166 167 167 158 159 169 170 171 170 171 162 163 173 175 173 164 165 175 155 167 177 180 182 181 195 195 184 183 184 185 185 183 174 174 184 185 185 188 189 190 190 187 178 167 167 168 158 169 169 158 159 171 192 192 183 183 172 184 196 197 197 197 198 197 200 200 201 198 211 223 201 211 223 212 209 209 223 208 208 222 222 211 211 211 221 220 206 206 205 205
154 155 165 167 167 167 168 169 168 170 171 172 173 173 172 174 173 173 164 154 155 176 155 156 177 181 193 194 195 196 184 184 181 182 185 183 184 163 163 175 176 186 190 190 190 188 179 167 157 158 149 159 158 159 150 159 183 192 183 172 172 196 198 199 199 211 198 197 198 198 201 198 201 224 212 224 224 201 212 209 224 223 209 197 208 222 211 211 221 206 206 206 192 205
154 155 166 167 168 167 167 168 168 170 171 171 184 174 174 175 163 164 153 174 165 166 155 146 168 181 193 194 181 183 183 184 182 182 183 184 184 174 164 164 165 187 189 190 191 188 189 167 148 149 150 150 159 150 159 160 171 193 195 198 194 194 197 199 199 211 200 194 194 201 201 201 198 198 212 212 212 201 201 201 201 213 209 197 197 208 222 211 211 221 206 206 192 195
