ecocropFuture/tif/c6/rcp585/ACCESS-CM2/prec_4.asc
ncols        683
nrows        518
xllcorner    -87.691666666667
yllcorner    10.708333333333
cellsize     0.008333333333
NODATA_value  nan
[rows 102 to 152 of 518, columns 384 to 479 of 683]
96 91 92 92 95 99 91 90 89 87 89 86 85 84 83 83 83 83 81 81 80 82 89 80 79 79 77 77 76 77 85 76 76 76 74 75 78 75 81 82 77 81 80 81 72 72 72 72 74 72 71 70 74 71 74 75 76 77 73 71 72 75 75 68 67 70 70 73 72 69 65 71 71 69 70 70 70 66 63 62 61 62 61 61 61 61 60 61 62 61 62 62 62 62 62 63
95 102 101 101 96 92 90 88 87 87 86 85 84 85 84 85 82 82 81 81 84 82 81 79 79 81 78 82 85 84 75 75 75 76 74 74 78 73 73 72 72 72 72 72 72 73 71 72 72 72 71 72 78 78 74 74 73 77 73 76 75 72 68 75 68 66 66 65 65 66 68 64 65 71 63 63 62 62 62 61 62 61 61 61 64 62 60 60 60 59 62 63 62 62 62 62
96 98 98 98 98 95 89 88 89 90 88 87 87 85 84 83 82 82 81 81 84 82 81 79 79 80 80 77 85 84 85 77 75 76 75 74 76 75 74 72 72 73 72 72 72 71 72 72 76 79 79 72 79 78 71 78 78 76 73 68 68 69 68 67 66 67 67 65 66 65 64 64 64 63 70 67 63 62 64 62 61 65 65 65 64 64 63 62 60 60 61 62 62 62 61 61
98 98 102 92 90 90 89 91 88 88 87 86 84 84 84 83 82 83 83 80 81 79 79 78 78 77 77 78 82 86 85 80 80 75 74 74 74 73 74 72 73 73 74 73 72 71 73 72 71 72 72 75 75 78 71 71 74 73 70 69 70 68 67 67 67 66 67 65 65 65 64 64 65 64 63 63 63 62 61 65 65 65 65 65 64 64 63 62 61 62 62 60 62 61 61 61
99 93 92 91 91 90 90 90 87 85 87 87 84 84 87 83 81 81 82 82 80 81 80 78 78 79 85 82 76 81 80 77 76 84 79 74 73 73 73 77 72 71 72 72 72 71 71 71 71 71 70 70 71 74 78 74 74 74 77 68 69 69 69 69 67 66 66 66 66 65 66 65 65 65 63 62 66 66 64 64 65 65 65 64 64 62 63 63 61 61 62 62 60 62 61 61
103 97 93 93 91 90 90 86 85 85 86 86 85 88 82 81 82 83 81 82 80 79 80 78 78 78 83 87 77 76 77 77 76 80 79 74 73 73 73 72 72 71 71 72 72 71 73 73 72 71 71 70 71 75 71 71 74 78 78 70 69 68 69 72 68 67 69 67 66 66 66 66 66 65 63 63 66 66 66 66 66 65 64 64 64 64 63 63 61 62 63 62 62 62 61 61
94 92 93 91 92 90 88 85 86 84 86 84 84 82 82 83 83 83 82 82 80 80 78 78 79 79 77 82 81 76 76 75 75 75 79 74 73 73 73 74 73 73 76 80 80 75 70 71 70 70 70 70 70 72 81 76 77 80 75 74 73 70 69 69 68 68 71 70 68 67 67 67 65 65 64 65 67 66 66 65 65 64 64 64 64 64 63 63 63 62 62 62 62 61 62 61
103 92 93 96 91 90 87 87 86 87 83 84 83 86 85 84 85 83 84 84 82 79 78 78 77 77 77 76 76 76 75 75 75 74 79 74 73 78 82 80 81 76 72 72 75 75 70 71 72 70 70 70 70 70 81 81 80 73 71 69 69 71 69 67 68 67 68 69 67 68 67 66 69 69 68 67 65 67 67 66 66 65 64 64 64 65 65 64 64 63 62 62 62 61 60 60
94 94 92 89 88 86 85 87 88 88 87 84 84 83 83 83 82 82 83 84 81 81 79 79 78 78 79 77 76 76 75 75 76 79 79 75 73 78 72 72 73 72 71 72 74 74 74 74 74 74 74 73 70 69 69 71 78 70 68 68 71 72 71 68 67 67 72 70 67 70 70 69 69 68 68 67 67 67 66 65 66 65 64 64 64 66 66 66 64 63 62 62 63 62 62 61
93 98 92 92 88 86 86 86 85 87 91 88 87 87 86 84 84 84 83 84 83 83 81 79 80 79 78 79 78 76 75 75 74 75 83 74 83 72 73 73 71 75 75 74 73 74 72 73 73 73 73 73 73 73 72 71 69 68 70 71 71 74 71 69 70 71 72 71 71 70 70 69 69 68 68 68 67 66 66 65 64 64 64 64 64 64 65 65 63 63 63 63 62 63 63 61
104 93 92 88 88 86 91 84 86 87 89 88 87 87 85 87 86 84 84 85 85 82 79 79 79 79 80 78 76 76 75 75 75 75 73 73 78 78 72 72 72 74 76 74 75 71 70 69 71 71 70 71 72 71 72 73 71 71 71 70 69 69 68 68 69 72 72 71 70 69 69 68 69 68 68 67 67 66 65 64 64 64 65 65 63 63 64 64 62 63 63 62 62 62 62 61
93 92 90 89 88 87 86 85 85 86 86 87 86 86 86 87 86 83 82 81 80 80 80 81 79 79 78 76 76 76 75 75 75 76 76 73 73 74 72 72 71 74 73 74 74 72 70 70 69 71 73 69 69 70 72 71 73 71 73 70 70 68 68 67 68 68 69 70 70 69 69 68 68 68 68 67 67 67 65 65 64 64 65 65 64 64 64 64 64 63 63 62 61 61 62 62
92 92 91 89 90 88 86 86 85 86 87 87 87 85 84 86 84 84 81 82 81 82 82 81 80 78 78 78 77 79 79 78 77 77 77 77 76 73 74 75 74 72 71 71 74 72 69 69 70 70 71 72 72 72 72 71 71 71 70 69 69 69 71 71 71 70 68 70 69 68 69 68 67 67 67 67 66 66 65 65 65 65 65 65 61 64 64 64 64 64 63 62 62 61 62 61
91 90 91 91 90 87 85 85 84 85 84 83 83 83 84 83 83 82 80 83 83 82 80 81 80 76 76 77 77 79 78 77 76 76 76 76 76 76 76 76 75 75 71 70 71 73 73 73 72 72 69 70 70 70 71 70 69 69 69 68 67 69 69 69 68 70 70 70 70 69 68 68 67 67 65 63 62 62 61 64 63 65 63 64 64 61 62 64 63 63 63 63 62 61 61 61
95 88 88 90 88 85 85 85 85 83 83 84 82 81 82 84 82 80 79 82 82 78 79 80 80 76 76 76 75 75 78 76 76 75 76 76 76 76 76 75 76 75 70 71 71 72 73 73 71 68 68 67 72 71 71 71 70 69 67 69 69 68 69 70 67 66 69 69 69 69 68 68 68 67 66 66 61 61 64 65 65 65 61 63 61 62 62 64 64 64 63 62 58 58 61 61
93 87 87 87 89 85 85 85 84 83 82 86 83 81 81 80 83 83 82 81 80 80 80 78 78 80 79 80 78 76 78 77 77 76 75 75 76 76 75 74 74 74 75 73 72 72 72 73 72 69 69 68 71 68 68 67 69 70 69 69 68 68 69 70 69 69 68 68 68 68 68 66 63 63 65 64 61 62 62 65 63 61 60 60 59 59 62 61 60 63 58 58 57 57 59 57
94 88 87 87 87 88 88 85 87 86 84 85 86 83 83 82 84 84 80 81 80 81 80 79 80 79 77 77 77 77 79 76 75 76 75 74 76 76 76 74 74 74 73 73 73 73 73 73 73 72 70 70 70 67 68 66 69 71 70 70 69 69 68 68 67 69 69 67 67 68 64 62 62 62 61 62 62 62 61 62 61 61 60 59 59 59 61 61 61 63 61 60 61 61 60 60
88 87 85 86 86 88 91 91 90 88 89 90 88 85 81 81 81 83 79 82 80 80 80 79 78 77 77 77 76 76 79 74 73 73 72 72 74 76 76 74 74 73 73 73 73 73 74 73 72 70 67 68 70 67 66 66 67 67 66 68 70 70 70 69 68 69 68 67 67 67 67 63 62 63 66 62 65 63 62 61 60 60 61 64 60 60 62 63 63 63 63 62 62 61 61 60
88 87 85 88 89 88 89 88 89 91 90 90 88 88 84 84 84 82 78 81 80 79 80 79 78 77 77 77 76 76 78 76 73 72 72 73 71 71 71 73 74 73 72 72 72 72 71 73 72 73 67 67 70 69 68 67 66 66 65 65 68 69 69 67 67 65 69 68 68 67 66 65 63 63 61 62 65 63 62 61 60 60 60 61 63 60 60 64 63 62 62 62 61 61 61 60
89 85 87 89 88 90 88 88 84 85 86 88 90 89 86 85 83 83 83 80 79 79 77 77 77 77 76 77 78 78 77 77 73 72 72 82 82 81 72 71 73 73 72 73 72 71 72 72 72 71 72 67 68 68 66 66 66 65 65 66 70 69 69 68 66 66 69 67 68 67 67 67 65 62 63 64 64 65 66 62 60 62 62 61 64 60 63 64 63 62 62 60 61 61 60 60
87 87 90 91 92 91 89 87 83 82 81 82 82 85 85 87 86 84 83 83 80 80 79 77 76 76 76 78 77 77 77 77 76 72 71 72 72 70 75 75 74 75 73 72 72 72 72 73 71 71 71 71 71 72 71 66 65 65 65 68 69 70 67 67 68 67 67 67 67 67 67 67 65 61 63 64 62 61 60 61 60 60 60 62 63 63 63 65 64 63 61 61 62 61 60 60
83 85 90 89 86 86 86 83 85 85 84 83 83 86 86 87 86 82 79 81 78 78 78 79 78 75 75 77 76 75 75 76 74 74 76 73 75 75 75 75 75 71 75 70 71 71 73 71 71 72 72 70 69 72 70 71 70 66 65 66 67 69 69 67 67 67 67 66 67 68 67 67 63 66 62 65 65 65 69 61 60 61 60 61 63 65 65 64 64 63 61 60 60 60 59 59
83 85 92 90 87 86 82 86 85 82 83 82 81 83 82 84 85 82 81 80 77 77 78 76 75 75 75 77 77 76 77 77 75 76 75 75 71 71 71 71 71 72 74 72 72 70 69 73 71 73 72 72 72 71 70 69 69 69 70 70 69 68 67 67 67 69 68 67 64 68 67 67 62 62 62 62 62 69 65 64 68 64 62 65 65 64 64 63 63 62 62 61 60 59 58 56
80 87 89 88 85 85 85 87 84 81 82 86 85 81 80 81 81 80 82 81 80 77 78 76 75 75 75 77 77 76 75 75 76 73 74 73 70 70 70 69 69 70 70 71 70 70 69 69 71 72 72 72 71 71 71 69 71 71 70 69 69 69 68 68 67 69 66 67 68 67 67 66 61 61 60 62 61 69 69 68 68 68 60 65 66 65 64 63 63 62 61 60 60 58 57 56
80 85 85 87 86 83 83 85 84 82 86 87 85 82 82 81 78 78 78 78 78 79 77 77 76 74 74 75 75 75 74 74 75 74 73 71 70 70 70 69 69 70 72 70 73 73 73 70 73 72 72 72 71 72 71 71 70 70 68 68 67 69 68 67 68 68 66 66 67 68 67 66 63 60 60 61 60 61 69 69 69 65 60 63 63 65 65 64 63 62 61 60 60 60 57 54
83 83 82 83 83 82 85 84 84 85 84 82 80 80 78 77 76 76 76 75 75 75 75 74 74 75 76 75 74 74 75 73 73 71 71 69 71 71 71 72 72 72 70 69 74 72 71 70 72 72 71 69 69 69 71 71 71 68 69 69 67 69 68 68 68 68 67 68 68 68 65 65 61 64 61 60 60 60 61 68 69 61 60 65 64 64 64 64 63 62 61 60 60 60 59 54
86 84 82 82 82 81 84 81 83 82 82 79 76 77 78 77 76 75 75 75 75 76 76 76 77 76 75 76 76 75 73 70 70 70 71 71 75 75 69 69 72 73 73 70 69 73 72 71 73 68 72 71 71 69 69 68 68 66 66 69 70 69 68 68 66 66 67 67 67 67 63 63 63 64 62 62 64 64 63 65 61 60 60 64 63 63 63 63 64 62 60 61 61 58 58 60
81 83 81 79 79 80 79 78 78 78 79 82 77 76 76 75 75 75 75 76 77 72 77 72 71 74 75 75 75 71 71 70 71 71 69 71 71 71 69 69 69 70 73 73 73 73 73 73 72 68 67 71 71 69 66 68 70 70 69 70 69 69 69 67 67 66 67 68 67 67 61 61 61 62 64 61 61 66 65 66 66 65 64 64 63 64 63 62 61 62 62 62 61 60 60 59
79 81 80 78 78 77 77 78 78 77 77 80 77 76 76 75 75 75 76 77 75 72 72 71 71 72 71 71 70 71 70 71 70 69 71 75 81 78 80 80 70 68 70 71 71 73 74 73 72 70 67 69 69 67 66 65 65 70 69 69 70 69 68 67 68 66 65 63 63 63 61 61 61 61 64 62 61 64 63 65 65 65 65 64 64 62 62 62 63 62 62 62 61 61 58 56
77 80 79 78 77 76 77 79 78 76 76 76 76 75 76 75 75 74 74 74 74 72 72 71 70 70 70 70 70 70 69 72 70 69 70 70 78 78 74 74 74 70 68 74 69 71 70 70 70 68 67 66 66 65 65 65 64 68 69 69 69 69 69 68 68 66 63 63 61 65 66 64 64 62 62 63 59 66 65 66 65 64 64 64 63 63 62 61 62 62 61 59 56 60 56 53
76 76 80 78 79 77 76 76 77 76 75 75 75 75 75 74 76 76 75 75 75 76 73 70 70 70 70 70 69 70 69 72 70 70 70 70 75 80 80 80 74 70 68 69 71 73 71 72 68 68 67 67 65 65 66 65 65 66 70 68 69 69 69 68 68 67 67 67 65 66 67 66 62 60 60 62 63 65 64 63 65 64 62 63 63 63 62 63 62 57 59 57 56 55 54 54
76 75 77 78 78 77 78 76 76 76 75 74 74 75 74 75 74 71 70 71 75 73 73 70 71 71 70 71 70 71 69 72 69 70 75 68 70 80 80 74 74 74 68 68 73 73 71 72 68 68 68 67 66 65 65 64 68 68 69 69 70 67 69 69 69 67 66 66 67 66 67 67 64 62 63 63 65 65 64 65 66 64 63 62 62 60 62 60 60 57 61 60 60 58 54 54
79 78 78 78 77 76 75 76 74 75 77 75 74 76 75 76 76 75 71 71 70 70 76 76 71 71 71 69 69 75 70 69 69 70 75 75 80 78 69 74 79 74 70 68 69 74 72 71 72 70 69 70 71 67 66 68 70 69 70 70 69 69 66 69 69 68 66 66 66 65 64 67 66 64 66 66 64 66 63 64 65 65 63 63 62 62 57 56 56 61 60 59 59 59 59 54
78 79 79 78 79 79 74 75 76 76 75 75 74 75 76 76 75 73 70 70 69 70 69 82 79 79 79 76 81 81 81 75 75 75 78 78 78 74 69 68 69 74 69 69 69 73 73 73 73 70 69 71 71 71 69 69 69 69 69 69 70 69 68 69 68 67 67 65 65 65 65 67 63 63 65 65 65 65 64 64 64 64 64 62 62 62 63 62 59 62 61 61 59 59 59 59
76 76 76 76 78 76 77 77 76 76 74 73 73 73 71 71 71 71 71 71 70 69 69 75 76 79 76 81 75 75 75 70 74 78 78 78 78 78 69 67 68 68 67 69 69 69 70 72 72 71 67 69 71 66 68 71 68 69 69 71 69 68 69 69 66 65 68 68 67 65 66 66 63 65 66 63 64 63 64 64 64 64 62 60 58 61 63 62 62 61 61 55 58 60 60 57
74 74 74 75 76 77 77 75 74 73 73 74 73 75 72 75 75 74 74 70 71 75 82 75 81 79 81 81 75 75 75 74 74 74 76 75 75 78 75 79 69 67 67 67 67 67 67 68 69 69 69 67 69 68 68 68 71 70 68 70 71 68 68 67 68 68 68 67 64 67 66 66 63 66 64 64 64 63 63 63 62 62 60 58 55 58 61 60 59 62 61 58 58 60 57 55
77 77 77 76 75 74 76 76 74 73 72 73 75 74 72 73 72 73 73 72 70 70 70 70 70 81 75 81 81 81 78 78 80 69 78 75 75 75 74 75 79 79 80 69 68 67 68 66 70 69 71 71 71 68 70 70 70 70 68 68 70 68 68 68 68 68 67 65 64 66 66 65 66 65 63 64 63 63 64 64 62 63 59 55 55 56 61 63 62 61 59 58 56 58 59 57
76 75 75 74 73 73 74 74 73 73 72 72 73 73 70 70 75 75 74 73 70 68 68 68 68 75 81 70 81 80 80 78 69 69 80 78 78 76 78 74 79 73 73 67 66 68 66 66 66 67 69 72 70 70 71 71 70 69 68 68 70 69 68 67 67 68 68 67 66 66 65 64 64 66 65 64 63 64 63 63 62 62 60 55 54 56 60 62 62 62 61 56 54 55 57 57
76 73 73 72 73 74 76 74 75 71 72 72 74 76 70 69 69 69 68 73 74 70 69 71 71 68 69 68 68 74 78 78 75 78 80 78 74 80 74 74 78 73 73 73 68 66 66 66 66 69 69 69 66 66 70 69 69 69 68 69 70 68 68 67 66 67 66 66 66 65 64 64 64 64 63 65 64 63 62 59 59 58 58 57 54 56 60 61 60 60 61 60 56 54 53 54
75 73 72 73 73 73 75 71 70 74 72 72 75 75 70 69 70 70 68 71 74 73 71 73 72 71 72 71 69 67 67 68 68 74 80 74 69 69 70 76 74 69 67 66 73 72 66 66 66 65 65 66 68 68 68 71 70 70 69 69 69 69 69 68 66 66 67 67 65 65 65 64 64 64 64 63 63 64 62 59 55 55 55 54 54 55 57 60 60 60 59 59 60 54 53 53
73 72 73 73 73 72 71 75 73 73 74 74 74 74 70 69 68 68 68 68 69 71 71 74 74 71 71 72 74 71 69 69 67 69 74 69 74 76 77 73 70 69 66 67 68 66 66 69 69 71 71 71 66 68 70 71 71 70 70 69 69 69 67 66 66 66 67 67 66 67 67 64 65 63 64 63 63 62 63 61 58 55 55 55 54 54 55 56 60 59 58 57 57 59 60 57
72 72 73 73 75 73 71 72 71 72 71 74 75 74 72 68 68 68 68 71 68 69 68 69 69 71 73 72 71 72 68 67 67 67 67 68 74 76 72 73 71 67 67 67 68 67 68 69 69 71 70 70 71 70 70 69 68 68 67 67 67 67 67 67 67 66 65 65 66 67 65 64 64 65 65 62 62 64 64 62 61 58 57 57 57 54 54 54 56 55 55 57 56 55 57 59
73 73 75 74 71 72 72 70 70 70 72 72 74 73 71 68 68 68 69 67 69 69 68 69 71 71 69 71 74 73 68 69 67 67 67 67 68 69 69 74 74 67 67 67 67 68 69 68 71 70 70 70 66 70 70 68 69 69 67 67 68 67 67 68 67 66 66 66 66 64 66 65 64 65 65 64 62 59 63 63 62 61 58 60 60 57 54 53 53 54 54 56 54 53 55 57
74 75 74 72 74 74 72 71 71 71 71 71 72 74 71 69 68 67 69 69 68 68 67 69 68 68 67 68 73 73 70 67 67 67 68 68 73 73 74 73 73 73 68 67 67 67 67 67 71 70 70 70 70 70 69 67 68 67 67 68 68 68 66 68 67 66 66 66 66 64 63 63 65 64 64 65 62 59 64 62 61 62 61 61 60 60 58 57 55 54 55 55 55 53 55 56
73 76 75 72 74 74 73 73 72 71 71 72 74 73 68 69 67 74 74 74 74 67 69 67 74 74 67 70 68 68 68 67 67 67 66 79 77 77 79 79 79 66 66 68 66 66 69 71 70 69 68 69 68 69 68 67 67 67 67 67 66 67 66 66 67 67 67 66 67 63 61 61 60 62 64 64 64 61 61 64 63 62 62 62 61 61 59 60 60 60 57 56 55 55 58 58
79 79 75 74 72 73 73 72 72 69 73 75 74 71 69 67 69 69 67 69 74 74 67 68 67 67 67 70 72 72 68 67 73 73 73 77 77 79 73 68 68 67 66 69 69 67 65 70 68 69 68 68 68 68 67 67 67 67 67 65 65 67 65 64 67 65 66 67 66 66 61 58 58 58 57 59 59 64 63 64 63 62 62 59 59 57 56 54 54 54 54 55 59 59 59 59
77 78 76 74 73 72 70 70 70 72 71 73 69 71 70 69 69 81 74 67 69 74 74 67 68 67 67 68 72 72 72 70 66 68 66 73 68 68 68 67 66 66 66 69 70 72 72 69 70 70 68 65 65 65 67 68 67 63 64 65 66 64 61 60 62 61 65 66 64 67 65 58 63 63 57 58 57 61 63 64 63 62 60 57 61 61 56 56 56 55 54 54 53 53 51 52
76 76 72 74 73 73 69 69 70 72 72 74 74 73 69 68 74 74 74 69 69 69 69 68 68 68 68 70 70 68 68 68 66 66 66 66 68 66 68 66 67 72 70 70 71 70 70 69 66 66 66 64 65 65 69 67 68 66 63 63 64 63 60 59 58 58 60 62 65 65 66 63 58 58 59 58 59 59 58 58 62 62 63 62 61 61 61 59 60 59 59 60 59 56 56 56
77 75 73 71 74 73 73 71 73 72 70 72 73 70 67 70 67 69 81 74 80 80 74 68 68 70 70 70 70 68 70 68 66 66 68 70 67 67 70 72 72 70 67 71 69 69 66 65 64 64 64 64 64 64 65 66 67 67 65 63 62 62 61 59 58 58 58 61 62 64 64 66 62 62 59 59 57 58 63 64 62 61 61 60 60 60 60 58 55 56 55 57 58 58 59 59
75 76 76 74 73 72 70 70 71 73 71 71 74 71 69 67 69 74 74 69 74 80 74 67 68 70 73 73 70 70 72 70 70 68 66 73 67 67 69 73 70 69 67 68 69 70 67 66 65 64 64 63 64 62 62 63 63 65 65 63 62 62 62 59 58 58 58 61 62 64 64 65 62 58 59 64 63 61 64 62 61 61 61 60 60 58 58 57 55 54 54 55 57 57 57 57
74 72 71 73 72 70 70 70 71 72 73 73 73 71 72 71 67 80 74 68 69 74 73 66 70 68 73 71 73 70 73 73 73 72 72 73 73 72 72 72 69 71 66 67 65 65 65 63 63 63 62 63 61 60 60 60 61 63 63 63 62 61 61 59 58 58 59 60 60 62 63 65 62 58 59 64 62 61 62 61 61 62 60 60 60 57 56 56 55 55 53 53 54 54 56 56
