ecocropFuture/tif/c6/rcp585/ACCESS-CM2/prec_11.asc
ncols        683
nrows        518
xllcorner    -87.691666666667
yllcorner    10.708333333333
cellsize     0.008333333333
NODATA_value  nan
[rows 440 to 483 of 518, columns 192 to 287 of 683]
nan nan nan nan nan nan nan nan nan nan nan nan 109 109 126 138 137 138 138 122 118 123 119 123 124 123 125 144 114 100 100 117 147 127 129 128 124 124 125 125 126 129 132 132 133 129 134 134 131 135 136 132 136 160 160 161 160 162 123 124 113 114 114 126 115 126 104 100 104 101 106 102 106 107 119 119 119 120 131 132 121 121 121 122 133 139 140 133 133 135 124 123 135 135 135 135
nan nan nan nan nan nan nan nan nan nan nan nan nan nan 138 121 138 138 140 141 118 126 123 124 124 124 123 126 134 111 112 117 136 129 127 128 129 130 130 135 131 127 131 133 132 133 135 135 135 131 136 137 136 146 147 161 128 148 128 124 124 125 125 131 152 132 127 116 104 105 117 106 106 118 135 119 120 120 131 132 121 132 133 133 133 140 140 133 135 141 135 135 135 141 143 137
nan nan nan nan nan nan nan nan nan nan nan nan nan nan nan nan 122 122 141 123 122 121 128 120 125 124 123 126 135 135 116 136 148 129 130 128 129 130 125 126 127 127 132 128 129 135 134 130 131 135 135 133 137 137 141 141 148 128 124 124 130 130 151 166 167 167 153 116 105 106 118 118 118 119 130 131 120 131 132 132 121 121 133 139 139 140 160 135 161 141 136 141 141 143 143 143
nan nan nan nan nan nan nan nan nan nan nan nan nan nan nan nan nan 122 121 122 122 122 123 124 124 125 125 124 125 125 126 126 127 129 131 131 130 130 130 130 131 137 142 144 144 145 134 130 135 138 139 136 137 140 162 142 163 164 164 151 131 130 153 167 167 148 147 154 156 135 130 129 156 157 130 132 137 137 137 121 121 122 133 134 140 161 162 141 176 176 142 163 163 177 143 178
nan nan nan nan nan nan nan nan nan nan nan nan nan nan nan nan nan nan 123 123 122 118 118 119 120 122 125 121 125 129 126 126 123 128 128 128 131 133 130 126 137 142 146 147 152 149 134 135 135 133 133 137 137 137 164 165 142 143 166 167 167 167 153 169 169 170 154 156 133 119 130 135 135 137 132 132 173 159 159 160 138 139 139 140 134 162 176 157 157 177 177 163 163 159 160 160
nan nan nan nan nan nan nan nan nan nan nan nan nan nan nan nan nan nan nan 144 121 122 123 128 124 124 125 125 121 122 126 127 123 123 128 128 130 125 126 128 128 132 128 139 147 154 148 132 132 137 137 136 137 137 142 142 143 151 167 144 168 167 169 154 155 170 170 156 135 135 135 135 130 130 132 138 159 159 160 160 176 139 139 140 177 162 177 177 177 177 179 178 159 160 156 156
nan nan nan nan nan nan nan nan nan nan nan nan nan nan nan nan nan nan nan nan nan 125 123 124 120 120 121 121 122 124 127 132 133 128 124 129 125 130 130 131 137 132 132 147 147 149 148 146 135 133 137 137 139 141 139 142 143 167 152 142 146 146 146 170 155 171 156 156 157 135 158 130 130 137 175 160 175 175 176 176 176 177 177 153 153 154 157 158 179 179 179 179 179 160 160 157
nan nan nan nan nan nan nan nan nan nan nan nan nan nan nan nan nan nan nan nan nan 125 125 147 123 124 125 126 136 136 138 137 138 128 135 135 135 130 130 131 128 137 137 144 147 149 148 149 146 137 134 137 135 142 142 140 167 144 168 146 169 170 170 171 171 149 156 157 135 158 136 135 130 137 176 176 176 176 176 156 156 156 156 153 154 157 179 158 158 180 180 155 180 180 161 157
nan nan nan nan nan nan nan nan nan nan nan nan nan nan nan nan nan nan nan nan nan nan 126 127 123 122 123 124 137 147 148 148 149 142 142 140 141 136 137 132 137 138 138 144 154 149 146 146 147 137 134 138 135 139 143 168 145 141 146 146 147 147 148 173 173 149 150 174 158 158 160 159 137 137 177 177 155 155 156 152 152 153 156 154 153 159 158 158 155 156 161 160 160 161 161 161
nan nan nan nan nan nan nan nan nan nan nan nan nan nan nan nan nan nan nan nan nan nan nan 123 120 122 125 123 137 140 152 151 141 141 141 154 151 144 142 137 138 143 144 148 148 149 148 146 150 147 137 135 135 139 140 140 170 141 142 142 143 143 144 144 149 150 146 151 151 160 160 137 160 177 150 150 151 151 151 152 153 152 153 153 154 155 158 159 156 156 156 156 161 156 161 159
nan nan nan nan nan nan nan nan nan nan nan nan nan nan nan nan nan nan nan nan nan nan nan 123 124 124 125 125 126 138 142 151 141 142 159 159 182 158 155 146 146 153 146 148 154 155 155 150 150 147 143 138 139 139 140 140 145 141 142 140 141 142 144 145 145 147 146 151 177 177 152 177 153 154 150 152 150 150 152 152 153 152 153 153 154 155 155 183 159 156 157 156 161 161 158 158
nan nan nan nan nan nan nan nan nan nan nan nan nan nan nan nan nan nan nan nan nan nan nan nan 136 151 125 125 125 123 133 141 141 140 155 154 142 158 182 160 143 158 159 154 148 149 146 150 150 151 138 138 139 136 140 138 141 141 140 147 148 143 142 143 145 147 146 147 147 178 178 153 154 154 150 152 151 152 157 157 152 153 154 154 155 155 155 155 155 156 157 156 161 158 159 159
nan nan nan nan nan nan nan nan nan nan nan nan nan nan nan nan nan nan nan nan nan nan nan nan nan nan 129 130 125 123 124 134 142 150 154 153 142 158 184 206 231 231 208 162 160 162 148 150 150 151 148 143 149 149 153 145 146 151 147 147 148 148 149 150 145 147 145 147 147 148 148 154 149 150 150 152 151 151 152 153 153 153 154 154 155 155 155 156 156 156 157 156 156 158 158 159
nan nan nan nan nan nan nan nan nan nan nan nan nan nan nan nan nan nan nan nan nan nan nan nan nan 110 130 130 132 127 128 127 139 139 143 152 142 160 161 208 245 245 245 234 186 145 155 156 156 157 151 152 158 158 148 159 160 155 161 161 162 170 163 158 151 147 146 145 146 147 147 149 149 151 149 151 151 151 151 154 154 153 153 154 154 154 155 155 156 157 157 157 158 158 159 164
nan nan nan nan nan nan nan nan nan nan nan nan nan nan nan nan nan nan nan nan nan nan nan nan nan nan nan 130 132 132 128 125 139 150 149 150 143 185 185 208 231 244 215 231 248 163 161 162 156 157 157 158 158 166 148 168 167 160 161 170 150 170 172 173 159 147 151 147 146 149 149 148 148 149 151 152 150 151 152 154 154 153 153 154 154 155 155 155 156 161 157 157 163 158 163 159
nan nan nan nan nan nan nan nan nan nan nan nan nan nan nan nan nan nan nan nan nan nan nan nan nan nan nan nan 116 141 142 129 125 139 143 155 156 145 184 183 232 245 233 233 233 235 164 162 162 157 157 164 158 148 148 168 167 150 170 167 169 168 168 169 172 159 160 160 152 147 147 148 149 149 151 152 151 152 152 154 154 154 154 154 154 155 155 156 156 161 162 161 166 163 163 159
nan nan nan nan nan nan nan nan nan nan nan nan nan nan nan nan nan nan nan nan nan nan nan nan nan nan nan nan nan 116 142 159 129 126 140 144 156 161 184 208 208 247 235 248 248 249 249 164 164 165 165 166 166 166 149 191 167 167 167 167 190 213 238 236 240 169 173 176 161 159 150 149 151 151 152 151 156 157 157 162 162 163 163 159 155 155 160 156 156 157 162 166 169 166 159 164
nan nan nan nan nan nan nan nan nan nan nan nan nan nan nan nan nan nan nan nan nan nan nan nan nan nan nan nan nan nan 133 133 134 134 130 135 143 155 145 162 208 210 235 207 216 236 237 249 249 212 237 212 238 191 191 191 215 240 216 215 235 215 199 251 178 220 242 218 196 154 162 159 159 151 152 152 156 157 157 159 162 163 166 170 170 170 165 165 156 162 166 166 166 166 159 168
nan nan nan nan nan nan nan nan nan nan nan nan nan nan nan nan nan nan nan nan nan nan nan nan nan nan nan nan nan nan nan 134 119 144 130 130 131 140 141 145 153 146 144 184 248 218 237 250 250 250 251 251 214 214 215 216 191 nan nan nan nan nan nan 375 327 254 240 243 220 178 168 159 159 163 164 164 161 161 163 163 166 169 169 173 173 173 167 169 169 162 162 167 169 170 168 168
nan nan nan nan nan nan nan nan nan nan nan nan nan nan nan nan nan nan nan nan nan nan nan nan nan nan nan nan nan nan nan nan 117 117 144 132 131 131 132 137 139 146 155 144 250 234 237 250 218 218 237 251 237 214 241 241 254 nan nan nan nan nan nan nan 411 283 190 245 220 155 179 162 163 163 164 169 176 169 176 175 175 174 156 175 156 173 171 165 166 162 166 169 167 173 170 171
nan nan nan nan nan nan nan nan nan nan nan nan nan nan nan nan nan nan nan nan nan nan nan nan nan nan nan nan nan nan nan nan nan 119 146 137 136 131 131 132 134 142 156 158 185 248 235 250 235 221 238 237 236 254 254 243 nan nan nan nan nan nan nan nan nan 330 209 220 196 197 155 168 163 161 168 169 176 176 155 175 175 174 156 175 175 173 167 161 161 162 166 171 171 170 170 171
nan nan nan nan nan nan nan nan nan nan nan nan nan nan nan nan nan nan nan nan nan nan nan nan nan nan nan nan nan nan nan nan nan 114 119 146 167 132 130 131 132 142 158 146 185 248 217 236 236 251 237 221 205 221 241 226 nan nan nan nan nan nan nan nan nan nan 209 220 196 197 155 178 178 178 178 178 175 175 156 175 175 174 174 156 173 172 167 165 161 166 166 167 170 170 173 173
nan nan nan nan nan nan nan nan nan nan nan nan nan nan nan nan nan nan nan nan nan nan nan nan nan nan nan nan nan nan nan nan nan nan 103 119 168 132 131 132 137 146 152 144 161 186 251 252 252 236 217 177 180 190 191 nan nan nan nan nan nan nan nan nan nan nan nan 218 196 196 197 155 173 174 174 174 175 198 198 175 175 175 175 156 175 173 171 171 169 169 172 169 170 170 170 158
nan nan nan nan nan nan nan nan nan nan nan nan nan nan nan nan nan nan nan nan nan nan nan nan nan nan nan nan nan nan nan nan nan nan 91 115 138 138 130 133 138 132 146 154 154 165 212 188 211 201 202 180 210 243 nan nan nan nan nan nan nan nan nan nan nan nan nan 242 259 245 246 245 197 198 198 222 222 199 199 199 200 199 221 176 176 157 176 176 171 171 171 171 157 177 158 158
nan nan nan nan nan nan nan nan nan nan nan nan nan nan nan nan nan nan nan nan nan nan nan nan nan nan nan nan nan nan nan nan nan nan nan 115 147 148 133 131 133 133 133 146 155 147 163 211 252 205 188 208 242 211 nan nan nan nan nan nan nan nan nan nan nan nan nan nan nan 178 179 224 243 248 222 249 248 222 222 222 248 260 248 248 222 200 176 199 221 223 177 200 200 177 200 200
nan nan nan nan nan nan nan nan nan nan nan nan nan nan nan nan nan nan nan nan nan nan nan nan nan nan nan nan nan nan nan nan nan nan nan nan 119 169 139 134 134 133 133 143 147 156 187 210 239 225 190 189 190 nan nan nan nan nan nan nan nan nan nan nan nan nan nan nan nan nan nan nan 181 209 228 245 244 227 227 244 228 227 227 227 189 243 225 261 261 261 248 259 222 222 222 223
nan nan nan nan nan nan nan nan nan nan nan nan nan nan nan nan nan nan nan nan nan nan nan nan nan nan nan nan nan nan nan nan nan nan nan nan 115 171 172 139 134 132 133 143 155 155 186 238 240 228 226 225 nan nan nan nan nan nan nan nan nan nan nan nan nan nan nan nan nan nan nan nan nan nan nan 228 244 227 190 228 210 190 190 189 189 189 177 188 208 226 242 241 248 248 248 223
nan nan nan nan nan nan nan nan nan nan nan nan nan nan nan nan nan nan nan nan nan nan nan nan nan nan nan nan nan nan nan nan nan nan nan 115 115 148 149 173 134 129 133 138 154 154 147 212 241 244 258 257 nan nan nan nan nan nan nan nan nan nan nan nan nan nan nan nan nan nan nan nan nan nan nan nan nan nan 189 210 190 179 179 209 209 209 239 177 188 209 226 242 261 248 248 201
nan nan nan nan nan nan nan nan nan nan nan nan nan nan nan nan nan nan nan nan nan nan nan nan nan nan nan nan nan nan nan nan nan nan nan nan 119 116 116 149 140 134 134 134 142 155 154 165 167 190 189 nan nan nan nan nan nan nan nan nan nan nan nan nan nan nan nan nan nan nan nan nan nan nan nan nan nan nan nan nan 210 240 240 240 239 281 281 240 240 178 189 226 209 226 243 262
nan nan nan nan nan nan nan nan nan nan nan nan nan nan nan nan nan nan nan nan nan nan nan nan nan nan nan nan nan nan nan nan nan nan nan nan nan nan 149 149 140 140 141 134 132 140 143 156 149 166 166 nan nan nan nan nan nan nan nan nan nan nan nan nan nan nan nan nan nan nan nan nan nan nan nan nan nan nan nan nan nan nan nan nan nan nan nan nan nan 239 207 176 188 209 243 227
nan nan nan nan nan nan nan nan nan nan nan nan nan nan nan nan nan nan nan nan nan nan nan nan nan nan nan nan nan nan nan nan nan nan nan nan nan nan nan nan 151 121 177 132 132 135 134 141 148 148 nan nan nan nan nan nan nan nan nan nan nan nan nan nan nan nan nan nan nan nan nan nan nan nan nan nan nan nan nan nan nan nan nan nan nan nan nan nan nan nan nan 251 238 188 209 209
nan nan nan nan nan nan nan nan nan nan nan nan nan nan nan nan nan nan nan nan nan nan nan nan nan nan nan nan nan nan nan nan nan nan nan nan nan nan nan nan nan nan 121 153 142 136 134 134 134 nan nan nan nan nan nan nan nan nan nan nan nan nan nan nan nan nan nan nan nan nan nan nan nan nan nan nan nan nan nan nan nan nan nan nan nan nan nan nan nan nan nan nan nan 251 206 206
nan nan nan nan nan nan nan nan nan nan nan nan nan nan nan nan nan nan nan nan nan nan nan nan nan nan nan nan nan nan nan nan nan nan nan nan nan nan nan nan nan nan nan nan nan 153 153 153 143 nan nan nan nan nan nan nan nan nan nan nan nan nan nan nan nan nan nan nan nan nan nan nan nan nan nan nan nan nan nan nan nan nan nan nan nan nan nan nan nan nan nan nan nan nan nan 429
nan nan nan nan nan nan nan nan nan nan nan nan nan nan nan nan nan nan nan nan nan nan nan nan nan nan nan nan nan nan nan nan nan nan nan nan nan nan nan nan nan nan nan nan nan nan nan nan nan nan nan nan nan nan nan nan nan nan nan nan nan nan nan nan nan nan nan nan nan nan nan nan nan nan nan nan nan nan nan nan nan nan nan nan nan nan nan nan nan nan nan nan nan nan nan nan
nan nan nan nan nan nan nan nan nan nan nan nan nan nan nan nan nan nan nan nan nan nan nan nan nan nan nan nan nan nan nan nan nan nan nan nan nan nan nan nan nan nan nan nan nan nan nan nan nan nan nan nan nan nan nan nan nan nan nan nan nan nan nan nan nan nan nan nan nan nan nan nan nan nan nan nan nan nan nan nan nan nan nan nan nan nan nan nan nan nan nan nan nan nan nan nan
nan nan nan nan nan nan nan nan nan nan nan nan nan nan nan nan nan nan nan nan nan nan nan nan nan nan nan nan nan nan nan nan nan nan nan nan nan nan nan nan nan nan nan nan nan nan nan nan nan nan nan nan nan nan nan nan nan nan nan nan nan nan nan nan nan nan nan nan nan nan nan nan nan nan nan nan nan nan nan nan nan nan nan nan nan nan nan nan nan nan nan nan nan nan nan nan
nan nan nan nan nan nan nan nan nan nan nan nan nan nan nan nan nan nan nan nan nan nan nan nan nan nan nan nan nan nan nan nan nan nan nan nan nan nan nan nan nan nan nan nan nan nan nan nan nan nan nan nan nan nan nan nan nan nan nan nan nan nan nan nan nan nan nan nan nan nan nan nan nan nan nan nan nan nan nan nan nan nan nan nan nan nan nan nan nan nan nan nan nan nan nan nan
nan nan nan nan nan nan nan nan nan nan nan nan nan nan nan nan nan nan nan nan nan nan nan nan nan nan nan nan nan nan nan nan nan nan nan nan nan nan nan nan nan nan nan nan nan nan nan nan nan nan nan nan nan nan nan nan nan nan nan nan nan nan nan nan nan nan nan nan nan nan nan nan nan nan nan nan nan nan nan nan nan nan nan nan nan nan nan nan nan nan nan nan nan nan nan nan
nan nan nan nan nan nan nan nan nan nan nan nan nan nan nan nan nan nan nan nan nan nan nan nan nan nan nan nan nan nan nan nan nan nan nan nan nan nan nan nan nan nan nan nan nan nan nan nan nan nan nan nan nan nan nan nan nan nan nan nan nan nan nan nan nan nan nan nan nan nan nan nan nan nan nan nan nan nan nan nan nan nan nan nan nan nan nan nan nan nan nan nan nan nan nan nan
nan nan nan nan nan nan nan nan nan nan nan nan nan nan nan nan nan nan nan nan nan nan nan nan nan nan nan nan nan nan nan nan nan nan nan nan nan nan nan nan nan nan nan nan nan nan nan nan nan nan nan nan nan nan nan nan nan nan nan nan nan nan nan nan nan nan nan nan nan nan nan nan nan nan nan nan nan nan nan nan nan nan nan nan nan nan nan nan nan nan nan nan nan nan nan nan
nan nan nan nan nan nan nan nan nan nan nan nan nan nan nan nan nan nan nan nan nan nan nan nan nan nan nan nan nan nan nan nan nan nan nan nan nan nan nan nan nan nan nan nan nan nan nan nan nan nan nan nan nan nan nan nan nan nan nan nan nan nan nan nan nan nan nan nan nan nan nan nan nan nan nan nan nan nan nan nan nan nan nan nan nan nan nan nan nan nan nan nan nan nan nan nan
nan nan nan nan nan nan nan nan nan nan nan nan nan nan nan nan nan nan nan nan nan nan nan nan nan nan nan nan nan nan nan nan nan nan nan nan nan nan nan nan nan nan nan nan nan nan nan nan nan nan nan nan nan nan nan nan nan nan nan nan nan nan nan nan nan nan nan nan nan nan nan nan nan nan nan nan nan nan nan nan nan nan nan nan nan nan nan nan nan nan nan nan nan nan nan nan
nan nan nan nan nan nan nan nan nan nan nan nan nan nan nan nan nan nan nan nan nan nan nan nan nan nan nan nan nan nan nan nan nan nan nan nan nan nan nan nan nan nan nan nan nan nan nan nan nan nan nan nan nan nan nan nan nan nan nan nan nan nan nan nan nan nan nan nan nan nan nan nan nan nan nan nan nan nan nan nan nan nan nan nan nan nan nan nan nan nan nan nan nan nan nan nan
nan nan nan nan nan nan nan nan nan nan nan nan nan nan nan nan nan nan nan nan nan nan nan nan nan nan nan nan nan nan nan nan nan nan nan nan nan nan nan nan nan nan nan nan nan nan nan nan nan nan nan nan nan nan nan nan nan nan nan nan nan nan nan nan nan nan nan nan nan nan nan nan nan nan nan nan nan nan nan nan nan nan nan nan nan nan nan nan nan nan nan nan nan nan nan nan
