ecocropFuture/tif/c6/rcp585/ACCESS-CM2/prec_6.asc
ncols        683
nrows        518
xllcorner    -87.691666666667
yllcorner    10.708333333333
cellsize     0.008333333333
NODATA_value  nan
[rows 42 to 83 of 518, columns 282 to 375 of 683]
nan nan nan nan nan nan nan nan nan nan nan nan nan nan nan nan nan nan nan nan nan nan nan nan nan nan nan nan nan nan nan nan nan nan nan 340 346 346 348 350 354 349 347 348 350 350 352 353 353 353 354 356 357 356 356 357 359 360 360 360 361 361 362 362 364 364 365 365 367 369 367 368 368 368 369 370 372 372 373 373 374 375 375 375 376 nan nan nan nan nan nan nan nan nan
nan nan nan nan nan nan nan nan nan nan nan nan nan nan nan nan nan nan nan nan nan nan nan nan nan nan nan nan nan nan nan nan nan nan 339 339 348 351 351 348 347 348 347 348 349 349 354 353 354 353 355 356 357 356 356 357 359 359 361 360 361 362 362 364 364 366 365 365 367 370 367 368 369 369 369 370 371 371 371 372 374 376 376 375 375 377 377 377 nan nan nan nan nan nan
nan nan nan nan nan nan nan nan nan nan nan nan nan nan nan nan nan nan nan nan nan nan nan nan nan nan nan nan nan nan nan nan nan nan 339 340 342 343 345 347 347 348 347 348 349 350 352 352 353 354 355 356 358 358 357 357 360 361 361 361 361 362 364 364 365 366 366 366 367 367 369 368 369 370 370 370 371 371 372 372 373 376 375 376 377 378 377 377 379 379 380 380 380 380
nan nan nan nan nan nan nan nan nan nan nan nan nan nan nan nan nan nan nan nan nan nan nan nan nan nan nan nan nan nan nan nan nan nan nan 340 341 342 343 344 345 348 347 348 349 350 351 352 352 354 355 356 356 357 358 358 361 363 364 363 362 364 364 367 366 366 366 366 367 367 367 369 369 369 370 370 371 372 372 373 374 373 375 375 377 377 379 377 379 379 380 380 381 382
nan nan nan nan nan nan nan nan nan nan nan nan nan nan nan nan nan nan nan nan nan nan nan nan nan nan nan nan nan nan nan nan nan nan nan nan 342 343 344 347 348 347 348 352 355 352 353 352 353 354 355 356 357 357 358 358 361 362 362 362 362 364 365 366 366 366 366 367 369 370 371 370 369 370 370 370 372 372 373 374 374 377 377 376 376 377 377 379 379 380 380 381 382 382
nan nan nan nan nan nan nan nan nan nan nan nan nan nan nan nan nan nan nan nan nan nan nan nan nan nan nan nan nan nan nan nan nan nan nan nan nan 343 343 345 345 347 349 349 352 353 353 354 354 354 355 358 359 357 358 359 360 361 361 362 363 365 365 366 366 367 366 367 369 370 370 370 369 370 373 371 373 373 374 374 374 376 376 377 378 378 380 379 380 381 381 381 382 384
nan nan nan nan nan nan nan nan nan nan nan nan nan nan nan nan nan nan nan nan nan nan nan nan nan nan nan nan nan nan nan nan nan nan nan nan 343 344 347 345 349 348 348 349 350 353 354 353 354 354 355 358 358 358 360 360 361 362 362 362 363 365 365 365 367 367 368 368 369 369 370 370 370 371 373 374 374 375 376 378 376 376 376 376 378 379 380 380 380 380 382 382 384 385
nan nan nan nan nan nan nan nan nan nan nan nan nan nan nan nan nan nan nan nan nan nan nan nan nan nan nan nan nan nan nan nan nan nan nan 340 343 347 344 345 348 348 349 352 352 353 354 355 354 355 355 357 358 359 359 362 362 361 363 364 364 366 366 365 365 366 366 368 370 371 369 370 370 371 371 373 374 376 378 378 378 377 377 378 378 378 380 380 381 381 382 384 385 386
nan nan nan nan nan nan nan nan nan nan nan nan nan nan nan nan nan nan nan nan nan nan nan nan nan nan nan nan nan nan nan nan nan nan nan nan 344 348 345 345 347 349 348 349 350 352 353 354 354 355 357 357 358 359 362 362 363 362 363 365 367 367 366 366 366 366 368 369 370 372 371 370 371 371 373 374 374 375 378 378 379 378 377 378 378 378 380 380 381 383 382 382 385 385
nan nan nan nan nan nan nan nan nan nan nan nan nan nan nan nan nan nan nan nan nan nan nan nan nan nan nan nan nan nan nan nan nan nan nan nan nan 345 349 348 348 348 348 349 352 353 353 353 357 358 357 358 358 360 362 362 362 361 363 365 365 367 366 366 367 367 369 372 372 370 370 371 371 373 373 376 374 375 376 376 378 379 379 378 380 379 381 380 381 383 383 382 382 384
nan nan nan nan nan nan nan nan nan nan nan nan nan nan nan nan nan nan nan nan nan nan nan nan nan nan nan nan nan nan nan nan nan nan nan nan 347 351 352 352 349 348 349 350 350 352 353 354 357 357 357 358 359 363 363 362 362 362 362 363 364 365 366 366 367 368 370 372 373 372 371 371 375 375 376 376 375 375 375 378 379 378 378 378 379 379 380 381 382 382 382 384 385 384
nan nan nan nan nan nan nan nan nan nan nan nan nan nan nan nan nan nan nan nan nan nan nan nan 335 339 336 nan nan nan nan nan nan nan nan 343 346 346 348 349 350 351 353 351 352 353 354 355 355 357 360 359 362 362 363 363 362 362 363 364 364 366 367 367 368 368 370 370 371 371 371 374 375 375 376 375 375 375 375 376 378 378 378 380 382 379 381 382 383 384 383 384 387 387
nan nan nan nan nan nan nan nan nan nan nan nan nan nan nan nan nan nan nan nan nan nan 330 332 333 333 336 337 nan nan nan nan nan nan 345 350 348 346 347 348 348 348 351 352 354 352 353 354 355 357 358 360 362 363 359 360 361 362 364 364 364 365 367 367 368 369 370 370 371 371 372 374 376 375 376 376 376 376 376 376 378 378 379 379 380 383 382 382 382 382 383 385 385 386
nan nan nan nan nan nan nan nan nan nan nan nan nan nan nan nan nan nan nan nan nan nan 331 333 333 333 336 337 340 nan nan nan nan 342 344 353 352 350 349 348 348 351 352 353 354 355 354 354 355 357 357 358 358 360 360 362 362 363 364 364 366 367 368 369 368 371 370 371 371 371 372 374 377 375 376 375 375 376 376 378 378 379 382 380 382 383 383 383 383 383 383 385 386 386
nan nan nan nan nan nan nan nan nan nan nan nan nan nan nan nan nan nan nan nan nan nan nan 331 332 333 337 338 344 341 340 346 344 345 342 347 349 348 348 347 350 353 354 356 357 357 357 357 355 357 358 358 359 359 362 362 363 363 363 364 367 371 372 373 368 371 372 371 372 373 373 375 376 375 375 376 376 378 378 379 379 380 380 385 384 383 383 384 384 384 385 386 387 386
nan nan nan nan nan nan nan nan nan nan nan nan nan nan nan nan nan nan nan nan nan nan nan 332 333 334 336 338 339 340 340 347 345 349 345 346 349 348 347 349 348 349 358 354 353 354 357 358 355 357 357 358 359 360 362 362 363 363 363 364 368 375 376 377 374 371 371 374 374 373 373 374 375 376 378 379 379 380 379 379 379 380 382 382 383 384 387 387 385 385 385 386 386 386
nan nan nan nan nan nan nan nan nan nan nan nan nan nan nan nan nan nan nan nan nan nan nan 332 333 334 336 338 341 343 344 342 345 346 345 352 347 347 347 348 350 352 351 352 354 354 356 356 357 357 358 358 359 361 362 362 364 363 364 366 367 371 377 379 373 371 372 372 372 373 373 376 377 378 382 383 387 383 379 380 380 380 382 382 383 384 385 385 385 385 385 387 387 387
nan nan nan nan nan nan nan nan nan nan nan nan nan nan nan nan nan nan nan nan nan nan nan 334 334 334 340 338 341 341 341 343 342 344 344 347 346 347 350 348 349 349 351 353 353 356 359 358 358 357 358 359 361 362 364 363 363 363 366 366 368 369 374 375 373 371 372 372 374 376 373 376 376 378 381 384 389 385 379 382 380 382 384 385 383 384 385 387 387 385 387 389 389 389
nan nan nan nan nan nan nan nan nan nan nan nan nan nan nan nan nan nan nan nan nan nan nan nan 333 334 338 339 339 339 340 343 346 347 345 345 346 347 348 348 349 351 353 353 353 356 357 356 357 358 359 359 361 361 362 362 364 366 368 369 368 374 372 371 373 372 372 373 374 377 377 382 383 379 379 382 382 383 381 380 381 382 383 383 384 386 388 388 387 388 389 390 390 390
nan nan nan nan nan nan nan nan nan nan nan nan nan nan nan nan nan nan nan nan nan nan nan 333 333 334 339 341 343 344 344 343 346 347 345 345 347 347 348 349 349 351 352 352 353 354 357 357 357 358 359 359 361 362 362 365 367 368 371 376 374 374 379 380 381 381 382 379 379 380 381 391 391 384 382 381 381 381 385 382 382 382 383 383 384 387 387 388 388 389 389 392 390 390
nan nan nan nan nan nan nan nan nan nan nan nan nan nan nan nan nan nan nan nan nan nan nan 333 335 336 337 345 346 347 345 346 344 349 345 345 347 347 349 350 349 351 352 352 353 355 357 357 359 360 364 363 362 363 365 372 372 370 376 377 377 379 373 380 385 382 389 389 388 385 381 391 397 388 393 385 383 382 385 385 382 384 383 384 384 386 388 390 388 389 388 392 392 389
nan nan nan nan nan nan nan nan nan nan nan nan nan nan nan nan nan nan nan nan nan nan nan 333 335 337 339 346 343 344 343 344 348 352 350 348 347 348 348 349 351 353 352 353 354 354 356 357 358 358 360 362 364 365 369 377 380 375 376 374 382 383 379 379 386 387 387 384 381 386 382 388 392 389 396 394 386 387 385 385 388 386 385 384 385 386 388 390 389 389 390 389 390 390
nan nan nan nan nan nan nan nan nan nan nan nan nan nan nan nan nan nan nan nan nan nan 337 338 339 338 339 340 344 348 343 342 345 349 350 346 347 348 349 349 351 352 353 353 354 354 357 357 359 359 360 363 367 369 370 378 379 382 385 382 383 387 389 389 388 389 391 385 381 379 382 388 389 383 385 390 383 385 388 388 388 390 385 385 385 386 387 391 391 391 390 390 393 394
nan nan nan nan nan nan nan nan nan nan nan nan nan nan nan nan nan nan nan nan nan 340 344 339 338 338 339 340 341 345 346 346 345 359 360 349 350 349 349 350 350 352 352 353 354 356 357 357 360 361 369 371 372 377 373 370 376 376 377 378 378 384 387 391 391 390 388 392 389 382 384 382 385 390 384 391 388 386 386 389 389 387 385 385 388 390 388 389 392 392 391 392 394 394
nan nan nan nan nan nan nan nan nan nan nan nan nan nan nan nan nan nan nan nan 332 332 334 337 338 337 337 338 339 345 344 351 358 359 362 359 353 351 349 350 350 352 353 356 360 361 361 362 364 365 374 378 377 380 378 381 369 372 378 383 389 387 387 386 394 392 394 389 387 381 378 382 383 386 384 384 388 394 394 399 390 391 388 385 386 386 390 391 390 391 391 390 393 394
nan nan nan nan nan nan nan nan nan nan nan nan nan nan nan nan nan nan nan 330 333 334 334 334 337 337 337 338 341 343 344 345 349 350 351 356 353 349 349 350 353 353 362 367 364 365 366 367 365 376 377 380 381 382 380 381 379 374 378 383 384 389 387 390 395 394 391 386 389 387 387 382 383 386 388 385 386 389 390 390 391 391 388 387 387 390 391 391 395 391 391 390 393 394
nan nan nan nan nan nan nan nan nan nan nan nan nan nan nan nan nan nan nan 329 336 338 334 335 335 337 340 342 343 346 344 344 349 353 354 356 350 349 350 350 351 353 359 363 361 370 372 373 374 379 377 379 378 380 379 384 384 378 374 379 385 390 388 391 394 396 393 389 393 391 396 392 390 391 388 385 387 390 388 388 391 390 387 387 388 388 389 389 392 392 391 392 392 392
nan nan nan nan nan nan nan nan nan nan nan nan nan nan nan nan nan nan 328 329 334 338 337 335 337 338 340 344 345 349 345 345 346 354 356 360 354 350 350 350 351 353 353 360 364 362 372 375 376 380 380 381 382 381 382 387 386 383 384 389 389 389 389 389 391 395 395 392 391 394 395 392 394 397 389 385 387 388 388 389 389 392 387 387 390 388 391 390 392 392 391 392 392 393
nan nan nan nan nan nan nan nan nan nan nan nan nan nan nan nan nan nan 332 333 334 335 337 338 339 339 347 348 349 351 347 349 353 359 360 357 354 349 350 351 351 353 354 355 361 362 361 369 374 377 381 380 380 381 384 386 382 383 382 386 389 389 389 388 389 390 392 394 392 394 394 398 391 392 393 390 388 391 391 389 389 390 390 387 391 392 389 390 392 393 391 392 392 393
nan nan nan nan nan nan nan nan nan nan nan nan nan nan nan nan nan 334 332 335 337 339 339 340 346 342 354 355 353 351 352 357 358 359 360 357 354 349 350 350 351 353 354 358 370 374 368 365 366 364 372 380 381 385 388 386 377 371 382 379 377 375 383 384 381 389 391 392 392 389 395 397 392 393 393 390 391 391 387 393 393 388 388 391 391 392 390 391 390 397 395 392 394 396
nan nan nan nan nan nan nan nan nan nan nan nan nan nan nan nan nan 332 332 332 332 334 335 338 346 353 357 359 349 351 356 360 359 351 349 350 349 349 351 353 354 354 355 364 374 372 368 369 371 372 368 366 374 380 386 384 378 375 378 372 375 373 373 374 381 381 388 392 393 394 395 392 389 389 390 394 396 397 387 387 388 388 391 394 395 392 391 390 390 391 391 393 393 394
nan nan nan nan nan nan nan nan nan nan nan nan nan nan nan nan nan 332 333 334 337 339 340 341 346 354 358 358 359 358 361 360 361 356 350 351 350 350 350 355 351 356 360 361 362 363 369 371 371 372 373 374 380 381 376 377 379 373 379 386 382 379 380 378 379 386 392 394 394 399 392 388 389 390 386 396 402 397 388 390 389 390 392 395 392 390 393 393 395 392 399 396 396 394
nan nan nan nan nan nan nan nan nan nan nan nan nan nan nan nan 327 328 333 336 342 344 344 345 339 347 355 356 356 358 359 360 361 352 350 348 350 353 351 351 353 354 361 362 363 361 369 375 367 368 364 370 371 377 372 371 371 373 381 377 381 379 384 381 382 380 388 388 394 396 396 392 392 393 390 391 393 397 390 388 389 388 392 390 391 390 391 391 392 393 396 400 405 401
nan nan nan nan nan nan nan nan nan nan nan nan nan nan nan nan 328 329 332 337 347 348 340 346 342 344 350 350 354 355 358 359 360 352 348 349 349 353 351 351 353 355 361 362 363 359 366 371 367 368 366 371 376 372 373 371 370 370 376 374 381 376 381 379 378 380 385 394 400 402 396 396 392 393 396 397 393 394 398 387 389 388 388 390 390 391 393 392 391 392 393 401 405 412
nan nan nan nan nan nan nan nan nan nan nan nan nan nan nan 329 331 331 331 333 337 344 340 339 340 341 350 350 354 352 348 355 356 357 350 349 349 350 351 351 353 355 361 362 363 361 366 367 367 365 366 368 369 368 370 374 376 371 374 377 375 378 381 382 380 380 389 389 397 402 400 391 388 393 388 392 393 390 390 390 389 388 390 391 390 393 393 395 392 392 393 402 407 402
nan nan nan nan nan nan nan nan nan nan nan nan nan nan 326 328 328 329 332 332 333 337 341 342 344 348 350 354 346 358 358 355 351 352 353 349 353 351 353 355 359 361 362 362 364 364 363 361 365 373 380 381 372 373 379 371 370 371 373 374 379 390 390 387 392 396 385 391 391 406 404 399 390 388 386 392 393 390 391 395 391 393 396 396 390 395 395 395 393 392 395 399 402 403
nan nan nan nan nan nan nan nan nan nan nan nan nan 327 327 327 328 333 332 333 335 337 341 342 338 338 339 340 342 344 359 360 349 350 350 351 356 362 358 356 364 366 356 356 358 359 361 361 368 366 367 371 372 384 387 385 381 382 377 377 379 381 386 391 390 397 399 396 397 392 394 402 394 397 389 390 390 391 391 396 401 391 393 394 391 391 392 396 395 395 396 396 400 400
nan nan nan nan nan nan nan nan nan nan nan nan nan 327 329 334 338 335 336 335 335 335 339 338 338 339 340 340 342 343 345 348 346 350 354 354 356 354 355 356 357 359 360 356 358 360 361 361 361 366 371 372 372 378 379 375 381 385 385 386 383 386 387 383 379 389 391 387 399 393 386 386 393 401 392 393 405 405 406 397 393 393 392 391 392 393 393 393 395 402 403 397 409 416
nan nan nan nan nan nan nan nan nan nan nan nan nan nan nan 330 335 340 341 337 333 335 337 337 338 339 339 342 342 343 345 349 349 350 351 352 362 357 358 356 355 355 356 358 358 359 360 361 361 366 375 377 378 379 385 375 386 390 389 389 387 386 388 383 384 383 383 387 388 386 389 391 385 389 392 393 401 406 399 402 397 394 395 395 399 399 397 397 406 407 414 409 410 420
nan nan nan nan nan nan nan nan nan nan nan nan nan nan nan nan 332 333 346 343 334 334 337 337 338 339 340 340 342 344 345 346 349 358 351 352 362 358 354 357 357 355 356 361 360 359 360 361 363 369 381 382 384 385 380 372 382 382 382 387 383 384 383 389 384 381 383 381 388 386 386 388 388 386 393 393 405 410 408 396 398 392 393 399 399 400 402 402 417 420 414 416 417 418
nan nan nan nan nan nan nan nan nan nan nan nan nan nan nan nan 335 333 337 338 340 335 342 340 338 339 340 342 342 344 344 349 352 359 359 360 370 370 359 359 356 355 356 358 360 360 361 361 364 371 382 384 384 379 375 381 375 382 382 389 391 392 388 389 390 386 387 385 388 395 385 385 386 386 393 393 401 408 409 397 398 394 392 393 394 400 407 407 414 418 422 424 422 419
nan nan nan nan nan nan nan nan nan nan nan nan nan nan nan nan nan 336 334 338 336 335 336 340 339 339 340 340 341 344 344 346 350 351 354 366 369 369 363 364 356 357 356 358 360 361 362 365 369 375 376 373 370 368 370 374 386 391 392 393 396 395 397 398 390 383 384 394 401 395 390 386 386 387 389 391 401 397 394 395 393 393 392 392 393 393 396 403 403 415 423 424 425 423
