ecocropFuture/tif/c6/rcp585/ACCESS-CM2/prec_4.asc
ncols        683
nrows        518
xllcorner    -87.691666666667
yllcorner    10.708333333333
cellsize     0.008333333333
NODATA_value  nan
[rows 153 to 203 of 518, columns 288 to 383 of 683]
53 54 54 54 54 55 56 55 58 59 58 62 61 60 61 59 57 60 62 62 63 61 62 67 68 69 72 72 70 68 67 66 65 66 68 71 72 65 61 60 56 58 56 55 54 54 54 54 54 55 55 54 54 54 54 52 51 52 52 52 53 55 54 58 59 67 66 60 57 57 60 57 57 61 64 67 70 67 65 65 65 65 65 66 65 65 66 67 71 72 69 71 72 67 67 68
55 54 54 54 54 55 56 58 59 59 59 58 58 57 57 59 57 56 56 58 59 64 64 65 65 67 68 68 67 68 68 66 67 66 67 70 68 66 64 62 61 58 56 55 55 54 54 54 55 55 54 53 53 54 50 50 51 50 51 52 52 52 55 55 56 64 63 56 55 56 56 55 56 59 66 67 71 68 67 64 67 67 65 66 66 64 65 74 66 72 72 73 69 68 69 70
56 59 57 54 54 54 56 59 60 61 60 57 55 58 58 56 57 56 58 59 63 63 66 67 66 65 67 67 66 68 68 66 62 66 67 67 69 66 64 61 57 55 54 55 55 54 54 54 53 54 54 53 50 50 50 51 51 50 51 50 53 50 53 53 54 55 57 56 56 55 54 54 58 61 65 65 67 70 71 67 67 66 65 65 68 64 64 64 66 71 69 70 72 71 68 66
57 59 54 53 52 54 56 59 62 63 61 58 57 56 56 56 57 58 59 62 62 65 66 67 67 67 68 68 67 68 69 67 63 62 64 68 67 65 66 61 56 54 55 57 54 53 54 53 53 53 53 53 50 49 49 49 50 50 50 51 50 48 52 51 55 56 56 57 57 60 57 53 54 60 61 61 61 63 65 64 63 63 64 65 64 67 64 64 64 68 70 71 70 69 70 66
57 56 55 53 53 54 57 58 62 61 60 58 57 59 58 58 56 56 58 61 63 62 64 65 69 67 68 68 69 68 68 65 63 60 73 69 74 68 60 64 56 54 55 57 54 53 54 53 53 53 53 52 50 50 49 49 50 49 50 50 50 48 50 50 52 53 53 56 56 59 55 53 56 62 62 59 58 59 61 63 63 61 63 64 64 64 67 66 64 64 69 68 70 68 69 67
55 55 54 53 53 55 57 59 58 59 60 57 56 58 58 55 57 56 58 61 62 63 64 65 69 67 68 68 68 68 68 66 61 66 70 71 71 69 67 60 55 54 53 56 54 53 53 53 53 52 52 52 52 50 49 49 48 50 48 48 48 48 48 50 49 50 50 53 54 55 52 54 57 61 62 62 60 59 56 57 57 58 58 63 63 64 65 65 68 67 64 69 67 70 70 67
53 51 50 51 51 53 58 58 58 55 59 56 55 55 57 57 55 56 57 61 61 64 67 68 66 68 70 69 70 69 64 61 59 66 69 66 65 66 62 68 59 53 54 54 53 53 52 52 52 52 52 52 52 52 50 49 49 48 49 49 48 48 48 51 52 49 50 50 50 52 52 52 57 60 61 59 62 61 58 56 56 58 61 63 63 64 64 65 67 67 63 68 67 69 69 65
50 49 49 49 51 53 56 56 60 57 56 56 56 55 53 54 55 57 57 60 63 64 67 70 68 66 66 67 66 67 63 66 68 69 65 64 65 63 63 59 53 55 55 54 52 52 52 52 50 49 52 52 52 52 52 50 49 49 49 49 46 46 47 49 51 50 49 51 53 55 56 55 56 57 57 57 62 64 61 57 56 57 57 62 63 63 64 64 64 64 65 66 66 65 65 69
48 49 48 49 50 53 57 51 57 56 54 54 54 53 52 53 53 55 56 58 60 64 67 68 71 71 69 66 64 62 61 60 60 64 64 67 69 69 66 65 55 54 57 54 53 53 52 52 51 52 53 52 50 51 51 51 50 49 48 50 49 46 46 49 49 50 49 51 54 55 56 56 56 57 57 58 59 60 59 59 58 57 59 58 58 60 62 64 64 64 64 63 64 65 65 66
48 48 48 50 53 55 57 55 53 53 54 53 53 54 52 54 54 55 56 59 61 63 67 69 69 69 70 69 65 62 59 57 59 63 65 68 69 69 61 55 54 57 58 56 54 52 51 50 52 53 53 52 52 51 51 50 50 48 48 48 48 47 48 49 50 50 49 51 53 54 53 53 57 58 59 58 59 59 60 60 57 60 61 62 62 62 62 63 64 64 64 63 64 66 70 68
47 47 50 50 51 55 58 58 55 53 53 53 52 52 54 55 56 56 57 59 63 62 63 66 67 70 69 64 62 62 59 57 56 57 69 67 68 66 60 54 53 53 57 56 56 53 51 48 50 53 53 53 50 48 49 52 51 50 48 48 48 46 47 48 50 50 49 54 52 53 53 53 57 61 61 59 59 59 60 60 60 60 63 61 62 62 63 64 63 63 63 63 63 68 65 65
47 48 49 52 50 53 56 56 53 53 53 53 52 52 54 57 57 59 56 58 65 62 63 65 66 66 64 62 60 58 58 58 56 60 61 61 62 60 59 54 54 53 54 54 54 54 52 48 48 53 52 52 51 48 48 51 52 51 48 49 48 46 48 48 49 50 50 54 57 59 56 56 56 59 59 62 62 59 59 60 60 62 65 63 62 62 62 63 64 64 63 64 65 67 63 63
49 49 48 50 49 50 53 54 53 52 51 52 52 53 57 54 55 54 56 59 60 61 60 59 60 62 59 57 57 56 56 58 57 59 55 55 55 53 52 53 53 53 56 56 54 53 52 49 48 52 52 49 48 47 47 47 49 50 51 49 48 46 48 49 49 49 51 54 56 57 57 57 56 58 59 60 64 63 63 61 59 61 65 65 62 62 62 62 64 63 63 67 66 65 67 67
48 51 53 49 49 51 51 55 56 56 54 52 52 54 55 53 54 53 56 62 65 61 61 59 56 55 56 56 56 56 55 56 55 54 55 54 53 52 54 52 55 57 54 52 52 50 48 49 49 49 49 48 47 45 45 45 46 50 49 46 46 46 48 49 49 50 50 51 54 56 56 54 56 56 61 66 65 66 67 64 61 60 61 62 62 62 62 61 63 63 63 63 63 64 65 66
49 51 55 52 49 48 50 53 58 57 53 51 51 52 53 57 55 54 56 57 58 58 59 60 56 55 54 54 54 54 60 56 53 55 54 53 52 52 53 53 56 56 54 52 52 51 49 48 48 48 46 47 46 45 45 45 48 51 50 48 48 46 47 48 48 49 51 54 54 52 56 56 56 57 57 59 66 66 66 62 61 61 61 62 62 62 62 61 62 64 63 63 63 63 63 65
47 47 48 47 50 51 52 52 55 54 49 51 51 52 53 57 56 57 61 68 62 61 56 57 55 54 54 53 55 54 65 62 63 59 52 54 52 52 53 52 52 56 54 53 52 51 51 49 48 48 46 46 46 46 46 46 48 51 50 49 48 47 49 50 50 50 52 51 50 50 51 55 55 57 57 58 60 64 68 63 62 63 62 64 64 64 62 63 63 63 63 63 64 63 63 63
47 46 47 47 49 53 54 53 53 52 51 51 51 51 52 54 57 59 64 68 67 61 56 55 57 56 55 55 54 54 63 63 60 63 53 52 52 52 52 53 53 54 54 53 51 51 51 50 49 48 46 46 46 48 47 46 48 47 49 47 46 47 49 51 50 50 50 51 51 50 51 51 52 56 57 57 58 65 64 63 64 65 63 65 66 64 63 62 62 63 63 63 63 65 63 63
46 46 46 48 51 52 53 54 53 52 51 50 50 51 52 54 58 58 65 67 69 59 56 55 55 57 59 56 54 53 54 63 59 58 51 52 55 53 52 53 54 56 56 52 51 49 51 52 52 48 47 46 46 47 48 47 47 46 46 46 46 46 47 51 50 50 49 49 50 50 50 51 52 57 58 57 58 59 60 61 62 65 65 65 63 64 64 64 63 63 63 63 63 63 63 64
44 45 47 51 54 53 54 57 55 53 50 50 52 55 55 57 57 57 65 66 63 56 56 56 56 57 59 55 54 53 54 58 56 53 52 55 53 55 53 53 53 52 52 52 49 47 47 50 52 48 48 48 47 47 48 49 47 47 45 45 45 46 46 47 49 47 47 47 47 48 50 52 51 52 54 58 58 59 59 60 62 64 65 60 61 61 63 65 63 63 63 66 65 63 65 64
44 45 48 50 54 52 55 60 58 54 50 51 54 52 52 52 54 60 60 64 55 56 57 59 65 60 58 55 57 55 55 54 53 54 53 55 52 52 51 51 51 52 51 51 48 48 47 49 48 46 46 48 48 48 48 49 49 49 47 45 45 45 46 47 50 48 48 49 50 48 50 51 51 52 52 58 58 58 59 59 61 65 65 60 64 64 64 63 62 63 66 66 63 66 65 67
45 45 49 50 50 52 57 56 55 55 51 54 54 53 52 53 60 62 60 61 55 55 60 61 64 65 61 56 56 57 53 52 52 53 56 52 51 51 51 51 51 51 51 47 47 47 47 47 48 47 48 48 48 45 45 46 48 48 48 46 46 46 46 48 49 51 50 49 50 51 49 51 52 52 52 56 57 58 58 59 60 64 62 64 62 61 62 63 62 62 63 63 63 63 63 63
45 47 48 49 49 50 54 55 55 54 53 52 54 54 53 53 57 58 58 64 60 59 58 57 61 61 61 60 63 60 55 52 51 55 53 53 51 51 51 51 51 51 49 48 48 48 49 49 48 47 47 48 49 48 47 46 47 46 48 47 46 46 45 47 48 50 50 51 51 52 55 56 55 52 54 56 57 57 59 59 59 61 65 65 63 61 61 61 62 62 63 63 60 61 63 63
48 48 50 48 49 50 53 52 53 53 54 54 56 56 53 54 56 59 60 61 63 64 63 58 56 59 60 58 61 56 54 52 51 55 51 51 51 51 51 51 51 51 49 47 47 49 49 48 48 47 48 47 48 48 47 47 46 46 47 46 46 47 48 49 50 51 50 52 55 56 56 56 56 54 54 56 57 58 58 59 60 60 63 64 63 62 60 61 61 62 63 63 63 62 63 63
48 51 50 50 48 49 49 50 53 54 57 56 55 57 61 59 60 61 65 66 62 60 59 62 57 58 55 56 58 59 54 52 54 53 52 51 51 51 47 51 47 49 51 48 47 49 49 48 47 48 48 48 48 48 48 47 46 46 46 46 46 47 47 50 52 50 52 52 52 57 58 57 59 59 57 54 57 58 58 59 59 60 61 64 61 60 61 61 61 62 62 62 63 63 63 63
50 54 53 51 49 48 48 50 50 52 59 59 60 61 63 65 67 66 66 65 64 64 62 57 57 55 55 53 54 54 53 53 52 55 54 52 51 51 49 49 49 47 48 51 48 48 48 47 47 47 47 48 48 47 46 45 46 46 45 46 46 47 48 48 50 52 51 51 52 57 62 59 62 61 55 54 55 57 58 58 59 59 60 61 62 61 61 61 63 62 62 63 63 63 64 64
53 55 55 51 49 47 47 45 50 52 52 56 59 60 60 63 66 66 66 63 63 61 61 60 58 56 56 60 56 53 52 54 52 56 54 52 51 51 49 49 51 49 49 48 48 48 45 48 47 45 45 47 48 46 46 45 45 45 45 47 46 48 49 49 51 51 52 50 51 54 57 59 60 61 60 56 55 58 59 58 58 60 59 60 61 60 62 61 63 64 63 63 63 63 63 63
51 52 52 50 49 47 45 46 49 51 51 55 55 58 61 63 62 62 61 61 63 61 62 60 61 58 55 55 56 54 52 55 53 56 57 53 51 51 51 47 52 51 51 51 47 46 45 44 44 44 45 44 44 45 45 45 45 45 45 49 48 49 49 50 51 51 50 51 52 58 58 55 56 58 58 58 58 58 59 59 63 60 63 62 61 61 61 61 61 62 63 62 63 63 63 63
51 51 50 50 49 45 45 45 47 50 52 55 56 58 62 63 62 62 60 58 59 59 61 59 61 61 57 53 57 54 53 55 52 52 53 53 52 51 51 51 51 51 51 51 47 48 47 44 44 44 44 44 45 45 44 45 45 45 47 47 46 47 48 49 50 51 54 51 52 54 60 57 56 56 59 58 59 59 59 59 61 61 61 64 61 60 61 62 62 62 62 63 62 63 63 63
52 51 47 47 47 45 45 45 48 52 54 53 56 62 62 63 60 62 64 60 57 58 60 60 59 59 59 58 56 55 53 52 50 51 51 52 52 52 49 51 51 51 51 49 47 48 45 44 44 46 45 46 45 44 43 45 45 45 46 49 46 47 50 50 50 50 53 54 52 52 54 56 56 58 58 59 59 59 58 59 60 59 60 62 60 60 61 62 61 61 62 62 62 63 63 66
52 48 45 45 48 48 46 47 48 49 55 55 59 62 60 61 56 57 59 61 58 58 56 56 55 54 55 57 56 53 52 51 51 47 51 51 52 52 51 47 49 52 52 50 48 48 47 44 44 45 45 46 46 45 45 45 45 45 45 46 48 48 50 49 52 52 55 56 54 53 51 52 56 58 58 58 58 59 59 58 58 59 59 60 60 61 61 61 62 62 62 62 63 64 64 66
49 50 45 44 44 44 44 45 47 52 54 53 56 58 61 60 57 55 59 60 61 60 55 54 54 53 53 56 55 52 50 50 50 51 51 51 51 52 51 51 51 55 53 48 48 48 47 45 44 44 45 45 44 45 44 45 45 45 45 46 48 50 50 51 52 50 52 52 56 53 54 52 54 57 57 57 58 58 60 58 56 59 60 59 60 60 61 61 61 62 62 62 62 62 62 62
47 47 44 44 46 46 44 45 50 52 51 53 57 62 60 61 59 55 59 60 56 56 53 53 54 53 51 51 55 52 51 51 50 51 50 50 51 51 51 53 54 54 48 48 45 47 47 45 45 45 45 44 44 43 44 45 42 44 45 46 46 47 50 50 50 51 51 51 52 56 56 56 54 57 57 58 61 60 59 56 57 57 61 61 60 60 63 64 61 62 62 62 62 62 62 63
47 49 47 48 47 47 47 48 49 50 50 53 57 60 64 61 61 54 57 56 56 56 55 53 52 52 52 51 54 52 51 51 50 51 51 50 51 49 48 50 53 48 47 48 45 45 45 46 45 44 44 44 44 44 42 42 44 44 43 45 46 47 50 50 50 48 49 49 51 52 53 56 56 54 52 57 59 64 60 60 57 60 60 59 60 60 61 62 64 65 65 65 64 62 63 62
47 47 47 47 49 48 47 47 48 49 51 54 59 62 60 58 61 57 54 52 55 56 53 52 53 55 55 52 52 54 50 50 50 51 51 51 51 51 51 52 52 52 51 49 47 47 47 46 45 45 44 44 44 43 43 45 45 45 45 45 45 46 49 50 50 50 49 48 48 48 48 48 52 53 55 57 58 60 61 60 60 59 60 61 61 61 61 60 61 65 64 65 65 65 62 62
47 48 48 47 50 50 49 48 49 49 52 59 57 58 55 56 54 54 51 52 54 55 53 53 55 55 55 52 53 51 50 50 51 51 48 51 51 51 51 51 52 53 53 48 47 47 47 46 45 46 44 44 44 44 44 44 44 45 45 45 46 47 46 48 48 49 50 51 53 51 52 50 50 52 53 55 57 59 59 60 62 62 64 62 62 62 63 61 61 61 62 62 62 62 62 64
46 48 48 48 49 52 49 49 49 49 52 60 58 58 56 54 53 52 52 53 55 61 53 56 55 55 56 52 52 51 50 50 50 50 51 50 51 51 51 52 53 54 52 47 48 47 48 46 47 46 44 44 44 44 45 45 44 45 45 45 46 47 48 47 48 50 50 50 55 55 52 52 50 51 55 55 53 58 59 59 61 64 61 64 64 64 64 63 62 61 63 65 62 62 62 62
46 46 48 48 49 53 52 53 51 50 51 54 56 54 54 52 52 52 52 53 59 64 52 53 55 55 56 52 51 51 51 50 50 50 51 51 51 51 51 52 53 53 51 47 47 47 48 47 45 45 44 44 44 44 46 45 45 45 45 45 45 47 47 47 48 49 50 51 50 51 52 51 51 52 53 53 55 56 59 59 59 62 63 64 64 61 62 61 62 62 63 65 62 62 62 63
48 48 51 49 49 50 53 53 54 56 52 52 51 50 52 56 58 55 56 57 62 64 62 53 54 55 53 53 51 52 51 51 50 50 51 52 52 52 52 52 52 52 47 48 47 48 48 47 44 44 44 44 44 45 44 44 45 45 45 46 46 46 46 46 46 47 47 51 49 51 51 52 52 54 55 53 53 57 59 59 59 60 64 64 64 63 61 64 62 63 63 65 65 66 66 66
51 51 52 52 55 51 53 51 52 51 50 49 49 55 60 57 57 58 61 56 58 64 54 52 53 54 55 56 54 51 49 51 49 50 50 51 52 52 52 51 50 50 48 48 50 50 47 47 45 44 44 44 44 45 45 44 45 45 45 45 46 46 46 46 46 47 49 49 51 50 50 54 57 57 57 57 58 57 58 59 60 61 60 61 62 61 60 61 61 62 65 65 63 66 66 66
51 51 52 56 56 53 51 52 54 53 51 48 54 54 58 55 55 55 51 52 55 56 55 53 54 57 59 52 51 49 50 50 50 50 50 49 47 51 51 51 47 47 48 52 50 50 47 48 47 48 45 44 44 45 45 45 45 45 45 49 49 46 46 46 46 47 50 50 51 51 50 52 52 52 57 57 58 58 58 61 61 60 60 59 60 60 60 60 62 61 63 62 62 63 64 66
51 51 53 56 58 54 53 53 52 52 55 53 49 54 50 50 50 50 52 52 53 57 58 58 57 56 60 54 52 50 48 48 51 49 46 46 44 46 47 47 47 47 47 48 48 48 47 46 46 47 47 45 45 45 46 45 46 46 45 47 47 47 46 46 47 49 49 49 53 53 52 51 52 52 57 57 58 57 58 59 60 59 59 60 60 60 60 61 61 61 63 63 62 62 62 64
49 51 48 50 54 55 55 58 57 54 54 50 49 49 49 48 49 51 53 54 56 57 60 57 58 56 57 53 50 50 50 51 51 49 51 47 46 46 46 46 46 47 47 48 47 48 48 48 48 45 45 45 45 47 47 46 47 46 49 50 50 50 50 46 47 50 50 50 50 51 51 51 52 52 53 57 58 58 55 56 54 55 55 57 59 61 61 60 60 62 61 62 61 62 62 61
52 52 48 49 49 50 55 54 53 53 53 53 49 51 50 49 49 52 55 59 59 62 62 60 60 59 56 53 50 50 50 50 50 49 49 49 46 47 46 45 46 46 46 47 48 48 48 46 46 47 48 47 45 47 48 49 48 49 48 50 50 53 51 49 47 50 51 51 51 51 52 52 52 52 52 55 58 58 56 54 54 54 53 57 57 60 61 61 60 61 62 61 62 62 62 61
53 49 49 50 49 48 49 53 55 53 53 53 50 50 51 53 55 55 54 54 54 57 58 57 56 61 56 55 50 50 51 47 52 49 46 47 46 47 46 47 47 46 46 46 47 47 48 48 48 48 48 45 46 46 48 49 50 50 48 50 52 53 54 51 50 50 55 53 54 51 52 51 52 53 53 57 58 57 58 58 56 54 54 55 55 60 60 61 61 61 61 61 62 62 62 62
49 49 48 49 49 49 49 52 50 52 52 53 54 54 50 49 49 54 54 53 53 54 58 57 57 59 58 52 49 50 48 51 50 50 46 46 46 46 47 47 47 47 47 46 45 48 49 49 51 50 48 45 48 47 49 50 54 51 47 48 50 50 51 51 50 50 53 53 54 52 52 52 53 55 52 53 55 55 58 58 59 59 59 59 57 57 58 61 61 61 62 62 62 62 62 60
47 47 51 49 49 48 48 46 46 48 48 48 54 50 47 49 51 53 51 51 51 52 51 57 55 57 56 51 49 46 46 48 48 48 48 46 46 47 47 49 47 44 45 46 47 48 50 53 48 47 47 45 49 49 50 50 51 50 48 47 46 47 51 51 51 53 52 56 56 57 57 54 54 58 56 55 53 58 58 58 58 59 59 59 59 60 55 60 61 60 62 62 62 59 60 60
47 48 48 48 48 48 48 48 48 47 48 47 51 49 48 52 51 51 49 50 52 52 52 54 54 52 55 51 49 50 50 48 46 48 51 51 51 47 47 47 47 47 47 46 46 48 48 48 48 45 46 46 49 49 50 48 50 49 48 47 46 48 50 50 50 50 52 56 56 57 57 53 57 57 58 53 52 53 58 59 59 59 59 59 60 61 60 61 61 60 62 62 61 61 62 61
47 46 49 48 48 48 50 47 48 48 48 48 49 48 47 50 55 53 53 53 53 55 53 58 59 55 54 52 50 49 49 50 48 48 46 46 51 49 47 46 47 47 47 47 47 50 50 48 47 45 45 48 49 49 49 49 50 49 50 50 49 50 47 48 47 47 50 56 54 52 55 57 57 57 55 51 53 52 58 59 58 54 56 59 59 59 60 63 63 63 62 65 65 62 62 62
46 47 47 47 47 48 48 46 45 46 48 47 47 48 47 49 51 49 50 49 50 55 59 62 61 56 52 56 51 49 49 49 51 46 46 46 46 46 47 47 47 47 47 48 50 53 52 47 47 45 45 45 46 48 50 50 50 50 52 52 50 48 46 47 47 47 50 56 51 52 53 55 57 58 53 49 48 49 53 58 59 54 53 54 59 59 61 61 63 62 65 62 62 65 62 61
47 47 45 45 46 46 48 47 48 45 44 46 48 48 48 48 49 49 49 50 50 52 58 60 59 57 51 52 52 50 49 49 50 51 47 47 47 47 47 47 47 49 50 53 49 51 52 48 47 45 44 45 46 47 49 50 48 48 50 49 50 50 47 46 47 47 50 50 51 54 56 57 57 57 52 51 49 50 52 58 59 59 59 59 59 60 60 60 60 63 62 65 65 62 62 61
47 47 47 46 45 46 46 50 48 48 46 46 46 49 47 49 48 49 47 50 48 51 56 57 54 52 52 50 49 49 50 50 51 52 53 50 47 47 47 46 46 47 48 50 48 48 48 48 45 44 45 45 46 45 46 46 46 45 47 48 50 51 51 50 50 50 51 51 51 52 56 56 57 57 55 53 53 53 53 54 58 58 58 60 59 57 55 60 60 60 61 65 61 62 62 61
