ecocropFuture/tif/c6/rcp585/ACCESS-CM2/prec_9.asc
ncols        683
nrows        518
xllcorner    -87.691666666667
yllcorner    10.708333333333
cellsize     0.008333333333
NODATA_value  nan
[rows 168 to 209 of 518, columns 94 to 187 of 683]
nan nan nan nan nan nan nan nan nan nan nan nan nan nan nan nan nan nan 169 169 167 173 181 178 193 193 193 200 195 193 196 207 204 197 198 202 197 185 184 188 192 204 200 199 199 199 190 185 185 176 180 181 171 173 202 205 206 206 195 195 205 198 199 199 199 209 201 192 192 193 194 188 189 192 199 192 193 202 198 202 202 204 203 200 204 204 204 205 205 201 202 202 207 201
nan nan nan nan nan nan nan nan nan nan nan nan nan nan nan nan nan 188 181 184 177 182 189 191 195 197 203 209 206 196 199 201 216 220 216 215 211 186 182 192 204 216 210 190 205 201 203 201 186 181 172 173 178 173 193 205 194 195 187 191 204 199 199 200 201 201 202 197 185 191 193 196 196 189 199 193 199 195 201 200 200 202 202 205 203 204 206 201 202 202 203 202 202 202
nan nan nan nan nan nan nan nan nan nan nan nan nan nan nan nan nan 192 186 190 186 188 198 206 214 211 213 210 209 203 190 206 217 220 214 211 200 187 185 198 208 200 193 182 185 187 192 202 194 192 192 192 182 179 195 205 206 209 219 206 210 208 199 200 195 197 192 192 188 186 188 188 191 198 197 195 195 198 197 198 206 207 200 200 204 205 208 202 204 203 203 202 202 207
nan nan nan nan nan nan nan nan nan nan nan nan nan nan nan nan nan 203 191 195 187 196 199 224 225 231 222 218 210 204 186 190 201 196 198 189 196 186 191 197 193 191 192 178 178 182 188 208 198 208 207 206 209 209 201 211 203 201 201 201 199 199 200 195 202 203 193 193 194 190 191 188 189 195 197 196 195 194 196 197 205 199 201 206 207 208 203 203 203 202 206 206 207 207
nan nan nan nan nan nan nan nan nan nan nan nan nan nan nan nan 214 209 196 199 193 212 216 215 229 226 216 206 197 196 184 182 191 185 184 190 186 179 186 189 182 185 193 183 183 194 189 179 184 187 200 198 201 202 206 207 194 196 189 189 189 195 187 187 187 193 193 188 194 190 191 188 197 193 196 200 199 199 199 196 200 200 203 211 208 211 210 211 207 199 205 202 200 208
nan nan nan nan nan nan nan nan nan nan nan nan nan nan nan nan 223 214 201 205 209 207 208 218 219 212 204 197 186 184 185 185 188 183 183 186 179 181 182 184 186 184 174 185 190 190 190 181 179 179 177 183 193 197 208 199 192 185 184 184 187 195 192 196 198 201 197 198 195 195 188 194 191 194 200 200 200 191 192 201 196 200 208 212 217 214 208 206 198 205 200 208 208 209
nan nan nan nan nan nan nan nan nan nan nan nan nan nan nan nan 230 223 216 218 219 218 222 228 220 209 205 195 197 186 185 179 187 181 175 178 181 185 186 185 185 185 181 183 183 187 185 178 183 181 183 188 185 198 211 192 189 189 188 190 194 190 189 188 193 197 196 198 190 190 195 197 196 196 198 194 199 198 201 201 204 201 205 213 217 214 212 203 201 204 204 208 207 215
nan nan nan nan nan nan nan nan nan nan nan nan nan nan nan nan nan 235 227 208 212 210 220 225 211 216 219 201 194 189 180 179 187 187 187 180 178 186 181 181 182 182 184 183 178 177 178 183 183 178 182 185 184 189 195 191 191 190 194 197 198 198 193 196 194 198 192 195 196 195 195 197 196 193 192 193 199 199 197 198 200 202 207 217 218 208 205 202 202 204 208 214 216 206
nan nan nan nan nan nan nan nan nan nan nan nan nan nan nan nan nan nan nan 203 202 209 223 207 201 208 199 199 191 184 188 187 188 186 187 188 181 179 178 182 182 182 183 181 182 179 183 187 184 182 191 190 189 186 185 185 184 187 199 200 193 192 197 195 186 194 197 195 189 195 195 197 197 199 196 194 199 194 195 196 201 204 211 217 221 212 206 203 200 200 204 209 205 211
nan nan nan nan nan nan nan nan nan nan nan nan nan nan nan nan nan nan nan 202 203 200 209 203 201 190 182 180 188 178 189 189 189 188 188 186 188 176 180 188 193 193 188 185 184 183 187 186 186 187 187 189 191 192 190 184 187 189 198 193 202 202 199 198 189 186 196 195 188 189 196 196 198 200 200 199 200 195 197 199 201 207 216 222 221 211 208 204 198 198 204 201 208 209
nan nan nan nan nan nan nan nan nan nan nan nan nan nan nan nan nan nan nan 211 201 197 189 195 190 182 185 185 184 184 178 178 178 189 183 190 190 178 181 184 195 196 196 181 187 187 189 186 185 187 184 197 189 191 185 192 194 187 190 197 198 206 207 200 191 194 195 195 195 190 192 192 197 196 198 197 195 195 198 194 199 204 213 219 215 208 206 205 208 209 208 211 209 213
nan nan nan nan nan nan nan nan nan nan nan nan nan nan nan nan nan nan nan 215 203 196 193 186 190 187 186 191 186 191 191 179 179 190 191 191 179 182 179 179 183 181 182 188 182 187 187 191 188 192 191 184 198 196 192 192 191 193 187 193 201 205 207 194 191 196 191 196 197 191 196 197 190 196 199 196 194 196 199 203 201 208 213 221 217 216 213 216 216 215 215 210 198 207
nan nan nan nan nan nan nan nan nan nan nan nan nan nan nan nan nan nan nan 224 209 204 197 200 188 186 191 195 192 184 184 193 191 192 191 182 191 185 185 185 180 185 186 188 195 196 202 204 199 193 187 191 184 194 190 188 192 192 194 187 190 195 200 203 199 193 197 197 189 196 197 197 198 191 192 193 196 201 198 199 195 202 215 222 219 213 217 216 216 210 208 207 205 205
nan nan nan nan nan nan nan nan nan nan nan nan nan nan nan nan nan nan nan nan 212 199 192 194 195 188 191 188 194 193 186 184 184 193 188 192 187 181 181 181 189 186 187 190 201 208 193 188 194 194 194 185 192 184 193 190 189 187 187 187 193 195 193 203 198 198 197 190 189 190 190 190 198 198 201 202 203 195 193 202 202 209 211 208 206 207 215 222 214 214 213 207 204 205
nan nan nan nan nan nan nan nan nan nan nan nan nan nan nan nan nan nan nan nan 223 208 199 198 202 194 192 189 197 185 183 194 194 188 191 190 183 186 189 183 187 184 188 193 192 200 188 188 184 195 186 187 194 193 184 194 194 188 194 188 189 189 190 191 197 198 198 191 197 197 190 190 200 201 193 192 203 203 202 194 200 204 204 202 204 211 219 221 222 216 212 208 212 205
nan nan nan nan nan nan nan nan nan nan nan nan nan nan nan nan nan nan nan nan 210 206 195 197 194 195 188 201 206 194 184 190 190 197 190 188 192 191 184 188 191 190 193 193 192 189 185 188 188 194 188 195 189 185 188 194 194 186 195 195 195 189 190 190 196 192 192 197 197 198 190 192 200 203 203 203 203 204 195 202 203 200 201 201 206 213 219 219 222 219 221 219 218 208
nan nan nan nan nan nan nan nan nan nan nan nan nan nan nan nan nan nan nan nan 205 200 200 189 190 198 186 199 196 188 190 190 204 195 190 189 191 195 194 195 185 191 194 191 191 189 185 193 189 189 190 195 189 189 195 189 196 190 187 197 197 197 191 191 190 190 191 192 192 193 196 203 204 201 202 196 197 204 204 196 203 194 194 201 199 211 215 216 217 218 223 220 224 220
nan nan nan nan nan nan nan nan nan nan nan nan nan nan nan nan nan nan nan nan 203 195 196 195 195 191 186 195 196 191 198 198 189 194 194 191 196 195 195 196 196 193 199 199 195 190 186 187 196 185 196 195 195 195 195 196 196 198 188 199 192 189 192 191 191 191 192 193 192 194 196 198 196 194 200 200 200 203 206 206 203 194 195 197 204 208 212 213 213 215 213 215 224 212
nan nan nan nan nan nan nan nan nan nan nan nan nan nan nan nan nan nan nan nan 198 196 190 197 195 199 187 192 199 198 190 196 190 189 189 189 189 196 189 188 198 196 197 193 188 191 198 196 196 187 186 187 186 186 196 187 198 198 199 190 191 200 193 192 196 197 192 196 197 198 196 195 200 202 207 206 202 201 198 201 209 204 194 200 208 204 212 208 215 213 209 208 210 214
nan nan nan nan nan nan nan nan nan nan nan nan nan nan nan nan nan nan nan nan nan 203 190 199 198 197 189 194 201 198 191 199 190 197 194 197 197 192 189 189 196 192 196 194 202 191 191 188 187 196 196 187 187 197 197 187 189 190 191 196 196 202 193 193 192 192 201 197 196 201 199 202 205 208 204 202 196 196 204 199 206 209 196 208 206 207 200 199 203 207 202 200 221 229
nan nan nan nan nan nan nan nan nan nan nan nan nan nan nan nan nan nan nan nan nan 194 193 198 196 196 190 195 202 200 192 200 199 191 195 191 193 190 197 193 198 198 196 202 203 198 199 194 194 194 193 188 197 198 189 190 199 200 201 202 202 202 197 195 195 202 196 206 199 196 194 203 215 200 204 203 201 199 201 204 203 198 206 200 200 200 204 208 208 205 201 215 231 207
nan nan nan nan nan nan nan nan nan nan nan nan nan nan nan nan nan nan nan nan nan 201 197 194 194 204 196 191 202 202 201 201 193 199 199 192 194 200 198 194 201 199 202 206 205 195 198 196 199 199 198 198 199 199 200 200 199 202 203 197 198 203 206 198 196 195 196 198 198 198 195 206 210 200 196 198 206 206 206 201 209 207 206 209 210 202 202 217 227 227 233 233 235 221
nan nan nan nan nan nan nan nan nan nan nan nan nan nan nan nan nan nan nan nan nan nan 206 200 204 196 204 195 197 203 202 202 202 201 193 200 195 195 194 204 209 204 210 215 202 199 206 204 201 201 196 199 189 189 199 190 190 201 199 204 204 203 206 195 202 200 200 195 195 197 195 201 205 204 202 201 204 209 210 218 217 213 199 212 219 229 233 221 206 207 209 236 233 229
nan nan nan nan nan nan nan nan nan nan nan nan nan nan nan nan nan nan nan nan nan nan 202 206 205 197 197 202 194 204 198 196 203 203 201 201 201 197 198 213 222 218 219 213 207 204 202 198 201 202 197 197 202 201 200 191 201 201 200 201 204 205 208 196 201 200 194 194 194 195 198 201 200 213 208 206 219 212 215 219 220 217 207 205 216 220 232 230 231 221 219 229 225 204
nan nan nan nan nan nan nan nan nan nan nan nan nan nan nan nan nan nan nan nan nan 212 208 208 200 207 196 196 195 195 195 197 204 195 203 202 195 203 201 227 247 230 212 206 203 203 200 201 199 198 198 198 198 198 203 204 203 194 195 202 205 206 197 197 198 195 194 195 195 197 201 200 201 202 205 211 219 217 217 225 225 223 220 213 199 199 212 214 216 227 218 201 202 211
nan nan nan nan nan nan nan nan nan nan nan nan nan nan nan nan nan nan nan nan 221 212 209 209 202 201 196 196 203 205 197 198 204 206 208 206 204 210 216 232 236 221 213 205 202 202 201 201 205 202 200 200 199 199 203 202 194 205 206 206 208 198 197 208 205 196 202 201 201 202 202 202 193 195 207 216 208 211 216 223 234 221 213 214 207 205 205 199 200 214 207 204 202 207
nan nan nan nan nan nan nan nan nan nan nan nan nan nan nan nan nan nan nan nan 218 212 202 201 209 203 209 201 208 209 197 205 205 205 205 205 210 211 230 244 224 207 205 203 202 203 206 205 203 203 205 205 204 201 204 204 205 206 207 208 208 206 206 208 205 196 203 201 193 202 193 203 202 202 205 215 210 201 215 220 224 212 208 207 205 201 203 201 206 206 206 210 210 211
nan nan nan nan nan nan nan nan nan nan nan nan nan nan nan nan nan nan nan 235 221 210 210 209 210 203 204 206 202 211 201 209 198 213 211 208 214 224 236 238 223 207 205 204 202 202 205 201 201 205 205 201 201 194 193 205 196 207 208 210 207 206 203 208 206 205 205 203 202 193 203 202 204 203 207 213 207 200 214 213 210 214 200 204 205 202 204 212 214 207 210 208 212 209
nan nan nan nan nan nan nan nan nan nan nan nan nan nan nan nan nan nan nan 239 228 222 213 212 204 204 205 208 207 215 210 208 208 210 211 212 220 221 237 235 218 206 199 205 203 204 208 206 203 202 202 205 195 204 193 202 206 197 208 200 208 208 208 206 206 207 206 205 195 194 204 204 204 208 219 218 211 205 208 212 200 208 206 201 199 210 215 223 219 208 204 198 204 211
nan nan nan nan nan nan nan nan nan nan nan nan nan nan nan nan nan nan nan nan 225 225 214 211 202 211 211 221 221 220 217 214 201 206 212 216 232 222 232 227 215 205 204 204 205 205 210 204 205 207 204 208 199 206 208 209 210 207 211 210 208 202 204 203 209 207 203 202 201 194 194 202 202 204 208 206 206 200 206 197 197 197 199 197 208 223 220 216 222 211 204 196 206 211
nan nan nan nan nan nan nan nan nan nan nan nan nan nan nan nan nan nan nan nan nan nan 219 207 212 204 210 223 222 221 225 210 212 211 228 226 240 225 219 218 214 208 206 206 205 207 210 209 200 200 199 197 205 200 210 200 207 207 206 205 202 204 199 202 207 204 206 204 194 203 203 207 200 208 204 201 200 204 204 205 206 206 200 213 220 216 203 213 205 204 212 200 200 204
nan nan nan nan nan nan nan nan nan nan nan nan nan nan nan nan nan nan nan nan nan nan nan 211 227 212 213 216 226 230 231 214 213 213 226 241 248 231 219 215 210 209 210 210 207 209 210 211 201 201 199 205 204 207 208 205 209 208 207 210 205 208 207 205 204 205 204 197 198 201 207 205 205 205 204 204 205 204 199 204 205 197 204 198 210 206 205 200 202 201 206 207 202 203
nan nan nan nan nan nan nan nan nan nan nan nan nan nan nan nan nan nan nan nan nan nan nan 221 236 222 207 216 221 227 231 223 212 218 227 234 243 245 226 224 211 207 209 209 211 202 211 200 201 200 208 196 196 196 196 206 206 204 206 212 205 207 205 205 203 199 199 203 205 212 213 203 199 208 202 198 204 198 203 203 196 204 196 208 209 213 198 205 205 206 206 207 202 204
nan nan nan nan nan nan nan nan nan nan nan nan nan nan nan nan nan nan nan nan nan nan nan nan 232 223 215 216 218 228 228 225 221 220 227 234 239 244 245 240 221 209 209 210 211 202 210 199 198 208 208 208 205 208 207 207 208 208 212 210 212 206 206 203 211 209 205 204 212 220 217 210 207 205 202 206 200 203 209 204 196 204 204 209 197 214 212 207 207 201 206 206 207 207
nan nan nan nan nan nan nan nan nan nan nan nan nan nan nan nan nan nan nan nan nan nan nan nan 230 220 216 218 219 227 229 236 237 228 234 239 246 246 240 228 215 209 209 201 202 212 202 209 207 207 206 197 208 209 207 206 211 209 210 210 209 212 206 206 205 212 205 203 206 210 210 213 208 215 215 205 199 201 209 204 204 204 206 198 212 202 200 204 205 206 200 200 200 208
nan nan nan nan nan nan nan nan nan nan nan nan nan nan nan nan nan nan nan nan nan nan nan nan 237 225 217 212 220 232 230 235 244 233 240 255 250 249 241 214 206 202 209 210 211 211 201 209 208 207 207 210 209 207 198 199 206 204 198 207 207 209 212 211 202 205 201 207 203 205 210 221 230 230 218 197 203 204 202 208 196 206 201 201 204 202 205 222 221 213 211 212 211 214
nan nan nan nan nan nan nan nan nan nan nan nan nan nan nan nan nan nan nan nan nan nan nan nan 237 230 223 214 215 231 235 241 233 232 247 244 250 236 228 217 209 211 204 203 202 209 201 210 212 211 210 214 211 210 207 210 208 205 205 206 198 196 207 206 207 214 212 196 203 205 208 216 228 221 219 198 196 198 211 208 208 210 210 211 216 204 205 207 221 215 212 214 216 214
nan nan nan nan nan nan nan nan nan nan nan nan nan nan nan nan nan nan nan nan nan nan nan nan 232 229 220 217 219 219 224 230 233 249 252 243 245 239 231 216 212 208 210 212 212 209 211 214 214 212 216 222 216 212 208 208 201 206 205 205 208 207 204 204 199 201 202 209 204 205 202 212 216 213 208 204 196 201 216 208 205 204 206 205 216 213 200 207 206 220 216 216 210 208
nan nan nan nan nan nan nan nan 246 243 247 254 251 nan nan nan nan nan nan nan nan nan nan nan 223 212 219 225 226 221 218 218 226 241 252 241 236 240 249 247 227 220 226 209 215 206 204 213 217 209 214 227 222 217 212 209 211 197 200 205 206 209 196 209 208 207 209 212 201 200 208 216 211 208 202 197 204 208 213 218 199 198 195 207 210 211 210 200 207 216 216 214 204 211
nan nan nan nan 230 234 226 232 246 229 237 238 235 246 nan nan nan nan nan nan nan nan nan 218 214 213 221 220 220 231 239 226 233 251 240 232 225 247 253 252 247 235 232 213 211 217 216 224 228 220 220 222 214 212 212 211 213 209 215 219 217 201 206 205 209 204 210 212 199 208 221 215 213 203 205 205 198 211 221 228 210 203 198 196 205 210 209 211 208 219 218 219 211 214
nan nan nan nan 238 242 229 234 232 230 229 228 229 237 226 220 nan nan nan nan nan nan 235 222 233 242 236 220 219 225 237 246 251 252 250 228 226 259 256 254 253 255 260 223 215 223 228 238 235 228 226 221 216 212 213 213 205 211 212 217 203 207 208 208 200 197 197 202 204 208 217 208 201 205 213 210 217 213 221 236 221 201 197 202 205 208 212 207 227 219 228 228 217 218
nan nan nan 261 241 229 237 227 226 233 238 230 223 229 222 222 220 nan nan nan 222 243 254 245 267 254 236 221 213 214 235 267 270 246 240 215 230 264 244 239 255 263 260 234 207 213 229 235 241 233 227 210 207 213 213 213 212 212 210 199 206 208 201 206 205 197 206 210 199 209 221 209 211 211 218 218 226 223 230 234 223 210 214 219 199 197 210 209 207 214 224 232 227 229
