ecocropFuture/tif/c6/rcp585/ACCESS-CM2/prec_3.asc
ncols        683
nrows        518
xllcorner    -87.691666666667
yllcorner    10.708333333333
cellsize     0.008333333333
NODATA_value  nan
[rows 220 to 274 of 518, columns 192 to 287 of 683]
17 18 18 18 18 17 16 15 15 15 15 16 18 16 16 19 23 24 24 24 25 25 26 27 28 29 29 29 32 26 28 31 32 33 33 34 35 35 39 39 36 35 35 31 31 30 26 28 27 27 28 31 31 31 31 33 33 30 29 30 34 36 41 39 35 33 30 32 35 35 36 39 39 38 37 33 30 29 30 30 29 29 31 30 31 34 30 33 33 34 33 32 30 33 35 34
17 16 17 16 17 19 19 17 15 15 16 15 15 16 17 20 23 23 24 24 25 25 26 27 28 29 30 30 30 33 29 29 32 33 34 34 35 35 35 39 37 35 37 35 31 33 29 25 25 26 27 32 31 30 30 30 32 30 29 30 33 35 36 35 34 33 31 32 34 36 36 40 43 41 37 32 29 29 32 32 31 30 32 34 33 33 32 34 32 30 32 32 33 33 33 33
17 16 15 17 18 18 18 17 16 15 17 17 16 16 17 17 24 23 24 25 25 26 27 28 29 29 30 35 34 32 28 27 30 37 38 34 34 35 36 40 33 31 33 33 32 30 29 24 25 26 28 33 33 33 29 29 29 27 29 29 32 35 35 32 32 31 31 32 33 35 37 40 39 39 38 32 30 29 29 31 31 33 32 33 34 34 34 33 31 31 33 32 33 33 35 34
16 17 16 15 18 18 18 17 16 16 16 16 16 16 19 23 24 24 24 25 27 29 29 31 30 30 31 33 32 30 30 27 32 37 38 35 34 35 36 36 34 32 32 32 31 28 28 27 23 25 27 31 33 31 32 29 28 29 28 29 31 34 33 31 31 31 32 32 35 35 36 40 39 40 36 32 30 29 28 30 28 31 31 30 29 35 33 33 32 33 32 32 33 33 34 33
18 18 15 14 16 17 17 17 16 16 15 15 15 22 23 23 25 26 28 26 28 32 34 35 32 32 33 32 32 30 28 26 24 29 35 34 29 35 40 40 36 34 30 30 28 28 26 25 23 25 26 30 34 33 28 26 26 27 29 29 29 31 31 30 30 31 31 34 36 34 33 35 35 35 35 34 32 34 28 28 31 34 34 33 29 31 32 32 32 29 29 32 33 32 32 32
14 17 19 17 17 14 15 15 15 18 16 16 16 22 22 24 27 26 26 29 27 28 30 34 34 33 34 33 34 30 28 26 24 24 31 27 23 28 34 36 35 30 29 30 26 26 24 22 22 23 26 28 30 35 29 25 26 27 27 29 29 30 29 30 31 31 31 35 38 36 33 33 33 34 34 34 32 32 33 33 34 34 34 34 33 31 32 32 32 31 32 34 32 32 32 32
13 18 20 18 18 16 16 15 16 18 17 16 16 22 23 26 27 27 27 26 26 28 30 33 32 33 33 33 34 33 32 26 24 23 26 23 21 25 28 33 32 28 29 28 26 25 22 20 22 22 21 24 28 36 37 28 26 28 27 28 28 29 29 32 32 30 31 35 36 36 33 32 32 32 33 33 33 32 33 30 32 32 34 33 31 32 31 31 29 30 32 34 34 32 33 33
14 17 18 17 18 16 17 17 19 17 18 16 17 17 24 28 28 28 28 26 27 28 30 32 33 34 34 33 33 33 33 27 23 21 26 26 23 23 24 28 29 26 27 27 26 23 21 20 20 22 22 23 26 31 36 32 27 28 28 28 26 29 31 32 32 30 30 32 32 32 33 32 32 33 33 32 33 33 33 32 31 31 34 33 31 31 32 29 32 31 35 35 31 30 30 34
13 16 16 17 16 15 16 16 19 18 17 17 20 20 26 29 28 29 28 28 29 27 31 32 33 34 34 33 33 33 33 27 23 23 26 28 26 24 23 24 25 24 25 28 27 26 24 20 20 21 20 22 24 27 33 37 31 30 31 27 26 27 28 31 31 30 30 31 31 32 32 33 33 33 33 30 33 33 33 33 31 33 32 32 32 31 33 33 32 32 33 32 32 31 30 34
13 13 13 14 14 14 16 18 20 21 20 21 20 20 29 29 29 29 28 28 28 28 33 34 35 33 34 36 31 32 32 31 26 27 29 28 28 26 24 24 23 24 26 25 27 28 24 20 19 20 19 21 22 23 26 35 31 26 28 28 24 23 25 29 30 30 30 30 32 28 34 31 32 32 31 29 30 32 34 33 31 32 31 32 32 32 33 34 35 35 34 34 32 33 35 31
12 12 11 12 12 13 15 17 19 21 18 19 21 21 24 29 29 29 29 29 28 29 30 31 35 33 32 33 35 36 35 34 31 30 28 30 27 24 24 22 22 23 25 24 28 27 22 19 21 20 23 24 22 23 26 34 30 24 25 26 26 26 28 26 29 30 30 31 31 32 32 31 32 33 33 31 28 31 32 33 32 30 31 31 32 32 29 34 32 37 34 35 36 35 32 34
10 10 12 12 12 13 16 18 20 20 18 17 22 22 23 26 29 29 30 29 31 30 29 30 31 31 36 36 33 33 34 35 33 32 27 26 25 24 23 22 20 23 24 25 23 24 22 19 18 21 24 25 25 24 27 30 34 30 25 23 25 26 26 28 29 30 30 30 34 34 35 32 32 32 30 30 29 29 30 32 32 31 30 30 31 33 33 32 34 35 32 33 32 33 35 35
11 11 11 13 13 14 16 17 20 20 18 17 22 23 23 23 29 30 29 30 34 34 31 29 30 31 31 33 36 32 33 33 33 31 28 26 24 21 21 20 20 23 23 24 24 24 25 23 23 23 22 24 25 26 26 27 34 33 29 26 26 26 27 28 28 29 33 26 23 27 32 30 31 30 33 33 32 32 30 31 31 31 31 30 31 33 33 32 35 35 34 33 34 33 37 36
11 11 10 13 16 15 18 19 21 21 20 19 22 25 24 23 27 30 30 30 34 31 31 30 30 32 33 34 34 33 34 33 32 28 28 28 24 22 22 20 20 22 23 23 24 22 23 22 23 23 24 22 22 20 22 27 30 28 28 27 26 27 29 30 30 32 23 23 22 27 27 33 31 35 33 33 34 33 32 31 32 32 33 30 32 31 33 31 35 35 34 34 37 37 37 36
13 12 11 11 15 14 15 17 20 22 19 19 22 26 24 23 24 30 31 31 31 34 34 31 30 30 32 33 33 32 32 33 32 30 26 25 24 22 21 21 21 21 21 22 22 22 22 24 23 25 26 24 22 22 23 24 25 27 26 26 26 27 29 32 31 29 30 33 26 33 24 28 28 26 28 35 32 33 33 31 31 32 33 31 30 27 28 32 33 32 34 34 34 36 36 37
11 12 11 12 12 14 14 17 20 21 19 19 21 24 26 24 23 27 31 30 30 31 32 31 32 31 32 32 32 33 32 32 32 32 26 25 24 22 22 21 21 20 21 22 22 22 22 24 23 26 26 23 22 24 24 25 23 23 24 25 27 27 31 33 31 29 28 30 30 30 31 26 23 26 28 33 35 32 33 31 32 31 32 32 32 28 29 31 30 32 35 33 33 34 37 36
11 11 11 12 11 13 13 15 19 21 20 20 22 23 27 24 24 24 30 30 30 32 32 34 32 31 32 33 33 33 32 33 32 31 27 20 20 23 22 20 20 20 22 22 22 23 23 23 24 25 27 24 25 24 24 24 23 24 25 27 27 27 28 29 30 29 28 29 28 29 30 34 32 32 32 33 34 32 32 32 32 32 32 33 30 27 32 27 31 32 33 34 33 32 33 35
11 12 11 12 12 13 14 16 15 17 19 22 23 24 24 25 27 26 25 30 31 31 32 35 35 33 33 33 33 33 33 33 30 32 30 25 22 20 20 20 21 21 22 25 26 29 26 22 23 24 25 24 24 27 26 25 25 25 27 27 29 30 28 29 30 28 28 28 29 28 29 30 30 31 31 32 32 32 32 33 32 32 32 33 31 32 33 33 28 28 32 33 33 33 33 34
11 11 11 12 13 15 16 16 16 15 18 21 23 22 22 23 25 25 26 25 31 32 31 32 35 33 34 36 33 33 33 34 26 29 27 28 24 20 19 21 22 21 22 23 28 33 31 24 24 25 26 26 25 27 27 27 26 25 27 28 31 33 31 32 35 30 28 28 28 28 28 28 28 29 29 30 30 31 31 31 31 31 32 31 31 32 32 32 31 30 32 32 33 32 33 34
12 12 11 12 13 15 17 18 16 17 18 20 21 20 20 20 23 24 24 26 31 30 30 31 35 31 32 31 31 32 32 32 27 24 27 22 21 20 23 25 25 24 22 24 30 36 35 26 27 27 30 29 27 27 27 26 25 26 27 30 30 31 31 33 32 32 30 30 28 25 27 28 28 29 29 30 30 32 32 31 31 31 32 31 29 30 31 29 32 28 30 31 31 31 32 33
13 14 11 11 11 15 17 18 18 20 19 17 17 18 20 20 20 22 22 24 24 31 31 31 35 30 29 29 30 31 32 30 25 22 27 24 22 23 20 28 23 22 23 27 30 36 34 31 34 30 35 34 28 27 25 25 25 27 26 27 28 28 31 30 28 30 32 32 26 25 25 28 26 28 29 29 29 31 31 30 30 31 31 31 31 29 28 28 31 30 30 31 31 30 31 31
9 13 12 12 13 12 15 19 19 19 19 18 17 19 21 21 20 21 22 23 27 25 32 33 32 33 27 28 29 25 24 23 26 17 18 15 14 15 17 21 21 24 25 31 33 35 34 36 35 36 37 36 33 27 25 27 27 26 26 26 28 27 30 28 28 27 28 31 25 24 25 28 28 28 29 29 29 31 28 29 30 31 32 31 31 30 28 31 32 32 31 30 30 30 30 31
8 11 12 12 14 13 15 17 18 18 17 17 16 17 19 19 19 20 21 23 24 27 25 31 33 30 27 24 25 21 23 22 23 16 16 22 22 22 24 27 25 25 23 31 34 36 36 41 37 36 37 36 31 28 27 27 27 26 25 26 27 28 30 27 27 28 27 26 27 27 24 27 29 27 29 29 28 26 30 29 30 25 28 31 27 30 27 31 32 31 30 30 29 30 30 30
8 9 11 12 13 15 17 17 19 18 17 17 16 17 17 18 19 20 21 23 24 24 24 30 30 29 27 23 24 19 20 24 17 22 22 22 22 22 23 25 29 28 27 31 33 35 37 41 37 37 36 34 27 25 26 27 26 26 26 26 27 27 27 26 26 28 26 23 27 28 28 29 29 29 29 27 25 26 27 27 28 28 26 26 30 29 30 30 32 31 30 30 30 30 30 28
9 9 12 12 14 17 17 16 18 19 19 20 18 16 18 19 21 22 23 24 24 23 24 23 31 30 29 27 26 26 24 19 19 22 24 26 23 21 22 24 29 32 32 27 29 34 37 38 39 37 36 36 30 26 25 26 25 27 28 27 26 25 26 27 28 29 26 27 24 28 26 26 25 24 26 30 28 28 29 25 26 26 27 28 29 29 25 29 29 29 29 30 31 29 27 29
11 12 11 14 15 15 15 15 17 18 20 20 18 17 16 19 19 21 22 23 23 22 22 26 23 24 31 30 28 26 27 21 20 22 25 27 25 25 25 28 29 31 31 29 33 36 36 36 41 36 36 39 36 32 27 29 30 31 33 31 28 27 26 27 29 26 25 28 26 29 30 27 24 24 23 29 30 25 28 27 25 26 29 29 28 26 27 27 29 29 29 29 29 29 29 32
11 10 13 16 15 14 14 16 16 15 18 21 21 19 16 17 18 20 21 21 22 21 21 23 26 24 23 31 30 27 29 29 25 23 29 27 26 30 30 30 33 33 34 32 34 37 36 36 38 37 36 36 36 35 34 36 36 38 37 32 30 28 27 26 26 26 25 27 26 26 25 27 26 27 25 28 26 27 29 28 25 27 27 30 29 29 27 26 29 29 30 30 29 29 27 31
10 10 11 14 14 13 13 14 14 14 16 19 20 18 16 15 18 19 20 20 21 20 20 23 23 23 26 25 23 30 30 31 31 31 32 28 29 31 32 33 33 34 35 37 40 40 38 37 39 37 36 40 38 35 35 38 38 37 36 28 27 26 26 26 25 25 26 27 25 23 26 28 30 31 30 27 27 27 29 32 28 29 26 27 27 28 28 28 30 30 31 30 29 29 27 30
9 9 10 12 12 12 12 14 14 14 14 16 18 18 15 14 16 19 20 20 21 19 22 23 22 22 22 23 28 24 32 32 32 32 32 29 31 32 34 33 34 34 35 35 36 38 40 37 38 39 35 33 31 29 29 32 34 34 32 28 25 25 27 25 25 26 25 28 28 28 25 27 30 34 29 28 30 28 28 36 32 32 26 27 28 28 27 29 31 32 30 30 30 31 29 26
9 9 9 11 12 12 12 13 15 14 13 15 15 15 14 13 14 18 20 18 19 17 20 21 21 21 21 22 24 27 25 23 24 32 33 30 33 33 34 35 35 35 25 27 30 35 36 36 36 37 36 37 34 29 28 29 25 26 32 30 29 28 26 28 28 24 25 26 25 28 26 32 33 36 43 42 51 44 38 38 37 33 24 28 29 29 26 29 32 32 30 30 28 29 29 29
9 9 11 11 12 11 12 13 14 13 12 16 14 16 15 15 15 17 19 18 19 17 18 19 20 20 21 22 23 24 21 23 19 24 25 33 34 34 34 35 35 35 24 20 21 26 30 30 32 36 37 36 36 34 28 27 20 19 19 21 20 24 29 28 27 26 25 24 25 29 33 36 41 42 41 38 49 52 48 49 33 30 26 31 28 29 29 31 30 31 30 28 28 28 29 29
9 9 9 10 12 13 13 13 13 13 12 13 13 15 16 15 13 16 19 19 16 16 21 20 21 22 22 20 19 18 21 18 22 24 26 25 26 30 34 35 35 30 23 22 20 27 26 25 27 32 36 36 37 36 28 26 18 17 16 18 23 30 31 28 26 23 25 26 29 29 33 37 42 38 38 39 42 37 39 37 36 26 29 27 28 29 29 32 32 29 28 27 27 28 28 29
8 9 9 11 10 13 13 11 12 12 11 11 11 15 15 15 17 17 16 17 16 18 24 21 22 22 24 25 26 21 17 17 18 27 27 29 26 26 26 27 27 26 23 19 21 26 25 27 26 25 27 24 32 37 31 25 25 15 15 17 20 28 31 28 25 25 27 28 30 32 31 34 40 37 36 39 39 40 43 37 31 32 24 27 27 28 31 31 30 30 28 29 28 29 29 28
8 9 10 10 10 11 13 11 10 12 13 12 14 14 13 16 16 15 15 18 22 22 23 24 26 25 22 22 21 22 14 13 17 22 26 27 28 31 31 27 24 22 24 19 17 24 28 28 26 30 26 20 18 35 29 24 22 18 14 19 17 18 21 26 27 28 31 34 31 29 30 31 37 35 34 38 42 41 38 39 37 31 27 28 26 28 30 30 28 28 29 30 30 30 28 28
9 10 8 10 9 10 11 13 13 14 13 12 12 13 13 15 15 16 16 16 19 22 23 25 26 23 25 28 20 19 19 20 22 17 24 21 28 28 29 27 22 21 21 22 17 17 17 18 18 20 22 18 16 19 17 17 22 22 14 14 16 21 15 20 27 30 34 32 28 27 18 23 21 21 26 30 30 29 28 30 35 31 28 29 27 30 29 28 28 28 26 30 30 30 29 28
8 9 10 9 10 11 11 11 13 13 11 11 12 14 13 13 16 16 15 17 20 22 23 27 24 23 28 23 20 20 20 21 19 26 25 20 18 16 21 20 21 22 18 26 26 18 16 17 15 18 19 18 15 19 23 21 20 20 21 22 26 25 27 28 30 32 37 30 27 25 22 27 17 16 22 28 32 28 29 26 23 19 29 28 27 29 29 30 27 27 31 30 29 29 27 28
9 10 11 10 11 10 10 10 11 10 11 12 14 15 15 16 18 19 18 19 20 22 25 27 23 22 27 20 21 19 18 20 20 27 28 26 27 22 24 18 20 22 19 24 24 15 14 14 16 16 15 17 16 22 20 19 20 20 21 24 15 14 18 29 29 29 30 29 25 22 21 21 28 16 22 30 28 30 25 23 27 22 27 26 27 26 26 26 27 28 25 26 28 27 28 28
10 11 9 10 10 10 10 11 11 12 12 14 15 16 16 18 20 21 23 22 23 23 25 24 21 30 25 21 21 21 20 19 19 21 19 20 20 20 22 22 19 18 20 18 17 16 15 14 15 15 14 15 25 20 17 19 19 19 19 23 24 22 24 28 25 24 25 24 22 21 20 20 24 17 20 23 26 29 26 20 30 25 25 24 24 25 24 26 29 27 24 24 28 28 29 28
9 10 10 11 11 11 10 12 13 12 14 12 16 15 18 16 20 20 21 23 22 24 25 21 18 26 22 20 23 22 20 19 19 19 19 20 20 22 23 23 14 14 16 18 18 18 19 14 12 14 14 14 25 23 21 17 19 16 19 22 24 21 23 24 22 19 22 20 17 17 21 20 23 17 20 23 23 26 23 17 27 22 22 23 24 24 25 29 30 28 25 26 27 29 30 31
9 10 10 10 12 10 10 12 11 15 15 16 18 19 20 18 19 20 20 21 21 23 24 21 19 21 18 19 20 20 19 20 20 19 19 19 19 20 26 24 18 14 15 16 16 15 15 14 13 14 16 14 14 21 20 19 21 19 19 19 20 21 21 20 20 20 18 16 14 14 20 16 20 24 15 19 21 24 21 16 25 22 22 23 23 24 25 27 29 29 27 26 27 28 31 31
9 12 11 10 9 9 11 11 14 17 14 13 13 18 16 20 20 21 21 23 22 24 23 20 26 22 19 20 19 20 21 21 20 20 22 20 20 21 22 19 20 22 16 17 14 14 16 16 12 23 22 19 26 24 21 19 19 19 18 16 19 20 17 18 20 18 15 18 17 20 19 15 19 22 18 18 14 18 16 20 24 21 23 22 24 26 27 28 31 28 27 28 28 30 32 32
10 8 9 9 9 9 10 11 14 14 13 15 18 19 17 16 21 20 20 24 21 20 21 24 22 21 18 19 22 21 23 24 22 22 24 19 19 20 20 22 22 20 21 12 12 21 20 20 20 22 24 19 24 25 21 19 19 19 17 17 17 14 16 16 14 14 13 14 14 15 18 19 19 20 21 21 22 22 22 21 21 21 22 23 24 26 30 31 29 28 25 28 29 30 24 21
10 10 10 11 10 11 12 12 13 12 13 14 15 18 15 17 19 21 22 24 23 21 27 20 19 18 17 19 21 19 20 21 26 24 25 19 20 18 21 19 18 24 23 16 13 12 15 20 20 22 16 22 21 23 20 19 15 15 15 14 14 14 15 14 15 16 15 14 18 18 18 18 15 18 19 19 19 19 22 20 20 21 23 24 25 26 28 27 27 26 27 28 28 29 30 31
10 10 9 11 10 13 16 12 13 12 14 15 15 17 14 14 16 21 23 24 25 21 23 26 19 18 18 18 17 18 19 21 27 23 21 20 18 20 22 16 17 18 17 23 14 14 17 21 21 19 21 21 20 20 22 20 15 14 14 13 15 15 15 16 16 12 12 15 15 19 19 19 19 14 14 15 19 20 20 20 21 21 22 27 27 28 27 27 27 27 27 27 29 29 29 29
10 12 10 12 11 14 17 14 14 14 16 18 17 18 16 14 16 19 22 24 22 20 18 25 25 22 19 17 18 19 21 21 25 25 24 16 21 20 21 22 14 16 12 22 22 16 17 23 23 19 21 21 18 18 21 15 13 14 14 14 16 16 13 16 15 16 13 13 18 18 19 18 18 18 14 18 19 19 20 20 16 21 23 27 27 30 29 26 26 25 24 24 28 28 29 29
9 9 11 13 13 13 13 13 13 17 18 19 16 15 15 13 15 18 23 19 16 13 14 22 23 26 24 18 19 19 20 17 24 22 28 17 21 20 21 16 14 16 15 20 22 15 16 21 20 19 19 20 20 18 18 15 17 15 14 12 12 14 13 13 13 15 16 13 17 14 18 18 14 19 19 14 15 19 19 19 20 17 22 25 28 28 27 26 26 24 24 25 28 29 29 29
9 9 9 11 11 11 12 13 16 17 21 21 17 16 14 14 17 21 20 17 12 19 20 19 18 22 25 20 19 18 20 16 22 23 22 18 20 19 19 19 20 21 21 19 22 16 15 20 18 18 18 19 17 15 12 13 13 14 12 14 12 13 13 15 16 15 16 13 12 15 13 15 17 16 15 18 20 20 15 19 19 20 23 26 27 27 27 26 26 24 26 27 27 28 28 27
11 11 11 9 11 13 14 14 17 19 20 22 20 17 17 19 22 22 19 16 16 18 18 16 17 20 21 19 19 18 21 19 25 24 26 28 21 21 20 20 21 19 20 20 19 19 20 17 18 17 14 15 12 14 16 15 18 14 14 15 15 15 15 15 15 13 15 13 15 19 14 18 14 14 15 15 17 16 15 16 20 20 23 25 28 29 26 20 26 26 27 28 21 22 27 27
11 10 11 10 11 12 14 13 14 17 20 19 18 21 20 21 20 19 16 13 21 20 19 18 17 17 17 16 17 18 21 17 16 21 25 22 21 19 20 21 22 21 18 19 17 18 18 16 17 18 14 15 12 14 17 16 20 17 16 15 15 15 15 15 13 13 13 13 12 19 14 18 19 19 17 13 14 17 19 19 20 21 24 25 27 25 26 21 27 27 27 28 28 22 22 30
9 10 12 14 12 11 11 11 13 15 19 17 16 17 16 16 17 17 22 17 25 23 21 20 19 18 18 16 16 17 19 22 14 20 20 15 20 20 17 18 18 18 18 18 16 18 15 15 17 17 12 15 14 14 16 17 16 13 14 15 15 13 15 13 13 13 13 13 12 12 15 15 15 17 17 15 13 18 16 20 20 21 23 25 26 25 26 20 20 27 17 17 17 18 18 29
8 10 12 13 11 12 12 10 13 14 16 17 14 13 15 16 17 14 17 20 20 24 18 18 19 17 16 15 15 18 17 20 17 14 14 13 22 19 19 18 18 18 16 18 18 18 17 17 19 15 14 14 16 17 14 17 12 14 14 17 16 15 15 13 15 19 16 13 13 16 13 19 19 19 18 17 18 21 21 21 21 21 20 24 25 25 25 26 26 20 27 21 21 28 18 29
11 10 11 10 9 12 12 11 12 12 13 13 12 12 13 13 15 14 18 20 17 26 21 18 19 17 17 16 15 16 18 21 21 15 15 21 21 20 20 17 17 18 18 16 16 18 19 19 18 18 13 13 14 18 17 17 14 15 14 16 17 16 15 13 15 19 17 15 12 13 12 19 18 18 18 18 19 19 20 20 20 20 21 21 24 25 26 25 25 20 27 27 28 28 29 29
10 11 10 10 11 12 11 12 10 9 10 10 10 12 12 13 13 13 18 20 15 26 19 18 19 19 17 19 19 16 18 18 18 19 19 19 17 17 18 18 18 18 18 16 16 17 18 21 19 18 17 17 15 14 13 14 13 15 14 16 15 15 13 13 12 19 17 15 12 15 15 19 15 18 19 19 19 15 19 20 20 21 21 21 24 24 26 26 25 26 26 26 27 28 28 29
6 10 11 11 11 12 10 11 12 12 12 10 11 13 11 12 14 13 15 19 17 18 13 20 17 19 19 21 18 18 19 17 17 18 17 17 17 17 16 18 18 19 19 18 18 18 20 21 24 24 20 18 15 13 15 16 17 14 17 16 17 16 14 13 13 15 18 17 17 17 17 19 17 17 20 19 19 23 21 16 20 20 23 21 21 22 26 26 26 26 26 25 27 27 28 28
6 8 10 11 11 9 10 12 12 12 12 13 13 16 14 14 13 14 14 14 15 19 21 17 14 22 23 23 21 21 19 18 17 18 19 19 17 18 17 18 19 19 20 22 21 22 19 22 24 28 27 23 16 17 20 17 15 14 16 15 15 17 17 13 13 17 15 15 15 15 15 17 20 20 20 21 19 22 16 16 20 21 21 21 22 21 22 25 25 26 24 23 24 25 25 25
