ecocropFuture/tif/c6/rcp585/ACCESS-CM2/prec_2.asc
ncols        683
nrows        518
xllcorner    -87.691666666667
yllcorner    10.708333333333
cellsize     0.008333333333
NODATA_value  nan
[rows 440 to 494 of 518, columns 288 to 383 of 683]
11 11 11 11 11 11 11 13 14 14 14 14 16 16 16 16 17 16 16 17 21 17 22 35 39 26 17 26 26 26 16 18 27 42 40 60 60 69 69 60 60 46 70 83 83 65 47 34 35 35 46 35 35 35 48 68 87 70 49 37 48 48 38 48 49 40 56 24 47 47 47 48 48 48 34 26 26 26 27 47 27 55 48 48 88 50 59 60 53 53 53 54 63 61 72 73
10 11 13 11 11 12 12 13 12 14 14 14 16 16 16 17 15 16 16 17 22 22 29 35 26 26 16 19 26 26 19 18 28 33 42 41 60 46 46 46 46 61 61 83 65 84 66 47 46 47 53 47 35 48 83 87 68 70 49 48 37 48 48 51 38 50 50 25 47 51 51 48 49 26 42 42 43 27 51 27 38 64 62 63 88 66 55 56 68 69 62 69 56 64 65 73
14 14 14 14 11 11 11 12 12 14 14 15 16 20 16 16 17 16 17 17 22 29 29 36 36 40 26 26 41 27 19 18 24 29 29 34 42 42 41 42 34 48 48 81 84 84 84 47 47 67 67 48 48 68 87 68 88 88 49 50 50 38 38 51 39 50 41 57 26 48 58 59 26 50 36 46 43 37 27 52 52 64 56 49 49 59 56 31 58 59 69 63 64 62 73 73
13 14 14 14 15 15 14 15 16 16 14 14 16 16 17 16 16 17 22 22 29 29 29 36 40 40 41 41 27 41 19 19 18 18 18 19 18 24 29 27 29 34 41 48 72 72 82 83 83 86 67 68 49 87 87 88 70 70 71 50 50 51 73 92 92 74 53 41 48 26 35 26 45 27 36 38 47 46 38 52 64 65 40 66 67 31 31 43 44 44 34 60 61 36 63 37
14 14 14 15 18 19 19 15 15 15 15 16 15 15 15 13 16 17 17 18 17 17 22 36 36 37 37 41 27 42 27 42 42 18 19 18 19 18 18 18 28 28 42 62 63 48 63 67 86 48 87 87 84 84 88 70 50 50 50 37 38 38 74 73 74 75 53 42 42 49 55 61 27 44 45 49 74 77 47 29 53 65 65 30 31 69 53 85 70 54 56 56 47 48 48 64
14 14 14 14 14 15 19 19 15 15 16 20 16 16 15 13 16 18 17 17 17 16 18 18 30 27 27 31 42 27 19 18 18 19 28 28 18 19 19 19 28 28 34 49 63 73 73 86 48 87 84 87 88 69 69 50 50 50 50 38 38 49 58 51 57 57 51 58 59 52 54 55 52 30 50 49 48 48 29 40 54 54 55 31 31 43 43 50 54 55 56 35 47 58 59 50
14 14 14 14 14 15 15 15 16 15 20 20 16 16 15 15 16 18 17 17 17 16 20 18 23 42 27 42 38 19 18 24 24 24 19 28 18 18 19 18 24 30 34 49 49 73 73 84 49 49 49 88 69 37 48 48 37 37 38 51 38 56 57 49 48 48 27 49 49 53 53 54 52 48 50 41 46 50 40 30 41 50 50 42 43 32 44 51 45 53 58 47 37 59 61 78
14 14 14 14 15 15 16 15 20 28 20 17 17 16 16 17 18 17 22 17 18 20 20 23 23 38 42 43 38 43 19 24 28 28 19 20 18 19 19 18 18 30 30 43 42 49 49 64 75 85 88 49 37 37 55 26 46 55 26 56 38 39 27 53 59 51 59 59 27 50 61 52 29 49 41 55 48 43 41 30 41 47 48 42 32 32 33 33 35 53 58 58 59 57 59 78
14 15 15 14 15 15 16 15 15 20 20 16 16 16 17 17 17 17 22 23 20 18 18 18 23 31 38 38 39 39 44 18 24 24 18 18 18 18 20 18 19 25 28 30 43 43 42 65 75 76 85 69 37 37 49 56 46 46 47 47 56 57 48 59 59 49 49 50 60 61 52 40 41 50 51 32 44 44 42 31 41 67 68 52 43 44 44 35 46 56 74 54 57 50 51 62
13 15 13 13 14 16 16 20 20 20 20 16 16 17 17 17 30 30 30 23 23 18 23 23 23 23 39 39 39 28 39 28 20 28 20 20 20 29 29 18 25 19 19 25 30 43 43 43 50 65 86 76 37 38 49 56 47 27 56 56 47 27 27 49 50 28 28 28 60 51 54 34 32 42 43 57 44 54 53 43 51 51 69 52 53 53 51 45 46 47 58 74 75 61 50 51
13 15 15 14 14 16 15 15 16 16 35 16 16 17 17 17 17 37 31 23 18 23 23 31 18 20 24 32 39 44 45 45 45 45 45 45 45 20 20 18 19 19 19 18 25 29 35 43 50 76 89 70 50 38 38 47 40 33 27 47 48 48 27 29 51 60 60 50 60 61 64 32 51 48 45 69 62 45 53 51 71 85 70 50 51 55 52 52 47 58 38 38 39 63 59 79
14 15 15 15 16 15 15 20 29 20 22 16 17 17 18 18 17 17 31 23 18 18 18 18 24 24 24 32 32 40 32 40 45 40 41 46 46 46 46 20 19 19 19 20 29 31 35 43 43 51 87 49 47 56 56 57 47 48 27 33 27 28 43 39 35 35 46 37 37 37 39 40 49 41 33 58 58 58 45 45 56 88 86 80 88 54 53 53 73 74 74 93 94 58 59 63
14 14 15 15 15 16 16 20 20 20 22 22 22 17 17 17 17 18 23 23 31 31 32 20 21 24 24 24 24 40 40 40 41 46 29 29 29 20 20 29 19 19 19 19 29 44 43 43 43 51 77 51 48 33 28 28 33 34 34 42 43 34 38 59 44 44 41 42 47 38 52 63 30 40 32 57 58 58 59 61 48 52 81 83 81 83 83 83 90 81 92 93 94 59 60 97
27 27 28 28 15 16 16 29 29 21 22 22 22 22 17 17 19 23 18 19 23 24 18 24 20 24 24 24 24 25 33 41 46 46 29 29 30 20 20 20 20 19 19 19 25 31 35 44 43 51 88 51 50 48 48 28 34 42 42 34 34 28 38 73 73 74 41 42 62 48 47 63 54 32 56 57 34 59 59 34 36 55 88 82 95 86 90 93 84 92 94 78 79 79 81 61
33 34 34 34 28 15 16 29 36 30 30 22 17 18 17 18 19 18 19 19 24 24 20 20 20 24 24 24 22 22 25 33 29 30 30 30 30 20 20 20 30 20 20 20 20 29 36 36 36 43 68 72 39 57 48 28 34 34 34 34 43 43 59 73 74 69 75 61 62 42 47 31 54 41 33 34 58 35 62 59 60 45 87 79 88 87 98 93 81 85 93 78 95 97 89 61
33 38 34 35 35 29 29 29 36 30 30 22 17 17 17 18 18 18 18 19 18 20 20 20 20 20 20 25 21 21 21 33 47 20 30 30 19 19 20 20 30 30 30 30 20 30 26 30 30 36 45 79 73 39 50 58 34 29 35 43 38 38 59 60 60 61 41 42 42 42 48 40 32 32 34 44 35 34 58 59 60 45 51 82 89 84 95 94 93 82 86 79 80 97 98 62
28 28 39 35 35 40 36 36 30 30 30 22 17 18 17 19 17 23 24 18 24 40 40 40 24 25 25 25 22 21 21 42 48 30 19 19 20 20 19 19 19 20 21 19 21 19 26 36 52 52 69 79 89 73 51 51 49 35 29 44 59 59 68 69 75 41 41 62 62 43 78 79 49 42 43 52 54 44 48 53 54 55 72 54 96 59 84 82 94 83 87 59 60 56 68 84
28 28 29 29 29 36 30 30 30 30 31 17 17 23 18 18 18 24 40 32 40 46 46 41 47 33 47 33 34 21 34 48 20 30 26 20 26 26 20 20 20 20 30 30 30 26 26 31 44 44 69 93 93 93 40 51 30 35 59 59 73 68 60 69 69 70 71 71 72 73 44 66 50 51 69 69 71 49 53 49 55 55 57 76 80 58 76 93 77 78 96 80 82 68 70 65
28 28 35 29 29 30 37 30 30 21 31 31 31 32 18 18 32 32 40 29 29 41 41 47 47 47 30 30 48 43 43 49 21 20 20 26 30 26 20 26 30 32 37 36 32 32 36 45 53 45 90 93 73 74 51 50 30 59 67 67 68 68 69 69 70 71 71 72 65 46 67 46 81 81 82 83 85 50 49 49 46 47 59 56 59 92 92 93 94 78 60 65 66 64 64 87
35 39 40 29 30 30 37 30 21 21 23 23 39 39 39 40 46 29 29 19 29 20 30 18 18 19 19 20 21 21 22 22 22 19 20 20 26 26 20 20 30 32 37 45 45 37 46 70 80 90 93 52 52 51 59 36 44 60 67 79 68 74 69 70 70 71 72 73 80 80 67 73 75 82 76 76 85 49 49 50 56 57 59 77 94 84 92 94 94 95 60 65 56 57 69 67
25 40 26 41 30 30 30 31 21 23 31 32 28 29 29 29 18 18 18 18 20 20 20 26 30 20 20 30 20 26 28 21 21 21 19 19 26 21 21 21 26 47 47 47 47 46 46 54 81 94 94 74 74 53 59 31 31 74 67 68 69 61 61 75 82 77 73 74 79 66 67 74 74 75 69 48 48 49 87 79 57 53 57 96 79 93 82 93 94 96 65 65 45 46 69 70
17 26 26 41 37 37 38 43 31 31 39 39 29 19 19 29 18 19 19 19 26 30 26 26 30 26 20 31 21 26 29 29 22 22 19 21 21 22 21 21 26 32 37 47 47 46 46 71 90 91 91 74 74 41 60 31 37 39 74 68 80 70 70 70 82 72 80 73 73 73 74 74 82 75 47 69 70 71 87 72 52 53 55 56 56 55 94 77 78 81 56 56 57 70 66 67
40 26 41 42 42 27 27 28 28 39 28 19 19 19 19 29 19 19 19 26 26 32 32 32 38 38 38 34 31 21 33 32 31 31 31 26 19 20 20 31 26 32 37 47 47 37 47 54 91 91 91 95 53 51 32 37 45 39 68 80 71 84 82 83 83 74 73 86 73 84 73 75 82 82 47 70 70 49 50 51 52 74 91 76 60 55 93 77 64 55 54 56 63 68 69 70
26 26 26 27 42 27 18 18 18 19 19 18 18 19 18 18 19 18 18 26 32 32 49 49 49 47 55 47 30 21 28 31 31 31 31 27 31 27 27 33 33 48 48 55 55 55 55 72 91 73 41 53 75 41 52 45 75 75 61 75 75 70 72 74 72 72 87 77 87 75 76 87 77 75 83 77 76 76 77 79 90 75 53 54 42 61 57 78 81 60 83 100 101 91 64 87
26 26 27 27 27 18 18 28 19 29 18 18 19 19 18 19 18 19 26 26 30 26 32 30 30 30 30 30 21 20 20 21 21 31 33 38 38 38 38 47 48 48 47 48 55 55 82 72 92 73 53 54 42 61 52 40 61 61 61 75 69 70 82 83 74 84 76 75 87 87 87 74 74 76 88 88 89 77 77 78 93 91 91 92 93 77 77 95 96 60 66 67 63 68 65 72
17 17 17 18 18 17 17 18 29 29 19 19 18 18 30 19 21 19 19 19 21 18 18 18 18 21 21 19 21 21 21 21 21 31 33 38 49 49 49 47 56 56 48 73 73 73 73 83 92 75 75 96 54 61 53 53 40 40 62 76 76 70 77 71 71 71 73 73 73 75 74 74 83 76 76 77 76 77 77 91 92 82 83 80 82 85 78 80 60 60 62 67 62 63 70 60
17 16 17 27 18 17 17 17 29 19 19 18 18 19 30 30 30 21 21 21 18 21 31 31 21 21 21 21 21 20 20 27 27 21 27 31 31 38 49 49 48 48 49 73 73 83 73 56 83 93 97 76 76 54 42 53 38 38 47 40 41 77 63 78 78 78 72 73 73 81 82 82 83 75 84 49 87 79 91 78 92 92 83 92 85 95 95 80 81 99 100 83 101 64 69 60
17 17 16 17 17 17 17 18 19 19 18 18 18 18 20 30 30 21 31 31 31 31 51 44 51 32 52 52 52 32 21 21 21 21 21 27 27 31 33 33 38 38 49 48 56 75 75 56 75 84 84 97 98 76 77 44 62 54 54 39 39 41 77 78 71 79 72 73 73 74 82 75 76 78 76 77 78 77 91 91 92 79 80 84 85 86 96 97 65 99 100 83 84 103 86 70
28 24 24 17 18 18 17 19 19 19 18 19 19 19 20 18 31 31 50 43 44 51 31 52 35 45 32 32 54 54 32 21 20 20 21 21 21 21 21 21 31 33 38 49 48 57 56 48 56 75 75 85 85 98 95 100 77 44 54 63 34 55 41 49 43 66 73 73 73 68 75 88 75 89 76 78 77 77 78 78 79 83 80 82 82 87 88 97 82 99 90 90 84 64 65 65
30 30 28 28 24 17 19 19 18 19 19 19 26 30 26 21 18 31 51 35 35 35 44 52 52 45 45 45 54 46 55 32 20 21 20 20 22 20 21 27 27 32 49 38 48 48 57 48 57 48 57 76 95 85 100 77 101 45 35 35 41 49 42 42 42 43 80 73 82 82 83 76 76 76 76 78 77 79 90 78 79 93 85 96 84 85 98 88 98 83 58 49 59 50 51 66
64 52 46 46 37 31 29 25 26 26 26 30 20 20 20 18 18 31 44 44 44 52 32 20 21 32 32 32 32 32 55 33 20 22 20 20 21 21 20 20 22 28 34 49 49 76 57 57 57 76 85 77 86 95 78 56 45 63 64 78 78 43 43 43 36 36 45 74 74 83 75 84 85 76 78 77 79 89 90 91 82 94 80 83 87 87 97 87 98 99 68 50 50 60 71 72
39 40 78 74 66 53 54 48 52 52 52 52 30 30 31 27 26 21 31 52 32 32 21 21 32 21 21 32 32 21 22 33 22 20 20 20 27 22 20 20 20 22 34 39 49 49 58 58 58 77 86 86 96 96 56 78 55 56 43 78 79 65 43 50 44 51 46 69 83 75 84 75 87 87 72 73 89 74 75 53 54 55 78 85 96 96 87 87 98 99 63 59 60 65 71 73
43 38 50 49 49 46 47 63 82 77 70 70 55 49 49 52 39 27 18 18 20 20 20 21 32 32 32 33 33 22 22 22 21 21 27 28 28 28 28 22 20 22 34 34 39 49 58 77 78 86 96 101 78 101 102 78 64 36 43 65 65 65 44 51 45 45 46 47 48 48 48 71 72 72 57 57 58 74 59 61 61 55 56 79 96 96 87 88 83 62 63 69 72 105 88 107
nan nan 46 38 38 57 58 58 64 64 83 77 78 71 56 49 52 33 27 21 21 20 20 21 21 33 33 33 56 21 22 20 27 28 28 32 32 28 28 32 28 28 34 39 39 49 78 95 86 87 96 96 78 56 57 57 37 43 65 65 67 67 67 45 52 52 53 47 55 55 49 56 50 50 57 58 58 53 61 52 55 77 78 79 86 87 88 88 83 62 85 64 65 87 88 89
nan nan nan nan 47 39 38 38 59 51 48 84 78 71 72 72 56 52 39 52 33 34 31 22 20 21 21 20 21 21 20 20 28 28 28 28 28 22 28 32 34 32 34 39 39 50 59 87 87 79 87 102 46 46 46 65 37 66 66 66 67 67 67 81 46 53 47 54 47 42 42 56 73 nan 51 60 61 61 54 53 63 63 78 79 81 61 61 61 62 84 64 65 66 66 67 68
nan nan nan nan nan nan 61 39 39 39 52 51 51 52 49 67 86 79 73 86 80 58 58 49 40 34 39 39 39 40 32 32 34 32 34 34 28 22 20 20 33 34 39 50 50 59 87 96 100 78 57 56 65 65 65 58 44 66 66 45 52 52 45 52 69 47 47 48 55 42 48 nan nan nan nan nan 53 52 53 63 63 64 58 59 66 61 61 62 62 63 86 86 105 106 67 68
nan nan nan nan nan nan nan nan 73 69 73 63 40 53 60 52 52 50 69 69 50 69 70 81 82 75 59 59 75 75 49 49 49 49 40 40 40 34 33 33 40 50 59 95 99 96 77 56 46 57 58 58 58 51 51 45 80 73 67 46 46 52 45 53 69 70 70 71 71 56 nan nan nan nan nan nan nan 55 55 78 79 85 59 60 58 83 99 84 85 90 86 65 105 106 107 108
nan nan nan nan nan nan nan nan nan nan 69 75 74 63 47 41 41 46 54 62 43 53 62 62 53 52 71 93 93 72 72 94 92 85 85 77 77 60 60 95 79 95 99 56 56 57 65 43 58 39 44 44 51 67 67 67 81 81 73 67 82 82 69 69 74 75 75 76 nan nan nan nan nan nan nan nan nan nan nan 78 95 86 84 98 83 83 62 63 64 86 91 87 88 88 107 108
nan nan nan nan nan nan nan nan nan nan nan nan 76 89 70 64 64 47 47 41 54 41 41 39 40 40 56 56 63 63 63 57 64 55 64 64 64 56 56 57 39 43 43 43 47 66 80 80 71 71 72 74 73 81 73 73 67 47 82 82 82 69 83 70 70 75 nan nan nan nan nan nan nan nan nan nan nan nan nan nan nan 97 87 98 nan nan 63 64 65 87 87 73 67 94 95 108
nan nan nan nan nan nan nan nan nan nan nan nan nan nan nan 70 70 75 48 40 40 47 47 47 48 47 47 47 42 48 48 48 49 49 49 43 43 40 40 43 43 47 66 51 80 75 89 75 89 73 88 92 88 73 73 82 82 47 47 69 83 70 70 70 48 nan nan nan nan nan nan nan nan nan nan nan nan nan nan nan nan nan nan nan nan nan nan 103 87 66 73 73 74 90 109 109
nan nan nan nan nan nan nan nan nan nan nan nan nan nan nan nan nan nan 75 48 42 47 65 65 65 65 65 48 66 66 78 71 78 78 66 47 47 50 40 47 48 80 71 74 89 72 73 93 93 93 74 89 89 73 82 73 74 82 70 70 83 84 84 nan nan nan nan nan nan nan nan nan nan nan nan nan nan nan nan nan nan nan nan nan nan nan nan nan nan 92 89 67 68 91 109 110
nan nan nan nan nan nan nan nan nan nan nan nan nan nan nan nan nan nan nan nan nan 65 71 75 71 77 75 75 71 91 72 72 91 90 90 71 90 90 74 90 90 74 109 118 125 117 125 128 124 116 116 75 89 75 75 89 89 74 74 74 71 nan nan nan nan nan nan nan nan nan nan nan nan nan nan nan nan nan nan nan nan nan nan nan nan nan nan nan nan nan nan nan 69 109 92 93
nan nan nan nan nan nan nan nan nan nan nan nan nan nan nan nan nan nan nan nan nan nan nan nan 71 71 77 73 73 91 111 96 72 72 75 95 109 109 90 90 94 94 109 109 118 125 129 129 128 117 108 124 90 90 75 76 76 76 76 75 nan nan nan nan nan nan nan nan nan nan nan nan nan nan nan nan nan nan nan nan nan nan nan nan nan nan nan nan nan nan nan nan nan nan 110 112
nan nan nan nan nan nan nan nan nan nan nan nan nan nan nan nan nan nan nan nan nan nan nan nan nan nan 75 72 72 91 72 72 72 110 110 95 110 109 95 91 72 110 109 118 109 109 109 94 108 117 117 94 90 74 76 76 76 75 nan nan nan nan nan nan nan nan nan nan nan nan nan nan nan nan nan nan nan nan nan nan nan nan nan nan nan nan nan nan nan nan nan nan nan nan nan nan
nan nan nan nan nan nan nan nan nan nan nan nan nan nan nan nan nan nan nan nan nan nan nan nan nan nan nan nan nan 97 111 111 111 129 129 128 96 110 96 72 95 127 127 110 110 118 109 73 75 73 74 74 74 84 84 75 nan nan nan nan nan nan nan nan nan nan nan nan nan nan nan nan nan nan nan nan nan nan nan nan nan nan nan nan nan nan nan nan nan nan nan nan nan nan nan nan
nan nan nan nan nan nan nan nan nan nan nan nan nan nan nan nan nan nan nan nan nan nan nan nan nan nan nan nan nan nan nan nan 111 133 121 121 96 120 110 96 96 128 131 119 119 110 110 95 91 76 83 84 74 84 50 nan nan nan nan nan nan nan nan nan nan nan nan nan nan nan nan nan nan nan nan nan nan nan nan nan nan nan nan nan nan nan nan nan nan nan nan nan nan nan nan nan
nan nan nan nan nan nan nan nan nan nan nan nan nan nan nan nan nan nan nan nan nan nan nan nan nan nan nan nan nan nan nan nan nan nan nan 121 97 111 111 96 96 111 120 110 96 95 110 95 75 76 74 84 77 nan nan nan nan nan nan nan nan nan nan nan nan nan nan nan nan nan nan nan nan nan nan nan nan nan nan nan nan nan nan nan nan nan nan nan nan nan nan nan nan nan nan nan
nan nan nan nan nan nan nan nan nan nan nan nan nan nan nan nan nan nan nan nan nan nan nan nan nan nan nan nan nan nan nan nan nan nan nan nan nan 76 72 72 92 96 96 96 74 92 75 92 77 76 77 nan nan nan nan nan nan nan nan nan nan nan nan nan nan nan nan nan nan nan nan nan nan nan nan nan nan nan nan nan nan nan nan nan nan nan nan nan nan nan nan nan nan nan nan nan
nan nan nan nan nan nan nan nan nan nan nan nan nan nan nan nan nan nan nan nan nan nan nan nan nan nan nan nan nan nan nan nan nan nan nan nan nan nan nan nan 93 93 121 111 111 96 93 77 77 nan nan nan nan nan nan nan nan nan nan nan nan nan nan nan nan nan nan nan nan nan nan nan nan nan nan nan nan nan nan nan nan nan nan nan nan nan nan nan nan nan nan nan nan nan nan nan
nan nan nan nan nan nan nan nan nan nan nan nan nan nan nan nan nan nan nan nan nan nan nan nan nan nan nan nan nan nan nan nan nan nan nan nan nan nan nan nan nan nan 112 76 76 77 77 76 nan nan nan nan nan nan nan nan nan nan nan nan nan nan nan nan nan nan nan nan nan nan nan nan nan nan nan nan nan nan nan nan nan nan nan nan nan nan nan nan nan nan nan nan nan nan nan nan
nan nan nan nan nan nan nan nan nan nan nan nan nan nan nan nan nan nan nan nan nan nan nan nan nan nan nan nan nan nan nan nan nan nan nan nan nan nan nan nan nan nan nan nan nan 76 nan nan nan nan nan nan nan nan nan nan nan nan nan nan nan nan nan nan nan nan nan nan nan nan nan nan nan nan nan nan nan nan nan nan nan nan nan nan nan nan nan nan nan nan nan nan nan nan nan nan
nan nan nan nan nan nan nan nan nan nan nan nan nan nan nan nan nan nan nan nan nan nan nan nan nan nan nan nan nan nan nan nan nan nan nan nan nan nan nan nan nan nan nan nan nan nan nan nan nan nan nan nan nan nan nan nan nan nan nan nan nan nan nan nan nan nan nan nan nan nan nan nan nan nan nan nan nan nan nan nan nan nan nan nan nan nan nan nan nan nan nan nan nan nan nan nan
nan nan nan nan nan nan nan nan nan nan nan nan nan nan nan nan nan nan nan nan nan nan nan nan nan nan nan nan nan nan nan nan nan nan nan nan nan nan nan nan nan nan nan nan nan nan nan nan nan nan nan nan nan nan nan nan nan nan nan nan nan nan nan nan nan nan nan nan nan nan nan nan nan nan nan nan nan nan nan nan nan nan nan nan nan nan nan nan nan nan nan nan nan nan nan nan
nan nan nan nan nan nan nan nan nan nan nan nan nan nan nan nan nan nan nan nan nan nan nan nan nan nan nan nan nan nan nan nan nan nan nan nan nan nan nan nan nan nan nan nan nan nan nan nan nan nan nan nan nan nan nan nan nan nan nan nan nan nan nan nan nan nan nan nan nan nan nan nan nan nan nan nan nan nan nan nan nan nan nan nan nan nan nan nan nan nan nan nan nan nan nan nan
nan nan nan nan nan nan nan nan nan nan nan nan nan nan nan nan nan nan nan nan nan nan nan nan nan nan nan nan nan nan nan nan nan nan nan nan nan nan nan nan nan nan nan nan nan nan nan nan nan nan nan nan nan nan nan nan nan nan nan nan nan nan nan nan nan nan nan nan nan nan nan nan nan nan nan nan nan nan nan nan nan nan nan nan nan nan nan nan nan nan nan nan nan nan nan nan
