ecocropFuture/tif/c6/rcp585/ACCESS-CM2/prec_8.asc
ncols        683
nrows        518
xllcorner    -87.691666666667
yllcorner    10.708333333333
cellsize     0.008333333333
NODATA_value  nan
[rows 210 to 251 of 518, columns 95 to 189 of 683]
101 98 93 92 89 78 77 77 79 91 81 80 79 86 85 79 81 81 76 88 86 82 88 86 73 65 65 65 65 75 82 80 80 71 66 68 76 69 69 73 77 69 68 75 77 82 80 83 96 88 86 76 72 71 71 90 88 88 74 87 92 88 88 86 86 89 88 86 88 110 105 110 115 114 124 108 104 115 109 110 107 97 105 92 89 96 94 95 97 105 114 119 122 135 130
101 99 99 97 90 93 93 93 89 94 91 86 86 81 79 85 89 81 81 75 78 74 87 81 69 65 65 73 77 80 75 75 76 81 73 68 78 87 85 90 89 69 73 66 78 75 83 81 85 96 96 98 95 91 87 75 93 93 92 91 92 90 86 85 86 88 86 88 96 103 101 114 111 114 121 120 117 112 105 103 94 90 92 110 100 101 101 106 108 114 129 125 119 118 120
116 107 99 95 93 83 97 97 88 100 93 95 88 85 86 85 91 82 76 81 76 83 89 83 71 67 73 76 88 84 92 77 87 86 71 70 84 92 86 92 83 74 69 75 66 84 82 82 85 82 100 97 101 104 82 73 88 91 93 90 90 90 87 86 86 86 88 87 88 97 101 97 104 115 120 123 127 103 100 95 100 96 100 110 109 111 121 125 134 130 133 134 133 129 131
115 108 104 95 90 95 99 97 93 101 97 91 87 82 84 86 92 94 79 82 85 87 91 94 93 89 82 83 93 84 84 89 86 80 81 77 76 88 86 86 71 78 82 83 76 77 82 81 86 85 76 84 98 105 92 88 88 88 84 78 79 88 86 86 86 85 85 86 88 82 96 89 91 90 109 120 121 118 110 110 111 111 120 133 124 126 112 113 120 120 126 126 127 126 128
125 115 111 100 97 94 95 98 98 98 97 100 97 98 90 98 98 88 84 87 95 99 97 99 93 81 76 80 90 89 92 91 82 83 85 89 83 83 88 87 74 78 86 82 75 68 83 76 82 76 83 80 80 83 96 98 92 89 89 69 70 81 86 86 85 85 85 86 87 82 86 86 89 86 90 118 117 120 127 130 131 124 130 132 126 121 110 109 115 114 119 124 124 127 130
127 116 120 113 105 102 101 101 97 100 102 103 104 98 99 98 97 100 106 94 93 103 105 104 90 96 85 89 91 95 98 92 81 83 83 91 90 89 94 92 86 86 86 84 70 75 89 84 84 81 77 80 81 92 85 94 94 91 89 80 77 81 87 87 83 85 86 87 86 81 82 84 84 83 90 102 116 112 123 125 126 119 116 119 122 120 116 105 113 109 112 121 121 122 123
127 118 117 120 112 113 117 111 101 104 97 101 104 104 100 100 100 97 107 110 97 98 107 103 99 105 103 107 99 88 86 88 86 82 83 87 93 97 105 100 87 83 86 83 78 85 91 85 81 77 78 76 86 92 89 80 76 72 82 69 77 78 80 86 84 85 86 86 79 82 86 86 89 95 96 89 104 116 120 123 123 113 104 109 122 122 103 98 95 104 113 120 117 123 121
119 112 112 113 115 111 105 111 112 110 105 103 103 106 97 96 100 101 103 105 103 101 105 103 102 103 100 96 90 94 102 105 94 88 97 101 104 101 103 102 92 84 90 90 83 79 79 92 90 85 78 82 84 92 90 81 74 72 70 69 69 69 77 88 86 86 86 86 82 87 87 108 109 100 99 109 102 108 116 115 118 108 108 110 117 114 112 112 102 102 112 117 112 116 121
120 114 108 110 114 119 122 114 114 111 119 101 107 119 107 99 96 106 105 106 110 111 107 106 110 109 104 98 106 100 98 110 103 106 103 111 98 104 105 104 91 85 97 103 91 84 83 78 81 92 82 81 90 87 88 89 71 71 77 79 85 79 84 85 85 85 86 78 79 88 95 109 111 99 106 113 110 113 115 114 116 110 105 106 111 109 101 106 92 93 87 89 89 95 97
129 121 114 111 111 112 129 119 109 108 111 107 110 109 105 101 96 96 106 109 108 109 108 108 110 110 106 114 114 109 106 94 102 107 98 101 107 106 104 102 100 104 105 101 94 94 92 84 87 77 85 79 83 89 87 83 70 80 88 84 83 83 83 85 85 85 85 79 81 87 95 102 105 106 108 114 115 115 116 112 111 107 101 102 105 97 96 94 91 92 81 84 94 102 105
129 128 121 123 114 123 117 118 113 108 107 111 109 103 99 97 91 95 110 114 116 114 109 110 112 113 112 124 124 125 120 103 106 105 111 107 105 107 104 104 103 104 102 99 91 89 92 94 81 72 81 85 90 89 84 82 71 72 88 86 86 84 83 85 71 72 83 85 88 94 97 88 90 91 99 101 111 117 114 102 103 101 98 97 102 101 97 99 91 92 92 90 96 97 97
131 131 131 123 114 114 113 114 113 115 114 114 109 113 108 108 98 104 123 127 114 108 110 114 109 109 114 125 128 129 115 106 107 100 108 105 105 105 105 104 102 105 106 102 86 75 80 84 87 74 81 85 93 92 82 70 68 69 89 86 86 86 84 82 71 82 71 85 88 96 99 94 94 88 90 93 116 116 113 112 106 103 98 96 95 99 97 98 99 92 97 95 96 95 97
131 133 127 115 114 121 110 117 109 109 119 119 114 116 120 120 117 125 128 128 116 106 108 110 110 116 122 126 130 124 117 99 109 107 108 110 111 111 107 103 93 103 104 101 91 90 72 84 90 77 73 74 79 93 76 70 76 82 84 79 85 84 83 82 71 71 71 72 88 95 106 101 100 86 87 89 93 108 107 112 110 107 98 94 87 88 97 98 98 101 104 108 91 94 100
131 133 135 123 118 125 116 112 118 109 110 108 107 118 113 114 115 129 124 109 104 107 109 111 113 116 118 124 114 112 110 112 114 116 107 103 101 95 94 87 90 100 103 97 91 86 79 77 82 80 72 82 73 75 77 70 68 77 81 83 82 82 81 70 71 89 71 82 85 93 102 100 96 83 96 93 97 91 99 108 104 101 98 86 86 98 97 97 97 102 97 90 85 84 109
127 129 134 126 122 121 125 120 116 119 118 120 108 121 118 114 113 119 119 119 104 113 116 111 111 118 114 113 116 110 106 103 110 117 116 100 103 103 97 76 91 94 101 92 90 83 78 83 81 86 84 69 74 70 75 77 79 77 77 85 80 69 88 88 89 90 70 84 89 96 93 88 85 80 93 102 104 102 88 103 105 104 100 97 93 94 96 95 99 92 100 91 81 84 95
124 120 123 130 130 129 119 118 121 110 110 112 112 113 113 121 119 119 133 123 110 122 112 130 126 126 118 111 112 113 112 109 110 117 115 106 105 107 100 78 89 96 91 85 82 80 77 86 82 87 80 66 74 75 75 80 82 86 91 86 71 89 70 88 89 85 90 82 88 85 83 78 83 82 75 86 88 93 92 92 108 105 93 88 85 94 94 95 97 98 92 94 101 104 94
111 122 121 120 138 130 123 123 113 114 112 113 113 113 111 120 120 117 125 125 124 129 121 128 126 125 111 115 117 119 114 114 112 111 110 107 99 95 90 84 75 81 82 75 77 77 75 95 80 82 77 75 78 83 75 74 88 97 97 87 78 91 71 70 70 89 91 85 83 81 75 78 79 81 85 83 91 96 108 99 97 92 93 88 86 98 94 89 99 106 107 100 95 107 99
111 114 111 125 131 129 131 124 114 114 114 111 110 110 113 114 122 119 119 120 127 126 133 122 122 117 120 116 120 118 106 105 112 103 99 95 93 87 85 83 70 79 82 86 77 79 86 96 80 70 89 91 76 80 76 83 100 103 97 85 94 85 89 88 88 89 81 81 90 82 71 76 80 75 75 72 88 90 99 94 83 88 87 84 84 96 95 95 99 106 99 107 95 101 112
114 116 120 114 121 124 121 121 122 113 113 113 113 113 112 114 118 118 122 126 126 127 123 119 118 122 121 116 117 115 107 99 100 92 82 84 85 82 81 68 69 79 83 84 86 90 97 81 90 101 104 101 96 81 80 89 107 110 99 99 88 84 86 90 85 85 85 85 90 84 75 77 77 76 86 79 82 74 72 71 72 82 83 86 94 95 94 103 106 97 92 94 95 95 112
115 115 122 117 113 122 133 132 131 124 121 122 114 114 122 124 124 118 120 124 122 114 119 123 123 122 117 121 117 121 109 100 95 92 88 83 76 77 76 74 85 82 79 83 83 88 93 92 93 94 95 92 88 76 83 86 112 106 93 93 96 90 81 90 90 90 80 81 91 81 71 73 81 88 88 89 88 100 97 92 85 94 94 95 92 93 93 95 101 97 104 104 106 106 97
115 115 115 115 126 127 140 139 130 139 132 125 124 124 124 124 120 120 122 122 125 122 120 121 119 121 119 117 123 121 117 107 115 104 86 74 76 81 89 89 89 85 84 82 84 90 84 85 89 94 88 75 67 68 81 97 113 111 97 83 95 91 81 66 90 87 86 82 85 80 73 75 86 97 97 90 95 90 87 94 99 98 101 99 98 97 90 99 96 102 107 94 101 96 102
124 124 113 127 125 134 131 131 131 139 133 133 125 122 122 124 121 122 122 122 120 120 121 125 121 119 123 123 123 121 120 120 109 95 80 81 90 99 106 100 86 89 85 82 83 89 84 76 78 90 83 79 67 73 93 99 93 91 95 91 90 73 81 79 101 112 107 72 75 86 75 78 93 90 86 95 94 99 103 104 106 103 98 86 85 79 87 100 99 101 104 102 101 103 105
125 126 124 128 128 128 135 141 141 139 139 133 133 126 126 122 121 122 125 122 122 121 118 122 119 124 123 123 123 123 121 119 107 98 75 81 90 96 108 99 85 87 84 82 84 83 76 80 71 76 81 87 67 69 87 87 92 81 90 88 86 88 90 66 93 108 101 82 95 95 93 89 82 80 76 79 90 93 105 112 113 107 101 90 87 78 79 79 92 101 108 109 108 109 112
129 129 129 125 127 124 127 134 141 134 140 134 127 124 123 123 123 121 121 125 121 120 124 118 117 120 117 120 114 122 120 113 108 104 92 82 92 98 106 99 87 85 83 82 84 76 79 82 78 85 83 86 67 67 83 81 80 82 70 81 86 85 90 91 90 93 89 76 92 95 98 84 89 80 69 69 72 80 98 114 114 106 102 97 95 86 87 76 91 90 108 101 109 108 111
127 127 125 128 128 126 128 134 135 135 134 134 127 123 125 122 121 123 122 121 122 121 120 120 120 111 107 96 100 103 121 109 112 108 111 105 96 105 109 104 95 89 87 77 83 81 76 76 85 93 90 87 73 86 84 80 89 79 71 88 96 85 69 90 71 67 72 75 84 100 93 78 80 80 69 73 74 81 84 94 93 84 94 102 91 90 86 80 77 82 94 96 97 97 97
130 126 125 128 127 129 142 126 126 126 125 125 123 127 126 126 126 123 126 126 123 121 119 124 121 113 106 91 95 94 94 105 110 110 109 110 115 110 114 107 108 93 89 80 79 76 80 75 80 94 91 82 68 82 86 95 95 95 78 88 83 83 84 70 71 71 71 74 92 88 82 82 87 87 90 87 89 83 70 79 81 81 75 86 83 81 87 87 86 80 91 102 86 85 85
129 128 126 127 126 129 136 136 129 129 126 125 123 125 125 123 123 122 140 134 126 126 119 123 124 124 120 116 121 120 120 114 108 114 108 111 111 121 121 118 95 81 77 76 87 89 86 88 93 93 96 86 68 77 88 88 90 99 83 81 79 81 87 87 85 85 82 80 74 78 93 93 87 89 94 81 87 83 72 71 82 81 86 94 93 85 75 77 77 79 78 82 82 85 81
118 127 126 130 128 130 130 142 136 129 125 125 135 135 128 128 125 123 124 127 140 139 120 117 122 122 124 118 125 121 118 124 124 125 127 115 108 108 103 102 93 88 72 74 82 91 88 88 95 100 97 89 81 67 75 83 89 95 93 75 79 78 77 81 80 82 75 75 75 76 86 95 99 100 98 94 90 83 82 74 74 76 73 83 83 84 76 90 89 82 82 79 79 80 85
121 126 126 128 127 127 127 129 129 126 126 124 128 142 135 128 128 123 123 125 139 133 121 122 119 118 120 121 119 113 119 120 124 119 119 128 128 120 112 96 110 100 77 71 81 90 91 87 96 101 97 95 91 86 80 76 84 87 94 87 78 77 69 72 83 80 74 77 84 84 94 100 103 107 101 96 87 91 84 84 78 77 74 75 80 89 90 92 93 91 78 77 83 93 93
122 127 128 128 128 131 127 125 125 129 126 128 124 136 135 135 135 124 122 127 136 138 121 119 121 120 119 131 113 108 111 117 115 109 116 113 116 129 123 125 104 102 80 73 80 84 92 95 100 99 97 92 89 91 77 92 87 86 95 93 91 89 81 77 93 93 84 77 91 90 90 97 100 108 100 93 91 93 93 91 84 79 77 75 89 94 92 92 95 93 84 77 79 92 94
117 130 129 131 131 131 128 126 126 129 126 126 128 129 136 135 129 128 123 128 135 140 126 125 118 119 119 131 123 117 117 121 116 116 118 125 129 129 116 130 100 100 83 75 80 85 86 97 95 103 99 93 88 93 86 97 88 85 90 94 93 85 87 78 95 94 95 92 91 88 95 98 105 106 96 90 87 87 92 91 86 88 86 89 94 91 94 92 95 95 96 93 92 94 94
128 129 131 129 131 128 126 127 129 129 119 119 128 125 125 125 124 127 124 123 129 135 135 135 134 122 125 127 127 126 130 130 119 123 124 126 126 126 127 130 104 99 95 98 84 94 89 87 96 90 84 89 91 90 91 76 82 75 87 96 85 82 84 98 98 95 95 99 99 95 94 88 78 75 84 89 90 91 88 88 91 89 89 92 93 92 92 94 95 94 93 96 96 97 98
130 132 138 138 129 127 129 118 119 127 127 127 127 125 125 129 121 121 127 129 129 135 128 129 123 123 123 123 122 127 120 118 119 117 123 121 123 123 126 121 125 106 102 110 102 104 116 101 91 107 106 104 93 91 80 71 70 68 82 96 89 95 95 95 106 101 101 91 99 94 93 86 81 83 90 84 84 91 85 89 83 91 91 92 92 93 91 95 100 97 93 95 95 93 97
132 132 132 132 128 128 126 129 130 129 129 126 126 129 129 127 124 126 127 124 126 135 128 124 125 128 127 119 122 122 121 120 126 126 126 123 121 121 126 126 125 120 112 111 110 101 111 118 94 108 94 95 94 87 81 79 85 87 80 83 83 90 99 105 110 102 96 99 98 95 93 93 85 95 89 88 88 87 90 88 90 90 90 91 92 91 92 95 100 99 95 95 93 94 94
132 139 130 132 129 132 128 126 128 126 127 129 129 129 129 127 130 128 122 126 124 128 132 125 128 128 133 117 120 122 122 126 126 126 121 114 113 119 121 121 125 124 124 115 117 106 112 117 95 109 102 100 98 94 83 82 83 85 90 73 94 101 96 96 107 105 101 105 101 87 86 97 99 91 95 93 86 91 92 88 88 90 94 93 91 85 86 93 94 100 98 92 95 93 96
140 139 132 130 139 132 132 129 127 127 130 130 126 126 126 127 130 124 115 122 124 128 134 129 125 128 135 133 122 127 122 126 126 126 121 109 104 113 121 121 120 119 120 119 117 116 115 113 96 109 103 96 97 96 84 81 86 85 86 69 91 97 103 96 93 99 109 107 105 102 94 94 87 97 100 96 93 95 94 86 90 97 94 93 91 85 105 86 96 98 95 95 95 96 96
140 140 139 133 132 132 132 129 130 129 127 126 126 126 128 128 127 124 128 128 124 126 128 129 129 135 135 134 128 122 122 126 126 126 121 115 111 116 123 122 120 116 100 107 111 113 105 93 92 100 95 93 97 97 85 81 83 87 87 72 89 95 102 110 105 90 113 110 99 97 91 91 94 93 97 92 88 89 90 88 90 99 99 96 91 85 92 93 94 96 94 96 95 96 96
146 146 146 146 146 130 130 130 130 128 127 128 128 128 131 130 125 125 130 130 142 126 129 129 125 125 125 122 123 123 126 126 126 126 122 132 128 126 127 126 116 112 98 98 103 103 99 95 95 99 100 94 92 92 85 83 84 88 87 87 80 93 105 107 105 107 90 105 107 96 81 80 89 91 88 89 89 88 90 89 82 90 99 99 92 92 92 90 95 93 92 95 90 95 96
136 146 136 138 136 139 128 130 128 132 138 138 131 128 131 137 127 129 142 136 142 135 125 127 124 123 124 125 128 124 122 126 126 126 123 127 125 122 121 124 104 111 103 106 110 108 105 104 96 98 105 103 95 93 90 87 87 85 85 87 80 84 97 96 100 102 96 89 95 100 95 95 89 87 91 93 98 92 92 94 89 89 92 103 93 85 86 86 92 92 90 103 90 94 103
137 146 146 137 136 139 132 130 130 138 145 138 143 131 137 143 142 142 142 135 136 129 125 125 123 121 123 125 128 135 127 122 126 126 126 121 121 125 125 120 113 120 120 123 104 113 105 95 99 86 91 98 95 91 91 84 87 88 86 80 74 78 93 91 93 94 99 86 93 99 100 102 95 94 99 105 98 94 112 95 87 91 83 93 84 86 86 91 107 88 109 90 90 91 95
137 137 136 147 147 133 129 130 130 128 132 138 138 138 138 137 134 134 142 142 136 136 125 129 129 135 140 140 140 140 127 126 125 126 126 121 123 125 125 125 124 123 117 111 96 108 100 82 72 79 93 96 94 91 85 80 83 88 82 71 72 73 79 79 89 89 93 98 82 93 101 111 105 102 106 106 106 98 107 103 105 92 80 97 91 91 93 106 87 88 109 101 94 110 97
137 137 137 147 131 133 130 130 129 132 132 138 138 138 138 144 143 134 143 142 142 142 135 129 135 141 140 140 140 140 127 124 125 121 121 125 125 125 125 126 127 123 117 109 118 102 94 84 83 78 83 94 94 91 81 80 83 89 78 73 70 70 80 72 70 92 93 96 100 85 97 112 109 111 112 109 99 108 94 93 92 80 80 77 79 86 77 100 107 107 108 94 80 103 96
