ecocropFuture/tif/c6/rcp585/ACCESS-CM2/prec_11.asc
ncols        683
nrows        518
xllcorner    -87.691666666667
yllcorner    10.708333333333
cellsize     0.008333333333
NODATA_value  nan
[rows 352 to 395 of 518, columns 384 to 479 of 683]
243 244 245 247 254 256 254 257 259 260 283 284 264 258 259 260 261 270 271 294 274 275 276 279 272 271 275 284 286 287 277 282 284 285 293 341 319 299 300 300 302 295 296 307 309 310 312 303 334 315 317 318 317 312 319 324 322 323 324 324 330 350 351 352 352 336 333 334 328 327 329 330 337 332 332 333 334 334 336 333 332 334 333 350 297 276 279 277 280 279 279 nan 288 nan nan 286
243 244 245 225 248 254 255 251 258 259 260 262 257 237 257 260 268 269 272 296 275 276 278 279 273 274 284 285 310 288 279 283 292 293 316 342 298 298 301 301 303 304 307 329 309 309 310 312 336 361 339 320 311 312 310 325 322 317 326 326 332 333 334 354 335 332 333 335 336 327 330 331 344 333 334 342 336 337 344 344 333 351 352 299 299 279 279 354 301 300 nan 289 289 279 288 288
198 223 193 201 247 249 255 257 258 259 254 261 257 257 257 260 268 271 295 297 298 299 325 303 281 274 276 277 287 288 289 291 292 295 317 318 297 291 293 301 294 303 306 307 308 309 312 305 316 337 319 341 312 310 310 312 314 318 319 327 328 329 330 332 332 326 334 329 342 342 343 344 346 341 335 343 344 338 336 339 340 335 336 337 301 280 281 280 302 301 282 nan 297 297 289 296
191 191 192 194 195 248 250 251 251 252 260 255 257 236 238 239 259 271 273 273 298 324 301 279 281 275 276 285 280 288 290 291 293 317 295 295 297 291 293 294 292 282 299 300 308 310 304 306 317 319 310 311 309 311 301 305 307 316 317 317 318 319 321 333 333 324 325 326 323 338 344 363 364 342 336 344 350 346 337 340 337 337 337 340 337 356 302 302 303 282 291 nan 299 298 290 293
190 210 211 212 194 203 204 229 207 198 210 234 235 215 238 258 259 222 263 266 275 276 278 279 281 283 284 310 287 280 282 291 292 295 295 288 287 275 289 291 293 297 307 308 302 303 305 314 318 316 310 311 301 300 311 306 315 319 317 318 313 321 322 317 319 328 321 323 329 332 340 341 336 337 337 338 351 352 354 341 337 340 nan 340 338 339 360 360 304 283 nan nan 300 291 291 291
219 210 211 200 213 195 204 205 200 199 199 200 204 206 216 258 260 243 265 266 268 269 270 272 274 275 284 286 288 288 290 291 293 295 287 286 287 288 294 294 293 298 309 311 309 312 313 314 308 309 311 312 310 303 323 328 326 317 318 312 314 322 316 327 324 329 330 331 330 346 341 342 343 344 345 346 352 354 348 355 350 341 342 341 340 361 nan 305 305 nan nan nan nan 300 300 298
220 222 212 213 224 225 216 217 218 219 207 221 208 204 207 209 220 262 265 275 276 277 279 281 274 275 278 287 288 289 292 317 318 296 295 290 291 293 302 304 297 298 310 309 311 312 313 318 320 317 319 324 321 324 328 329 352 353 334 334 331 333 334 335 336 337 331 332 334 341 348 349 350 369 352 353 372 373 356 350 351 345 346 340 359 343 342 nan nan nan nan nan nan nan 301 300
221 222 212 213 213 226 226 227 218 219 207 221 222 211 205 206 220 243 265 274 276 277 279 282 281 283 286 287 281 291 292 318 295 295 298 298 292 303 303 304 297 298 308 302 303 312 314 319 321 343 324 347 348 349 328 331 332 379 356 356 357 339 340 341 362 386 345 340 341 347 349 369 352 346 371 372 373 374 356 350 351 345 352 342 356 341 344 344 nan nan nan nan nan nan nan 301
220 222 222 213 213 225 226 227 218 219 220 208 222 204 205 206 210 243 272 274 277 278 279 282 282 283 284 287 289 291 293 294 296 297 298 300 302 328 306 304 306 307 302 310 314 313 314 342 343 322 324 326 349 350 329 353 333 355 381 382 359 339 335 342 362 364 366 366 367 343 344 370 370 347 348 354 374 356 351 343 345 346 346 361 338 341 344 345 nan nan nan nan nan nan nan nan
197 198 212 223 224 215 226 217 206 199 207 208 203 211 211 207 210 244 273 275 277 278 279 273 282 284 284 287 281 289 292 293 287 295 298 352 369 356 330 358 361 334 309 314 315 313 319 320 344 346 373 348 324 329 352 332 333 381 336 337 339 361 362 343 344 339 340 341 342 336 337 352 353 354 354 355 350 343 351 343 340 342 343 363 360 342 355 356 nan nan nan nan nan nan nan nan
209 210 212 213 213 215 203 196 198 201 210 203 203 223 224 225 211 223 264 275 268 270 278 273 274 275 277 279 281 282 294 295 322 323 351 367 356 358 353 361 362 363 313 312 313 303 308 318 346 373 348 392 325 326 331 327 334 357 337 338 339 341 388 364 390 391 367 341 344 344 350 352 372 374 374 375 343 341 341 341 342 360 307 343 365 368 346 nan nan nan nan nan 290 nan nan nan
190 192 193 194 195 196 197 199 207 201 203 204 213 238 216 241 262 244 265 247 267 269 270 271 273 276 286 287 281 283 292 297 346 368 369 355 372 374 361 362 363 366 339 316 341 319 320 322 324 325 323 328 330 332 328 329 336 337 386 339 340 389 365 345 366 346 347 343 336 333 345 347 348 355 374 357 351 345 345 345 354 347 345 366 367 368 371 nan nan nan nan nan 300 290 nan nan
195 196 197 194 200 201 197 205 231 232 234 235 237 238 217 220 242 244 265 247 248 251 253 254 256 274 276 289 292 290 295 322 353 326 327 372 373 353 361 363 381 382 368 341 370 344 321 324 349 326 352 353 331 333 333 336 359 338 361 340 341 343 366 346 346 341 342 343 351 351 352 347 348 349 349 350 344 352 354 354 354 345 344 345 347 371 372 313 nan nan nan 292 301 nan nan nan
194 190 222 224 225 201 204 205 252 253 256 257 236 261 261 262 261 222 264 265 248 251 253 254 256 274 278 288 292 293 321 366 369 356 327 373 374 355 363 364 382 384 386 371 344 345 318 325 326 327 353 382 332 334 334 336 338 339 340 364 365 366 346 368 368 342 336 337 345 373 353 354 349 342 343 351 351 352 354 362 347 348 345 348 368 313 nan nan nan nan nan 292 291 nan nan nan
220 221 245 246 249 201 204 230 252 253 256 257 258 258 261 262 261 243 246 265 266 269 271 272 273 277 286 290 293 321 351 369 356 357 373 374 376 379 365 382 384 370 371 372 345 376 348 320 322 327 330 332 327 330 330 331 339 334 336 365 366 367 396 370 370 343 344 345 353 374 375 376 356 351 351 352 360 361 355 362 355 349 351 346 368 313 294 nan nan nan nan 293 nan nan nan nan
243 244 245 246 248 250 249 258 259 261 262 257 258 266 267 268 270 265 265 267 270 271 273 275 276 285 289 292 321 321 323 355 372 373 374 377 379 364 366 384 387 388 390 391 375 377 378 326 328 324 325 327 328 331 331 332 333 334 337 344 368 369 398 417 399 373 400 401 402 403 377 379 379 359 359 360 354 355 348 355 356 349 347 367 367 313 294 nan nan nan 295 293 nan nan nan nan
244 250 246 253 254 257 259 290 291 336 324 266 268 297 299 272 273 272 267 266 270 271 280 283 286 288 288 320 353 321 355 356 373 374 376 379 330 360 333 335 366 390 392 372 373 349 381 401 384 385 357 388 360 361 363 364 365 343 396 396 397 371 372 419 420 421 422 403 404 404 424 407 360 361 361 354 347 349 356 347 345 346 347 313 369 295 296 nan nan 305 305 305 nan nan nan nan
249 250 284 285 285 287 288 332 334 335 337 338 339 328 299 268 271 265 267 268 277 271 274 283 284 289 290 292 354 370 350 352 375 354 327 328 330 330 332 335 367 369 393 395 379 380 352 383 385 386 407 389 361 338 339 340 343 416 397 398 371 372 373 374 375 404 424 405 406 407 407 381 361 363 346 347 345 350 357 347 346 364 366 313 305 296 296 nan nan nan 296 305 nan nan nan nan
243 250 245 252 253 287 317 331 333 312 335 313 337 341 330 268 271 266 267 268 280 279 284 283 286 317 319 321 347 322 324 323 324 325 327 332 343 336 333 336 338 369 393 396 399 401 383 384 386 357 389 410 392 393 395 396 397 398 398 371 372 373 352 353 347 354 406 408 430 429 430 410 411 411 355 356 350 350 358 351 347 347 313 295 297 nan nan nan nan nan 295 296 nan nan nan nan
247 249 250 254 256 287 318 309 334 335 313 314 339 329 330 301 273 275 274 275 280 312 346 364 364 366 352 371 319 323 324 351 352 377 351 356 358 332 334 340 342 344 374 398 378 401 384 405 388 389 390 392 413 393 416 417 418 419 400 372 403 404 353 354 354 408 409 410 411 431 432 432 413 413 386 366 358 351 352 346 364 366 368 315 nan nan nan nan nan nan 297 296 nan nan nan nan
251 252 253 285 316 328 330 310 311 321 313 290 327 329 300 301 303 306 277 268 280 312 362 365 366 314 316 355 319 318 324 322 352 379 380 384 368 387 389 368 339 354 345 401 378 376 381 405 389 390 392 393 416 396 396 397 398 423 424 424 405 376 377 378 379 410 380 381 412 412 434 414 387 388 387 388 360 352 352 363 313 366 369 nan nan nan nan nan nan nan 296 296 nan nan nan nan
251 252 253 251 252 253 259 333 322 323 337 317 319 331 300 302 304 338 308 278 344 346 364 366 343 345 346 355 349 320 348 350 355 357 329 384 389 391 392 369 342 347 349 351 351 348 383 408 388 412 414 395 397 421 399 422 423 425 427 406 407 430 431 411 410 411 383 414 415 436 437 387 366 390 390 417 391 361 351 348 314 314 315 nan nan nan nan nan nan 316 297 297 nan nan nan nan
250 283 253 246 246 247 248 250 293 324 264 327 329 345 347 334 305 355 357 360 345 346 348 366 343 345 372 375 376 349 372 374 355 358 330 332 364 367 371 341 345 355 358 351 352 350 354 389 413 391 393 419 421 422 423 424 403 405 429 408 431 432 433 412 413 436 415 415 386 439 439 418 390 391 391 370 370 362 355 365 314 315 315 nan nan nan nan nan nan nan 298 298 nan nan nan nan
282 252 249 244 246 246 248 292 261 263 295 265 267 332 333 303 337 356 357 343 345 346 364 312 369 370 372 350 322 352 351 354 327 332 360 333 337 339 351 359 360 362 364 361 368 364 355 413 360 415 396 398 422 424 402 403 404 407 377 409 410 434 436 437 437 415 439 386 387 388 419 443 420 444 421 422 394 372 356 366 297 nan nan nan nan nan nan nan nan nan 298 298 nan nan nan nan
251 252 249 250 245 252 254 260 261 294 295 297 299 348 334 303 338 340 310 343 345 364 340 369 344 345 318 350 323 323 376 352 354 333 343 345 347 357 358 359 361 363 351 352 354 357 356 390 417 396 396 397 367 402 427 405 408 409 378 434 436 413 415 416 439 440 387 393 389 443 420 422 422 446 446 423 372 363 350 nan nan nan nan nan nan nan nan nan nan nan 317 299 299 nan nan nan
283 251 252 250 255 256 257 260 261 261 264 265 299 301 334 337 339 306 341 342 311 347 348 349 368 352 355 376 354 323 351 324 327 333 344 354 356 357 360 360 355 358 351 353 354 365 358 370 361 363 365 366 372 374 371 407 375 410 435 437 413 382 384 441 418 387 392 394 390 422 392 393 424 425 424 425 363 356 nan nan nan nan nan nan nan nan nan nan nan nan 318 370 318 nan nan nan
314 316 253 243 250 252 324 292 257 262 264 261 267 301 336 338 339 275 310 344 311 314 364 284 318 319 321 358 323 324 328 330 331 344 345 357 349 351 352 362 356 365 351 354 354 355 358 371 365 366 377 379 381 388 376 375 377 412 414 438 416 384 385 444 387 388 390 391 423 392 393 394 426 451 425 397 365 354 nan nan nan nan nan nan 397 nan nan nan nan nan nan nan 370 nan nan nan
250 284 253 249 244 245 258 259 261 262 297 261 262 269 302 304 339 308 277 279 280 282 316 285 286 354 374 359 383 354 328 326 328 328 336 351 340 341 353 354 346 366 360 354 364 356 361 372 374 368 370 372 374 389 385 387 381 380 381 416 441 418 386 420 388 390 391 392 393 393 394 395 427 429 452 397 365 354 352 351 nan nan nan nan nan nan nan nan nan nan 370 370 nan nan nan nan
239 246 251 243 254 255 258 254 294 329 297 265 266 334 302 354 340 308 345 279 281 270 271 284 286 355 320 355 382 361 378 379 380 378 352 351 354 335 337 339 347 349 351 364 371 366 370 372 363 365 401 404 372 377 378 378 379 381 382 417 444 419 420 389 447 448 424 393 397 398 451 426 427 454 453 397 365 353 354 351 354 nan nan nan nan nan nan nan nan 319 369 354 354 370 319 nan
245 246 241 242 249 290 257 253 260 295 330 332 333 349 335 304 305 308 271 266 269 267 269 281 287 357 324 325 360 327 327 291 292 301 331 361 381 367 389 340 369 346 350 370 365 368 363 373 366 399 428 430 373 378 387 380 379 381 383 418 419 387 447 424 448 392 393 394 398 399 396 453 454 398 354 355 364 353 354 364 317 nan nan nan nan nan nan nan nan 369 369 369 369 320 300 nan
239 240 251 248 249 250 252 259 260 329 346 298 266 262 263 265 272 269 271 265 265 270 270 272 319 321 358 359 359 326 327 291 284 293 295 304 335 368 367 368 369 345 348 356 354 361 358 361 366 375 370 373 377 379 380 377 379 416 445 445 421 448 449 424 424 395 396 427 400 395 396 398 431 456 398 374 355 353 363 364 365 nan nan nan nan nan nan nan nan 354 369 368 368 320 300 nan
237 238 240 241 249 250 245 247 254 261 263 264 260 255 257 258 257 262 271 265 275 277 278 286 286 321 322 324 327 294 297 299 300 302 296 305 369 389 368 394 394 375 377 351 356 416 415 419 397 364 369 370 377 379 378 379 416 444 419 420 448 421 449 425 425 393 394 395 429 455 398 399 431 432 430 398 375 356 354 354 365 318 nan nan nan nan nan nan nan 369 368 368 368 320 301 nan
237 238 240 241 242 249 243 247 248 255 262 258 253 255 255 256 259 261 264 263 280 282 277 284 279 288 357 292 294 327 297 299 332 302 304 305 371 367 390 374 344 377 379 386 389 390 392 395 423 399 430 407 409 411 415 416 442 445 448 447 423 424 424 426 425 394 395 396 456 394 456 457 457 431 398 374 375 356 354 357 352 318 319 nan nan nan nan nan nan 368 368 354 368 369 320 nan
236 237 238 239 241 243 244 252 248 248 249 252 253 255 262 264 257 268 270 273 280 281 277 284 271 282 289 324 294 294 328 298 300 302 304 305 370 392 339 340 305 318 386 391 415 414 358 420 427 429 430 407 410 413 415 444 445 446 420 445 448 425 390 453 425 393 395 396 431 457 458 459 459 431 398 374 364 365 357 366 357 352 365 320 366 nan nan nan nan 355 368 356 368 368 321 nan
236 211 213 214 215 243 244 244 245 246 249 251 265 261 256 257 259 268 276 272 274 268 269 278 271 280 291 292 286 287 297 298 291 302 334 335 306 308 340 342 307 311 322 357 358 394 360 395 399 403 433 409 375 414 442 445 445 419 420 445 420 451 389 423 452 427 429 397 432 458 458 459 432 434 461 399 400 433 366 356 354 363 364 353 357 nan nan nan nan 360 357 356 355 355 368 321
235 237 238 238 215 185 218 189 191 246 247 263 300 302 261 257 259 267 268 277 273 266 269 268 250 274 283 293 294 294 289 299 300 293 303 335 306 297 301 303 305 320 323 394 327 329 332 364 336 336 370 373 440 443 416 418 419 353 419 417 448 450 450 448 422 393 396 397 398 458 430 396 432 433 432 463 400 401 402 377 366 352 352 353 353 357 357 361 361 360 368 359 356 357 367 321
208 236 237 213 214 216 242 218 221 221 247 256 259 260 255 264 265 274 275 270 265 264 266 270 268 270 291 326 364 364 297 298 283 282 285 295 287 286 310 303 316 353 356 359 398 425 332 334 367 370 371 410 441 414 445 418 351 420 421 420 449 448 421 425 454 454 395 430 433 432 462 432 433 464 436 434 400 376 377 365 366 357 352 356 353 360 356 356 361 360 360 359 359 357 356 355
234 235 238 239 214 240 241 242 244 245 246 225 250 228 229 253 258 259 275 277 272 268 268 268 270 273 283 284 286 295 297 298 282 281 282 284 285 286 302 313 317 354 357 358 394 422 398 364 367 369 340 333 345 416 379 381 382 450 451 453 451 421 449 423 423 429 458 459 430 433 401 402 436 437 465 465 401 401 377 365 356 357 355 355 352 355 353 354 356 368 368 368 368 357 356 367
239 235 236 212 181 185 184 217 243 244 247 247 226 198 199 203 257 259 259 270 262 264 268 269 270 273 282 284 278 287 280 281 279 281 282 286 288 291 294 304 318 355 356 325 391 394 425 365 405 436 371 333 414 378 348 350 351 449 451 421 423 454 455 425 426 427 460 461 432 463 435 403 404 405 436 466 467 435 402 376 366 366 358 355 352 363 353 356 360 368 368 379 368 357 355 356
239 235 235 236 238 214 183 185 243 244 247 248 226 197 199 231 233 234 258 260 261 263 264 265 270 269 274 283 277 287 289 289 290 283 282 285 284 291 295 298 309 320 322 322 323 396 400 404 406 409 372 342 377 378 379 380 382 421 452 454 424 456 457 427 427 428 430 464 395 396 433 466 404 405 405 406 468 436 436 376 377 378 367 367 357 355 355 355 360 379 368 379 359 357 355 356
238 235 235 237 239 240 240 184 242 245 253 255 251 227 199 200 232 234 258 260 241 262 264 269 269 269 273 275 277 278 288 290 291 284 283 283 296 292 295 293 308 318 311 311 314 327 364 404 408 409 372 342 333 335 379 450 452 420 452 425 456 457 457 459 428 428 393 432 466 465 433 467 438 406 408 409 408 441 437 402 402 378 403 404 378 379 359 359 367 403 403 402 368 360 357 356
238 246 241 243 243 239 239 240 242 245 253 255 247 196 198 230 232 233 235 261 263 272 243 268 269 278 281 274 274 277 280 281 291 284 283 287 297 300 313 303 306 317 320 355 326 363 329 367 369 371 372 342 333 335 337 381 421 424 388 456 427 458 458 426 389 432 464 466 466 402 436 437 437 406 414 409 410 410 442 470 437 437 438 404 378 403 379 367 367 434 402 402 381 369 381 382
237 231 234 235 243 245 247 248 243 244 260 247 250 249 250 230 232 233 235 260 262 262 265 268 268 270 280 282 284 284 279 280 290 302 293 286 306 310 312 302 296 298 310 315 327 364 332 334 336 338 329 341 343 345 379 420 455 422 425 457 427 458 458 460 460 464 466 466 436 403 404 412 413 414 414 409 410 417 412 411 442 412 413 443 403 403 379 379 379 378 402 404 435 405 381 370
237 245 233 234 209 212 213 241 242 251 259 254 255 249 226 229 231 204 206 236 259 261 263 267 268 277 272 273 283 273 276 288 299 301 303 293 295 289 292 291 280 301 303 315 317 364 331 314 325 336 372 374 377 378 419 421 386 387 458 458 427 428 430 430 395 433 466 467 435 402 435 405 407 414 409 409 410 411 412 410 470 443 444 414 443 472 403 437 437 402 404 436 405 382 370 361
