ecocropFuture/tif/c6/rcp585/ACCESS-CM2/prec_6.asc
ncols        683
nrows        518
xllcorner    -87.691666666667
yllcorner    10.708333333333
cellsize     0.008333333333
NODATA_value  nan
[rows 210 to 251 of 518, columns 282 to 375 of 683]
340 341 345 342 345 344 345 346 354 349 348 351 350 351 351 352 358 353 352 353 360 365 361 362 365 367 368 369 370 369 369 371 373 370 371 373 376 377 373 368 369 370 382 382 382 378 380 382 385 386 383 385 385 391 391 383 389 394 385 386 386 393 389 393 390 387 396 397 394 394 399 405 405 406 406 407 399 400 400 401 401 402 404 407 407 408 410 402 412 412 413 409 410 410
340 341 342 344 343 348 348 354 347 353 349 347 349 350 356 359 361 361 357 361 359 362 364 362 362 368 368 369 366 369 368 368 372 373 374 372 374 377 368 368 369 372 372 373 382 382 385 386 386 383 378 385 385 386 386 387 388 389 385 390 392 393 394 389 390 390 397 392 403 403 405 405 400 401 406 407 404 400 400 401 405 402 402 408 405 405 407 407 412 412 412 409 414 410
340 341 341 342 348 344 353 353 354 344 345 346 352 358 356 356 356 358 357 357 361 363 361 363 363 368 369 365 369 369 370 372 372 371 374 374 375 374 375 368 373 375 372 373 383 383 385 386 386 383 383 388 385 389 391 391 388 394 389 385 386 393 394 394 389 395 400 402 403 404 404 406 405 401 401 406 408 405 405 401 401 404 404 408 405 405 406 407 407 407 407 409 414 415
343 348 341 345 349 350 348 344 344 343 343 350 347 349 359 354 355 357 359 360 359 356 363 362 363 365 368 368 368 366 367 370 369 372 370 372 373 376 377 377 369 370 371 372 372 383 380 380 376 377 377 388 389 386 386 387 388 393 394 390 395 397 397 398 394 389 391 392 398 398 403 405 405 405 406 401 404 399 400 400 400 404 407 408 405 404 406 406 411 416 417 418 420 415
339 347 347 344 342 344 352 349 342 343 346 345 347 349 349 353 356 357 359 360 353 361 360 363 364 363 365 365 365 368 368 372 373 372 370 374 375 376 376 377 374 370 371 372 372 383 375 376 377 377 378 384 388 380 386 386 388 389 394 390 390 392 397 398 398 395 391 392 398 393 399 405 400 401 401 401 404 399 405 400 400 404 404 404 408 404 410 410 416 416 420 414 418 415
339 347 344 348 342 344 352 347 347 348 344 345 345 347 352 355 359 359 359 359 360 363 361 360 364 362 359 365 365 365 368 368 373 372 372 370 375 375 374 377 376 376 376 371 378 374 376 379 380 381 378 379 389 389 390 390 383 389 389 385 390 396 397 398 398 399 391 392 398 398 403 405 405 400 401 401 404 399 400 405 401 402 402 408 408 404 410 410 411 407 411 414 418 415
339 345 346 346 342 346 348 352 347 348 353 350 348 355 357 359 354 357 356 357 359 358 362 362 363 361 366 366 367 367 367 368 370 372 370 370 373 375 376 377 377 379 378 380 377 378 384 380 376 377 377 379 379 385 389 390 388 383 383 385 390 396 399 399 400 399 391 401 401 405 406 404 406 401 396 397 398 399 399 400 401 402 404 408 413 409 410 410 411 408 413 409 414 415
338 340 345 342 342 344 351 352 347 347 342 350 351 352 353 359 360 355 355 357 357 361 362 363 362 363 365 365 367 367 368 369 370 372 373 373 375 373 376 373 374 379 380 380 381 380 379 375 376 376 377 379 379 380 386 386 388 388 383 385 395 398 399 397 398 399 400 401 401 401 403 404 395 400 400 401 398 399 405 400 401 402 407 408 408 409 410 410 406 408 407 418 414 422
338 341 341 346 342 344 344 345 351 351 346 351 347 348 353 357 355 355 355 361 355 357 364 364 359 363 366 365 364 365 367 369 370 371 371 372 374 372 374 374 372 378 378 378 381 381 383 374 380 381 381 378 379 379 380 381 383 383 383 394 394 396 392 397 398 398 400 400 401 401 402 399 396 400 397 397 404 399 399 400 400 402 402 403 408 409 406 410 411 407 407 418 418 420
340 341 342 341 346 345 349 345 345 350 351 354 352 348 348 350 349 349 359 356 355 356 363 363 364 364 365 365 368 368 368 366 368 370 369 370 371 372 376 374 377 378 377 378 379 379 382 374 374 381 381 378 379 380 386 380 383 383 392 395 394 396 396 397 397 393 396 396 397 397 392 399 405 400 396 397 398 398 400 399 401 401 407 402 408 409 406 410 416 416 416 418 421 422
339 341 340 340 343 343 346 344 344 346 344 346 352 348 348 352 351 349 349 355 357 356 357 358 358 364 366 364 365 367 364 366 367 368 371 370 371 375 375 374 376 378 379 378 378 379 382 379 380 381 381 379 379 385 385 386 382 382 392 395 394 395 396 397 399 398 396 400 397 401 398 399 405 405 401 396 402 398 405 399 405 401 407 408 413 415 410 406 415 416 416 418 418 421
340 334 340 339 339 340 342 342 349 347 350 351 347 353 350 347 348 349 349 359 359 360 357 362 363 363 365 364 366 364 367 369 367 369 370 371 371 375 375 375 374 378 379 379 380 380 382 383 383 385 385 387 383 385 380 386 387 382 383 392 394 395 396 398 399 400 396 400 397 401 398 399 404 400 405 396 402 404 399 399 405 410 412 412 414 413 410 410 411 411 416 420 421 418
335 340 339 342 341 341 347 349 349 346 349 345 346 348 353 347 352 347 353 354 354 356 360 362 358 359 360 365 366 365 366 367 368 369 370 371 374 371 372 372 376 375 375 376 376 380 378 383 383 385 386 386 386 389 388 388 387 383 383 383 384 391 396 396 397 398 395 396 391 397 398 399 404 400 400 396 398 398 400 400 405 407 407 412 413 403 410 415 415 411 416 420 423 418
336 340 335 338 338 344 346 342 343 345 348 345 345 346 347 349 356 351 357 358 358 356 351 361 358 359 366 364 363 363 366 367 368 367 368 370 372 371 372 374 373 378 378 375 375 377 374 373 380 384 384 387 387 384 384 390 390 391 392 389 384 385 396 396 397 393 394 399 391 397 401 399 403 403 400 405 407 403 399 399 409 410 411 407 413 408 405 415 415 407 407 420 423 418
335 340 337 337 338 344 339 342 341 348 350 346 345 346 353 350 352 351 352 355 358 355 357 357 361 359 361 366 366 363 363 369 369 367 367 369 372 372 371 372 373 374 375 370 375 377 378 379 375 380 383 387 383 384 389 390 390 390 391 391 392 394 391 392 392 389 391 390 391 397 401 403 403 405 405 406 407 407 408 405 405 407 407 407 408 403 405 410 415 406 408 417 420 418
342 336 340 340 340 337 346 341 343 347 348 346 351 347 349 351 354 352 352 351 354 360 356 356 357 359 366 367 363 366 364 364 366 367 370 368 371 370 374 374 376 374 375 379 370 377 379 374 380 380 384 384 388 388 387 390 391 392 391 391 394 396 394 392 386 388 391 390 392 391 397 399 403 400 400 401 402 403 403 408 405 406 401 402 402 403 406 405 410 411 411 417 417 418
339 341 337 337 342 338 339 342 343 349 348 349 343 345 355 347 354 356 352 352 354 356 355 357 358 359 360 362 363 363 366 366 369 370 361 371 370 373 367 371 368 373 378 379 375 372 374 374 380 380 381 387 387 388 389 388 389 392 391 392 392 394 396 386 386 388 390 396 390 391 397 393 399 403 400 400 397 402 407 403 401 410 407 407 408 403 406 407 410 411 411 413 420 421
344 341 340 336 344 345 349 345 346 350 350 345 341 343 349 347 349 354 356 357 354 359 359 356 358 360 360 362 364 361 363 366 367 366 361 362 369 364 371 371 372 374 370 370 370 377 379 379 380 380 375 385 387 388 387 389 390 391 388 388 392 391 385 386 388 389 390 396 391 392 397 399 399 403 400 395 399 403 403 399 400 401 401 402 408 408 405 407 406 411 411 417 417 414
339 339 336 335 339 337 340 345 347 350 346 345 346 352 350 348 350 348 347 352 358 359 359 360 355 361 361 362 361 361 362 364 369 369 362 368 370 370 371 364 356 357 374 375 371 376 379 379 380 380 375 382 386 383 384 388 390 386 388 388 389 385 386 392 387 389 391 391 397 397 393 393 393 394 394 396 398 403 404 404 406 401 401 407 408 408 409 407 406 411 411 412 414 409
336 340 340 336 337 337 340 341 342 341 341 347 340 347 350 351 349 348 347 352 352 354 359 355 357 359 359 364 362 361 362 364 364 361 362 368 364 354 354 371 372 366 367 370 371 376 379 379 375 375 376 382 386 386 384 379 382 383 388 388 389 391 391 392 387 387 389 390 397 397 398 400 399 395 395 396 398 402 394 403 404 407 401 407 411 408 409 410 406 410 411 409 410 409
342 340 341 341 343 343 340 344 345 341 341 341 341 342 345 346 348 349 348 347 349 349 359 355 355 357 359 362 362 361 363 365 368 361 361 362 369 363 363 371 366 367 369 369 375 376 379 379 380 375 375 382 382 383 383 380 382 381 388 392 392 390 391 392 386 389 390 391 397 397 393 393 395 395 400 401 402 402 394 404 406 407 402 403 407 413 415 410 406 410 411 408 408 418
339 341 343 338 344 343 339 339 345 341 340 345 346 341 343 345 348 348 349 349 352 352 353 355 355 355 358 359 361 362 363 363 364 361 361 366 364 370 371 371 372 369 369 370 371 376 377 379 380 375 375 377 379 377 380 380 381 381 382 389 384 385 387 387 386 393 386 395 391 392 393 393 393 394 401 402 402 403 403 404 406 402 401 407 402 408 414 414 410 410 411 408 408 414
338 340 341 341 343 343 339 339 348 348 345 341 341 346 342 345 352 353 348 348 352 358 359 354 355 355 358 359 354 355 365 363 360 365 366 362 369 365 371 371 372 374 374 375 367 360 371 371 372 380 374 377 377 383 383 379 381 381 382 384 384 386 387 393 389 389 395 395 397 397 391 394 395 394 395 402 398 398 400 398 399 400 406 411 413 411 414 414 416 415 411 412 408 414
339 341 340 341 341 342 343 342 339 340 348 342 347 341 343 346 353 348 348 349 346 353 359 355 354 360 357 363 355 355 356 363 360 360 366 366 368 370 371 371 372 374 374 367 358 350 352 361 361 380 375 375 376 386 385 387 381 381 382 384 385 386 387 387 388 388 395 395 396 397 392 392 393 395 394 394 397 396 403 407 403 405 405 411 413 412 412 409 413 418 411 412 412 413
334 336 340 340 342 342 340 339 347 339 342 341 347 340 341 348 346 352 346 348 346 357 359 355 355 360 362 359 360 354 355 357 364 365 366 367 362 364 365 371 372 373 374 367 349 342 351 360 361 372 381 382 377 377 379 378 379 381 382 387 385 392 392 387 388 386 395 388 391 397 397 392 399 393 394 400 396 396 397 397 399 400 401 407 411 412 413 415 413 415 411 417 417 417
333 335 338 335 338 339 338 345 345 339 338 341 341 347 349 343 345 348 352 346 346 357 357 359 354 360 361 359 359 363 361 357 364 365 366 362 362 363 364 371 364 366 357 357 349 349 360 360 370 372 381 377 377 376 379 379 379 382 383 384 390 391 392 392 387 394 395 388 389 392 391 394 397 399 394 394 396 402 402 397 403 400 405 407 410 413 413 413 413 415 415 412 410 413
339 333 333 334 335 340 338 340 343 339 338 340 342 346 342 350 351 348 345 352 346 353 353 349 354 359 361 353 353 360 355 356 357 365 366 362 364 364 370 371 372 373 374 374 367 368 359 360 370 372 381 377 376 378 379 379 385 381 383 388 381 373 383 392 393 394 395 391 391 392 392 392 400 395 401 402 403 396 402 403 399 409 409 410 410 412 412 409 410 407 405 406 408 408
338 335 331 333 333 338 341 338 339 345 345 346 341 347 348 348 344 346 346 348 345 346 347 350 351 351 352 357 354 355 356 356 364 365 366 360 362 364 365 371 366 367 374 375 367 376 378 378 380 380 381 375 382 378 383 378 379 386 386 387 383 386 385 387 393 388 388 396 394 395 391 394 400 401 401 401 393 404 397 397 400 400 405 403 403 407 409 404 404 405 408 408 408 408
338 338 339 336 331 338 337 343 344 323 339 341 341 346 348 342 344 345 351 347 345 352 347 350 350 351 351 357 353 355 356 356 357 359 366 366 368 369 365 370 366 373 368 369 375 376 378 374 379 375 375 377 376 376 377 378 379 380 380 387 391 389 385 387 386 386 393 394 394 395 395 394 392 393 401 402 403 404 397 397 398 399 407 403 403 404 403 406 412 413 412 413 410 407
327 328 333 333 332 333 333 341 339 325 331 333 346 340 342 350 350 351 352 352 345 352 346 347 353 348 356 355 353 361 362 358 357 358 360 366 363 364 369 370 366 373 374 369 369 376 371 373 374 373 374 375 376 382 377 378 379 381 383 381 387 384 389 385 390 386 393 397 397 395 395 392 392 395 395 402 404 404 397 397 399 407 406 407 403 410 411 412 411 411 413 416 414 410
335 327 337 332 329 331 332 336 343 332 341 334 341 340 348 343 350 344 345 352 346 346 346 353 353 354 356 361 362 355 362 358 357 357 359 366 368 369 369 370 372 373 368 368 369 376 371 373 371 373 374 375 376 376 378 379 387 381 380 380 387 388 389 385 390 392 393 394 397 398 398 392 394 393 395 402 404 403 397 399 406 396 397 386 410 410 410 406 411 412 402 414 414 411
327 326 330 333 335 337 339 340 342 341 342 322 321 325 332 334 335 351 351 351 352 353 347 352 356 357 359 361 358 359 359 362 358 359 359 360 368 369 369 370 364 373 374 368 369 376 371 370 377 380 378 380 382 382 377 385 387 387 383 380 387 392 393 389 390 394 393 394 388 395 395 396 401 401 402 401 393 404 399 399 405 406 397 407 409 398 399 412 413 402 402 414 414 411
325 329 329 328 336 337 340 341 337 325 323 316 316 317 325 333 334 335 344 351 352 354 346 346 350 348 359 361 356 358 359 356 356 357 359 358 360 363 364 370 372 365 374 374 375 376 377 373 377 380 378 375 376 382 382 377 379 379 380 383 387 388 386 389 392 394 395 396 397 395 389 392 401 400 401 396 395 396 405 405 401 399 407 407 409 409 411 401 401 402 402 416 417 417
325 323 333 326 329 337 340 335 317 316 317 321 324 323 320 320 327 343 349 351 351 354 354 348 347 349 351 353 351 358 363 360 361 363 363 358 366 361 364 362 370 372 374 374 375 376 369 378 374 374 378 382 384 381 385 382 387 385 380 380 384 382 383 393 390 394 396 393 388 395 389 391 400 399 400 400 398 398 396 403 397 408 408 410 403 408 412 411 401 401 390 404 414 416
323 332 328 326 334 330 324 320 318 317 320 324 329 329 326 314 336 349 349 349 343 346 347 347 347 349 357 353 354 358 358 364 365 365 361 364 366 369 367 362 371 372 355 375 375 376 377 378 374 374 375 376 375 384 381 377 384 381 388 382 384 385 386 383 385 388 393 393 388 389 389 394 394 400 400 402 404 405 399 397 403 404 408 410 410 411 412 413 413 401 378 380 404 415
331 327 323 326 328 330 324 327 312 324 324 320 321 324 322 325 317 343 349 349 345 344 345 347 346 353 350 351 359 353 353 360 364 365 366 366 365 369 367 362 370 372 366 366 375 367 369 378 379 374 372 373 375 384 385 382 378 381 388 388 389 385 386 383 385 387 387 393 396 388 389 390 394 395 402 403 404 404 405 406 406 402 408 403 410 411 406 413 413 412 403 404 415 418
327 323 325 326 334 330 333 327 323 328 343 336 332 332 325 322 324 334 349 349 351 344 346 347 348 349 357 358 358 359 355 360 360 361 363 364 365 366 364 364 370 372 372 366 375 375 377 378 378 379 375 373 375 380 384 385 384 379 388 388 389 391 391 393 393 393 396 389 388 388 389 390 391 395 400 403 397 398 399 406 397 402 408 410 404 404 412 412 414 414 414 414 415 411
326 326 322 326 327 328 335 339 342 343 340 340 346 345 344 351 349 348 348 343 344 348 344 353 348 355 357 358 358 351 355 355 357 358 359 357 367 362 369 364 365 372 372 374 375 369 377 378 379 379 371 373 375 375 384 385 384 384 381 388 389 391 391 393 393 393 395 395 386 397 391 394 394 395 390 403 397 396 398 399 397 402 403 408 411 406 406 413 407 405 415 415 415 418
329 329 321 322 325 327 330 331 333 340 332 335 339 341 337 341 347 344 342 340 342 343 346 353 346 346 350 351 350 351 360 353 355 363 358 362 361 350 362 363 365 371 372 373 375 369 371 371 372 371 373 373 373 380 374 375 383 383 379 382 389 390 384 391 392 383 395 395 385 385 397 398 400 401 390 401 397 400 396 397 400 407 407 398 398 409 410 400 414 407 405 416 417 416
328 329 321 330 322 325 329 332 339 340 332 336 332 308 310 311 342 339 347 345 346 348 344 349 350 355 354 357 358 359 360 356 362 360 356 357 361 367 368 369 369 366 372 373 366 367 377 378 378 379 373 379 379 374 383 383 380 383 384 388 386 381 384 386 392 392 396 396 397 390 391 393 393 395 401 403 392 405 406 406 400 408 409 408 398 409 413 406 409 407 413 415 415 416
317 318 319 320 330 322 324 336 330 332 332 333 333 334 335 336 338 346 347 340 348 347 351 349 350 354 356 357 358 356 359 361 362 360 361 362 363 359 362 369 369 371 372 372 373 375 376 368 369 379 380 372 375 382 383 383 380 378 383 379 380 381 382 383 383 384 385 387 390 390 391 393 400 401 401 403 403 404 404 405 405 408 407 408 385 409 406 406 404 415 415 415 417 419
326 327 328 320 320 331 324 334 326 330 337 333 331 336 337 342 336 345 343 339 340 350 350 349 349 354 349 351 351 352 354 360 361 360 356 361 362 366 365 360 370 371 363 364 373 375 376 377 377 369 379 381 382 373 373 374 386 380 383 379 382 381 384 382 383 387 385 387 390 390 398 400 400 401 400 401 403 405 404 382 382 407 408 398 409 398 412 412 407 415 414 415 410 408
