ecocropFuture/tif/c6/rcp585/ACCESS-CM2/prec_8.asc
ncols        683
nrows        518
xllcorner    -87.691666666667
yllcorner    10.708333333333
cellsize     0.008333333333
NODATA_value  nan
[rows 252 to 293 of 518, columns 0 to 94 of 683]
137 140 144 123 122 133 133 138 136 147 146 141 141 150 150 149 146 137 130 119 127 126 114 129 152 151 145 142 135 128 140 nan nan nan nan nan nan nan nan 131 131 131 124 139 136 135 133 140 128 109 115 133 128 109 132 132 128 128 128 111 135 127 132 142 148 148 136 135 134 136 143 143 136 144 136 143 143 143 150 139 139 138 150 150 150 149 138 139 139 138 139 138 137 142 141
141 133 121 116 116 117 119 132 120 147 146 146 141 146 144 140 135 131 116 115 123 116 126 140 138 146 146 137 112 133 132 122 109 133 135 141 141 135 131 137 131 131 131 108 132 134 145 134 132 115 124 128 120 120 110 127 128 120 111 132 132 141 148 149 142 142 142 136 149 143 143 143 148 149 138 138 138 138 139 142 139 139 138 139 139 149 148 138 138 139 139 138 138 148 134
nan 142 144 117 116 116 124 143 143 142 141 147 142 141 141 141 130 142 118 116 128 117 119 137 140 148 147 145 131 125 127 133 124 110 135 139 139 133 121 120 120 129 126 134 113 124 135 126 133 121 135 129 129 120 120 133 127 121 121 136 142 147 147 136 130 127 130 136 150 138 138 138 138 139 141 141 141 141 142 142 142 139 139 140 139 139 138 138 139 142 138 138 148 148 141
nan nan 124 124 134 124 133 144 137 146 142 145 141 141 148 131 119 119 117 119 126 119 144 148 150 149 140 140 139 135 135 139 124 112 141 135 141 110 131 136 125 113 110 110 110 135 130 110 127 133 121 121 111 128 111 134 134 112 130 130 113 136 142 138 137 113 113 118 130 136 144 138 138 140 142 139 142 142 142 142 140 139 149 139 140 139 139 142 139 139 139 139 138 138 138
nan nan nan 134 120 134 122 118 124 137 151 151 146 145 142 119 118 121 115 124 124 117 141 142 142 142 142 148 147 133 114 132 144 137 136 144 138 136 128 123 137 115 112 112 126 117 131 122 128 138 128 112 112 122 131 131 128 134 113 129 137 137 129 131 117 116 116 117 115 129 117 136 138 152 140 140 140 143 143 140 150 150 144 151 149 139 139 139 143 143 141 142 139 148 148
nan nan nan nan nan 145 120 120 122 132 146 159 159 152 146 143 122 125 116 122 129 122 132 136 143 152 150 143 149 148 133 140 141 141 146 146 137 143 129 123 133 132 123 122 129 111 132 132 135 135 135 139 135 135 135 135 135 138 135 135 144 144 137 115 131 129 129 138 131 131 131 117 136 137 138 138 152 140 140 140 151 145 144 145 151 151 150 150 140 141 141 139 139 148 148
nan nan nan nan nan nan 121 121 124 132 158 158 159 152 150 150 134 127 129 122 120 120 141 120 144 141 149 143 146 140 146 146 142 153 152 154 138 130 130 124 124 112 141 140 136 136 112 112 129 138 138 135 138 144 144 151 150 138 136 136 137 144 135 130 138 136 116 130 131 117 131 131 131 132 137 136 138 140 141 141 140 151 137 144 151 144 144 136 140 141 141 139 138 139 138
nan nan nan nan nan nan nan nan 124 142 147 158 159 152 144 144 143 122 118 122 142 142 120 120 136 140 145 149 147 139 142 142 155 154 154 153 141 144 138 131 114 142 145 152 145 137 141 140 136 145 145 138 145 150 152 152 152 145 138 136 136 138 138 139 136 136 136 136 137 137 137 118 137 137 137 137 145 140 144 144 141 140 151 145 144 138 137 137 150 140 142 139 141 139 138
nan nan nan nan nan nan nan nan nan 142 150 147 153 153 144 145 133 146 141 120 151 144 151 151 137 142 144 158 150 150 149 156 156 156 149 149 142 141 139 141 141 147 152 153 153 153 153 146 146 139 151 151 151 146 139 146 139 139 139 137 131 137 137 139 137 139 137 137 139 138 153 146 139 147 146 146 140 142 143 144 144 141 140 151 151 144 151 150 138 137 143 143 136 136 138
nan nan nan nan nan nan nan nan nan nan nan 151 153 159 159 159 148 145 147 144 nan nan nan 151 152 142 142 142 149 148 151 157 151 150 150 149 141 140 142 148 154 152 154 154 153 151 139 140 152 152 140 152 153 153 146 140 138 138 137 131 125 133 117 140 140 138 138 125 119 140 147 140 140 144 144 142 144 140 144 141 141 141 144 141 141 150 150 150 145 135 134 131 122 122 134
nan nan nan nan nan nan nan nan nan nan nan nan nan 146 144 145 146 159 158 153 nan nan 147 144 137 137 137 120 143 143 145 145 151 144 148 141 135 134 140 140 155 151 153 146 146 152 137 139 140 140 143 143 141 141 141 152 147 147 147 141 138 132 118 139 141 141 140 133 133 148 147 154 141 144 144 142 144 141 144 144 143 144 141 141 151 151 150 150 151 145 137 135 121 124 122
nan nan nan nan nan nan nan nan nan nan nan nan nan nan 153 158 145 144 146 146 159 nan 153 147 145 138 120 142 131 120 136 149 143 142 142 118 118 118 133 140 149 147 146 144 137 144 149 148 139 138 141 141 141 141 143 142 141 141 152 153 147 140 138 139 138 138 138 138 139 154 154 147 152 145 142 142 141 141 144 142 144 144 143 141 151 140 140 140 140 140 150 144 133 135 134
nan nan nan nan nan nan nan nan nan nan nan nan nan nan nan nan 146 146 146 146 nan 159 153 147 147 152 138 120 131 143 136 136 143 143 118 129 129 139 117 141 145 140 138 147 144 146 151 151 144 150 151 151 140 142 143 142 142 141 141 154 147 154 154 148 141 141 139 139 142 142 141 141 154 142 142 142 142 142 143 152 152 151 141 141 151 141 140 140 140 140 140 149 149 134 134
nan nan nan nan nan nan nan nan nan nan nan nan nan nan nan nan nan nan 158 144 146 158 159 159 152 146 145 137 120 137 136 136 143 135 119 130 129 129 139 135 118 146 141 140 146 147 151 153 136 143 149 151 139 138 141 141 143 142 141 153 155 155 154 155 149 142 140 140 142 148 140 142 154 143 143 142 153 147 141 148 140 146 146 146 153 151 141 140 141 140 140 140 149 137 134
nan nan nan nan nan nan nan nan nan nan nan nan nan nan nan nan nan nan nan 160 146 nan nan 146 159 145 152 152 144 136 120 136 136 119 141 130 119 130 139 129 128 141 140 139 142 153 151 153 144 151 152 153 148 154 142 141 143 154 141 142 154 154 155 154 154 154 149 149 143 142 140 142 154 149 155 149 139 132 123 123 123 131 139 131 125 140 146 151 141 140 140 140 139 149 149
nan nan nan nan nan nan nan nan nan nan nan nan nan nan nan nan nan nan nan nan nan 160 158 nan 159 153 146 137 132 120 131 131 131 130 130 119 130 130 139 139 134 142 141 144 157 142 153 148 144 152 152 154 156 149 155 156 156 155 154 155 155 156 155 156 155 155 155 149 142 141 140 149 155 140 140 135 134 116 120 120 120 115 120 120 128 131 124 128 124 127 132 134 144 150 139
nan nan nan nan nan nan nan nan nan nan nan nan nan nan nan nan nan nan nan nan nan nan 153 147 nan 147 145 151 136 131 131 131 120 131 141 140 119 134 128 134 138 138 140 144 144 148 142 142 152 152 152 152 154 156 154 155 156 155 143 154 156 141 149 150 155 154 155 140 141 140 140 140 134 133 116 116 120 128 123 132 128 127 122 122 114 114 119 126 117 117 117 116 114 136 134
nan nan nan nan nan nan nan nan nan nan nan nan nan nan nan nan nan nan nan nan nan nan nan 154 153 nan 144 144 nan 131 142 131 120 120 131 141 120 141 138 143 139 141 142 142 142 145 141 145 143 143 139 142 141 153 155 157 150 149 154 143 141 141 141 144 150 141 135 122 137 144 124 118 120 129 129 124 123 123 128 117 131 139 116 114 122 119 114 112 112 113 112 117 117 125 113
nan nan nan nan nan nan nan nan nan nan nan nan nan nan nan nan nan nan nan nan nan nan nan nan 158 nan nan 144 144 131 134 131 120 136 131 142 129 142 140 130 141 144 152 145 142 144 146 142 142 143 140 145 142 143 157 150 150 141 141 144 135 135 144 144 144 141 137 124 119 119 118 116 129 124 124 129 132 132 117 120 130 123 130 116 126 126 127 130 113 111 117 110 110 121 125
nan nan nan nan nan nan nan nan nan nan nan nan nan nan nan nan nan nan nan nan nan nan nan nan nan nan 145 nan 151 151 131 142 131 137 121 131 120 136 133 135 143 147 143 152 145 143 142 146 145 157 142 145 145 144 155 157 142 145 145 144 142 135 142 143 143 142 138 122 119 117 121 121 133 125 125 129 128 115 122 138 128 135 119 126 133 116 119 112 121 112 110 110 112 110 117
nan nan nan nan nan nan nan nan nan nan nan nan nan nan nan nan nan nan nan nan nan nan nan nan nan nan nan 152 151 145 151 132 121 131 131 142 121 137 135 135 136 136 148 148 148 147 143 147 146 145 157 157 158 156 158 150 143 142 142 145 142 136 136 143 137 129 146 122 117 121 129 129 129 129 133 128 114 129 130 136 135 136 142 148 143 135 126 118 117 114 119 119 112 110 112
nan nan nan nan nan nan nan nan nan nan nan nan nan nan nan nan nan nan nan nan nan nan nan nan nan nan nan nan 151 150 150 144 121 121 131 144 136 143 143 143 135 143 143 121 136 136 136 143 143 142 144 141 142 145 145 151 142 121 135 141 144 122 129 123 137 146 118 118 117 133 125 116 115 124 128 117 139 122 122 133 142 140 137 129 123 122 134 131 132 133 113 129 118 124 124
nan nan nan nan nan nan nan nan nan nan nan nan nan nan nan nan nan nan nan nan nan nan nan nan nan nan nan nan nan 150 153 145 150 144 144 144 136 144 136 136 136 143 136 130 141 130 130 121 143 145 145 142 143 145 143 146 136 122 122 122 136 145 116 117 123 125 125 121 129 133 124 116 114 115 131 135 136 134 127 130 127 137 140 127 123 126 131 144 141 131 123 116 118 119 116
nan nan nan nan nan nan nan nan nan nan nan nan nan nan nan nan nan nan nan nan nan nan nan nan nan nan nan nan nan nan 150 147 145 145 145 144 121 131 121 142 141 147 147 142 141 147 147 147 142 121 134 136 136 136 122 122 129 138 138 138 129 129 122 120 123 126 123 117 129 133 125 120 115 114 130 124 119 115 129 125 122 119 122 136 127 128 129 142 146 133 128 129 132 131 133
nan nan nan nan nan nan nan nan nan nan nan nan nan nan nan nan nan nan nan nan nan nan nan nan nan nan nan nan nan nan nan 145 153 153 153 150 136 131 146 134 125 125 120 135 141 147 135 135 147 140 147 140 142 141 139 141 141 123 136 143 143 143 123 147 123 120 119 117 122 133 129 123 122 122 123 114 117 115 111 105 112 112 109 111 126 135 137 139 141 128 129 128 129 135 143
nan nan nan nan nan nan nan nan nan nan nan nan nan nan nan nan nan nan nan nan nan nan nan nan nan nan nan nan nan nan nan nan 145 153 153 153 136 142 134 122 122 125 122 125 141 141 147 135 125 134 135 148 122 142 140 140 140 130 144 144 144 146 146 124 135 120 117 129 122 129 129 131 126 125 127 108 104 106 104 106 97 105 111 110 110 126 119 119 129 123 125 136 127 134 135
nan nan nan nan nan nan nan nan nan nan nan nan nan nan nan nan nan nan nan nan nan nan nan nan nan nan nan nan nan nan nan nan nan 145 158 153 150 121 130 134 122 125 134 134 141 130 142 140 147 147 147 147 142 140 140 122 147 123 143 143 143 143 143 137 135 119 122 129 133 133 131 117 124 127 119 103 94 95 97 97 94 94 99 97 109 116 115 115 116 125 128 132 135 138 133
nan nan nan nan nan nan nan nan nan nan nan nan nan nan nan nan nan nan nan nan nan nan nan nan nan nan nan nan nan nan nan nan nan nan nan 147 153 150 143 131 147 134 148 147 147 130 122 130 130 140 134 140 148 140 140 134 135 142 123 144 144 144 144 142 135 120 130 129 130 133 131 125 111 112 109 102 95 95 98 99 96 98 93 92 105 111 119 125 125 130 131 135 137 134 143
nan nan nan nan nan nan nan nan nan nan nan nan nan nan nan nan nan nan nan nan nan nan nan nan nan nan nan nan nan nan nan nan nan nan nan nan 156 156 144 149 131 141 141 147 142 130 142 130 130 143 134 148 143 130 130 142 140 148 139 124 137 137 124 142 135 123 122 129 121 128 119 116 114 116 114 110 106 101 103 105 106 97 94 106 109 116 125 126 126 130 131 133 133 135 136
nan nan nan nan nan nan nan nan nan nan nan nan nan nan nan nan nan nan nan nan nan nan nan nan nan nan nan nan nan nan nan nan nan nan nan nan 153 144 157 145 122 122 122 130 130 122 122 130 143 130 122 130 143 123 123 131 143 135 148 139 135 126 126 127 124 124 123 120 119 118 117 113 115 117 123 130 126 122 113 111 109 105 102 114 128 133 123 122 123 123 125 125 134 125 127
nan nan nan nan nan nan nan nan nan nan nan nan nan nan nan nan nan nan nan nan nan nan nan nan nan nan nan nan nan nan nan nan nan nan nan nan nan 146 144 153 145 145 147 149 144 136 136 130 143 130 136 144 123 123 137 123 123 143 140 149 126 122 123 131 120 121 117 122 122 120 119 114 112 114 116 114 121 119 118 116 114 111 116 119 123 136 133 123 121 121 123 123 123 133 137
nan nan nan nan nan nan nan nan nan nan nan nan nan nan nan nan nan nan nan nan nan nan nan nan nan nan nan nan nan nan nan nan nan nan nan nan nan 152 145 156 146 145 146 144 146 148 143 121 143 143 136 148 136 123 136 123 123 130 143 148 123 126 125 117 131 118 122 134 130 133 128 127 117 125 110 113 115 120 129 118 118 110 118 122 121 138 131 135 135 125 122 121 122 134 140
nan nan nan nan nan nan nan nan nan nan nan nan nan nan nan nan nan nan nan nan nan nan nan nan nan nan nan nan nan nan nan nan nan nan nan nan nan nan 155 143 152 147 146 146 146 146 148 135 143 143 130 148 143 144 144 137 137 130 139 149 126 129 125 119 123 132 131 125 126 130 128 127 130 126 116 113 112 123 132 121 121 112 110 124 128 127 134 139 140 138 126 125 126 139 128
nan nan nan nan nan nan nan nan nan nan nan nan nan nan nan nan nan nan nan nan nan nan nan nan nan nan nan nan nan nan nan nan nan nan nan nan nan nan nan 155 145 152 152 158 156 144 148 122 130 130 122 136 136 136 144 136 144 130 149 149 126 123 117 123 132 119 119 118 123 122 130 121 119 127 112 117 118 124 134 124 123 113 112 126 126 125 125 125 129 136 140 132 133 128 126
nan nan nan nan nan nan nan nan nan nan nan nan nan nan nan nan nan nan nan nan nan nan nan nan nan nan nan nan nan nan nan nan nan nan nan nan nan nan nan 146 145 156 155 155 155 152 145 122 143 130 130 143 130 130 130 130 144 140 149 149 149 126 120 120 123 128 135 142 125 116 122 116 120 127 113 118 119 125 116 111 113 131 122 114 128 127 126 126 127 127 137 135 129 137 126
nan nan nan nan nan nan nan nan nan nan nan nan nan nan nan nan nan nan nan nan nan nan nan nan nan nan nan nan nan nan nan nan nan nan nan nan nan nan nan nan 158 158 nan 155 155 146 145 143 143 148 148 143 130 143 149 149 140 140 149 149 140 144 126 120 120 128 154 160 162 134 118 130 128 119 116 116 141 118 115 127 121 110 121 120 116 125 128 128 114 114 127 126 125 125 126
nan nan nan nan nan nan nan nan nan nan nan nan nan nan nan nan nan nan nan nan nan nan nan nan nan nan nan nan nan nan nan nan nan nan nan nan nan nan nan nan nan 152 nan nan 157 154 147 143 142 135 129 135 122 143 140 134 148 143 139 139 144 139 122 119 117 131 135 161 162 135 124 133 115 118 117 115 116 115 125 119 118 122 106 110 114 123 122 121 121 121 114 127 125 128 126
nan nan nan nan nan nan nan nan nan nan nan nan nan nan nan nan nan nan nan nan nan nan nan nan nan nan nan nan nan nan nan nan nan nan nan nan nan nan nan nan nan nan 157 143 154 155 152 147 142 147 129 129 129 129 143 139 139 130 143 139 129 139 118 130 134 127 126 122 118 118 125 125 120 117 114 127 126 121 120 120 116 126 126 110 110 115 121 112 121 113 119 113 122 127 121
nan nan nan nan nan nan nan nan nan nan nan nan nan nan nan nan nan nan nan nan nan nan nan nan nan nan nan nan nan nan nan nan nan nan nan nan nan nan nan nan nan 155 nan nan 154 154 154 146 142 135 121 129 129 129 129 143 143 143 143 139 144 139 119 133 130 126 130 129 131 133 129 129 121 115 120 132 127 121 122 120 120 119 117 108 108 114 113 109 109 112 111 131 113 114 111
nan nan nan nan nan nan nan nan nan nan nan nan nan nan nan nan nan nan nan nan nan nan nan nan nan nan nan nan nan nan nan nan nan nan nan nan nan nan nan nan nan nan nan nan nan nan 152 154 146 142 135 121 122 129 122 143 139 139 148 139 139 133 119 121 133 133 121 119 123 126 122 119 118 115 120 132 128 122 122 119 120 120 119 124 108 111 110 106 106 105 105 107 119 129 117
nan nan nan nan nan nan nan nan nan nan nan nan nan nan nan nan nan nan nan nan nan nan nan nan nan nan nan nan nan nan nan nan nan nan nan nan nan nan nan nan nan nan nan nan nan nan nan 144 151 145 134 143 143 122 143 147 148 121 124 124 133 121 114 128 133 133 115 122 135 150 125 122 124 122 117 120 128 128 122 114 114 125 124 109 112 108 113 121 121 124 120 109 106 110 105
nan nan nan nan nan nan nan nan nan nan nan nan nan nan nan nan nan nan nan nan nan nan nan nan nan nan nan nan nan nan nan nan nan nan nan nan nan nan nan nan nan nan nan nan nan nan nan nan nan 145 145 143 146 146 121 147 123 119 120 120 117 117 119 131 131 131 120 118 133 124 133 149 136 149 132 123 117 116 131 122 112 125 128 116 109 108 113 126 116 115 114 113 117 117 100
