ecocropFuture/tif/c6/rcp585/ACCESS-CM2/prec_7.asc
ncols        683
nrows        518
xllcorner    -87.691666666667
yllcorner    10.708333333333
cellsize     0.008333333333
NODATA_value  nan
[rows 336 to 377 of 518, columns 190 to 284 of 683]
114 108 167 116 127 128 129 120 152 153 133 180 126 127 128 139 140 141 130 131 131 131 131 164 192 192 193 176 177 178 178 179 179 121 113 129 122 125 130 125 132 139 161 150 149 145 124 138 131 119 119 129 131 131 129 130 133 135 137 137 146 157 154 164 202 169 194 223 219 240 222 219 147 139 138 143 137 135 152 140 141 175 240 219 222 223 226 187 162 158 201 165 163 162 165
104 100 153 116 147 118 119 120 152 122 123 124 135 137 168 169 170 140 141 130 162 190 163 163 163 131 132 164 165 195 195 196 166 128 112 128 121 113 116 127 130 152 135 131 122 127 124 133 128 133 126 126 127 126 119 129 121 124 128 140 145 151 151 148 150 143 139 173 172 173 219 239 236 146 147 143 144 150 154 147 148 172 215 237 219 176 155 141 142 164 156 156 161 147 157
98 165 153 168 169 170 148 149 161 151 123 179 180 156 126 127 128 170 207 171 141 189 189 162 162 131 143 131 165 165 177 178 196 149 111 112 123 124 119 120 129 120 121 121 126 126 122 121 117 125 156 157 157 135 126 119 127 128 123 125 130 131 141 137 135 134 132 145 169 211 238 199 197 195 170 138 134 147 144 145 151 175 234 215 148 178 178 175 177 156 161 156 185 161 154
115 152 163 116 156 136 171 149 175 175 176 163 179 181 182 183 158 169 169 128 129 129 161 189 190 130 142 131 164 194 148 127 119 120 111 122 117 117 144 146 140 126 125 126 115 115 125 125 116 155 191 211 192 194 158 127 128 137 129 130 141 133 148 145 145 169 168 168 170 231 211 215 214 231 211 174 220 180 175 158 153 151 215 215 217 217 223 175 176 182 153 162 160 148 153
98 134 210 155 169 136 171 148 149 175 176 140 163 180 181 182 157 137 168 138 139 170 160 188 189 189 161 130 163 147 118 110 110 110 111 123 123 117 125 126 143 144 118 124 115 114 115 115 124 155 190 177 192 193 158 127 132 133 130 130 140 205 229 208 142 207 206 206 208 228 209 212 209 168 211 172 238 215 172 180 151 145 145 214 215 237 240 174 149 180 192 195 169 155 158
108 109 189 155 145 170 171 148 149 161 175 162 140 164 165 143 167 136 205 227 227 206 139 160 188 189 161 161 191 146 126 126 109 110 111 121 122 122 123 116 125 140 128 124 114 124 115 115 124 132 155 210 211 193 158 131 137 138 141 138 135 205 207 190 227 159 178 188 206 165 207 141 144 171 215 216 217 211 169 172 172 169 170 232 236 219 215 173 152 142 154 160 159 163 157
164 114 143 210 192 118 171 147 149 160 175 176 177 141 165 123 143 156 126 205 223 223 206 139 128 160 172 172 174 146 146 126 126 126 127 110 119 127 111 122 123 124 125 118 118 123 114 123 124 132 155 190 191 157 137 137 137 131 144 150 150 210 195 162 159 177 177 177 189 225 166 131 122 124 127 172 220 215 210 230 195 194 231 195 196 235 219 174 148 151 152 158 156 160 157
151 208 181 210 213 127 147 157 159 173 174 175 176 163 122 141 141 166 125 166 204 204 167 206 158 170 116 116 116 174 145 117 109 109 109 109 110 148 149 120 111 122 117 124 117 114 131 131 154 208 208 190 155 133 129 129 140 124 136 159 161 244 208 168 178 206 176 158 190 228 205 140 130 132 168 145 215 215 195 193 194 167 193 194 195 234 235 234 169 173 148 150 147 143 151
122 211 209 183 211 126 117 147 159 159 159 160 161 163 122 113 114 141 166 156 125 125 126 167 138 186 106 115 116 116 125 116 108 121 114 121 109 119 128 111 123 123 116 113 113 121 187 206 207 174 175 175 155 124 125 117 119 120 125 133 153 189 252 202 165 160 188 224 188 228 188 204 164 141 231 196 195 186 231 193 228 192 166 193 229 195 196 196 234 215 171 176 151 175 222
188 181 182 183 211 192 155 117 171 159 138 120 160 139 113 103 103 113 141 181 166 141 167 184 157 185 115 106 107 107 107 107 108 120 119 120 120 110 120 122 122 122 121 112 130 130 186 142 157 188 159 209 190 155 124 125 118 125 136 149 165 157 186 251 170 181 159 176 159 159 159 160 160 226 189 162 165 186 165 192 228 229 192 192 193 193 194 195 197 234 199 236 237 237 205
181 165 166 166 145 212 192 127 119 159 138 112 120 113 102 115 104 103 122 165 181 141 141 123 168 184 123 106 116 116 107 117 117 120 113 113 119 108 120 120 122 121 111 120 185 204 171 172 143 144 174 208 209 211 155 133 126 125 145 145 143 150 226 252 206 166 163 207 207 177 160 188 188 188 189 161 181 210 183 164 193 167 165 228 228 192 193 229 230 196 171 233 174 197 180
208 143 144 145 145 212 215 127 147 172 159 120 120 113 103 103 103 103 113 121 140 140 121 122 141 167 141 114 106 116 116 118 118 120 113 113 120 109 120 120 111 111 120 130 185 203 171 205 173 174 189 189 209 210 155 155 125 122 131 136 126 129 155 187 251 206 202 168 168 184 210 160 191 162 161 161 161 180 251 164 196 197 188 168 192 192 167 193 194 195 170 172 173 176 178
188 211 212 214 192 154 193 126 171 157 137 137 112 114 103 114 114 114 107 115 102 103 103 104 103 113 113 113 105 106 116 117 111 119 119 119 113 118 119 114 120 149 149 184 150 151 185 151 131 122 122 154 190 191 155 133 134 117 134 131 122 125 133 148 157 188 230 247 249 209 192 184 172 188 179 178 208 272 250 183 232 241 176 197 188 185 184 185 187 188 219 191 173 176 180
151 115 124 153 154 126 155 193 171 137 137 120 102 107 107 107 115 107 107 130 107 107 115 116 116 115 104 104 116 116 117 132 130 113 119 134 119 120 109 121 120 109 120 150 150 130 121 112 113 122 122 132 154 134 133 136 134 158 163 202 128 130 121 126 128 138 154 214 238 254 217 175 178 219 250 249 208 250 209 162 191 196 168 195 170 183 215 272 241 241 242 272 221 201 203
114 152 152 125 125 126 117 117 157 120 120 120 111 100 102 113 107 107 114 107 114 113 113 103 113 114 107 116 109 109 110 117 132 119 119 130 119 119 113 113 114 109 128 130 150 185 131 121 121 131 132 132 155 191 161 139 137 164 167 203 219 159 159 138 125 133 129 130 149 185 187 200 193 165 181 209 250 250 209 180 190 190 191 165 166 212 279 215 233 234 195 272 268 179 238
122 152 124 125 117 154 126 126 170 120 111 111 120 121 102 106 114 129 115 114 114 113 102 103 103 113 107 130 116 109 131 131 117 132 130 130 133 133 133 134 114 121 120 120 122 111 112 113 121 122 122 132 132 154 135 132 140 167 201 221 218 198 197 159 139 136 146 129 232 242 231 243 193 194 168 183 211 210 210 209 180 162 163 164 212 277 268 212 136 137 196 244 266 196 204
122 123 116 125 125 125 154 154 155 146 157 137 120 111 102 106 114 106 106 114 114 114 102 103 103 113 115 129 129 116 130 130 117 118 132 132 133 133 133 130 134 121 114 120 122 121 122 123 122 113 114 113 132 132 133 126 132 134 137 196 181 198 218 197 160 166 165 162 166 237 244 226 238 174 197 192 191 183 162 181 182 211 211 184 212 254 268 269 240 218 242 273 221 177 204
122 115 124 124 125 125 126 154 154 127 118 158 137 111 100 112 106 113 113 112 112 112 112 113 103 113 115 129 127 129 128 128 130 130 131 130 131 132 133 133 133 121 121 120 122 115 122 122 123 118 123 114 132 133 154 133 135 141 138 197 214 214 215 216 217 201 188 160 139 207 227 209 210 174 231 227 194 183 181 190 182 210 253 254 212 212 256 279 281 271 272 285 263 176 176
122 123 124 124 117 117 145 118 127 146 171 137 120 100 100 100 112 112 112 112 112 102 112 113 114 106 128 127 117 129 128 117 118 129 129 131 118 118 132 130 133 121 121 120 120 122 116 134 135 123 123 123 114 124 133 124 129 132 129 135 199 179 215 197 198 199 219 219 202 204 222 224 195 184 211 235 221 215 211 252 210 276 276 278 255 279 280 257 259 284 285 286 222 194 202
122 115 165 167 168 168 169 169 146 171 158 137 100 101 112 101 102 112 106 106 112 112 112 106 128 128 127 127 117 117 117 111 111 118 118 130 131 131 132 132 130 133 133 121 115 122 134 116 135 135 135 135 118 125 124 116 128 128 128 135 135 196 215 197 198 199 200 202 221 184 221 226 170 208 300 302 296 286 282 279 279 268 237 238 268 269 257 258 260 261 261 275 222 224 177
150 164 152 154 137 137 157 169 157 157 146 118 102 102 106 106 106 114 127 127 113 113 106 128 127 128 117 110 110 127 127 128 128 129 112 118 130 119 120 120 132 130 130 114 121 121 133 116 123 122 118 135 123 118 119 127 124 118 116 115 115 125 135 215 182 217 183 185 156 184 222 228 224 181 264 294 244 245 239 280 274 255 278 279 269 282 258 259 219 219 262 221 199 201 223
122 140 152 154 113 101 101 113 113 122 171 146 112 102 112 112 112 106 113 113 126 126 126 127 117 117 117 117 110 110 117 118 118 129 129 118 129 130 120 130 132 130 120 121 121 121 131 133 135 122 123 123 123 119 126 125 120 116 114 116 116 115 126 136 158 199 218 156 158 184 185 226 214 229 181 216 290 276 274 298 265 282 273 282 283 272 284 261 220 191 191 174 235 172 228
139 163 136 121 101 104 114 103 103 112 137 171 146 137 112 112 105 113 126 113 113 126 126 127 127 127 127 116 110 112 111 118 118 118 118 118 119 119 113 113 119 119 114 114 121 121 131 131 121 133 123 123 134 135 135 119 119 125 125 116 116 115 115 117 126 137 159 218 185 220 185 221 223 160 178 257 293 298 301 246 260 284 281 281 282 257 218 219 189 172 233 234 218 219 228
135 136 136 113 104 114 104 103 103 102 112 158 119 172 159 100 112 113 114 113 113 126 126 127 127 127 127 127 111 111 111 111 118 112 112 118 119 119 113 114 114 114 115 115 115 114 121 131 132 122 133 123 132 132 132 135 119 120 126 125 116 115 116 117 126 127 159 160 220 220 202 221 227 178 178 284 289 259 273 244 242 279 281 282 257 258 216 170 189 173 234 218 236 203 241
149 150 121 101 101 101 114 114 103 103 102 122 137 158 159 121 102 105 126 126 125 126 126 127 127 127 127 116 111 111 111 118 118 112 112 112 119 112 114 115 115 114 114 114 114 121 121 114 121 132 132 132 132 132 132 135 135 120 126 126 116 115 126 117 127 127 127 138 201 221 203 221 187 176 179 281 284 285 267 269 245 287 256 283 258 259 216 217 172 173 199 176 177 178 205
161 150 121 104 104 104 114 113 113 113 113 112 122 122 138 138 113 105 113 125 127 126 126 127 116 116 111 111 111 111 111 118 118 112 112 113 119 112 114 115 122 115 115 114 114 114 115 115 116 121 115 115 121 122 132 132 135 124 120 126 126 117 116 127 127 138 138 128 202 202 221 221 187 161 207 279 275 283 257 257 240 254 283 258 259 260 187 188 219 174 175 176 178 204 180
149 136 121 101 104 104 114 116 107 112 102 113 122 138 147 147 173 100 107 117 127 126 126 117 117 111 112 112 121 111 112 112 112 113 113 113 122 114 115 114 114 115 115 115 123 124 124 115 121 115 116 116 115 123 132 135 120 120 126 126 126 117 116 127 160 138 138 128 161 203 186 186 160 164 177 252 284 219 230 224 229 245 271 285 260 216 188 172 190 191 192 223 225 227 199
160 135 121 100 100 101 114 112 112 114 103 113 137 147 154 155 121 100 113 127 117 117 112 112 111 111 111 111 112 112 112 113 113 112 112 114 113 113 114 115 115 115 115 114 116 123 115 115 115 115 116 124 115 122 122 124 124 119 127 127 127 126 117 117 137 159 200 160 203 161 204 187 160 177 177 252 253 280 286 278 283 283 257 215 216 171 171 189 190 192 193 269 195 227 273
146 209 211 116 122 101 101 114 114 114 103 114 158 120 127 121 121 123 107 127 117 117 110 112 112 117 117 127 128 112 112 113 113 112 112 113 114 119 120 114 123 123 116 116 116 116 116 115 122 115 122 115 115 122 122 132 135 125 126 126 126 117 117 118 128 128 138 138 161 204 162 222 189 161 162 178 253 254 255 256 256 257 213 260 261 188 189 190 175 176 193 194 179 181 199
185 160 185 172 124 138 123 104 114 114 114 101 139 120 154 148 148 161 103 107 127 111 111 112 112 117 117 117 128 113 112 114 114 114 122 123 123 113 130 120 116 123 115 115 115 116 116 123 116 115 122 122 122 122 122 132 135 124 127 127 126 127 127 117 138 160 160 160 162 204 205 222 189 161 162 163 179 254 210 181 182 213 184 216 262 218 264 190 192 177 203 179 205 206 207
185 211 216 186 190 138 115 101 104 104 104 101 115 160 121 161 161 161 115 113 124 117 111 112 112 117 117 118 118 112 112 113 114 114 123 123 114 115 120 120 120 116 115 121 115 115 116 116 115 122 131 131 131 122 132 132 132 124 127 126 127 127 118 117 139 139 160 139 141 205 205 206 188 162 163 190 191 209 181 182 212 213 214 187 217 218 219 220 192 223 179 179 205 182 183
136 209 152 154 116 139 124 116 105 105 105 102 115 115 139 125 115 115 101 113 107 117 111 112 112 118 127 118 112 113 113 114 113 114 114 123 123 114 115 120 115 116 124 115 115 124 117 117 117 116 122 131 131 122 134 134 124 126 127 127 127 127 118 129 139 161 140 140 141 163 163 207 224 225 226 227 227 165 181 168 213 184 185 187 172 189 220 220 192 194 180 207 206 208 184
148 135 161 162 153 138 124 103 116 116 115 105 102 116 115 115 160 139 101 114 107 124 111 111 111 111 118 118 113 113 113 113 113 115 115 122 122 115 115 115 114 115 116 124 124 117 117 117 117 117 116 133 131 119 124 124 125 126 118 127 118 128 129 130 130 140 130 119 120 142 164 142 143 208 209 210 179 209 182 183 183 184 185 172 187 189 190 191 203 177 242 245 243 208 209
134 149 151 152 154 155 125 104 112 124 127 116 115 104 116 160 122 129 200 116 114 114 127 127 118 118 127 118 128 127 118 113 115 115 123 115 123 123 115 114 114 121 121 116 116 121 116 117 122 123 123 132 133 124 120 125 125 125 127 126 127 118 118 130 120 119 131 131 131 132 132 164 143 165 210 226 166 180 182 212 184 215 186 173 188 200 175 201 203 239 240 208 182 200 185
113 137 138 153 154 139 114 97 111 111 106 124 115 105 140 129 157 175 178 200 102 114 127 124 127 127 127 127 128 128 128 119 115 123 123 115 115 116 116 124 116 115 115 116 116 116 116 122 123 131 132 133 133 134 134 125 125 121 125 127 119 118 118 119 119 120 121 130 121 122 121 121 165 166 166 227 228 193 169 183 184 185 186 217 218 189 176 177 178 179 205 181 199 200 185
114 137 138 160 139 125 113 97 101 112 111 106 108 105 117 173 177 222 187 200 126 114 123 115 124 127 127 118 119 119 119 119 114 114 114 116 123 123 116 116 116 115 115 116 118 116 122 122 123 132 132 132 133 124 134 134 134 125 122 128 118 118 119 119 120 121 130 130 121 121 121 133 165 166 211 212 212 229 195 169 185 171 172 174 189 220 191 192 194 195 181 182 183 185 245
114 136 137 117 160 153 122 113 98 101 111 111 116 114 102 161 225 187 188 228 105 108 114 115 115 118 127 113 114 114 114 119 119 114 120 114 116 124 116 116 116 115 117 116 116 117 122 132 123 123 123 132 124 125 125 134 133 133 123 123 128 119 119 119 120 121 120 122 121 121 134 144 165 167 167 168 168 229 231 196 185 186 187 200 189 220 221 193 225 226 197 198 184 186 230
120 115 137 124 118 117 134 135 98 101 112 113 108 114 105 117 173 199 227 150 115 114 123 124 124 127 119 113 115 113 113 113 119 114 120 116 116 116 117 117 117 117 117 117 117 117 116 122 132 123 123 123 132 133 133 134 134 134 126 126 129 129 129 130 121 130 122 121 122 122 122 123 135 167 212 229 229 230 196 196 186 187 188 189 190 177 192 193 180 181 182 198 184 210 247
145 146 122 187 149 123 117 153 124 103 103 104 115 110 115 102 104 127 141 127 104 109 123 128 113 119 127 113 115 115 124 124 114 116 116 124 134 134 135 135 143 135 135 126 126 126 126 118 123 123 132 123 133 125 125 134 134 134 126 127 127 123 124 125 130 122 121 123 122 134 135 135 135 168 168 169 230 231 196 197 198 187 174 176 177 238 179 223 181 182 198 184 209 187 247
153 135 136 116 117 118 119 164 139 158 159 119 105 116 106 118 118 102 115 115 115 115 115 115 119 119 119 119 115 124 115 115 116 134 124 134 134 144 161 153 153 144 135 136 126 118 118 126 123 132 132 133 133 133 124 133 125 125 125 136 127 124 129 122 122 131 131 123 124 124 124 136 146 168 169 169 170 170 197 172 198 199 200 202 238 238 204 179 181 197 198 209 245 181 232
148 154 149 151 152 117 118 119 120 121 122 169 170 143 129 128 141 118 106 116 111 123 109 115 127 128 127 128 120 116 125 125 125 125 125 125 134 135 153 153 153 144 136 126 126 118 117 117 118 123 133 133 133 133 134 133 133 134 135 127 124 130 131 131 131 123 123 131 124 123 124 146 147 214 169 170 170 171 139 150 172 173 173 175 175 224 240 241 228 228 229 209 186 187 188
134 148 136 151 138 147 217 218 150 143 167 159 142 144 162 144 143 129 104 117 117 111 115 115 127 120 128 128 120 114 116 114 116 125 125 125 125 125 144 144 144 136 136 127 127 118 123 117 123 123 133 133 133 133 134 133 133 134 127 124 124 125 125 131 131 123 123 123 123 136 147 147 137 149 149 170 139 139 139 140 152 152 153 175 176 176 226 227 178 244 245 246 187 203 204
