ecocropFuture/tif/c6/rcp585/ACCESS-CM2/prec_11.asc
ncols        683
nrows        518
xllcorner    -87.691666666667
yllcorner    10.708333333333
cellsize     0.008333333333
NODATA_value  nan
[rows 440 to 483 of 518, columns 288 to 383 of 683]
142 163 143 175 159 159 156 160 176 161 176 176 176 162 162 161 161 163 163 159 160 161 161 166 172 169 169 170 173 173 170 170 170 159 151 188 204 204 202 202 220 227 227 194 194 193 193 193 178 148 183 214 214 183 213 182 182 212 217 217 216 182 213 183 183 213 219 229 303 231 303 304 232 306 235 222 232 308 360 360 362 240 236 237 314 313 315 248 240 242 242 234 255 257 237 237
142 163 176 176 159 160 160 157 157 177 165 177 177 177 162 163 163 163 163 164 163 160 161 166 172 173 173 170 170 173 172 173 170 151 170 188 204 204 204 188 203 228 211 195 195 179 194 178 178 150 183 183 148 148 183 183 183 183 212 225 224 213 217 183 185 218 227 303 354 228 231 304 232 307 359 235 236 309 363 312 312 241 237 238 315 369 317 370 250 242 233 234 323 257 238 238
143 164 164 164 160 160 161 157 157 161 177 162 162 159 179 163 159 164 178 178 160 160 162 162 169 173 173 167 170 173 170 170 159 170 189 205 204 204 204 188 203 229 229 212 195 194 179 179 179 179 149 149 148 148 148 183 148 183 218 226 225 213 213 183 214 219 219 229 304 231 231 357 358 358 378 378 361 238 239 365 313 243 244 245 317 393 371 319 320 322 254 255 324 325 248 250
177 177 161 177 161 158 159 161 160 159 159 159 160 160 163 163 160 164 180 180 161 162 162 162 166 167 170 170 170 170 159 159 152 190 206 224 224 205 223 223 230 196 196 196 213 212 212 212 194 194 162 162 162 162 161 183 213 213 218 212 213 213 213 184 185 215 219 220 231 305 357 358 358 359 379 334 336 364 313 314 315 369 370 392 370 371 372 321 322 377 377 378 380 327 261 263
159 161 157 158 159 159 159 158 163 160 160 161 160 160 161 164 164 160 162 162 162 166 162 166 167 167 167 173 170 160 152 171 171 190 171 171 205 232 198 198 214 197 214 214 197 196 213 213 180 163 162 179 162 162 149 213 213 183 183 213 182 161 182 185 148 149 220 229 231 307 307 308 308 309 360 377 336 341 387 369 390 317 371 348 348 392 397 400 377 325 255 327 381 383 330 263
157 157 157 157 158 158 158 159 163 159 160 160 161 161 161 164 165 160 163 163 162 162 166 171 167 163 163 170 174 174 160 160 160 152 152 171 225 225 206 224 232 232 223 232 215 213 213 164 151 164 150 185 149 149 185 229 229 149 148 162 182 213 213 184 148 185 220 231 308 360 374 359 377 310 312 362 383 386 388 344 391 393 372 395 398 351 353 401 355 356 358 382 383 261 331 251
157 157 157 158 158 163 163 159 164 164 160 160 161 162 162 162 162 162 163 163 162 162 162 167 167 167 167 172 172 161 160 152 152 153 172 191 206 225 233 225 233 233 232 225 232 231 231 231 215 215 180 163 163 185 185 184 149 162 162 162 178 213 219 219 220 220 220 230 309 310 360 362 362 363 379 379 339 297 298 299 346 394 395 375 399 399 354 355 405 357 358 360 412 385 332 333
158 158 158 159 158 163 164 164 182 182 183 160 162 162 162 162 163 162 163 163 164 164 164 164 164 167 174 174 172 161 160 153 153 153 172 207 206 206 226 235 233 233 225 225 225 232 231 224 231 223 196 196 196 163 215 150 163 179 196 195 179 148 228 231 230 220 230 231 378 233 310 363 364 380 381 337 297 298 298 300 347 349 350 399 353 354 355 308 357 407 407 411 413 388 388 416
157 158 163 163 163 164 164 164 183 183 183 165 161 162 162 162 163 163 163 163 164 164 164 164 165 172 172 172 172 154 153 153 172 172 172 191 208 208 191 208 207 226 226 226 206 205 224 224 224 232 198 181 181 164 215 150 150 181 163 180 179 163 214 228 231 221 221 222 232 312 312 362 363 382 382 339 339 299 299 301 301 397 352 402 403 404 382 359 410 410 361 413 414 388 390 391
158 163 163 163 184 164 164 170 170 171 171 184 166 162 162 167 167 163 164 164 164 164 164 165 165 172 174 174 173 161 153 153 172 172 192 191 191 191 173 173 190 190 190 207 207 155 172 190 225 232 215 165 151 151 151 150 163 163 163 163 184 150 185 214 229 221 216 217 217 232 237 315 315 365 339 339 385 386 345 347 349 399 353 403 405 405 383 384 385 413 413 389 390 390 392 394
158 158 158 164 164 164 184 170 150 184 166 166 167 167 185 167 163 163 164 164 164 164 164 164 169 173 173 173 173 173 172 172 161 155 155 173 192 192 192 154 173 173 190 190 207 190 206 206 206 234 233 217 182 165 151 182 150 164 164 164 220 214 214 185 220 221 222 222 188 233 314 365 367 367 383 340 385 388 345 347 393 398 378 355 382 405 407 411 332 389 389 390 391 337 338 395
158 158 164 164 164 170 171 165 162 162 166 167 162 162 164 163 163 164 164 164 164 165 165 165 165 172 162 162 162 155 162 162 162 155 155 173 173 173 173 192 208 208 192 173 192 172 172 191 227 227 234 233 182 152 182 198 182 150 164 185 150 214 221 215 215 222 231 222 217 233 235 369 318 318 370 319 320 373 374 375 348 376 380 328 405 404 407 411 414 417 390 391 391 395 341 425
158 160 160 164 166 165 160 162 162 163 162 162 162 164 164 163 164 164 164 164 164 164 165 172 172 175 175 173 173 162 172 172 162 174 174 173 173 155 173 192 192 192 173 173 155 155 191 191 206 227 218 234 226 218 199 198 198 164 182 164 164 165 151 215 222 231 222 232 316 317 235 235 237 239 236 244 247 247 324 376 395 398 380 399 403 403 409 362 415 418 391 419 369 373 374 427
163 160 160 160 161 161 162 162 162 162 166 163 163 164 164 163 165 168 168 165 169 165 165 169 169 172 173 162 162 162 174 174 162 156 156 156 156 175 175 192 192 174 174 174 192 174 174 191 191 228 236 236 206 226 226 217 183 152 166 166 165 185 186 221 223 231 317 369 318 236 318 236 238 321 242 244 323 249 325 326 327 250 382 381 401 401 408 389 417 418 390 394 396 397 426 377
163 163 160 161 161 161 162 162 162 163 163 163 167 164 164 168 168 172 172 169 165 165 165 165 172 176 162 174 156 156 156 162 174 162 156 156 156 156 175 194 210 174 174 156 174 191 191 191 191 228 237 227 207 191 191 235 218 152 186 152 185 214 216 216 233 232 232 371 319 235 235 320 227 240 238 244 324 247 249 250 249 232 244 255 401 402 386 390 393 420 395 396 397 397 428 378
163 165 165 165 161 161 162 162 162 167 167 167 167 164 169 165 168 172 172 173 172 169 165 166 174 176 174 174 174 174 162 162 162 156 175 194 156 175 175 194 210 210 210 193 193 193 209 208 208 229 237 207 207 227 227 227 236 201 152 187 216 216 221 217 223 232 232 234 235 236 236 321 239 240 243 324 247 245 328 249 249 244 252 332 335 334 335 337 394 422 396 341 342 398 401 431
163 165 171 172 170 162 162 167 167 170 171 171 171 169 172 172 172 175 175 175 174 172 172 170 170 176 176 176 174 174 162 156 156 156 156 157 175 175 194 194 211 231 193 193 193 209 209 209 229 229 220 238 238 229 237 236 236 220 153 187 216 216 221 233 233 231 234 234 321 236 236 238 324 325 242 325 326 328 247 331 331 331 332 334 248 261 336 261 340 264 265 267 400 344 400 402
171 168 168 172 172 173 173 173 170 168 167 167 171 172 169 172 172 174 175 173 175 172 176 176 176 174 174 177 174 174 162 157 157 157 157 157 175 176 176 194 211 232 193 193 210 209 230 240 222 204 238 221 221 238 220 202 202 167 187 222 221 221 230 231 231 231 232 321 375 375 323 324 397 380 326 326 328 329 247 250 387 388 334 257 249 248 237 261 263 264 266 267 344 345 347 431
171 169 169 170 170 173 174 174 174 168 171 171 175 175 175 172 172 173 173 173 173 173 175 176 175 175 175 164 158 164 163 163 163 162 162 157 157 157 162 176 176 194 211 211 211 232 210 232 223 205 239 239 239 239 239 221 221 167 153 234 222 232 230 320 320 233 234 321 375 376 377 378 380 241 329 329 384 385 332 388 388 389 335 336 249 237 238 262 265 266 267 268 346 347 349 349
171 171 172 172 170 173 174 168 174 174 175 175 175 166 175 176 176 176 176 176 173 173 176 175 175 164 158 158 177 158 163 163 163 163 163 162 157 162 162 158 158 161 176 176 176 210 232 232 241 232 231 241 223 239 223 203 203 167 187 234 233 216 222 320 374 233 323 323 324 325 325 326 328 329 329 330 330 248 332 334 334 335 256 260 236 250 261 263 343 266 267 346 347 258 259 278
171 171 172 172 175 174 174 158 168 175 174 175 175 166 158 176 176 176 176 176 176 174 176 175 175 176 158 158 177 177 197 178 159 163 159 163 158 158 163 158 158 161 176 194 194 194 233 233 225 225 224 241 223 205 204 187 187 203 154 223 233 222 216 231 375 233 323 324 236 237 239 328 329 330 330 330 332 388 410 335 335 255 260 264 249 341 262 400 428 402 268 404 349 258 245 260
173 173 173 173 175 174 174 158 168 175 175 175 175 158 159 176 176 176 177 176 175 176 175 164 164 164 177 197 197 177 178 178 159 178 177 176 177 177 177 158 177 177 177 194 194 194 233 233 233 242 242 242 205 187 187 187 168 168 154 216 234 222 222 234 376 376 238 378 236 237 238 240 330 331 331 245 334 389 411 392 336 393 393 340 261 342 343 344 429 402 347 271 350 350 260 261
169 169 173 169 169 158 158 158 168 168 168 168 166 166 159 166 176 166 166 159 158 158 158 158 178 177 197 197 197 216 197 197 178 178 178 177 177 177 196 177 196 196 196 194 194 234 234 234 244 233 232 232 224 189 154 154 188 187 216 223 216 186 234 234 232 324 325 237 237 227 227 240 330 332 333 388 389 411 414 364 416 395 341 260 261 261 344 346 347 403 348 349 407 437 410 411
158 158 177 159 169 159 159 178 159 168 168 159 159 167 159 159 159 159 178 178 199 178 199 199 219 253 218 198 217 198 198 197 216 197 178 163 158 158 160 177 196 214 177 196 214 236 234 245 208 226 243 243 225 207 189 188 188 218 237 326 230 230 324 325 378 235 238 238 238 330 330 385 406 408 390 390 391 414 415 319 418 396 257 260 344 252 264 347 405 434 432 407 409 385 413 441
200 177 179 179 179 178 159 201 179 179 159 159 159 159 159 159 159 178 178 160 179 160 179 199 243 218 218 218 218 159 178 178 197 197 178 160 160 163 160 177 214 237 214 214 247 246 227 208 208 227 227 208 208 208 170 218 225 237 237 237 230 325 230 231 380 396 397 329 330 385 385 331 333 390 411 412 363 415 416 419 418 398 251 260 402 346 405 431 379 326 380 409 385 387 332 332
200 200 179 200 179 201 222 222 223 201 200 222 221 221 179 159 179 200 179 179 220 199 199 179 160 159 159 159 159 177 178 164 164 160 178 177 177 160 160 160 196 237 237 214 237 237 210 192 192 192 171 171 157 156 218 225 235 328 328 327 230 326 326 326 327 381 398 384 238 240 240 242 244 411 412 392 414 416 418 368 368 422 344 346 404 404 377 378 380 382 382 410 386 389 445 447
200 200 179 202 202 223 223 223 248 223 222 200 248 246 200 160 179 200 200 179 245 199 199 199 165 164 164 164 177 178 178 177 164 164 178 160 179 179 179 179 197 197 249 237 248 230 230 192 172 172 171 171 157 220 227 225 237 398 398 383 230 230 380 380 383 383 330 331 240 228 240 242 244 392 414 393 415 418 420 369 370 371 373 375 429 430 378 325 382 382 438 413 444 389 447 449
200 222 223 202 202 201 201 223 223 223 202 202 202 202 202 179 160 179 201 179 220 220 220 199 160 177 164 164 177 178 176 177 164 164 160 160 179 179 161 161 178 178 215 239 239 230 230 211 173 159 158 157 157 220 220 226 239 331 331 384 329 231 329 329 330 330 236 238 240 241 242 243 243 393 415 394 397 419 421 370 423 426 320 321 322 323 324 332 383 328 440 443 389 447 393 451
223 201 224 202 224 180 180 203 203 203 202 202 202 180 202 201 180 201 201 180 179 179 179 201 201 179 164 164 177 179 176 179 176 179 178 163 161 179 179 179 160 160 197 215 239 250 249 231 193 173 173 173 173 220 227 239 238 332 386 234 233 233 233 234 235 238 226 220 228 241 243 336 337 395 396 340 341 399 400 425 373 374 322 327 330 324 325 326 384 385 387 389 332 392 452 453
263 263 249 224 224 223 180 203 203 224 224 224 224 180 180 201 201 180 160 160 160 177 161 165 165 164 161 161 177 179 176 176 179 179 179 163 163 179 179 161 178 178 216 197 216 239 250 231 212 212 173 193 173 158 227 240 240 226 239 225 217 218 224 235 218 219 220 240 241 242 336 412 413 396 341 251 399 400 402 426 403 428 323 324 377 376 434 439 441 443 443 417 419 451 453 454
226 226 243 264 243 263 263 263 263 224 224 224 202 202 180 201 180 180 180 165 177 165 161 165 165 164 164 164 164 164 177 178 179 178 178 178 161 179 199 218 216 216 241 241 233 232 232 232 213 194 194 194 194 173 190 190 219 219 219 226 226 218 218 226 240 239 240 241 336 244 337 395 415 417 398 342 400 402 346 404 404 429 432 377 378 380 326 385 387 444 445 390 392 395 396 397
206 206 175 187 208 209 243 243 243 264 264 262 250 224 202 180 180 160 160 165 165 165 165 165 161 164 164 164 164 164 164 161 164 164 164 163 163 161 199 218 218 218 241 253 234 252 251 251 213 174 174 174 174 174 191 191 219 219 219 226 240 240 226 240 240 226 227 336 337 244 339 396 397 398 343 253 402 256 257 260 405 407 432 434 381 382 384 329 388 389 447 391 393 453 397 397
381 318 251 237 207 206 187 209 209 227 186 207 242 264 250 250 223 181 181 162 180 161 165 161 161 164 161 164 164 162 164 164 164 164 164 163 161 180 199 243 242 218 242 242 234 233 233 252 233 196 174 160 174 160 160 220 191 227 242 242 336 335 240 240 241 240 241 337 394 340 340 341 342 343 253 254 255 257 258 261 349 409 434 435 383 383 385 415 418 448 391 392 392 453 338 398
nan nan 381 251 251 237 175 187 174 174 173 173 207 264 243 242 242 223 181 181 181 181 161 181 181 161 161 180 180 162 164 178 164 164 164 164 162 199 220 257 236 255 243 218 255 235 235 235 235 215 195 160 160 174 160 191 221 242 228 228 241 392 241 241 242 243 244 339 411 413 396 342 251 252 254 255 347 348 350 351 408 410 411 438 383 334 329 417 419 449 334 335 454 455 399 458
nan nan nan nan 317 275 249 237 237 249 236 205 187 227 243 243 225 243 250 223 223 201 201 201 223 201 201 201 181 162 164 162 162 181 163 162 180 180 220 245 237 256 256 244 244 236 235 235 235 197 175 193 193 193 193 221 243 245 245 340 393 393 242 337 393 393 394 340 396 397 415 399 252 nan 255 256 404 350 351 352 352 411 437 439 384 335 336 389 448 393 334 335 336 398 460 401
nan nan nan nan nan nan 431 380 379 273 271 235 173 172 207 226 226 225 225 243 242 263 263 263 263 249 222 202 202 202 201 201 201 220 220 220 220 220 246 246 257 257 218 237 256 255 236 216 216 197 161 193 222 229 245 249 342 396 410 410 359 409 394 394 394 410 411 396 397 399 399 nan nan nan nan nan 405 428 429 432 433 411 437 439 384 329 331 332 334 394 451 454 456 458 401 460
nan nan nan nan nan nan nan nan 431 380 310 248 203 203 185 185 185 170 170 184 183 183 183 224 224 241 249 262 249 249 261 241 260 260 260 259 239 239 239 220 238 257 238 218 238 198 198 177 163 193 231 231 246 253 252 250 413 361 314 361 314 314 360 340 395 395 413 415 343 400 nan nan nan nan nan nan nan 323 378 379 433 380 382 383 386 330 331 339 391 452 424 425 457 460 462 341
nan nan nan nan nan nan nan nan nan nan 379 378 309 235 234 233 233 233 233 232 231 201 201 169 205 182 181 167 181 181 202 202 181 202 221 202 221 220 220 201 219 219 219 200 200 199 177 163 195 195 222 231 256 347 415 414 362 315 316 362 315 314 412 412 396 413 414 399 nan nan nan nan nan nan nan nan nan nan nan 380 326 381 333 330 337 331 332 390 393 453 454 426 427 461 463 403
nan nan nan nan nan nan nan nan nan nan nan nan 378 309 308 306 376 375 267 267 244 265 242 242 242 230 230 261 230 230 229 198 167 167 165 197 165 165 165 165 164 179 179 164 163 195 224 224 232 232 259 349 404 417 365 318 318 316 316 318 317 315 362 362 414 414 nan nan nan nan nan nan nan nan nan nan nan nan nan nan nan 381 384 330 nan nan 333 334 451 424 425 456 459 430 432 404
nan nan nan nan nan nan nan nan nan nan nan nan nan nan nan 435 435 435 427 302 265 373 298 297 295 240 240 240 230 230 239 259 228 228 228 227 227 197 227 197 164 164 164 164 225 224 233 233 249 352 418 367 366 321 321 365 365 319 365 365 364 364 318 364 400 nan nan nan nan nan nan nan nan nan nan nan nan nan nan nan nan nan nan nan nan nan nan 392 393 453 454 456 459 401 403 342
nan nan nan nan nan nan nan nan nan nan nan nan nan nan nan nan nan nan 428 428 426 374 373 298 371 263 240 262 261 261 260 286 285 259 237 237 227 227 237 235 197 225 235 235 253 233 251 265 354 420 367 319 319 322 316 318 318 320 366 418 365 365 366 nan nan nan nan nan nan nan nan nan nan nan nan nan nan nan nan nan nan nan nan nan nan nan nan nan nan 396 455 399 401 342 343 343
nan nan nan nan nan nan nan nan nan nan nan nan nan nan nan nan nan nan nan nan nan 427 434 434 434 432 295 369 369 422 429 419 366 419 364 363 363 280 362 361 275 254 273 272 357 411 410 422 371 321 320 316 316 320 321 315 315 367 321 321 320 nan nan nan nan nan nan nan nan nan nan nan nan nan nan nan nan nan nan nan nan nan nan nan nan nan nan nan nan nan nan nan 349 350 354 352
nan nan nan nan nan nan nan nan nan nan nan nan nan nan nan nan nan nan nan nan nan nan nan nan 341 433 433 433 381 380 379 379 421 429 378 376 428 428 428 375 374 374 415 413 413 424 372 327 322 317 316 321 316 317 317 316 320 322 320 321 nan nan nan nan nan nan nan nan nan nan nan nan nan nan nan nan nan nan nan nan nan nan nan nan nan nan nan nan nan nan nan nan nan nan 354 355
nan nan nan nan nan nan nan nan nan nan nan nan nan nan nan nan nan nan nan nan nan nan nan nan nan nan 341 339 339 338 329 329 336 336 336 378 377 334 377 377 375 330 375 427 426 424 372 327 327 322 318 321 321 318 319 318 318 318 nan nan nan nan nan nan nan nan nan nan nan nan nan nan nan nan nan nan nan nan nan nan nan nan nan nan nan nan nan nan nan nan nan nan nan nan nan nan
