ecocropFuture/tif/c6/rcp585/ACCESS-CM2/prec_5.asc
ncols        683
nrows        518
xllcorner    -87.691666666667
yllcorner    10.708333333333
cellsize     0.008333333333
NODATA_value  nan
[rows 84 to 125 of 518, columns 282 to 375 of 683]
nan nan nan nan nan nan nan nan nan nan nan nan nan nan nan nan nan nan nan 149 150 151 151 152 154 153 153 154 156 156 157 157 158 159 159 158 158 159 161 162 161 162 160 161 162 161 162 164 165 165 166 165 166 166 168 168 170 172 171 170 171 170 170 170 171 170 171 172 174 174 174 175 174 175 175 176 176 177 177 178 178 176 176 175 175 175 177 177 178 179 182 182 183 180
nan nan nan nan nan nan nan nan nan nan nan nan nan nan nan nan nan nan nan 150 150 151 152 153 153 153 153 155 156 156 156 156 157 158 158 159 158 159 160 161 161 161 161 161 162 162 163 164 165 165 165 165 166 167 167 170 172 172 171 170 170 170 171 170 170 171 171 172 172 174 175 175 174 174 175 176 175 176 176 177 178 177 176 177 176 176 177 177 177 180 182 184 182 182
nan nan nan nan nan nan nan nan nan nan nan nan nan nan nan nan nan nan nan 151 150 150 151 152 153 154 155 155 155 155 156 156 157 158 158 159 158 159 160 161 162 160 161 162 163 162 163 164 165 165 165 166 167 167 167 167 168 169 172 171 171 171 172 171 171 171 172 172 173 173 174 175 176 176 176 176 176 175 176 177 178 178 177 178 176 177 177 177 180 181 182 181 181 181
nan nan nan nan nan nan nan nan nan nan nan nan nan nan nan nan nan nan nan nan nan 151 151 152 153 154 155 155 156 157 157 158 159 159 158 159 159 160 160 160 161 161 162 162 162 163 164 165 165 165 165 166 166 167 167 168 168 170 170 171 171 172 172 170 171 171 172 173 173 174 175 176 176 176 176 177 176 176 177 177 178 177 177 178 176 179 179 179 180 180 180 179 179 180
nan nan nan nan nan nan nan nan nan nan nan nan nan nan nan nan nan nan nan nan nan 150 151 151 152 153 155 155 156 157 158 159 158 159 159 159 158 159 159 160 161 161 161 162 162 162 163 164 164 167 165 165 168 168 168 168 169 169 170 170 170 172 171 171 171 172 172 173 174 174 175 176 175 175 176 176 176 177 177 177 178 178 177 178 179 177 178 179 180 181 179 179 180 181
nan nan nan nan nan nan nan nan nan nan nan nan nan nan nan nan nan nan nan nan 152 151 151 151 152 153 153 155 156 157 159 159 159 158 158 158 158 159 161 162 162 162 161 162 162 164 166 166 165 165 165 165 169 171 168 168 169 170 170 170 170 170 170 171 172 172 173 174 174 175 174 174 176 175 175 175 176 178 177 178 178 178 178 178 179 178 178 178 178 179 179 180 181 183
nan nan nan nan nan nan nan nan nan nan nan nan nan nan nan nan nan nan nan nan 153 153 154 152 152 153 155 154 156 157 158 159 159 159 159 159 158 160 160 161 162 161 161 162 162 164 166 170 167 168 166 167 167 170 169 168 169 170 170 170 170 171 171 171 172 173 172 173 174 174 174 175 176 176 176 177 178 178 177 178 179 180 178 178 179 178 178 178 178 180 183 181 183 183
nan nan nan nan nan nan nan nan nan nan nan nan nan nan nan nan nan nan nan 152 153 151 151 152 153 156 156 156 156 158 158 159 159 158 159 159 159 159 160 162 163 162 162 165 164 164 166 166 165 165 166 166 167 167 168 170 170 170 171 171 171 172 173 173 173 173 173 173 174 174 176 176 176 175 176 176 176 177 176 180 180 180 179 179 179 178 178 178 178 179 179 181 181 185
nan 144 144 143 145 145 146 148 148 149 148 146 148 148 148 148 148 149 152 151 151 151 152 152 154 153 154 154 157 158 159 157 158 158 159 159 160 160 160 161 163 164 164 163 164 164 164 164 165 166 166 166 167 168 168 169 169 170 170 170 170 171 173 172 173 175 173 174 174 174 176 176 176 175 176 176 176 176 176 179 178 179 178 178 179 180 179 178 178 179 180 180 180 184
143 145 146 145 144 144 146 147 146 150 149 149 148 148 150 151 152 152 152 152 152 151 152 152 156 154 155 157 158 157 157 157 157 158 158 158 159 160 160 162 162 163 165 165 163 165 165 164 165 166 166 167 167 168 169 169 169 170 169 170 170 171 172 173 173 174 175 175 173 174 175 174 174 175 177 177 176 177 178 180 180 179 178 179 178 179 178 178 179 179 179 181 182 182
145 146 146 145 146 146 145 147 148 148 149 149 150 150 150 151 151 152 153 153 153 152 151 152 155 157 154 157 156 156 157 157 158 158 158 159 159 160 161 161 163 162 164 165 164 165 167 165 165 167 167 168 167 169 169 170 169 170 170 170 171 172 173 174 174 175 175 175 175 175 175 174 175 175 177 177 177 178 179 180 181 179 179 179 179 179 178 178 180 180 181 181 182 181
142 143 146 148 148 147 146 147 148 149 149 150 150 150 151 150 152 152 153 153 153 152 151 152 153 157 155 155 156 156 157 158 158 158 159 160 159 160 161 161 162 162 163 163 165 165 165 167 168 170 169 170 169 171 171 170 169 169 172 171 172 171 172 172 173 175 175 175 176 175 175 174 174 176 177 177 179 179 179 180 181 179 178 179 179 179 178 179 180 181 181 181 181 182
143 144 145 147 146 145 147 148 148 149 149 150 150 149 151 151 152 153 153 152 153 153 152 154 154 154 155 154 155 156 157 157 158 159 159 159 160 160 160 161 163 162 164 166 167 167 167 166 166 169 169 171 171 169 170 172 170 169 170 170 171 171 172 173 173 174 175 175 176 175 177 177 175 176 178 177 178 179 180 181 181 179 179 179 179 179 179 179 180 181 181 182 182 183
143 148 148 146 148 148 148 148 148 148 149 150 150 151 151 152 152 150 151 151 151 152 153 154 153 155 155 155 158 157 157 157 158 159 161 160 161 161 161 164 165 165 166 168 169 169 167 168 168 169 169 170 171 171 171 171 172 172 172 171 170 172 172 174 174 174 175 175 175 177 177 178 176 178 178 176 179 178 179 179 180 179 179 179 179 179 179 180 180 181 182 183 182 183
148 149 147 146 147 147 147 148 149 148 150 149 150 150 150 150 152 151 151 151 152 152 153 153 153 155 157 155 155 156 157 158 157 158 159 161 161 162 164 164 167 168 172 168 169 169 169 168 171 171 172 170 171 173 174 175 173 175 176 176 176 176 173 174 174 175 174 175 177 177 176 177 177 176 179 180 179 178 178 179 179 179 178 179 179 180 180 180 180 182 184 182 183 182
148 148 146 145 147 147 148 148 148 149 149 150 151 151 151 149 150 150 151 152 152 152 154 154 155 155 155 156 156 156 157 157 158 159 159 160 160 162 165 166 167 171 174 174 173 173 171 172 172 173 171 171 172 173 173 173 174 172 176 176 176 176 172 173 174 174 174 175 176 177 177 176 177 176 179 179 179 178 178 179 180 180 180 179 179 180 181 181 183 182 182 182 182 182
149 148 147 145 147 148 148 148 148 149 149 149 150 152 151 152 151 150 152 152 153 153 153 156 156 156 157 158 158 158 159 157 159 160 159 159 160 161 164 166 167 168 175 175 175 176 173 174 178 173 172 171 174 178 174 170 173 174 175 175 174 175 173 174 174 174 175 174 176 176 176 176 176 176 177 178 178 178 178 179 180 181 181 179 182 181 181 182 184 185 183 182 183 183
151 149 148 146 148 148 148 148 148 149 149 150 151 151 152 152 152 150 151 152 152 153 153 153 155 157 158 158 159 159 157 158 158 159 159 161 160 161 163 163 166 167 169 173 170 169 170 171 173 171 171 172 176 178 181 174 175 173 171 172 173 172 173 174 176 174 174 174 174 177 175 177 178 177 177 178 178 178 178 179 179 180 180 180 180 181 181 181 182 184 183 183 182 184
150 149 147 146 147 148 148 149 149 150 150 150 151 151 151 152 152 152 152 152 153 152 153 153 156 156 156 158 159 160 158 157 158 158 159 161 160 161 161 164 164 168 168 173 168 167 168 170 172 172 173 175 174 176 175 175 179 175 173 172 172 173 173 176 174 174 174 174 174 176 176 177 176 176 177 178 179 179 180 180 179 179 179 180 181 181 181 182 184 183 183 182 183 184
143 144 147 147 147 148 148 148 149 150 150 150 149 151 152 152 152 153 152 152 152 152 153 155 155 155 156 159 159 159 158 157 158 161 161 161 161 161 164 165 166 165 166 169 175 170 172 172 175 179 175 177 174 173 173 173 173 176 180 176 176 173 173 174 175 175 175 176 176 175 179 178 180 179 178 180 178 178 178 178 180 182 184 182 181 182 182 181 183 183 183 183 183 184
147 147 147 147 147 147 149 149 149 150 150 150 150 152 152 153 152 154 153 152 152 153 153 154 154 155 156 156 159 159 157 157 159 158 160 160 160 161 163 165 163 163 164 166 167 170 172 172 175 174 178 173 172 172 173 173 174 176 177 177 176 173 175 175 175 175 174 177 177 175 178 180 181 180 180 181 179 180 180 179 180 182 185 184 181 182 183 185 184 183 183 185 184 186
145 146 147 147 146 148 149 149 150 150 150 151 151 152 152 152 152 153 154 153 153 154 153 154 155 158 158 158 159 159 159 157 158 158 159 159 160 161 163 164 163 163 164 167 169 168 171 174 172 174 172 172 172 173 175 174 180 179 175 175 173 173 174 175 176 175 175 176 176 176 179 177 179 182 184 189 186 186 183 180 180 180 182 184 185 185 185 186 184 185 185 187 188 188
146 146 146 147 147 149 149 149 150 149 150 150 148 151 153 153 153 153 154 154 155 155 156 155 154 156 157 157 157 159 159 158 160 159 159 160 160 161 162 163 163 163 163 165 168 166 166 170 171 172 172 172 175 174 180 180 180 179 176 174 173 173 175 175 176 176 175 176 177 176 178 177 177 180 181 181 183 186 187 182 181 181 183 183 185 184 183 183 185 185 185 189 190 190
146 145 145 145 146 147 149 149 149 149 150 151 149 152 153 153 153 153 152 152 152 154 155 155 155 156 159 158 157 158 158 157 159 161 160 161 161 161 162 162 164 163 163 165 166 168 170 170 171 168 170 173 174 175 179 177 179 178 178 174 172 173 175 176 175 175 176 177 177 178 177 177 180 178 180 180 183 184 183 181 183 183 181 185 186 186 184 185 185 185 187 188 192 197
144 145 144 145 146 146 148 149 149 149 150 150 152 152 152 153 152 153 152 152 155 154 154 154 155 157 156 156 157 158 159 160 159 159 161 160 161 162 162 163 163 163 164 164 168 166 170 171 171 170 169 173 175 174 179 175 176 178 178 176 173 173 174 176 174 175 175 176 177 177 177 178 179 180 181 180 180 181 179 180 181 182 183 183 185 186 186 185 185 188 192 193 197 204
146 145 144 146 145 147 148 148 149 150 150 151 151 152 153 153 152 153 152 152 155 157 154 155 158 160 157 156 157 158 160 160 161 159 160 160 161 162 162 163 163 164 164 164 165 165 169 170 171 171 171 172 174 173 174 177 178 176 175 174 173 174 174 175 175 174 175 175 177 177 177 179 178 179 180 182 180 180 180 181 181 181 181 183 184 185 185 187 190 191 196 204 201 196
151 146 147 148 148 148 149 148 149 150 150 149 151 152 153 153 153 153 153 152 156 154 154 155 156 159 156 157 158 158 158 159 162 161 160 160 162 163 162 164 165 163 165 165 165 166 166 167 171 171 171 169 171 175 177 174 176 175 176 173 174 174 174 174 174 176 175 176 177 178 183 180 179 179 180 179 180 180 181 180 181 182 184 186 190 191 189 191 191 190 197 204 206 203
147 146 147 148 147 149 149 149 150 150 150 151 151 152 153 153 151 152 152 155 158 160 160 157 159 157 158 159 159 159 159 159 161 159 161 163 164 165 164 163 164 164 164 166 166 166 166 166 167 168 168 168 168 175 178 179 175 176 175 173 174 174 174 175 175 175 176 176 177 178 179 179 179 179 179 180 180 180 180 180 185 185 187 186 186 192 197 193 193 194 191 193 206 203
144 147 148 147 148 148 148 149 150 151 151 152 152 152 153 153 151 153 156 159 160 161 161 160 160 158 159 159 160 158 159 159 161 159 160 163 166 166 166 165 164 165 165 167 166 166 166 167 167 168 168 168 168 172 174 173 176 177 175 174 173 174 174 174 174 177 175 177 177 177 178 179 184 179 179 180 180 180 181 181 184 188 188 188 189 190 198 198 194 195 195 192 198 196
144 147 147 147 148 148 149 149 149 150 151 152 152 152 154 154 152 152 154 157 165 165 162 161 160 158 158 159 160 160 158 158 160 160 160 163 165 166 166 167 164 165 165 165 165 167 166 166 166 168 169 168 168 170 174 174 175 177 175 174 173 173 173 174 175 178 179 180 180 177 177 180 183 185 181 182 183 181 184 184 183 186 191 191 195 190 191 194 194 192 193 195 199 200
145 147 146 147 148 148 149 149 150 149 151 152 152 153 150 151 151 154 158 162 165 161 160 163 161 161 157 158 158 159 158 159 162 161 163 165 166 166 167 166 164 164 164 166 165 167 166 166 166 169 170 169 169 171 174 178 175 174 173 173 174 173 173 175 178 182 180 181 183 181 181 184 187 187 184 183 186 188 189 194 189 189 191 195 196 196 191 190 191 190 191 195 195 201
144 147 147 147 148 148 149 149 148 149 148 148 149 153 150 151 152 156 164 164 164 159 161 164 162 162 157 159 158 158 161 165 165 165 167 167 166 167 167 167 166 163 165 166 167 166 167 169 167 168 169 169 169 171 172 174 174 175 175 174 174 173 177 179 181 182 183 185 189 181 182 184 187 186 186 188 193 194 194 194 190 191 192 193 192 192 194 192 190 193 193 200 201 195
148 147 147 147 148 147 147 149 150 150 149 152 153 152 154 154 156 158 161 164 164 163 165 161 156 158 158 158 158 158 161 165 165 166 170 174 175 171 175 175 175 168 167 166 167 167 168 167 167 168 169 169 170 171 170 170 173 174 177 177 176 180 180 183 185 182 185 185 188 187 188 190 196 186 192 193 189 194 194 188 185 188 191 193 198 206 202 202 208 196 198 195 196 201
148 147 147 148 148 148 147 146 147 149 148 149 153 152 151 154 152 154 164 162 163 161 159 156 156 160 159 158 158 162 163 164 164 164 166 174 171 171 174 175 173 166 167 170 167 166 167 167 168 169 170 172 170 170 170 171 171 172 175 177 178 185 191 185 182 180 183 184 192 186 184 187 186 187 193 200 196 200 199 198 194 194 204 198 201 202 202 203 204 206 193 195 202 205
143 144 144 144 146 146 147 146 147 148 148 151 152 153 151 154 152 154 159 162 161 160 155 159 159 158 159 158 158 159 162 164 164 165 166 168 167 168 167 168 169 168 167 168 169 167 168 167 167 169 169 169 169 170 171 170 171 174 176 180 184 188 186 184 188 186 182 179 181 183 183 186 187 186 188 200 200 193 193 194 201 203 200 201 201 202 194 194 194 201 205 197 210 205
145 145 144 144 145 146 146 147 147 148 150 149 152 151 150 151 151 153 159 165 161 160 155 159 158 160 159 160 159 158 161 162 160 161 164 163 164 165 165 166 167 167 166 168 169 169 171 170 169 168 169 169 171 171 172 171 170 174 178 184 191 186 183 182 183 182 180 180 180 184 189 189 190 187 185 187 193 194 195 192 196 197 201 206 201 197 194 195 195 196 210 211 209 210
145 144 145 147 145 147 147 149 147 147 148 148 154 154 154 151 151 153 157 160 159 160 155 156 156 157 158 160 158 158 160 160 161 160 161 161 164 168 168 168 167 167 166 166 171 171 171 170 169 169 169 169 169 170 171 171 170 173 179 184 185 189 183 187 189 181 181 182 181 183 185 196 191 186 185 188 198 190 195 189 190 192 205 198 202 194 194 195 198 204 205 210 211 205
147 144 145 146 146 148 148 147 147 147 148 150 154 154 154 155 156 157 158 159 159 160 156 156 158 157 158 158 159 158 159 159 161 161 162 163 164 168 168 170 168 169 166 167 167 166 168 170 168 169 169 169 170 171 172 171 170 174 176 188 184 184 186 180 179 191 189 186 182 189 188 187 186 186 188 187 191 193 195 196 196 197 198 202 205 199 203 209 197 206 205 204 203 205
145 145 145 147 147 147 147 147 147 149 151 151 150 153 154 155 157 158 159 166 159 160 158 156 156 157 159 160 161 158 160 163 163 162 161 166 166 165 169 168 169 170 166 166 166 167 167 167 169 169 169 169 172 171 172 174 171 172 176 178 179 180 183 180 181 186 187 188 184 193 194 187 185 185 191 193 197 201 203 203 200 199 193 194 203 205 198 198 207 204 204 204 209 209
143 147 149 147 147 147 147 147 147 148 148 149 151 153 156 157 158 159 159 160 160 160 160 159 156 157 157 157 158 158 164 165 165 164 162 166 169 168 164 166 165 165 165 165 166 166 167 168 168 169 169 174 172 173 174 175 174 173 177 179 179 178 179 179 177 180 183 192 191 183 184 184 186 195 191 198 195 201 195 189 201 198 199 193 199 203 203 203 200 208 205 204 204 206
146 144 145 146 147 147 148 146 150 152 152 154 154 155 159 160 161 158 159 160 163 160 160 161 160 161 160 158 161 161 162 165 166 166 166 167 169 168 168 166 167 167 168 165 167 167 168 168 168 171 171 176 177 178 178 179 179 178 177 181 179 181 181 181 180 178 181 180 180 184 185 183 184 185 187 192 192 191 195 195 202 199 199 199 199 198 194 189 198 204 204 204 201 203
146 147 146 146 147 147 148 146 150 153 152 154 154 155 163 164 164 159 158 159 161 163 164 165 162 163 162 160 161 161 162 166 166 166 167 168 169 170 169 168 167 164 165 168 169 170 171 171 172 173 173 174 175 178 176 177 177 180 180 183 184 186 186 181 179 178 177 179 178 183 184 186 184 187 192 189 190 190 197 193 195 203 198 198 199 194 196 187 194 202 204 202 195 200
