ecocropFuture/tif/c6/rcp585/ACCESS-CM2/prec_12.asc
ncols        683
nrows        518
xllcorner    -87.691666666667
yllcorner    10.708333333333
cellsize     0.008333333333
NODATA_value  nan
[rows 343 to 391 of 518, columns 288 to 383 of 683]
58 61 89 95 95 106 92 100 98 100 103 94 103 90 89 97 83 99 101 101 101 105 92 80 95 112 112 115 112 101 103 118 111 125 121 126 136 145 148 137 133 141 139 131 132 143 142 132 131 131 120 128 86 86 108 127 106 107 107 108 133 136 135 134 134 116 118 141 147 103 141 145 146 141 144 105 147 124 106 132 104 125 125 153 151 160 171 162 163 176 176 200 200 180 184 182
58 48 68 111 114 112 107 112 105 105 111 107 98 99 106 106 106 102 100 98 99 102 103 93 83 112 114 115 111 113 119 120 94 109 117 115 135 127 136 139 139 133 142 142 130 117 117 116 119 107 107 107 123 126 103 125 105 125 107 127 106 89 107 133 135 136 131 134 137 144 137 122 127 127 131 151 129 150 151 151 131 154 154 125 151 153 154 156 156 159 145 144 143 114 172 164
56 47 43 63 76 92 74 71 70 80 91 99 78 88 87 98 98 91 101 97 98 101 103 93 81 81 95 95 80 112 119 119 121 125 131 113 120 137 122 135 138 134 119 129 118 108 105 103 106 107 122 116 116 128 123 125 129 106 91 128 131 135 137 136 139 141 140 131 133 136 135 134 138 137 141 144 142 143 144 145 153 154 155 155 133 135 108 138 108 162 155 159 165 142 114 116
40 40 50 51 61 58 50 54 52 64 79 88 77 86 87 86 87 66 98 99 96 98 104 94 86 86 84 83 81 81 114 85 118 121 129 128 134 119 133 129 135 137 122 127 117 127 108 105 102 122 123 118 131 127 126 129 129 126 129 124 125 130 142 140 98 144 137 137 130 134 136 134 118 103 122 123 144 143 144 143 145 144 146 149 133 105 106 160 161 154 156 156 165 142 145 171
50 45 42 46 54 57 50 65 50 51 77 86 85 76 76 76 76 49 78 95 95 101 102 101 82 84 90 100 88 88 80 83 83 101 122 125 126 130 92 129 133 137 133 108 88 85 123 123 101 121 122 129 133 132 128 131 126 127 128 133 127 143 147 143 114 118 140 137 130 131 136 134 133 137 139 124 139 141 143 139 141 144 146 146 147 134 136 137 162 156 157 155 165 167 145 162
43 52 55 57 56 56 61 70 65 62 63 77 85 85 94 87 87 77 77 78 79 80 92 103 102 92 95 93 88 99 105 106 92 83 85 86 93 124 128 136 137 123 133 109 126 110 108 123 107 86 126 128 131 132 129 106 105 89 108 90 114 102 105 122 101 121 138 138 131 131 134 133 133 104 104 104 121 121 138 139 124 126 143 127 147 149 159 160 162 154 154 156 156 157 159 160
32 46 43 55 66 76 94 80 97 77 76 76 85 85 76 78 77 87 77 78 79 89 97 99 92 92 104 104 100 102 104 104 102 104 105 107 100 88 120 130 129 136 133 130 130 113 124 105 110 112 111 88 106 127 111 112 112 135 135 130 133 140 143 142 140 139 139 137 131 131 134 131 116 102 99 109 100 112 101 102 105 106 109 147 145 146 148 150 149 134 118 137 156 166 167 169
39 43 42 58 65 71 65 75 48 60 62 46 75 76 86 77 77 76 48 77 88 80 80 80 81 90 101 98 98 99 93 93 105 103 104 98 112 95 86 122 124 137 134 131 129 110 83 85 111 124 130 110 87 107 108 109 115 128 127 109 127 129 129 131 132 132 137 137 140 120 141 135 135 134 118 101 99 103 119 104 122 123 124 141 142 146 148 149 150 149 151 154 157 157 157 144
45 44 51 62 57 55 74 59 47 46 61 60 75 94 76 77 77 77 77 88 98 98 99 97 97 97 98 98 98 99 93 83 102 95 103 107 111 92 83 123 131 137 137 114 129 108 105 108 110 110 129 111 131 112 88 133 134 126 126 127 126 128 128 128 130 129 115 140 141 141 141 141 144 135 135 135 138 137 138 139 140 141 142 143 145 146 146 150 149 152 153 155 165 165 141 109
60 60 52 57 54 43 60 72 58 46 46 48 61 86 88 88 87 87 88 91 89 96 98 89 77 86 85 98 98 86 87 102 99 104 94 102 105 106 104 86 127 129 125 126 127 123 125 126 84 86 111 111 112 131 107 131 111 131 131 131 128 128 128 129 135 137 140 119 120 92 119 141 142 145 146 146 147 140 149 149 151 143 153 155 148 157 146 147 148 149 154 154 155 166 167 145
53 50 62 46 45 47 38 72 71 58 35 37 43 64 78 64 87 95 96 90 93 100 101 79 79 78 76 77 87 80 81 88 102 99 103 102 103 103 104 81 117 120 121 123 127 109 129 126 108 111 87 110 110 131 106 87 87 86 133 111 112 129 127 135 127 138 141 91 92 139 137 111 120 145 145 145 147 148 150 151 151 151 130 130 156 157 145 144 144 129 150 164 151 153 169 171
39 54 46 41 44 45 45 40 45 38 44 47 43 39 63 51 65 89 80 65 83 103 80 80 82 80 97 113 78 82 81 94 79 78 89 89 89 89 101 80 116 116 118 120 127 88 84 108 88 88 86 111 87 106 107 107 87 106 84 111 112 129 129 129 128 133 140 142 122 122 90 114 90 120 121 145 123 124 126 94 94 95 96 96 156 157 149 146 146 152 153 150 156 153 155 157
37 43 40 53 47 46 45 48 52 41 41 43 43 44 47 42 51 51 65 66 69 107 105 83 97 118 120 117 98 115 116 116 98 81 81 83 99 99 78 89 100 119 119 117 121 126 109 111 131 131 131 131 128 130 127 86 107 107 130 128 113 135 130 130 139 132 142 142 91 90 90 121 146 122 145 123 124 93 115 116 94 128 129 154 131 157 158 145 146 152 164 150 149 152 155 161
33 45 52 47 63 64 61 45 45 46 43 42 40 43 44 44 42 45 46 43 68 102 91 84 81 97 115 120 121 121 118 118 119 116 81 80 82 97 80 81 117 117 118 124 125 121 129 111 133 91 92 111 132 127 105 106 130 129 133 86 86 136 131 131 138 128 129 140 88 112 116 146 145 89 146 148 149 150 126 151 154 129 129 95 119 120 158 145 146 148 149 150 151 152 134 153
33 43 44 46 57 65 57 46 44 46 48 47 40 40 42 41 39 45 52 49 83 103 83 98 118 119 118 117 119 122 123 121 122 120 116 114 96 80 80 113 115 116 118 119 120 108 110 112 133 136 115 90 128 127 126 128 128 106 108 136 138 138 139 130 130 139 140 140 142 121 146 147 139 146 147 149 150 150 151 152 152 117 155 156 119 97 98 161 152 149 149 150 150 149 151 137
42 50 37 38 46 61 66 57 46 43 48 46 45 46 42 41 37 46 47 41 79 103 88 102 101 99 118 120 125 126 126 121 101 120 114 112 114 114 112 113 116 118 124 125 122 128 110 112 133 115 88 128 129 131 127 128 132 130 108 85 113 137 138 139 138 131 140 130 132 137 142 138 136 138 147 148 149 141 126 152 93 117 118 118 119 97 98 135 163 153 155 151 151 149 134 155
40 48 36 24 40 62 58 55 52 49 40 41 45 45 41 36 32 45 46 47 86 104 77 82 79 79 84 106 131 131 107 87 88 119 114 114 113 114 114 117 116 118 104 125 122 129 85 131 133 134 132 128 117 131 128 129 129 130 131 83 112 136 137 138 130 128 129 130 112 132 136 133 133 133 147 148 149 151 126 151 92 117 93 94 131 159 134 162 163 153 155 156 151 132 133 155
40 34 36 37 38 45 53 46 52 54 39 40 41 40 32 32 36 45 58 59 84 96 91 97 77 79 80 84 91 103 103 101 99 113 114 114 113 114 119 118 120 126 104 105 106 110 86 85 87 90 131 132 118 119 119 133 133 135 136 112 136 113 137 138 138 132 129 131 95 128 132 133 134 138 148 148 124 150 150 126 91 116 93 130 132 133 160 162 163 164 166 168 169 148 151 155
32 32 41 41 50 43 50 51 51 60 47 37 39 39 40 39 36 38 42 43 45 85 98 104 105 92 93 96 105 103 80 96 112 113 114 114 117 125 127 127 83 84 81 101 81 106 128 128 131 131 135 135 119 136 146 147 136 141 137 122 131 136 136 106 139 139 129 130 130 129 131 132 133 134 139 149 150 150 151 126 127 92 92 130 132 133 134 162 136 137 166 168 157 152 152 135
33 30 31 34 45 49 45 50 41 40 36 38 38 37 38 37 38 36 33 35 38 63 46 52 71 96 104 97 106 100 73 113 114 114 116 124 126 107 87 104 84 84 102 122 123 128 131 116 115 132 135 120 120 147 168 147 150 153 153 153 174 140 126 136 106 83 140 136 132 129 127 130 131 131 147 149 149 150 151 152 154 156 92 92 119 95 134 96 163 164 167 169 170 158 152 153
35 35 26 33 43 48 44 43 48 32 29 30 30 38 36 35 36 36 33 45 65 69 68 48 84 93 93 92 99 99 94 93 116 118 125 126 109 85 129 104 126 128 125 113 115 131 120 135 133 133 134 135 136 121 140 140 141 144 177 202 196 155 155 139 131 132 132 83 133 133 128 130 132 137 148 148 87 124 126 153 128 91 117 157 118 120 120 96 163 154 149 151 169 172 160 155
35 26 26 33 42 43 46 50 43 43 39 54 39 39 55 40 41 36 33 45 61 65 48 41 42 79 99 98 96 98 72 113 125 132 88 84 109 109 126 127 127 127 127 117 133 147 148 133 119 133 166 168 138 151 139 139 124 126 142 155 156 172 172 150 142 129 130 140 133 117 143 119 120 85 85 85 141 142 114 115 128 90 91 118 149 149 150 121 165 166 167 168 169 172 153 174
26 26 35 35 48 51 38 37 39 39 30 39 55 40 55 56 57 57 43 44 46 46 47 62 78 89 95 96 90 93 82 117 124 133 134 106 129 113 109 130 131 135 132 130 137 153 140 141 135 133 147 168 139 141 152 138 123 139 141 143 155 172 173 173 145 131 130 140 141 142 135 109 110 138 139 111 142 153 153 153 145 116 91 149 119 150 150 151 136 96 97 98 141 172 173 161
26 33 33 47 48 49 36 39 38 39 30 55 55 55 70 72 57 73 58 43 44 35 46 46 46 63 89 90 95 94 97 79 99 127 135 95 119 137 85 130 134 137 132 141 141 147 156 149 145 133 147 148 138 129 144 140 123 122 138 140 142 196 153 151 143 140 134 141 144 142 136 109 109 111 87 113 143 151 162 164 165 151 156 159 150 161 161 162 153 155 167 125 126 99 173 174
33 34 47 41 35 42 37 37 34 31 40 55 30 55 71 81 73 59 60 43 44 34 34 41 37 46 88 89 89 97 83 73 78 102 118 123 140 131 129 86 97 98 139 140 148 144 128 136 146 133 135 148 138 125 128 125 140 123 140 127 131 146 142 140 138 139 133 133 107 107 136 83 147 148 122 85 142 145 162 169 167 166 152 154 155 157 159 151 165 154 167 156 157 127 101 129
34 47 47 35 36 37 37 38 34 35 30 39 40 70 71 57 57 44 75 74 59 34 34 35 36 47 63 89 95 91 93 105 107 103 107 87 106 98 122 133 136 145 130 133 108 145 136 149 135 135 136 140 142 145 141 144 126 140 137 136 117 88 84 107 106 132 134 134 135 82 119 146 148 148 138 124 112 151 146 151 165 151 152 163 165 174 175 162 153 180 168 157 158 159 127 163
34 40 34 34 35 33 33 29 30 30 30 40 70 87 81 57 42 59 44 33 33 39 39 40 41 46 47 63 80 66 66 85 86 95 96 89 98 103 79 122 132 133 145 144 129 127 144 141 136 121 121 141 131 147 145 144 141 86 138 143 142 141 143 142 115 142 117 81 117 81 137 109 82 122 122 83 141 113 143 153 165 160 168 170 156 158 159 162 178 171 174 184 171 172 173 176
34 36 36 34 33 29 29 29 30 30 40 40 56 72 42 32 32 32 33 33 44 40 43 43 44 45 41 37 47 48 50 51 70 84 84 84 69 97 99 109 77 83 92 140 136 149 132 116 115 116 89 94 101 120 123 146 129 123 121 121 124 139 141 142 142 132 143 117 117 118 81 137 138 147 139 141 141 142 142 143 150 151 158 150 160 158 167 168 177 178 174 175 178 184 185 177
34 36 33 33 29 29 29 30 30 30 40 41 33 43 42 36 36 32 33 44 33 34 34 34 40 44 41 37 38 48 39 51 54 68 67 67 44 55 87 72 99 105 110 106 96 115 133 133 136 134 132 138 132 127 128 123 102 102 120 123 129 131 131 132 133 132 134 144 144 118 120 81 81 139 139 141 143 143 142 113 114 114 115 116 148 174 174 176 177 178 174 175 183 203 181 183
35 36 33 33 34 34 34 30 30 30 31 57 37 37 32 32 37 42 33 59 44 45 60 60 35 44 41 47 47 48 39 66 49 66 66 51 42 46 71 44 71 88 90 112 116 109 86 91 136 114 94 89 81 84 82 82 101 82 120 122 138 131 127 126 129 145 145 144 144 145 120 80 81 109 139 112 125 83 83 83 85 128 129 115 87 165 174 168 170 171 199 181 183 184 185 183
34 34 34 34 34 30 34 30 30 40 40 72 41 41 32 32 33 37 39 44 61 45 45 62 62 46 37 64 37 38 39 49 51 51 39 40 41 44 54 42 42 71 72 79 92 108 113 115 94 99 113 110 109 101 81 100 118 100 119 120 129 141 131 132 134 135 146 145 146 119 119 80 121 109 140 111 83 112 112 127 157 129 130 86 117 159 167 175 177 172 180 201 182 179 181 183
34 34 37 38 35 35 40 35 31 40 41 41 57 43 58 58 43 43 44 60 76 76 77 62 62 63 63 38 47 64 65 51 40 51 49 40 45 45 52 41 41 43 47 58 46 55 56 57 74 60 77 92 108 88 88 80 118 121 127 127 123 141 142 143 144 145 118 118 146 119 120 120 80 109 109 111 111 142 142 143 145 84 85 116 117 161 175 169 171 172 180 176 177 184 206 187
37 29 38 38 38 38 35 35 35 36 41 41 41 58 58 43 59 59 59 76 76 87 87 77 78 88 80 64 65 48 43 44 46 44 43 67 50 42 45 44 45 53 52 49 47 44 45 55 74 74 74 107 100 76 77 81 100 126 139 130 130 141 143 143 116 144 145 146 146 119 120 148 121 147 148 149 150 111 112 143 145 146 147 147 148 161 160 177 167 165 183 176 177 179 191 194
34 34 38 38 38 39 31 31 41 41 57 57 74 74 58 59 59 75 76 60 61 87 93 88 94 94 89 81 48 42 43 46 44 39 83 93 94 95 86 69 41 43 54 43 42 44 54 90 100 106 107 107 86 86 88 100 99 118 129 129 124 142 143 116 143 144 145 77 78 78 120 148 121 108 148 143 145 151 142 153 113 156 84 116 117 150 160 177 177 178 174 181 182 179 181 184
35 35 35 38 35 31 31 31 41 57 73 74 74 58 43 44 59 76 76 77 87 87 93 94 94 95 95 96 91 91 92 94 93 93 98 99 99 99 101 97 87 88 88 71 71 89 89 105 105 98 85 85 86 100 80 118 118 118 127 139 141 143 76 116 116 117 145 118 77 147 147 148 149 78 148 143 145 151 143 143 145 146 115 116 117 151 163 162 179 173 203 204 184 190 175 181
39 35 35 39 40 56 41 36 32 57 83 58 58 75 59 44 60 76 78 88 93 88 79 88 95 96 96 89 97 98 98 98 91 91 98 99 99 99 101 97 87 97 98 89 71 91 107 106 84 84 74 74 86 75 79 118 118 118 138 143 142 114 104 134 104 105 76 146 76 134 128 149 150 78 140 144 145 143 112 153 145 114 83 132 117 162 87 156 181 176 185 207 208 190 166 180
36 39 39 36 41 41 41 32 36 42 58 43 33 59 45 60 77 87 88 88 93 93 94 89 94 89 96 97 90 77 77 77 78 78 91 98 99 99 101 102 87 87 102 103 103 104 106 104 83 72 84 84 99 86 75 98 117 118 141 119 142 104 132 104 104 76 76 119 119 119 120 77 151 139 142 159 145 143 144 155 155 146 147 83 117 85 87 157 170 167 169 177 178 190 177 180
41 39 39 36 41 57 72 37 40 32 37 37 38 44 60 60 87 88 93 88 93 93 94 94 95 96 96 97 89 69 70 67 67 80 79 91 99 99 99 95 103 102 102 102 103 96 82 82 83 76 73 84 74 74 97 116 138 112 115 118 115 74 74 74 74 76 106 136 136 107 77 110 140 140 149 144 145 152 145 149 151 156 158 116 118 85 170 139 89 90 90 125 175 165 167 167
37 37 36 32 32 32 32 32 42 59 43 44 42 43 34 60 88 93 95 73 72 93 94 95 97 77 78 93 99 97 76 73 91 72 78 77 92 99 101 101 80 102 102 104 96 103 99 103 72 82 76 83 73 96 114 98 120 138 141 105 108 76 116 104 106 107 136 108 107 138 147 149 140 156 142 144 151 152 163 149 146 147 158 116 84 137 171 140 140 141 175 176 92 129 129 194
43 37 37 40 32 58 89 89 75 75 84 75 44 44 60 77 78 88 95 94 93 94 94 90 96 101 102 93 92 90 97 65 65 77 78 77 91 92 78 78 92 93 80 81 95 95 95 96 96 82 94 95 95 95 115 116 127 113 116 79 139 79 118 107 137 144 143 136 76 76 147 139 140 141 142 144 151 146 144 146 157 149 150 151 83 169 170 172 173 172 175 144 177 145 146 179
37 37 37 37 32 74 75 75 59 59 85 85 76 76 77 94 88 88 88 89 94 89 80 64 65 66 99 98 98 98 90 66 70 66 77 77 91 78 67 67 94 94 94 80 80 81 81 81 70 94 94 114 115 115 136 126 139 141 142 144 120 118 147 75 107 107 137 137 107 108 110 149 140 142 142 142 151 111 112 114 81 81 81 82 136 137 139 87 87 87 87 143 144 145 90 93
38 38 37 41 33 74 75 59 59 44 76 76 76 86 77 88 88 88 94 89 89 89 80 90 82 51 94 99 99 89 76 64 66 76 99 92 77 77 67 78 94 102 94 68 69 69 69 95 81 75 71 94 114 115 126 127 127 140 142 145 149 147 119 108 108 76 75 137 108 140 110 139 140 151 144 145 143 144 147 115 117 81 81 83 84 84 139 122 122 122 86 87 88 145 90 148
37 38 37 41 33 43 59 45 44 44 60 60 60 77 78 78 89 63 63 79 94 95 64 81 82 67 101 89 97 64 66 76 66 91 99 100 67 67 67 92 94 94 94 80 68 73 69 69 69 70 71 75 115 115 119 129 141 144 117 119 121 151 79 109 108 138 140 145 138 140 141 141 142 144 152 145 152 146 114 149 151 81 133 167 83 86 86 86 139 140 141 143 144 145 146 180
37 37 41 38 41 38 44 60 60 60 86 77 77 77 78 94 89 89 79 79 80 81 64 65 48 84 95 89 75 64 64 98 90 99 99 101 91 92 101 101 101 93 94 94 72 93 74 74 93 74 71 94 114 115 119 127 120 142 116 74 77 143 147 142 141 148 138 136 109 122 75 111 125 76 113 146 155 77 130 163 165 165 165 167 81 121 122 121 83 140 85 86 87 88 128 183
43 38 43 38 38 38 43 34 76 60 60 61 77 93 88 89 79 89 89 79 81 64 64 91 91 94 99 64 64 68 64 64 90 99 99 100 86 101 102 102 102 102 98 102 68 92 74 74 93 74 114 75 76 97 97 117 117 128 142 144 149 80 112 119 148 146 116 113 109 122 124 124 125 126 77 127 129 130 145 147 146 164 165 166 167 170 171 139 123 86 85 85 86 124 163 89
33 38 38 43 38 43 34 34 34 35 36 45 78 89 94 94 94 95 95 95 90 64 65 82 97 99 99 90 90 69 65 65 70 70 66 78 100 101 92 92 101 101 102 94 79 80 70 114 113 113 94 94 72 77 78 77 117 121 122 124 125 148 121 87 117 115 144 142 143 76 75 75 125 158 76 160 76 161 145 136 147 164 165 133 166 139 139 121 160 125 160 172 161 162 163 165
43 38 34 44 60 44 34 34 35 35 36 62 78 89 89 89 90 86 95 90 92 92 92 97 93 98 90 63 63 64 65 65 100 100 91 91 91 101 92 101 101 102 103 102 102 80 80 94 94 74 71 77 75 97 98 98 118 117 117 119 123 136 125 152 153 125 112 144 114 115 158 158 158 158 159 159 128 160 160 161 163 147 164 165 168 172 82 87 122 124 123 160 161 162 124 126
38 38 38 39 76 34 40 40 40 35 46 46 79 63 95 96 95 95 95 95 92 97 92 98 98 97 89 75 75 76 77 77 91 100 101 101 102 101 101 101 101 103 99 103 94 95 81 71 75 74 83 76 98 76 77 118 119 119 100 102 103 83 126 132 141 153 75 155 156 159 160 159 159 160 159 159 158 158 159 161 163 163 166 166 166 169 172 139 81 124 123 162 174 174 124 165
38 38 39 39 34 40 40 40 35 35 46 46 79 90 95 95 96 96 86 95 92 97 93 98 97 98 98 89 90 91 91 78 78 91 100 101 102 102 102 101 102 103 99 104 94 95 70 75 75 75 72 85 77 77 76 98 121 121 122 101 81 81 81 108 132 129 136 128 129 131 142 159 159 160 128 160 160 159 159 160 162 147 147 164 167 168 171 138 80 121 159 173 174 162 163 165
