ecocropFuture/tif/c6/rcp585/ACCESS-CM2/prec_9.asc
ncols        683
nrows        518
xllcorner    -87.691666666667
yllcorner    10.708333333333
cellsize     0.008333333333
NODATA_value  nan
[rows 294 to 335 of 518, columns 94 to 187 of 683]
340 387 375 374 352 350 349 348 391 369 366 386 365 313 313 388 330 329 327 336 362 298 293 293 293 293 294 331 365 375 381 364 291 288 275 276 278 282 282 281 273 272 275 285 276 263 306 305 260 267 268 276 280 263 262 279 278 273 273 271 270 270 269 273 247 262 272 256 258 257 274 270 259 257 241 250 251 248 246 261 253 242 245 250 243 251 238 233 228 252 233 280 312 311
319 340 395 375 374 373 372 392 370 337 336 336 315 302 313 380 327 330 320 320 323 335 378 366 332 332 377 376 364 375 381 380 364 288 276 287 282 282 282 290 272 259 274 284 288 270 284 304 304 259 260 275 270 278 277 274 273 277 276 276 275 269 268 273 256 255 262 271 257 256 269 270 259 256 251 251 250 238 247 232 254 260 260 243 232 241 233 234 233 238 267 309 313 312
329 340 387 387 394 373 373 385 337 305 305 304 299 298 313 311 361 319 318 314 323 333 384 366 365 365 365 382 364 364 357 380 363 288 287 292 292 281 282 290 275 267 257 284 288 277 263 283 305 258 259 265 279 261 276 275 275 272 258 270 270 274 268 267 267 255 258 274 269 274 273 270 258 251 248 237 237 235 235 247 236 260 260 244 249 243 248 234 235 242 242 317 312 309
307 311 340 339 339 372 371 337 316 298 301 298 299 302 302 311 383 326 322 325 329 383 365 365 304 303 308 364 330 329 329 329 363 290 278 291 286 276 290 290 285 274 273 273 288 276 270 267 259 258 265 265 282 263 274 294 274 273 271 274 274 273 246 245 271 244 261 270 253 273 273 269 269 255 237 236 235 235 245 246 250 247 246 235 246 242 242 234 243 250 239 308 282 312
330 301 277 300 300 300 299 299 298 282 271 281 280 298 300 333 376 335 324 357 374 308 308 291 262 275 289 362 373 362 362 361 361 328 286 272 275 271 270 271 284 288 282 282 286 286 275 278 277 270 282 281 278 264 262 274 293 293 257 274 246 257 245 245 254 270 270 254 253 272 268 268 270 252 249 237 248 248 236 247 252 252 249 248 252 246 244 243 260 249 243 283 307 312
306 291 293 293 289 291 291 290 289 289 271 270 269 269 295 299 332 331 376 363 363 363 330 290 275 277 270 360 379 373 372 372 372 361 362 327 284 283 282 290 281 268 272 282 271 271 285 272 271 283 283 278 268 259 275 352 293 272 256 246 262 261 271 266 265 264 269 254 255 254 256 256 253 252 254 248 248 248 248 236 250 254 251 251 252 251 249 253 234 257 246 249 286 263
306 285 276 292 307 306 299 289 289 289 285 303 296 286 281 266 276 275 275 274 276 290 293 298 265 267 266 369 352 353 371 358 327 288 288 268 267 283 291 302 302 288 264 281 286 286 285 280 268 269 282 267 248 275 352 363 318 256 256 245 261 260 254 265 266 287 311 262 257 252 256 255 256 252 251 236 235 246 235 236 253 247 235 236 236 245 249 248 249 243 240 238 236 235
285 289 276 291 291 290 299 298 298 304 297 307 299 298 305 295 283 279 276 276 275 276 258 273 292 282 345 344 315 317 325 376 359 327 284 274 274 254 282 289 325 325 282 263 281 269 269 279 279 282 282 262 261 353 315 314 362 270 255 257 256 260 243 265 266 265 311 311 250 249 267 248 239 249 253 248 264 247 246 235 247 236 246 246 246 244 244 249 250 244 243 240 238 238
276 292 291 288 290 290 289 288 285 302 301 300 299 298 300 299 295 293 260 289 288 270 271 285 286 270 336 362 310 316 315 368 369 371 304 273 290 273 282 280 325 324 281 278 263 265 265 268 283 282 281 276 263 274 315 305 304 358 273 244 256 243 253 269 264 262 264 311 342 285 341 309 283 258 264 247 247 248 248 248 235 235 236 246 246 254 242 251 249 250 235 259 257 232
284 283 287 290 290 286 284 270 269 302 302 299 301 294 304 296 302 291 274 291 289 288 268 294 277 260 330 348 354 334 335 358 356 359 303 272 288 282 266 281 282 299 299 280 261 267 264 264 278 281 269 266 275 246 352 337 304 361 271 254 259 242 270 266 313 312 351 343 342 341 310 283 259 263 246 236 252 250 254 251 236 246 263 246 263 263 246 247 251 264 249 233 242 231
304 303 327 297 281 280 322 321 298 286 302 299 282 282 279 292 281 278 277 288 301 291 296 252 264 275 306 329 327 269 310 349 302 293 283 271 270 270 264 280 278 299 280 283 279 247 261 260 262 277 270 262 264 261 318 362 361 361 291 269 270 252 265 266 345 353 352 301 327 310 261 256 255 254 263 256 263 267 263 265 247 246 245 244 246 246 247 252 249 254 264 244 232 238
297 282 302 338 371 371 306 268 281 300 288 298 293 293 298 302 297 280 272 289 306 304 285 250 284 348 357 335 335 286 292 353 325 253 252 267 281 289 301 369 367 371 355 279 276 278 258 258 259 263 267 262 261 273 318 338 350 359 336 359 348 355 354 355 298 303 296 352 351 349 310 309 339 308 253 252 252 249 247 248 265 248 236 245 244 245 247 252 248 253 264 248 248 257
272 272 302 337 393 392 370 320 277 282 299 292 297 279 279 284 287 300 289 273 273 272 273 271 281 319 318 345 360 317 350 319 293 282 265 264 284 357 357 373 348 324 323 355 279 281 280 279 273 244 262 279 278 257 272 317 350 361 336 359 358 333 308 298 306 329 328 328 351 326 349 348 347 346 308 253 245 264 262 262 253 249 249 235 260 261 246 251 249 249 248 249 244 241
296 328 308 386 393 386 385 369 318 318 292 299 280 301 278 277 286 292 290 289 274 273 273 270 268 263 284 297 320 354 355 303 293 282 264 280 358 374 347 325 350 326 319 323 279 257 276 277 279 272 244 262 262 255 255 292 361 304 303 335 358 333 308 304 304 329 328 328 304 294 293 324 348 347 339 308 255 264 244 252 248 268 268 268 250 252 252 250 254 254 264 253 247 248
270 326 319 337 376 369 384 384 334 315 295 262 288 278 283 282 285 291 291 293 272 272 272 269 269 249 285 275 292 323 358 325 303 280 281 280 324 351 323 349 373 372 371 322 364 241 241 275 295 276 271 256 243 274 318 360 337 304 336 336 358 334 333 304 312 297 297 296 295 294 302 349 348 323 347 308 257 245 266 252 251 251 243 262 268 268 268 253 253 254 264 264 248 248
286 294 306 306 319 336 384 390 367 302 294 280 295 287 286 282 284 291 291 293 275 271 270 269 269 250 295 299 323 326 359 303 286 293 292 291 284 351 317 328 321 320 324 319 366 238 259 276 318 276 270 261 242 274 352 360 338 313 336 312 301 310 309 299 312 311 301 300 299 294 303 325 349 348 347 309 258 234 266 244 247 243 262 243 262 261 242 268 265 265 267 264 253 253
303 302 294 294 301 284 335 383 302 279 278 302 295 294 294 293 292 291 293 276 271 271 273 273 266 264 283 288 326 360 359 287 280 279 303 325 324 374 317 317 333 333 327 306 359 269 256 272 351 320 276 269 275 319 363 339 314 304 303 307 307 306 300 304 316 308 314 313 312 308 307 293 292 348 347 339 258 261 234 267 262 268 268 262 246 242 242 261 267 267 260 260 264 250
297 302 329 339 351 305 278 291 279 303 296 295 294 294 300 292 298 293 286 273 267 267 271 266 264 282 297 282 295 280 281 279 262 249 279 359 358 353 322 334 333 317 313 330 265 264 270 349 366 343 364 366 352 341 307 310 322 317 316 316 315 317 317 316 309 308 299 313 305 305 307 293 298 292 324 348 309 257 255 233 248 248 267 242 243 261 267 267 252 267 240 267 267 254
302 302 305 301 306 312 293 304 298 299 296 295 296 294 299 288 274 273 275 273 252 286 301 299 298 283 282 263 280 262 262 263 262 261 291 359 370 374 373 330 330 312 360 264 270 281 344 317 318 309 314 313 319 312 323 322 322 313 313 319 315 311 310 301 301 295 294 293 292 305 307 294 298 292 349 348 347 347 309 255 250 252 267 265 265 252 248 248 265 267 267 260 259 265
284 282 283 298 298 303 303 290 290 296 301 300 293 293 287 274 273 273 285 290 270 251 300 289 298 281 280 280 280 279 279 261 247 260 277 302 301 324 369 318 317 317 329 326 308 310 314 306 313 323 322 321 313 320 322 322 322 313 304 305 304 310 309 301 301 294 292 292 297 305 311 303 326 325 349 348 324 347 347 346 257 233 249 263 267 252 248 252 265 240 240 243 239 267
278 264 263 276 277 276 262 279 277 288 288 287 293 292 276 273 273 272 285 290 284 270 263 282 298 297 297 281 261 294 293 279 260 277 285 357 374 374 352 318 332 311 323 323 329 327 327 327 327 323 322 309 313 320 322 315 306 305 312 312 311 303 302 301 301 300 292 292 297 297 311 298 294 302 302 301 301 348 347 339 283 244 244 263 264 264 247 252 264 260 240 260 260 267
263 263 261 276 276 261 272 260 273 277 287 287 287 287 286 275 274 285 284 289 288 269 264 280 282 304 287 287 278 278 303 303 291 277 284 357 374 373 330 318 317 331 330 330 326 329 313 320 327 315 310 309 313 323 315 315 306 305 312 311 311 317 309 308 309 300 293 291 292 292 291 304 306 293 302 292 292 324 348 284 252 243 243 251 251 251 248 247 251 267 240 260 267 259
295 294 289 260 279 274 271 270 270 258 277 276 276 286 285 285 274 284 283 288 282 268 248 282 289 359 325 358 286 293 286 303 324 285 302 371 374 353 330 321 328 327 319 319 318 329 328 327 323 315 314 321 320 319 315 306 300 300 304 304 304 310 309 301 301 300 299 292 290 291 291 304 307 297 298 297 297 301 348 258 252 254 232 249 251 251 248 248 251 264 260 240 260 259
312 318 294 259 274 273 259 258 258 275 276 291 297 290 295 290 273 273 283 293 292 281 268 261 298 304 373 324 304 371 371 371 375 354 355 355 354 331 330 329 331 323 323 326 326 329 328 316 311 315 322 321 320 312 320 314 306 305 299 299 304 310 302 296 295 293 293 291 291 292 297 304 310 309 305 305 297 292 325 348 284 257 231 231 248 247 247 251 267 260 240 243 260 259
300 315 287 258 270 257 257 285 257 270 273 296 291 290 295 294 288 282 271 271 286 286 269 262 305 325 373 324 324 376 335 322 321 323 323 332 353 319 318 320 315 315 315 321 328 327 324 326 322 314 313 312 320 322 319 306 306 305 304 303 298 302 296 296 294 294 293 293 291 291 291 311 310 303 302 308 297 297 348 310 283 310 251 258 242 251 251 266 260 240 267 267 267 267
310 314 286 257 269 285 268 268 256 273 272 283 289 288 283 283 282 271 270 271 280 280 269 266 277 288 304 295 302 357 335 335 334 333 320 323 331 319 321 328 323 322 321 321 328 327 327 323 322 314 313 321 320 319 314 306 305 305 304 299 298 296 295 296 295 294 293 291 291 291 296 304 295 309 302 294 302 325 348 341 310 251 283 250 258 250 260 260 240 267 267 264 267 267
318 301 314 290 285 257 256 255 269 273 272 272 271 270 269 269 271 270 267 268 267 266 261 260 260 277 276 276 276 277 302 323 356 356 373 332 332 319 329 328 330 330 321 321 321 320 320 326 322 314 322 308 303 322 321 314 313 313 318 303 297 297 295 294 294 293 292 291 291 291 296 296 295 303 309 297 293 293 301 325 349 310 283 253 258 263 244 243 240 241 240 251 247 247
301 316 300 330 313 283 267 266 268 272 271 266 265 265 265 269 268 270 267 267 266 261 260 245 258 259 258 263 262 263 257 274 289 288 301 354 319 331 321 328 322 322 329 320 321 312 319 319 322 314 321 316 308 314 321 306 305 313 318 311 302 297 301 296 294 293 292 291 291 291 291 290 295 303 302 308 297 297 297 302 349 310 251 257 242 265 249 249 243 267 267 248 243 232
309 300 299 309 298 282 266 265 281 265 252 264 280 250 250 264 267 267 262 261 266 260 245 258 258 263 263 276 278 275 256 256 273 273 273 369 329 331 321 331 322 315 329 328 321 320 319 319 325 322 313 323 323 322 314 306 313 313 312 311 310 297 296 296 294 293 294 292 291 290 291 290 290 295 302 308 305 297 297 302 325 341 256 253 257 247 243 249 260 250 247 243 243 255
329 329 298 308 298 287 281 281 295 295 285 263 262 262 262 282 278 247 260 260 259 276 258 258 243 257 262 261 263 260 260 255 255 238 239 286 332 331 321 329 329 321 321 320 319 319 318 317 325 321 321 321 322 321 314 320 312 311 311 311 297 295 294 295 295 294 293 292 292 291 291 289 290 295 294 308 297 304 296 296 292 348 284 250 242 229 265 263 230 248 248 248 255 255
314 313 297 297 328 328 310 285 308 308 284 279 249 261 304 293 292 277 300 300 279 298 288 287 277 256 293 292 302 291 273 255 259 258 259 259 237 369 318 320 319 326 326 328 319 319 326 317 324 317 323 322 315 314 314 313 320 304 304 303 297 295 295 295 294 293 292 292 291 297 305 290 290 288 294 302 308 307 304 303 303 292 348 283 229 247 265 250 249 339 311 284 284 311
307 312 312 297 328 327 307 295 295 307 294 306 278 267 266 261 277 279 299 299 289 303 303 323 303 302 302 323 355 301 274 273 273 271 253 252 258 270 331 320 317 317 318 325 327 324 326 325 322 321 323 315 315 306 306 306 305 304 298 297 297 295 295 300 300 294 294 293 292 292 305 290 288 288 289 294 301 301 300 299 305 296 292 324 347 311 252 241 251 311 339 344 344 346
371 371 370 382 360 327 327 327 359 360 306 305 277 261 265 265 245 259 278 278 278 297 276 302 302 324 323 355 355 323 300 283 288 272 253 237 258 251 321 330 319 319 316 318 317 324 323 322 322 323 316 315 315 314 313 306 305 304 304 303 302 302 295 300 308 307 306 306 312 311 311 304 290 289 289 289 288 288 292 292 292 292 295 301 349 311 311 256 311 347 347 345 344 344
342 336 337 336 376 359 295 326 358 359 326 304 304 281 276 245 244 258 274 278 273 273 273 294 302 323 371 370 370 355 322 300 300 287 270 270 251 257 235 283 322 354 350 317 317 316 316 322 314 321 323 315 315 314 313 306 305 304 311 311 317 310 309 300 308 307 303 302 302 309 308 310 290 289 289 289 287 286 286 287 286 286 305 301 350 340 340 256 348 346 345 347 347 347
342 340 335 336 352 381 358 326 358 358 358 304 292 291 301 274 274 273 273 296 276 255 255 275 285 301 322 355 355 355 322 354 322 299 285 270 251 257 257 249 250 268 279 366 324 323 315 315 314 314 320 322 321 320 313 312 312 311 318 310 309 316 313 314 315 314 311 302 298 299 308 298 302 295 294 288 287 285 285 285 287 292 305 292 347 341 340 311 348 346 346 345 347 347
nan nan 341 340 334 351 380 325 357 357 357 325 291 324 325 303 303 289 276 288 295 272 271 293 285 301 301 355 321 354 354 354 373 322 299 284 269 249 255 257 257 254 253 266 352 315 322 314 314 312 314 313 312 312 318 320 317 309 315 308 314 307 303 302 305 304 300 357 288 262 314 354 307 309 302 294 288 286 285 286 287 286 305 295 292 347 324 324 323 347 346 346 345 345
nan nan nan nan 368 335 333 380 374 374 374 357 373 365 346 373 377 372 302 288 275 274 293 285 322 355 370 354 354 354 322 322 354 322 285 269 269 249 254 272 270 267 265 252 228 274 365 347 324 314 322 322 345 309 308 308 310 306 318 317 339 360 360 302 313 346 315 262 257 241 257 355 297 300 307 294 293 287 285 287 287 286 292 298 302 295 292 295 291 324 347 346 348 339
nan nan nan nan nan 305 303 324 380 374 373 356 324 373 364 345 377 377 371 323 274 270 293 285 284 321 354 354 354 354 322 322 299 299 281 269 268 232 253 276 254 254 266 270 251 249 265 272 319 351 322 319 318 344 321 320 320 342 363 341 340 315 338 262 260 315 345 333 308 355 355 298 298 300 307 302 301 286 285 286 287 292 292 298 296 295 301 301 300 301 324 324 348 312
nan nan nan nan nan nan nan 303 324 373 373 302 302 323 302 323 355 355 294 270 270 238 252 269 272 290 289 288 299 322 299 282 286 268 269 267 248 247 254 271 266 265 267 267 269 269 267 242 270 271 366 309 309 320 343 363 363 363 350 362 361 291 262 242 259 315 355 310 302 310 309 309 303 307 303 302 294 287 293 287 292 292 292 305 304 296 301 292 292 291 302 324 349 284
nan nan nan nan nan nan nan nan 323 355 378 378 355 355 271 240 270 274 253 253 257 258 256 236 251 251 234 250 287 299 299 320 284 266 249 231 247 246 246 255 267 254 253 252 266 266 265 250 243 269 292 365 343 364 343 362 319 318 350 362 340 318 259 257 347 300 300 335 300 302 310 306 291 307 302 294 294 293 301 300 300 291 291 305 302 302 301 294 294 301 325 347 340 255
nan nan nan nan nan nan nan nan nan nan 372 378 330 363 297 240 253 269 252 260 257 257 257 250 235 249 255 253 249 282 299 353 320 283 249 247 246 251 245 252 253 253 249 250 251 251 265 265 240 261 268 317 361 363 342 350 269 269 318 363 317 361 261 260 358 308 314 310 309 313 310 312 290 295 309 301 288 301 293 300 300 291 299 305 295 302 295 301 292 292 325 347 313 255
nan nan nan nan nan nan nan nan nan nan nan 355 330 345 353 269 252 272 292 251 251 255 255 254 249 254 257 255 248 268 281 281 298 280 283 248 229 229 228 250 250 251 242 248 248 248 247 246 220 269 268 315 315 359 359 316 242 224 240 224 268 263 259 240 316 311 314 311 310 310 302 309 291 290 307 295 294 293 301 292 292 291 299 305 302 295 295 293 325 348 348 348 313 248
