ecocropFuture/tif/c6/rcp585/ACCESS-CM2/prec_8.asc
ncols        683
nrows        518
xllcorner    -87.691666666667
yllcorner    10.708333333333
cellsize     0.008333333333
NODATA_value  nan
[rows 420 to 461 of 518, columns 285 to 379 of 683]
162 162 162 163 177 177 178 178 179 175 179 171 172 182 183 178 184 185 186 177 178 179 178 189 189 181 190 182 184 185 223 224 231 231 226 232 193 194 197 229 230 231 250 252 259 262 260 241 243 258 244 259 244 246 267 268 267 268 268 210 235 236 236 238 236 210 210 273 282 259 254 255 263 265 275 243 244 255 247 260 260 260 258 259 260 251 252 208 208 207 256 269 274 273 273
174 170 170 172 178 178 178 178 179 179 180 180 181 183 184 178 179 185 181 187 182 188 188 190 190 182 182 191 193 203 224 224 205 231 231 232 235 195 210 197 197 197 232 252 240 263 241 256 258 259 259 259 244 268 247 247 268 268 271 269 210 208 236 238 238 211 274 280 259 279 228 281 286 276 289 208 209 245 246 258 259 258 248 261 261 261 262 253 208 209 268 270 274 274 264
174 175 176 172 173 178 178 178 179 180 180 182 182 183 185 185 185 180 174 174 174 174 175 190 190 182 184 183 185 187 224 205 225 226 232 233 235 195 196 198 198 199 199 254 240 261 236 237 239 259 259 260 245 268 268 269 269 264 249 272 270 269 268 238 239 239 273 279 283 262 281 258 282 267 291 280 245 245 258 247 248 248 248 261 262 264 264 266 255 256 272 272 278 278 274
176 176 177 178 179 179 179 179 181 181 182 183 183 185 179 186 185 187 182 188 183 176 176 185 192 183 184 193 194 195 188 226 230 228 235 235 236 215 197 197 218 198 198 236 256 241 257 238 240 241 241 241 261 247 248 248 247 270 249 272 271 210 210 212 241 212 212 210 213 286 263 283 283 292 283 282 211 247 259 259 260 261 250 252 264 265 266 267 267 268 271 273 276 282 278
164 164 177 179 178 180 170 180 181 182 183 177 178 184 186 186 186 187 183 183 189 184 176 185 186 193 184 193 195 195 189 207 230 233 235 215 195 196 197 198 198 240 240 200 237 217 203 238 241 241 261 242 221 244 265 265 265 246 263 272 213 273 274 278 278 215 243 278 285 287 283 264 289 248 248 214 214 249 261 261 262 263 250 265 266 267 267 268 268 271 274 279 275 278 280
164 172 173 174 174 179 170 181 182 183 183 178 183 176 176 177 187 187 189 188 190 184 184 186 193 193 194 194 186 187 189 190 227 233 235 215 216 197 199 200 200 198 220 221 222 222 243 202 220 221 262 263 221 223 223 223 245 244 248 274 274 273 274 278 278 282 283 284 286 282 288 289 290 284 285 215 260 260 252 262 263 263 264 266 265 269 269 266 269 271 275 280 277 281 281
165 173 178 180 180 180 181 181 183 182 183 183 174 176 177 177 187 179 188 180 190 191 191 192 184 193 194 185 188 206 190 191 191 233 236 234 237 237 218 219 219 199 199 201 201 238 204 202 206 207 207 205 244 224 224 246 266 271 272 213 213 212 215 278 279 282 216 215 216 282 262 263 289 292 293 215 251 251 262 262 262 252 252 265 265 266 257 269 271 274 276 277 278 281 281
165 166 174 180 180 176 176 169 183 184 183 184 175 177 177 178 179 187 180 180 190 191 191 194 194 194 194 186 189 188 189 208 208 230 234 231 235 236 219 198 199 199 200 201 204 219 219 240 242 221 243 244 222 246 208 208 224 266 248 248 274 211 277 280 282 283 217 217 283 282 282 283 214 284 248 249 250 251 252 252 252 252 253 255 267 267 268 259 262 221 263 264 277 279 281
166 174 174 181 182 182 182 178 184 184 175 176 176 177 178 178 188 189 190 182 191 191 193 194 195 195 196 187 188 189 198 190 193 194 231 212 232 237 240 201 216 217 203 205 205 220 203 206 263 264 265 245 245 225 247 225 225 225 247 249 274 276 278 281 282 283 283 218 219 217 215 284 247 249 249 249 217 251 217 253 253 253 265 267 257 271 269 260 221 221 264 277 268 227 228
166 174 180 176 182 182 178 178 184 184 176 176 176 178 178 179 189 189 191 191 191 193 193 195 195 196 196 196 189 189 192 192 191 194 212 195 213 234 239 220 200 218 218 220 221 206 206 206 244 244 245 246 267 268 268 269 269 225 249 250 276 276 279 282 283 219 247 218 285 285 217 285 215 248 215 215 251 253 254 216 216 254 255 257 258 269 270 272 264 264 264 265 277 279 271
167 175 168 170 177 178 178 183 184 176 176 176 186 188 179 189 189 190 192 191 193 186 187 195 195 196 196 196 189 191 209 210 193 193 195 196 197 215 217 237 242 222 201 206 206 221 221 243 265 245 246 267 248 268 249 250 270 270 250 271 251 251 280 284 285 247 258 247 284 286 286 216 248 218 288 289 291 292 294 219 219 257 256 258 259 260 261 262 275 266 225 227 277 284 282
168 175 168 177 182 183 183 184 176 185 176 177 177 188 189 180 189 190 192 193 193 187 180 196 187 187 187 206 208 190 193 193 193 195 194 197 214 215 217 218 238 242 243 203 206 222 263 245 282 273 248 248 248 269 277 250 277 277 251 272 251 280 283 222 222 247 247 219 219 288 285 218 220 291 291 222 222 222 222 257 257 221 294 296 298 222 262 226 304 305 228 230 269 281 286
168 169 169 178 171 182 183 184 176 176 176 187 187 184 189 190 190 190 192 192 193 188 188 196 187 187 188 188 191 209 192 192 194 212 233 214 235 238 240 241 242 242 240 245 225 205 243 265 267 247 268 247 274 283 248 277 278 284 286 285 284 222 221 222 221 219 219 286 220 287 288 221 262 253 254 253 221 221 257 258 270 258 223 299 299 301 264 265 230 307 230 230 270 272 273
169 169 177 184 184 184 184 185 187 187 188 182 175 184 184 178 185 186 193 194 193 194 195 197 188 197 189 189 192 193 192 193 195 196 233 234 215 238 242 241 242 243 244 246 247 247 209 265 267 247 268 267 281 284 282 284 285 285 285 224 284 283 283 221 220 286 286 287 290 289 223 252 253 225 294 255 255 223 225 226 226 299 226 225 224 262 229 305 306 231 231 309 310 234 274
169 170 177 184 184 184 180 185 187 186 188 189 189 184 185 178 186 186 188 194 194 185 186 188 188 189 189 191 192 193 194 195 195 214 214 215 237 240 240 241 242 240 245 225 205 206 224 245 268 269 248 270 276 277 248 278 279 287 286 225 285 222 221 223 285 286 286 283 289 224 252 253 225 295 226 296 225 225 299 300 300 309 309 313 314 304 306 230 308 309 309 310 312 314 237
170 170 171 172 180 180 173 173 182 188 189 189 190 191 185 186 186 193 188 195 195 186 187 188 189 189 190 191 192 194 211 212 212 214 234 215 236 240 240 241 222 244 224 205 223 209 245 246 269 270 249 270 249 278 248 279 279 289 289 227 226 225 224 225 285 286 287 221 224 226 226 226 227 296 227 226 226 297 306 276 278 279 310 313 285 287 306 231 309 233 234 235 272 238 239
177 178 171 172 173 180 173 173 182 189 188 189 180 181 186 186 193 193 188 188 196 195 187 189 198 189 190 190 193 194 230 212 212 214 198 216 236 241 242 242 243 245 224 205 209 224 245 246 270 270 250 250 250 279 279 277 286 288 229 229 227 225 225 226 250 249 226 250 252 253 227 228 255 229 228 227 302 298 275 302 304 279 311 305 306 317 319 307 310 234 311 312 237 239 276
177 178 171 180 180 181 181 181 189 189 190 179 180 191 192 187 192 194 195 195 186 196 187 198 189 190 191 208 230 211 212 212 232 234 215 236 237 239 242 242 243 245 203 209 209 244 246 227 248 249 269 249 281 282 250 290 230 228 251 251 228 249 226 226 227 250 261 262 264 228 295 295 228 230 298 298 302 303 275 303 309 310 232 233 307 307 308 320 324 312 326 328 313 240 277
173 174 174 185 181 181 175 182 189 190 190 191 191 192 192 193 193 193 195 195 196 196 197 199 190 191 191 192 211 211 212 213 214 216 216 238 239 240 242 242 243 244 224 210 244 266 246 268 271 279 250 281 295 235 234 253 253 262 263 262 262 251 250 291 228 262 261 252 254 295 294 297 297 232 299 299 300 304 307 303 309 305 233 233 235 269 236 236 313 313 239 274 274 287 243
171 172 173 175 186 187 187 187 188 189 191 191 190 193 193 193 193 193 196 196 187 188 189 207 208 208 192 192 211 212 232 233 234 239 218 219 239 241 222 223 203 204 224 226 206 245 226 269 248 249 273 273 250 251 283 295 234 253 264 263 252 251 251 229 230 229 228 228 295 296 297 296 297 299 300 302 304 304 303 234 305 306 265 268 237 237 311 321 313 313 313 274 275 277 245
183 172 173 176 186 187 177 187 188 189 180 192 191 183 183 193 193 185 186 187 187 188 189 191 208 208 228 209 211 212 233 233 233 235 237 240 239 241 222 223 223 224 204 226 206 211 211 227 271 250 273 250 250 251 276 276 250 293 233 232 231 231 230 253 231 231 230 230 296 297 232 298 297 300 233 301 304 271 235 235 236 236 265 237 238 311 312 313 314 326 315 242 244 246 322
174 174 174 176 187 187 178 187 190 189 190 192 191 182 184 193 194 185 186 196 188 188 189 191 208 208 229 193 195 212 233 233 233 235 236 240 238 241 242 243 244 244 224 226 248 211 226 227 229 229 251 249 282 283 250 253 231 275 285 285 293 292 291 232 287 288 295 295 297 294 232 298 297 300 233 302 303 305 305 306 311 237 266 239 240 312 313 290 316 317 317 245 277 248 323
172 184 174 176 177 187 187 188 189 190 192 191 192 184 184 185 185 195 187 187 197 198 198 191 191 228 229 210 195 196 213 233 234 235 237 240 239 241 242 243 244 245 224 247 247 227 207 208 209 214 230 251 248 283 250 275 253 230 254 250 250 284 292 294 294 288 289 290 258 294 298 298 299 301 302 235 302 303 305 307 307 239 309 269 241 242 314 323 317 317 318 331 247 250 324
172 173 176 177 187 178 177 177 181 181 191 191 192 184 185 185 186 186 188 188 188 189 190 200 192 193 210 194 195 196 214 234 235 237 237 238 241 242 243 244 243 244 245 247 247 227 227 207 209 230 214 250 273 274 275 275 253 253 255 249 285 285 249 294 233 295 290 255 257 295 295 260 299 301 302 303 303 306 305 306 308 240 310 242 313 314 314 314 245 246 246 331 321 324 252
173 173 189 176 177 192 177 213 195 196 182 182 194 195 185 185 186 186 188 188 189 189 190 192 192 210 229 211 196 196 197 234 235 237 237 238 241 241 222 244 243 244 244 247 247 248 248 228 229 251 209 250 250 252 252 231 215 275 285 285 285 249 249 234 254 232 296 297 293 295 295 260 260 300 301 302 302 235 304 237 240 310 315 313 314 321 315 315 245 246 320 320 321 325 254
176 176 176 176 192 192 213 178 180 196 181 182 183 194 195 195 195 187 188 188 205 190 190 208 193 210 229 211 212 197 234 234 235 237 237 237 241 239 222 244 243 243 244 247 226 247 227 248 229 229 208 229 229 252 252 252 231 252 276 284 285 285 285 286 287 293 296 291 293 295 300 236 301 301 302 236 236 263 238 239 241 268 242 318 319 315 315 316 248 249 250 251 251 325 326
188 174 176 176 177 177 178 178 195 196 182 198 182 195 196 195 195 187 188 205 205 190 191 192 193 210 194 194 195 197 198 215 216 237 237 240 240 241 243 243 243 243 244 246 247 247 227 248 229 208 208 229 249 251 230 230 214 230 276 248 248 248 285 286 250 250 252 252 255 256 237 260 237 238 303 237 237 263 239 240 266 242 243 245 315 315 274 275 277 278 251 252 253 283 284
188 188 175 177 179 177 193 179 180 181 182 182 182 185 195 195 196 187 188 205 189 190 191 193 193 193 193 195 196 213 198 198 198 200 237 240 240 241 221 242 242 244 244 246 246 247 227 247 228 229 208 213 249 273 230 230 230 230 276 284 247 247 284 235 287 288 251 291 293 300 237 260 237 272 239 239 304 263 241 266 279 268 279 272 273 248 283 283 286 279 280 253 280 283 284
189 175 178 179 179 180 179 181 180 181 182 183 199 185 186 186 187 188 189 205 190 190 191 193 194 194 195 195 196 197 198 199 199 201 238 239 240 241 242 242 242 243 245 246 246 247 226 227 249 249 228 207 228 229 230 230 230 252 246 284 284 284 284 295 296 296 289 236 299 300 238 260 260 273 263 264 240 240 242 268 280 279 279 281 273 249 250 276 286 279 287 281 281 284 292
189 190 175 179 179 180 190 191 183 192 184 184 184 201 185 202 187 187 205 190 190 190 191 209 210 194 195 195 196 197 198 199 199 201 218 238 240 240 241 242 242 243 243 246 225 225 226 247 248 228 228 228 207 214 214 229 229 251 284 296 284 284 284 247 287 288 289 236 259 259 301 239 261 274 277 276 265 241 242 243 269 269 270 282 283 250 251 277 287 280 288 281 282 284 260
175 190 178 179 189 190 191 191 192 192 193 194 184 201 185 186 187 188 189 190 207 207 207 209 230 230 211 212 197 198 198 199 200 201 218 238 240 239 241 242 243 242 223 204 204 204 204 226 227 227 227 212 212 213 213 229 229 229 245 296 284 284 245 246 287 288 289 236 259 260 240 261 262 263 275 277 265 266 244 245 269 246 246 273 283 284 276 277 279 280 256 257 283 285 293
175 175 178 189 180 180 191 182 181 182 184 184 199 201 202 186 188 188 190 190 207 226 207 229 210 230 231 195 197 214 215 215 216 218 219 239 239 240 221 242 242 242 243 204 210 224 204 204 226 226 227 206 206 213 213 228 228 250 244 284 284 284 284 286 296 238 238 258 300 301 240 261 262 277 243 265 265 266 246 310 246 281 282 274 250 276 252 252 254 255 281 258 283 300 294
175 178 179 179 180 191 191 182 196 197 184 184 184 201 186 188 188 198 199 190 190 207 227 209 210 231 212 231 214 214 215 215 216 201 238 237 238 239 240 242 222 242 243 224 204 204 204 204 205 211 205 212 212 213 212 228 228 250 274 275 243 284 243 277 277 287 298 240 292 252 296 241 262 273 265 245 266 308 310 311 248 249 249 275 275 286 289 289 291 290 296 290 291 293 302
178 178 189 181 181 181 181 181 197 198 183 184 186 186 187 188 189 189 191 191 207 208 209 210 211 211 212 232 234 215 216 235 216 218 219 239 238 239 240 242 223 243 243 245 246 225 204 225 226 227 248 248 227 228 207 213 229 229 252 242 284 284 242 243 278 245 298 290 285 286 287 255 304 245 246 308 309 309 311 312 271 272 250 275 285 291 293 295 297 294 294 293 299 296 298
178 176 179 190 181 181 182 181 182 182 183 199 199 201 187 188 189 189 191 192 192 192 209 211 230 231 212 213 214 198 199 216 216 218 219 239 238 238 240 241 242 243 243 245 245 245 224 225 247 247 247 248 247 227 227 206 228 228 251 275 284 241 241 254 254 278 245 289 284 261 263 289 291 307 303 309 306 309 312 313 272 273 273 275 276 285 293 294 296 308 306 295 300 297 300
176 177 177 181 181 181 180 181 184 183 199 199 200 201 202 187 189 189 191 192 192 192 192 194 211 231 231 213 198 198 216 200 200 218 219 219 239 238 240 242 241 243 242 244 244 245 224 224 204 247 248 248 247 248 227 212 228 228 229 275 275 275 241 242 242 243 244 281 234 261 287 289 255 301 308 248 305 308 311 313 272 273 274 276 320 256 289 296 297 294 307 308 301 299 301
178 177 191 178 179 180 195 195 184 185 183 199 200 201 202 187 188 204 206 206 207 192 192 211 195 211 212 197 215 215 235 235 216 218 219 237 239 221 241 242 241 243 224 245 244 245 245 245 225 246 247 248 246 226 226 205 205 228 229 251 275 240 240 277 277 278 243 289 293 293 303 304 305 307 308 309 305 308 310 313 252 273 274 285 257 278 279 282 293 298 292 296 295 300 313
179 179 177 178 179 194 195 196 184 185 199 199 200 187 187 187 204 204 221 222 227 192 193 194 195 196 212 197 198 235 216 216 216 218 238 237 239 221 241 242 242 224 243 243 245 245 246 245 246 246 225 225 225 226 247 247 205 212 213 229 274 239 239 240 240 241 243 299 270 261 246 304 305 248 308 303 310 310 252 272 273 282 283 277 278 278 279 282 283 299 292 293 294 297 305
179 177 191 193 179 183 181 181 183 185 186 184 185 189 188 203 224 219 221 222 227 208 194 195 196 196 213 213 234 235 233 233 234 235 239 239 220 204 206 223 223 224 243 243 243 244 244 246 246 246 225 246 247 248 247 247 204 211 228 250 238 296 284 285 297 297 288 244 271 275 263 297 305 267 249 304 310 311 314 315 255 274 275 277 278 260 280 293 291 292 293 294 294 298 300
189 190 180 179 194 183 184 184 185 184 184 185 201 202 203 223 219 219 221 222 223 228 209 211 212 231 232 229 231 235 236 236 234 238 239 220 220 240 222 223 242 243 243 244 245 244 245 244 245 245 224 224 224 225 225 225 204 204 212 228 274 283 238 276 239 239 241 299 261 272 263 305 306 308 250 268 269 253 255 273 283 289 284 260 260 260 324 263 283 292 293 302 303 298 306
179 190 180 182 194 180 184 182 183 184 199 200 201 222 223 223 219 224 207 227 227 208 209 231 231 227 228 229 234 235 214 215 237 238 238 239 239 238 222 242 242 241 241 243 245 243 245 244 224 224 203 203 203 204 211 211 211 211 228 228 228 237 237 275 276 277 279 289 301 247 248 296 298 308 309 268 269 270 282 288 277 290 291 286 261 262 265 264 284 301 286 303 303 301 300
179 180 178 193 194 195 196 182 184 184 186 185 186 202 223 223 224 224 207 227 227 228 209 211 231 231 232 233 213 214 236 236 215 239 236 239 237 238 240 242 242 224 241 243 243 243 245 245 245 224 224 203 203 203 203 203 211 227 228 249 273 236 283 237 237 276 239 289 292 303 304 305 306 308 253 269 254 271 273 283 289 290 285 287 262 263 264 265 292 301 293 303 304 299 300
