ecocropFuture/tif/c6/rcp585/ACCESS-CM2/prec_7.asc
ncols        683
nrows        518
xllcorner    -87.691666666667
yllcorner    10.708333333333
cellsize     0.008333333333
NODATA_value  nan
[rows 252 to 293 of 518, columns 190 to 284 of 683]
76 75 76 77 82 105 95 112 118 112 131 119 116 111 109 134 123 124 140 150 140 191 190 221 209 187 219 232 224 238 250 215 178 214 228 201 253 258 271 273 269 272 280 281 254 208 239 253 277 278 284 257 246 293 313 326 297 254 207 230 211 268 300 327 259 246 242 249 255 255 268 269 266 275 286 288 286 291 289 286 297 298 291 293 323 323 324 331 339 339 340 336 334 326 326
74 74 75 76 79 97 114 119 140 122 122 119 128 112 108 122 124 127 128 133 129 195 193 221 202 194 240 251 255 200 192 180 212 212 219 234 255 257 260 262 240 229 227 223 233 227 247 274 205 201 196 210 215 271 245 308 286 249 202 225 226 243 265 290 281 245 250 263 272 309 301 315 318 326 330 336 333 345 335 335 349 349 347 314 258 283 304 328 334 334 332 333 325 300 299
72 120 122 75 79 93 105 114 112 105 107 114 136 128 124 130 132 129 123 124 131 142 184 174 178 208 237 251 256 247 211 182 155 162 165 205 262 215 218 229 270 270 264 262 233 255 243 211 189 190 190 201 201 218 248 221 212 199 219 222 223 227 234 224 283 288 257 258 308 303 301 260 300 271 255 250 269 292 317 317 293 275 271 276 271 253 303 327 331 331 331 332 337 329 289
97 120 73 75 88 93 116 111 107 114 105 108 120 112 131 132 146 128 132 132 137 149 224 222 194 217 247 224 232 226 179 178 179 190 189 190 253 246 242 237 256 226 233 263 250 248 247 233 179 189 182 192 227 199 209 213 239 232 246 246 248 224 236 262 240 274 310 276 324 290 281 276 246 280 269 238 230 233 235 242 246 269 307 298 250 268 320 325 309 311 309 331 334 339 327
72 71 98 75 85 90 101 122 119 110 122 109 126 135 146 157 135 137 145 174 213 220 218 202 226 237 249 223 242 227 218 215 199 202 172 213 221 241 245 179 236 236 256 269 251 234 199 229 170 177 173 179 239 251 211 236 234 230 202 232 247 252 208 209 215 279 305 305 290 269 256 225 268 270 272 238 216 227 237 241 239 242 266 282 251 249 280 323 305 305 328 331 333 299 335
72 73 73 89 111 105 115 112 111 129 130 111 114 126 136 137 131 203 207 210 190 196 200 188 213 227 250 269 219 220 236 227 217 179 186 166 218 214 184 224 188 189 200 253 196 189 181 202 173 167 172 176 200 241 243 247 215 216 217 245 219 255 247 226 235 231 252 254 258 229 244 265 253 223 205 220 216 220 219 228 236 289 271 262 245 273 297 301 301 306 332 331 332 333 335
70 72 83 108 113 111 123 116 113 133 122 117 121 119 124 122 159 190 176 178 209 176 179 198 212 237 243 236 224 220 246 246 225 199 155 212 212 149 152 192 227 220 222 191 173 184 189 183 181 168 161 171 234 245 240 240 219 214 216 219 220 228 262 252 232 217 236 218 219 238 237 262 220 198 197 208 214 210 212 225 229 277 245 258 242 292 315 297 303 328 331 314 332 311 295
71 71 73 84 107 115 123 118 116 135 109 114 118 118 127 140 197 197 199 211 210 218 192 209 245 263 236 189 213 231 223 224 224 201 182 180 182 205 175 184 241 197 196 164 166 178 177 172 169 163 160 177 215 248 234 245 192 215 199 218 219 223 203 222 225 208 235 212 232 232 259 260 218 189 199 196 207 207 204 218 220 278 256 264 267 312 315 320 324 309 333 316 293 290 282
125 101 128 83 107 108 92 97 102 98 107 121 116 110 177 189 195 196 204 211 214 216 213 243 239 210 204 220 232 214 175 182 186 226 223 184 226 224 207 213 224 214 154 152 158 170 171 170 160 159 218 240 266 265 226 224 224 214 192 193 194 219 245 224 226 229 206 209 232 261 245 215 216 194 196 221 197 205 204 209 239 258 237 263 269 290 314 325 324 310 335 312 259 304 305
71 72 103 75 90 82 84 86 115 145 158 158 158 174 155 200 199 156 198 194 175 218 212 237 215 201 188 218 220 218 208 185 196 205 197 197 205 168 221 176 178 187 161 152 155 153 156 154 155 157 187 170 182 244 251 206 199 214 215 216 193 242 270 268 249 272 229 207 257 210 213 214 193 194 218 252 253 254 244 246 229 231 258 263 308 312 294 303 290 292 261 258 258 301 291
95 72 86 92 84 94 96 127 166 130 121 127 168 137 175 159 172 177 158 187 210 228 256 210 214 188 206 224 206 166 151 146 151 161 187 202 205 220 212 178 185 234 179 174 163 157 162 159 186 160 186 189 224 225 228 222 196 214 237 262 263 265 266 246 247 249 227 225 255 210 211 243 245 215 248 250 218 268 270 272 253 229 257 262 268 272 278 256 290 261 288 286 258 301 303
73 83 94 93 87 101 95 120 134 135 124 163 182 146 148 133 148 181 146 204 225 239 256 236 216 204 207 222 213 187 143 142 173 185 191 192 186 158 205 149 151 158 165 194 191 166 192 194 194 193 192 218 203 204 236 217 201 216 260 264 266 264 243 221 222 200 201 202 208 185 180 212 244 246 248 235 243 265 268 271 273 275 257 235 258 249 249 255 286 280 254 304 282 258 286
80 89 97 100 97 108 104 128 142 149 131 161 149 139 161 163 199 181 147 183 235 254 237 253 253 206 213 223 228 186 140 173 177 183 202 182 177 165 185 148 147 155 160 183 181 186 185 219 226 199 202 223 241 243 237 185 191 214 238 262 266 270 243 221 199 200 222 223 238 178 179 211 244 246 247 234 242 244 246 270 294 296 278 281 267 248 249 256 281 296 276 301 301 257 286
81 83 85 88 92 105 112 110 110 119 175 184 162 187 186 185 188 200 194 217 223 233 213 211 225 219 231 262 255 207 140 203 199 221 219 222 196 196 219 174 149 155 162 184 179 180 186 185 190 221 188 233 207 207 206 184 207 210 263 264 266 267 265 221 198 199 222 251 207 183 178 186 212 213 246 213 215 243 245 292 294 274 298 279 263 268 275 251 275 295 296 277 278 282 284
100 99 102 80 87 101 93 155 132 145 163 192 210 237 216 212 214 206 216 235 225 222 212 181 184 182 209 222 236 194 160 168 179 178 204 232 247 207 219 173 147 175 176 208 179 154 188 161 185 215 216 217 203 204 206 206 233 259 267 264 262 264 242 220 198 199 200 201 238 183 184 209 242 259 260 233 241 264 244 269 294 251 254 257 282 269 292 295 296 295 296 275 252 256 284
85 103 126 131 136 113 123 143 181 182 152 198 237 220 234 231 213 227 217 208 189 161 147 153 156 130 157 140 150 164 188 165 156 235 267 269 260 241 165 224 207 212 230 223 207 208 180 181 184 214 174 176 178 202 204 231 256 267 266 239 240 217 218 195 219 220 250 251 254 207 183 240 241 230 231 212 240 242 244 268 294 295 275 257 261 267 247 250 292 274 274 274 251 254 274
85 73 135 142 150 154 157 167 177 151 136 156 224 238 216 237 222 188 185 187 171 163 166 168 168 131 179 181 155 156 188 213 225 241 241 268 256 235 162 191 163 230 232 195 167 224 209 225 196 229 196 247 249 228 203 255 265 265 271 218 214 192 193 217 219 249 250 221 253 207 207 208 241 258 231 238 239 263 244 219 221 244 246 232 234 238 245 241 269 275 265 265 250 271 273
86 133 108 120 132 143 170 125 128 160 176 168 199 221 205 177 174 171 205 210 213 187 193 191 183 172 186 209 228 223 225 212 207 182 190 226 227 172 188 189 186 220 224 227 191 165 193 191 193 194 196 197 200 252 253 257 263 260 240 214 190 214 215 217 249 249 234 251 253 254 239 240 227 229 210 211 213 263 244 247 244 261 274 264 264 269 239 286 260 246 272 247 249 252 254
71 106 81 123 139 141 162 121 94 132 177 160 189 196 180 188 158 134 142 158 209 196 211 224 217 202 215 215 217 225 225 221 168 200 226 196 195 223 226 206 221 220 220 222 223 191 166 191 244 245 175 199 227 228 254 264 258 236 265 213 193 217 217 217 194 219 234 235 253 254 239 256 227 229 231 211 239 240 239 226 274 261 262 227 229 234 255 256 290 264 244 264 293 295 297
71 133 105 118 160 152 116 122 126 157 167 170 150 130 121 176 155 127 136 128 213 186 209 242 225 223 213 214 217 219 220 212 143 200 169 202 217 172 206 174 209 219 218 221 223 192 189 219 245 254 249 229 252 230 255 260 234 236 237 217 192 194 196 220 218 219 234 236 253 254 255 256 206 207 210 211 212 239 216 239 274 258 257 227 229 264 282 285 289 290 262 291 265 268 269
71 105 127 141 140 143 146 120 93 90 90 92 126 128 160 141 118 126 157 192 183 159 201 241 226 204 184 206 208 210 212 190 159 162 137 166 201 143 172 171 201 218 159 163 165 166 219 244 247 254 264 265 264 259 259 264 265 215 239 195 196 198 255 241 250 250 220 252 237 238 255 204 230 233 235 237 239 235 218 239 241 257 223 202 202 263 282 255 287 289 289 291 265 250 251
71 72 107 128 111 114 139 118 88 90 88 91 93 153 162 175 176 149 168 161 146 187 191 239 226 221 211 162 172 146 169 143 208 162 163 198 141 140 198 216 219 186 184 214 218 221 245 256 257 252 262 263 264 283 268 269 274 281 239 190 193 217 250 219 219 219 252 221 253 238 224 225 230 256 258 211 213 216 242 279 253 220 257 259 260 283 281 282 257 259 288 289 265 250 277
89 73 136 103 79 81 81 85 89 88 89 91 122 165 147 150 195 199 214 163 139 142 175 237 211 203 203 198 187 165 153 153 150 213 212 212 211 214 183 184 157 182 189 246 260 265 267 270 249 223 232 248 276 288 274 261 249 269 264 238 213 214 215 222 224 195 197 198 222 223 224 252 253 232 259 211 213 217 242 265 195 220 222 199 201 261 251 233 263 239 241 242 245 247 279
89 74 109 77 79 81 83 87 86 88 91 121 154 105 154 198 196 209 219 203 159 132 148 141 204 215 208 205 209 228 227 225 200 147 177 213 149 153 158 188 214 238 244 247 262 262 263 261 232 232 231 248 239 261 285 264 291 282 267 264 239 216 217 194 195 221 221 223 224 201 201 202 230 256 235 234 234 236 270 253 253 255 272 258 268 263 231 252 262 258 240 242 270 274 279
73 74 139 79 81 83 82 86 88 91 105 170 171 134 180 185 205 213 207 201 181 164 157 166 153 160 198 216 231 245 249 252 225 175 149 177 172 209 214 199 206 247 255 256 245 227 220 228 230 219 225 232 232 240 274 291 240 239 269 281 279 274 245 226 221 222 197 223 224 249 227 228 230 208 210 211 235 234 250 216 218 272 274 246 253 251 231 232 235 257 259 242 269 273 298
111 111 143 81 84 86 86 90 89 95 103 189 141 173 175 197 220 209 192 197 151 160 194 197 170 176 155 199 239 254 265 261 250 205 168 179 154 217 229 252 236 264 238 215 216 220 238 266 238 263 252 251 250 243 233 295 274 255 247 278 244 288 284 225 253 253 221 221 248 274 226 227 229 231 229 231 234 234 250 192 195 222 258 247 232 251 250 257 234 236 264 289 290 270 297
114 144 135 112 113 115 91 91 89 94 108 131 197 174 168 210 208 208 192 172 181 157 182 160 160 219 188 158 246 246 244 250 228 175 169 203 178 198 236 258 271 274 214 211 226 246 247 265 268 268 273 275 276 250 235 247 252 246 249 259 283 293 282 260 286 280 270 222 248 248 225 227 254 258 208 232 211 212 214 240 221 257 276 248 252 230 249 231 233 235 237 264 266 293 323
133 136 138 113 141 155 145 146 92 95 106 125 141 169 194 167 144 178 141 152 128 192 183 159 127 210 194 196 237 246 262 241 210 203 168 201 206 187 198 232 235 270 217 214 223 231 234 247 267 268 273 271 272 268 235 246 276 274 279 283 295 260 250 224 274 270 277 272 199 249 225 252 254 259 214 214 235 212 215 245 220 243 224 247 250 247 249 250 252 255 237 241 242 268 294
146 149 115 113 114 122 157 122 95 95 116 131 137 132 131 117 121 185 172 179 188 179 121 124 126 197 217 229 184 211 197 183 173 170 169 172 156 161 168 174 224 258 250 232 235 234 226 260 252 259 269 253 237 237 245 296 286 289 276 281 278 276 250 218 268 269 271 221 225 225 226 202 230 259 213 261 260 212 216 245 221 249 274 252 252 225 254 229 252 259 285 288 267 292 269
137 140 141 114 91 148 147 124 124 98 108 116 127 123 110 108 110 113 172 176 180 126 150 125 128 138 158 163 192 230 232 184 150 148 148 172 158 191 218 219 245 260 251 264 237 234 230 226 231 286 285 250 242 242 276 274 292 290 282 288 259 252 246 243 243 270 271 272 249 250 200 230 257 237 237 235 261 212 242 245 271 272 272 274 274 252 277 255 257 308 309 286 288 267 243
149 154 155 155 118 95 97 96 98 99 109 119 115 125 116 109 126 115 116 175 182 195 123 132 138 139 157 154 154 142 150 210 221 147 149 152 207 246 257 239 243 247 254 266 270 234 234 233 261 282 267 282 267 246 275 288 265 263 281 280 277 268 241 216 275 250 246 247 275 276 224 228 256 283 292 287 296 262 266 269 270 296 298 300 274 252 253 303 306 313 314 316 318 291 292
153 155 127 111 148 98 97 109 112 113 107 118 122 119 120 123 124 124 117 192 178 180 124 132 132 139 163 155 141 147 139 167 176 150 151 178 235 261 210 217 247 248 272 264 271 239 235 227 237 235 282 289 263 228 237 281 228 261 283 283 279 278 275 242 272 221 245 246 250 255 229 225 254 258 293 295 300 302 295 295 271 304 305 299 299 251 252 309 311 283 313 315 317 315 316
120 146 160 131 163 98 111 104 106 107 110 111 112 121 115 117 124 115 117 147 179 180 124 124 140 171 156 145 139 145 135 195 223 191 164 218 257 269 252 277 280 259 258 278 271 239 231 230 221 214 228 232 264 231 260 277 268 252 283 243 235 267 283 280 281 275 273 273 275 277 253 252 255 258 285 293 297 285 302 302 305 307 307 303 274 274 276 303 310 308 308 284 287 314 316
94 95 97 101 102 101 114 144 131 132 149 120 114 120 123 118 125 115 119 122 150 151 125 125 140 170 151 138 144 142 133 201 187 185 218 224 248 263 258 285 287 288 267 291 281 246 245 264 264 262 233 224 235 263 261 279 265 280 274 272 255 251 228 265 268 292 283 274 282 275 224 252 288 282 291 295 299 300 286 288 308 301 254 251 249 250 276 278 306 312 308 309 311 313 315
97 97 96 100 102 103 109 147 132 150 151 122 152 124 122 115 115 119 125 181 124 122 123 134 136 142 140 131 134 136 166 183 208 246 250 254 223 229 238 260 285 286 241 291 281 245 229 264 269 267 260 261 230 209 231 226 231 227 242 248 256 251 283 273 274 279 286 274 283 284 286 287 272 291 293 297 299 301 304 256 250 261 276 272 273 301 310 312 312 311 313 283 310 319 315
107 108 110 115 115 113 106 118 121 152 153 124 117 129 130 119 118 119 128 126 125 126 128 128 128 130 130 134 165 199 182 173 231 247 259 243 260 206 252 217 244 261 289 269 270 232 239 228 246 267 269 267 238 230 235 229 236 235 243 252 251 250 251 282 303 298 273 283 287 285 290 292 277 278 283 305 290 293 315 309 308 307 297 307 300 310 314 314 298 311 313 315 316 312 314
142 115 111 117 108 109 110 113 123 124 125 126 157 129 123 131 132 121 136 131 129 128 127 127 128 132 136 141 201 220 149 207 247 252 256 246 249 177 252 240 254 226 246 278 292 271 271 245 229 233 267 266 228 232 231 232 234 233 246 253 259 257 257 279 275 290 285 283 275 285 287 289 281 252 251 252 251 250 303 310 308 292 290 305 308 312 311 310 311 313 314 316 315 317 321
129 130 117 117 120 153 151 124 116 124 125 119 159 131 133 135 135 127 137 140 130 132 130 133 135 136 166 222 224 180 151 184 215 243 245 248 249 178 211 254 243 258 222 206 278 293 294 272 241 232 248 245 225 217 213 215 225 229 231 233 245 273 270 269 234 285 285 284 286 278 280 290 301 256 258 261 263 256 263 265 301 295 257 258 309 309 309 309 312 314 308 318 316 317 320
148 148 120 115 116 116 124 117 125 119 127 128 122 133 162 164 165 140 139 136 130 134 134 132 136 170 169 228 227 149 151 182 217 257 248 227 228 176 254 256 258 259 260 224 249 268 284 294 247 236 236 228 223 220 263 220 219 224 231 238 238 291 297 289 296 269 284 283 289 289 281 286 297 289 264 251 260 257 256 250 264 258 257 259 293 307 307 263 301 318 316 304 319 318 318
134 155 123 117 118 118 119 126 129 129 122 123 132 163 164 165 140 135 136 135 142 135 137 138 170 203 227 230 185 153 184 189 185 191 249 228 230 204 256 241 258 260 262 262 199 227 270 272 297 249 250 236 228 246 272 246 228 240 236 235 241 282 296 297 300 287 284 247 277 279 290 297 283 257 259 247 250 245 265 236 255 251 251 254 250 259 260 253 268 268 257 263 302 317 305
153 120 113 115 127 162 162 121 121 131 162 133 134 136 139 167 141 135 143 143 135 139 169 170 204 227 188 157 181 206 153 161 200 197 227 229 231 232 182 259 261 263 245 210 267 224 249 272 297 247 241 228 271 269 270 270 228 224 240 248 253 307 280 282 241 286 285 285 276 287 295 299 303 251 242 235 242 249 248 235 247 251 253 257 240 252 256 243 243 244 246 259 301 305 305
154 114 121 157 163 162 163 131 132 133 147 163 135 129 131 141 169 140 142 143 146 140 203 222 225 186 188 182 178 174 176 183 201 204 199 200 177 179 206 238 176 178 179 209 245 226 232 233 298 276 242 236 271 269 272 242 231 229 230 250 304 276 292 286 284 284 286 288 287 238 241 277 283 246 235 241 260 265 252 261 251 225 271 252 271 279 286 249 247 225 249 246 257 268 259
