ecocropFuture/tif/c6/rcp585/ACCESS-CM2/prec_10.asc
ncols        683
nrows        518
xllcorner    -87.691666666667
yllcorner    10.708333333333
cellsize     0.008333333333
NODATA_value  nan
[rows 420 to 461 of 518, columns 282 to 375 of 683]
456 464 464 454 397 397 424 424 451 423 423 393 393 393 380 380 377 377 377 377 377 389 375 380 385 385 377 377 377 383 382 380 353 356 362 356 354 346 346 360 366 352 351 348 337 337 336 345 345 345 345 343 340 334 342 342 339 339 337 360 359 357 323 323 328 322 320 352 319 354 354 352 342 322 342 321 319 319 325 315 330 313 309 322 322 339 314 305 347 347 308 305 305 314
399 426 426 398 398 398 424 452 452 424 424 422 422 394 382 380 378 392 392 392 378 377 377 380 387 387 378 378 383 383 361 359 354 357 349 349 351 348 348 354 366 352 336 351 349 338 348 346 348 331 346 335 343 335 341 334 339 338 378 378 377 329 323 357 354 356 355 355 320 355 354 352 316 316 315 314 311 312 312 325 326 325 340 340 341 341 315 315 315 315 315 322 339 314
387 398 398 385 385 398 396 453 462 425 425 423 423 394 382 382 380 380 380 380 380 377 383 388 388 388 386 378 385 385 362 351 351 356 359 354 357 352 355 355 367 353 352 336 336 349 338 338 348 332 348 345 336 336 383 342 339 339 379 379 378 330 330 324 322 321 354 322 320 319 317 370 317 317 317 353 351 369 351 342 326 313 313 313 341 318 315 308 308 308 340 310 324 341
402 429 429 400 400 429 427 453 464 453 398 423 423 396 383 389 381 380 380 380 380 378 378 389 383 383 380 380 380 386 385 361 361 356 361 360 358 354 355 355 362 362 368 336 352 352 340 340 349 349 348 346 338 338 343 337 335 341 381 380 363 326 331 331 330 330 321 323 322 321 320 355 355 355 324 355 354 353 353 321 321 327 327 315 327 343 342 318 308 310 310 341 342 316
431 429 458 429 458 457 455 455 457 464 453 425 425 397 397 383 381 381 381 421 395 379 379 384 384 379 378 378 378 376 386 384 384 383 383 361 355 350 357 357 357 355 363 368 338 354 352 334 351 351 349 348 348 346 346 345 336 336 383 330 354 332 359 326 331 323 375 358 323 323 327 320 356 374 319 356 354 354 316 321 321 319 327 327 327 345 332 318 330 317 318 315 316 317
472 470 459 458 458 468 460 465 455 428 428 452 397 397 384 384 383 383 423 383 395 421 393 379 384 379 391 378 378 378 378 374 374 379 384 384 360 355 355 352 357 350 349 370 370 367 366 352 352 352 351 349 349 348 348 346 337 343 384 354 354 325 360 360 331 325 358 339 377 359 377 375 356 375 357 357 318 316 373 318 316 319 343 343 319 349 345 344 347 319 318 316 310 318
473 471 470 470 470 470 466 466 428 428 428 398 398 398 398 384 384 383 383 383 383 381 381 381 381 381 419 392 392 379 378 381 381 379 386 379 382 360 357 353 352 350 356 362 370 355 353 366 352 351 352 350 349 349 340 349 345 386 386 365 329 326 359 326 325 326 326 359 340 333 333 338 338 374 338 338 337 353 322 345 318 315 344 319 319 345 328 315 330 320 320 318 317 346
475 471 471 471 459 459 429 429 401 401 401 388 386 386 386 386 384 385 385 384 384 382 382 382 382 382 394 394 394 380 380 382 377 377 377 376 379 382 360 357 357 355 357 365 370 371 353 353 368 352 334 350 350 348 390 348 388 337 336 335 333 326 359 359 357 379 340 340 334 378 340 338 338 338 332 338 354 316 318 318 318 321 321 347 347 348 345 318 344 330 347 348 312 320
470 466 466 466 461 471 402 431 431 430 389 387 396 395 395 387 398 385 385 385 392 388 383 382 382 382 394 394 444 380 380 379 382 377 377 379 376 379 384 362 358 355 364 370 372 371 336 336 336 354 352 332 345 345 348 348 346 343 342 340 334 329 360 376 360 382 341 342 342 380 342 378 377 339 375 375 355 318 318 319 356 317 321 347 347 350 314 314 320 330 346 318 318 318
471 467 467 472 462 462 431 431 431 431 403 388 390 396 396 387 385 385 385 385 387 385 383 383 397 383 382 382 395 382 380 384 384 379 379 380 378 380 385 384 362 357 353 366 371 366 355 355 336 354 354 334 353 353 345 349 348 339 339 338 389 366 332 362 362 330 329 329 342 381 379 378 359 340 376 357 318 318 317 318 357 318 315 350 334 350 321 321 347 331 330 344 318 319
477 469 457 469 474 434 432 432 432 432 404 402 388 388 390 402 400 387 399 399 387 385 385 385 385 397 395 395 395 383 382 385 380 380 380 380 379 377 382 387 363 360 354 359 365 365 371 356 371 355 336 334 334 332 354 346 391 372 372 390 342 345 386 333 336 330 333 329 329 327 361 358 359 359 358 328 325 325 319 321 359 318 323 323 348 333 336 334 333 331 331 329 330 319
467 475 475 475 469 474 461 432 432 432 432 402 430 402 390 390 388 400 427 427 387 386 386 386 385 385 383 397 397 421 421 381 381 385 385 380 393 379 382 388 360 355 355 360 360 360 363 366 371 356 356 355 355 348 395 394 392 340 372 391 391 346 340 345 365 365 363 330 327 380 327 323 353 353 322 328 349 349 359 360 349 319 323 347 333 351 350 349 316 348 319 330 330 347
467 465 435 465 465 475 471 461 433 433 433 431 404 404 390 390 402 402 402 428 428 386 386 386 386 398 397 397 397 384 397 382 381 382 395 395 380 394 379 383 388 361 361 359 360 355 365 371 371 356 336 354 353 353 351 376 373 389 392 392 392 389 346 346 333 332 382 381 380 326 326 323 325 323 329 328 360 360 359 359 325 348 332 348 323 323 356 356 321 348 347 319 317 318
469 478 476 476 476 465 463 434 434 434 434 404 458 432 432 432 402 402 428 455 455 451 426 426 426 400 398 385 385 385 385 383 388 396 383 383 394 394 380 383 387 363 363 359 357 362 360 372 372 358 358 358 351 354 351 375 342 389 392 374 372 369 336 335 333 366 363 380 382 363 333 331 331 330 326 326 325 379 324 327 326 349 349 333 334 334 333 351 350 349 322 348 321 321
469 466 478 478 476 465 463 435 435 435 435 433 405 405 405 405 403 403 403 430 455 453 453 453 451 401 386 386 386 386 386 383 384 396 398 398 396 419 382 385 390 386 386 363 357 362 365 372 374 374 338 357 358 355 400 396 392 391 349 374 374 337 341 339 344 338 335 329 329 363 360 361 328 328 328 326 325 325 362 327 327 324 324 324 349 335 323 323 350 349 350 321 321 321
441 467 479 478 478 466 464 408 435 435 435 433 405 405 405 433 431 431 403 403 430 453 453 453 453 428 386 386 386 386 399 384 384 384 398 398 420 443 382 381 391 389 383 361 362 368 369 375 359 375 358 337 360 352 402 355 393 348 347 347 342 339 342 341 344 335 341 335 335 328 378 381 382 382 382 363 326 326 325 327 352 326 323 323 323 350 323 323 323 323 351 321 320 320
442 439 467 479 479 438 436 464 436 464 463 434 406 406 406 406 404 404 404 404 431 454 454 454 453 401 387 387 387 387 387 385 384 385 422 422 396 397 397 383 391 388 364 362 368 368 369 374 375 375 375 337 361 357 383 383 377 375 347 349 374 341 361 341 344 344 333 341 358 335 329 382 382 382 365 384 363 326 325 327 352 349 323 362 380 323 323 333 350 323 323 320 352 322
442 469 469 469 439 439 437 437 464 464 436 462 408 406 406 406 432 404 392 431 431 454 464 463 454 429 388 387 387 387 401 399 385 385 399 424 397 383 382 387 392 364 368 368 370 370 369 369 375 375 375 337 362 355 382 352 349 351 345 376 374 342 339 342 345 339 342 341 334 358 334 332 329 365 329 365 363 382 363 327 352 350 326 326 326 326 322 323 323 323 323 321 350 335
473 470 469 469 469 440 438 438 438 438 438 462 462 462 434 408 459 459 459 432 458 456 456 454 454 429 427 401 389 389 389 387 386 386 387 399 397 385 385 392 392 364 360 362 364 369 367 367 370 375 377 359 358 360 357 406 351 350 369 368 348 345 344 362 362 360 335 343 333 344 336 333 355 331 331 330 328 365 364 328 328 326 325 326 351 352 325 351 351 337 324 322 323 323
415 413 441 413 400 400 411 411 438 466 438 463 462 462 472 462 460 469 432 432 406 404 430 456 456 429 427 402 389 389 389 387 387 400 400 387 384 385 384 389 389 389 366 360 364 365 367 369 370 370 375 358 374 374 358 363 360 356 380 348 346 364 364 363 341 340 335 337 343 343 336 356 355 331 331 332 329 365 384 384 328 326 326 326 352 326 325 351 352 352 338 352 323 323
409 401 401 401 405 405 400 411 411 439 439 437 463 436 462 462 470 470 459 459 459 430 404 430 456 430 402 402 390 390 390 388 388 388 388 387 385 385 389 389 394 389 366 361 361 361 363 363 363 370 370 369 374 374 357 358 356 355 357 351 398 344 341 340 371 338 336 368 335 335 333 333 356 332 331 331 329 365 384 349 365 326 326 352 352 354 325 325 352 352 353 352 352 324
410 407 415 403 407 405 400 400 412 467 439 437 437 463 463 436 460 470 470 460 434 432 405 430 456 456 404 429 390 390 402 400 400 400 388 387 390 390 390 395 394 392 389 366 364 364 362 363 363 368 368 369 366 374 372 333 355 354 352 351 354 375 374 372 371 370 368 387 387 335 335 333 333 333 367 332 330 365 384 343 349 364 328 326 326 326 325 352 352 352 353 351 323 323
406 408 408 403 407 407 405 403 401 440 467 437 437 465 437 437 435 471 470 470 460 458 432 457 432 432 404 404 404 391 391 388 388 402 388 388 396 395 395 390 390 393 392 366 366 366 362 362 362 363 363 365 360 367 372 354 355 354 328 327 350 348 394 393 392 391 387 387 387 368 368 333 332 332 384 367 365 329 384 349 384 363 364 328 326 326 325 325 325 353 353 351 352 324
406 404 404 404 404 404 414 401 401 414 440 412 411 439 437 437 435 462 462 460 435 458 458 457 432 432 404 392 404 392 392 390 390 402 390 389 387 397 394 393 393 391 394 390 392 392 388 364 362 361 362 361 361 366 372 355 330 329 349 352 351 354 351 394 392 339 388 388 349 388 349 367 334 367 331 366 383 385 349 350 365 364 328 328 327 354 328 328 325 325 327 325 354 325
419 417 417 417 417 444 414 414 402 442 468 466 439 439 465 475 468 435 462 435 435 433 433 458 467 457 455 430 405 405 404 390 390 390 390 390 387 387 387 387 387 389 394 394 392 392 388 387 364 359 367 367 361 364 367 370 351 328 326 326 351 354 394 392 372 391 369 337 387 388 388 386 367 367 334 334 333 332 364 364 329 331 329 329 329 367 328 328 328 355 356 357 325 325
419 417 417 445 445 473 471 470 481 481 481 478 466 466 466 471 469 473 473 472 462 460 433 458 458 433 430 405 430 430 405 403 403 390 390 390 388 388 388 387 392 391 385 389 389 392 391 387 364 361 359 361 356 356 360 366 368 328 348 347 346 354 353 348 350 372 337 337 338 335 369 367 334 334 334 334 332 360 345 335 363 359 357 328 355 355 327 354 340 340 340 354 325 339
421 418 407 407 418 445 471 471 471 470 481 479 478 478 478 473 474 474 473 473 468 470 460 458 458 433 431 405 405 393 430 403 403 391 390 390 388 393 388 387 392 390 389 394 385 387 386 386 387 364 361 356 356 356 355 358 363 366 365 365 364 343 345 351 350 349 345 387 368 367 368 367 334 334 334 359 343 335 344 361 333 347 344 360 328 328 327 327 355 355 341 354 354 338
421 446 418 407 418 445 443 443 443 471 482 468 479 474 478 473 464 463 463 473 468 466 470 465 470 433 456 431 406 393 405 403 391 391 391 390 393 393 388 388 387 385 389 394 389 392 391 386 387 362 362 358 358 381 357 353 355 361 365 360 357 361 342 318 343 350 347 387 367 382 368 366 367 334 367 334 358 344 360 361 362 346 347 340 342 328 329 367 329 330 327 325 354 356
422 420 408 408 407 418 445 443 443 443 471 468 479 479 479 478 476 465 463 475 473 468 471 470 470 434 432 432 432 407 407 405 404 404 391 391 393 393 388 388 388 385 387 389 394 393 391 391 387 363 363 360 358 359 356 356 355 358 358 357 357 362 341 317 351 351 346 348 386 367 368 385 368 334 334 333 334 364 364 364 365 349 350 350 346 329 330 331 331 331 327 355 356 356
422 420 408 408 408 420 418 418 417 417 443 441 469 479 479 479 465 438 465 475 475 468 471 460 460 435 433 432 432 432 432 430 405 405 391 391 390 388 388 390 402 387 385 394 389 389 391 391 390 390 362 360 358 356 356 355 351 354 354 352 352 360 341 344 348 350 348 386 386 368 368 334 334 334 334 361 350 370 366 351 366 350 365 351 349 346 327 327 327 327 327 326 331 326
423 421 421 448 448 420 445 445 445 473 445 481 481 481 479 479 477 465 465 475 471 473 471 461 435 435 433 394 394 432 432 430 405 393 391 391 390 395 388 402 402 387 387 385 385 389 386 383 386 390 385 360 358 356 358 355 352 352 350 349 356 356 317 316 348 350 386 368 368 384 336 334 334 334 334 345 340 351 351 344 357 353 367 351 365 365 362 344 329 329 359 359 344 342
452 421 421 410 421 448 446 445 418 445 445 443 469 469 469 468 439 439 413 476 465 463 473 461 461 435 433 408 408 432 432 405 405 393 393 391 395 395 393 388 388 387 387 385 385 385 386 386 383 390 389 387 386 386 358 356 355 354 351 349 355 359 316 351 351 350 340 346 386 385 337 334 361 334 334 338 363 364 346 365 369 354 344 350 350 350 343 342 346 360 347 348 346 359
452 422 421 421 421 448 446 419 446 445 445 443 443 469 443 441 439 413 413 439 438 436 436 436 436 435 408 433 433 408 408 393 393 393 393 393 390 390 390 390 388 387 387 385 385 385 383 383 386 385 389 387 386 384 381 380 355 351 352 355 357 359 340 313 351 341 338 347 348 348 386 336 336 334 361 345 345 345 345 346 348 350 368 343 350 353 368 350 342 370 333 366 361 360
425 422 411 411 411 421 419 419 419 419 419 443 443 470 443 443 440 415 402 402 402 399 399 412 412 412 409 396 396 396 396 394 393 393 393 393 391 391 390 390 389 387 387 386 387 400 384 383 383 382 382 383 386 385 385 380 353 351 349 352 351 360 357 357 356 337 334 334 309 339 347 367 336 336 361 363 337 345 337 340 343 343 369 353 365 364 333 363 349 354 335 336 367 361
426 412 412 411 422 422 421 446 446 446 446 471 443 471 470 470 415 402 405 405 402 400 400 412 412 399 410 409 409 396 396 394 394 394 393 393 404 404 391 390 390 387 391 391 387 400 398 384 384 383 382 379 381 378 378 357 354 353 352 348 351 355 359 357 356 355 352 353 352 308 338 348 369 336 334 334 359 337 338 347 349 343 352 344 365 333 331 334 347 342 377 338 333 362
426 424 424 422 422 422 421 447 421 419 419 418 444 444 443 443 441 403 403 402 402 403 402 400 399 412 410 410 410 409 396 394 394 394 407 406 429 427 404 390 390 387 387 391 387 400 398 397 384 383 382 379 381 381 380 379 354 352 348 348 351 351 354 353 353 356 352 351 351 338 349 347 369 384 369 336 332 359 344 340 353 351 370 349 347 349 346 329 347 346 365 369 349 348
426 424 424 424 424 422 411 409 413 421 421 406 406 418 444 418 403 415 406 403 415 400 403 400 400 412 435 435 435 410 409 394 432 407 407 394 404 427 451 427 403 401 388 387 386 400 384 384 383 386 386 386 386 381 380 384 376 353 348 354 355 354 350 353 351 336 308 306 347 347 369 367 336 334 334 370 332 360 332 361 348 340 352 342 361 362 360 340 341 354 355 355 349 341
454 452 414 414 424 412 424 414 414 413 413 411 419 418 418 418 416 403 416 403 406 402 413 400 400 438 399 397 410 410 410 407 432 455 430 454 429 429 451 451 450 401 401 388 400 400 386 387 387 386 386 386 381 385 380 379 353 351 351 347 349 347 350 351 356 354 351 332 347 347 384 335 360 360 360 364 361 361 345 362 344 343 344 343 340 347 346 341 367 347 354 368 349 342
455 452 452 424 424 424 411 411 411 411 421 408 419 408 407 410 407 405 405 416 404 402 413 413 413 438 399 399 410 435 410 408 408 456 432 407 406 406 429 451 450 425 401 389 388 388 385 387 387 386 386 387 382 381 381 380 354 350 351 354 354 353 352 357 354 340 306 306 337 348 369 337 336 363 349 353 349 349 347 334 349 347 342 353 347 342 351 351 351 349 359 350 343 343
455 425 425 425 425 424 422 422 422 422 448 446 446 419 410 408 405 405 405 441 416 402 402 402 413 463 436 411 410 399 398 397 396 396 396 395 394 393 406 428 404 389 389 389 388 386 385 389 391 386 390 383 382 357 356 356 354 349 349 347 352 351 352 352 354 307 348 348 348 348 369 336 362 366 351 350 352 343 349 363 350 347 348 349 342 353 368 354 347 356 372 364 343 355
429 427 425 425 425 425 423 449 422 422 448 446 446 419 412 410 406 417 405 416 441 414 402 402 413 463 436 461 436 399 399 403 397 396 402 396 394 394 406 429 392 390 389 388 388 386 385 389 392 361 361 359 357 356 355 380 377 352 349 347 346 347 350 351 351 306 337 337 336 348 383 362 366 353 349 348 352 353 347 363 364 348 348 348 343 345 376 372 376 363 373 365 351 343
429 416 427 415 415 415 423 449 449 422 422 420 446 409 412 412 406 417 417 405 443 440 414 414 414 438 411 411 436 399 400 403 405 402 407 401 396 394 393 406 392 389 394 394 388 388 389 389 387 361 361 359 356 356 356 356 354 351 349 352 349 350 351 356 350 353 303 348 348 348 369 336 339 366 348 343 343 344 349 334 334 347 348 343 343 345 354 356 359 349 354 351 352 350
