ecocropFuture/tif/c6/rcp585/ACCESS-CM2/prec_12.asc
ncols        683
nrows        518
xllcorner    -87.691666666667
yllcorner    10.708333333333
cellsize     0.008333333333
NODATA_value  nan
[rows 147 to 195 of 518, columns 288 to 383 of 683]
98 97 110 115 108 108 105 107 108 110 117 119 124 126 125 122 112 110 114 119 115 111 109 108 107 107 110 123 128 138 134 128 110 119 110 113 116 115 111 115 113 111 106 105 107 109 112 103 106 105 104 104 111 105 102 106 108 109 109 108 111 112 112 114 119 126 129 133 135 135 132 129 133 124 133 137 131 132 137 140 136 130 129 129 128 127 128 126 131 128 129 129 130 131 133 136
103 110 108 112 104 109 104 106 109 110 113 114 121 129 131 119 114 111 109 109 114 114 108 106 108 110 117 126 134 145 135 130 131 117 117 106 107 101 103 116 115 115 111 102 100 101 104 101 103 109 110 102 105 106 108 105 108 110 109 104 106 106 100 111 118 119 118 127 130 126 120 124 121 119 126 129 137 139 137 134 132 127 129 127 127 130 125 130 134 133 132 142 140 134 129 130
97 110 112 111 106 104 103 105 107 110 117 116 120 115 119 116 113 111 108 108 108 115 107 110 122 121 122 135 140 145 142 142 135 137 119 126 120 103 101 103 103 102 102 102 99 100 103 103 106 109 112 104 102 105 104 105 107 105 109 109 110 107 100 109 106 112 118 128 132 128 117 115 124 126 127 129 129 130 133 134 133 129 123 130 131 128 127 128 131 127 126 133 136 134 131 133
101 98 110 113 110 105 105 106 108 110 117 117 118 118 111 113 111 108 113 113 108 109 111 125 128 127 126 132 150 151 151 145 142 141 134 129 120 105 107 102 111 105 102 106 101 100 100 105 106 104 106 107 102 101 104 106 104 100 101 108 106 108 108 110 108 110 118 124 125 124 118 116 128 126 131 133 134 133 133 125 113 121 121 113 123 124 117 128 126 126 130 132 130 132 131 133
101 97 97 97 113 113 110 110 111 109 113 111 114 117 115 109 119 114 113 113 109 109 113 128 129 130 129 131 142 148 148 144 141 137 131 126 125 119 115 105 105 110 105 101 101 102 102 105 103 101 101 97 96 100 106 103 103 106 107 104 100 109 110 112 108 111 121 120 117 117 115 119 122 122 124 131 124 122 120 104 99 102 117 115 115 111 111 117 122 126 127 128 129 133 132 132
97 100 100 97 98 104 114 112 112 111 112 111 111 115 119 114 108 104 114 116 114 110 120 124 132 136 141 141 138 138 138 138 141 142 143 129 129 127 117 106 105 105 101 101 104 99 105 102 103 97 100 100 95 99 106 106 99 104 106 105 103 106 104 106 112 117 120 115 112 112 112 112 114 116 119 114 97 89 88 88 92 90 90 94 101 102 96 93 112 121 126 119 120 125 129 130
99 110 111 111 112 104 106 114 119 113 112 118 116 114 116 116 101 104 102 113 118 113 122 134 136 142 144 143 141 137 134 134 138 137 134 136 132 129 113 106 100 98 98 98 98 103 103 103 103 104 99 105 99 99 103 105 105 102 102 103 103 108 103 106 108 117 118 107 111 111 110 107 113 112 106 96 87 87 84 84 84 84 85 87 87 87 89 90 93 104 112 113 113 106 107 115
106 106 108 108 108 109 108 115 120 116 116 112 111 114 115 104 106 100 101 116 115 114 125 135 140 140 143 142 143 141 123 120 126 125 126 131 129 118 112 111 106 103 98 100 100 102 103 103 105 105 103 103 103 99 102 102 105 98 101 102 103 100 106 108 108 112 114 104 104 109 114 111 109 114 116 113 93 90 90 87 86 86 86 85 86 86 88 89 88 104 104 99 99 105 106 120
109 110 110 103 109 106 107 115 116 113 112 105 109 113 107 100 101 110 111 114 112 117 134 137 132 134 137 136 133 129 130 115 115 109 110 120 115 112 112 112 102 103 102 105 101 105 103 103 105 105 102 105 102 102 102 102 101 97 103 110 112 105 108 106 104 103 113 109 109 108 103 108 105 108 111 117 96 90 88 86 86 85 86 84 84 87 89 88 89 103 93 94 98 98 99 106
109 116 108 102 110 119 120 118 115 117 104 102 99 103 100 100 99 103 101 116 120 124 124 134 136 133 141 135 133 133 118 117 105 87 88 91 91 89 96 98 85 83 98 104 101 105 105 102 105 102 104 101 101 101 101 97 97 100 109 109 109 111 113 113 115 104 108 110 107 110 107 107 108 111 113 113 104 87 95 94 94 85 83 86 84 85 85 86 87 88 90 92 97 98 105 99
112 116 113 101 112 118 122 124 116 113 119 107 106 101 98 103 98 98 102 107 121 127 132 135 133 133 134 139 138 137 121 121 93 82 85 86 87 83 82 87 76 74 89 102 101 102 102 102 102 104 104 102 101 101 101 96 100 100 108 111 111 110 111 112 114 101 105 117 109 108 105 106 108 113 114 112 108 99 99 93 94 88 85 89 86 84 84 85 86 87 89 96 103 97 104 92
110 114 107 103 104 111 115 114 110 113 118 105 98 98 104 102 103 104 101 107 110 113 117 121 130 127 132 126 134 127 119 120 98 82 84 82 82 83 82 80 75 77 88 101 101 105 102 102 98 102 102 98 102 102 98 101 96 100 108 108 110 110 108 103 103 101 102 108 110 109 106 106 104 113 114 115 112 108 99 93 83 83 84 85 86 84 85 85 86 87 88 89 96 92 93 98
110 108 106 112 111 111 117 110 116 111 103 106 107 106 98 102 105 107 106 106 111 119 125 129 115 115 115 125 125 121 119 114 89 83 82 81 80 78 75 77 82 94 98 101 104 101 98 98 98 98 102 98 98 98 97 97 100 96 102 108 102 102 99 98 103 97 98 103 106 104 105 102 103 110 106 106 112 112 112 113 100 101 84 84 83 84 84 85 86 86 87 88 88 96 104 93
100 105 95 95 96 100 109 108 113 107 105 108 108 98 93 93 94 105 106 112 110 114 126 126 117 104 103 117 112 106 96 85 79 79 80 81 82 78 74 72 71 76 82 94 101 98 102 104 102 102 102 93 93 101 101 97 103 96 96 108 99 99 99 100 102 103 105 106 106 104 105 102 110 108 109 110 112 116 112 105 100 93 87 88 89 90 85 88 92 100 89 101 102 103 111 104
98 98 103 99 97 108 105 99 109 109 105 107 99 105 101 92 94 105 106 116 121 120 125 128 125 132 127 125 114 101 99 80 78 79 82 85 83 78 73 72 72 83 95 94 88 93 98 102 102 101 104 102 97 101 100 100 96 96 96 99 99 100 100 100 103 98 103 104 104 104 101 109 107 108 111 110 106 111 114 109 110 101 101 95 109 97 98 91 107 107 108 109 95 102 116 111
106 103 98 105 110 115 109 106 103 106 104 102 103 105 101 106 98 100 106 114 116 118 126 131 136 125 122 127 125 107 88 80 79 76 82 86 84 79 74 72 73 82 96 94 94 88 98 98 102 102 102 104 102 104 99 96 96 96 96 99 99 103 103 100 103 102 106 103 100 100 101 109 110 118 117 112 113 111 111 113 115 114 115 116 113 104 111 98 99 99 108 108 109 110 110 111
106 106 105 106 109 114 122 112 110 106 102 103 102 105 97 104 98 100 100 116 116 118 122 125 135 122 120 116 119 109 87 79 76 74 78 80 78 75 72 70 71 81 94 98 98 88 93 102 102 106 105 104 101 101 100 99 99 96 96 99 100 109 110 110 105 105 102 99 112 108 108 109 115 119 119 112 110 111 112 108 110 111 112 115 119 110 115 111 98 99 100 100 115 109 102 111
105 103 109 109 112 108 113 103 104 104 107 103 105 104 105 107 101 115 114 114 118 114 115 116 120 125 115 120 113 100 82 82 76 73 74 74 76 74 72 71 73 72 81 94 93 88 93 98 102 102 102 102 102 104 96 96 101 100 96 101 97 101 110 110 105 106 106 103 106 108 106 114 118 113 114 119 120 114 112 108 114 115 111 118 117 114 114 119 106 106 107 114 118 119 116 110
98 100 104 105 104 103 103 110 110 97 106 102 105 102 97 97 111 109 112 116 121 122 118 117 120 117 111 109 93 92 77 77 74 72 73 74 73 71 70 71 72 72 71 81 81 80 80 87 87 88 93 98 102 102 102 101 99 103 108 96 102 98 105 111 99 103 103 99 106 110 116 115 118 107 120 113 117 115 118 116 117 115 115 115 116 117 118 119 121 106 107 118 118 124 119 120
103 109 101 104 104 106 110 113 112 105 99 105 104 102 98 97 99 109 110 114 115 125 122 122 107 106 100 106 101 83 76 75 74 74 74 73 72 70 70 71 71 71 72 71 71 71 71 87 87 80 80 80 93 87 98 102 104 100 100 100 97 98 102 98 103 106 104 104 104 107 112 110 110 111 118 116 115 117 120 116 110 115 117 112 117 119 118 118 121 116 117 121 123 121 123 124
108 108 103 110 103 105 102 109 108 104 98 104 100 102 96 98 99 104 118 120 117 111 107 113 107 106 99 100 95 77 76 73 72 73 76 70 70 70 71 70 70 70 69 69 69 69 74 80 87 93 87 87 87 93 93 98 104 105 106 96 98 98 102 98 99 99 104 108 108 105 103 107 107 111 104 109 114 116 114 109 113 115 114 118 116 113 110 118 121 119 117 121 121 124 124 123
97 97 107 104 98 102 103 102 114 112 97 95 100 101 102 105 101 103 103 108 106 103 109 112 106 99 105 107 95 83 78 73 71 71 70 70 70 70 71 70 70 70 71 70 69 69 69 69 74 80 87 93 93 93 93 98 98 96 95 103 102 106 98 98 102 99 104 108 100 106 107 109 110 103 111 110 110 113 119 116 114 114 118 118 119 117 114 115 121 118 116 117 120 122 124 123
92 96 103 99 101 104 102 103 110 108 101 94 94 95 102 103 109 115 109 110 108 103 109 109 95 106 107 107 104 96 88 71 71 71 70 70 69 70 69 70 71 72 71 71 71 71 69 70 69 74 87 87 87 93 94 94 103 103 104 103 106 106 103 101 104 104 100 101 105 106 109 110 110 109 105 106 106 109 114 112 114 117 115 119 120 117 118 118 119 121 122 122 123 123 114 124
91 95 103 107 102 102 107 109 113 111 99 94 100 101 102 107 100 104 107 110 111 107 103 108 106 111 115 108 100 94 82 73 73 71 70 70 69 70 70 70 70 70 70 74 71 70 71 71 69 70 80 98 80 80 80 89 98 103 103 103 104 106 107 105 104 108 108 108 105 101 106 110 110 109 109 110 107 107 114 114 116 115 118 118 119 120 118 120 119 121 122 122 123 121 122 120
90 96 104 109 109 107 109 115 105 97 94 94 94 102 101 105 102 103 109 106 106 109 103 102 104 105 108 107 106 89 88 82 74 72 70 69 70 69 69 69 69 69 71 70 70 70 70 74 71 70 74 94 88 80 74 82 94 99 94 90 96 107 104 108 109 108 108 101 105 106 106 110 107 108 108 112 111 113 114 111 114 115 118 118 117 117 117 117 120 118 121 120 121 121 124 120
95 97 94 99 108 101 115 116 107 103 100 93 94 96 95 97 104 102 100 100 109 103 109 118 111 111 108 100 108 103 96 82 77 72 71 69 69 69 69 69 69 69 69 69 70 74 74 71 69 69 70 81 88 88 81 82 89 94 95 90 96 107 107 104 106 105 105 105 105 106 107 110 107 104 108 110 110 110 107 107 113 114 116 118 112 119 117 120 117 115 121 119 121 121 114 115
90 91 97 108 101 101 105 116 112 96 93 98 97 102 96 103 113 113 105 107 107 107 119 125 131 126 111 106 110 112 96 82 81 72 70 70 70 69 69 69 69 69 69 70 74 70 74 80 80 69 70 71 74 88 88 89 95 96 96 105 105 99 104 103 107 104 105 105 109 115 102 107 107 111 104 113 107 111 108 108 113 113 116 117 116 119 119 118 118 119 122 123 122 122 118 120
90 95 96 108 104 100 110 115 108 94 93 99 112 115 113 113 118 109 117 114 120 124 117 111 121 126 122 109 115 100 79 71 71 74 75 75 71 70 70 69 69 69 69 70 70 74 80 80 74 74 74 74 81 94 94 100 105 107 105 104 99 106 106 107 104 108 105 105 105 110 110 107 111 120 120 119 114 111 108 112 113 110 118 118 116 116 116 113 120 121 118 119 122 122 118 123
95 96 96 103 108 110 112 111 109 97 94 109 119 116 103 105 108 115 116 125 130 128 125 118 114 116 106 114 122 99 84 72 70 71 69 69 69 71 74 71 69 69 70 74 74 74 80 80 74 80 74 74 81 94 99 105 107 99 104 102 102 103 107 107 105 102 109 109 116 116 119 119 119 114 108 109 117 120 108 112 113 110 111 119 119 115 117 113 114 114 118 121 119 122 122 125
103 97 104 108 107 109 98 98 108 106 99 108 113 111 113 115 118 124 123 125 125 125 118 120 106 107 101 111 118 112 85 82 75 71 70 69 69 69 71 71 69 69 69 69 74 70 74 74 74 74 81 81 74 88 99 100 105 104 104 102 103 103 103 100 107 103 106 118 116 114 106 107 108 109 105 106 110 120 112 112 116 114 115 115 118 112 120 118 113 114 122 121 116 124 122 123
100 104 108 107 98 107 103 97 97 100 108 108 117 118 118 124 128 134 129 128 129 127 119 118 109 102 100 99 110 107 90 76 70 69 72 70 69 69 70 69 69 69 69 71 74 70 74 80 81 88 94 95 88 95 104 105 105 108 108 106 104 100 105 109 101 106 102 115 116 121 110 106 109 108 109 107 110 123 115 108 109 109 123 115 115 112 112 118 118 117 119 121 121 117 118 119
96 105 100 96 99 108 98 104 107 110 103 114 119 116 121 131 129 128 127 132 129 123 113 110 117 110 108 108 113 108 89 72 70 70 72 71 69 70 69 69 69 70 81 81 69 74 74 74 74 81 99 104 99 104 100 101 105 105 101 97 102 106 107 107 110 107 102 115 119 120 122 117 107 108 111 110 123 112 115 108 109 113 114 115 116 116 116 113 118 114 119 122 117 114 114 115
104 98 99 95 99 103 107 108 110 104 107 116 123 123 123 126 126 124 129 131 130 127 110 110 109 106 115 108 105 97 72 72 71 71 71 70 70 70 70 69 70 69 74 70 69 70 69 68 81 81 82 82 82 89 95 101 101 106 102 97 97 102 107 103 104 104 110 109 117 110 106 104 108 119 117 120 120 115 108 108 113 117 110 110 111 115 113 118 120 117 119 122 121 118 114 115
108 109 96 100 97 103 96 105 111 107 110 116 112 117 122 127 126 125 127 121 121 109 108 109 115 113 114 101 83 73 72 70 69 70 70 70 70 69 70 69 69 69 74 74 69 71 74 74 81 89 75 75 75 72 72 76 91 97 102 97 106 98 98 99 108 110 112 107 108 106 108 113 112 109 110 107 108 116 112 108 113 114 114 115 115 112 119 120 120 120 122 122 121 118 118 115
104 96 98 105 108 103 97 97 99 111 114 107 112 120 124 120 115 117 125 126 117 103 106 113 114 115 111 103 88 72 71 69 69 69 70 71 71 70 71 69 70 70 69 69 69 70 81 89 95 95 89 76 72 72 76 76 83 83 91 98 102 103 110 110 108 108 109 109 108 108 108 112 109 105 110 115 115 121 116 113 113 114 114 118 124 112 117 120 118 119 122 122 117 113 118 119
98 94 108 108 103 103 108 99 100 107 117 113 115 124 124 119 117 111 113 123 123 108 102 106 104 110 103 91 89 75 70 69 69 69 71 70 71 71 70 69 70 72 70 70 69 69 75 100 104 89 89 76 72 72 76 83 83 76 76 77 98 107 110 107 109 105 109 110 109 107 107 104 109 106 111 124 118 119 122 113 109 110 114 115 119 116 119 120 118 119 122 122 117 106 114 119
94 95 103 96 96 96 104 109 112 115 109 105 110 113 118 116 112 118 116 126 115 107 102 103 102 107 105 96 88 75 70 70 70 69 71 69 70 70 69 71 72 74 71 70 71 70 75 95 95 89 90 83 76 76 83 83 83 83 83 77 92 104 108 111 110 109 112 108 108 107 105 110 114 111 111 115 125 125 122 116 113 114 114 110 119 119 119 121 113 114 119 116 123 122 118 122
90 91 102 103 103 103 96 105 100 99 103 116 118 118 121 115 115 112 120 122 120 111 102 101 106 105 105 94 88 74 70 70 70 69 69 69 69 69 69 71 74 74 75 81 89 96 100 95 95 96 102 97 83 83 91 91 83 83 84 84 92 104 110 107 111 109 109 110 109 104 106 114 108 115 111 112 114 113 112 117 123 114 118 118 111 116 116 121 113 118 120 120 116 120 124 124
107 108 103 96 91 91 96 104 106 102 101 116 122 128 128 121 120 117 117 116 105 107 102 107 110 109 105 88 81 70 70 69 70 69 69 69 69 69 70 70 72 82 81 81 89 89 96 95 89 96 97 97 91 97 102 98 98 98 98 84 84 99 108 107 107 111 112 105 113 111 111 114 114 111 111 111 116 109 113 117 114 118 118 115 115 119 116 116 113 122 129 120 116 116 117 121
96 103 103 103 92 94 92 92 110 107 112 107 111 117 118 114 121 103 101 111 104 117 112 101 101 103 95 88 88 74 70 70 70 71 71 69 69 70 70 70 72 76 81 81 81 81 96 96 101 101 91 91 91 97 102 98 91 84 84 92 99 108 108 107 107 111 108 108 109 109 109 109 110 106 111 112 116 117 118 109 114 114 114 115 119 116 116 116 117 117 122 122 119 123 120 121
103 107 107 103 98 98 104 104 110 111 109 121 121 116 110 110 117 111 103 99 103 114 113 106 96 88 88 94 88 81 74 71 71 69 69 70 70 71 75 72 72 84 83 81 81 75 89 101 96 101 102 102 102 106 106 103 98 98 103 104 104 104 111 107 107 103 108 108 109 113 105 106 106 115 112 109 110 116 113 109 118 118 115 111 115 115 119 121 118 119 122 122 123 120 120 121
95 103 107 108 106 110 99 100 105 105 117 112 116 113 117 110 117 114 104 99 104 106 107 111 100 90 84 94 82 74 74 81 74 70 71 70 70 71 75 72 76 85 82 89 75 76 82 96 101 101 102 110 109 110 103 103 103 92 99 99 109 105 109 107 102 103 106 107 104 108 110 106 111 115 112 114 114 110 111 115 114 118 115 115 117 118 121 121 121 120 122 122 119 120 117 120
95 95 103 109 110 111 106 101 107 102 108 114 109 114 114 105 114 108 103 99 104 105 100 106 99 90 90 89 89 81 71 74 71 71 69 71 72 72 72 71 72 84 91 96 90 82 82 97 102 106 107 107 107 103 107 108 108 99 99 104 109 110 112 108 102 106 103 103 107 108 110 115 115 115 112 112 114 115 111 111 114 110 110 115 119 120 121 117 114 122 122 119 119 120 120 120
97 96 108 110 100 102 101 102 103 112 100 106 108 108 106 103 108 102 97 106 109 112 113 106 105 96 97 97 89 82 74 74 69 69 70 71 71 73 72 75 75 82 90 96 97 82 72 76 90 101 107 107 110 110 108 108 110 108 104 111 112 112 112 108 103 106 111 107 107 108 111 111 115 115 107 107 108 113 115 117 114 114 118 125 111 117 117 113 114 114 115 115 115 120 116 124
104 103 100 104 110 104 102 107 110 110 107 99 94 112 109 100 102 109 99 105 109 113 114 112 104 98 90 83 81 75 70 70 70 70 70 70 71 71 71 75 75 76 75 97 102 102 82 82 90 97 98 110 106 106 106 108 111 111 111 107 102 110 103 106 106 110 111 111 111 118 106 106 111 111 112 112 112 113 113 114 109 118 124 119 115 112 113 117 121 122 122 121 121 123 123 122
109 104 106 114 117 117 104 110 101 104 102 110 94 99 107 108 107 109 105 99 103 108 105 109 114 107 107 96 95 81 71 71 70 69 69 70 70 69 70 75 75 71 72 90 90 97 102 102 90 97 103 103 110 100 101 106 101 101 104 102 106 103 102 110 106 110 117 118 112 112 113 121 114 115 111 107 113 117 113 114 114 118 110 111 119 117 113 113 118 118 123 115 115 119 123 120
109 104 102 114 110 102 101 101 98 101 104 100 110 99 94 95 100 102 106 100 102 113 105 105 114 116 114 103 101 100 81 81 81 71 70 81 81 71 75 71 75 75 75 90 102 97 98 103 98 92 98 108 111 106 107 107 101 101 109 116 106 106 106 103 103 112 112 112 119 109 106 120 120 115 115 111 117 117 113 114 110 110 119 115 115 112 121 121 118 114 119 119 124 120 120 124
94 98 111 101 98 108 111 106 110 106 99 95 95 100 100 100 101 99 103 105 113 115 116 108 117 113 110 103 96 95 89 82 76 82 81 89 96 89 82 71 75 82 82 90 91 98 93 85 85 98 98 111 106 101 101 111 111 107 102 110 110 110 111 110 103 107 112 112 113 113 113 123 118 124 121 111 113 117 113 109 110 110 110 115 119 116 117 113 114 114 114 119 120 120 124 116
100 96 93 99 94 95 112 111 110 104 104 96 107 96 97 100 96 99 105 108 115 120 125 116 108 119 113 97 96 96 89 91 77 90 96 96 96 96 82 71 71 90 90 91 83 92 92 93 92 103 99 108 101 101 109 107 109 112 108 110 110 122 118 117 111 108 119 113 113 113 120 124 125 125 125 115 108 108 109 113 110 110 115 115 115 117 113 113 114 114 114 119 115 116 120 121
