ecocropFuture/tif/c6/rcp585/ACCESS-CM2/prec_2.asc
ncols        683
nrows        518
xllcorner    -87.691666666667
yllcorner    10.708333333333
cellsize     0.008333333333
NODATA_value  nan
[rows 165 to 219 of 518, columns 192 to 287 of 683]
19 21 20 20 21 19 21 23 23 21 22 21 20 23 24 28 27 26 25 26 25 31 27 27 23 27 25 24 24 23 25 25 24 25 25 33 33 38 36 42 44 46 47 45 48 51 52 50 52 51 50 52 49 49 47 48 50 50 49 37 38 37 36 36 37 35 32 34 36 35 34 33 33 33 37 37 47 51 53 54 61 64 64 61 59 55 50 42 41 40 40 41 41 42 42 46
20 20 22 23 22 19 26 21 20 19 20 20 22 23 26 28 28 28 26 26 25 23 23 24 23 24 23 23 24 23 25 25 24 25 25 28 33 35 31 44 45 51 56 53 50 55 62 58 58 55 56 56 55 52 50 43 44 41 38 37 36 34 33 36 38 35 33 33 34 34 33 32 33 36 38 44 48 48 51 55 60 62 63 56 55 49 51 42 42 41 41 41 42 42 51 49
21 22 24 24 23 22 20 18 19 19 19 22 25 26 25 33 39 39 37 36 28 27 26 23 24 25 26 23 24 23 24 24 24 24 25 29 39 40 43 48 49 54 59 62 57 56 59 58 61 60 61 58 57 55 52 47 45 45 42 37 35 36 36 36 36 32 32 33 33 34 33 32 33 36 37 36 37 47 48 51 57 55 56 55 53 54 52 43 42 42 41 41 42 45 49 51
20 21 23 24 23 22 21 19 17 18 19 22 24 27 27 34 40 44 41 41 39 31 31 27 28 25 24 23 22 21 23 23 24 25 25 28 36 39 40 45 52 57 64 64 60 58 61 62 65 62 60 59 56 52 51 49 46 40 35 34 35 34 35 34 34 34 33 32 33 34 32 32 32 33 36 36 36 38 48 48 50 52 53 54 55 57 56 44 45 43 40 39 40 45 49 45
21 21 22 24 24 21 19 18 18 17 19 23 27 29 30 42 37 52 50 49 42 39 35 31 30 27 23 21 21 22 23 23 22 25 26 34 37 38 41 46 54 58 61 67 64 64 65 67 68 66 61 59 56 54 50 45 41 39 34 33 34 34 34 34 36 35 34 32 32 33 32 33 33 33 34 36 37 38 39 45 49 51 50 51 54 53 45 43 45 43 40 40 41 41 49 42
20 20 23 23 24 20 18 17 18 18 19 23 28 31 30 41 44 46 44 45 37 41 44 35 31 30 23 23 21 21 21 21 22 24 27 28 38 35 41 47 52 59 62 67 67 66 70 71 70 70 65 63 58 52 46 39 39 39 34 33 34 35 35 37 36 33 33 33 32 32 31 33 33 34 35 36 37 38 38 45 50 50 49 50 53 52 47 42 41 39 37 40 40 41 41 41
20 21 21 20 19 18 17 16 15 18 19 25 28 26 29 33 38 41 36 42 38 48 52 47 33 31 23 21 21 23 23 23 22 23 26 29 33 33 35 45 51 58 67 70 71 68 70 74 73 71 68 65 57 49 46 41 40 36 37 37 42 46 45 41 37 36 35 32 31 32 32 35 36 35 38 38 38 38 42 48 50 50 54 50 52 41 41 40 39 39 40 41 41 40 40 40
21 22 21 18 18 17 16 17 17 20 22 28 26 24 26 27 28 30 33 32 38 47 48 35 34 31 26 22 21 22 21 21 22 24 26 28 30 40 44 47 54 62 66 70 71 71 72 74 74 71 66 62 58 52 50 45 41 42 43 43 47 52 52 45 40 35 34 34 32 31 31 32 34 34 38 39 39 47 42 48 49 50 53 51 50 49 41 41 39 41 42 45 43 40 39 39
21 19 19 18 17 16 18 17 16 24 27 28 30 28 22 25 23 26 23 23 26 32 34 33 30 26 23 22 20 19 21 22 21 23 23 28 30 34 51 55 59 63 65 71 72 73 73 75 75 72 69 65 64 58 50 49 51 48 47 51 51 53 51 46 38 37 35 34 34 31 32 32 33 36 40 43 42 39 43 45 46 46 52 50 50 55 50 41 41 47 46 45 40 40 40 40
19 19 17 19 19 19 17 17 16 32 30 25 28 25 21 22 20 22 20 23 24 31 29 25 26 23 20 19 19 19 19 22 23 22 25 26 27 42 50 54 53 59 63 69 71 73 73 74 72 71 69 63 60 54 52 51 53 52 52 55 54 53 49 46 40 38 35 34 33 33 33 33 33 37 39 39 48 48 45 43 52 50 51 51 50 51 51 51 46 47 43 39 38 37 37 40
19 16 17 17 18 17 20 16 16 26 24 22 25 22 21 21 21 20 20 22 25 30 29 23 19 18 19 19 19 19 19 21 23 24 25 26 25 35 43 46 52 55 60 68 72 73 71 70 68 65 65 56 57 56 55 52 52 50 52 56 56 51 43 40 39 37 33 32 33 35 36 36 37 38 41 47 50 50 49 51 46 50 50 52 53 50 49 51 47 42 39 37 37 36 37 39
18 18 16 16 17 17 21 21 18 20 27 20 23 20 22 22 23 21 20 21 22 27 28 24 21 18 18 20 18 19 19 21 23 24 27 28 25 33 41 44 49 58 64 68 69 72 71 66 60 54 54 53 57 57 59 58 54 49 50 52 55 45 41 37 35 33 31 31 33 43 42 38 42 42 50 51 50 51 52 55 56 50 51 54 52 51 43 43 50 43 40 36 36 40 39 40
19 19 20 19 19 17 19 22 19 16 28 18 19 19 20 20 20 20 19 21 21 22 22 22 21 18 22 21 21 21 22 22 24 23 26 28 27 25 39 45 53 62 68 65 65 64 62 62 53 40 39 46 51 55 55 54 53 47 39 37 41 40 40 37 34 31 30 34 35 39 47 49 51 51 53 52 51 55 56 57 59 58 57 45 45 51 44 38 39 42 40 36 39 42 43 41
24 25 23 23 25 26 21 20 17 16 28 28 21 22 26 23 19 19 18 19 20 21 20 20 20 20 20 21 21 21 21 23 23 25 25 28 32 36 41 45 51 56 59 48 41 39 41 41 40 38 37 36 43 54 52 52 48 37 34 35 39 37 37 35 34 31 32 35 35 46 49 51 55 53 54 52 54 55 55 53 58 61 56 45 39 43 42 38 39 43 40 39 41 43 44 43
38 48 47 39 36 23 18 18 18 17 24 28 28 25 17 18 18 19 19 19 19 18 20 19 19 20 20 21 21 22 21 23 23 28 26 24 27 35 33 39 34 38 37 37 32 33 32 36 36 38 36 35 38 39 38 38 39 36 34 32 34 36 35 37 35 32 34 35 46 50 59 59 59 57 58 57 54 56 56 58 59 57 54 46 40 37 35 38 38 39 43 40 41 39 41 43
41 36 33 24 19 21 20 20 15 15 16 20 28 21 17 19 18 18 19 17 19 18 20 20 20 22 20 20 21 22 22 23 23 24 24 24 25 31 29 31 28 30 34 32 30 31 30 33 37 39 36 35 35 38 36 37 35 36 32 31 37 34 33 35 33 33 38 42 53 59 60 59 58 56 57 59 58 58 60 59 61 60 55 54 48 39 37 38 38 38 39 38 38 39 40 40
31 22 19 17 16 16 15 20 20 24 24 24 24 28 21 18 18 17 17 17 17 18 18 20 20 19 21 21 22 24 23 23 23 23 23 23 25 25 25 26 27 28 32 29 28 31 32 32 35 34 34 33 33 33 33 35 33 34 32 31 33 33 31 31 30 35 36 39 51 59 64 62 61 62 62 61 63 59 62 60 62 61 56 53 49 46 42 42 39 38 38 38 38 38 39 40
29 23 16 16 16 16 15 15 15 20 20 24 21 25 21 18 17 17 17 17 19 18 18 18 20 20 21 19 22 25 25 27 30 29 24 24 24 25 26 26 26 29 31 28 28 29 30 33 37 39 33 33 33 30 32 33 30 32 32 32 31 32 31 30 31 32 33 44 47 53 62 66 63 64 63 62 64 62 66 62 62 61 55 52 52 50 49 46 46 42 38 38 37 38 39 40
22 17 14 14 16 15 17 15 15 20 25 21 21 18 18 18 18 18 19 17 17 19 17 18 20 21 22 23 23 24 25 23 30 27 24 24 24 24 26 28 26 27 28 26 26 27 29 32 34 36 35 33 33 31 31 32 31 28 32 31 32 31 30 30 32 31 34 40 49 53 63 66 67 67 68 66 66 66 68 65 62 60 58 56 54 51 48 46 46 46 46 39 37 35 37 38
15 14 15 16 17 18 18 19 18 16 25 21 18 18 18 18 17 16 16 17 17 17 19 21 24 22 23 23 28 28 23 25 23 23 24 25 24 24 25 26 26 26 26 28 28 27 28 32 32 33 34 32 33 30 29 32 31 31 30 31 30 29 30 35 37 34 35 47 51 52 56 59 61 63 67 69 70 70 68 67 67 67 66 65 62 55 46 42 42 42 42 39 37 35 38 38
14 15 20 16 18 20 22 21 22 19 17 16 16 16 18 16 16 16 18 17 19 19 20 25 25 22 21 28 31 28 25 25 23 23 25 36 28 25 24 25 25 25 26 27 28 27 29 31 32 30 32 35 30 29 29 31 30 30 31 28 30 31 32 35 36 40 34 39 48 51 52 53 54 56 63 68 71 73 75 75 75 73 74 75 66 55 47 39 38 39 39 37 39 37 35 38
15 14 20 20 21 19 23 23 22 18 17 17 16 18 18 18 17 17 16 18 26 26 19 22 28 31 29 31 26 26 25 26 24 23 25 26 25 25 24 24 25 25 25 26 28 30 31 30 29 30 29 29 30 30 30 29 28 28 28 28 30 30 35 36 37 41 40 48 49 52 55 56 58 63 68 69 71 71 72 76 76 75 73 64 57 54 50 38 37 37 36 37 37 38 38 38
15 17 16 16 19 21 22 23 22 17 16 17 18 18 18 19 19 18 18 19 23 26 27 31 35 34 28 24 27 26 25 24 25 24 25 26 26 25 25 26 27 25 25 26 28 28 29 29 29 29 28 30 31 30 28 29 29 30 28 31 29 34 35 40 41 49 50 53 51 58 61 61 63 69 70 73 74 72 70 69 68 62 58 57 46 45 43 40 39 37 34 34 34 37 37 38
17 19 20 20 22 24 23 22 27 23 26 18 18 19 17 17 19 19 19 20 18 23 23 31 34 35 28 25 25 26 25 27 28 24 25 25 25 24 25 30 28 27 26 24 25 25 28 27 27 28 28 27 28 29 28 30 31 28 29 32 31 34 35 49 50 51 52 55 57 61 65 68 68 68 69 73 73 71 69 61 60 52 43 42 41 39 38 38 38 37 36 34 36 35 34 35
18 19 24 25 24 32 27 24 27 24 23 17 18 18 18 20 19 18 19 19 19 26 27 33 35 37 28 26 25 24 25 25 24 26 25 24 25 25 26 32 30 27 25 25 26 25 24 25 26 26 27 27 27 30 29 29 32 30 31 31 33 35 38 49 51 51 53 55 59 63 65 66 69 69 71 70 70 67 67 59 56 48 43 43 40 38 39 39 37 37 37 37 34 34 34 34
22 25 24 26 26 28 28 26 23 25 24 23 17 19 19 19 19 19 18 18 23 23 30 33 35 36 22 27 23 31 24 24 24 24 24 24 24 25 30 34 32 27 26 27 25 25 25 25 26 26 26 28 28 30 27 29 30 32 33 36 37 42 49 54 54 55 53 59 62 63 64 68 69 66 65 58 57 60 59 58 55 42 42 40 39 39 39 37 37 36 35 35 35 34 34 35
26 28 25 23 25 26 26 26 24 26 28 23 18 20 21 19 19 18 23 23 24 27 27 28 29 29 25 28 31 31 32 28 25 24 25 25 24 26 28 32 30 28 30 32 28 25 25 28 29 27 28 30 27 28 30 30 30 32 34 37 45 49 52 57 56 57 60 60 62 62 62 62 63 63 59 53 55 60 60 58 55 46 42 41 40 40 39 38 38 34 38 36 35 34 34 36
29 33 29 22 26 29 32 28 27 26 24 18 20 22 21 19 24 34 24 31 30 29 30 31 33 34 37 33 38 38 36 33 33 31 27 27 27 25 26 26 29 27 31 29 27 27 26 28 27 28 29 29 28 28 30 30 29 32 35 38 41 51 54 55 60 63 68 65 67 64 63 61 61 61 64 61 61 63 60 61 54 42 45 46 45 43 39 38 37 34 34 36 36 35 35 39
26 29 27 25 26 32 35 35 32 29 25 25 20 21 20 28 30 32 31 28 28 30 31 32 34 35 30 32 41 46 45 39 31 26 24 23 24 25 25 26 26 27 29 29 27 25 24 25 26 28 30 29 29 30 30 30 31 32 35 42 48 49 58 64 64 65 67 66 65 62 59 59 59 58 63 65 64 60 59 62 60 56 46 41 37 34 36 37 38 34 35 35 34 34 35 38
33 34 40 29 37 37 35 35 37 34 35 36 33 30 26 26 30 30 32 30 30 30 35 34 36 36 29 32 33 36 43 32 37 30 27 27 25 27 27 25 26 28 32 30 26 28 26 25 26 27 29 28 29 33 33 33 36 34 46 42 43 50 54 58 61 61 64 66 60 59 53 53 55 57 61 62 59 58 61 64 62 52 42 40 40 34 34 33 35 35 34 37 36 37 39 39
32 29 39 34 38 44 40 43 44 43 34 36 34 34 29 25 29 31 30 30 30 31 37 38 40 34 27 25 30 40 45 35 33 32 27 30 31 32 29 26 26 31 34 31 28 28 27 25 25 26 27 28 29 35 32 32 44 48 52 49 44 51 55 57 59 59 63 68 59 61 57 57 56 60 61 60 59 61 62 65 63 58 51 39 41 37 36 35 33 34 36 37 36 37 39 45
35 34 38 40 40 46 45 47 49 43 38 37 34 31 29 29 26 31 30 31 30 27 31 37 44 39 35 33 38 44 36 36 29 31 35 40 40 35 32 30 27 31 32 32 32 27 26 26 26 26 26 28 29 33 32 32 41 50 53 56 52 55 55 58 60 63 63 66 63 60 59 61 54 57 58 54 55 64 65 66 62 57 59 45 40 36 36 35 33 33 33 36 38 40 42 46
39 43 44 48 47 43 44 46 42 37 36 32 34 30 30 30 30 26 22 30 26 23 23 28 39 41 36 41 44 55 50 45 38 38 42 45 41 42 43 35 27 31 34 33 32 30 27 27 25 27 26 30 30 31 36 40 46 48 55 60 55 58 60 58 59 58 60 63 60 53 51 59 61 65 64 57 54 59 60 58 53 58 56 49 40 40 37 37 36 36 35 37 39 41 43 42
36 41 44 41 38 42 48 49 33 29 31 35 32 26 18 18 17 22 17 18 19 19 19 28 34 32 36 46 50 52 53 47 47 46 52 53 45 42 37 32 29 33 36 33 35 31 30 30 29 29 28 29 30 36 44 45 48 52 59 60 58 61 65 65 60 60 61 63 59 52 55 60 59 61 61 52 46 57 46 51 50 55 52 44 46 44 39 41 42 38 37 38 38 39 41 47
42 43 45 48 52 55 53 54 47 36 34 30 21 17 17 21 21 18 18 18 23 27 28 30 36 36 31 46 50 45 41 35 44 41 54 55 51 54 52 46 50 50 58 60 47 33 32 30 30 31 29 37 42 47 49 49 51 56 61 55 57 59 62 67 65 61 58 60 58 51 56 49 44 44 45 44 40 41 43 47 49 48 43 39 40 40 38 39 38 41 42 42 43 47 49 46
44 44 46 51 54 52 57 54 48 39 36 32 32 26 17 18 18 18 22 22 33 34 33 36 44 42 37 31 37 34 36 31 37 45 52 52 48 47 50 56 58 68 73 70 65 56 42 31 32 32 38 44 45 47 52 52 53 56 58 55 59 58 60 64 64 65 59 56 58 46 42 42 40 42 46 44 41 39 42 44 47 49 47 42 41 39 39 40 37 38 38 39 43 47 46 39
54 50 47 46 52 53 53 51 48 42 39 35 33 30 22 18 18 18 22 30 33 35 30 35 53 46 39 32 34 39 40 37 36 46 48 40 42 52 50 52 58 63 73 73 67 61 53 47 35 38 39 47 50 49 51 55 57 56 54 56 60 64 64 65 66 67 66 62 63 51 41 41 38 40 41 42 38 36 41 40 45 47 49 45 41 39 39 47 46 46 45 45 42 43 47 38
44 54 54 51 52 54 44 39 38 39 37 35 35 30 26 17 18 19 23 27 34 36 43 51 51 50 44 42 45 42 41 39 36 40 41 41 55 54 55 55 64 68 73 75 70 67 54 47 43 43 51 53 54 55 53 55 54 57 61 58 62 65 69 72 69 69 71 66 65 58 44 38 34 38 39 39 39 36 40 39 39 46 48 40 40 43 47 51 54 54 55 48 42 41 39 39
34 50 60 60 62 62 55 47 37 38 35 34 35 33 26 26 22 27 31 35 38 38 43 48 51 46 49 45 54 51 49 46 44 35 31 41 51 53 58 60 65 71 76 76 74 69 61 54 54 57 61 65 65 66 66 62 61 64 66 65 63 68 72 76 76 75 76 70 63 62 47 42 35 33 37 36 39 36 38 38 39 41 43 38 38 38 47 52 56 59 63 54 42 38 46 43
48 45 52 58 60 61 61 54 50 40 38 37 38 36 30 26 23 31 35 38 38 45 51 50 52 51 51 37 44 48 44 45 43 42 36 43 45 46 48 51 63 71 73 77 74 70 63 60 60 63 67 72 72 72 70 68 70 71 68 68 66 69 74 76 77 72 72 68 63 62 52 40 36 35 33 37 38 37 35 35 38 43 43 38 35 37 44 53 47 50 46 42 43 46 48 46
51 52 52 55 56 54 54 52 50 49 47 48 46 34 31 27 28 33 33 38 50 53 52 58 55 56 52 51 45 45 50 50 47 44 35 31 42 48 50 58 62 67 72 76 76 73 68 64 65 69 72 75 77 79 76 72 71 72 69 67 66 69 74 75 74 73 72 65 62 50 47 41 38 32 33 36 35 34 35 38 38 43 43 42 39 39 48 49 48 44 41 38 39 42 49 49
46 47 47 45 44 43 37 45 45 41 43 45 45 40 35 33 38 45 51 52 55 59 58 54 57 59 62 61 52 55 56 54 53 57 49 42 43 50 56 58 61 65 72 77 78 74 73 69 72 74 77 80 82 81 79 76 72 70 70 71 66 68 70 70 68 66 68 62 59 54 48 41 40 38 32 33 35 33 35 37 40 46 46 44 40 37 38 40 42 43 38 37 40 50 50 54
53 44 36 37 44 38 32 37 37 31 32 44 44 39 36 44 52 58 61 62 66 63 57 50 55 56 58 63 54 59 57 52 55 59 59 49 47 54 59 61 61 64 72 74 75 77 76 78 81 84 82 83 85 83 80 76 74 72 73 74 73 68 68 64 67 63 62 59 52 47 45 44 42 39 37 31 31 31 34 37 40 40 43 42 39 37 38 39 40 41 39 38 38 43 53 58
59 52 42 38 38 29 30 30 38 35 35 35 42 30 38 43 56 61 58 64 64 63 57 54 52 57 59 62 60 57 60 57 60 56 56 53 52 55 61 68 65 63 67 71 75 81 86 84 90 89 85 84 81 80 81 79 75 70 72 72 72 65 67 62 60 60 59 58 50 53 44 43 42 38 37 37 33 31 36 39 41 39 36 35 34 37 41 40 40 38 37 39 39 43 56 61
63 57 53 36 27 27 29 28 36 40 31 43 38 40 46 54 55 54 49 53 53 54 50 50 51 57 56 64 70 67 68 68 66 61 60 54 54 59 60 66 71 65 66 72 76 83 89 92 90 88 82 80 77 76 78 76 73 65 69 66 63 56 57 58 54 53 48 51 56 51 44 41 41 39 36 36 32 30 33 37 34 34 35 34 34 34 40 42 42 39 40 47 52 56 61 52
59 59 57 49 41 40 45 44 40 36 33 43 46 49 58 68 64 50 38 34 34 34 44 35 36 41 46 52 63 65 67 69 66 65 66 63 59 65 62 64 72 69 68 72 76 80 82 83 84 82 81 80 77 68 64 62 62 61 65 66 59 55 50 52 53 51 46 38 44 54 51 46 48 52 37 35 34 32 31 32 33 33 34 32 34 36 35 42 43 44 53 55 58 60 46 46
67 64 62 60 56 56 50 47 42 44 36 30 45 51 56 56 56 39 33 34 34 35 32 34 32 35 35 37 42 49 60 63 69 69 68 62 60 68 67 64 65 66 68 72 76 78 80 79 82 82 83 81 78 70 63 60 58 54 56 55 53 54 54 50 37 41 45 46 41 54 57 49 51 47 45 35 30 30 30 32 30 31 33 33 32 34 35 40 41 51 52 52 47 47 42 43
70 70 69 67 65 63 58 49 44 34 30 30 32 31 31 33 35 35 34 31 35 35 31 35 32 32 32 33 34 41 40 42 57 61 64 68 67 60 62 65 63 63 66 70 73 72 70 73 82 84 84 82 78 76 64 53 49 54 59 45 50 54 53 46 50 50 51 53 53 61 61 53 51 46 41 36 35 31 32 32 32 31 33 32 36 34 38 39 39 45 40 38 37 40 42 37
58 65 68 69 67 67 60 37 36 31 31 28 27 27 27 28 28 30 30 30 30 30 31 32 30 31 34 33 34 36 42 42 51 57 62 68 68 63 56 61 60 58 60 66 67 70 69 71 75 83 83 82 71 67 59 53 52 56 62 62 62 58 57 54 53 51 51 52 56 59 62 57 51 50 44 37 35 35 33 34 32 30 30 34 36 37 38 37 36 37 39 35 35 38 38 36
32 44 44 61 65 62 59 38 32 30 28 28 28 28 29 28 28 28 30 30 31 29 29 31 32 33 35 35 34 35 38 41 41 52 58 62 69 69 61 61 62 63 62 62 63 65 65 66 69 76 75 75 68 60 48 53 48 52 60 65 63 58 58 56 54 56 48 54 53 54 56 56 52 50 43 36 34 33 30 30 36 32 32 33 35 37 38 38 36 36 39 33 33 36 36 36
26 29 32 34 50 45 51 39 33 31 31 29 30 30 31 30 28 29 30 33 35 31 31 33 34 35 36 36 34 36 38 41 40 45 46 47 63 70 67 69 62 62 61 60 52 54 55 46 47 47 48 46 47 49 44 46 43 52 59 63 65 60 56 56 56 57 58 59 51 52 52 54 51 44 43 34 30 29 29 29 31 33 34 34 34 35 38 37 35 37 37 34 35 33 33 36
22 25 29 30 31 34 34 34 33 33 31 30 32 30 30 30 30 31 30 30 30 32 33 34 35 35 38 38 36 41 37 38 42 41 46 53 60 64 70 72 62 59 60 56 47 41 43 45 47 41 41 39 40 43 40 43 45 44 52 60 62 62 58 39 53 58 62 56 48 54 62 56 51 45 42 37 36 32 32 30 29 34 35 35 42 35 35 36 32 31 32 32 36 35 33 36
21 25 25 25 24 28 30 29 30 27 29 29 30 28 29 29 30 28 30 31 31 33 35 35 36 36 36 38 38 37 36 37 40 42 47 48 59 60 64 55 60 56 57 41 42 41 41 37 39 40 39 38 37 41 38 45 51 44 44 47 49 58 62 58 59 64 57 54 54 54 55 61 53 52 54 51 50 35 34 34 34 35 39 46 46 46 39 36 35 36 33 32 32 31 35 39
19 22 19 20 19 18 25 23 23 23 25 26 28 28 27 28 27 28 27 28 29 33 40 41 42 42 37 40 36 38 39 42 41 42 42 43 49 44 45 45 55 53 44 41 40 35 36 39 43 39 37 36 41 40 41 35 38 43 48 49 52 54 57 64 62 63 55 53 59 62 70 70 66 60 57 54 46 45 39 38 38 38 42 46 47 42 46 42 35 35 33 30 34 33 37 37
24 25 22 19 22 21 17 23 22 21 22 25 26 28 28 27 27 27 29 29 30 33 37 38 39 39 39 39 34 36 38 43 38 42 43 43 43 44 45 45 45 50 45 39 41 36 33 35 38 35 33 35 37 39 41 40 35 33 39 45 52 58 63 66 63 54 52 55 60 63 76 76 76 72 66 61 54 52 52 48 42 42 46 48 49 44 42 46 48 45 36 29 31 33 34 38
