ecocropFuture/tif/c6/rcp585/ACCESS-CM2/prec_10.asc
ncols        683
nrows        518
xllcorner    -87.691666666667
yllcorner    10.708333333333
cellsize     0.008333333333
NODATA_value  nan
[rows 168 to 209 of 518, columns 376 to 469 of 683]
313 313 312 312 313 313 310 309 306 306 310 310 312 311 298 296 299 311 305 313 313 312 313 306 306 312 313 311 311 311 312 313 310 309 307 309 320 320 320 321 310 314 312 314 314 315 315 313 315 317 315 315 315 319 318 318 320 321 322 322 323 323 317 319 319 325 325 325 325 326 329 329 328 337 338 329 331 330 330 332 333 333 332 334 334 335 336 336 337 338 338 340 339 345
313 310 313 313 311 311 311 311 306 305 307 313 311 311 295 305 306 311 311 306 312 313 312 299 299 313 313 312 311 311 312 312 311 309 309 309 310 309 297 310 311 311 311 312 314 315 315 315 317 318 318 318 318 319 318 319 320 320 321 322 321 322 323 319 324 325 326 326 326 327 327 330 336 337 338 332 331 330 332 333 334 333 332 334 335 335 336 336 337 339 337 339 338 340
314 314 313 313 313 314 314 313 312 310 310 312 311 311 305 299 306 311 312 312 312 307 299 299 301 312 312 312 313 311 311 312 309 309 309 309 309 309 310 310 311 312 312 312 313 315 315 317 317 315 318 318 316 319 319 320 322 321 322 323 323 323 324 323 324 320 326 326 326 326 327 329 328 329 331 332 332 330 332 333 333 334 334 335 335 336 337 337 338 346 346 339 339 346
314 311 310 313 313 313 314 313 313 313 310 312 311 312 312 312 312 312 312 312 312 314 312 312 313 312 313 313 313 313 313 310 309 307 309 309 310 309 310 310 311 311 312 314 315 317 318 315 318 317 315 318 318 316 318 318 319 321 322 323 323 324 324 325 324 326 326 326 326 327 329 330 328 328 329 331 332 332 333 334 334 334 332 342 337 337 338 344 344 346 340 339 346 328
307 313 312 312 313 310 314 313 313 312 313 313 312 313 313 312 312 311 305 306 306 306 306 312 313 312 310 309 309 309 310 310 307 309 310 309 310 309 311 310 321 311 312 312 313 313 313 313 314 314 315 317 316 327 318 319 319 320 321 322 324 324 323 323 325 325 326 325 327 329 330 330 328 329 329 332 332 332 333 334 343 335 335 335 336 337 338 336 326 337 340 347 328 324
311 311 313 310 310 310 307 310 313 306 306 306 312 298 305 312 299 295 299 299 306 306 312 313 311 312 315 313 308 307 308 308 308 307 310 312 311 309 311 311 309 311 311 312 313 313 314 323 324 314 315 316 316 316 317 318 319 328 319 320 322 323 323 323 325 325 326 327 328 328 329 329 329 329 330 332 332 331 332 332 333 334 334 334 335 344 335 335 338 337 346 337 325 324
311 311 310 310 310 314 311 310 306 310 312 306 298 295 299 299 296 295 296 296 299 299 305 311 311 314 313 312 310 308 320 320 307 307 308 310 311 309 311 311 313 312 312 312 312 314 313 313 314 315 315 316 315 316 317 328 330 329 320 331 322 333 321 323 324 325 326 325 328 328 328 330 328 330 330 330 332 331 332 332 333 334 333 334 334 344 345 336 338 338 346 324 325 325
313 311 311 311 311 311 307 307 307 307 313 306 305 299 299 299 299 295 296 296 296 299 306 311 311 314 314 312 310 310 310 308 307 320 308 310 310 308 309 309 312 311 312 311 312 313 314 324 324 315 326 326 316 327 317 318 319 319 320 331 310 323 323 323 324 325 327 326 327 329 329 329 329 330 330 330 331 331 332 332 333 334 334 335 335 336 337 337 345 326 327 325 326 326
306 311 311 311 311 311 311 306 311 307 307 313 305 299 299 306 306 298 299 299 296 306 312 311 308 308 314 314 312 310 315 310 307 308 297 321 310 320 321 309 311 311 311 311 312 314 313 313 314 303 326 316 316 317 306 318 319 319 320 332 310 323 333 324 324 325 326 326 327 329 329 330 329 329 331 331 332 332 332 332 333 334 334 336 336 338 337 338 346 337 327 328 326 326
306 316 311 311 307 307 308 311 314 314 314 306 296 296 306 306 306 312 306 299 299 300 313 314 314 314 314 313 306 314 314 313 312 308 308 308 321 308 309 309 322 311 322 311 312 313 313 313 314 325 316 316 316 317 318 307 331 320 320 332 323 323 324 324 326 326 327 326 328 328 329 330 329 330 331 332 331 331 332 333 333 334 334 335 336 337 340 345 338 337 324 325 325 327
316 316 306 306 306 309 309 306 307 314 315 313 299 299 296 299 299 296 296 299 306 312 314 311 314 314 313 313 300 300 313 313 309 308 308 321 321 297 294 294 298 299 296 322 311 313 314 312 325 326 316 327 327 317 318 319 330 330 330 321 332 333 323 324 324 325 327 325 327 329 327 329 328 329 329 331 333 331 333 333 334 334 333 334 334 337 338 335 325 325 324 324 327 326
311 309 307 307 312 309 312 311 307 308 312 315 314 313 306 299 307 299 296 314 313 306 306 314 312 314 315 313 306 314 313 315 314 312 308 321 309 297 294 294 310 296 296 297 323 313 314 312 315 316 316 317 317 328 328 319 319 319 320 331 332 333 323 333 325 325 327 325 326 329 329 330 328 331 331 331 332 331 333 334 334 335 333 334 336 337 339 335 324 325 316 322 326 325
313 312 311 307 307 312 312 311 315 314 307 315 314 313 313 314 315 311 306 299 299 313 313 306 306 307 307 306 313 314 315 313 309 309 308 308 321 309 309 309 310 312 298 299 323 301 314 314 314 319 320 317 316 317 318 319 320 320 320 321 332 333 323 324 334 336 327 326 327 329 329 330 328 331 331 331 333 331 333 333 334 334 333 336 336 337 338 325 324 321 321 322 322 327
307 307 316 316 316 314 312 315 315 312 315 317 315 314 314 314 314 314 314 306 307 314 314 313 300 298 297 299 313 315 315 315 309 309 309 321 321 297 309 309 322 322 322 311 323 313 314 301 325 316 317 319 317 318 318 319 321 322 321 321 323 323 323 324 334 325 337 326 336 327 329 330 328 329 332 333 334 331 334 334 334 334 334 336 338 339 347 325 325 325 322 322 322 327
300 300 307 307 317 307 317 315 315 315 308 314 314 314 307 307 307 313 314 307 300 307 313 314 300 298 297 299 313 312 313 313 312 308 308 310 309 297 298 309 310 310 310 315 313 313 314 301 302 315 317 318 317 318 319 320 322 323 325 325 327 326 324 334 336 325 327 336 337 327 329 330 329 329 333 332 333 331 333 333 328 335 334 334 345 337 338 325 323 326 326 322 322 327
307 309 314 314 317 318 317 311 308 312 312 315 314 314 314 314 315 307 307 300 307 307 306 315 307 300 297 297 307 313 315 314 315 309 309 309 309 320 320 322 310 310 311 315 316 312 313 313 314 315 317 318 318 320 319 320 322 322 323 322 323 324 324 334 335 326 326 336 327 328 329 329 329 330 331 332 332 333 333 334 335 335 335 335 337 336 336 325 322 324 326 322 321 322
300 316 314 316 317 310 309 317 308 308 317 315 317 307 300 300 315 314 307 307 314 316 314 307 300 300 300 307 314 314 307 308 315 313 313 313 314 310 309 310 310 311 312 317 318 316 317 317 318 312 319 320 321 320 321 322 323 322 323 322 323 324 324 325 325 336 327 327 328 329 329 329 329 330 331 331 333 332 332 334 334 335 334 335 337 336 337 336 326 327 325 327 327 327
309 309 300 316 313 313 309 307 312 317 317 315 307 317 307 297 301 307 309 314 315 315 314 314 300 314 315 314 314 314 314 316 313 310 310 311 314 315 311 310 310 311 311 317 318 311 305 304 305 313 313 314 307 321 321 316 323 324 323 322 323 324 324 324 326 328 327 327 327 328 329 329 329 331 332 332 333 333 333 334 335 335 335 335 336 338 347 336 337 324 325 326 327 328
310 318 316 316 313 318 313 308 313 313 313 310 314 315 307 315 315 307 314 316 315 308 307 315 308 315 315 314 316 316 316 316 315 316 316 316 314 310 310 322 311 311 311 313 316 319 318 311 312 319 321 320 322 322 323 324 324 324 324 326 325 326 326 325 325 326 328 328 329 330 329 330 331 330 331 332 334 332 334 334 334 335 335 336 337 336 337 337 327 324 327 322 327 325
313 313 316 318 313 310 313 317 315 318 318 318 315 315 308 315 315 316 316 315 315 315 315 315 315 315 314 316 315 316 316 314 313 316 316 315 317 314 314 323 323 312 311 312 317 317 318 319 320 319 318 319 319 319 322 323 323 323 324 325 324 324 326 326 326 326 327 327 327 329 331 331 332 333 332 332 328 327 335 335 335 335 336 345 346 347 347 347 338 327 328 329 325 329
319 319 318 318 317 309 309 318 315 315 317 308 300 308 315 315 308 316 316 317 301 316 313 317 317 314 314 313 316 316 311 310 309 311 315 311 312 311 310 312 311 312 312 312 314 315 315 317 320 321 320 319 317 318 319 323 323 323 324 321 323 324 323 324 326 326 330 326 327 329 330 332 332 333 332 333 322 332 335 335 335 336 335 335 345 346 346 346 347 338 348 341 338 328
309 310 319 319 319 314 311 313 318 318 318 319 315 318 316 308 316 315 315 315 316 316 313 314 316 314 315 317 317 317 315 310 311 311 317 315 312 314 312 311 312 312 313 313 313 314 314 314 316 317 319 317 317 318 319 323 324 323 324 323 324 324 323 326 328 329 329 329 329 329 330 333 332 332 333 334 334 332 335 335 336 336 335 345 337 339 340 338 347 338 339 339 339 340
302 298 309 309 317 319 314 313 314 311 314 314 313 316 318 316 309 308 316 308 309 317 317 317 317 315 318 314 316 317 315 315 313 317 316 309 318 317 314 311 312 314 312 313 326 326 315 315 326 328 329 330 330 319 331 321 322 321 323 323 335 325 324 324 327 327 330 329 330 332 332 333 332 334 333 335 334 335 333 335 335 336 335 337 337 337 339 338 339 338 339 339 349 350
315 310 302 309 309 319 319 313 319 319 314 311 318 318 309 301 316 316 316 316 319 316 316 317 318 315 318 308 316 309 309 318 309 309 309 317 318 318 316 313 312 313 312 313 314 327 316 315 316 305 319 330 306 319 321 321 322 321 323 324 335 314 324 336 327 328 330 330 331 331 331 334 333 333 334 335 336 333 336 335 336 337 335 337 336 339 340 347 348 348 341 349 339 350
315 320 317 310 318 319 314 314 311 314 314 311 314 314 319 318 318 316 319 319 315 315 317 314 312 318 318 318 316 317 317 318 316 309 317 319 319 316 312 312 313 313 313 326 314 315 316 315 328 305 306 330 330 319 309 309 310 310 323 311 312 314 326 326 328 328 329 331 330 331 333 326 333 333 335 334 334 335 335 336 337 347 345 346 347 340 341 339 340 340 339 350 349 350
320 310 310 310 318 318 320 311 311 311 315 315 314 314 315 315 315 319 319 312 315 315 318 315 311 313 316 318 317 310 310 317 318 319 316 317 313 313 312 324 313 314 324 314 314 326 328 327 317 318 318 319 319 320 306 310 308 310 311 312 313 314 325 336 327 328 331 330 328 329 330 331 332 332 334 335 334 334 334 336 335 337 336 336 347 339 349 347 337 338 329 340 349 349
316 320 318 318 318 319 320 314 311 311 315 318 318 319 320 320 320 317 319 315 315 316 318 311 311 313 311 312 319 319 316 317 316 316 317 314 313 312 312 313 302 314 314 326 315 316 329 316 317 306 307 308 319 320 309 322 311 333 323 312 335 327 325 326 327 330 332 330 329 330 331 332 332 334 333 335 337 335 336 337 336 337 337 337 348 349 349 337 328 328 329 340 341 341
316 316 314 320 318 319 319 320 320 320 312 318 309 309 318 320 320 309 320 320 316 316 315 311 310 311 311 312 316 316 317 317 316 313 317 313 313 312 324 314 302 301 314 315 304 305 317 302 302 307 307 308 308 306 310 322 324 334 335 313 337 327 325 327 327 331 325 330 329 332 335 335 334 333 335 337 335 329 335 336 337 338 337 338 338 339 339 348 325 340 340 341 349 342
317 310 311 320 319 321 321 318 320 320 315 321 309 309 311 321 321 320 320 319 313 316 316 310 311 311 311 311 313 311 312 315 313 314 318 314 314 313 313 326 315 304 315 316 328 329 306 306 304 307 308 309 308 309 307 324 335 323 324 325 337 327 326 326 328 331 333 325 331 332 335 336 334 335 334 337 338 335 335 337 338 339 337 339 340 339 328 338 338 329 341 352 350 342
317 312 316 319 319 321 321 320 317 321 321 317 320 316 321 319 321 316 319 321 321 317 313 311 311 323 313 311 311 313 312 315 314 314 316 316 314 314 302 303 315 316 316 328 329 329 330 318 319 319 320 309 309 310 308 312 313 324 313 337 327 328 327 327 328 332 326 331 332 334 334 335 334 335 337 338 339 337 338 337 337 338 339 338 328 328 326 329 340 330 330 331 340 351
323 317 316 322 322 322 320 319 321 321 322 322 321 321 321 321 322 316 316 311 313 313 311 311 311 312 314 312 312 314 314 316 314 313 314 314 314 314 315 303 304 328 327 305 317 306 303 307 307 331 331 332 332 333 333 323 313 309 325 327 326 331 329 330 332 333 333 332 334 334 334 334 332 334 336 336 337 335 337 337 337 338 337 326 338 338 326 325 329 326 327 328 330 327
313 312 312 312 312 317 311 310 313 317 322 321 320 320 320 320 314 311 311 314 314 313 314 311 324 324 314 312 313 313 318 314 313 314 322 320 315 326 326 328 316 305 305 302 307 308 308 307 308 308 332 322 322 323 323 324 337 325 328 329 329 328 330 332 332 333 335 334 333 332 343 334 344 335 334 335 336 345 346 347 339 349 326 324 328 328 329 329 329 325 330 331 327 331
313 313 317 317 313 311 311 312 313 317 322 322 320 322 322 323 315 311 311 314 314 314 312 312 314 314 314 312 313 313 314 314 315 319 322 320 316 315 304 304 305 305 306 307 303 305 310 308 305 321 321 322 323 324 325 324 325 326 331 329 331 331 330 329 332 332 333 333 333 332 343 344 344 335 335 335 337 335 324 326 338 327 338 324 328 324 331 324 317 325 331 331 327 329
313 318 323 317 313 313 313 312 311 318 322 321 320 323 319 319 319 313 315 313 314 314 324 314 314 316 316 314 313 314 316 316 319 323 323 323 316 315 301 306 303 304 307 307 305 305 309 309 310 307 334 323 324 324 325 325 326 326 329 331 331 332 332 330 335 336 336 332 334 333 333 335 334 334 336 336 337 335 326 326 327 328 327 338 326 331 332 317 318 326 331 329 327 329
313 318 313 313 313 312 313 322 311 312 312 319 322 323 323 323 319 315 318 315 315 315 312 314 316 316 319 319 316 317 317 320 316 320 318 316 328 304 301 308 307 308 309 309 310 309 310 311 310 311 310 335 323 323 325 337 326 337 326 328 329 334 333 329 332 336 335 334 332 333 344 345 345 345 336 337 338 335 326 327 327 328 327 325 329 325 319 325 318 326 331 332 331 331
311 312 311 311 313 312 314 313 313 314 312 314 317 312 319 319 320 315 318 315 315 316 315 319 316 316 317 323 323 323 320 318 315 315 316 328 303 301 308 303 309 308 309 299 310 310 307 305 311 312 312 308 310 324 336 325 314 311 314 338 328 330 330 329 330 332 332 331 333 333 321 335 322 323 335 324 325 322 323 323 327 325 328 329 330 324 318 311 317 326 332 342 351 351
314 314 313 313 312 314 314 314 324 324 319 315 314 319 319 315 315 318 315 324 316 314 313 319 320 324 317 317 320 317 321 317 316 316 316 329 317 302 308 309 308 309 308 304 305 310 311 311 311 312 314 310 312 312 313 314 337 337 314 328 340 340 340 330 331 320 332 331 333 323 324 326 320 320 325 327 327 326 328 315 323 324 316 316 317 326 312 301 293 312 333 333 341 342
312 312 323 313 312 314 313 313 319 324 319 315 313 315 315 320 324 319 315 315 315 316 313 315 320 317 317 315 315 327 303 317 316 316 304 303 306 317 318 319 331 309 309 308 320 321 322 321 322 311 312 335 324 313 314 312 317 312 312 317 329 330 330 330 316 323 319 317 318 323 324 320 324 327 327 322 327 327 322 315 324 324 323 317 311 302 312 317 312 332 332 353 344 344
312 312 313 313 314 313 324 324 324 324 315 313 324 324 315 314 321 319 319 316 315 316 315 315 317 318 317 315 315 317 304 304 304 304 305 305 306 306 306 319 332 320 320 331 321 322 322 322 322 334 335 324 312 313 314 312 317 312 319 320 314 316 315 321 316 317 319 323 323 319 320 321 321 327 321 329 329 327 328 329 329 326 330 324 311 312 319 326 326 333 345 343 342 342
319 314 313 324 314 313 325 314 315 325 325 313 299 313 301 327 315 316 321 321 317 316 317 320 318 321 317 327 317 317 304 329 301 305 317 306 306 303 305 319 332 332 320 321 321 334 325 323 323 324 324 325 335 325 326 327 314 317 319 314 320 317 316 322 322 323 320 323 325 325 324 325 321 327 329 329 330 328 328 330 330 326 329 324 326 319 314 326 326 334 329 346 343 342
320 316 312 315 315 316 316 313 315 315 315 300 300 314 301 327 319 317 321 326 322 316 316 316 318 323 318 328 318 318 318 319 317 302 318 303 305 303 307 308 320 321 320 321 322 322 324 324 325 325 324 325 336 326 327 338 313 313 314 320 315 316 316 321 323 323 319 319 323 324 321 324 320 322 323 324 328 322 323 323 331 331 330 325 325 318 313 311 319 333 333 332 343 344
316 315 313 313 315 317 326 315 315 315 317 314 300 314 301 315 317 317 317 323 330 323 316 317 318 318 318 316 318 319 319 319 329 330 318 303 309 304 307 320 333 322 321 322 322 324 325 327 325 326 326 327 326 326 327 339 329 313 314 315 331 320 316 317 320 321 323 319 320 321 325 322 322 323 325 326 328 322 316 330 331 325 316 311 312 312 327 325 326 333 334 330 331 353
