ecocropFuture/tif/c6/rcp585/ACCESS-CM2/prec_5.asc
ncols        683
nrows        518
xllcorner    -87.691666666667
yllcorner    10.708333333333
cellsize     0.008333333333
NODATA_value  nan
[rows 378 to 419 of 518, columns 282 to 375 of 683]
119 118 119 123 120 119 119 121 115 116 120 117 114 117 119 116 113 117 117 114 117 117 114 116 120 116 116 115 111 115 115 111 114 114 114 113 111 113 112 112 113 113 113 109 113 113 111 111 111 114 111 113 113 114 113 113 112 113 113 112 121 112 112 112 128 138 139 140 140 154 154 142 131 132 143 144 133 134 145 146 146 147 155 156 149 138 129 138 139 140 131 154 143 155
131 117 124 124 120 119 119 122 117 117 121 117 117 117 120 117 116 118 118 118 117 115 115 114 117 116 114 114 115 115 115 113 113 115 115 115 113 112 113 114 113 112 113 113 113 113 112 111 111 112 119 119 112 113 113 112 113 113 113 113 111 121 112 112 129 148 165 165 166 153 154 146 149 150 151 144 133 145 145 154 146 135 136 137 138 138 138 129 139 152 153 154 162 163
136 148 127 124 117 124 123 119 122 122 122 121 121 121 120 120 115 115 115 118 118 115 116 116 115 117 116 114 116 116 116 113 114 115 115 115 115 115 115 115 113 112 112 113 113 113 113 111 110 110 110 111 110 113 113 112 112 113 113 113 111 121 121 122 146 165 152 164 153 149 145 141 150 150 143 144 152 153 153 146 146 135 148 149 150 138 138 129 151 160 160 154 155 163
151 131 149 122 117 127 126 121 121 119 116 116 118 118 121 116 116 114 119 118 119 114 116 116 116 117 117 116 116 113 114 113 114 115 115 111 115 115 114 113 112 111 112 112 112 112 111 111 111 112 112 112 110 119 111 112 113 113 114 114 120 145 141 137 142 163 163 164 143 141 141 141 146 150 144 151 144 148 146 146 146 147 155 156 137 138 138 151 159 153 157 154 158 169
152 132 137 156 131 117 117 117 117 116 119 116 119 119 117 117 120 119 117 117 119 115 119 116 119 118 117 117 114 115 118 126 126 119 115 114 112 112 113 113 115 111 110 110 113 112 111 111 111 112 110 119 119 141 119 112 112 113 110 120 127 145 141 163 164 152 163 166 143 144 154 154 146 146 151 152 152 145 154 147 135 135 136 149 137 129 139 151 152 156 153 154 157 158
143 147 132 155 141 123 121 121 117 117 120 120 120 119 122 118 117 117 117 120 120 120 119 119 118 116 115 115 113 113 118 119 118 116 113 114 114 114 111 111 111 111 111 111 114 114 112 112 112 112 111 119 119 134 125 110 113 110 110 127 137 145 141 150 164 154 154 165 144 140 144 145 145 142 151 152 152 148 145 155 147 147 136 137 138 139 151 159 151 152 153 154 155 158
143 153 133 138 151 133 122 125 118 117 124 123 121 120 119 122 118 117 117 117 120 120 120 117 116 116 116 113 113 113 114 120 119 117 115 116 114 114 112 110 111 114 115 109 111 111 112 112 112 111 111 112 112 119 125 126 113 110 120 120 121 127 149 150 164 164 155 165 144 140 144 145 145 142 151 152 152 144 145 146 147 155 148 149 150 151 151 150 155 156 153 154 163 156
144 148 133 138 158 139 127 124 123 122 121 120 124 121 123 118 118 118 118 121 120 120 120 120 117 116 116 116 114 114 114 121 121 116 113 117 117 114 116 116 115 114 114 115 111 115 114 112 112 111 111 109 109 119 120 120 113 112 114 114 110 122 137 163 164 165 165 165 153 144 144 140 151 151 151 145 152 153 154 155 147 155 155 149 138 139 140 141 151 152 153 154 155 163
148 148 133 133 138 156 139 139 139 137 125 118 121 121 123 119 119 118 118 118 121 116 116 116 120 119 116 116 114 114 115 121 117 116 115 115 117 115 115 114 114 115 114 114 114 114 113 112 113 112 112 112 109 109 109 109 109 112 114 114 110 110 147 150 163 163 165 166 167 154 141 141 152 145 133 145 143 146 136 147 148 148 155 150 129 130 151 141 153 152 156 166 167 157
148 148 148 148 134 139 156 151 157 150 146 124 118 121 118 120 120 120 122 121 121 121 121 116 120 116 119 119 119 119 116 118 117 116 116 117 115 117 117 116 113 112 115 114 114 114 113 114 114 112 111 111 112 120 109 113 109 113 110 111 121 128 137 163 150 165 165 166 154 169 169 141 142 142 151 152 146 147 154 154 148 149 149 138 115 116 130 130 141 152 155 156 156 155
142 142 142 148 148 155 157 159 151 151 158 150 146 118 121 121 120 120 122 122 122 121 121 118 120 118 120 117 117 119 119 117 120 118 118 118 116 117 117 115 115 115 116 116 113 113 113 114 114 114 113 112 113 113 112 113 113 113 128 138 139 146 146 138 138 150 151 143 144 156 155 152 152 152 153 147 143 147 147 136 137 137 137 138 116 124 115 115 131 153 161 162 162 157
146 142 142 150 145 149 152 139 161 161 161 157 141 133 118 118 121 118 123 120 119 122 118 121 118 117 118 118 117 115 115 117 119 117 116 114 116 114 118 114 115 115 117 115 115 113 113 113 113 113 114 112 112 113 113 112 114 111 120 138 145 140 140 147 147 142 151 152 154 154 154 145 152 146 153 148 148 147 136 136 128 127 137 137 128 115 114 115 130 141 142 161 162 164
146 151 161 150 150 149 140 140 140 157 140 159 157 140 134 130 130 122 121 120 123 123 118 122 121 117 116 118 118 118 118 115 117 115 116 116 116 118 118 114 116 116 117 115 115 114 113 113 114 114 114 113 113 114 113 113 113 121 121 128 145 137 137 140 148 149 142 143 152 168 168 144 142 146 153 148 154 149 137 149 149 136 149 149 138 114 114 123 130 141 131 142 157 157
151 151 161 161 151 146 153 153 153 136 137 157 156 158 158 150 141 134 119 124 121 123 119 119 122 118 116 119 118 118 116 118 118 117 117 118 124 117 118 118 118 116 116 116 114 114 114 114 114 114 114 113 113 115 113 113 115 121 122 121 121 128 140 130 130 131 148 148 143 168 169 154 142 152 153 143 144 149 137 137 137 136 127 137 127 114 114 114 129 141 131 141 161 162
167 162 166 166 161 144 146 149 149 153 153 141 161 152 161 160 160 150 130 122 124 123 123 123 120 119 117 122 121 119 118 118 116 118 118 116 117 117 120 117 117 115 115 114 116 115 114 114 114 114 114 113 114 116 122 121 128 122 122 111 115 115 129 130 130 131 142 148 139 168 168 144 142 145 145 134 146 147 148 149 155 155 137 137 113 128 114 114 129 141 153 154 153 162
167 163 162 152 162 152 144 147 149 158 157 157 154 141 161 157 156 153 140 122 124 121 119 121 121 121 119 119 118 122 121 119 116 118 116 118 118 116 118 116 118 115 115 115 113 113 113 115 115 115 116 113 122 124 129 128 128 122 113 112 111 110 130 130 142 148 149 139 143 144 169 145 142 146 126 125 125 135 136 136 149 149 149 156 150 150 138 139 153 159 152 152 153 154
162 166 167 167 152 152 148 148 149 149 149 149 158 138 141 162 156 156 143 124 123 121 121 121 121 121 120 123 122 119 118 122 119 117 116 116 116 116 118 116 118 117 115 117 115 115 116 112 122 122 115 115 115 123 129 130 122 117 117 113 117 115 115 122 130 142 130 139 139 143 144 145 141 152 134 134 134 126 111 126 127 127 128 138 150 157 151 152 150 154 155 152 155 162
162 168 168 166 166 167 145 145 145 148 150 149 150 159 159 156 158 158 162 151 124 120 120 120 124 121 124 123 123 120 122 122 119 121 121 119 116 116 116 117 115 117 116 116 115 117 115 116 116 115 115 115 115 114 122 129 128 122 111 117 116 115 115 115 109 122 122 142 149 140 144 145 151 146 146 146 153 135 126 126 111 127 112 112 138 150 151 152 158 151 164 154 162 156
158 163 162 162 162 166 163 146 148 150 150 150 150 149 150 159 155 139 159 163 151 149 122 122 122 120 122 121 121 118 118 118 120 122 122 119 118 117 117 118 115 117 118 118 117 117 117 117 117 117 117 115 114 115 111 111 111 130 122 116 115 115 109 109 109 109 123 132 143 143 144 145 151 146 146 146 134 125 111 136 127 137 127 111 128 157 148 149 150 151 152 154 161 162
160 159 158 158 162 162 166 146 146 150 150 148 150 150 150 150 159 159 156 159 157 161 149 131 131 122 120 122 119 118 120 118 120 122 120 120 117 117 119 119 118 118 118 118 119 119 118 117 117 117 117 116 114 114 115 111 122 122 111 110 115 115 109 109 109 109 109 110 132 132 132 132 151 142 146 146 146 125 111 126 136 149 149 127 127 157 148 152 150 151 154 152 161 162
161 160 160 159 159 163 167 153 147 146 149 148 148 150 150 150 159 157 157 142 160 164 144 123 123 123 120 122 122 119 119 120 120 121 120 118 119 117 119 121 118 118 117 120 120 120 118 118 119 119 118 116 116 116 116 116 115 115 115 115 115 115 110 116 116 116 109 109 143 150 144 132 145 151 152 147 146 134 135 135 155 150 150 138 111 151 151 149 150 150 151 154 153 154
161 169 169 163 163 163 167 165 164 164 153 149 149 146 151 148 151 157 157 160 158 141 164 144 137 123 120 122 123 122 119 121 119 123 121 120 120 120 119 120 118 117 118 119 119 118 118 118 119 116 116 118 116 117 116 116 116 116 115 115 115 116 116 117 116 110 109 109 131 150 151 150 146 146 146 152 153 154 154 148 148 155 156 156 151 148 150 160 161 162 163 164 153 154
170 179 169 160 159 159 163 167 168 167 167 163 154 146 149 151 152 161 142 158 161 143 165 158 162 144 122 120 123 122 120 119 119 121 121 119 120 119 119 118 118 118 118 117 117 117 119 119 119 118 117 118 132 117 112 111 116 111 115 115 116 116 117 117 119 118 117 123 123 123 123 132 145 142 142 143 143 153 135 126 126 155 146 147 150 177 159 151 179 178 153 154 153 156
170 179 170 162 161 164 164 167 167 167 168 164 164 163 154 147 147 152 142 142 159 142 144 144 166 166 162 136 123 122 120 120 120 119 121 121 121 119 121 121 120 120 120 121 121 121 119 119 119 119 119 117 117 117 116 111 116 116 115 115 110 110 111 123 111 118 110 109 110 118 118 117 109 124 134 134 153 153 154 125 136 149 146 149 176 159 159 149 149 159 151 160 152 155
170 180 170 162 160 160 160 160 167 166 166 165 164 164 147 147 150 150 152 152 162 162 160 160 145 161 159 145 132 131 131 120 122 120 129 119 121 121 121 120 121 122 120 120 120 120 120 120 119 119 119 118 117 118 117 117 117 116 115 115 110 111 117 110 111 110 126 124 118 118 118 118 118 118 109 134 147 147 135 148 155 155 148 175 176 159 177 159 149 153 154 160 152 153
181 171 171 162 161 161 161 164 169 170 170 165 168 168 155 155 151 152 153 162 162 143 144 163 160 145 166 164 152 132 122 122 122 122 131 120 120 121 120 121 121 124 123 121 119 118 118 118 119 118 118 118 118 118 117 118 119 124 123 123 110 116 116 117 117 119 134 132 118 118 119 118 118 118 119 109 135 136 136 148 146 149 155 147 147 150 151 151 150 140 141 160 161 153
189 189 180 180 163 163 161 165 165 165 169 166 169 169 165 165 149 153 163 163 163 163 144 144 145 145 162 164 152 122 122 122 122 125 121 131 120 123 120 122 121 122 121 123 121 119 119 120 118 118 118 118 118 118 118 118 113 131 142 130 110 116 116 117 117 117 109 109 119 119 119 119 118 109 119 119 126 136 148 155 146 146 146 147 147 148 151 151 150 153 154 155 161 154
195 194 194 189 180 171 171 163 163 161 165 168 168 167 167 166 156 152 153 153 153 153 161 162 145 163 163 167 152 133 125 128 125 124 122 121 122 122 123 123 123 121 122 122 121 121 121 119 119 119 118 118 118 118 118 124 142 142 142 142 110 116 117 118 117 117 118 118 119 116 119 119 118 109 126 126 136 148 155 156 148 148 156 156 147 148 149 149 150 160 141 155 156 157
196 195 194 190 189 189 171 171 171 180 163 165 168 165 164 164 166 150 152 152 152 164 154 164 146 146 146 146 166 153 122 128 128 128 125 124 125 125 125 124 123 123 121 121 122 120 120 120 119 119 119 118 118 118 118 124 143 149 149 139 123 116 118 117 117 110 118 119 120 116 120 119 119 118 125 148 148 155 145 148 157 175 146 151 148 148 149 159 153 160 110 111 130 162
191 191 198 198 194 181 164 164 164 171 163 162 169 168 168 168 167 150 150 157 153 154 165 163 163 146 147 147 147 167 153 132 126 126 126 124 126 126 127 127 126 123 123 121 120 120 120 115 121 121 119 120 120 118 118 125 132 132 143 149 143 117 118 118 118 119 119 120 119 120 120 125 125 125 135 154 154 155 146 146 147 149 147 157 153 153 140 153 154 155 142 130 112 158
200 199 199 199 190 190 172 163 163 162 164 162 162 166 165 169 167 158 158 157 155 155 155 154 165 164 147 147 147 147 168 147 122 124 124 124 126 126 125 126 124 122 122 121 121 121 120 122 122 121 120 120 120 119 113 118 112 132 142 140 150 132 118 119 119 119 119 119 120 120 120 119 109 135 149 150 145 148 146 146 147 157 158 152 139 139 110 129 161 163 157 143 143 144
201 202 202 202 191 182 182 163 163 163 171 163 166 166 166 166 169 158 151 158 155 155 155 155 164 164 166 165 165 148 170 166 140 126 129 126 126 126 124 125 124 122 122 123 121 123 121 123 124 124 120 120 120 120 126 119 118 117 124 144 144 145 118 117 120 119 120 120 120 121 120 119 120 127 137 150 151 146 156 149 149 147 152 139 139 129 130 111 141 161 157 158 159 145
201 200 200 200 192 173 173 164 168 163 172 167 163 167 166 166 165 171 152 159 154 155 155 155 167 167 165 148 149 149 165 161 155 124 126 126 124 125 126 125 126 125 122 122 122 122 123 123 123 124 122 121 120 120 113 113 120 118 117 125 124 133 111 120 120 120 119 119 120 121 121 120 120 110 126 150 138 151 148 149 149 147 158 139 129 125 125 112 141 160 158 160 159 160
198 198 192 198 183 183 166 164 168 168 172 171 167 167 170 167 170 171 160 159 159 156 156 156 167 156 167 149 166 166 171 169 154 134 127 127 126 124 124 124 126 127 122 123 123 122 124 124 124 121 123 123 120 120 120 113 118 120 119 118 118 118 118 119 120 120 120 120 120 121 121 120 120 120 109 126 137 139 151 151 151 147 159 153 129 130 131 143 142 141 156 144 160 166
193 198 184 184 175 174 166 165 166 166 173 171 173 171 171 167 166 172 169 153 160 159 159 153 155 156 155 149 167 166 172 169 162 156 125 130 129 129 127 127 126 126 125 123 123 124 125 124 124 123 124 122 121 120 120 120 113 119 118 119 119 119 118 111 118 119 120 120 111 121 122 121 120 120 120 120 110 138 138 138 152 153 158 153 139 143 129 128 141 143 132 160 165 168
194 194 185 185 175 167 167 165 165 165 166 166 168 164 164 172 173 170 172 172 154 160 169 153 156 157 169 156 169 150 172 172 170 167 135 127 127 130 127 125 127 126 126 125 123 125 124 124 124 125 125 124 123 121 121 121 120 113 112 120 120 119 119 111 126 111 119 121 122 122 122 122 122 122 122 122 120 121 128 139 129 128 128 128 129 128 128 129 155 157 159 164 157 156
194 186 185 176 168 167 166 166 167 165 165 165 165 165 172 172 173 171 173 170 161 161 161 161 156 157 169 168 168 168 168 167 170 159 146 123 126 128 130 128 129 127 124 126 126 123 123 123 123 124 124 124 124 121 128 136 127 127 135 126 112 112 126 148 148 111 121 120 120 120 122 122 121 122 122 122 121 109 128 128 140 139 139 128 109 108 129 130 141 143 134 160 154 157
187 195 186 168 168 167 166 168 167 167 167 174 174 165 169 169 167 167 167 171 173 170 170 170 155 158 157 157 157 157 152 152 167 173 159 147 152 122 126 128 130 129 129 126 126 124 123 123 130 117 122 123 122 115 115 128 128 136 148 135 126 135 135 135 127 127 121 122 121 111 121 122 122 122 122 123 121 121 123 122 109 109 109 140 128 109 129 129 142 130 109 131 132 164
188 195 195 177 168 167 167 168 168 176 176 168 174 167 169 169 165 165 167 171 171 171 171 170 170 158 157 157 157 157 171 152 151 167 163 160 147 158 122 126 131 130 127 129 127 124 118 118 140 139 117 123 116 122 115 115 114 114 136 154 135 135 135 112 120 112 121 122 122 121 122 122 122 123 123 123 122 122 124 122 122 124 123 128 129 129 129 129 129 108 108 126 108 144
178 187 187 177 169 167 169 169 176 176 176 168 168 185 168 166 167 167 165 172 167 171 167 173 173 156 157 157 157 157 157 170 169 152 175 164 160 171 158 122 129 130 130 130 127 127 125 124 131 131 117 117 116 129 115 122 121 114 136 149 136 127 112 120 121 112 122 123 123 123 122 123 122 123 123 123 124 124 124 124 124 123 123 110 141 129 129 109 109 125 126 126 108 131
171 178 196 196 177 170 169 177 177 195 186 176 176 176 193 176 168 166 166 169 169 168 172 171 171 171 156 158 158 158 158 171 157 170 170 152 175 175 161 159 122 129 131 130 128 125 125 125 125 131 117 131 117 151 130 115 115 128 128 128 136 136 121 121 122 122 121 122 123 124 122 122 112 123 124 124 124 125 125 125 125 110 110 130 142 142 110 110 110 109 131 131 131 145
178 178 189 189 178 178 178 177 187 187 177 176 169 176 186 176 175 168 166 166 166 165 168 168 172 174 162 157 159 159 159 158 158 171 158 171 171 154 152 172 144 129 129 129 126 126 126 125 125 118 118 131 124 124 124 124 122 122 123 124 123 122 122 122 122 121 128 113 123 123 124 124 123 124 124 125 123 125 111 125 124 110 110 130 130 110 130 110 126 126 110 132 145 146
