ecocropFuture/tif/c6/rcp585/ACCESS-CM2/prec_11.asc
ncols        683
nrows        518
xllcorner    -87.691666666667
yllcorner    10.708333333333
cellsize     0.008333333333
NODATA_value  nan
[rows 352 to 395 of 518, columns 192 to 287 of 683]
96 96 96 96 84 87 88 83 83 83 93 93 97 72 78 78 78 98 93 98 93 92 92 74 76 83 86 86 86 87 84 83 88 88 88 84 88 79 79 85 89 88 89 85 78 96 84 101 101 101 97 98 108 100 105 106 110 119 117 110 102 101 103 106 106 100 105 110 114 117 111 119 128 129 128 124 118 118 120 116 118 122 118 120 121 121 117 121 133 125 134 136 138 134 129 132
93 93 93 93 94 98 97 84 84 97 89 97 93 77 77 78 78 92 98 93 78 78 93 74 83 86 82 86 82 86 84 78 83 87 88 85 84 84 79 86 89 84 88 89 80 84 84 96 101 101 102 102 102 98 100 105 111 110 119 109 109 108 102 103 105 105 103 108 107 108 107 113 136 134 129 124 118 121 122 117 118 117 117 119 119 120 120 118 123 135 136 127 127 126 128 132
94 96 94 94 94 84 89 89 85 89 89 93 92 77 77 78 78 78 93 78 78 73 74 83 86 77 78 78 82 79 78 83 83 83 88 88 88 84 86 86 89 85 85 85 80 78 78 84 101 102 102 98 102 103 106 109 106 100 104 101 101 100 102 102 111 109 104 105 102 102 111 121 132 138 130 125 122 130 118 121 130 121 117 117 117 120 119 130 131 131 132 135 127 138 135 131
85 94 94 94 94 94 94 85 89 89 85 93 92 97 92 78 73 73 73 74 82 86 85 85 77 89 91 89 79 82 82 78 78 87 87 87 87 84 88 89 88 88 88 89 80 86 84 79 97 101 97 97 100 104 97 102 104 100 101 98 104 101 101 109 109 105 102 102 102 107 114 125 143 142 136 125 125 119 119 120 118 117 117 120 122 119 118 123 123 135 126 133 126 134 135 131
85 95 85 95 95 89 97 85 90 99 94 97 77 73 75 73 73 73 74 74 87 81 81 81 77 78 91 90 89 78 82 83 80 78 83 78 83 83 84 84 86 79 79 79 80 80 86 86 86 81 81 86 81 82 86 90 87 80 82 87 98 101 101 101 102 106 103 102 105 109 116 119 135 138 140 148 144 137 122 124 122 120 119 121 121 120 124 124 124 132 136 125 128 124 124 126
87 95 95 95 95 86 85 90 95 86 86 94 77 77 92 75 74 82 74 74 82 77 78 78 88 78 89 89 79 79 78 78 80 78 80 78 78 79 88 88 89 89 89 88 89 88 89 89 89 90 86 86 87 80 81 87 89 87 87 87 82 81 87 97 105 103 104 104 104 105 110 107 107 118 138 146 142 136 126 124 124 120 120 120 122 123 133 125 132 132 133 122 127 129 128 129
91 90 90 90 86 90 90 86 86 97 95 97 92 92 92 75 82 82 82 86 77 77 78 92 92 92 89 79 79 79 79 79 79 80 80 79 83 87 84 88 84 84 84 79 81 81 85 85 85 85 85 85 88 86 81 87 89 87 87 89 89 87 81 81 99 105 102 102 106 104 106 104 106 111 120 133 145 138 131 126 124 123 119 120 121 123 122 121 122 124 122 124 131 127 127 133
99 90 88 99 90 86 95 95 86 97 86 97 92 78 92 73 74 82 82 86 77 78 78 88 88 89 89 79 79 79 79 79 79 80 80 79 83 87 84 88 84 79 79 90 82 81 81 85 80 80 80 80 85 88 90 87 87 87 82 82 87 82 82 83 99 99 104 106 102 104 108 108 106 112 127 126 127 145 136 125 124 131 131 123 120 122 124 121 124 123 124 126 125 126 128 127
91 99 100 91 99 99 90 87 95 95 95 97 97 92 78 73 74 82 86 86 82 77 78 88 88 89 78 89 89 79 79 79 80 80 80 79 78 80 80 84 84 79 79 90 90 82 81 81 81 80 80 81 88 88 85 90 87 87 82 82 82 87 82 83 88 99 102 98 102 106 106 106 115 117 129 123 130 143 137 124 131 123 120 120 123 123 122 123 123 123 125 117 126 126 126 127
99 110 110 89 98 97 96 87 96 96 94 97 97 97 93 78 74 82 86 86 77 77 88 88 77 77 79 89 79 79 92 90 90 90 80 90 80 80 80 80 81 93 90 90 90 92 94 94 91 81 80 81 88 90 88 88 89 82 82 82 82 81 81 81 82 88 102 102 102 106 107 106 114 123 118 117 135 135 137 127 120 123 120 122 122 123 124 124 124 125 125 117 118 127 126 128
92 91 89 98 100 80 80 99 99 99 94 98 98 98 98 98 74 86 81 76 77 78 88 88 78 78 79 91 79 79 90 92 92 90 92 92 89 91 91 93 91 84 92 92 92 92 91 94 81 83 83 85 85 81 85 88 89 89 91 87 87 87 83 82 82 82 89 100 104 106 114 115 108 108 112 111 117 113 132 123 121 114 123 115 115 109 110 125 125 125 117 118 127 127 119 127
89 89 98 100 82 74 74 74 74 73 94 96 96 96 99 94 75 86 76 77 88 88 88 88 78 78 79 89 89 89 90 91 84 91 92 94 91 91 93 93 93 92 92 84 86 86 84 91 91 83 82 85 85 85 89 90 90 87 87 82 87 83 83 82 82 89 107 100 107 106 107 108 108 103 109 109 119 129 125 124 115 109 109 109 109 111 110 116 124 123 126 127 113 114 114 120
113 110 90 98 97 74 74 83 74 80 80 99 97 97 99 80 85 76 77 92 92 92 88 92 89 78 79 79 89 89 90 91 82 82 84 91 93 91 85 85 92 92 92 86 84 86 84 91 94 83 82 81 81 85 90 90 87 81 88 88 81 82 83 82 89 89 103 103 103 107 108 107 107 109 109 108 115 123 123 122 123 109 109 111 111 111 111 118 127 126 118 113 114 114 114 120
168 108 112 99 99 82 74 83 83 74 74 80 95 95 80 74 82 76 77 92 92 88 88 89 89 79 79 79 89 79 90 92 91 84 91 91 93 91 85 85 85 84 84 86 86 92 85 94 91 83 85 83 81 81 86 86 87 81 99 99 88 82 82 82 100 100 89 103 103 103 106 103 104 108 109 109 115 124 122 124 122 109 111 111 111 112 127 114 128 126 118 119 114 116 114 122
171 152 109 92 102 83 74 74 83 75 74 81 74 74 74 74 75 81 77 88 88 88 88 89 89 79 79 79 89 90 90 92 91 85 85 91 93 92 92 85 85 86 84 86 86 86 85 91 94 91 83 83 83 83 81 86 91 82 88 88 88 82 82 82 89 89 89 103 101 103 105 109 109 109 104 110 109 115 124 124 122 111 111 111 112 112 113 114 121 130 120 114 114 116 116 122
117 118 113 102 100 77 75 75 75 75 75 81 74 82 82 75 82 81 77 88 88 88 88 89 89 89 91 91 93 93 91 92 85 85 85 92 93 93 92 85 86 86 86 86 92 92 91 85 93 94 91 92 92 92 84 86 91 91 82 83 83 88 82 82 83 89 90 90 90 101 109 109 109 110 104 110 110 116 116 116 125 116 112 112 113 113 113 114 122 122 129 116 116 117 122 130
102 101 102 75 77 75 75 75 75 75 75 75 75 75 87 82 86 76 77 92 78 78 78 89 93 92 84 84 84 84 83 85 85 84 84 92 92 93 92 86 85 84 94 92 86 94 91 94 94 95 93 83 83 84 81 86 90 91 88 88 88 88 83 83 88 85 84 90 83 90 91 102 104 104 110 110 110 116 123 124 117 117 112 112 113 119 114 114 116 119 122 122 130 122 117 118
103 87 88 104 103 77 74 85 86 89 88 75 75 82 96 96 95 82 81 78 78 78 78 89 92 84 84 83 84 83 83 85 84 84 84 84 85 92 92 92 92 86 86 93 86 93 91 91 91 82 85 85 90 86 86 90 90 91 91 88 88 88 83 83 85 89 89 84 84 105 105 102 110 110 105 105 111 111 125 123 124 118 112 118 113 114 114 115 116 119 129 130 122 122 123 118
105 106 107 106 82 80 85 84 80 76 88 75 82 92 109 112 122 93 86 77 78 78 89 89 92 84 92 83 83 83 84 84 84 85 85 85 92 92 92 92 95 94 94 94 94 94 83 83 83 82 85 90 90 86 86 90 91 91 91 91 92 88 83 83 83 92 91 89 84 102 91 91 102 105 105 105 111 111 112 117 118 113 113 114 114 114 114 115 129 122 121 122 117 118 119 119
107 108 109 104 80 80 85 84 80 80 83 87 75 100 112 116 108 108 87 78 88 92 93 89 89 93 84 83 83 83 84 86 84 85 92 92 92 95 92 92 95 94 92 92 92 92 83 83 82 85 82 86 86 83 83 86 90 91 91 84 82 83 83 91 91 89 84 84 85 85 84 92 103 105 105 113 112 112 117 112 113 114 114 114 115 114 115 115 129 121 117 117 118 118 118 121
107 109 107 103 80 73 73 73 85 85 88 84 75 97 94 125 125 108 82 88 88 89 89 89 93 89 93 85 85 84 87 86 84 85 92 92 92 92 93 93 93 93 94 92 83 92 93 83 82 85 87 81 86 83 83 83 86 91 88 84 91 91 91 91 83 85 84 85 84 84 85 92 103 107 113 113 112 113 113 113 113 114 114 115 115 115 115 116 121 117 119 118 119 118 121 121
109 105 105 96 98 81 73 73 82 87 88 84 75 75 98 95 96 101 86 89 90 89 78 89 93 93 89 93 85 84 87 86 84 86 86 86 86 94 94 95 95 94 96 92 83 83 83 93 93 84 82 83 83 84 83 83 83 91 92 84 84 91 85 83 85 85 84 90 90 86 93 103 103 107 113 114 114 114 114 115 115 114 116 116 116 116 116 116 122 118 118 120 120 120 120 122
102 103 103 98 101 96 99 83 75 75 79 76 84 84 75 75 84 75 86 81 77 78 89 89 93 92 93 84 84 84 87 91 88 88 86 85 85 85 94 92 92 96 96 96 92 93 83 82 82 82 87 83 84 94 83 91 91 92 89 84 84 83 83 85 92 92 92 86 86 86 86 103 107 114 114 114 114 115 115 115 108 108 117 117 117 117 118 119 118 118 124 118 121 133 131 125
109 102 110 108 108 98 98 108 108 108 105 104 103 103 98 75 86 86 86 77 77 82 89 93 92 93 93 85 87 87 87 88 88 88 88 85 86 94 95 92 96 93 93 96 96 96 83 83 82 82 87 86 86 86 83 91 91 92 89 84 84 91 92 85 92 92 93 86 86 93 105 94 94 104 104 106 108 108 108 116 116 117 117 118 117 118 118 118 120 120 121 120 120 133 133 133
107 107 107 107 107 101 102 102 109 109 107 105 105 100 76 75 87 87 87 79 81 77 78 78 89 86 85 85 84 84 87 91 93 88 85 86 94 94 95 96 96 96 96 96 96 96 93 84 82 83 83 83 83 86 91 91 91 92 92 84 84 85 85 85 85 85 86 93 105 105 94 104 104 114 108 106 95 96 96 106 106 106 107 97 98 110 118 119 119 120 120 122 121 127 122 122
90 106 107 106 106 101 102 102 107 107 107 108 106 105 101 78 76 85 89 82 82 82 80 89 94 86 85 85 85 84 84 88 93 88 85 86 94 94 96 96 96 96 96 96 96 96 93 93 84 84 94 84 85 86 91 93 92 89 90 84 85 85 85 89 91 93 90 86 94 94 94 94 106 108 95 95 96 96 96 89 90 89 89 98 98 110 110 110 120 120 120 121 123 127 127 123
80 105 106 106 101 101 101 107 104 107 107 108 108 108 107 89 79 77 85 82 82 77 93 95 95 86 86 84 87 87 84 85 93 88 85 85 88 88 94 92 95 96 95 95 96 97 93 97 97 94 94 94 85 83 88 93 89 90 90 90 85 90 85 91 91 91 91 87 94 94 94 95 95 95 88 96 96 96 107 89 93 90 90 91 109 119 119 111 112 120 112 113 123 126 135 133
79 88 105 106 106 106 101 106 106 107 103 103 104 105 109 107 81 79 77 84 82 78 80 93 93 86 84 84 87 87 86 85 85 88 85 85 88 86 88 95 95 96 96 96 97 97 93 93 94 84 84 94 85 84 88 91 90 90 90 90 90 90 91 91 93 91 94 87 94 94 95 106 88 95 88 96 96 89 97 90 90 93 91 98 109 111 111 112 112 112 112 122 124 126 128 136
104 88 105 105 106 106 101 106 102 102 107 107 107 109 112 114 96 82 80 79 89 78 80 95 86 86 84 87 92 86 86 85 85 85 85 88 94 88 88 95 95 95 96 93 93 97 97 93 84 84 94 98 85 85 88 91 92 92 90 90 90 86 91 93 94 86 91 87 94 95 95 106 95 96 89 96 89 89 90 93 90 91 98 109 111 112 109 112 112 112 111 113 124 123 128 138
105 104 102 104 106 106 104 103 104 104 109 127 130 129 129 132 110 114 110 92 86 83 78 95 95 95 94 87 84 86 86 85 85 94 88 88 88 95 95 95 95 96 97 97 97 97 93 94 94 97 94 94 85 85 95 88 92 92 94 94 91 91 93 94 94 87 87 87 87 88 95 95 107 96 89 89 89 90 93 96 90 91 91 91 110 110 109 111 113 123 113 111 123 126 124 124
103 87 87 87 87 102 102 106 107 109 107 128 133 132 142 139 134 129 115 114 91 90 82 80 91 91 94 87 86 86 86 88 94 88 88 88 88 95 95 96 96 97 97 97 97 97 94 84 84 86 94 85 84 84 88 88 92 92 92 92 91 91 93 93 94 87 87 87 88 88 88 88 96 89 89 89 90 90 90 90 91 91 99 92 100 110 100 111 101 113 113 123 123 124 127 128
77 77 87 87 87 89 102 103 105 107 112 117 129 133 133 147 143 131 114 114 109 87 80 80 81 81 95 87 87 86 88 88 94 95 95 88 88 95 96 96 94 94 84 94 97 97 97 85 83 83 83 84 84 88 92 88 89 93 93 93 94 91 95 95 95 95 87 87 88 88 88 89 89 89 89 94 94 90 90 91 91 91 92 92 92 100 100 111 112 114 114 112 125 115 115 127
77 87 102 87 87 87 87 88 79 79 93 113 113 123 127 142 130 121 116 109 106 80 81 91 81 91 91 95 86 88 88 94 95 95 88 88 89 95 96 96 94 94 85 94 94 95 94 94 83 83 85 84 88 88 88 88 85 89 93 93 94 95 93 92 95 95 96 88 88 88 89 89 98 98 89 94 94 95 95 91 91 91 92 100 100 100 101 101 101 102 113 113 115 115 114 116
76 77 77 87 87 87 102 102 90 90 77 82 95 101 117 118 120 114 83 79 79 86 81 84 81 91 96 96 95 95 88 95 95 95 88 89 89 95 95 95 98 97 97 94 97 97 94 94 83 83 88 84 84 88 88 89 93 93 94 94 91 95 95 92 95 96 96 93 88 88 89 89 89 89 90 90 90 90 91 91 92 92 100 100 111 111 101 112 112 113 113 113 115 114 114 116
76 77 77 77 77 101 101 102 102 103 77 90 85 83 83 84 91 91 85 84 84 89 85 82 91 91 96 96 92 96 96 95 97 95 95 95 95 95 98 89 89 90 96 97 85 85 86 83 87 88 88 84 84 88 88 89 89 94 93 94 95 91 92 92 95 95 96 96 88 89 89 94 94 94 90 90 90 95 95 91 92 92 100 100 102 102 112 114 114 113 126 115 103 114 114 116
76 76 73 101 87 87 103 101 88 88 84 79 93 93 93 82 81 80 80 79 79 82 84 80 91 96 91 92 96 96 96 82 97 97 89 89 96 98 98 96 96 90 97 95 85 84 87 87 87 85 88 84 87 86 89 86 89 93 94 94 94 95 95 92 96 95 96 93 93 89 93 94 94 95 94 95 95 97 95 96 101 92 93 93 102 102 112 113 113 104 114 115 116 114 97 115
102 101 101 101 101 104 101 101 101 77 88 78 92 97 97 96 80 80 92 80 80 81 81 81 91 96 91 82 82 96 97 97 97 96 96 97 95 98 98 97 90 90 96 99 85 84 84 87 87 88 92 92 84 86 89 86 85 85 87 94 94 95 95 95 95 96 96 96 93 93 94 97 95 98 98 98 95 95 91 93 93 93 93 102 95 103 103 103 113 116 117 127 127 115 106 118
88 87 87 101 104 107 106 101 101 77 88 82 78 78 78 78 80 90 79 90 95 91 81 81 91 91 91 92 92 96 97 97 96 97 97 97 98 97 97 97 97 96 96 99 99 99 86 86 85 88 88 88 88 89 86 88 85 89 90 90 90 95 96 96 95 94 93 93 97 97 97 97 95 98 95 98 97 96 96 93 93 93 102 113 93 103 103 104 104 104 115 114 115 106 118 130
88 103 104 107 104 107 104 88 88 76 76 81 82 78 87 87 87 78 80 80 95 81 81 80 81 91 96 92 92 82 92 97 96 97 94 98 98 98 90 97 97 96 99 99 95 99 86 86 86 87 85 84 88 89 86 86 85 87 87 90 90 95 95 96 96 95 96 93 97 96 96 97 98 98 95 98 99 96 96 96 93 102 113 116 103 103 113 115 104 105 105 115 118 115 119 119
88 100 100 107 103 107 104 77 77 76 76 88 82 78 82 82 78 79 80 80 92 79 79 80 81 91 92 82 83 81 83 93 97 93 97 98 98 97 97 97 98 96 99 95 95 99 95 86 87 87 85 87 87 86 86 86 87 87 87 87 94 95 95 95 95 91 96 96 96 92 92 98 98 98 98 95 99 96 93 96 97 93 95 103 103 104 104 104 105 105 105 115 115 119 119 133
101 100 76 87 104 107 104 77 75 76 76 83 87 78 78 78 78 79 80 80 79 83 83 80 81 91 92 83 82 82 85 84 86 96 86 94 98 98 98 98 99 99 99 95 95 95 96 96 87 87 85 86 88 86 86 87 87 87 87 87 90 95 91 91 91 91 96 96 92 91 90 97 98 98 98 97 96 99 96 97 97 97 97 95 95 96 95 97 105 105 106 115 119 119 131 131
99 88 100 100 100 100 89 77 75 76 76 88 87 78 82 82 82 80 91 80 83 89 88 83 81 83 81 86 92 91 91 93 92 88 88 86 94 98 98 97 98 98 98 95 95 86 86 87 87 85 89 86 86 86 90 90 94 90 90 90 90 91 91 95 89 91 92 89 90 90 93 97 98 96 97 97 96 99 93 98 98 97 98 98 95 95 99 99 97 116 116 106 119 119 131 135
99 103 88 76 89 78 89 90 90 90 90 78 88 82 82 80 79 79 80 79 79 79 88 88 80 80 81 91 90 85 95 93 97 101 88 86 94 97 97 98 98 98 91 95 99 86 85 96 96 87 86 90 86 90 90 90 90 90 94 90 90 91 91 91 91 93 89 89 90 92 98 98 96 96 97 97 96 93 98 100 98 97 95 95 95 96 96 99 97 106 117 119 120 118 120 132
99 99 100 89 89 89 90 90 105 109 109 101 76 88 87 87 82 87 82 79 79 79 83 88 88 80 80 85 89 90 96 93 98 93 88 85 94 98 98 98 98 98 99 99 95 86 96 96 100 96 87 86 86 86 90 90 94 94 95 90 88 91 91 91 89 89 92 92 92 97 96 96 99 99 99 99 99 100 99 99 100 101 98 98 96 96 96 96 98 106 106 117 120 120 120 118
