ecocropFuture/tif/c6/rcp585/ACCESS-CM2/prec_1.asc
ncols        683
nrows        518
xllcorner    -87.691666666667
yllcorner    10.708333333333
cellsize     0.008333333333
NODATA_value  nan
[rows 200 to 249 of 518, columns 288 to 383 of 683]
94 88 94 78 74 75 78 81 89 92 94 95 98 95 89 91 99 96 97 82 83 85 104 107 102 99 97 83 100 93 81 85 85 94 100 85 81 81 82 82 96 97 83 87 87 84 83 85 84 84 80 84 85 86 90 86 86 86 86 105 101 105 108 106 106 106 109 107 107 110 111 104 111 111 109 112 112 106 113 107 114 114 114 115 115 110 110 117 118 118 119 119 113 102 98 99
90 87 91 93 88 79 77 90 90 89 93 95 95 89 91 92 97 96 97 92 92 96 107 108 108 101 100 86 85 99 99 99 94 94 94 85 81 81 86 83 96 97 87 83 87 85 83 85 84 86 86 86 87 86 89 86 88 88 86 101 101 101 106 106 106 106 107 109 107 110 111 111 111 110 110 110 110 113 96 113 108 109 109 109 115 117 99 118 118 112 112 112 101 102 102 100
91 86 91 91 91 93 95 95 93 90 93 89 89 95 95 90 95 91 91 83 83 101 104 104 106 102 100 95 85 94 94 94 100 99 95 86 83 83 82 95 102 97 103 84 86 86 83 83 84 88 86 86 85 87 86 86 86 86 90 101 106 106 108 108 106 102 109 107 108 108 111 109 111 112 112 110 110 111 113 114 108 114 109 110 110 117 99 111 116 119 119 113 97 98 98 98
95 92 92 92 92 93 94 93 93 96 95 95 95 96 95 91 90 95 96 92 83 80 83 88 99 99 102 100 94 82 81 85 95 102 98 85 82 86 96 102 97 87 87 84 83 83 84 83 88 88 88 89 87 85 86 90 90 90 101 101 101 107 107 107 102 107 110 108 104 108 103 104 105 105 110 110 107 108 111 114 115 116 116 114 114 117 118 118 118 112 112 120 120 113 118 118
96 97 92 97 95 94 96 96 96 96 90 95 96 96 96 91 92 96 97 92 79 80 78 82 96 96 97 95 85 81 82 94 97 86 84 88 82 86 86 86 86 84 83 84 84 84 88 86 85 99 89 89 89 100 107 86 86 90 101 102 102 91 103 107 109 109 110 108 108 103 105 105 109 112 109 106 111 113 111 114 108 116 114 114 114 109 115 118 110 110 119 101 101 121 113 112
94 101 100 102 97 90 91 91 92 94 94 96 92 92 92 92 93 93 97 92 92 83 81 82 80 83 82 81 81 81 81 82 83 83 82 84 82 82 97 97 87 83 83 83 83 80 80 80 86 89 89 100 100 100 107 107 101 86 87 87 91 102 109 107 107 108 111 111 104 104 104 104 109 112 106 110 107 114 112 112 108 108 108 110 109 109 118 116 110 119 120 120 120 114 121 113
106 108 101 101 96 95 94 94 96 95 95 99 99 98 92 91 95 92 96 93 99 93 80 81 79 77 81 82 82 82 81 82 82 83 83 81 82 82 86 87 87 83 83 84 83 80 80 86 84 89 89 105 100 102 105 108 108 106 108 109 109 109 103 102 108 108 104 104 111 111 105 105 106 109 106 108 108 108 108 111 109 109 110 113 114 114 110 115 112 117 117 111 118 121 114 102
108 109 99 98 95 96 101 103 99 100 99 100 103 100 99 91 96 93 98 99 97 98 80 78 81 80 77 82 82 82 81 82 81 81 83 83 79 79 82 97 87 83 83 84 84 85 84 86 100 89 89 100 105 102 102 108 106 106 107 107 107 102 108 110 104 103 109 109 109 109 110 109 109 109 106 111 111 114 116 116 113 117 110 110 114 114 114 118 119 111 112 116 113 112 119 115
111 113 100 98 96 96 102 104 105 105 104 105 100 100 99 99 94 93 97 100 95 94 84 80 77 77 80 81 83 78 82 82 82 81 83 83 83 83 82 83 87 87 83 85 85 84 85 86 86 85 85 101 105 101 105 106 108 107 107 107 103 108 108 111 104 104 105 105 109 110 110 106 106 106 107 107 107 112 115 113 109 114 110 110 117 117 118 118 111 112 116 116 117 117 113 122
101 103 98 81 90 95 99 104 106 110 107 103 102 105 104 101 98 96 93 100 99 84 80 80 80 79 77 78 77 74 82 82 81 78 81 82 82 83 82 83 83 83 88 85 85 84 88 89 85 89 101 108 106 106 103 101 109 102 103 103 110 108 111 92 104 93 105 94 94 112 110 106 106 106 111 107 112 112 113 110 114 109 109 110 114 118 118 115 112 116 119 121 121 121 120 114
88 87 77 75 96 95 98 104 105 103 103 95 98 101 107 107 104 96 93 99 99 99 95 93 84 84 80 82 82 82 82 83 82 81 83 83 82 83 83 84 84 84 83 85 88 100 104 104 105 107 101 108 108 102 109 109 102 103 110 110 110 111 109 111 93 112 112 112 105 113 111 107 110 110 106 108 108 109 108 109 115 109 109 111 115 115 111 111 111 116 116 113 117 120 114 113
86 78 76 75 75 91 100 100 102 96 102 99 92 100 105 107 100 107 96 98 97 98 96 98 84 80 80 81 82 86 81 82 81 82 82 86 98 98 98 104 99 106 99 99 106 107 101 102 102 101 101 106 108 86 86 102 103 103 110 103 92 109 104 105 104 109 112 112 110 106 111 111 115 118 116 115 112 109 110 113 114 109 111 110 115 115 111 111 113 121 121 120 117 118 114 113
93 86 81 75 75 80 98 95 98 98 95 99 92 94 99 102 104 107 98 98 97 102 101 100 101 85 85 85 97 96 96 81 82 82 86 98 104 104 99 83 106 106 100 100 107 107 105 105 105 101 106 106 106 109 109 102 103 91 103 108 109 109 104 106 110 105 112 113 110 105 106 111 115 114 114 116 116 117 113 116 117 114 111 115 111 112 112 112 113 121 117 117 113 119 114 113
77 80 76 74 75 91 97 94 96 96 100 92 95 92 99 103 97 101 100 103 98 97 95 101 101 95 96 102 95 96 102 86 82 86 86 87 98 99 99 88 100 106 88 100 89 105 105 108 106 106 106 106 107 107 107 107 110 110 111 103 104 104 104 106 109 106 110 113 113 105 111 112 114 114 115 118 118 120 118 118 117 114 110 110 115 115 116 113 113 117 117 113 114 113 113 114
78 77 74 74 76 91 97 100 93 97 98 94 95 99 93 96 96 98 95 97 97 87 96 95 102 96 97 96 102 102 100 86 81 82 86 98 99 99 88 88 100 88 84 88 100 107 103 108 106 106 101 102 107 107 110 110 108 108 111 104 109 109 105 113 113 106 110 111 106 106 108 109 114 118 116 117 117 117 118 119 117 115 110 116 112 116 119 113 117 117 114 113 113 118 118 120
82 75 75 74 76 80 95 96 98 101 101 95 95 98 97 102 98 93 94 99 101 97 96 85 95 102 97 97 96 103 103 86 81 81 98 99 99 100 100 100 88 84 84 84 108 106 101 101 101 102 107 102 109 108 103 108 103 111 111 109 104 107 108 106 107 105 105 111 106 106 109 108 113 117 115 116 118 119 120 120 115 115 112 112 117 116 116 113 113 117 117 118 114 115 118 115
93 83 79 79 91 97 93 95 99 100 103 101 92 92 95 95 99 97 93 94 95 95 102 101 102 96 97 97 103 96 98 103 103 98 82 99 99 106 106 100 88 88 84 84 89 101 102 106 103 103 104 102 108 103 103 103 108 104 112 104 105 113 114 111 106 111 111 112 112 112 108 110 117 117 117 118 118 119 119 119 115 115 112 112 113 117 117 113 119 113 118 118 120 114 114 114
99 100 96 96 96 92 100 94 94 99 104 102 98 93 98 100 97 97 99 94 99 102 95 95 102 103 103 104 102 101 104 98 104 104 87 99 88 88 106 88 100 85 89 89 108 102 102 103 107 104 104 108 110 108 103 105 105 104 104 105 105 113 106 111 106 106 111 107 107 107 109 110 117 118 117 119 119 118 118 115 115 119 116 113 113 119 120 114 118 118 115 121 118 119 119 119
97 100 96 93 94 99 99 102 101 95 98 97 99 98 96 102 105 100 96 97 100 103 96 95 100 97 101 98 102 102 98 98 104 99 87 87 106 107 88 88 88 83 89 101 106 106 102 102 102 104 107 108 108 103 105 109 109 113 110 109 111 111 111 111 106 109 111 112 112 109 110 110 116 118 119 120 120 121 121 121 120 121 121 117 120 120 120 121 118 118 115 118 121 122 122 123
76 83 96 95 96 96 95 96 101 95 100 101 102 104 101 101 104 97 94 95 100 102 100 96 95 99 98 98 98 102 103 103 103 104 105 99 99 100 88 101 88 88 89 101 109 102 102 102 104 111 111 113 115 115 113 112 112 112 113 110 107 111 111 111 111 112 112 112 110 112 113 114 114 119 119 120 116 120 119 121 121 121 121 120 117 114 114 113 113 114 113 114 115 115 122 116
77 76 78 90 100 100 95 100 101 99 98 102 102 104 100 101 98 93 94 101 96 100 101 101 98 101 101 100 102 105 104 103 99 101 104 104 104 105 107 101 101 108 89 109 109 107 102 103 105 108 113 113 110 115 112 109 109 110 107 107 106 111 112 106 108 112 116 115 115 117 118 118 117 120 118 119 120 120 119 121 120 121 121 120 114 113 113 119 114 113 114 124 114 114 114 116
74 74 78 98 100 100 95 106 101 97 92 99 98 103 96 96 98 96 99 97 97 98 106 101 104 98 101 98 102 105 105 98 99 99 104 104 107 107 108 101 108 106 109 107 107 102 104 103 105 108 111 112 115 115 109 109 109 110 107 108 106 106 112 107 107 110 116 117 117 117 118 119 120 119 118 120 121 121 119 120 121 117 118 121 114 113 113 113 113 113 114 120 124 121 121 116
73 74 78 92 100 93 95 99 104 97 94 95 96 98 93 93 101 94 99 100 100 103 109 101 96 97 103 98 98 98 105 103 104 104 100 100 101 108 108 101 101 109 107 107 107 107 104 105 108 111 108 106 109 106 106 110 105 110 107 108 108 112 115 112 112 112 115 117 117 118 119 115 120 119 112 116 119 117 120 120 117 117 113 113 114 113 115 121 114 120 115 116 121 121 116 115
88 89 93 95 102 97 96 95 94 95 95 92 93 94 98 99 96 96 97 98 102 103 99 98 96 97 102 102 103 105 104 104 104 100 107 100 108 106 103 101 107 102 102 107 107 108 108 105 108 111 113 109 109 110 110 107 110 110 111 106 107 112 107 113 113 110 114 117 117 117 119 119 120 120 116 117 116 117 117 117 112 114 113 114 115 118 122 122 115 119 122 122 122 120 120 121
88 93 94 95 98 96 93 96 94 99 103 99 96 97 97 99 97 94 95 97 99 102 103 97 97 98 102 102 102 103 107 99 104 105 107 108 101 104 102 102 109 107 104 104 105 105 106 106 112 113 115 113 113 110 110 110 107 106 111 106 108 112 113 116 117 115 111 109 111 111 119 118 118 116 113 113 113 114 114 114 118 121 121 118 118 119 114 115 119 122 122 123 123 123 120 124
94 98 98 97 99 99 100 101 102 106 105 105 101 101 104 100 102 97 100 102 103 102 101 97 102 98 99 99 99 103 100 102 102 100 106 106 101 104 104 104 102 107 105 108 112 109 109 112 114 115 113 114 114 113 110 111 106 106 106 112 115 107 116 116 116 118 110 114 114 115 115 115 112 113 113 113 114 117 120 121 121 122 121 119 119 115 115 114 116 122 123 120 123 124 123 125
99 101 102 101 100 98 97 100 104 107 105 104 101 102 103 99 97 100 96 102 102 98 102 103 105 106 103 99 99 106 100 105 103 103 101 106 102 107 105 105 105 105 103 108 112 106 109 110 113 114 114 115 115 115 111 111 108 108 108 108 107 95 116 108 117 118 119 110 115 115 116 116 116 113 113 112 112 121 122 122 122 122 122 122 122 119 114 114 116 123 123 123 124 124 124 124
104 105 105 103 102 99 96 98 104 108 106 103 102 103 105 101 98 98 96 101 101 100 103 106 103 106 103 102 100 104 100 101 106 101 104 104 104 108 105 108 109 109 106 106 109 112 112 113 113 113 110 115 115 115 114 114 115 112 112 109 108 116 116 108 108 115 116 110 112 112 113 113 116 116 113 114 114 118 122 122 122 122 122 122 122 120 116 120 120 123 123 124 124 124 124 124
106 109 108 102 103 95 100 103 106 107 108 102 104 105 104 103 98 96 100 98 108 108 107 106 103 106 100 100 100 103 101 106 104 102 102 107 110 111 111 112 112 112 112 104 109 110 110 113 113 113 107 111 114 115 115 115 117 118 118 116 114 109 109 115 115 115 115 112 116 111 113 111 113 113 117 114 120 118 119 119 115 115 119 123 122 122 122 123 123 123 124 124 124 124 122 125
102 106 106 106 102 96 101 100 107 108 110 104 101 104 101 100 96 97 99 100 101 100 104 101 103 105 105 105 105 106 106 106 104 107 102 102 105 111 114 114 113 112 113 110 107 113 113 110 107 108 111 111 114 116 116 115 117 118 118 116 114 111 115 112 118 118 116 112 117 111 113 117 112 112 114 114 118 121 119 115 116 116 116 120 123 122 123 123 123 117 124 121 122 122 122 123
105 105 106 107 101 101 101 101 103 107 104 104 99 100 99 101 105 104 102 97 99 99 104 100 101 106 106 105 105 106 103 101 104 112 112 112 113 113 112 114 112 112 107 113 110 110 111 114 111 114 114 114 116 116 116 117 118 119 118 118 118 116 114 115 118 120 120 120 119 119 116 113 118 114 114 118 115 115 119 114 115 116 116 122 117 117 117 115 116 121 124 118 117 117 117 129
102 104 106 106 104 101 103 102 105 106 105 105 103 103 102 102 106 102 100 97 102 99 100 100 102 100 103 103 103 106 104 105 107 111 112 113 108 112 112 112 112 112 110 114 116 114 115 115 115 114 112 112 116 112 117 117 112 113 114 118 117 118 118 118 119 119 120 120 120 120 121 120 115 117 120 121 121 118 119 116 115 115 120 123 123 124 124 121 117 121 124 118 118 117 124 129
100 104 100 102 104 103 103 101 105 107 105 106 102 103 101 106 106 106 106 101 102 99 99 103 103 103 101 103 104 106 108 111 112 111 108 109 113 113 109 113 113 113 114 115 115 115 115 115 115 116 115 116 117 117 117 118 113 113 115 114 115 115 118 118 119 120 120 120 120 120 121 122 118 117 118 121 119 122 122 116 115 116 123 123 123 124 124 124 121 118 118 118 117 117 117 126
102 102 100 99 104 105 103 102 104 107 108 104 101 102 102 102 104 107 107 107 99 99 100 99 100 105 100 103 106 107 111 112 112 113 113 108 110 113 114 114 113 114 114 115 115 115 115 115 116 115 117 116 113 118 119 115 115 115 119 118 119 115 115 115 114 120 120 117 120 120 120 120 118 115 121 121 119 116 119 116 115 115 123 123 121 124 124 124 122 118 125 118 125 129 130 126
104 102 101 98 100 106 98 100 104 107 107 108 103 104 106 107 104 104 107 107 99 102 103 102 104 106 103 101 106 107 108 108 112 112 113 109 110 109 114 114 114 113 111 114 115 111 115 116 115 116 117 117 113 112 114 114 115 117 116 113 120 115 115 120 120 120 121 117 114 120 121 121 121 121 122 121 122 119 119 116 121 123 123 123 124 118 118 122 118 118 118 129 120 130 126 119
104 104 103 101 98 101 99 98 101 100 101 105 106 105 106 107 107 107 107 106 104 104 104 104 105 109 104 107 107 111 108 109 113 109 113 113 114 114 114 113 110 114 115 115 115 116 115 115 116 117 116 117 113 113 112 114 115 117 118 115 114 115 115 116 120 120 117 120 121 121 121 117 121 117 117 121 121 122 123 115 124 124 123 124 124 122 125 122 122 117 125 126 119 126 126 126
108 104 100 99 97 100 97 98 100 102 104 105 106 106 105 103 103 103 107 107 107 108 107 108 109 109 110 107 111 111 113 113 112 112 113 113 114 114 110 114 115 115 111 111 110 116 115 116 117 117 117 111 118 118 112 114 117 117 115 115 111 114 115 116 115 116 120 120 116 115 116 117 121 118 118 122 122 122 122 117 124 125 124 124 123 124 125 122 118 119 125 130 119 124 127 124
108 105 99 99 99 98 97 98 98 100 102 104 103 107 106 106 102 103 107 107 107 104 108 108 108 110 110 111 111 111 113 113 114 109 114 114 110 110 108 108 116 116 110 110 112 117 117 116 117 117 118 118 119 118 114 122 117 117 118 115 114 114 120 120 121 116 120 120 117 117 117 117 117 118 118 122 122 123 120 123 124 124 124 124 124 124 124 125 125 125 118 119 120 124 127 125
108 108 102 97 100 105 110 107 99 98 101 102 102 105 107 103 106 106 107 106 105 106 107 107 107 107 110 112 112 112 113 113 114 114 115 114 115 111 111 110 116 111 111 117 117 117 117 117 117 119 119 119 118 119 119 122 123 123 122 118 116 116 116 120 117 120 120 121 121 121 122 118 117 118 122 123 123 123 123 123 123 121 122 121 122 123 123 122 120 120 124 124 125 125 128 125
103 104 103 99 107 107 111 125 111 107 100 100 102 103 103 102 101 106 106 104 104 106 107 107 105 106 108 112 112 112 111 114 114 114 115 115 115 115 115 115 116 112 113 118 119 118 117 118 117 116 114 116 116 114 116 120 123 125 124 121 121 120 120 120 115 115 116 121 121 122 123 122 122 122 122 123 123 124 122 122 124 121 122 122 122 125 121 123 123 121 127 127 127 127 127 126
101 98 102 102 117 132 129 135 127 113 98 98 101 102 102 102 102 107 104 102 104 106 110 111 109 107 109 109 109 113 114 114 114 111 114 115 115 115 115 111 116 116 113 113 115 114 118 119 118 115 114 116 116 116 110 114 120 121 122 120 121 122 121 121 120 116 115 117 122 123 124 123 123 123 122 122 123 123 124 124 124 124 122 122 119 120 121 121 124 124 125 127 128 128 128 129
98 98 100 113 138 145 142 147 145 129 101 98 100 100 102 103 103 103 107 107 106 105 111 112 109 108 113 112 113 109 110 108 110 115 115 112 112 115 112 115 117 117 118 113 115 115 114 119 119 119 116 117 116 112 111 112 112 112 113 118 121 121 121 116 116 116 115 117 122 122 122 122 123 124 122 118 119 119 123 124 124 125 125 125 125 126 126 126 126 127 128 127 125 129 126 122
98 99 101 143 173 170 169 166 148 128 101 101 101 100 102 102 102 107 108 108 109 110 111 111 108 108 107 109 114 114 113 110 110 110 115 111 115 115 113 116 117 118 119 116 114 114 114 119 119 119 119 119 116 119 119 118 115 118 121 118 121 121 122 122 122 122 121 117 116 117 118 118 118 118 118 119 119 119 119 119 119 123 120 124 124 124 122 122 127 127 128 128 125 129 129 129
97 98 103 163 179 187 187 182 171 158 131 112 105 101 101 103 108 107 106 108 110 111 112 113 114 109 109 114 107 109 107 109 109 109 109 111 115 116 114 117 117 118 119 119 121 120 120 117 119 114 114 119 119 119 119 122 116 122 120 119 115 116 120 120 123 122 122 117 117 117 119 119 119 118 119 119 119 120 125 123 123 125 120 120 120 123 122 122 128 129 128 129 129 129 127 123
95 100 105 150 184 190 192 191 183 172 152 120 101 101 99 103 107 108 107 107 107 109 109 113 113 113 109 108 110 108 106 107 109 110 110 110 116 117 117 117 118 118 119 120 120 120 120 119 112 114 113 113 113 115 115 117 123 123 121 120 116 117 115 117 120 122 122 123 123 118 123 119 119 119 123 119 120 119 120 119 120 120 120 120 120 122 128 129 128 129 127 126 123 130 130 123
96 99 103 126 159 176 185 188 189 177 136 107 99 101 102 108 107 108 108 107 105 106 112 113 110 113 109 108 110 108 107 104 107 108 111 111 113 118 114 118 118 112 117 119 120 120 120 116 114 115 111 113 114 114 113 121 123 120 117 117 117 116 121 114 116 122 123 123 123 124 122 125 125 126 126 124 121 122 120 119 119 120 120 121 124 125 128 127 127 127 121 122 123 123 128 130
99 101 105 112 117 120 132 157 164 166 139 101 101 102 103 108 108 109 107 107 107 108 112 113 114 113 108 108 108 108 109 109 108 106 112 112 113 112 113 119 119 113 118 119 120 121 121 122 116 114 115 115 113 113 115 121 122 120 122 116 117 120 116 115 116 123 123 123 121 121 124 124 125 126 124 124 126 124 125 120 120 124 120 124 127 126 128 129 123 129 124 124 124 124 124 124
102 105 109 113 114 113 111 116 118 117 106 104 107 108 109 108 108 109 107 105 105 106 112 112 113 108 106 108 108 108 109 110 110 109 112 112 111 112 113 114 113 113 113 119 120 122 120 119 121 119 120 121 122 121 119 120 121 119 116 116 117 115 116 115 116 121 124 121 118 121 118 125 125 125 124 120 120 126 127 125 127 128 127 127 127 129 129 130 130 130 124 128 131 128 124 125
98 101 103 82 74 75 75 78 81 106 106 106 105 106 106 110 107 108 106 107 107 107 109 108 109 108 109 108 108 109 108 111 110 109 110 112 113 113 112 111 113 112 111 113 114 115 115 114 119 120 120 122 122 122 122 121 119 116 114 120 123 123 120 117 117 116 116 116 118 122 125 126 125 125 124 124 118 119 125 121 123 126 126 121 123 123 123 130 130 129 128 124 128 125 131 131
94 102 106 99 73 69 65 59 67 74 77 83 100 105 107 110 108 106 106 106 109 112 112 112 113 114 115 115 115 111 111 112 112 111 114 112 113 113 113 113 108 111 112 112 113 114 115 114 119 114 115 116 121 121 115 120 119 119 122 122 122 123 123 120 121 116 123 123 122 125 125 126 126 124 120 124 121 121 121 121 123 129 128 129 129 127 130 127 128 131 123 124 124 125 124 124
