ecocropFuture/tif/c6/rcp585/ACCESS-CM2/prec_4.asc
ncols        683
nrows        518
xllcorner    -87.691666666667
yllcorner    10.708333333333
cellsize     0.008333333333
NODATA_value  nan
[rows 408 to 458 of 518, columns 384 to 479 of 683]
64 57 67 68 64 65 68 70 53 53 55 55 74 75 60 79 76 67 63 75 73 78 78 78 67 63 68 68 69 60 66 61 62 63 68 73 74 70 58 66 59 60 63 64 65 70 71 71 72 77 92 88 79 80 89 90 95 96 91 94 90 91 86 92 95 95 95 95 92 96 92 89 93 96 97 106 106 91 91 100 102 104 101 104 101 97 94 98 102 105 103 103 103 106 100 108
66 67 66 66 64 69 68 70 61 72 73 82 83 84 67 72 75 76 75 60 68 74 78 78 63 49 64 69 73 70 61 53 54 59 55 73 74 70 66 59 59 68 60 64 70 70 71 64 64 73 83 93 88 89 94 95 86 96 96 96 86 91 91 102 116 116 101 95 96 96 101 98 96 96 99 91 97 91 97 92 100 104 101 97 97 104 102 105 104 105 106 105 101 101 94 108
67 67 59 59 67 65 69 66 62 62 74 82 83 83 64 65 75 76 76 68 68 69 78 78 67 58 59 65 70 71 62 54 54 64 55 64 65 71 66 67 60 60 61 62 71 66 71 72 65 65 78 93 89 89 95 90 91 91 97 97 92 86 87 92 95 104 102 92 92 88 100 100 98 96 99 97 91 91 100 92 100 103 104 104 97 97 97 93 105 105 106 104 103 103 100 108
58 68 67 60 67 69 70 66 72 81 82 89 83 75 64 65 75 76 75 76 77 78 78 72 68 64 51 52 52 53 62 63 63 64 64 65 65 86 76 59 64 64 70 62 71 71 72 72 65 73 78 88 89 85 90 81 82 92 97 97 92 93 87 96 95 95 92 96 97 100 100 100 98 99 96 97 94 91 92 98 92 92 98 101 101 101 105 105 105 102 106 105 103 101 96 108
68 68 59 47 53 61 69 61 61 81 81 82 82 75 64 57 67 71 72 76 77 78 70 67 68 65 66 74 71 61 67 68 68 73 79 79 75 86 87 68 74 70 70 76 71 64 72 72 73 78 88 84 89 95 90 91 91 96 97 94 92 93 93 93 95 87 94 96 99 100 101 98 102 99 99 99 101 99 95 92 92 95 98 101 104 101 97 102 102 100 101 97 99 108 108 nan
63 68 59 57 57 70 70 69 66 53 62 63 64 65 66 70 71 75 77 73 61 69 78 72 68 69 81 74 83 75 76 83 77 74 65 75 76 76 82 74 66 62 79 80 71 72 64 77 92 93 88 89 94 95 90 91 91 96 94 97 95 93 93 99 87 91 87 94 97 95 98 101 98 101 99 101 101 99 94 95 98 100 101 101 103 99 101 103 104 96 107 119 128 106 nan nan
58 66 67 56 57 69 61 52 71 70 67 64 55 69 70 67 67 68 69 68 69 79 79 79 81 76 82 78 74 82 83 77 84 78 75 86 76 77 78 69 70 71 71 71 76 81 86 72 78 83 89 94 95 90 90 86 87 87 97 97 93 95 93 94 95 94 92 88 97 97 98 101 102 99 102 99 97 91 92 92 92 92 93 99 99 93 98 119 128 105 69 71 80 80 nan nan
67 67 63 68 68 70 66 71 71 63 72 68 69 74 75 75 71 68 69 60 69 79 75 63 64 65 78 78 74 78 83 83 73 86 81 82 83 87 82 74 70 75 63 63 64 81 81 82 82 79 84 89 90 85 86 91 97 97 97 95 95 98 99 100 96 96 88 103 88 89 101 101 99 99 99 103 102 103 98 98 92 95 95 98 104 104 119 82 79 71 nan nan nan 101 nan nan
48 58 68 64 64 65 66 71 67 71 71 68 65 62 75 75 76 72 60 68 61 75 80 63 71 71 65 78 79 78 77 77 84 86 71 79 83 87 82 78 75 80 71 63 64 72 82 82 78 79 79 80 90 90 86 92 93 94 97 95 95 93 94 96 96 96 99 92 89 95 101 101 94 99 99 103 103 102 100 98 92 98 104 108 120 120 105 82 nan nan nan nan nan nan nan nan
69 58 59 64 64 70 70 71 71 72 64 72 73 66 74 75 68 72 60 60 61 75 72 80 81 82 78 78 79 78 83 84 84 86 86 82 87 82 82 69 78 79 75 63 67 72 82 82 83 80 80 80 95 96 96 97 96 94 92 92 98 98 96 97 96 96 94 95 89 98 98 101 99 103 103 102 103 103 102 100 92 98 119 120 82 82 69 80 nan nan nan nan nan nan nan nan
63 58 63 59 64 65 66 71 59 60 65 61 62 67 74 68 63 69 78 78 79 79 73 73 73 69 82 83 67 67 76 80 86 86 86 87 80 88 88 83 83 79 75 63 64 64 77 93 88 89 95 95 95 96 90 91 93 97 98 95 98 98 96 97 96 96 97 88 98 96 96 99 99 99 102 99 100 100 100 98 94 119 81 69 80 100 94 92 nan nan nan nan nan nan nan nan
68 67 69 60 50 61 66 66 71 64 60 73 74 67 75 68 60 70 77 78 79 75 75 76 81 74 76 83 79 67 68 69 80 86 86 71 83 81 81 89 90 90 91 91 81 82 82 92 89 90 88 89 91 90 93 91 84 94 98 94 99 100 99 94 87 87 95 92 89 98 101 101 99 99 97 98 98 98 104 104 129 69 80 100 92 94 92 nan nan nan nan nan nan nan nan nan
67 68 69 69 70 62 63 59 60 60 65 73 74 74 76 76 65 72 73 74 79 80 75 73 64 82 76 76 79 74 76 77 78 87 82 82 80 88 81 82 90 90 91 91 86 82 83 93 93 94 94 95 95 92 90 97 94 94 98 95 99 100 100 97 87 91 92 92 89 96 90 99 99 100 98 94 104 104 107 129 81 80 93 91 91 69 78 nan nan nan nan nan nan nan nan nan
68 63 59 64 69 70 66 72 72 73 74 73 75 75 76 71 77 78 70 61 61 62 63 73 82 83 83 83 79 76 79 80 81 79 82 80 83 88 90 90 90 80 85 91 92 87 88 89 94 94 94 96 91 92 93 98 97 94 95 99 100 100 101 97 94 94 88 95 96 93 90 90 97 98 94 98 120 130 130 82 81 100 93 77 nan 69 nan nan nan nan nan nan nan nan nan nan
63 59 60 64 62 65 71 72 73 68 65 65 66 67 71 68 72 78 70 71 75 72 71 64 77 83 78 79 77 68 68 69 81 79 71 80 83 73 90 84 85 85 76 91 92 83 83 89 95 95 90 96 96 93 93 98 94 94 95 99 100 101 97 100 94 95 88 95 92 97 93 90 91 100 94 120 106 71 70 71 104 92 93 77 77 69 nan nan nan nan nan nan nan nan nan nan
63 63 64 65 70 66 62 63 67 68 65 66 66 70 68 72 72 73 70 61 62 62 63 73 73 78 78 76 67 68 77 69 70 71 71 72 81 82 89 90 91 85 81 92 92 88 88 89 89 90 86 91 97 93 98 98 97 98 98 95 101 100 97 100 96 97 92 95 92 89 90 99 97 98 94 131 106 71 82 82 102 92 78 69 67 67 nan nan nan nan nan nan nan nan nan nan
69 69 64 61 71 71 66 63 64 54 64 55 66 57 68 72 72 73 70 71 70 71 63 77 73 75 79 80 68 86 69 78 79 71 71 72 81 74 82 91 91 86 81 77 83 79 80 68 76 85 86 92 92 93 98 97 98 100 100 93 96 96 87 95 94 95 92 105 97 98 104 98 98 98 99 120 131 82 71 70 95 69 67 64 64 64 nan nan nan nan nan nan nan nan nan nan
60 69 70 70 71 71 72 67 64 65 65 66 67 57 58 58 73 79 79 74 62 63 82 74 75 73 73 75 68 77 81 78 77 88 72 79 97 80 92 85 91 81 87 82 74 67 68 68 76 69 92 92 83 88 94 99 98 98 99 101 99 87 91 98 91 97 97 105 98 92 98 107 107 105 108 120 131 82 82 105 93 77 64 64 67 nan nan nan nan nan nan nan nan nan nan nan
69 64 65 65 66 72 72 73 68 74 75 75 70 77 70 78 78 72 72 73 81 74 75 83 78 76 66 77 78 80 81 70 77 80 72 79 89 90 90 91 92 92 77 74 83 84 85 85 85 86 97 96 87 88 94 90 91 100 96 96 96 87 91 98 91 97 105 98 89 96 98 107 104 107 105 106 81 70 94 93 91 64 64 69 nan nan nan nan nan nan nan nan nan nan nan nan
69 70 71 71 66 73 65 66 74 75 75 75 76 77 77 78 79 67 68 69 81 82 83 84 84 79 79 85 86 80 78 70 79 80 80 79 79 74 83 84 87 92 88 79 75 84 85 86 86 83 92 98 98 98 99 91 88 96 96 94 94 98 98 92 95 95 96 89 92 89 93 93 98 105 108 120 81 82 94 76 69 67 64 69 nan nan nan nan nan nan nan nan nan nan nan nan
70 70 71 72 72 73 74 74 65 69 75 68 69 70 70 71 79 72 80 74 70 77 83 84 85 84 77 77 78 69 76 77 71 71 72 79 91 83 83 84 87 88 93 89 75 76 81 86 83 80 84 83 98 89 95 100 99 92 96 96 91 91 98 98 88 88 99 96 89 97 97 90 93 99 107 120 81 82 94 68 68 69 67 nan nan nan nan nan nan nan nan nan nan nan nan nan
64 71 72 66 66 67 68 69 69 69 76 69 60 70 78 79 80 73 74 70 71 83 84 77 85 85 80 78 78 69 76 77 71 81 81 73 91 74 86 87 92 88 95 89 80 80 77 82 84 81 80 84 94 95 95 101 99 99 96 94 87 87 88 88 88 88 96 99 89 90 97 97 93 99 120 132 106 82 94 92 nan 77 69 nan nan nan nan nan nan nan nan nan nan nan nan nan
65 61 66 66 52 52 64 75 75 76 68 60 45 56 71 79 80 74 82 70 61 71 84 77 78 85 79 86 78 78 82 83 83 72 81 82 74 80 84 93 90 89 90 81 76 85 86 88 89 90 86 82 85 100 99 101 97 101 100 94 87 88 96 101 95 88 89 99 89 98 93 93 93 120 106 69 82 93 92 nan nan nan nan nan nan nan nan nan nan nan nan nan nan nan nan nan
61 62 72 73 73 67 74 69 76 64 64 61 61 56 67 73 74 82 82 71 53 66 84 78 85 79 80 86 87 87 82 83 81 72 79 80 92 81 88 95 94 95 90 91 81 82 86 84 73 81 82 95 100 96 96 101 95 96 94 97 87 88 96 98 88 96 89 89 89 99 106 107 106 82 82 101 92 92 nan nan nan nan nan nan nan nan nan nan nan nan nan nan nan nan nan nan
65 66 73 60 61 62 67 75 76 69 69 65 56 56 68 65 60 82 83 83 68 68 63 63 85 85 80 81 69 76 77 98 98 91 79 74 75 87 85 89 86 86 91 97 95 87 87 98 98 94 99 98 94 95 99 99 94 96 100 95 91 92 88 89 91 92 89 106 107 107 105 70 106 92 92 67 89 nan nan nan nan nan nan nan nan nan nan nan nan nan nan nan nan nan nan nan
66 62 67 73 66 68 75 68 65 65 61 62 62 72 73 74 82 75 76 76 77 77 63 54 68 79 87 88 69 89 90 98 91 91 92 80 76 89 85 77 78 87 91 90 91 97 92 93 97 97 99 98 98 98 99 99 94 94 95 91 99 92 89 99 91 92 92 106 119 105 106 107 91 89 89 89 89 nan nan nan nan nan nan nan nan nan nan nan nan nan nan nan nan nan nan nan
66 62 67 74 66 75 76 64 61 70 78 71 67 73 73 69 82 82 83 84 72 68 68 69 69 75 88 88 80 70 71 71 72 83 74 80 81 76 82 82 78 87 90 90 91 91 92 98 98 97 94 95 95 99 101 99 100 100 95 95 99 88 97 97 91 106 120 106 70 70 82 93 92 74 74 89 nan nan nan nan nan nan nan nan nan nan nan nan nan nan nan nan nan nan nan nan
72 63 63 66 62 68 76 77 61 70 79 79 68 73 74 70 70 70 83 77 84 73 69 70 70 81 88 87 82 81 84 71 82 83 83 84 76 76 94 82 83 87 88 88 91 89 98 93 93 98 95 90 96 99 98 102 103 100 97 98 88 88 97 97 89 106 108 81 109 108 102 92 74 67 74 nan nan nan nan nan nan nan nan nan nan nan nan nan nan nan nan nan nan nan nan nan
66 66 74 66 75 76 77 77 70 71 79 79 68 73 74 75 83 83 83 77 78 79 79 80 80 81 88 88 88 89 84 82 83 85 74 81 94 94 94 83 89 90 95 89 91 92 93 93 94 99 101 91 97 102 102 103 103 101 96 91 100 92 97 97 89 107 134 81 83 108 93 88 74 65 74 nan nan nan nan nan nan nan nan nan nan nan nan nan nan nan nan nan nan nan nan nan
73 66 74 62 62 68 65 77 71 68 72 73 80 81 60 75 76 83 83 77 78 69 69 87 87 88 88 82 83 84 90 84 83 73 74 81 81 82 103 83 89 97 87 98 98 97 98 98 99 101 96 101 101 102 96 90 91 99 100 107 107 100 100 107 108 134 81 70 110 102 91 88 74 65 88 nan nan nan nan nan nan nan nan nan nan nan nan nan nan nan nan nan nan nan nan nan
73 74 75 67 76 76 77 71 68 58 59 70 74 74 70 85 73 77 77 78 79 79 80 75 88 82 82 80 71 82 90 90 83 84 93 94 94 95 90 89 95 90 97 99 97 94 95 96 91 101 101 102 102 96 90 91 107 107 107 107 121 121 134 135 122 135 81 70 110 88 92 88 67 67 nan nan nan nan nan nan nan nan nan nan nan nan nan nan nan nan nan nan nan nan nan nan
66 67 75 68 76 69 70 71 78 79 72 74 75 75 62 73 76 84 78 78 73 74 70 75 76 76 77 89 71 79 72 83 86 74 81 75 76 88 88 88 88 89 91 90 90 91 99 97 92 84 88 92 97 100 97 95 87 88 92 107 107 108 109 122 122 136 82 82 84 94 94 67 67 67 nan nan nan nan nan nan nan nan nan nan nan nan nan nan nan nan nan nan nan nan nan nan
74 74 75 76 68 69 78 78 71 72 80 74 81 82 73 73 77 84 85 86 73 64 70 75 82 89 90 89 82 82 72 84 84 86 85 85 87 88 89 91 88 91 92 92 93 93 101 92 88 80 81 81 88 93 104 102 98 97 92 108 109 122 109 122 123 123 82 71 111 92 92 74 65 67 nan nan nan nan nan nan nan nan nan nan nan nan nan nan nan nan nan nan nan nan nan nan
52 61 58 68 63 64 64 65 66 72 73 81 74 75 82 63 72 85 78 79 87 70 71 67 72 90 91 91 90 84 72 80 81 74 75 82 96 78 79 99 91 92 93 91 98 101 101 89 80 95 108 106 81 78 99 105 98 92 101 108 122 110 123 123 137 137 82 71 112 92 88 74 67 67 nan nan nan nan nan nan nan nan nan nan nan nan nan nan nan nan nan nan nan nan nan nan
57 62 63 59 59 60 61 61 66 67 67 74 82 83 83 76 77 85 86 87 87 81 75 72 72 83 84 90 84 91 84 81 81 82 95 76 96 83 79 89 89 81 99 94 101 87 87 85 88 99 113 107 90 85 93 105 97 101 102 102 110 110 110 123 138 138 110 71 113 92 75 67 67 66 nan nan nan nan nan nan nan nan nan nan nan nan nan nan nan nan nan nan nan nan nan nan
61 68 63 55 55 46 56 57 66 63 73 82 82 82 83 77 84 85 86 86 88 75 82 82 77 90 89 90 91 86 86 85 75 75 76 76 97 97 84 80 80 81 100 101 97 88 88 86 81 98 97 82 79 85 100 105 97 93 93 93 102 94 103 110 124 124 111 71 113 93 75 67 66 64 nan nan nan nan nan nan nan nan nan nan nan nan nan nan nan nan nan nan nan nan nan nan
54 55 55 51 55 46 57 47 58 49 68 74 83 82 83 85 86 86 87 80 81 81 82 77 83 78 85 85 93 94 87 88 88 89 89 77 83 79 90 90 85 81 91 103 91 92 93 93 92 101 98 83 79 89 100 98 99 98 99 99 100 91 95 103 103 111 125 111 114 93 67 66 64 64 nan nan nan nan nan nan nan nan nan nan nan nan nan nan nan nan nan nan nan nan nan nan
51 51 55 55 52 56 47 48 58 59 60 75 76 71 71 72 79 80 80 88 88 89 72 77 84 85 79 80 87 94 85 86 87 89 82 77 89 90 86 85 91 91 92 94 100 102 100 104 96 85 85 83 80 86 89 103 98 90 90 94 91 95 110 104 111 111 112 111 114 89 75 64 64 66 nan nan nan nan nan nan nan nan nan nan nan nan nan nan nan nan nan nan nan nan nan nan
65 66 65 66 52 56 57 48 49 49 60 65 70 71 72 73 74 74 80 87 87 88 77 78 91 92 80 80 87 93 87 86 87 90 88 77 79 91 100 102 103 101 101 103 100 100 101 102 100 89 81 81 86 86 87 96 104 100 94 94 91 101 95 104 111 112 112 141 72 93 68 67 67 60 nan nan nan nan nan nan nan nan nan nan nan nan nan nan nan nan nan nan nan nan nan nan
70 71 72 71 72 67 57 54 55 56 66 84 85 77 78 74 74 80 71 75 88 88 91 78 92 93 93 94 88 94 86 83 78 78 77 89 79 94 102 89 90 89 98 101 100 100 96 102 94 86 80 86 86 86 91 89 103 103 108 105 105 106 92 105 112 84 72 112 84 115 93 64 64 64 nan nan nan nan nan nan nan nan nan nan nan nan nan nan nan nan nan nan nan nan nan nan
71 72 67 56 72 68 54 55 56 51 71 84 84 86 87 80 74 81 75 76 88 89 90 85 85 91 86 95 96 97 87 83 77 84 98 79 80 100 92 88 85 85 84 98 100 94 96 97 101 93 85 89 89 90 91 96 108 103 108 106 106 106 93 93 105 113 84 84 73 115 94 68 64 64 nan nan nan nan nan nan nan nan nan nan nan nan nan nan nan nan nan nan nan nan nan nan
55 53 60 58 68 54 49 63 68 69 77 86 86 79 79 80 75 82 82 90 89 82 90 82 84 83 84 87 88 89 96 77 78 84 99 85 93 102 97 87 84 87 86 98 103 84 95 101 102 102 103 101 106 107 107 107 108 108 105 102 106 107 103 93 106 113 113 113 73 116 94 75 67 65 69 nan nan nan nan nan nan nan nan nan nan nan nan nan nan nan nan nan nan nan nan nan
52 61 61 49 68 58 55 60 64 70 76 78 86 85 77 77 80 88 79 88 89 89 83 82 92 86 87 88 86 77 88 88 91 89 92 91 91 94 97 103 90 90 97 104 95 85 85 90 86 97 88 98 104 104 104 105 108 109 102 102 106 107 107 107 104 97 128 144 74 107 94 90 68 65 90 nan nan nan nan nan nan nan nan nan nan nan nan nan nan nan nan nan nan nan nan nan
67 57 57 74 74 74 70 60 61 70 77 85 72 86 85 87 88 80 80 88 84 90 90 84 72 80 81 75 76 77 77 88 78 98 99 100 94 92 95 100 103 103 98 104 103 101 101 96 97 98 98 99 99 100 105 106 102 106 103 102 103 103 107 108 104 98 114 145 115 74 97 90 69 69 76 nan nan nan nan nan nan nan nan nan nan nan nan nan nan nan nan nan nan nan nan nan
66 68 66 66 67 77 75 71 53 62 66 63 55 56 80 81 81 89 90 83 84 90 91 83 84 80 81 82 77 77 98 84 89 98 93 94 95 95 95 93 97 90 104 101 96 102 102 105 106 106 99 104 100 105 106 104 110 107 111 100 108 112 112 108 109 106 98 146 115 74 98 95 69 68 69 nan nan nan nan nan nan nan nan nan nan nan nan nan nan nan nan nan nan nan nan nan
72 68 74 74 74 78 75 71 53 58 58 59 75 60 65 74 75 90 83 91 84 85 93 92 73 106 101 101 108 102 102 109 85 91 94 92 94 100 94 94 101 101 104 102 96 99 105 98 103 104 105 108 108 105 104 105 98 110 107 107 107 108 105 105 106 106 115 130 130 75 119 95 76 68 68 nan nan nan nan nan nan nan nan nan nan nan nan nan nan nan nan nan nan nan nan nan
57 57 78 75 77 78 60 71 57 58 59 64 81 65 65 75 75 83 83 89 78 85 93 92 85 97 98 108 102 112 103 109 85 81 92 80 92 100 100 94 101 99 99 106 97 102 103 98 99 100 100 104 104 105 110 110 111 106 111 107 108 108 105 96 106 107 109 148 116 86 90 96 77 69 69 nan nan nan nan nan nan nan nan nan nan nan nan nan nan nan nan nan nan nan nan nan
68 58 75 82 76 70 60 57 58 54 63 56 65 81 69 75 82 83 91 90 93 93 92 85 73 97 108 102 102 113 114 110 85 86 86 80 81 93 101 101 102 106 106 103 103 106 103 98 100 100 101 109 92 105 106 99 111 111 107 112 109 113 109 106 107 107 109 131 117 87 75 98 91 70 69 69 nan nan nan nan nan nan nan nan nan nan nan nan nan nan nan nan nan nan nan nan
58 59 57 63 57 60 53 57 58 55 72 72 65 58 70 88 90 91 92 90 91 84 72 73 81 98 99 109 114 113 104 101 86 86 80 93 94 95 95 102 103 104 107 107 106 103 108 105 105 106 110 105 98 106 100 107 107 107 101 108 113 102 103 110 110 107 98 117 117 116 76 99 96 77 70 70 nan nan nan nan nan nan nan nan nan nan nan nan nan nan nan nan nan nan nan nan
59 52 64 64 64 61 61 62 55 56 72 79 74 74 82 90 76 77 78 93 92 84 80 81 98 109 99 100 110 104 115 101 102 102 102 81 95 96 96 96 98 97 99 99 103 104 109 109 98 105 98 94 106 100 100 107 107 101 96 109 102 103 103 115 115 115 108 101 132 151 117 76 99 91 70 70 nan nan nan nan nan nan nan nan nan nan nan nan nan nan nan nan nan nan nan nan
64 64 60 52 53 53 57 58 59 63 68 69 69 75 90 91 77 92 85 74 87 93 85 81 99 99 99 100 84 78 85 85 80 87 82 95 102 102 106 103 103 98 105 109 102 102 103 104 106 94 94 88 86 86 92 100 101 101 102 102 103 110 115 111 104 112 109 109 111 117 132 77 111 97 96 71 nan nan nan nan nan nan nan nan nan nan nan nan nan nan nan nan nan nan nan nan
