ecocropFuture/tif/c6/rcp585/ACCESS-CM2/prec_9.asc
ncols        683
nrows        518
xllcorner    -87.691666666667
yllcorner    10.708333333333
cellsize     0.008333333333
NODATA_value  nan
[rows 294 to 335 of 518, columns 188 to 281 of 683]
311 302 255 225 236 228 234 234 227 227 240 240 241 244 244 240 232 225 230 233 246 237 259 247 247 223 227 222 222 225 225 222 222 225 218 259 253 256 257 257 253 239 235 244 240 244 239 243 247 268 234 235 254 267 254 254 265 261 258 257 256 257 256 255 236 236 235 234 234 236 236 236 235 237 238 257 249 255 242 244 215 215 215 208 210 216 207 208 213 215 212 210 210 209
305 279 255 279 279 255 224 228 241 221 229 229 231 233 247 246 234 231 234 245 259 265 260 250 225 223 226 225 223 216 223 225 223 221 217 260 262 242 241 242 240 239 239 251 252 243 239 240 265 236 238 233 255 267 266 271 269 257 261 257 258 251 258 249 235 235 232 227 235 236 237 237 236 239 248 258 257 241 216 218 218 219 218 210 212 213 207 209 211 215 215 210 209 209
283 226 256 256 279 279 225 228 242 229 230 230 231 231 226 227 227 236 256 245 252 260 264 227 228 218 227 222 224 218 217 225 224 222 220 261 260 262 241 239 239 236 236 241 247 242 241 245 252 230 266 255 273 265 264 270 261 255 241 259 260 251 250 238 231 236 236 230 232 236 239 238 236 236 248 257 257 243 218 217 217 217 214 217 212 211 210 212 215 216 208 212 210 210
286 258 257 257 256 256 226 237 242 229 230 242 243 232 235 234 232 236 244 247 253 257 264 231 227 220 219 226 225 219 220 219 218 226 223 225 252 262 261 250 238 239 239 239 231 237 240 246 249 246 245 244 264 272 271 270 252 222 263 239 238 237 239 238 237 237 237 236 236 233 231 235 238 249 240 258 257 242 219 218 219 219 219 219 219 215 215 220 221 215 214 217 215 212
289 307 306 258 226 281 257 231 229 243 243 230 244 246 235 227 232 234 235 236 255 266 256 229 227 232 223 223 219 228 231 231 227 228 225 227 230 223 252 248 217 217 266 250 240 238 242 245 240 243 240 242 243 250 264 270 255 224 219 253 239 234 237 238 233 236 236 235 235 235 239 233 237 239 240 242 263 245 220 221 224 221 222 217 216 220 216 214 212 212 224 219 237 255
266 262 259 282 282 282 283 230 230 230 222 223 224 246 232 224 232 235 236 239 241 259 270 256 262 223 223 223 222 253 229 228 227 228 220 221 230 220 250 221 224 224 225 220 249 245 242 243 241 243 244 242 242 245 262 266 266 246 243 241 237 236 234 230 234 237 248 247 247 247 248 239 237 240 242 257 247 262 218 220 222 222 222 222 220 226 218 215 215 217 215 219 212 255
251 241 233 232 230 231 287 231 244 244 244 225 225 231 234 234 234 235 237 254 268 258 244 265 229 228 228 225 225 229 233 232 223 228 222 232 229 248 221 223 224 216 217 216 225 265 242 240 238 242 239 241 244 241 240 238 235 240 235 238 240 235 235 234 238 239 248 256 256 256 256 257 240 235 235 238 247 256 261 225 224 222 225 231 229 228 221 216 238 237 215 222 238 235
229 249 235 236 236 236 236 232 232 233 232 239 224 231 237 245 257 236 236 250 264 264 269 263 263 262 265 267 264 255 231 229 225 226 233 233 227 227 222 227 226 217 216 217 223 267 247 242 246 243 240 253 244 240 249 247 230 229 239 243 236 237 233 231 234 249 257 257 258 257 256 259 263 243 244 247 268 257 245 258 247 257 263 264 264 262 264 260 237 237 240 247 241 211
241 253 237 269 234 236 228 241 246 236 235 241 246 233 232 236 246 237 226 237 263 225 255 263 263 262 264 253 264 256 257 226 229 226 226 233 227 226 225 222 222 228 223 223 218 268 246 238 242 237 241 250 248 238 242 243 234 262 235 238 236 236 235 235 234 238 260 243 243 259 258 252 257 260 247 248 262 219 255 245 244 240 259 260 254 261 255 253 257 238 260 264 261 257
240 228 252 240 239 252 238 234 227 230 229 238 248 224 224 232 236 246 237 249 262 254 227 224 252 251 252 262 254 230 231 230 228 225 226 225 221 220 219 226 220 227 251 221 223 264 252 240 243 243 241 238 246 241 238 235 233 233 233 236 235 232 231 239 251 252 262 263 261 260 260 261 243 246 248 247 263 243 254 242 243 245 248 244 242 242 243 253 252 263 260 254 251 241
238 239 240 254 253 240 238 237 245 245 245 238 248 234 234 233 247 259 238 259 223 225 230 232 231 231 221 251 262 224 229 229 226 222 232 224 229 229 225 219 223 224 249 247 222 261 251 237 243 246 234 241 236 240 238 241 243 237 237 241 240 236 236 242 262 265 264 220 249 221 219 263 262 265 265 225 225 219 253 243 242 243 244 243 235 238 239 239 239 257 242 234 238 235
246 239 254 250 247 254 240 249 249 261 251 261 248 238 249 259 259 259 259 249 261 263 234 230 229 229 250 261 250 263 263 227 230 225 221 224 224 226 228 221 248 250 248 220 219 250 250 232 240 235 241 241 235 232 243 233 235 233 237 239 237 237 242 242 242 265 263 247 264 251 227 225 223 225 229 230 230 220 245 262 260 243 239 239 236 232 234 238 253 260 252 238 238 232
240 239 247 234 242 243 231 241 240 261 255 254 260 238 261 262 261 259 259 259 249 266 226 228 228 228 227 261 262 262 262 222 225 225 222 261 224 232 228 252 248 221 249 261 260 260 250 242 237 237 230 237 239 243 239 218 253 253 237 237 239 240 237 237 241 255 263 220 221 222 268 268 251 251 224 221 249 219 261 253 236 242 242 242 239 236 239 242 238 238 238 235 235 242
255 254 239 232 236 235 241 236 241 262 265 263 248 240 238 250 263 261 260 261 262 265 228 224 228 228 233 224 227 223 251 251 223 223 222 252 223 224 227 262 249 221 248 261 261 260 250 242 237 237 235 236 233 240 242 238 244 245 238 240 239 244 244 256 256 266 266 222 265 252 266 265 267 266 221 220 259 264 265 256 254 239 252 252 239 239 239 239 235 235 233 232 232 232
233 233 242 241 234 243 234 240 243 264 256 255 262 239 238 240 251 253 261 253 253 263 227 225 252 252 229 228 228 228 224 224 227 223 251 262 261 262 264 263 261 222 248 259 259 260 251 241 237 241 238 239 235 236 229 245 241 243 239 246 244 258 242 266 269 269 225 230 226 223 221 264 264 267 248 218 257 245 254 244 261 259 252 252 252 239 243 239 236 233 229 233 220 232
249 245 235 233 244 247 249 248 246 256 237 265 263 238 229 235 240 262 253 253 262 251 263 253 253 253 263 252 263 228 228 228 228 250 262 262 251 262 263 263 262 223 249 261 260 251 251 243 242 232 241 241 241 238 239 242 237 239 242 247 248 247 245 266 269 272 256 233 234 229 226 220 264 259 263 245 263 244 253 243 260 242 260 260 260 242 235 235 232 234 233 233 233 233
250 249 245 245 250 267 267 258 267 235 233 264 261 240 227 227 236 240 250 262 243 242 242 242 251 264 263 243 242 251 226 226 226 263 244 251 262 262 251 251 250 249 249 262 260 261 251 251 252 243 239 234 233 234 240 250 240 242 241 259 260 257 266 265 269 270 258 235 230 227 223 221 247 265 263 264 245 243 242 256 264 262 262 247 256 244 236 236 236 233 233 232 232 232
254 248 264 254 254 265 267 236 239 235 257 263 242 226 238 251 250 238 241 242 243 244 238 242 243 252 244 232 239 238 265 264 264 252 244 246 263 224 224 224 225 250 250 249 262 263 263 249 244 238 234 240 240 239 241 251 241 249 249 262 268 253 222 252 249 253 279 276 274 254 224 223 250 267 266 258 257 245 245 245 256 263 245 237 234 240 232 239 243 239 239 239 252 243
253 253 264 264 264 248 265 265 267 258 265 246 228 226 245 238 238 238 240 243 242 244 245 239 231 241 238 245 251 234 254 264 263 263 263 252 251 225 232 232 227 250 263 250 224 249 264 252 243 241 247 243 246 246 247 245 249 260 269 257 227 231 232 227 261 252 256 273 257 227 253 252 267 269 259 267 265 256 255 262 261 254 234 233 234 232 232 234 252 252 239 243 259 252
267 265 264 254 254 250 248 248 253 258 265 247 240 239 245 239 272 246 246 229 243 243 239 241 240 241 240 251 244 249 248 240 246 246 263 263 265 251 225 228 225 251 264 251 250 226 226 263 243 240 245 260 258 261 252 251 273 272 257 229 232 231 229 276 253 249 255 280 260 230 256 254 268 267 266 267 265 265 247 245 263 254 244 252 244 246 244 243 252 259 259 252 259 259
265 253 265 267 265 265 248 248 253 258 258 253 242 245 245 246 239 246 250 240 231 238 240 250 233 250 241 240 241 237 248 235 246 246 240 241 246 264 263 251 252 264 264 264 251 224 224 224 263 245 242 247 252 274 233 273 259 257 225 226 229 229 225 270 241 254 250 251 269 275 274 274 271 251 267 267 268 267 266 265 265 241 244 254 267 269 265 262 262 261 214 214 260 259
267 265 267 267 265 259 253 265 265 259 259 268 243 248 246 240 240 241 247 250 247 246 251 246 242 247 273 273 298 238 248 236 246 246 240 250 241 254 265 265 253 265 265 265 224 225 227 226 251 244 236 236 251 262 232 232 260 256 227 228 228 229 227 271 243 254 251 241 247 243 264 263 249 268 269 267 268 247 247 246 256 243 241 245 268 266 247 243 261 262 240 214 214 214
259 259 259 265 265 254 254 265 265 267 259 268 248 242 232 252 242 252 252 251 252 251 247 239 251 247 273 273 244 249 242 242 235 241 241 249 247 243 257 265 253 254 266 267 255 227 227 227 227 252 265 258 261 257 258 257 260 256 252 224 229 232 232 256 253 242 238 242 242 239 246 249 260 268 251 268 260 244 249 249 248 258 245 253 265 265 265 263 262 244 216 216 218 214
259 267 267 259 238 265 265 265 265 265 266 267 249 243 243 243 248 248 232 252 242 243 243 241 251 247 275 299 301 246 249 239 242 243 245 277 251 240 258 254 227 254 266 254 258 228 228 227 232 227 227 228 228 227 227 232 258 234 226 223 225 229 260 277 248 238 237 236 236 241 246 259 268 268 251 248 238 238 245 260 258 256 263 263 264 264 265 265 244 217 218 218 219 218
259 259 259 259 239 259 268 259 268 268 266 254 248 243 249 248 244 242 245 242 249 301 303 248 251 251 247 240 240 247 244 275 275 299 300 301 277 256 247 254 267 266 269 270 263 230 257 226 229 233 232 232 234 231 231 233 234 235 231 223 268 272 275 276 263 242 237 235 239 244 244 241 241 241 241 240 240 238 237 246 246 254 245 264 258 266 267 266 244 217 218 219 216 221
259 259 267 267 259 259 268 266 259 259 266 255 242 249 245 244 244 244 243 243 244 249 279 249 251 245 245 244 244 244 250 238 275 300 246 245 242 255 242 247 249 248 249 263 277 275 274 232 231 234 236 236 232 227 227 231 225 232 231 226 266 249 264 266 260 248 244 240 239 244 240 239 242 243 242 246 243 237 236 239 239 239 242 246 266 267 266 266 265 264 264 216 215 240
249 249 252 252 265 268 239 241 241 241 260 269 249 243 248 242 244 245 247 243 253 246 252 252 251 249 244 243 244 244 243 250 240 276 248 247 246 254 236 236 244 238 239 250 266 277 265 236 234 236 240 239 237 230 226 225 231 231 230 225 266 260 264 262 268 256 240 244 248 243 240 242 243 242 242 242 238 242 237 237 244 243 243 243 266 248 220 220 265 219 217 242 216 215
255 251 244 252 265 260 239 245 238 244 247 261 250 236 254 245 245 243 279 244 237 247 246 245 251 248 233 247 243 243 242 234 247 245 239 247 250 243 236 242 243 243 245 250 266 280 267 237 237 238 236 233 231 226 227 225 225 232 230 225 271 261 269 251 249 266 247 247 248 244 240 236 243 246 245 242 239 240 237 238 244 257 257 248 248 220 220 247 248 246 222 219 219 223
251 255 255 250 249 266 239 238 238 238 238 261 255 244 244 243 243 243 280 250 247 251 251 250 245 252 245 242 234 252 244 252 251 247 246 250 250 246 250 236 236 237 239 241 253 267 280 238 239 239 243 234 230 227 226 225 224 231 226 231 227 229 226 250 222 249 264 240 240 240 240 244 240 245 242 238 238 237 240 240 241 245 248 259 248 249 220 248 248 220 221 222 220 219
283 255 255 233 233 244 253 239 248 247 247 260 250 245 234 244 254 254 245 237 257 257 251 251 251 237 235 243 234 241 241 248 251 236 237 246 246 251 254 239 245 244 245 245 251 254 265 263 236 241 242 243 235 232 228 227 226 232 226 226 252 226 224 250 223 224 265 235 238 242 239 245 245 242 237 237 240 236 244 240 241 245 245 269 224 225 221 248 266 222 220 222 226 221
338 338 284 255 284 245 253 269 269 239 261 270 256 256 256 251 251 251 252 269 270 252 251 252 252 246 249 249 242 241 241 248 236 237 250 250 249 236 248 250 265 253 252 253 254 261 271 271 231 241 240 239 243 243 241 236 234 232 227 225 253 232 226 225 224 224 249 241 241 240 237 244 246 242 242 242 241 240 240 240 245 259 260 271 270 223 222 248 248 222 221 221 228 222
339 339 311 338 251 245 260 248 246 242 270 270 261 261 242 248 239 263 270 258 271 271 252 247 239 238 246 252 246 252 245 243 251 257 268 270 270 270 269 251 253 253 263 278 276 271 271 271 271 259 264 237 233 262 235 235 229 252 268 269 268 255 225 224 225 266 265 245 237 236 236 244 242 242 241 237 245 245 240 244 245 248 248 262 269 250 251 223 249 222 223 225 225 227
339 339 339 344 244 249 261 242 239 246 240 262 262 240 248 242 263 263 273 258 274 273 271 253 252 248 239 247 252 245 245 249 271 259 236 241 233 232 257 250 251 251 250 262 264 250 270 250 257 269 276 263 235 260 231 235 229 226 268 268 257 268 268 250 224 250 266 249 245 240 237 242 243 236 244 269 258 258 257 243 244 248 247 248 257 267 272 256 224 222 224 225 222 222
339 312 285 339 254 269 240 249 246 243 262 271 271 262 240 240 273 273 273 273 263 272 272 259 247 248 239 247 252 245 252 258 260 236 242 240 233 259 250 237 250 250 244 245 245 244 257 248 248 257 273 278 275 257 260 231 235 228 269 268 249 256 256 250 250 224 267 255 248 241 241 242 243 241 244 267 249 267 267 266 247 244 256 256 247 249 272 274 269 247 268 251 223 227
340 312 256 285 243 246 246 240 240 243 262 271 272 263 241 241 263 263 263 271 271 271 259 259 254 253 253 248 247 246 253 270 271 237 241 236 259 259 269 249 249 244 243 238 249 238 244 244 237 249 258 253 254 275 257 230 229 229 269 268 268 267 268 251 224 224 267 256 246 242 237 247 250 248 266 267 268 268 267 256 247 243 256 265 265 248 249 249 248 257 257 267 231 234
285 256 248 253 248 248 246 240 246 241 271 269 272 263 241 250 244 264 274 272 260 255 260 259 253 253 253 271 253 247 258 236 235 235 259 272 271 271 271 251 251 244 238 246 246 248 241 242 249 248 237 240 238 252 256 255 253 254 270 258 249 268 251 225 250 251 266 249 246 251 243 246 269 251 250 268 268 268 268 248 248 247 256 247 247 248 244 257 256 247 247 259 274 229
313 256 251 251 248 261 240 243 241 262 269 252 256 273 250 251 245 274 272 272 272 272 272 272 271 272 272 271 273 261 260 260 259 259 272 258 269 258 258 272 260 245 250 245 238 248 239 253 249 242 246 237 248 251 274 255 253 269 269 252 268 268 251 251 267 268 267 250 247 247 247 251 270 269 267 267 268 250 257 244 244 244 241 242 241 241 245 267 265 248 248 243 260 265
313 285 256 256 251 269 269 270 268 268 251 252 272 273 244 242 264 273 260 261 275 265 241 264 264 274 274 271 258 273 272 272 259 236 235 237 234 242 242 235 273 245 245 238 238 240 248 248 240 249 248 239 245 244 251 259 269 228 228 269 253 227 226 252 252 251 269 268 251 247 250 261 261 271 268 269 266 257 257 256 237 244 241 241 237 242 258 266 266 265 240 243 248 260
285 256 250 252 247 266 241 243 270 268 269 272 272 263 242 242 275 273 261 256 256 273 265 264 240 241 263 239 239 238 273 270 272 259 238 242 242 236 234 233 272 245 238 238 245 249 247 249 247 249 246 249 248 247 244 246 248 268 269 270 270 270 269 254 270 269 253 268 247 243 259 259 251 250 259 268 257 245 249 249 241 241 241 241 240 242 257 257 265 256 248 248 243 243
252 252 252 241 260 246 248 242 241 270 241 249 248 245 245 245 246 244 276 256 256 256 273 275 264 263 240 239 241 238 273 272 260 259 236 237 237 259 258 252 250 253 246 246 245 245 238 238 249 249 245 245 246 245 243 246 248 257 258 268 270 269 260 261 256 259 270 271 271 270 269 257 250 250 258 258 257 257 258 249 238 242 250 244 249 249 256 265 256 256 248 248 244 240
252 241 242 247 240 241 241 249 243 262 242 250 242 248 248 243 245 246 265 273 260 256 275 274 264 274 263 240 241 241 271 260 260 272 272 238 235 271 258 245 237 253 249 247 245 245 238 245 245 249 245 238 244 245 246 244 249 248 269 270 270 271 273 263 275 249 248 273 255 271 258 251 250 250 257 250 269 250 269 269 245 242 258 266 249 249 249 256 266 266 257 249 249 244
251 241 228 246 240 241 241 241 247 241 249 248 248 248 249 245 245 252 246 265 265 275 275 264 241 243 263 240 239 241 238 238 260 272 272 259 235 259 271 246 247 247 248 249 247 247 238 245 249 249 252 252 239 245 245 245 268 258 251 259 259 251 252 254 256 255 254 263 275 273 259 247 247 247 258 252 224 224 269 268 259 245 258 267 257 266 257 249 249 249 258 245 244 240
