ecocropFuture/tif/c6/rcp585/ACCESS-CM2/prec_7.asc
ncols        683
nrows        518
xllcorner    -87.691666666667
yllcorner    10.708333333333
cellsize     0.008333333333
NODATA_value  nan
[rows 336 to 377 of 518, columns 285 to 379 of 683]
160 169 178 258 247 285 247 254 258 262 320 338 333 339 289 289 290 290 326 270 296 299 278 336 335 352 336 337 357 356 348 350 362 346 348 365 354 332 335 337 339 365 382 371 374 350 377 353 332 358 402 361 363 366 368 370 398 351 354 357 359 361 362 366 357 358 361 373 377 378 371 373 366 371 391 382 394 396 400 423 404 397 400 400 406 410 412 413 420 424 427 428 429 395 397
152 154 158 177 258 218 263 225 259 263 319 334 313 336 341 341 341 324 345 291 244 244 267 302 355 353 352 334 356 355 347 359 350 363 364 365 367 355 335 311 338 341 344 347 325 376 392 393 382 381 401 403 388 366 367 336 371 351 377 379 381 383 385 388 417 392 393 373 376 369 371 362 322 370 380 392 394 396 391 393 404 426 399 405 406 410 412 414 419 424 388 393 431 434 400
153 159 163 169 180 211 260 223 314 318 336 340 340 340 320 288 269 290 269 290 267 293 273 275 335 355 354 354 354 355 346 346 348 350 329 328 305 332 359 361 339 341 368 323 313 327 352 352 382 399 385 386 361 365 394 369 398 373 376 356 358 360 384 387 417 390 392 372 376 378 381 372 364 369 380 392 394 395 400 393 396 398 409 405 405 408 411 375 418 423 424 424 388 394 417
162 159 170 184 210 279 261 248 281 317 318 319 318 319 285 265 267 237 267 237 260 240 241 244 298 333 354 347 344 345 322 347 349 327 302 303 331 296 299 312 314 316 344 347 325 327 352 352 356 356 357 359 360 392 412 395 397 399 404 378 380 383 412 387 388 368 392 394 398 378 381 403 373 377 379 391 394 396 400 402 404 397 408 403 413 405 368 412 418 421 431 424 430 430 437
158 152 184 188 265 262 283 246 253 256 258 278 279 316 317 231 234 288 237 235 293 261 240 243 295 331 352 352 354 355 323 348 327 328 304 293 306 296 279 282 304 343 319 312 314 326 327 328 332 333 358 359 360 364 391 393 397 399 403 405 379 382 412 415 388 368 370 372 397 378 401 403 405 388 390 383 413 416 390 402 393 388 394 400 413 407 410 411 418 420 430 432 429 431 433
148 150 176 217 289 231 225 252 280 280 278 277 313 335 335 336 317 260 233 234 257 260 238 240 268 293 350 316 343 355 346 347 359 351 304 295 296 278 281 239 240 307 309 292 325 315 327 351 355 357 336 360 339 365 412 393 396 370 373 376 378 381 411 436 387 368 391 423 427 450 430 432 404 387 370 373 384 395 390 392 403 405 398 403 405 406 404 406 413 419 429 423 425 433 434
157 162 250 289 232 284 283 333 308 307 310 305 329 338 337 318 318 320 283 258 234 236 263 268 293 328 349 340 343 344 336 346 347 363 304 276 236 242 248 245 277 280 281 282 249 315 316 352 356 384 359 388 363 365 365 366 367 369 373 354 376 379 381 436 387 389 442 371 375 451 453 402 404 387 379 381 384 395 389 391 392 388 407 411 405 406 404 407 413 377 423 385 387 390 390
153 160 203 285 251 334 311 273 272 285 283 308 334 314 331 337 279 289 324 323 258 285 286 290 341 341 330 340 318 320 345 346 359 362 304 296 300 304 290 253 252 332 287 285 284 315 317 330 357 384 359 338 339 331 344 344 346 338 372 353 356 408 410 436 416 418 444 423 427 429 430 402 383 376 379 382 392 394 388 391 393 404 460 464 414 434 409 412 416 417 401 404 382 426 425
226 214 270 284 277 249 331 279 263 278 275 255 310 312 333 336 277 260 288 324 260 232 258 288 292 294 331 332 334 297 336 337 359 362 329 309 311 317 319 290 287 333 288 292 297 316 318 331 355 356 334 326 327 341 364 365 366 347 341 343 330 358 360 383 385 387 369 423 451 429 399 381 435 439 441 410 392 394 388 420 422 423 425 430 432 434 418 365 369 415 376 379 430 433 428
243 228 202 184 174 255 256 336 339 337 335 334 332 336 256 313 253 226 258 232 260 259 257 260 264 293 294 295 270 270 271 246 273 363 365 357 334 340 317 323 312 292 293 297 297 328 329 318 332 332 323 336 338 330 342 334 345 337 341 343 329 282 335 289 341 367 389 422 394 396 431 400 435 406 442 409 411 413 451 453 456 486 489 465 466 415 408 412 414 417 419 430 425 437 429
182 243 234 238 165 179 277 276 315 277 274 308 309 312 251 249 250 252 252 254 231 232 256 286 289 329 295 244 274 268 266 246 247 342 344 346 333 338 339 369 324 323 323 317 319 329 351 318 355 332 322 324 326 340 363 334 318 337 351 343 345 347 334 338 340 342 370 391 426 396 431 400 435 439 407 409 446 448 451 454 455 460 489 464 432 416 409 412 425 427 428 448 489 429 439
201 183 252 274 200 197 202 219 251 276 272 270 272 272 249 248 248 274 277 278 228 256 255 258 288 328 292 242 246 264 264 265 246 276 344 307 347 371 374 377 368 342 322 315 319 318 327 327 329 351 353 334 336 340 363 345 336 337 341 343 355 330 348 352 355 342 359 370 393 395 431 433 401 439 407 408 445 446 451 481 483 460 492 496 470 433 418 420 425 426 445 447 449 435 439
181 204 190 231 243 243 284 225 232 280 312 271 243 270 311 245 272 312 337 338 339 319 256 257 260 238 239 267 265 267 247 244 245 276 304 305 308 285 287 356 377 341 348 317 319 329 326 327 331 352 352 355 386 361 363 344 336 319 341 343 374 279 348 352 355 369 359 371 374 394 397 399 437 468 443 444 472 474 452 483 486 491 465 469 469 471 474 437 442 426 446 447 432 437 441
204 229 232 190 247 238 228 282 315 277 272 271 244 270 270 244 221 223 278 278 317 280 255 284 233 256 259 266 242 269 270 269 297 273 303 277 280 282 285 317 316 365 322 326 329 316 295 318 332 351 352 356 338 361 342 333 365 366 370 352 356 346 378 383 384 387 388 422 392 453 458 461 436 466 443 445 473 476 416 485 459 464 465 468 499 503 474 477 426 419 429 487 490 437 432
240 244 229 189 264 236 247 233 251 244 214 240 240 242 217 242 243 244 224 225 250 252 250 256 233 259 235 257 239 265 266 295 296 301 302 276 279 281 285 315 355 364 367 343 317 317 316 296 320 350 383 385 387 390 392 393 415 397 402 372 356 346 376 435 439 414 443 419 378 429 395 398 435 467 470 445 474 477 454 458 460 462 496 471 473 475 476 437 426 428 446 488 450 454 440
243 228 234 187 246 275 287 231 222 212 235 213 264 266 266 218 221 246 249 225 226 252 280 282 285 261 260 235 263 292 293 294 295 340 341 276 277 279 350 353 376 378 367 372 377 352 317 328 350 349 353 355 356 340 361 394 395 366 369 371 405 373 431 435 439 415 444 447 453 392 430 431 435 440 471 444 447 394 400 402 460 462 465 429 431 433 476 512 483 444 446 490 450 438 459
239 179 162 158 158 167 214 265 278 211 209 262 263 265 268 242 245 275 276 277 277 279 323 323 324 286 288 289 291 332 333 334 336 339 300 272 344 368 372 374 361 377 380 385 388 374 376 327 346 330 382 334 336 359 361 344 345 365 350 352 355 373 409 379 415 419 384 423 427 392 378 380 398 402 443 445 408 410 400 402 396 397 401 406 408 433 434 478 442 487 523 493 451 439 438
203 242 158 159 151 155 162 161 253 271 208 230 234 234 238 218 221 248 276 276 277 252 345 350 349 326 262 288 290 331 356 358 336 339 300 301 343 353 371 351 375 354 379 383 362 388 390 375 348 332 350 334 326 340 391 343 315 336 350 352 355 356 374 379 415 418 420 386 373 375 378 369 381 402 404 445 446 411 400 402 389 390 392 348 404 410 434 479 441 444 491 494 452 441 439
238 241 153 152 143 142 153 159 174 251 231 260 258 235 216 217 243 272 277 278 279 280 281 350 351 327 353 353 331 333 345 317 349 363 339 301 343 345 371 373 375 361 314 383 386 370 372 392 331 320 332 335 337 340 359 361 334 317 350 352 353 372 358 378 364 382 383 369 364 375 378 369 371 386 387 405 408 411 415 402 396 389 341 400 403 406 420 437 427 444 447 450 452 442 445
238 221 178 158 146 152 199 161 172 269 212 260 323 259 262 265 266 270 276 317 342 343 322 326 352 353 316 314 356 347 347 319 320 320 321 366 344 345 349 350 375 377 355 317 386 370 390 343 346 348 352 324 337 341 361 343 344 346 350 369 370 372 373 351 364 365 367 360 373 375 393 394 397 375 379 381 383 396 390 392 387 398 400 406 410 412 420 437 485 489 447 435 437 442 459
206 222 225 180 160 196 200 203 254 233 232 232 211 235 262 261 264 240 244 273 318 320 282 325 351 352 354 353 356 358 320 350 322 322 322 353 367 304 307 350 375 361 379 359 318 370 371 341 329 298 247 303 327 331 311 333 344 362 366 424 426 429 408 378 379 381 367 369 364 375 392 394 397 385 378 369 384 386 380 392 394 404 407 403 408 411 414 423 485 489 445 435 437 455 458
211 208 209 229 183 160 162 168 177 238 210 233 261 266 239 235 264 236 237 241 277 279 282 285 352 353 354 289 332 358 319 301 269 308 307 327 368 355 348 358 328 330 331 335 368 370 371 391 329 332 301 250 306 330 332 343 344 362 401 425 426 428 408 377 379 355 358 369 388 375 391 432 396 385 387 380 372 385 389 414 417 419 407 412 415 411 413 412 427 442 445 434 435 454 458
209 209 215 249 251 184 185 163 201 256 238 211 209 239 265 269 267 237 215 238 221 277 278 280 287 331 354 354 357 347 301 304 305 328 327 327 326 368 371 326 311 301 304 318 320 321 339 326 345 348 334 353 338 329 341 343 344 336 350 403 426 428 408 376 378 365 367 369 373 376 391 394 396 400 386 389 391 407 412 414 416 461 420 425 472 430 432 436 440 442 431 433 428 441 457
206 247 210 212 213 232 233 239 271 266 229 234 267 230 230 214 214 211 214 215 219 243 246 225 258 257 328 352 357 348 293 310 311 329 367 358 327 343 346 309 300 279 304 318 335 321 339 326 329 331 333 352 354 358 358 343 313 315 339 351 404 406 408 376 378 379 381 383 387 376 390 392 395 385 364 389 405 448 454 488 459 460 464 412 506 475 420 435 439 429 423 432 428 439 443
206 182 184 186 213 215 217 255 241 243 243 235 213 230 207 232 233 234 235 236 219 241 243 223 248 322 283 328 358 360 324 327 324 325 325 354 352 368 371 326 277 279 281 307 321 321 323 325 330 332 333 335 338 340 341 343 313 258 260 321 354 370 358 362 353 365 381 382 386 366 377 392 435 398 400 402 446 478 485 487 460 462 464 425 473 429 420 421 439 428 423 433 436 433 442
181 231 203 205 188 209 211 194 220 256 259 233 210 230 206 207 232 233 213 236 268 219 274 245 247 254 286 329 347 348 363 350 349 353 365 366 341 368 356 310 223 226 227 229 270 288 312 325 330 332 322 335 337 330 331 311 256 257 260 261 266 325 328 332 336 356 358 369 373 388 377 391 394 398 400 444 474 446 454 487 459 462 464 470 426 428 431 478 438 428 432 433 429 433 433
182 301 277 235 237 239 211 217 196 199 206 225 225 224 226 207 208 210 234 236 237 239 243 248 283 235 289 330 333 293 295 349 294 364 365 340 368 354 326 329 303 281 227 285 287 231 231 325 331 333 334 335 337 307 309 254 294 355 358 301 323 307 310 312 312 337 367 360 364 376 377 379 382 398 400 444 391 447 455 488 491 494 464 470 425 427 430 431 436 427 424 425 429 438 439
230 201 185 247 248 214 192 195 196 198 230 235 254 254 256 258 228 230 263 235 216 217 220 228 256 255 275 236 258 260 260 291 334 347 365 352 354 323 311 301 224 227 282 285 231 270 272 292 319 323 324 336 326 329 251 292 354 298 360 362 308 271 271 331 275 277 339 360 364 366 378 460 436 397 443 445 445 481 453 490 460 461 418 404 397 408 419 421 425 422 430 425 429 431 433
183 201 186 247 248 249 216 253 221 261 266 232 228 255 225 227 259 261 263 265 236 218 220 246 251 250 286 254 254 330 332 332 334 337 319 298 279 300 312 303 305 281 282 285 230 270 332 335 283 286 245 245 303 306 251 255 258 258 298 361 304 324 327 351 352 335 357 369 364 375 388 433 436 386 399 401 448 450 452 455 459 397 399 395 405 415 410 413 419 357 419 363 369 375 378
208 185 186 248 232 233 235 217 222 261 225 228 227 205 206 258 259 306 309 265 267 238 219 246 246 249 249 250 286 285 331 332 290 337 322 274 280 277 313 279 283 282 309 287 238 275 332 334 339 340 292 245 245 249 290 255 260 298 298 361 300 324 326 351 352 353 366 380 372 375 430 389 391 386 398 400 383 404 409 456 412 395 388 403 413 414 409 411 417 416 419 361 399 372 378
208 186 187 213 214 215 252 218 222 223 225 260 261 228 206 227 305 306 310 311 340 269 219 244 279 281 227 249 231 254 287 256 259 295 340 307 312 303 305 309 309 305 283 289 292 275 335 343 343 342 343 243 245 247 289 353 299 360 257 299 300 261 325 350 352 353 357 420 425 427 430 389 381 386 387 399 391 403 408 409 392 393 382 391 405 407 408 379 385 390 357 359 398 370 374
185 186 211 190 191 192 217 195 216 199 201 202 204 205 257 227 305 334 321 323 326 315 239 223 224 225 227 250 231 253 255 256 258 262 339 323 310 310 303 320 331 330 319 240 282 244 338 344 345 345 284 243 244 330 308 311 256 259 259 300 362 260 265 330 331 270 337 359 383 385 386 388 372 385 387 389 392 394 407 399 380 381 317 325 395 406 407 336 344 352 355 359 399 405 409
209 203 204 207 208 210 194 195 216 199 224 224 203 255 303 332 306 307 338 340 314 270 270 243 244 246 227 250 252 253 254 235 290 241 266 370 353 357 374 365 361 332 339 325 318 253 294 340 346 341 284 284 245 306 309 312 261 257 319 320 322 356 346 363 364 354 367 369 425 428 431 432 371 376 379 380 368 371 397 400 393 393 393 390 395 405 406 398 407 414 418 421 467 473 408
186 211 189 191 192 216 218 219 198 218 224 221 222 302 304 333 334 308 311 313 268 238 239 274 275 323 247 229 329 331 286 256 258 240 263 297 297 268 274 273 349 379 333 322 291 298 253 343 347 341 290 284 285 307 310 259 316 317 263 343 343 345 358 371 363 355 367 378 425 384 385 432 381 394 396 390 391 384 375 392 403 404 406 410 404 405 415 410 408 349 353 357 440 444 406
187 212 248 191 193 252 253 219 199 248 219 251 253 256 227 259 261 262 233 235 217 240 239 223 224 226 227 249 251 285 286 288 289 240 263 267 296 297 301 302 304 306 380 367 369 376 351 298 290 349 344 345 247 307 334 315 314 340 341 352 404 365 366 412 413 416 376 420 381 383 385 387 388 385 387 390 391 393 389 391 394 396 406 419 421 413 406 409 409 348 392 355 355 399 404
246 247 232 250 236 237 238 254 199 218 220 221 253 225 227 230 212 263 234 216 218 240 220 244 225 226 228 229 251 252 286 288 289 292 263 266 296 344 376 303 304 274 276 310 358 360 393 351 338 301 246 293 249 332 349 395 394 416 422 394 429 406 408 369 413 416 418 377 381 383 384 386 381 376 394 390 391 393 388 389 392 404 398 403 412 415 417 419 417 345 349 353 356 362 405
158 182 233 184 185 238 239 240 223 201 220 222 253 257 258 229 211 231 237 272 273 274 220 224 244 246 228 249 251 252 234 255 289 292 262 342 343 345 377 302 272 274 302 276 311 360 365 365 368 345 326 305 330 345 344 413 393 337 342 308 346 431 408 412 413 416 418 377 381 375 429 432 387 376 394 443 398 393 396 390 392 403 406 403 405 407 417 427 408 387 346 350 353 359 363
232 233 234 237 237 253 220 221 200 202 203 221 254 304 258 229 212 213 216 238 240 241 221 224 244 227 228 250 251 253 254 255 257 260 293 342 343 345 301 302 304 274 252 276 310 312 318 363 319 322 400 383 388 351 350 392 417 388 341 344 397 431 408 369 414 441 409 419 380 375 377 379 381 385 388 443 476 399 397 398 408 410 406 403 405 407 409 419 416 408 413 344 349 354 427
248 249 250 252 195 219 220 221 223 202 220 221 254 305 307 229 235 214 216 239 240 220 240 224 246 248 249 250 232 253 254 255 289 292 293 342 344 297 269 270 303 304 252 276 277 313 318 315 285 287 288 372 373 377 413 416 335 337 305 395 430 431 434 368 414 371 418 445 424 381 383 350 354 358 378 389 445 398 397 399 407 460 412 416 419 421 417 411 415 424 417 409 413 348 429
189 190 215 218 254 220 197 198 224 260 261 205 223 226 228 260 213 236 234 236 269 271 350 275 245 246 229 230 251 253 254 255 257 292 293 372 344 346 301 302 351 352 252 309 277 280 314 281 281 282 283 284 290 294 332 384 335 420 425 403 405 363 364 368 414 416 418 375 424 380 429 384 386 357 386 389 382 393 403 405 392 395 406 409 418 420 416 418 415 407 417 408 419 417 428
251 215 216 218 219 255 221 257 260 246 247 263 229 209 233 234 235 236 217 268 348 331 321 276 245 246 248 249 251 253 254 287 338 341 342 343 376 377 350 270 303 305 273 276 256 257 279 281 310 312 313 314 285 289 296 385 418 420 425 428 405 362 364 362 364 371 418 369 374 345 378 369 372 357 359 379 391 384 389 390 392 394 396 401 417 414 416 418 415 406 333 335 338 393 398
215 236 237 254 255 256 257 243 246 247 262 206 208 210 211 212 236 215 267 317 318 332 333 354 326 327 280 330 333 285 286 288 368 342 342 345 356 357 381 352 353 353 273 273 274 257 259 260 280 282 283 284 269 294 332 384 418 420 392 428 405 362 359 367 354 356 357 360 364 376 367 350 277 281 284 286 364 383 388 390 401 403 396 401 403 405 406 422 421 404 406 331 334 391 342
