ecocropFuture/tif/c6/rcp585/ACCESS-CM2/tmax_12.asc
ncols        683
nrows        518
xllcorner    -87.691666666667
yllcorner    10.708333333333
cellsize     0.008333333333
NODATA_value  nan
[rows 84 to 125 of 518, columns 376 to 469 of 683]
280 280 280 284 286 284 283 283 283 282 283 283 283 285 287 288 288 288 288 288 288 288 287 287 285 286 286 287 286 286 286 286 285 285 283 285 286 286 286 286 286 285 285 285 285 285 285 285 285 285 284 285 285 284 284 284 284 284 284 284 284 283 283 283 283 282 282 282 281 281 281 281 281 281 281 281 281 280 279 279 278 278 279 279 280 280 279 280 281 281 281 280 281 282
275 274 277 280 284 285 282 281 283 283 283 283 283 285 287 287 288 288 288 288 288 288 287 287 286 286 286 286 286 286 286 285 285 285 286 286 287 287 287 286 286 285 284 284 284 285 285 285 285 285 285 285 285 284 285 284 284 284 284 284 284 284 283 283 283 282 282 282 281 281 281 282 281 281 281 281 281 280 279 279 278 278 279 279 280 280 279 278 281 281 278 275 278 281
277 278 282 284 286 286 282 280 283 282 280 280 282 283 286 288 288 288 288 288 287 287 287 286 285 285 284 285 285 286 286 286 285 285 286 286 286 287 287 287 286 286 284 284 284 285 285 285 285 285 285 285 285 285 285 284 284 284 284 283 283 283 283 283 283 282 282 281 281 281 281 282 281 281 281 281 281 280 279 279 279 279 279 280 280 280 281 280 280 280 278 274 276 280
281 281 284 284 285 286 285 284 285 283 279 282 284 285 287 287 288 288 288 287 285 287 287 286 285 284 285 285 285 285 286 285 283 284 286 286 287 287 287 287 287 286 285 285 285 285 285 285 285 284 285 285 285 284 284 284 284 284 284 284 283 283 283 283 282 282 282 282 281 281 282 281 281 281 281 281 281 281 280 280 280 280 280 280 280 281 281 280 280 280 280 278 279 280
284 282 284 283 282 285 284 285 286 287 286 287 285 287 288 288 288 288 288 288 287 287 286 285 285 285 285 283 278 279 283 285 284 285 286 286 287 287 287 287 287 287 286 286 285 285 285 285 285 284 284 284 284 284 284 284 284 283 283 284 283 283 283 282 282 282 282 282 281 282 282 281 281 281 281 281 281 281 281 281 281 281 281 281 281 281 281 281 280 280 280 279 279 280
285 281 282 283 281 285 285 285 284 286 287 287 287 286 286 288 288 288 288 288 287 287 286 285 285 285 284 278 270 276 284 285 285 286 287 287 287 287 287 287 287 287 287 285 281 283 285 285 285 285 285 284 284 284 284 284 284 284 283 283 283 283 282 282 282 282 282 282 282 282 282 281 281 281 281 281 282 282 282 282 281 281 281 281 281 281 281 280 280 280 281 279 279 280
287 280 279 281 283 285 287 285 283 284 287 287 287 286 286 287 287 288 288 288 287 287 287 286 285 284 280 275 274 281 284 286 286 287 287 287 287 288 288 287 287 287 287 285 279 279 285 286 285 285 285 284 284 284 284 283 283 283 283 283 283 283 282 282 282 282 282 282 282 282 282 281 281 282 282 281 282 282 282 282 282 282 282 282 282 281 281 280 280 280 280 280 280 281
289 282 282 281 284 287 287 282 282 281 287 288 288 287 287 287 286 288 288 288 288 287 286 285 284 283 281 279 280 283 283 284 286 287 288 287 287 288 288 288 287 287 287 286 284 283 283 285 285 285 285 284 284 284 284 283 283 283 283 283 282 282 282 282 282 281 281 282 282 282 282 282 282 282 282 282 282 282 282 282 282 282 282 282 282 281 281 281 281 280 280 280 281 281
289 288 287 287 287 288 288 285 287 286 288 288 287 288 288 287 287 288 288 288 287 287 286 284 282 278 272 270 272 278 284 286 286 287 287 287 287 288 288 288 288 287 287 287 286 286 284 284 285 285 285 285 285 284 284 284 284 284 283 283 283 283 282 282 281 282 282 282 282 282 282 282 282 282 282 282 282 282 282 282 282 282 282 282 282 282 281 281 281 281 280 280 280 281
288 289 289 288 288 288 288 288 288 288 288 288 288 288 289 289 289 289 288 287 286 285 284 280 277 270 261 263 271 280 284 285 286 287 286 286 287 288 288 288 288 287 287 287 287 287 286 286 286 286 286 285 285 285 284 284 284 284 283 283 283 283 282 282 282 282 282 282 282 282 282 282 282 282 282 282 282 282 282 282 282 282 283 282 281 282 282 282 281 281 281 281 281 281
290 289 289 289 289 289 289 289 289 288 287 287 288 288 289 289 289 289 288 287 282 274 274 267 267 268 265 269 272 276 279 284 286 286 285 286 287 288 288 288 288 287 287 287 287 287 287 286 286 286 286 286 285 285 285 285 285 284 283 283 283 283 282 282 282 282 282 282 282 282 282 282 283 282 283 283 283 283 282 283 283 283 283 282 282 282 282 282 282 282 282 282 282 282
290 289 289 289 289 289 289 289 288 287 287 286 288 289 289 289 289 288 287 286 278 269 272 269 264 265 272 276 279 280 280 281 283 286 286 287 286 287 288 288 287 287 287 287 287 287 287 287 287 286 286 286 286 286 285 285 285 284 284 283 283 283 282 282 282 282 282 282 282 282 282 283 283 283 283 283 283 283 283 283 283 283 283 282 282 282 282 282 282 282 282 282 282 282
290 290 290 289 289 289 289 289 288 287 287 288 288 289 289 289 289 288 287 286 283 280 277 275 268 273 274 273 274 274 282 285 285 286 288 288 288 287 288 288 288 288 288 288 288 288 288 287 287 287 287 287 286 286 286 285 285 285 284 284 284 284 283 282 282 282 283 283 283 283 283 283 283 283 283 283 283 283 283 283 283 283 283 282 282 282 282 282 282 282 282 282 282 282
289 289 290 289 289 289 288 288 289 286 286 286 288 288 289 289 289 288 287 284 279 280 281 275 275 279 275 277 273 269 273 280 282 287 288 288 288 289 289 288 288 288 288 288 288 288 288 288 288 287 287 287 287 286 286 286 285 285 285 284 284 284 283 283 283 283 283 283 283 283 283 283 283 283 283 283 283 283 283 283 283 283 283 282 282 283 282 282 282 282 282 282 282 282
290 290 290 288 289 289 288 289 288 286 284 284 286 288 289 289 288 287 285 286 284 284 283 282 282 282 282 282 278 274 275 280 284 286 287 288 288 289 289 289 288 288 288 288 288 288 288 288 288 288 287 287 287 286 286 285 285 285 285 285 284 284 284 283 283 283 283 283 282 283 283 283 283 283 283 283 283 283 283 283 283 283 283 282 283 283 283 282 282 282 282 282 282 282
290 290 290 289 289 289 289 289 289 286 283 284 286 288 288 289 288 285 281 282 284 283 286 286 285 286 285 285 284 283 281 282 284 286 287 289 289 289 289 289 289 288 288 288 288 288 288 288 288 288 287 287 287 286 286 286 285 285 285 285 284 284 284 284 283 283 283 282 283 283 283 283 283 283 282 283 283 283 283 283 283 283 283 282 283 283 282 282 282 282 282 282 282 282
291 290 290 289 288 288 289 288 288 288 286 282 285 287 288 288 286 284 283 284 285 285 284 286 287 288 288 287 288 288 288 287 287 287 288 289 289 289 289 289 289 289 288 288 288 288 288 288 288 288 287 287 286 286 286 286 285 285 285 285 284 284 284 284 283 283 283 283 283 282 283 283 283 283 283 283 283 283 283 283 283 283 283 283 283 282 282 283 282 282 282 282 282 282
290 290 289 289 288 287 288 286 287 288 286 282 281 281 287 285 284 286 286 285 286 287 287 286 288 289 289 288 288 286 288 289 289 289 290 290 290 289 289 289 289 289 289 288 288 289 288 289 289 288 288 287 287 286 286 285 285 285 285 285 284 284 284 284 284 283 283 283 283 283 283 283 283 283 283 283 283 283 283 283 282 283 282 282 283 282 283 283 282 282 282 282 282 282
290 289 289 289 288 287 288 287 286 288 286 281 278 276 285 282 284 286 287 287 288 289 289 289 290 290 290 290 290 289 289 290 290 290 290 290 290 290 290 290 289 289 289 289 289 289 289 289 289 288 288 287 286 285 286 285 285 285 285 285 284 284 284 284 284 284 283 283 283 283 283 283 283 283 283 283 283 283 283 283 282 282 282 282 282 283 282 282 282 282 282 282 282 281
290 290 289 289 288 288 288 289 287 285 285 284 282 282 284 286 288 288 288 289 289 290 290 290 290 290 290 289 288 288 289 289 290 291 290 290 289 289 290 290 289 289 289 289 289 289 289 289 289 288 288 287 286 286 286 286 285 283 284 284 285 284 284 284 284 284 283 283 283 283 283 283 282 282 282 283 283 283 283 282 282 282 283 283 283 283 282 283 283 283 283 283 282 282
291 290 290 290 288 286 286 288 288 287 286 286 285 285 286 287 286 285 288 288 289 289 289 290 290 290 289 290 287 287 288 289 290 291 290 289 289 289 290 289 289 289 289 289 289 289 289 289 289 288 288 287 287 287 287 286 286 286 285 284 285 284 284 284 283 283 283 283 282 282 282 283 282 282 283 283 283 283 282 282 281 282 283 283 283 283 283 283 283 283 283 283 283 283
292 291 290 287 282 280 284 288 288 287 286 286 286 286 287 287 287 288 289 290 290 290 290 290 290 290 290 291 290 290 290 291 291 291 290 289 289 289 290 289 289 289 289 289 289 289 289 290 290 289 289 288 288 287 286 285 285 285 285 285 285 284 284 283 283 283 283 282 282 282 282 282 282 282 283 283 283 282 282 282 282 282 283 283 283 283 283 283 283 283 283 283 283 283
291 291 289 282 284 279 282 286 286 287 287 286 283 286 286 287 288 290 290 290 290 291 291 291 292 292 291 291 291 291 291 291 291 290 290 290 290 290 290 289 289 289 289 289 289 289 289 289 290 290 289 289 288 288 287 286 286 285 286 286 286 285 284 283 283 282 282 282 282 282 280 280 280 282 281 281 281 282 281 280 281 282 282 283 283 283 283 283 283 283 283 283 283 283
291 290 288 287 284 282 283 285 286 286 283 282 285 285 287 289 290 290 290 290 290 291 291 292 291 291 291 291 291 291 291 291 291 289 289 290 290 290 290 289 289 289 289 289 289 289 289 289 290 290 290 289 289 289 288 287 287 286 288 286 284 283 283 282 282 281 280 280 281 281 280 280 281 282 282 281 280 279 280 279 279 282 283 283 283 283 283 283 283 283 283 283 283 283
290 286 280 276 271 272 276 279 281 284 281 283 284 286 288 290 290 290 290 291 291 291 292 291 291 291 291 291 291 291 291 291 291 291 290 290 290 290 289 289 289 289 289 289 289 289 289 289 290 290 290 290 289 289 289 289 288 287 288 287 286 282 277 279 276 277 278 279 280 278 280 280 281 281 281 280 279 279 278 278 280 281 282 283 283 283 283 282 282 283 283 283 282 282
280 273 270 263 263 266 276 279 280 282 285 286 287 289 289 291 291 291 291 291 291 291 291 291 291 290 290 289 290 291 291 291 291 290 290 290 290 290 290 290 290 290 289 289 290 290 289 289 290 290 290 290 290 289 289 289 289 288 288 287 286 283 280 278 278 277 278 279 280 276 279 281 281 281 280 279 277 277 279 280 280 281 281 282 283 281 281 280 279 281 282 282 280 278
274 270 276 268 257 272 280 281 284 286 288 289 289 291 291 291 291 291 291 291 290 290 290 290 290 290 289 289 290 291 290 290 290 290 290 289 289 290 290 290 290 290 290 290 290 290 290 290 289 290 290 290 290 290 289 289 289 289 288 288 288 286 285 283 284 284 284 282 277 274 277 279 281 281 279 278 278 280 281 281 281 282 282 283 281 281 281 281 280 282 282 282 280 278
277 278 278 268 259 265 274 281 286 285 283 287 291 291 291 291 291 290 287 289 290 290 290 290 289 287 286 284 285 288 290 290 289 287 288 289 289 290 290 290 290 290 290 290 290 290 290 290 290 290 290 290 290 290 289 289 289 289 288 288 288 287 287 286 286 285 283 278 277 274 275 278 277 278 277 280 281 281 282 282 282 282 281 282 282 282 282 282 282 282 282 282 282 280
283 283 273 266 261 260 265 275 286 288 286 290 291 291 292 292 291 291 289 290 290 289 289 289 288 286 284 284 283 286 289 288 288 287 287 290 290 289 290 290 291 291 291 290 290 290 290 290 290 290 289 290 289 289 289 289 289 289 289 288 288 288 286 285 285 284 283 282 283 282 282 280 276 279 281 281 282 282 283 283 283 282 281 282 283 283 283 283 283 282 282 282 282 281
288 282 271 266 263 261 271 281 285 286 289 291 291 291 292 292 292 291 290 290 289 289 289 289 287 288 287 289 289 287 288 287 288 289 287 289 290 291 291 291 291 291 291 290 290 290 290 290 290 289 289 289 289 289 289 290 289 289 289 289 289 289 287 287 285 284 283 284 284 285 284 283 281 281 282 282 283 283 283 283 283 282 282 283 283 283 283 283 283 282 282 281 281 281
288 286 279 271 266 271 279 287 288 287 288 291 292 292 292 292 291 291 290 290 290 288 288 287 287 288 288 287 290 289 288 289 288 290 290 289 290 291 291 291 291 290 290 290 290 290 290 290 290 290 290 290 290 290 290 290 290 289 289 289 289 288 288 288 287 286 287 288 287 286 285 284 283 283 283 283 283 283 283 284 283 283 283 283 283 283 284 283 283 283 281 281 281 281
286 282 273 277 272 277 286 289 289 290 290 291 292 292 292 291 291 291 290 290 290 289 288 288 287 288 290 288 289 290 290 290 290 291 291 290 290 290 290 291 290 290 290 290 290 290 290 290 290 290 290 290 290 290 290 290 290 290 289 289 289 289 289 289 289 289 289 288 288 288 287 286 285 284 284 283 283 283 283 284 284 284 284 284 283 284 284 283 283 281 281 281 281 281
282 284 284 278 276 283 288 290 291 292 291 291 292 292 292 291 290 291 291 290 290 290 290 289 289 291 291 291 291 292 292 292 291 291 291 291 291 291 291 291 291 291 290 290 290 290 290 290 290 290 291 290 290 290 290 290 290 290 290 290 290 289 289 289 289 289 289 288 288 288 287 287 286 286 286 285 284 284 284 284 284 284 284 284 284 284 284 283 283 282 282 281 281 281
281 278 288 286 281 286 291 292 292 292 292 292 292 291 291 291 291 290 291 290 291 291 290 291 291 291 292 293 292 293 292 293 292 292 292 291 291 291 291 292 291 291 290 290 290 290 290 290 291 290 291 290 290 290 290 291 291 290 290 290 290 289 289 289 289 289 289 288 288 288 287 287 287 287 287 286 286 285 284 285 284 284 284 284 284 284 284 283 283 282 282 281 281 282
289 283 288 291 291 292 293 293 292 293 293 293 292 291 290 290 290 290 290 289 290 289 288 289 290 290 292 292 292 292 293 293 293 292 293 292 292 291 291 291 291 291 290 290 290 290 290 290 290 290 291 290 291 291 291 291 291 291 290 290 289 289 289 289 289 289 288 288 288 288 287 287 287 287 287 287 286 286 284 285 285 284 284 284 283 283 282 283 283 282 281 281 281 281
291 292 293 293 293 292 292 292 293 293 294 292 291 291 288 286 283 284 285 285 286 289 289 290 291 291 291 292 292 292 293 293 293 293 293 292 292 292 291 290 291 291 291 290 290 290 290 290 290 291 291 291 291 291 291 291 291 291 290 290 290 289 289 289 289 289 289 288 288 288 287 288 287 287 287 287 286 286 285 285 284 285 285 283 281 280 280 282 282 282 281 281 281 281
291 289 291 293 293 292 293 292 292 293 293 290 288 288 286 284 285 279 276 277 278 285 290 290 290 291 292 292 292 293 293 293 293 293 293 292 292 292 291 291 291 291 291 290 290 290 290 290 290 291 291 291 291 291 291 291 291 290 290 290 290 289 289 289 289 289 289 289 288 288 288 288 288 287 287 287 287 286 286 286 286 285 284 284 277 277 281 282 283 282 281 280 280 280
288 289 292 293 294 293 293 292 292 293 293 288 283 283 280 285 292 288 284 283 281 282 288 289 290 290 289 291 292 292 293 294 293 293 293 292 293 292 292 291 291 291 291 291 291 290 290 290 290 291 291 291 291 291 291 290 289 290 290 290 290 289 289 289 289 289 289 288 288 288 288 288 288 288 287 287 286 286 287 286 286 285 284 282 281 282 282 282 282 281 279 279 278 278
287 290 292 292 293 294 293 293 294 294 291 289 288 287 286 291 291 292 293 290 290 288 284 285 287 290 290 288 290 291 293 293 294 294 293 293 293 292 292 292 292 291 291 291 291 291 291 291 290 290 290 290 290 290 290 290 290 290 290 290 290 289 289 289 289 289 289 288 288 288 288 289 288 288 287 287 286 286 287 286 286 285 284 280 282 283 284 283 282 281 279 278 278 278
290 288 288 291 292 292 293 294 294 293 288 290 292 291 291 293 292 293 293 294 293 288 285 285 286 290 292 290 292 292 293 293 294 294 293 292 291 293 292 291 292 292 291 291 291 290 291 290 290 290 290 290 291 290 290 290 290 290 290 290 289 289 289 289 289 289 289 288 288 288 288 289 288 288 288 288 287 287 287 287 286 286 286 285 285 284 284 284 282 280 279 278 278 278
281 283 286 288 291 289 290 292 294 293 288 290 292 292 293 292 292 294 294 294 294 292 291 287 287 291 293 293 293 293 293 294 294 294 294 292 291 292 291 291 292 292 291 291 291 291 290 290 290 290 289 289 290 290 290 290 290 290 290 290 290 290 290 289 289 289 289 289 288 288 288 289 288 288 288 288 288 287 287 287 287 286 286 285 285 284 283 283 282 281 280 278 279 279
272 277 284 290 288 285 291 293 294 292 291 291 293 292 293 292 292 294 293 289 289 293 294 292 292 292 291 291 292 294 293 293 294 294 294 292 291 292 292 292 291 292 292 291 291 290 290 290 290 290 290 288 290 290 290 290 290 290 290 289 289 289 289 289 289 289 289 289 288 288 288 289 289 288 288 288 288 288 288 287 287 287 286 286 285 284 284 283 282 281 280 279 278 279
