ecocropFuture/tif/c6/rcp585/ACCESS-CM2/tmax_3.asc
ncols        683
nrows        518
xllcorner    -87.691666666667
yllcorner    10.708333333333
cellsize     0.008333333333
NODATA_value  nan
[rows 84 to 125 of 518, columns 376 to 469 of 683]
301 301 301 305 306 305 304 303 303 302 303 303 303 305 306 306 306 306 305 305 306 305 305 304 302 304 303 304 303 303 303 302 302 301 299 301 302 302 301 301 301 300 300 300 300 300 300 300 300 299 299 299 299 299 298 298 298 298 298 297 297 297 297 296 296 296 295 295 294 294 294 294 294 294 294 293 293 292 291 291 290 290 290 290 291 291 290 291 292 292 293 292 292 294
297 296 298 301 305 306 302 302 303 303 303 303 302 305 306 306 306 306 306 306 305 305 305 304 304 304 303 303 303 303 303 302 301 301 302 302 302 302 302 302 301 301 300 299 299 300 300 300 299 299 299 299 299 299 299 298 298 298 298 297 297 297 297 297 296 296 295 295 294 294 294 294 294 294 293 293 293 292 291 291 290 290 290 290 291 291 290 290 292 292 289 286 290 292
298 299 303 305 306 307 303 301 303 302 301 300 302 303 306 307 306 306 306 306 305 305 304 304 303 302 302 302 302 302 303 302 301 301 302 302 302 302 302 302 301 301 300 299 299 300 300 299 299 299 299 299 299 299 299 298 298 298 298 297 297 297 297 297 296 296 295 295 295 295 294 294 294 293 293 293 293 292 291 291 290 290 291 291 291 291 291 291 291 291 290 286 288 291
302 302 305 305 305 307 306 305 305 303 300 302 303 305 306 306 307 306 306 305 303 304 304 303 303 302 302 302 302 302 302 301 299 300 302 302 302 302 302 302 302 301 301 300 300 300 300 300 299 299 299 299 299 299 299 298 298 298 298 298 297 297 297 296 296 296 295 295 295 295 295 294 294 293 293 293 293 293 292 292 292 291 291 292 291 292 292 291 291 291 291 289 290 292
305 303 305 304 303 306 305 306 306 307 306 307 305 306 307 307 307 306 306 305 305 305 304 303 302 302 303 301 296 296 300 302 301 301 302 302 302 303 303 302 302 302 302 301 300 300 300 300 300 299 299 299 299 299 299 298 298 298 298 298 297 297 297 296 296 296 296 295 295 295 295 294 294 294 293 294 293 293 293 293 292 292 292 292 292 292 292 292 290 291 291 290 289 291
306 302 303 304 302 306 306 306 304 306 307 306 307 305 306 307 307 306 306 306 305 305 304 303 303 303 301 296 289 294 301 302 302 303 303 303 303 303 303 302 302 302 302 300 296 298 300 300 300 300 300 299 299 299 299 298 298 298 298 298 297 297 297 296 296 296 296 296 295 295 295 294 294 294 294 294 294 294 294 293 293 293 292 292 293 292 292 291 291 291 291 290 290 291
308 301 300 302 304 306 307 305 303 304 307 307 307 306 306 306 306 306 306 306 305 305 304 304 303 302 298 293 292 299 301 303 303 303 304 304 303 304 303 303 302 302 302 300 295 295 300 301 301 300 300 299 299 299 299 298 298 298 298 298 297 297 297 296 296 296 296 295 295 295 295 294 294 294 294 294 294 294 293 293 293 293 293 293 293 292 292 291 291 291 291 291 291 291
309 303 303 302 305 308 308 303 303 301 307 308 307 307 307 306 305 306 306 306 305 305 304 303 302 301 299 297 298 301 301 302 303 304 304 304 304 304 304 303 303 302 302 301 300 298 299 300 300 300 300 300 299 299 299 298 298 298 298 298 297 297 297 296 296 296 296 295 295 295 295 295 295 295 295 294 294 294 294 293 293 293 293 293 293 292 292 292 292 291 291 291 291 291
309 309 308 308 308 309 309 306 308 306 308 308 307 308 308 306 306 306 306 306 305 305 304 302 300 296 290 288 290 296 302 303 304 304 304 303 303 304 304 304 303 303 303 302 302 301 300 300 300 300 301 300 300 299 299 299 299 298 298 298 297 297 297 296 296 296 296 296 295 295 295 295 295 295 295 295 295 294 294 294 294 294 294 293 293 293 292 292 292 292 291 291 291 291
310 310 310 309 309 309 309 308 309 309 308 308 308 308 308 308 308 307 306 306 304 303 302 298 296 289 280 281 290 297 301 302 304 304 303 303 303 304 304 304 303 303 303 303 302 302 302 301 301 301 301 301 300 300 300 299 299 299 298 298 298 297 297 296 296 296 296 296 295 295 295 296 295 295 295 295 295 294 294 294 294 294 294 293 292 293 293 293 292 292 292 292 291 291
311 311 310 310 310 310 310 310 309 309 308 308 309 308 309 309 308 307 306 305 301 293 293 285 286 287 284 287 290 294 297 301 303 303 302 302 303 304 304 304 303 303 303 303 303 303 302 302 302 302 301 301 301 300 300 300 299 299 298 298 297 297 297 297 296 296 296 296 296 296 296 296 296 295 295 295 295 295 294 294 294 294 294 293 293 293 293 293 293 293 292 292 292 292
311 311 311 311 310 310 310 310 309 308 308 307 308 309 309 308 308 307 306 304 297 288 291 287 282 283 290 294 296 298 297 299 301 303 303 304 303 303 304 304 303 303 303 303 303 303 303 302 302 302 302 301 301 301 300 300 299 299 298 298 298 298 297 297 296 296 296 296 296 296 296 296 296 296 295 295 295 295 295 295 295 295 294 293 293 293 293 293 293 293 293 292 292 292
311 311 311 310 310 310 310 310 309 308 308 308 309 309 309 309 309 307 306 304 302 299 296 293 287 292 292 291 292 293 299 302 302 303 305 305 305 304 304 304 303 304 303 303 303 303 303 303 303 302 302 302 301 301 301 300 300 299 299 299 298 298 297 297 297 297 297 296 296 296 296 296 296 296 296 296 295 295 295 295 295 295 294 293 293 294 293 293 293 293 293 293 293 293
311 311 311 310 311 310 309 309 310 307 307 307 308 309 309 309 309 307 306 303 298 298 299 294 293 297 293 295 292 287 291 298 300 304 305 305 305 305 305 305 304 304 303 303 303 303 303 303 303 303 303 302 302 301 301 301 300 300 299 299 299 298 298 297 297 297 297 297 297 297 296 296 296 296 296 296 295 295 295 295 295 295 295 294 294 294 294 293 293 293 293 293 293 293
312 312 311 310 311 310 310 310 310 307 305 305 306 307 308 308 307 306 304 304 303 302 301 301 300 300 300 300 296 292 293 298 301 303 304 305 305 305 305 305 304 304 304 304 304 304 304 304 303 303 303 302 302 301 301 301 300 300 300 299 299 299 298 298 297 297 297 297 296 296 296 296 296 296 296 295 295 295 295 295 295 295 295 294 294 294 294 294 294 293 293 293 292 292
313 312 312 310 311 310 310 310 310 307 304 305 306 308 308 308 307 304 300 301 303 302 304 304 303 304 303 303 302 301 299 300 302 303 304 305 305 305 306 305 305 305 304 304 304 304 304 304 304 303 303 303 302 302 301 301 300 300 300 300 299 299 299 298 298 298 297 296 296 296 296 296 296 295 295 295 296 295 295 295 295 295 295 294 294 294 294 294 294 294 294 293 292 292
313 313 312 311 310 310 311 310 310 309 307 304 304 307 308 307 305 303 302 303 304 304 303 304 305 306 305 305 305 305 305 305 304 304 305 306 306 306 306 306 305 305 305 304 304 304 304 304 304 303 303 303 302 302 302 301 301 300 300 300 299 299 299 298 298 297 297 297 296 296 296 296 296 296 296 296 295 295 295 295 295 295 295 295 294 294 294 294 294 294 294 293 292 292
313 312 312 311 311 310 310 307 309 309 307 303 301 301 307 304 304 305 305 304 305 306 305 305 306 307 307 306 306 304 306 307 306 306 307 307 306 306 306 306 306 306 305 304 304 305 304 304 304 304 303 303 302 302 301 301 301 301 300 300 300 299 299 299 298 298 298 297 296 297 297 296 296 296 296 295 296 296 296 295 295 295 294 294 294 294 294 294 294 293 294 293 292 292
312 312 311 311 311 309 310 309 308 309 307 302 298 296 305 302 303 305 306 306 307 308 307 307 308 308 308 308 308 307 307 308 307 307 307 307 307 307 306 306 306 306 306 305 305 305 305 305 305 304 304 303 302 301 301 301 300 300 300 300 300 299 299 299 299 298 298 297 297 297 296 296 296 296 296 296 296 296 296 295 295 295 295 295 294 294 294 294 294 294 294 294 292 292
313 313 312 312 311 310 310 310 309 307 307 305 302 302 304 306 307 307 308 308 308 308 309 308 308 308 308 307 306 306 307 307 307 308 307 306 306 306 306 306 306 306 306 306 305 305 305 305 305 304 303 303 302 302 302 301 300 299 299 299 300 299 299 299 298 298 298 297 297 296 297 296 296 295 295 296 296 296 295 295 295 295 295 295 295 295 294 294 294 294 294 294 293 292
314 313 313 312 311 308 309 311 310 308 308 307 305 305 306 307 305 305 307 307 308 308 308 308 308 308 307 308 305 305 306 307 308 308 307 306 305 306 306 306 306 305 305 305 305 305 305 305 305 304 304 303 303 303 302 302 301 301 301 300 300 299 299 299 298 297 298 297 296 296 296 296 296 296 296 296 296 296 295 295 294 295 295 295 295 295 295 295 295 295 295 294 293 293
314 314 313 310 305 303 307 310 310 309 308 307 306 306 307 307 306 308 308 309 309 309 309 309 309 309 308 309 307 308 307 308 308 308 307 306 306 306 306 306 306 305 305 305 305 305 305 305 305 305 304 303 303 303 302 301 301 301 300 300 300 299 299 298 298 297 297 296 296 297 296 296 295 296 296 296 296 295 295 295 295 295 296 296 296 296 296 295 295 295 295 294 293 293
314 314 312 306 307 302 304 308 308 309 309 308 304 306 306 307 308 309 309 309 309 310 310 310 310 310 309 309 309 309 308 308 308 307 307 306 307 306 306 306 305 305 305 305 305 305 305 305 306 305 305 304 304 303 303 302 302 301 301 301 301 300 299 298 298 297 296 296 296 296 295 294 294 296 295 295 294 295 295 293 295 295 295 296 296 296 296 296 295 295 295 294 293 293
314 313 311 310 307 305 306 308 308 308 305 304 306 305 307 309 309 309 310 309 309 310 310 310 309 310 309 309 308 309 309 308 308 306 306 307 307 306 306 306 305 305 305 305 305 305 305 305 305 306 305 305 304 304 304 303 302 301 303 301 299 299 298 298 297 296 295 295 295 295 295 295 295 296 295 295 294 293 293 293 293 295 296 296 296 296 296 296 295 295 295 294 293 293
313 309 304 299 294 295 299 302 304 307 303 305 305 306 309 310 310 310 310 310 311 311 311 310 310 310 309 309 309 308 308 308 308 307 307 307 307 306 306 306 306 305 305 305 306 305 305 305 306 306 306 305 305 305 305 304 303 303 303 302 301 297 293 294 292 293 293 294 295 293 294 295 295 296 295 294 293 293 292 292 294 294 295 296 296 296 296 294 294 294 294 293 293 293
304 296 292 286 286 289 298 302 303 304 307 308 308 309 310 311 311 311 311 311 310 310 310 310 309 309 309 308 308 309 309 308 308 308 307 307 307 307 307 306 306 306 306 306 306 306 306 305 306 306 306 306 305 305 305 305 304 304 303 302 301 299 295 293 294 293 293 295 295 291 294 295 296 295 294 293 292 291 293 294 294 294 294 296 296 294 294 292 291 292 293 293 291 289
297 293 298 291 279 295 303 304 307 308 310 311 310 311 311 311 311 310 311 310 309 309 310 309 309 308 308 307 308 309 308 308 308 308 307 307 307 307 307 307 307 307 307 306 306 306 306 306 306 306 306 306 305 305 305 305 304 304 304 303 303 301 300 298 299 299 299 297 292 290 292 295 296 296 293 292 292 294 295 295 295 295 295 296 294 294 294 293 292 293 294 293 291 289
300 302 301 290 281 287 296 304 308 307 305 309 311 311 311 311 311 310 307 309 310 309 310 309 308 307 305 303 304 307 308 308 307 305 306 306 306 307 308 307 307 307 307 307 307 307 307 307 306 306 306 305 305 305 305 305 304 304 304 303 303 303 302 301 301 300 298 294 293 290 291 293 292 293 292 295 295 295 295 296 295 295 294 295 295 295 295 294 294 293 293 293 293 291
307 306 295 288 283 282 287 297 308 310 308 312 312 312 312 312 312 311 309 310 310 309 309 308 307 306 304 303 302 305 307 306 306 305 305 307 307 307 308 308 308 308 307 307 307 307 307 306 306 306 305 305 305 305 305 305 304 304 304 304 303 303 302 301 300 299 299 297 299 297 298 296 292 294 295 295 296 296 297 296 296 295 294 295 296 296 296 294 294 293 293 293 293 292
312 305 294 289 285 283 293 303 307 308 311 312 311 312 312 312 312 311 310 310 309 309 309 308 307 307 306 308 308 306 306 305 306 307 305 307 307 308 308 308 308 308 308 307 307 307 307 306 306 306 305 305 305 305 305 305 305 304 304 304 304 304 302 302 301 300 298 300 300 300 300 298 297 296 297 297 297 297 297 297 296 296 296 296 296 296 296 295 294 294 293 293 292 292
311 309 302 294 288 293 302 309 311 309 310 312 312 312 312 312 312 311 311 310 310 308 308 307 307 307 308 307 309 307 306 307 306 308 308 306 308 308 308 308 308 307 307 307 307 307 307 307 307 306 306 306 306 305 305 305 305 305 305 304 304 304 303 303 302 301 302 303 302 302 301 299 298 298 298 297 297 297 297 297 297 296 296 296 296 296 296 295 295 294 293 293 292 292
310 305 296 300 295 300 309 311 312 312 311 313 312 312 312 312 311 311 310 310 310 309 308 308 307 308 309 307 308 309 309 308 308 309 309 308 308 308 308 308 308 307 307 307 307 307 307 307 306 306 306 306 306 306 306 306 306 305 305 305 304 304 304 304 304 303 303 303 303 303 302 301 300 299 298 298 297 297 297 297 297 297 297 297 296 296 296 295 294 293 293 293 292 292
305 308 307 302 299 306 311 313 313 313 313 313 312 312 312 311 311 311 311 310 310 310 310 308 309 310 310 310 310 310 310 310 310 309 309 309 309 309 309 308 308 308 307 307 307 307 307 307 307 307 307 307 307 306 306 306 306 306 305 305 305 305 304 304 304 304 303 303 303 303 302 301 301 300 300 299 298 297 297 297 298 297 297 297 296 297 296 295 294 293 293 293 292 292
305 302 312 309 304 309 314 315 314 314 314 314 312 312 312 312 311 311 311 310 311 311 310 310 311 310 311 311 311 311 311 311 310 310 310 309 309 309 309 309 308 308 307 307 306 306 307 307 307 307 307 307 307 307 307 307 307 306 306 306 305 304 304 304 303 303 303 302 302 302 302 301 301 301 300 300 300 299 298 298 298 297 297 297 297 296 296 295 294 294 293 293 292 293
313 307 312 314 315 315 316 314 313 314 314 313 312 311 310 311 310 310 310 309 310 309 308 309 310 309 311 311 311 311 311 311 311 311 311 310 310 309 308 309 308 308 307 307 307 307 307 307 307 307 307 307 308 307 307 307 307 307 306 305 305 304 304 304 303 303 303 302 302 302 301 301 301 301 300 300 300 299 298 298 298 297 297 296 296 295 295 294 294 293 293 292 292 293
316 316 317 317 316 316 315 314 314 314 314 313 312 311 309 307 304 305 306 306 306 309 309 310 311 310 310 311 311 311 311 311 312 311 311 310 310 309 308 308 308 308 307 307 307 307 307 307 307 307 308 308 308 308 308 307 307 306 306 306 305 304 304 304 303 303 303 303 302 302 301 301 301 301 301 300 300 299 299 298 297 298 298 295 294 292 292 294 294 293 293 292 292 293
315 313 315 317 316 316 316 314 313 314 314 311 309 309 307 305 306 300 297 298 299 306 310 310 310 311 311 311 311 312 312 312 311 312 311 311 310 310 309 308 309 308 308 307 307 307 307 307 307 307 308 308 308 308 308 307 307 306 306 305 305 304 304 304 303 303 303 303 302 302 302 302 301 301 301 300 300 300 299 299 298 298 297 296 290 290 293 294 294 293 292 292 292 291
313 313 316 317 317 316 316 314 313 314 314 309 304 305 301 306 312 309 305 304 302 303 308 309 310 310 309 310 311 311 312 312 312 312 311 311 311 310 309 309 309 308 308 307 307 307 307 307 307 307 307 307 307 307 307 306 305 305 306 305 305 305 304 304 303 303 303 303 302 302 302 302 302 301 301 300 300 300 300 299 299 298 297 294 294 294 295 294 293 292 291 290 289 289
311 314 316 316 316 317 316 315 315 315 312 311 310 308 307 312 312 313 313 311 310 308 304 305 307 310 309 308 309 311 312 312 313 312 312 311 311 310 310 310 309 309 308 308 308 307 307 307 307 307 307 307 307 307 307 306 306 306 305 305 305 304 304 304 304 303 303 303 302 302 302 302 302 301 301 300 299 299 300 299 299 298 297 293 295 296 296 295 294 292 290 289 289 289
315 313 312 315 316 315 316 315 315 314 310 311 313 312 312 313 312 313 313 314 313 308 306 305 307 310 311 309 312 311 312 312 313 313 312 310 310 311 310 309 309 309 308 308 308 307 307 307 307 307 306 307 307 307 307 306 306 306 305 305 305 305 304 304 304 304 303 303 302 302 302 302 302 301 301 301 300 300 300 299 299 298 297 297 296 296 295 295 293 291 290 289 289 289
305 307 310 312 315 313 314 314 315 314 310 311 313 313 314 313 313 314 314 314 314 312 311 307 308 311 312 312 313 313 313 313 313 313 312 311 310 310 309 309 309 309 308 308 308 307 307 307 307 306 306 306 306 306 306 306 306 305 305 305 305 305 305 304 304 304 303 303 302 302 302 302 302 301 301 301 301 300 300 300 299 299 297 297 296 295 295 295 293 292 291 289 289 290
296 301 308 314 312 308 314 315 316 314 312 312 314 313 314 312 313 314 313 309 310 313 314 312 312 312 311 311 312 313 313 312 313 313 312 310 309 310 310 310 309 309 309 308 308 307 307 307 307 306 306 304 306 306 306 306 306 305 305 305 305 305 304 304 304 304 303 303 303 302 302 302 302 301 301 301 301 300 300 300 299 299 298 297 297 296 295 294 294 293 291 290 289 290
