ecocropFuture/tif/c6/rcp585/ACCESS-CM2/tmax_11.asc
ncols        683
nrows        518
xllcorner    -87.691666666667
yllcorner    10.708333333333
cellsize     0.008333333333
NODATA_value  nan
[rows 252 to 293 of 518, columns 94 to 187 of 683]
334 334 334 334 334 334 334 334 334 333 333 333 333 332 331 331 330 329 328 327 327 327 327 326 324 325 323 320 319 319 318 321 323 325 325 324 324 324 323 323 321 320 319 313 307 306 309 305 297 290 282 284 294 294 293 287 270 276 289 293 295 286 292 293 285 278 271 270 265 263 257 254 251 254 255 254 255 259 266 263 265 278 291 297 304 305 307 307 306 309 306 299 306 307
334 334 334 334 334 334 334 334 334 333 333 333 332 332 331 329 330 329 330 328 327 328 328 327 326 327 324 323 320 318 319 321 323 325 325 325 324 324 323 323 322 321 320 318 316 314 312 306 299 290 281 280 288 284 285 282 266 275 284 287 298 295 297 299 289 279 273 277 272 275 268 264 262 260 258 258 258 260 261 262 264 272 282 292 302 305 306 307 308 309 304 304 308 308
334 334 334 334 334 334 334 334 333 333 333 333 333 332 332 331 330 331 330 328 328 329 327 329 326 327 327 324 322 318 319 320 323 324 324 324 324 324 323 323 322 321 320 319 318 316 312 306 296 285 283 280 274 273 279 276 267 271 277 282 297 302 302 291 279 273 269 276 280 284 277 271 266 268 264 261 261 260 264 267 271 280 289 296 303 305 306 307 309 309 308 308 308 308
334 334 334 334 334 334 334 334 333 333 333 333 332 332 330 332 331 331 330 330 330 330 329 329 329 326 326 325 322 321 318 319 322 323 324 324 323 323 323 323 322 321 321 320 319 316 313 308 299 297 292 283 270 267 274 277 275 280 282 284 289 299 301 285 285 284 280 286 286 285 280 278 275 270 272 274 276 270 268 269 274 285 293 297 303 305 306 307 308 309 309 308 308 308
334 334 334 333 333 333 334 334 334 333 333 333 332 332 331 332 332 331 331 331 331 331 330 328 329 326 324 323 323 320 317 319 320 323 323 323 323 323 323 322 322 321 321 320 319 317 314 311 308 302 292 284 276 268 272 275 270 279 285 291 289 301 302 293 291 293 288 294 293 285 278 275 274 271 272 273 277 283 279 273 273 283 292 296 303 306 307 307 308 309 309 308 308 308
334 334 334 333 333 333 333 333 333 333 333 331 332 332 330 332 332 331 331 331 331 331 331 330 329 327 325 322 323 322 318 315 319 322 323 323 323 322 322 322 322 321 321 320 319 318 311 306 304 302 294 293 287 281 270 271 273 280 285 297 296 298 306 300 298 296 292 295 298 284 273 270 271 275 277 279 277 283 287 288 284 288 293 300 304 306 307 307 308 309 308 308 308 308
334 334 334 333 333 333 333 333 333 333 333 332 331 333 332 331 332 332 332 331 332 331 331 331 330 328 327 326 323 322 319 318 320 322 322 322 322 322 320 322 321 321 321 320 320 318 310 304 304 305 304 301 293 282 272 280 285 290 295 302 304 305 304 308 301 302 295 295 300 295 282 267 267 271 274 278 282 284 288 292 290 290 295 298 305 306 307 307 308 308 307 307 307 306
333 333 333 333 333 333 333 332 333 333 333 333 332 332 332 330 332 332 332 331 331 331 331 330 330 329 328 326 324 322 318 318 321 321 322 322 322 321 320 321 321 321 320 320 320 319 315 307 308 309 307 300 287 275 270 279 291 295 298 306 307 307 310 310 301 304 296 294 301 298 286 278 267 268 269 274 277 283 289 293 296 294 299 303 305 306 306 307 307 307 307 307 307 306
333 333 333 333 333 333 333 332 332 332 332 332 332 332 332 331 332 332 332 331 331 330 330 330 329 328 327 327 325 322 321 317 318 320 321 321 321 320 320 320 320 320 320 320 319 319 317 313 312 311 308 305 299 290 275 282 293 300 300 302 304 308 312 311 305 308 306 305 299 298 293 287 281 272 267 273 275 278 284 287 292 299 301 304 305 306 306 307 307 307 307 307 306 306
334 334 334 333 333 333 332 332 332 332 332 331 331 331 331 331 331 331 331 330 331 330 329 329 329 328 327 326 325 324 323 322 319 318 319 318 318 316 317 319 319 319 319 319 319 319 318 315 314 315 313 309 305 296 287 291 297 291 289 294 299 309 313 311 309 311 307 301 292 295 295 288 283 274 269 273 273 274 278 285 291 296 303 304 305 306 306 306 307 307 307 306 306 306
334 334 334 333 333 332 332 332 331 331 331 331 330 330 330 331 331 331 331 330 330 330 329 328 327 327 326 325 324 322 322 321 319 315 318 314 307 313 313 315 315 318 318 318 319 319 318 317 317 316 314 312 307 297 295 302 299 287 294 299 303 310 312 314 311 314 308 301 296 291 291 290 286 281 278 270 272 276 281 286 292 296 302 305 305 305 306 306 306 306 306 306 306 306
334 334 333 333 333 332 332 331 331 330 330 330 330 330 330 330 330 330 331 330 330 329 329 329 327 325 323 325 323 318 320 319 315 312 316 311 303 304 304 308 312 315 315 317 319 319 319 317 316 317 315 313 305 301 305 303 296 293 300 304 309 312 312 316 315 313 308 303 297 295 287 287 293 289 280 273 272 271 277 282 291 300 304 305 305 305 305 306 306 306 306 306 306 306
334 334 334 333 333 332 331 331 331 330 330 330 329 329 329 329 330 330 330 330 330 329 329 328 328 327 325 324 322 320 319 315 313 314 315 307 307 299 296 307 310 310 311 316 317 319 319 316 315 315 316 314 311 309 305 292 286 293 303 307 310 313 315 316 317 314 307 306 300 301 293 285 292 288 285 279 285 284 286 289 299 304 305 305 305 305 305 305 305 306 306 306 306 306
334 334 334 334 333 332 332 331 331 331 330 330 330 330 330 329 329 329 329 328 329 329 328 328 327 327 326 325 323 318 320 312 307 308 316 314 309 299 299 298 302 311 314 316 316 318 319 313 313 315 315 314 312 309 303 290 287 295 305 310 312 314 315 316 317 316 313 311 307 304 298 299 296 290 288 283 287 296 299 301 303 304 305 305 305 305 305 305 305 305 306 306 306 306
335 335 335 334 334 333 332 331 331 331 330 330 330 330 330 329 326 329 329 326 329 328 328 328 327 327 326 325 324 322 321 319 311 303 315 320 316 310 300 300 307 308 309 315 318 319 318 313 310 315 315 314 308 305 306 302 298 294 301 307 312 311 311 315 317 316 309 305 307 306 305 299 292 285 281 286 289 297 301 302 303 304 305 305 305 305 305 305 305 305 306 306 306 306
335 335 335 335 334 333 333 332 331 331 331 331 330 330 330 330 329 328 327 325 327 327 327 328 327 327 326 325 324 324 322 318 312 307 317 322 321 318 309 304 302 307 316 314 317 319 318 312 312 315 315 311 309 307 307 304 303 302 303 307 306 311 311 315 318 316 309 308 309 305 305 298 293 290 285 290 299 301 301 302 301 303 305 305 305 305 305 305 305 305 305 306 306 306
336 336 336 335 334 334 333 332 332 332 331 331 331 330 330 330 329 328 326 322 318 326 327 327 327 327 326 325 325 324 323 319 317 314 320 323 323 321 316 305 304 311 317 320 321 321 317 313 312 312 314 315 314 310 308 306 302 306 305 307 309 311 314 316 318 315 309 312 309 305 299 300 295 288 290 297 301 302 303 303 300 302 305 305 305 305 305 304 304 305 305 306 306 305
336 337 336 335 335 334 333 333 332 332 332 331 331 331 330 330 330 329 328 323 314 323 327 327 326 327 326 326 326 325 325 324 322 321 323 324 323 323 317 310 311 316 318 321 322 322 318 313 316 314 316 316 315 313 312 309 302 305 306 309 310 313 311 315 316 311 314 310 302 305 300 297 296 294 296 299 300 301 303 304 301 304 305 305 305 304 304 303 304 305 305 306 305 305
335 335 335 335 334 333 333 332 332 332 331 331 331 330 330 330 329 328 327 323 318 323 326 325 326 326 326 326 326 325 325 325 324 322 322 324 324 324 320 313 317 317 321 321 323 323 318 314 316 318 318 318 317 316 314 310 307 305 309 310 311 313 313 311 315 316 315 310 304 301 299 301 298 298 302 298 299 303 304 304 304 301 303 302 300 301 301 303 303 304 305 305 305 305
333 334 334 334 333 333 332 332 331 331 331 330 330 330 329 329 329 328 326 325 320 323 322 323 324 325 326 326 326 326 324 324 325 324 322 324 324 324 323 319 322 321 321 323 323 323 321 317 318 318 319 319 318 317 316 313 309 305 311 312 313 313 312 315 317 315 314 313 311 307 300 297 296 303 301 302 303 304 304 304 303 303 303 298 294 297 298 300 302 304 304 305 305 305
331 332 333 333 332 332 331 331 331 330 330 330 330 329 329 328 327 328 326 326 324 323 324 325 324 325 326 325 325 326 325 324 325 325 325 325 325 324 324 324 323 323 323 323 323 323 322 320 321 314 317 319 319 318 316 314 308 301 307 311 313 315 316 314 318 313 312 312 308 307 304 304 301 303 299 298 301 302 304 303 303 302 301 298 289 292 294 298 302 303 303 304 305 305
330 331 332 332 332 331 331 330 330 330 330 330 329 329 327 325 324 326 326 326 325 324 324 325 325 326 325 324 322 325 325 325 325 325 325 325 325 324 324 324 324 324 323 323 323 323 322 322 319 316 315 317 319 318 317 314 308 297 294 305 313 315 315 318 318 314 313 305 304 302 305 302 304 301 300 303 302 301 304 300 301 301 298 288 278 282 291 298 300 302 303 304 304 305
328 329 330 331 331 330 330 330 330 329 329 329 329 328 326 324 321 321 323 324 325 324 323 324 325 326 326 325 324 324 325 325 324 323 324 325 324 324 324 324 324 324 323 323 323 323 323 322 320 319 314 314 319 319 317 315 309 296 294 299 308 315 315 317 319 313 312 308 302 298 299 303 301 300 303 306 304 306 296 298 297 295 288 285 280 283 290 296 299 300 302 303 304 305
324 326 327 329 330 330 329 329 330 329 329 329 329 328 326 322 318 317 319 322 323 324 325 324 326 325 324 325 325 324 323 324 321 319 321 321 323 324 324 324 324 324 324 323 323 323 323 323 322 321 319 319 320 316 316 316 311 306 303 310 311 317 318 319 316 314 314 310 308 307 306 303 302 303 307 309 306 302 300 295 288 280 282 287 287 288 293 295 295 299 301 303 304 305
321 323 326 328 329 329 329 330 330 330 329 329 329 329 328 326 323 319 318 318 320 323 325 325 325 325 323 325 324 324 324 324 323 317 316 317 319 322 324 324 324 324 324 324 324 323 323 323 320 316 315 317 319 316 313 316 310 313 312 311 317 319 320 318 315 313 312 314 313 312 309 306 301 304 308 310 305 301 299 294 283 281 282 283 291 288 283 289 294 296 298 301 302 303
318 322 325 327 328 329 329 329 330 329 329 329 329 329 329 328 327 323 318 320 320 322 323 324 324 323 324 323 324 324 323 323 322 320 315 313 316 318 323 324 325 324 324 324 324 324 324 323 322 319 318 317 317 315 314 315 312 312 317 314 318 320 319 316 313 310 308 307 309 305 302 304 300 302 307 310 306 305 299 289 276 276 273 284 286 282 279 288 289 286 294 298 300 301
315 319 322 324 327 328 329 329 329 329 329 330 330 329 329 328 326 325 321 323 324 324 325 325 325 325 325 324 323 322 321 321 322 321 317 313 316 319 323 324 325 325 325 324 324 324 324 324 324 323 324 322 317 316 316 316 313 311 318 316 320 320 317 313 310 307 301 294 297 294 296 299 298 306 310 311 308 307 302 296 288 272 271 281 280 281 284 283 284 285 287 295 297 294
306 311 318 322 324 327 328 329 329 329 329 330 330 330 329 328 327 326 326 326 327 327 327 327 326 325 325 324 322 319 318 317 318 319 316 319 322 323 324 325 325 325 325 325 325 324 324 324 324 325 325 322 318 315 316 319 316 313 318 318 321 317 311 306 303 300 297 294 292 291 293 293 298 303 309 312 311 311 305 304 296 283 278 276 277 280 280 280 280 286 290 290 288 288
295 305 315 318 322 321 324 327 328 329 329 330 330 330 329 328 327 327 327 327 327 327 327 327 326 326 325 324 323 320 315 311 309 315 319 321 322 323 324 325 325 325 325 325 325 325 325 325 325 325 325 325 323 320 318 321 319 317 320 322 320 311 308 307 305 302 302 298 293 292 292 293 299 307 310 312 312 311 308 306 303 298 288 277 277 276 275 277 280 283 283 288 292 296
294 305 313 319 322 324 325 327 327 328 328 328 329 328 328 328 327 327 327 327 327 327 327 327 326 326 325 324 324 322 316 309 306 309 316 321 323 324 325 325 326 326 326 325 325 325 325 325 325 325 325 325 325 324 323 323 321 321 323 319 314 312 313 313 308 304 303 301 295 295 296 295 300 309 312 313 312 310 306 300 300 300 292 279 276 277 279 278 281 284 287 290 294 293
296 308 313 319 322 323 324 326 326 326 327 327 327 327 327 327 327 326 326 326 327 326 326 326 326 326 325 325 324 323 317 309 306 310 315 320 323 324 325 325 326 326 326 326 326 326 326 325 325 325 325 325 325 325 325 324 323 323 323 320 317 316 317 309 306 304 304 303 301 299 297 296 300 310 313 314 312 311 306 305 305 303 295 278 275 279 280 280 280 282 286 289 292 296
302 309 315 318 320 321 322 323 324 325 325 325 325 325 325 326 326 326 326 326 326 326 326 326 326 326 325 325 324 323 322 317 307 310 318 322 323 324 325 326 326 326 326 326 326 326 326 326 326 325 325 325 325 325 325 325 324 324 323 323 322 319 320 313 309 306 304 303 303 303 300 299 302 310 314 314 312 311 308 308 306 300 289 274 275 278 280 281 279 279 281 287 289 289
306 311 316 318 319 319 320 322 321 322 323 322 322 322 322 324 325 325 325 326 326 325 325 325 326 325 325 325 324 324 323 320 312 316 320 322 323 324 325 326 326 326 326 327 327 327 326 326 326 325 325 325 325 325 325 325 325 325 324 324 324 321 322 320 312 309 304 304 304 304 302 299 303 311 314 311 310 311 310 308 303 293 275 271 274 276 278 280 280 281 283 286 287 291
310 314 315 317 317 317 317 317 317 318 318 318 317 317 317 320 323 325 325 325 325 325 325 325 325 325 325 325 325 324 324 322 320 321 322 323 324 325 325 326 327 327 327 327 327 327 327 326 326 325 325 325 325 325 325 325 325 325 325 325 324 324 324 323 321 317 311 308 309 305 305 308 309 310 315 312 307 311 311 307 301 293 271 268 273 276 279 280 280 282 286 287 286 293
310 312 314 314 313 312 311 305 308 311 310 310 311 313 314 317 321 323 324 324 325 324 324 325 325 325 325 325 325 325 324 323 322 322 322 323 324 325 325 326 326 326 327 327 327 328 327 327 326 326 325 325 325 325 325 325 325 325 325 325 325 324 324 324 324 323 321 318 317 314 313 316 317 316 315 314 313 312 311 306 296 285 274 269 266 273 278 280 280 283 285 289 291 290
310 311 311 307 302 305 301 290 299 302 300 300 303 309 310 315 321 323 324 324 324 324 324 324 325 325 325 325 325 325 324 323 323 323 323 324 324 325 326 326 326 326 326 327 328 328 327 327 326 326 325 325 325 325 325 325 325 324 324 324 324 324 324 324 324 323 323 322 319 320 319 318 316 315 316 314 311 304 303 298 291 278 272 267 268 268 275 281 281 283 283 289 291 290
311 310 307 300 293 294 294 290 290 291 289 290 293 301 308 316 320 322 323 323 324 324 324 324 325 325 325 325 325 325 324 323 323 323 324 325 325 325 326 326 326 326 327 327 328 328 327 327 327 326 326 325 325 325 325 325 324 323 324 324 324 324 324 324 324 324 323 323 320 320 320 315 314 310 314 312 310 307 302 293 288 291 290 272 278 275 278 283 287 289 291 290 292 292
311 310 307 301 293 294 293 284 282 282 279 279 286 297 307 314 318 322 322 321 323 324 324 324 324 324 325 325 325 325 324 324 324 324 325 325 325 325 325 326 326 326 327 328 328 328 327 327 327 326 326 326 325 325 325 324 324 324 324 324 324 324 324 324 324 324 324 323 323 322 320 320 316 310 309 310 308 303 297 301 301 302 293 280 281 287 279 286 291 298 298 295 293 292
312 311 308 305 301 296 289 274 274 280 275 279 288 297 307 314 315 319 322 321 322 323 323 324 324 324 324 325 325 324 324 324 324 325 325 325 325 325 325 325 325 326 327 327 328 328 328 327 327 327 326 326 326 325 324 324 324 323 324 324 324 324 324 324 324 324 324 324 323 322 320 319 317 312 312 309 309 302 300 307 306 303 297 283 284 292 292 297 297 300 301 300 297 294
313 311 309 306 303 298 295 292 288 287 287 290 294 301 310 314 317 317 321 322 322 322 323 323 323 323 324 324 324 324 324 324 324 325 325 325 325 325 325 325 325 326 327 327 328 328 328 328 327 327 327 326 326 325 324 324 323 323 323 323 324 324 324 324 324 324 325 324 323 322 320 319 318 315 311 312 307 298 302 308 308 305 299 291 289 297 295 299 304 303 304 304 301 297
315 313 311 308 305 303 302 301 300 299 296 293 299 305 311 314 314 315 318 320 321 321 321 321 322 322 322 323 323 323 323 324 324 324 325 325 325 325 325 325 325 326 327 327 327 328 328 328 327 327 327 327 326 325 324 324 323 323 323 323 323 323 324 324 324 324 324 324 323 323 321 319 316 315 315 311 308 305 307 309 309 303 299 299 302 304 300 304 304 308 307 305 303 300
315 314 312 310 308 307 306 305 304 304 295 285 301 308 311 312 312 313 312 315 318 319 320 320 320 320 321 321 322 322 322 323 324 324 325 325 325 325 325 325 325 326 326 327 328 328 328 328 328 327 327 327 326 325 324 323 323 323 323 323 323 323 324 324 324 324 324 324 324 323 322 321 317 317 318 315 314 313 311 311 310 302 302 307 305 303 302 309 308 305 304 303 303 301
