ecocropFuture/tif/c6/rcp585/ACCESS-CM2/tmax_1.asc
ncols        683
nrows        518
xllcorner    -87.691666666667
yllcorner    10.708333333333
cellsize     0.008333333333
NODATA_value  nan
[rows 210 to 251 of 518, columns 94 to 187 of 683]
nan 325 322 315 305 302 297 293 296 299 302 290 288 292 293 291 285 281 273 282 296 304 307 307 301 295 278 270 278 273 268 257 267 268 255 266 284 295 290 289 294 297 288 267 265 259 251 248 242 247 257 258 261 266 270 274 266 267 268 271 265 263 268 270 272 276 285 282 274 260 249 253 248 242 241 236 234 238 237 244 256 259 259 253 257 259 255 256 256 252 242 230 222 221
326 325 321 314 312 309 304 304 304 300 306 302 302 300 295 291 292 297 281 279 291 295 298 310 303 289 271 275 282 283 277 276 277 268 253 265 285 297 300 298 303 302 287 271 277 275 271 265 254 248 250 247 253 256 262 268 265 256 257 260 264 264 268 270 273 277 285 282 272 262 253 248 243 239 236 235 234 234 241 249 251 252 254 253 249 250 246 249 243 243 239 230 224 227
329 327 324 320 313 305 305 310 312 304 310 311 307 297 290 293 298 305 297 282 281 286 303 313 306 293 283 283 289 291 291 282 274 264 254 275 289 297 305 306 307 297 283 286 291 280 283 277 267 251 245 246 250 245 245 257 267 264 261 261 267 268 268 272 275 276 280 284 277 273 261 250 253 246 241 235 234 233 237 242 244 243 245 244 238 239 239 239 235 238 237 235 233 232
329 325 324 320 313 306 306 313 316 311 311 314 309 304 297 296 303 309 303 291 286 294 305 312 313 307 297 284 285 297 292 276 263 255 263 280 292 298 302 308 308 293 292 300 294 292 288 279 270 261 257 254 243 243 242 256 259 263 264 265 268 268 271 275 276 277 277 283 282 280 271 255 257 254 247 240 234 233 233 234 234 234 234 235 232 235 246 253 253 251 249 243 242 242
328 328 324 318 311 306 310 313 316 315 315 316 313 311 308 308 311 310 305 297 297 307 312 316 315 302 294 282 290 299 290 272 261 261 269 288 299 306 307 312 311 298 299 305 300 294 287 285 279 280 274 269 251 249 246 245 250 256 263 267 271 271 272 274 277 277 277 277 280 282 272 266 266 257 251 247 238 235 235 235 232 231 232 233 232 233 241 256 262 260 257 254 248 251
331 328 324 319 318 317 320 318 319 314 317 315 315 317 315 316 315 309 313 310 303 311 316 319 316 306 302 295 299 300 289 275 273 276 269 284 299 307 313 316 315 311 308 308 300 292 288 293 287 290 287 280 269 256 243 243 248 256 262 266 272 273 273 274 275 279 280 280 283 280 275 272 269 263 256 247 242 240 240 236 233 232 237 242 241 238 247 256 265 263 262 263 254 256
330 328 326 325 317 315 318 323 323 318 322 315 315 318 320 318 318 316 315 318 314 315 316 319 315 312 312 309 304 295 289 283 291 287 278 288 301 303 315 318 314 310 306 309 304 299 293 296 293 289 280 279 275 262 250 247 249 255 263 267 273 275 273 274 275 277 281 284 281 277 269 263 262 263 258 250 249 247 241 237 235 234 242 251 249 245 247 259 265 269 268 262 257 254
329 327 326 327 326 319 314 315 324 325 322 316 315 320 317 313 311 317 318 320 320 320 318 322 317 316 316 312 301 292 286 293 304 290 293 304 314 314 319 319 318 314 309 312 309 305 300 298 296 293 286 276 264 259 255 257 257 259 264 268 273 275 274 275 275 276 279 283 280 274 267 261 252 251 253 254 251 251 245 243 244 241 246 254 256 249 254 257 261 270 271 265 261 262
329 327 329 328 329 328 324 319 318 327 322 315 318 325 323 317 316 312 317 321 323 322 323 323 322 320 317 316 309 304 299 296 310 304 307 316 320 320 321 321 320 314 307 313 312 309 305 299 297 299 294 281 266 255 255 259 260 263 264 272 275 278 277 278 279 280 280 283 279 274 266 259 250 248 247 247 246 249 246 245 248 245 253 259 260 257 260 263 267 272 272 269 267 269
330 329 327 327 329 329 330 329 325 326 325 323 324 327 320 314 315 310 310 319 324 322 324 323 323 319 319 317 313 313 308 307 307 316 316 322 323 322 322 322 320 315 315 315 313 309 308 305 299 300 294 286 273 262 260 263 265 266 264 269 275 278 280 281 282 282 281 283 280 275 268 258 251 249 247 246 246 245 246 246 251 252 257 263 264 263 266 268 271 275 275 273 272 265
331 327 325 327 329 327 329 331 333 332 325 324 329 319 311 306 311 306 310 317 323 325 323 323 322 321 321 318 316 316 318 320 317 320 324 325 325 324 323 323 321 319 317 314 310 306 301 301 302 300 291 282 265 258 260 263 268 265 265 269 274 274 277 281 283 284 285 284 281 274 267 257 252 251 250 248 247 243 244 248 257 261 263 266 269 267 270 274 275 278 276 273 268 262
332 330 329 329 328 327 326 331 334 332 334 332 332 320 314 308 308 304 311 317 322 322 321 323 322 321 322 321 318 319 323 322 320 317 324 325 325 324 323 322 320 318 316 314 310 302 293 291 293 300 291 280 262 251 252 259 266 271 268 269 273 275 276 281 283 284 283 284 281 274 266 256 254 254 253 252 248 246 247 251 253 260 263 268 272 268 273 277 279 280 278 272 266 263
337 328 334 336 327 326 325 326 334 336 336 337 336 332 327 324 323 318 320 323 323 317 319 321 322 321 323 321 318 322 323 317 309 317 324 324 321 321 321 320 314 307 312 311 308 304 299 289 287 297 291 276 271 261 255 256 265 270 267 266 273 276 279 282 284 283 282 283 281 275 266 255 254 256 256 254 252 250 250 252 253 255 259 268 274 271 275 279 282 280 275 269 268 268
337 330 333 336 330 332 333 328 331 335 336 337 339 337 335 332 330 325 326 326 317 312 314 316 322 324 322 324 323 324 323 321 318 321 323 322 321 319 315 315 306 303 308 309 305 300 295 286 275 288 293 287 281 273 257 254 264 268 267 269 275 279 281 282 283 280 281 284 282 277 267 260 255 253 260 261 257 253 252 253 258 262 264 268 276 273 273 276 283 280 275 270 270 275
339 336 338 335 333 337 336 331 334 337 337 336 340 339 337 334 333 329 330 330 321 312 313 316 317 321 325 325 324 322 320 317 314 321 321 321 319 316 315 309 297 302 304 306 300 297 290 282 272 279 291 289 284 272 263 256 265 263 266 269 275 278 279 281 282 279 281 283 282 275 266 263 262 257 262 264 257 255 256 255 257 262 264 268 271 277 276 279 283 280 275 276 277 279
340 343 342 340 340 339 337 332 337 340 340 341 342 341 340 339 336 334 332 330 324 318 322 318 322 326 325 322 320 322 321 319 317 318 320 318 317 309 309 304 298 303 302 296 293 289 287 279 263 276 287 283 275 273 268 255 259 258 260 262 270 274 275 278 282 283 283 284 281 276 267 260 264 261 261 268 265 264 258 253 253 260 263 268 273 277 277 281 282 279 278 284 283 283
344 345 343 342 343 342 339 337 341 342 343 343 343 342 341 339 338 337 335 327 327 325 322 320 329 326 323 319 319 320 322 316 315 317 317 312 309 304 298 293 295 292 295 286 278 281 280 269 252 270 281 276 273 260 254 256 257 255 254 256 265 267 271 276 281 283 284 284 283 280 271 268 266 264 262 267 269 268 263 253 254 258 264 269 274 279 275 283 279 276 282 288 288 285
345 346 345 344 344 340 336 340 342 343 342 342 342 342 341 340 339 338 337 328 329 327 325 326 329 329 327 325 325 322 320 309 308 313 309 304 300 299 289 283 285 285 286 279 266 273 269 257 252 271 270 259 258 252 250 253 254 249 247 255 260 266 271 276 281 283 284 285 284 282 276 272 267 263 269 269 272 271 271 264 266 264 268 273 278 278 276 280 279 275 283 289 289 287
347 346 346 345 344 343 339 341 342 342 341 341 340 340 340 339 339 338 335 333 328 327 329 333 332 333 331 327 327 324 321 309 307 307 302 291 283 285 285 279 282 283 286 281 270 265 258 250 256 262 251 245 246 245 246 248 247 241 241 251 259 267 273 276 280 283 285 285 284 282 273 269 267 266 268 265 265 261 270 273 275 276 275 277 281 281 276 282 282 276 283 289 286 283
348 347 347 347 346 344 343 343 342 338 336 339 340 340 339 339 340 339 336 336 336 330 325 331 334 333 330 328 325 326 323 315 305 304 300 290 287 285 288 286 292 292 289 282 277 268 261 255 253 246 245 253 256 253 252 246 242 237 238 251 261 268 274 278 281 283 285 285 284 281 276 273 272 271 263 253 252 256 258 262 267 273 273 274 276 281 282 283 284 285 286 288 282 279
349 348 348 348 347 346 345 344 342 340 339 339 339 339 338 337 339 338 335 338 337 336 330 332 333 334 332 330 327 327 323 317 310 314 306 298 292 293 298 298 297 296 292 284 278 269 259 267 267 259 253 262 270 271 265 247 237 235 239 253 261 265 272 278 281 283 285 285 283 277 273 271 269 265 261 253 251 256 262 267 270 266 267 268 271 273 276 275 277 281 283 282 279 281
349 350 349 349 348 347 346 345 343 341 339 339 339 337 338 338 338 340 339 339 338 335 336 334 331 332 333 330 328 327 323 319 318 316 305 299 296 298 305 309 305 294 292 287 279 272 260 271 278 271 259 269 278 272 257 247 241 235 246 257 263 266 272 278 281 283 284 285 282 277 272 271 266 257 254 256 256 257 259 263 261 261 264 269 273 276 275 276 275 276 277 274 277 281
350 350 350 349 348 348 347 346 344 342 339 338 339 339 338 338 340 339 341 340 339 335 334 330 327 329 330 329 329 324 324 321 317 314 302 294 298 302 304 310 304 294 291 288 282 274 262 273 284 281 277 275 285 275 264 261 255 244 250 257 267 270 270 276 280 282 283 284 278 275 269 265 262 261 265 269 264 263 265 262 254 253 260 267 273 280 281 283 281 279 277 271 273 275
350 350 350 349 349 348 347 345 344 344 342 341 341 340 341 339 340 338 334 338 339 336 335 333 328 324 324 321 323 325 324 319 313 315 306 298 301 307 310 310 305 296 293 287 284 284 275 272 287 290 290 288 288 277 273 273 268 260 259 265 268 270 273 276 280 281 282 282 275 272 266 265 268 268 273 278 277 276 279 269 252 253 262 267 275 278 284 286 288 285 278 273 274 275
351 350 350 349 349 348 347 346 345 345 344 342 342 341 342 341 340 338 337 336 338 334 331 333 333 329 323 318 312 315 318 319 317 319 315 311 313 311 314 314 308 303 298 295 292 290 286 273 280 291 296 296 288 287 282 273 268 261 262 265 260 260 273 277 278 279 281 280 276 269 262 270 276 278 281 282 284 286 285 272 267 262 274 269 264 274 277 281 291 289 278 275 274 274
351 351 350 350 349 348 347 346 346 345 344 343 343 343 342 341 341 339 337 334 335 336 330 328 329 330 326 317 309 311 310 312 319 321 321 319 319 319 318 317 313 310 302 298 297 296 291 287 290 294 298 298 283 274 274 267 254 250 250 256 261 268 274 277 278 278 280 279 276 271 263 270 274 279 276 273 279 285 287 279 280 277 281 276 266 271 273 280 288 290 277 277 275 276
351 351 350 350 349 348 346 347 345 345 345 344 343 342 340 339 339 339 338 335 335 334 332 326 326 328 327 322 316 318 318 318 322 323 323 322 321 321 320 319 317 308 298 296 296 296 295 295 297 301 301 301 288 273 269 261 261 258 246 252 263 268 272 274 274 277 278 276 274 270 265 263 269 275 274 270 272 280 287 290 286 289 280 273 276 278 278 283 293 288 280 286 279 279
351 351 350 349 349 348 347 347 343 343 344 342 342 342 340 340 339 340 338 337 336 335 331 327 322 322 322 325 321 320 317 320 322 323 324 323 322 321 320 317 314 309 306 292 293 298 298 298 298 303 305 303 294 288 280 275 276 266 256 255 261 268 271 273 274 276 275 269 267 267 268 264 261 265 263 265 271 276 283 286 292 292 280 281 287 292 290 293 297 293 291 290 288 289
351 351 350 349 348 348 348 347 346 344 343 343 343 342 342 342 341 340 337 335 330 328 332 328 328 326 323 326 322 319 315 315 321 322 320 321 321 320 317 312 312 315 311 298 288 298 301 298 298 303 306 303 300 296 293 289 283 278 262 258 264 266 269 271 269 272 272 269 265 267 266 262 256 253 256 265 271 273 278 285 290 294 290 281 293 297 296 299 299 297 298 297 295 295
351 351 350 349 348 348 348 346 346 345 345 345 344 343 343 341 339 340 338 336 331 324 326 327 324 324 326 322 320 311 312 314 318 318 314 318 319 323 322 317 316 316 311 298 293 300 302 300 302 306 307 303 298 297 298 296 292 284 271 258 260 262 262 263 259 267 268 264 265 264 265 266 259 247 256 267 274 279 277 279 285 291 296 289 298 300 301 302 302 303 302 301 299 300
351 351 350 350 349 348 347 346 346 346 345 345 344 344 344 343 340 341 340 338 337 334 331 327 324 317 321 320 320 317 318 318 317 317 316 319 321 323 323 322 320 310 310 298 295 301 304 302 305 307 308 306 302 297 298 299 296 287 273 263 258 259 257 255 257 263 265 264 262 264 268 268 259 251 259 269 277 286 284 283 288 293 298 296 302 302 300 300 298 296 297 302 302 302
351 350 350 347 348 347 346 346 345 346 345 345 344 343 344 344 344 343 342 341 339 338 336 333 332 327 325 326 323 322 321 318 318 315 317 319 321 322 320 324 321 313 302 299 301 297 306 308 307 308 309 305 306 299 299 299 296 292 282 270 255 255 250 249 251 258 260 263 260 262 267 269 263 267 272 278 283 286 284 287 295 300 300 301 300 302 300 298 293 288 292 302 305 303
351 350 349 347 347 346 345 345 344 345 345 344 346 346 345 345 345 344 344 342 340 340 337 337 335 332 330 327 318 321 324 321 319 319 317 322 324 325 324 324 322 318 307 305 309 303 305 311 311 308 311 310 309 306 300 288 287 288 279 261 250 250 243 243 245 249 254 261 258 260 268 271 272 274 280 281 288 289 290 289 295 300 298 294 296 301 302 297 288 283 291 300 305 304
350 350 349 348 346 344 345 344 345 345 345 345 346 346 346 346 345 345 344 343 339 339 337 334 336 334 331 325 319 322 327 323 322 326 328 328 323 323 325 326 323 321 316 313 310 310 304 310 313 310 312 308 308 307 302 288 286 282 274 255 252 250 240 239 242 245 254 258 256 259 265 269 270 273 272 279 282 283 290 295 296 296 299 294 295 300 301 299 292 288 291 301 306 304
350 350 348 348 347 345 346 346 346 346 346 346 347 347 346 346 346 344 344 342 340 339 334 325 335 335 329 323 320 322 329 329 327 332 331 324 318 317 320 325 325 323 320 316 312 313 310 311 312 310 312 308 307 307 302 291 290 282 276 261 267 256 246 244 237 242 250 256 252 256 264 265 263 264 265 268 274 279 285 285 295 299 292 286 291 297 300 299 296 294 291 295 303 301
350 350 349 349 348 347 347 347 347 347 347 347 347 348 347 346 346 345 344 342 341 339 336 330 333 335 334 329 323 326 332 333 333 333 331 325 316 312 318 325 326 324 321 317 315 314 314 312 310 311 312 309 306 307 304 294 288 286 286 278 279 267 258 251 239 242 244 248 250 252 257 259 260 266 266 263 271 277 276 280 290 294 279 281 288 295 299 298 297 294 290 293 298 300
350 349 349 349 349 348 348 348 348 348 348 348 348 348 347 346 346 345 344 342 338 339 338 335 333 335 335 335 330 332 334 335 335 334 333 327 319 317 319 327 327 324 318 307 309 310 312 306 306 310 310 304 304 305 305 296 290 291 291 286 278 272 262 249 244 245 245 244 248 259 262 261 261 269 271 269 276 283 282 285 294 288 275 278 283 294 301 300 299 295 291 296 298 302
350 349 350 349 349 349 349 348 348 348 349 349 349 348 346 346 345 344 343 342 339 337 336 337 332 333 335 336 335 335 335 336 336 336 336 331 326 321 325 329 325 318 315 305 304 308 308 302 307 310 310 307 304 303 304 296 292 293 292 289 282 272 263 249 247 248 248 246 247 253 264 270 271 273 279 281 285 286 288 291 288 293 289 280 279 292 301 304 304 301 299 301 299 304
350 349 350 349 349 349 349 349 349 349 349 348 348 348 347 345 344 344 342 340 338 338 334 336 335 331 327 331 335 332 332 335 336 337 338 335 332 327 330 331 327 313 312 310 312 314 312 307 306 307 309 310 309 304 303 297 289 290 293 292 287 281 266 258 258 258 255 249 249 252 262 267 268 279 284 282 274 266 275 277 276 291 295 286 276 292 301 305 305 309 307 300 299 306
349 349 349 349 349 349 349 349 349 348 348 348 347 347 346 345 343 340 341 339 334 337 335 336 335 330 325 329 334 331 331 333 335 337 339 337 335 332 332 333 330 319 321 320 317 314 311 307 298 300 305 308 309 308 305 302 292 284 291 295 285 273 266 265 272 269 268 256 254 255 265 263 260 269 274 269 261 262 266 266 269 278 295 298 288 297 305 307 306 309 302 297 299 307
349 349 349 349 349 349 348 348 348 348 347 347 347 346 346 345 343 341 341 339 337 338 339 336 334 333 332 332 334 332 332 332 336 338 339 338 335 333 334 334 333 328 326 318 313 310 308 303 294 289 298 305 308 306 304 299 284 282 290 298 289 275 273 278 283 278 276 268 261 262 265 257 252 259 264 261 259 262 264 271 277 283 299 306 306 305 309 310 307 311 304 298 307 308
348 348 349 348 349 349 348 348 348 347 347 347 347 346 346 345 343 342 343 341 340 340 340 339 335 335 332 333 332 333 332 333 336 338 340 339 338 337 337 336 334 330 326 319 313 316 314 307 300 290 292 301 305 306 304 295 277 285 294 299 294 286 286 293 293 286 272 270 264 258 258 252 253 255 255 253 258 263 271 282 288 296 302 305 309 310 311 312 309 312 308 300 306 309
