ecocropFuture/tif/c6/rcp585/ACCESS-CM2/tmax_11.asc
ncols        683
nrows        518
xllcorner    -87.691666666667
yllcorner    10.708333333333
cellsize     0.008333333333
NODATA_value  nan
[rows 126 to 167 of 518, columns 282 to 375 of 683]
303 298 301 299 294 301 306 307 306 306 304 300 298 300 300 297 287 290 293 295 294 295 296 296 296 294 292 296 293 292 293 289 280 279 277 280 285 283 279 279 284 290 294 291 286 290 288 294 295 295 290 289 292 292 288 296 292 295 291 290 292 292 294 290 289 292 290 287 284 285 288 290 291 293 293 292 292 291 290 287 289 291 290 288 281 277 275 285 289 292 288 285 284 282
302 303 303 301 295 295 304 306 306 305 304 303 301 302 301 297 291 294 293 294 291 289 293 295 294 292 293 296 294 289 286 286 287 282 278 277 278 279 282 282 280 288 292 285 279 284 287 295 296 295 293 288 283 288 288 295 296 294 296 295 293 295 294 294 291 293 295 294 291 290 291 291 291 292 289 288 289 288 288 285 287 291 291 290 286 279 275 279 286 290 288 287 286 283
301 304 304 301 297 296 304 305 306 305 305 304 303 303 302 300 297 297 296 293 292 285 292 295 294 294 295 295 294 290 284 279 288 286 283 280 276 274 276 287 290 292 291 281 277 285 289 290 293 297 291 284 279 288 293 294 298 296 294 298 295 297 294 296 295 297 295 291 291 291 292 292 292 291 289 290 291 291 291 290 290 290 291 291 291 286 287 286 291 289 293 293 293 291
303 303 304 303 300 299 301 305 306 305 305 304 303 303 302 301 300 299 297 293 291 283 290 293 293 294 294 294 293 292 287 283 284 286 284 282 279 279 276 285 290 291 291 284 278 286 288 282 284 296 291 278 280 288 295 294 298 297 296 299 296 299 296 297 299 296 291 290 291 292 291 292 290 289 289 287 290 288 288 290 292 292 291 292 293 292 292 294 293 290 297 298 297 294
301 305 304 303 298 302 304 304 305 305 304 303 303 302 302 301 300 299 298 294 291 284 290 292 289 291 294 295 293 291 287 284 281 281 278 279 282 278 278 282 287 289 290 285 281 282 282 278 285 294 295 284 279 285 296 295 299 300 298 298 297 300 299 300 295 291 290 289 290 289 291 291 290 289 287 287 286 287 288 288 291 292 292 293 294 294 293 295 298 299 300 300 299 300
299 304 305 304 298 303 305 305 306 305 303 302 303 302 301 300 299 297 297 296 289 288 292 292 292 292 294 294 293 290 285 286 284 282 276 280 283 283 281 278 289 288 286 285 278 274 275 276 289 294 298 290 278 282 293 298 299 301 299 299 301 298 293 298 296 292 290 289 290 290 289 289 286 286 287 287 285 283 282 285 288 288 291 290 292 294 296 296 295 296 292 299 301 300
303 304 304 304 301 303 304 304 305 305 303 303 302 302 301 299 298 296 294 295 289 290 292 292 292 294 293 293 291 292 287 284 280 274 275 281 286 286 286 288 292 286 282 289 283 279 273 280 289 294 299 292 278 276 287 292 296 301 301 301 301 297 294 296 293 294 293 291 291 291 289 287 286 287 287 288 288 288 287 285 282 280 283 287 290 292 293 295 297 296 292 295 300 298
304 305 304 303 302 303 305 305 304 302 301 303 302 302 300 297 294 296 294 295 293 291 291 292 289 293 292 291 290 291 289 287 276 275 278 282 287 289 289 294 295 288 283 292 290 284 274 275 283 291 298 296 286 276 284 294 289 300 302 302 300 299 296 294 291 296 294 290 291 289 288 287 287 287 287 289 289 289 289 288 286 284 282 286 285 287 292 294 293 294 293 292 299 302
306 305 303 303 304 304 304 303 302 301 303 303 302 301 300 298 293 291 290 289 292 287 288 291 291 293 292 290 288 290 291 290 280 278 282 286 290 287 294 295 294 290 288 295 293 284 274 268 275 284 298 300 293 290 295 299 292 294 303 302 298 298 298 294 295 297 295 295 295 291 289 290 289 289 287 288 289 289 289 289 288 284 278 278 276 284 292 290 291 292 290 290 296 302
306 302 298 299 300 304 304 303 302 302 303 302 302 301 300 297 290 280 280 282 289 286 287 291 292 292 292 291 288 291 291 292 288 284 283 290 293 291 297 296 294 295 295 293 294 292 284 269 271 283 297 302 300 296 298 301 297 298 303 302 300 300 300 294 294 299 299 298 295 294 293 293 291 289 288 289 289 288 287 287 288 288 284 276 275 283 290 287 282 285 286 284 287 297
301 302 299 301 299 303 304 303 301 302 303 301 301 300 298 297 291 281 281 286 289 291 290 290 292 292 293 294 289 292 296 294 293 292 286 286 293 296 298 295 291 296 297 290 287 297 290 279 280 291 295 298 301 301 300 302 301 300 303 302 301 300 300 297 297 298 301 298 298 297 297 294 290 290 289 289 287 288 287 286 284 286 288 281 282 280 283 282 280 279 283 292 293 293
302 304 304 303 302 304 303 300 300 302 301 300 299 299 297 296 289 282 286 288 288 291 291 290 289 292 295 296 291 293 297 297 294 296 289 287 293 299 296 290 292 296 299 295 288 297 298 287 289 294 287 291 295 302 300 303 303 303 303 302 301 297 300 301 302 301 302 299 301 301 299 294 291 291 291 290 289 288 287 285 283 285 289 287 279 277 277 276 272 278 284 294 299 300
305 304 303 301 302 303 300 299 299 301 300 299 298 295 292 291 291 283 287 287 285 289 289 290 289 293 296 297 296 296 298 299 297 298 295 297 299 299 293 291 291 295 299 297 286 293 302 296 295 298 296 296 296 301 303 300 303 304 303 301 298 295 298 301 302 303 302 302 302 301 298 296 295 292 292 289 288 288 287 283 284 287 287 288 282 276 281 281 275 283 287 295 298 297
302 302 299 297 299 302 300 298 299 300 298 296 294 290 282 279 283 282 285 288 285 285 289 288 291 288 293 297 299 297 299 300 300 300 300 300 301 298 293 294 296 299 302 300 295 297 303 300 300 295 295 300 295 298 304 303 303 304 301 301 297 298 300 302 303 304 301 302 301 298 294 291 290 290 290 290 289 288 286 281 282 285 288 289 289 288 288 287 285 289 286 293 296 295
297 296 291 289 297 300 300 295 299 298 294 291 289 285 275 269 276 279 283 287 287 286 289 286 289 290 294 296 297 299 300 299 300 301 301 301 301 297 296 300 297 300 303 302 300 299 304 304 304 302 298 300 300 300 303 305 305 304 302 302 302 300 303 302 303 304 302 300 296 292 290 289 288 288 289 288 289 287 281 276 276 284 287 288 289 290 290 291 291 290 287 289 296 294
288 285 281 283 287 293 299 296 299 295 287 285 283 277 273 278 279 283 283 284 287 286 288 288 288 290 292 292 292 295 299 300 300 300 301 299 300 301 301 300 298 301 303 300 300 298 304 306 305 305 304 302 302 303 299 303 306 305 304 303 302 303 304 303 302 304 304 301 296 295 291 288 286 285 283 285 290 288 279 269 271 281 284 285 289 290 290 289 288 286 285 291 295 291
284 280 273 271 279 288 297 300 296 290 279 276 274 272 277 283 285 285 283 280 284 282 286 288 287 288 293 291 286 293 298 299 299 298 301 296 293 300 297 301 299 299 303 300 301 300 303 304 302 304 306 305 304 305 303 304 306 306 305 303 304 303 304 305 305 304 303 300 297 293 289 287 282 282 281 289 290 289 285 280 279 285 286 286 290 290 289 285 283 281 285 290 293 290
291 282 272 271 281 288 295 299 296 290 284 279 280 279 283 288 288 285 282 282 284 285 288 285 284 288 292 294 290 292 298 298 298 300 299 291 291 295 298 299 300 298 301 302 301 305 302 299 295 299 306 307 307 307 306 304 305 306 306 305 304 305 304 305 306 304 298 296 291 290 294 288 279 281 285 290 290 290 289 288 289 290 291 291 291 290 289 284 281 281 287 291 292 286
296 290 286 283 281 283 292 298 295 291 288 287 286 284 287 288 284 285 281 282 283 287 286 285 280 285 286 294 295 295 295 298 299 299 293 295 291 293 298 297 298 299 303 304 303 305 302 297 299 304 305 307 307 307 307 306 306 306 307 306 305 305 306 306 305 301 294 292 292 292 296 287 277 283 288 290 291 291 291 291 291 291 291 290 287 287 288 289 286 282 284 285 288 288
300 297 295 292 291 290 293 298 298 295 293 291 291 290 290 289 286 284 279 278 283 284 285 284 281 283 287 290 293 297 294 298 299 298 296 293 294 297 299 298 295 302 304 306 306 306 306 303 304 301 298 305 307 308 307 307 305 306 306 306 307 306 306 306 304 300 297 295 296 298 297 289 287 287 289 289 287 289 290 290 290 290 289 287 286 286 286 285 281 285 289 288 294 297
304 302 300 298 296 296 295 297 294 296 296 292 293 293 291 288 284 281 280 282 280 283 285 286 286 285 290 289 290 297 295 297 298 294 288 285 289 294 297 296 295 297 302 304 306 307 308 307 304 304 298 299 307 308 308 307 306 305 299 305 307 308 307 306 304 297 298 299 300 300 296 291 287 286 282 279 277 287 290 290 289 288 289 288 287 287 286 287 289 290 294 295 298 299
301 298 300 297 296 297 293 294 291 289 294 295 294 291 290 286 284 281 281 277 278 277 285 289 290 288 290 290 291 296 297 297 294 283 276 270 278 289 290 286 293 297 300 302 305 304 304 308 307 304 306 304 307 309 308 306 304 304 300 303 308 308 307 306 303 300 297 300 302 298 293 284 279 278 274 276 281 287 290 291 289 287 287 286 285 282 282 288 291 293 295 295 294 295
296 299 299 299 297 296 292 289 288 288 294 295 295 293 289 287 282 282 277 273 271 276 283 287 292 292 292 292 295 296 296 293 290 284 274 255 269 278 279 283 289 293 300 302 302 299 301 306 308 308 308 308 308 309 308 304 295 301 303 305 308 308 308 304 305 304 302 302 303 300 296 295 290 283 279 285 290 290 294 293 289 284 285 282 278 276 282 286 287 287 289 291 291 291
294 298 298 299 299 295 294 290 288 290 292 294 295 292 290 288 284 278 269 278 274 281 284 289 292 293 293 295 294 293 290 289 289 277 266 252 256 263 272 272 277 283 293 300 301 303 305 307 308 309 309 309 309 309 308 301 298 302 306 307 308 309 308 306 304 304 301 303 302 298 296 295 293 283 276 285 293 296 290 289 287 283 278 276 271 275 281 285 289 285 283 290 294 295
296 297 299 299 299 296 296 293 291 292 291 293 294 292 289 287 284 277 273 273 284 282 287 291 292 291 293 292 291 289 282 283 284 280 264 241 232 247 256 255 263 277 288 296 301 305 307 308 307 307 309 310 309 309 308 307 306 304 305 307 309 308 308 307 305 305 304 304 302 301 299 297 293 286 285 290 295 294 284 282 278 275 273 275 279 283 288 292 292 290 292 291 297 296
298 297 298 300 299 299 296 294 294 294 292 292 292 292 290 286 280 282 278 275 284 289 286 289 291 292 292 290 287 285 279 276 276 276 267 251 246 250 258 263 268 276 285 291 297 305 306 307 307 308 308 310 309 309 307 305 307 305 308 308 309 308 307 307 305 306 306 303 301 300 298 296 289 291 294 295 299 295 291 287 286 281 283 285 290 289 289 295 292 295 297 296 298 298
301 298 299 299 298 297 294 297 296 295 293 290 289 289 288 284 282 284 286 278 278 289 289 290 292 293 291 288 284 279 271 264 257 257 264 263 259 260 253 253 255 265 273 284 294 302 305 306 307 308 309 309 310 310 308 306 307 307 309 309 308 308 307 306 307 307 306 303 302 299 298 294 291 295 298 298 300 301 299 297 295 291 289 295 296 296 292 297 298 298 299 299 299 298
302 301 299 298 297 297 297 295 294 295 293 291 288 284 282 287 289 285 288 287 283 286 292 289 294 293 290 287 281 273 264 253 241 244 252 262 268 270 266 255 253 253 263 281 292 297 304 307 307 308 309 309 309 310 309 307 308 308 309 309 308 308 308 307 307 306 305 303 302 300 298 291 294 300 300 300 299 302 302 301 299 297 295 295 298 299 300 301 302 301 301 300 299 299
302 298 299 297 296 296 297 296 293 293 294 291 287 283 281 287 288 291 292 291 292 288 294 296 296 293 288 284 276 266 251 242 230 234 246 253 266 274 273 266 265 259 265 277 286 294 301 306 307 309 309 309 309 310 309 308 309 309 309 309 309 308 307 307 308 305 304 304 302 303 300 295 297 301 302 302 300 303 303 301 298 297 294 291 294 299 301 303 304 304 302 302 300 298
301 298 299 298 296 294 291 290 290 294 294 291 288 283 282 286 290 291 295 290 291 295 294 298 296 291 285 281 271 262 254 246 237 239 246 255 264 273 280 275 273 265 268 276 285 292 300 305 307 308 308 309 309 309 310 309 309 309 309 309 308 308 308 308 307 306 303 305 303 304 303 302 299 301 301 302 304 304 304 302 299 299 297 293 293 299 301 303 304 305 304 302 303 302
300 298 299 297 296 292 285 285 292 296 293 286 287 280 275 280 286 290 294 296 295 296 297 299 296 289 282 275 266 254 244 238 238 244 248 256 266 274 281 282 276 269 274 278 282 291 302 305 308 308 308 309 309 309 309 310 309 309 309 309 309 309 308 307 307 306 306 306 305 304 301 301 301 300 300 298 301 305 305 302 301 301 303 302 300 302 305 304 305 305 305 305 304 303
299 297 298 296 293 287 280 284 290 296 289 286 282 280 274 280 283 290 292 293 298 298 299 298 294 286 281 276 265 249 238 234 235 238 241 247 261 273 281 285 278 278 278 285 292 297 302 305 307 307 308 309 309 309 309 310 309 309 309 309 309 309 308 307 307 307 307 307 306 305 304 303 303 300 301 299 302 305 304 300 299 302 304 305 305 304 306 306 306 306 306 306 305 303
298 297 295 291 287 284 284 288 294 294 291 284 278 276 284 281 281 293 296 297 297 300 300 298 295 286 280 276 268 259 249 246 241 246 254 257 266 277 283 284 280 286 288 287 289 295 303 305 308 308 309 309 309 309 309 309 309 309 310 309 309 309 308 306 307 308 308 307 306 305 305 305 305 303 302 301 304 306 304 302 301 301 303 305 306 306 307 307 307 307 306 307 307 307
297 298 291 289 289 288 290 293 296 293 295 288 280 280 282 290 288 293 297 298 299 300 301 299 295 286 279 274 263 253 251 253 254 255 256 265 272 281 287 283 283 287 290 294 298 298 305 307 308 308 309 309 309 310 310 310 310 310 310 310 309 309 308 307 308 308 308 308 306 304 303 306 306 306 305 306 306 306 305 302 302 304 301 303 305 307 307 308 307 308 308 307 308 308
294 300 294 290 297 294 296 297 298 299 296 289 284 287 278 291 294 294 296 300 300 301 300 296 296 287 281 274 260 248 245 252 257 262 265 265 273 283 289 287 286 288 287 295 301 304 306 306 306 308 309 309 309 309 309 310 309 309 309 310 309 309 309 308 308 308 308 308 307 305 304 304 306 306 306 306 306 306 305 305 306 306 301 300 305 307 308 308 308 308 308 308 308 308
297 300 298 296 298 296 299 300 301 299 295 285 282 292 285 290 294 297 297 301 302 302 300 297 294 289 280 272 262 255 248 245 248 256 270 276 280 287 288 287 284 283 286 294 300 303 305 304 306 308 309 309 309 309 309 309 307 308 309 310 309 309 308 308 308 308 308 308 308 307 307 304 306 307 307 306 306 307 306 306 306 306 306 305 307 307 308 308 308 309 308 308 309 306
300 300 301 300 300 301 301 301 300 298 290 282 282 290 295 296 296 299 298 301 302 301 300 296 295 291 282 276 264 255 248 250 257 259 267 276 287 291 288 292 284 280 286 294 300 304 305 305 304 308 308 309 309 309 309 306 306 308 308 309 310 309 307 307 308 308 308 308 308 308 307 305 306 307 307 307 307 307 307 306 306 307 306 306 306 306 308 309 309 309 309 309 309 308
301 301 302 302 302 302 303 302 298 297 293 283 277 281 290 297 299 299 301 302 302 298 298 297 296 290 281 279 273 265 260 257 263 272 275 283 289 294 296 297 291 290 295 300 303 306 306 307 306 307 309 309 309 309 309 305 306 308 308 308 309 309 308 307 309 309 307 308 308 308 307 306 307 307 306 304 306 307 305 305 306 305 306 306 305 306 308 308 304 309 309 308 309 309
302 302 303 303 303 303 303 302 298 293 295 289 286 286 295 296 297 299 301 303 301 299 296 296 297 291 279 282 282 278 273 274 275 278 285 289 291 291 296 300 298 299 298 301 304 305 305 307 307 308 309 309 309 309 308 307 307 308 309 309 309 308 307 308 308 309 308 309 309 307 308 308 308 305 303 301 304 306 306 305 305 301 301 305 305 305 306 306 306 306 308 309 309 309
301 302 304 303 303 304 303 301 300 299 300 297 295 294 294 298 299 301 303 302 300 301 297 299 295 289 282 280 284 286 287 287 290 292 292 294 295 293 297 302 300 300 301 304 306 305 304 306 308 308 308 309 309 309 309 308 308 309 309 309 309 309 307 307 308 308 308 309 309 309 309 308 308 306 303 302 302 303 306 303 303 302 299 301 298 302 306 306 305 305 306 309 309 309
301 303 304 304 305 304 302 299 296 301 301 300 299 294 292 293 295 302 304 301 299 301 298 300 297 291 283 280 280 285 292 296 297 297 298 300 298 300 302 301 300 303 305 306 306 306 304 304 306 309 309 309 309 309 309 308 309 309 309 309 309 308 307 305 307 308 308 308 308 309 308 306 308 308 306 302 300 303 306 306 301 295 297 295 291 298 304 307 307 306 305 307 308 309
300 303 304 305 305 304 300 294 294 297 302 301 298 295 287 288 298 303 305 302 302 300 299 298 292 289 288 288 286 285 293 297 300 299 301 301 299 300 302 303 304 306 307 307 305 306 307 306 308 308 309 309 309 309 309 309 309 310 309 309 309 308 307 303 304 307 308 307 308 309 308 307 306 308 308 306 302 302 304 306 306 303 297 296 294 301 304 305 305 307 306 307 308 309
