ecocropFuture/tif/c6/rcp585/ACCESS-CM2/tmax_8.asc
ncols        683
nrows        518
xllcorner    -87.691666666667
yllcorner    10.708333333333
cellsize     0.008333333333
NODATA_value  nan
[rows 42 to 83 of 518, columns 282 to 375 of 683]
nan nan nan nan nan nan nan nan nan nan nan nan nan nan nan nan nan nan nan nan nan nan nan nan nan nan nan nan nan nan nan nan nan nan nan 319 318 318 318 312 308 311 314 315 313 313 313 312 313 313 312 313 314 314 314 314 314 314 314 314 314 315 314 314 314 314 314 315 314 314 314 315 315 316 316 316 317 316 316 316 316 316 316 315 315 nan nan nan nan nan nan nan nan nan
nan nan nan nan nan nan nan nan nan nan nan nan nan nan nan nan nan nan nan nan nan nan nan nan nan nan nan nan nan nan nan nan nan nan 317 317 313 314 316 313 313 315 314 314 313 313 314 313 314 314 314 314 314 314 315 314 314 314 314 315 314 313 313 314 314 314 314 314 313 313 313 315 315 315 315 315 316 316 316 316 316 315 315 315 315 315 315 314 nan nan nan nan nan nan
nan nan nan nan nan nan nan nan nan nan nan nan nan nan nan nan nan nan nan nan nan nan nan nan nan nan nan nan nan nan nan nan nan nan 317 317 314 315 313 315 315 312 313 314 313 313 313 313 313 312 311 312 313 314 314 314 314 314 315 315 314 313 313 314 314 314 314 314 313 314 314 314 315 314 315 315 315 316 315 315 315 315 315 315 314 313 314 313 313 313 313 314 313 313
nan nan nan nan nan nan nan nan nan nan nan nan nan nan nan nan nan nan nan nan nan nan nan nan nan nan nan nan nan nan nan nan nan nan nan 317 317 317 316 317 314 312 314 314 314 312 313 312 313 313 312 313 313 311 313 314 313 313 314 314 313 312 311 312 313 314 314 314 313 314 314 315 315 315 315 315 315 315 314 315 314 314 314 314 314 313 313 313 313 313 313 313 313 312
nan nan nan nan nan nan nan nan nan nan nan nan nan nan nan nan nan nan nan nan nan nan nan nan nan nan nan nan nan nan nan nan nan nan nan nan 314 317 318 316 314 315 314 315 314 313 313 313 313 312 310 313 311 312 313 312 312 312 313 313 313 311 311 312 313 314 314 314 313 314 314 314 315 315 315 315 315 314 314 314 314 313 313 314 314 313 313 312 312 312 312 312 312 312
nan nan nan nan nan nan nan nan nan nan nan nan nan nan nan nan nan nan nan nan nan nan nan nan nan nan nan nan nan nan nan nan nan nan nan nan nan 318 317 315 316 316 314 315 314 313 312 312 312 312 311 311 310 312 313 311 312 311 312 313 312 311 313 314 314 315 314 314 314 314 314 314 315 315 315 314 314 314 314 313 313 313 313 313 313 313 312 312 312 312 312 312 311 311
nan nan nan nan nan nan nan nan nan nan nan nan nan nan nan nan nan nan nan nan nan nan nan nan nan nan nan nan nan nan nan nan nan nan nan nan 317 317 315 317 317 315 314 315 312 310 310 311 312 311 310 309 311 312 312 311 311 312 311 312 312 313 314 314 314 314 314 315 315 314 314 315 315 314 314 314 313 313 313 313 313 313 313 313 313 312 312 312 312 312 312 311 311 311
nan nan nan nan nan nan nan nan nan nan nan nan nan nan nan nan nan nan nan nan nan nan nan nan nan nan nan nan nan nan nan nan nan nan nan 317 318 317 318 318 316 315 315 314 310 310 310 311 311 311 309 310 311 312 312 311 311 312 313 313 313 313 313 314 314 314 314 314 314 314 314 314 314 313 313 313 313 313 313 313 313 313 313 312 312 312 312 312 311 311 311 311 310 310
nan nan nan nan nan nan nan nan nan nan nan nan nan nan nan nan nan nan nan nan nan nan nan nan nan nan nan nan nan nan nan nan nan nan nan nan 314 317 318 318 317 316 316 313 312 311 310 312 311 310 308 310 311 312 312 312 313 314 314 313 312 314 314 314 314 314 313 312 313 312 313 314 314 313 313 313 314 313 313 313 313 312 312 312 312 312 312 311 311 311 311 310 309 310
nan nan nan nan nan nan nan nan nan nan nan nan nan nan nan nan nan nan nan nan nan nan nan nan nan nan nan nan nan nan nan nan nan nan nan nan nan 318 318 317 317 317 316 315 314 312 311 312 311 308 309 310 311 312 312 313 314 314 314 314 314 314 314 314 313 313 312 306 308 312 313 312 313 313 313 312 313 313 313 313 312 311 311 312 312 312 311 311 311 311 311 310 310 310
nan nan nan nan nan nan nan nan nan nan nan nan nan nan nan nan nan nan nan nan nan nan nan nan nan nan nan nan nan nan nan nan nan nan nan nan 318 318 316 316 316 316 316 313 313 312 313 312 310 309 309 311 312 312 313 314 314 314 314 314 314 314 313 313 312 312 310 304 306 308 312 313 313 312 311 312 313 313 313 313 312 311 312 312 311 311 311 311 311 311 311 310 309 309
nan nan nan nan nan nan nan nan nan nan nan nan nan nan nan nan nan nan nan nan nan nan nan nan 319 319 318 nan nan nan nan nan nan nan nan 318 317 316 316 314 313 316 315 314 313 313 311 311 311 310 311 312 313 313 313 314 314 314 314 314 313 313 313 312 311 310 311 310 311 311 313 312 311 312 312 312 312 313 313 312 311 311 312 312 311 311 311 310 310 310 310 309 308 308
nan nan nan nan nan nan nan nan nan nan nan nan nan nan nan nan nan nan nan nan nan nan 319 318 318 317 315 319 nan nan nan nan nan nan 319 319 316 315 314 313 315 316 315 314 314 313 312 312 312 312 312 313 313 313 314 314 314 314 312 312 313 313 313 313 311 311 312 312 312 313 312 310 310 311 311 310 311 312 312 312 312 312 312 311 311 311 311 311 310 310 310 309 308 308
nan nan nan nan nan nan nan nan nan nan nan nan nan nan nan nan nan nan nan nan nan nan 318 319 318 317 315 318 317 nan nan nan nan 318 318 316 314 312 314 314 316 316 314 313 311 312 312 311 310 312 313 313 314 314 314 314 313 311 313 314 313 313 312 312 310 311 311 312 311 312 312 311 311 312 311 312 312 312 312 312 311 311 311 311 311 308 309 309 309 310 309 309 307 309
nan nan nan nan nan nan nan nan nan nan nan nan nan nan nan nan nan nan nan nan nan nan nan 318 319 317 316 315 317 318 318 318 317 317 317 316 315 312 313 315 316 315 315 311 309 310 311 310 311 312 313 313 314 314 313 313 310 313 313 313 313 313 312 312 312 310 309 311 309 311 311 311 312 312 312 312 312 312 312 312 311 311 311 311 309 308 309 309 308 309 308 308 307 308
nan nan nan nan nan nan nan nan nan nan nan nan nan nan nan nan nan nan nan nan nan nan nan 318 318 317 313 316 316 317 318 317 316 317 316 315 314 311 312 314 315 314 314 314 313 312 310 311 312 313 313 313 313 313 312 312 312 313 313 313 312 311 308 308 310 308 310 309 310 310 311 311 311 311 310 310 311 311 311 311 311 311 311 311 309 307 307 308 308 308 308 309 309 309
nan nan nan nan nan nan nan nan nan nan nan nan nan nan nan nan nan nan nan nan nan nan nan 319 317 316 311 317 316 315 315 316 317 316 314 312 311 311 313 314 314 315 314 312 312 311 311 312 313 313 313 313 312 311 311 312 312 313 313 312 311 307 306 307 309 307 306 309 312 311 310 309 308 310 310 307 310 311 311 311 311 311 310 311 309 307 305 307 307 308 308 307 308 308
nan nan nan nan nan nan nan nan nan nan nan nan nan nan nan nan nan nan nan nan nan nan nan 319 318 316 316 316 315 312 312 316 316 315 313 308 307 309 313 314 315 315 313 310 311 311 312 312 313 313 312 312 312 311 311 311 313 313 313 311 308 305 303 303 306 308 310 311 311 310 311 307 307 306 305 304 304 309 310 310 310 310 310 310 310 307 306 306 306 308 306 304 303 305
nan nan nan nan nan nan nan nan nan nan nan nan nan nan nan nan nan nan nan nan nan nan nan nan 318 317 315 316 313 308 313 316 315 314 309 307 309 312 313 314 315 314 312 312 312 312 312 313 312 312 311 311 312 312 311 313 312 312 312 311 309 308 307 307 308 309 309 310 310 309 310 307 305 303 304 306 306 306 308 309 309 310 310 310 310 308 308 305 306 306 304 299 297 302
nan nan nan nan nan nan nan nan nan nan nan nan nan nan nan nan nan nan nan nan nan nan nan 318 318 315 312 314 311 311 315 316 314 312 305 306 311 313 314 314 314 315 314 314 313 313 313 313 312 312 313 313 313 312 313 313 312 311 308 308 306 306 304 303 301 300 305 308 308 307 307 302 302 299 298 303 305 305 305 307 309 310 309 310 309 305 307 306 304 304 305 304 303 305
nan nan nan nan nan nan nan nan nan nan nan nan nan nan nan nan nan nan nan nan nan nan nan 319 317 315 315 315 313 314 315 315 314 312 310 311 313 313 314 313 314 314 314 314 314 314 313 312 312 312 311 312 312 312 311 311 312 310 306 306 302 301 302 299 300 302 301 305 304 303 304 302 298 297 299 305 306 306 307 308 309 309 309 309 309 304 307 307 306 303 306 306 307 307
nan nan nan nan nan nan nan nan nan nan nan nan nan nan nan nan nan nan nan nan nan nan nan 318 316 314 315 315 314 316 315 315 313 312 311 311 311 313 313 313 313 313 313 313 314 313 313 312 312 311 312 311 311 308 307 310 311 309 303 303 301 301 294 293 299 303 301 303 301 302 305 300 302 303 303 305 307 308 308 308 309 309 309 309 309 308 308 307 305 305 307 307 305 306
nan nan nan nan nan nan nan nan nan nan nan nan nan nan nan nan nan nan nan nan nan nan 319 316 315 315 312 312 315 315 314 314 313 313 310 309 311 312 311 312 311 312 313 314 314 313 313 312 312 312 311 310 310 307 302 308 308 307 305 307 306 304 297 294 299 302 303 303 303 305 303 300 302 303 305 306 307 307 307 308 308 309 309 309 309 308 309 307 302 303 305 306 301 300
nan nan nan nan nan nan nan nan nan nan nan nan nan nan nan nan nan nan nan nan nan 319 318 315 315 314 313 314 315 313 312 314 314 311 309 308 310 312 311 312 312 313 313 314 313 313 312 312 311 311 309 308 308 307 305 307 307 308 307 304 305 300 295 294 298 303 302 298 298 299 298 299 297 299 300 302 305 304 306 307 309 309 309 309 309 308 309 308 304 301 304 306 304 300
nan nan nan nan nan nan nan nan nan nan nan nan nan nan nan nan nan nan nan nan 318 318 315 313 314 311 313 315 315 313 312 313 313 309 308 308 310 309 310 312 313 313 314 314 313 312 312 312 311 310 308 306 304 304 305 305 300 305 304 302 304 300 289 285 297 301 297 291 289 291 293 298 296 299 302 303 305 303 303 304 307 308 308 309 309 309 309 308 305 300 305 306 303 299
nan nan nan nan nan nan nan nan nan nan nan nan nan nan nan nan nan nan nan 319 318 317 312 313 312 313 315 315 313 311 310 312 311 311 310 307 309 309 311 312 312 313 314 314 312 312 311 310 309 307 303 300 295 301 298 297 296 303 301 303 305 297 287 293 300 299 294 286 284 287 294 295 295 301 303 305 306 304 305 306 306 308 307 307 308 309 309 309 308 306 305 307 305 301
nan nan nan nan nan nan nan nan nan nan nan nan nan nan nan nan nan nan nan 319 318 315 313 312 310 314 315 314 310 310 311 311 309 310 309 309 309 310 311 311 312 313 313 313 312 311 310 309 306 306 301 296 295 298 292 295 300 301 298 303 301 291 289 294 300 298 291 287 287 291 293 291 295 300 302 304 305 303 304 305 305 306 306 308 309 309 309 309 309 308 308 308 307 307
nan nan nan nan nan nan nan nan nan nan nan nan nan nan nan nan nan nan 319 319 317 312 312 310 313 314 314 311 308 308 310 309 310 309 307 308 306 306 310 312 312 313 313 313 312 309 307 307 305 302 301 299 300 295 291 299 301 299 295 299 295 291 290 295 297 293 290 287 288 292 293 290 294 300 302 304 303 304 304 303 305 307 307 308 306 309 309 309 309 309 308 308 308 308
nan nan nan nan nan nan nan nan nan nan nan nan nan nan nan nan nan nan 318 318 313 312 311 312 313 314 313 310 307 308 307 307 310 309 307 305 305 307 310 313 313 313 313 313 312 308 305 305 301 302 302 303 302 299 297 303 297 298 294 297 300 298 296 298 297 292 286 289 294 298 297 297 296 299 301 302 301 304 305 304 306 307 308 308 308 308 309 309 309 309 309 309 308 308
nan nan nan nan nan nan nan nan nan nan nan nan nan nan nan nan nan 317 318 318 312 310 313 313 314 313 312 308 304 305 307 309 309 307 306 308 309 309 312 313 313 313 313 313 311 310 305 304 302 302 304 305 302 302 303 301 295 299 292 296 301 298 298 300 298 293 285 290 293 298 300 300 300 300 302 303 299 303 306 306 306 307 308 309 309 309 309 309 309 309 309 309 308 308
nan nan nan nan nan nan nan nan nan nan nan nan nan nan nan nan nan 318 319 317 313 309 312 314 313 312 311 306 305 307 307 307 307 302 305 309 311 311 312 313 313 313 313 313 308 310 308 305 305 303 305 305 302 302 298 297 297 301 294 296 300 298 297 301 299 296 289 295 295 298 300 301 302 303 303 302 301 302 306 307 307 308 308 309 309 309 309 309 310 309 309 309 309 308
nan nan nan nan nan nan nan nan nan nan nan nan nan nan nan nan nan 319 319 317 315 315 315 315 313 310 309 307 305 305 306 307 308 306 309 310 312 313 313 314 314 314 314 313 308 310 308 306 307 304 306 306 304 305 296 298 303 302 297 298 296 299 298 301 298 296 295 298 297 300 301 301 300 301 301 300 302 303 305 305 304 307 308 309 309 309 309 309 309 309 309 309 309 309
nan nan nan nan nan nan nan nan nan nan nan nan nan nan nan nan 320 319 318 316 316 316 316 315 311 307 308 309 304 303 307 309 310 310 308 309 312 313 313 314 314 314 314 312 310 308 307 306 308 305 307 305 306 304 298 302 304 299 298 298 293 298 299 300 299 300 300 297 295 300 300 297 295 296 299 302 305 305 305 306 305 307 308 309 309 309 309 309 309 309 309 309 309 308
nan nan nan nan nan nan nan nan nan nan nan nan nan nan nan nan 320 318 317 315 315 317 316 314 310 308 310 307 303 302 308 309 310 312 310 312 313 314 314 314 313 314 313 310 307 307 307 307 308 308 308 306 306 302 300 303 304 299 298 296 292 298 300 300 301 302 301 297 294 298 297 291 292 295 298 304 303 305 307 308 306 308 309 309 310 309 309 310 310 310 309 309 308 308
nan nan nan nan nan nan nan nan nan nan nan nan nan nan nan 319 319 318 317 316 317 316 316 313 311 311 310 305 300 305 306 306 310 312 313 313 314 314 313 313 313 313 313 313 306 309 306 308 309 309 309 307 307 304 306 305 304 301 299 298 298 300 300 299 300 300 302 299 294 298 297 291 293 293 296 303 306 306 306 307 308 309 309 309 310 310 310 310 310 310 309 308 308 308
nan nan nan nan nan nan nan nan nan nan nan nan nan nan 319 319 318 317 317 317 317 316 315 314 310 309 309 303 303 308 306 307 311 312 313 313 313 313 313 313 312 311 310 312 307 309 308 307 310 310 309 308 308 307 307 306 304 302 301 301 298 299 297 297 296 299 303 301 297 297 300 297 298 300 301 302 306 305 301 306 309 308 308 310 310 310 310 310 310 310 309 309 308 308
nan nan nan nan nan nan nan nan nan nan nan nan nan 317 320 319 319 319 318 315 317 316 314 313 311 310 306 304 307 309 308 308 311 312 313 313 312 313 312 311 312 308 305 312 312 312 310 308 309 310 310 310 309 308 307 306 301 299 297 296 298 300 297 297 292 299 302 303 302 298 301 296 297 299 302 304 306 300 298 306 309 309 309 309 310 310 310 310 310 310 309 308 308 307
nan nan nan nan nan nan nan nan nan nan nan nan nan 315 318 319 319 319 319 318 317 314 312 311 312 310 308 306 308 309 309 309 308 307 309 312 313 312 309 310 311 308 306 311 312 312 311 310 310 310 310 309 308 307 305 305 300 295 293 292 294 300 299 300 295 298 303 304 305 300 300 298 292 296 299 303 304 299 298 303 308 308 306 309 310 310 310 310 310 309 308 308 308 307
nan nan nan nan nan nan nan nan nan nan nan nan nan nan nan 318 318 319 318 318 316 314 311 308 309 310 309 306 310 311 309 309 309 310 308 311 311 309 308 310 311 311 310 311 312 312 312 311 311 310 310 309 308 307 304 304 300 298 294 291 292 298 301 301 300 296 301 303 305 303 299 299 292 290 297 299 300 301 295 299 306 308 306 309 309 309 309 309 310 309 308 307 307 307
nan nan nan nan nan nan nan nan nan nan nan nan nan nan nan nan 318 319 318 317 316 315 312 308 305 307 307 309 312 310 309 309 312 310 310 311 309 306 307 308 310 311 311 312 312 312 312 311 311 310 309 308 307 306 306 304 301 297 295 294 294 295 302 303 301 297 300 304 305 304 299 301 297 293 297 296 296 301 297 295 304 308 308 309 309 309 309 309 309 309 308 308 307 304
nan nan nan nan nan nan nan nan nan nan nan nan nan nan nan nan 318 319 319 318 316 315 313 309 309 309 310 312 312 309 311 312 312 309 309 309 308 304 305 304 309 310 311 310 312 312 310 310 310 309 307 306 306 305 303 301 294 295 294 296 299 301 301 304 303 300 302 304 303 306 301 301 301 296 299 297 298 300 299 296 305 308 309 309 309 309 309 309 310 308 308 307 306 300
nan nan nan nan nan nan nan nan nan nan nan nan nan nan nan nan nan 318 319 318 316 315 314 312 311 312 313 314 312 312 312 313 310 308 307 306 305 303 299 301 307 309 310 310 311 310 309 309 310 309 307 303 302 304 300 295 295 296 297 299 299 296 302 304 304 303 304 305 304 305 304 301 303 299 302 299 299 302 303 299 307 309 309 310 309 309 309 309 310 309 307 307 305 297
