ecocropFuture/tif/c6/rcp585/ACCESS-CM2/tmax_11.asc
ncols        683
nrows        518
xllcorner    -87.691666666667
yllcorner    10.708333333333
cellsize     0.008333333333
NODATA_value  nan
[rows 84 to 125 of 518, columns 376 to 469 of 683]
291 291 291 296 298 296 295 295 295 294 295 295 295 298 299 300 300 301 300 300 301 300 300 299 298 299 299 299 299 299 299 299 298 297 296 298 299 299 299 299 299 298 298 298 298 298 298 298 299 298 298 298 298 297 297 297 297 297 297 297 297 297 297 297 297 296 296 296 295 296 296 296 296 295 295 295 295 294 293 293 293 292 293 293 295 295 294 295 296 296 296 295 295 297
287 286 288 292 296 297 294 293 295 295 295 295 295 298 299 300 300 300 301 301 300 300 300 299 299 299 299 298 298 299 299 298 298 298 299 299 299 300 300 299 299 299 298 297 297 298 298 298 298 298 298 298 297 297 298 298 298 298 297 297 297 297 297 297 297 296 296 296 295 295 296 296 296 296 295 295 295 294 293 293 293 293 293 293 294 295 294 293 295 295 293 289 293 295
288 289 293 296 298 298 294 292 295 294 292 292 294 296 299 300 300 301 301 301 300 300 299 299 298 297 297 297 298 298 299 299 298 298 298 299 299 300 300 300 299 299 297 297 297 298 298 298 298 298 298 299 298 298 298 298 298 297 297 297 297 297 297 297 296 296 296 296 296 296 296 296 296 295 295 295 295 294 294 293 293 293 294 295 295 295 295 295 295 295 293 289 291 294
293 293 296 295 297 298 297 296 297 295 291 294 296 298 300 300 300 301 301 300 297 299 299 298 297 297 297 297 297 297 298 297 295 297 298 299 300 300 300 300 300 299 299 298 299 299 299 299 298 298 298 299 298 298 297 297 297 297 297 297 297 297 297 296 296 296 296 296 296 296 296 296 296 295 295 295 295 295 294 294 294 294 295 295 295 295 295 295 294 295 294 293 293 295
296 293 296 295 294 297 296 297 298 299 298 299 297 299 300 300 301 301 301 300 299 299 298 297 297 297 298 296 290 291 295 298 297 298 299 299 300 300 300 300 300 300 300 299 298 298 299 299 298 298 298 298 297 298 297 297 297 297 297 297 297 297 296 296 296 296 296 296 296 296 296 296 295 295 295 295 295 295 295 295 295 295 295 295 295 295 296 295 294 295 295 294 293 294
297 292 294 294 293 297 297 297 296 298 299 299 299 298 299 300 300 301 301 300 300 299 298 298 298 298 296 290 282 288 297 298 298 299 300 300 300 300 300 300 300 300 300 299 294 296 298 299 299 299 299 298 297 297 298 297 297 297 297 297 297 297 296 296 296 296 296 296 296 296 296 296 295 296 295 296 296 296 296 296 295 295 295 295 296 296 296 294 294 295 295 294 293 295
299 291 290 292 295 297 299 297 294 295 300 299 299 298 299 299 300 300 301 300 300 299 299 298 297 297 292 287 286 294 297 298 299 300 300 300 300 301 301 300 300 300 300 298 292 292 299 300 299 299 299 299 297 297 297 297 297 297 297 297 297 297 296 296 296 296 296 296 296 296 296 296 296 296 296 296 296 296 296 296 296 296 296 296 296 296 295 294 294 294 295 294 294 295
300 293 293 292 296 299 299 294 293 292 299 300 300 299 299 299 298 300 301 300 300 300 298 297 296 296 294 291 293 296 296 297 299 301 301 301 300 301 301 301 300 300 300 300 298 297 297 299 299 299 299 299 298 297 297 297 297 297 297 297 296 296 296 296 296 295 296 296 296 296 296 296 296 296 296 296 296 296 296 296 296 296 296 296 296 296 295 295 295 295 294 294 295 295
300 299 299 298 299 299 300 297 299 298 300 300 300 300 300 299 299 300 301 300 300 299 298 297 294 290 283 281 284 291 297 299 300 300 300 300 300 301 301 301 301 301 301 300 300 299 298 298 299 299 299 299 298 298 297 297 297 297 297 297 297 297 296 296 295 296 296 296 296 296 296 296 296 296 296 296 296 296 296 296 296 296 296 296 296 296 296 295 295 295 294 294 294 295
300 301 301 300 300 300 300 300 300 300 300 300 300 301 301 301 301 301 300 300 299 297 296 292 289 282 273 274 283 292 297 298 300 300 299 299 300 301 301 301 301 301 301 301 301 300 300 299 299 299 299 299 298 298 298 298 298 298 297 297 297 297 296 296 296 296 296 296 296 296 296 296 296 296 296 296 296 296 296 296 296 296 296 296 295 296 296 296 296 295 295 295 295 295
302 301 301 301 301 301 301 301 301 300 300 299 301 301 301 301 301 301 300 299 294 285 286 278 278 280 277 280 284 288 292 296 299 299 298 299 300 301 301 301 301 300 301 301 301 301 300 299 299 299 299 299 299 298 298 298 298 298 297 297 297 297 296 296 296 296 296 296 296 296 296 296 297 296 296 296 296 296 296 296 296 296 296 296 296 296 296 296 296 296 296 296 296 296
301 301 301 301 301 301 301 301 300 299 299 298 300 301 301 301 301 300 299 298 290 281 284 280 275 276 284 289 291 292 292 294 296 299 299 300 299 300 301 301 300 301 300 300 301 301 301 300 300 299 299 299 299 299 299 298 298 297 297 297 297 297 296 296 296 296 296 296 296 296 296 296 297 297 297 297 297 297 297 297 296 296 296 296 295 296 296 296 296 296 296 296 296 296
301 301 301 301 301 301 301 301 300 299 299 300 300 301 301 301 301 300 299 298 296 292 289 286 280 285 286 285 286 287 294 298 298 299 301 301 301 300 301 301 301 301 301 301 301 301 301 300 300 300 300 300 299 299 299 299 298 298 297 297 297 297 297 296 296 296 296 296 296 297 296 296 296 297 297 297 297 297 297 296 296 296 296 295 295 296 296 296 296 296 296 296 296 296
301 301 301 300 301 300 300 300 301 298 298 298 300 300 301 301 301 300 299 296 291 292 293 287 287 291 287 289 286 281 285 293 295 300 301 301 302 302 302 302 301 301 301 301 301 301 301 300 300 300 300 300 300 299 299 299 299 298 298 298 298 297 297 297 297 297 297 297 297 297 297 297 297 297 297 297 297 297 297 296 296 296 296 296 296 296 296 296 296 296 296 296 296 296
302 301 301 300 301 300 300 301 300 297 295 296 298 300 301 301 300 299 297 298 296 296 295 295 294 294 295 295 290 286 287 292 297 299 300 302 302 302 302 302 301 301 301 301 301 301 301 300 300 300 300 300 300 299 299 299 298 298 298 298 298 298 297 297 297 297 297 296 296 296 297 296 296 297 297 297 297 297 297 296 296 296 296 296 296 296 297 296 296 296 296 296 296 296
302 301 301 300 300 300 301 301 300 298 294 296 298 300 300 301 300 297 293 294 296 295 298 298 298 298 298 298 297 296 294 295 297 299 300 302 302 302 302 302 302 302 301 301 301 301 301 301 301 300 300 300 299 299 299 299 298 298 298 298 298 297 297 297 297 297 297 296 296 296 296 296 297 296 296 296 297 297 297 296 296 296 296 296 296 296 296 296 296 296 296 296 296 296
302 302 301 300 300 300 301 300 300 299 297 294 296 299 300 300 297 295 294 296 298 297 296 298 300 301 301 301 301 301 301 301 300 300 302 302 302 302 302 302 302 302 302 301 301 302 302 301 301 300 300 300 299 299 299 299 298 298 298 298 298 298 297 297 297 296 297 296 296 296 296 296 296 296 297 297 296 297 297 296 296 296 296 296 296 296 296 296 296 296 296 296 296 296
302 301 301 300 300 299 300 297 299 299 297 293 292 293 299 296 296 298 298 297 298 299 299 299 300 302 302 301 301 299 301 303 302 302 303 303 303 302 302 302 303 303 302 301 302 302 302 301 301 300 300 299 299 299 298 298 298 298 298 298 298 297 297 297 297 297 297 296 296 296 296 296 297 297 296 296 297 297 297 296 296 296 296 296 296 296 296 296 296 296 296 296 296 296
301 301 300 300 300 298 299 299 298 299 297 292 289 287 296 293 295 298 299 299 300 301 301 301 302 303 303 303 303 302 302 304 303 303 303 303 303 303 303 303 303 303 303 302 302 302 302 301 301 301 300 299 299 297 298 298 297 298 298 298 298 297 297 297 298 297 297 296 296 296 296 296 296 296 296 297 297 297 296 296 296 296 296 296 296 296 296 296 296 296 296 296 295 295
301 302 301 300 300 299 299 300 299 297 296 295 293 293 296 298 300 300 301 301 302 302 303 303 303 303 303 302 301 301 302 302 303 304 303 303 302 302 303 303 302 302 302 303 302 302 302 301 301 301 300 299 299 299 299 298 297 296 296 297 297 297 297 297 297 297 297 296 296 296 296 296 296 295 296 296 297 297 296 295 295 296 296 296 296 296 296 296 296 296 296 296 296 296
302 301 301 301 300 297 297 300 299 298 297 297 296 296 298 299 297 297 300 300 301 301 301 302 302 302 302 303 300 299 301 302 303 304 302 302 301 302 303 302 302 302 302 302 302 302 302 301 301 300 300 299 299 299 299 299 298 298 298 297 297 297 297 297 296 296 296 296 295 295 295 296 296 296 296 296 296 296 296 296 295 296 296 297 297 297 297 297 297 297 297 297 296 296
302 302 301 298 293 291 295 299 299 298 297 297 297 297 298 299 298 300 301 302 302 302 302 302 303 303 303 303 302 303 303 303 304 303 303 301 302 302 303 302 302 302 302 302 302 302 302 302 302 301 300 300 300 299 298 298 297 298 297 297 298 297 296 296 295 296 295 295 295 295 295 295 295 295 296 296 296 296 296 295 295 296 297 297 297 297 297 297 297 297 297 297 296 297
302 302 300 293 295 289 292 297 297 298 298 297 294 297 297 299 300 301 302 302 302 303 303 304 304 304 304 304 304 304 304 304 303 303 303 302 303 303 302 302 302 302 302 302 302 302 302 301 302 302 301 301 300 300 299 299 298 298 298 298 298 297 297 296 295 295 294 294 295 295 293 293 293 295 294 294 294 295 295 293 295 295 296 296 297 297 297 297 297 297 297 296 296 297
302 301 299 298 295 293 294 296 297 297 294 293 296 296 298 301 302 302 302 302 302 303 303 304 303 304 304 304 303 304 304 304 303 302 302 303 303 302 302 302 302 302 302 302 302 302 302 301 301 302 302 301 301 301 300 299 299 298 300 298 296 295 295 295 294 294 293 293 293 293 293 293 294 295 294 294 293 292 293 293 293 296 297 297 297 297 297 297 296 296 296 296 296 296
300 296 291 286 282 283 287 290 292 295 292 294 296 297 300 302 302 302 302 303 304 304 304 304 303 304 303 304 303 303 303 304 304 303 302 303 303 302 302 302 302 302 301 301 301 301 301 301 301 301 302 302 301 301 301 301 300 299 300 298 298 294 289 291 288 289 290 292 293 291 293 293 293 294 294 293 292 292 291 292 293 294 296 296 297 296 296 296 296 296 296 296 296 296
291 283 280 274 274 277 286 290 291 293 296 297 298 300 301 302 303 303 303 303 303 303 304 304 303 303 302 302 302 303 303 303 303 303 303 303 302 302 302 302 302 302 301 301 301 301 301 301 301 301 301 302 302 301 301 301 301 300 300 299 298 296 292 290 290 289 290 292 293 289 292 293 294 293 293 292 290 290 292 293 293 294 294 296 296 295 294 294 292 294 295 295 294 292
284 281 286 279 267 283 291 292 295 297 299 300 301 302 302 303 303 302 303 303 302 302 303 303 302 302 302 301 302 303 303 303 303 303 302 302 302 302 303 302 302 303 302 302 302 301 302 301 301 301 302 302 301 302 301 301 301 301 301 300 300 298 297 295 296 296 296 295 289 287 290 292 294 294 291 290 291 293 293 294 294 295 295 296 294 294 294 294 293 295 296 295 293 291
287 289 288 278 269 276 284 292 297 295 293 298 302 302 302 303 303 302 298 301 302 302 303 302 302 300 298 296 298 301 302 302 302 300 301 301 301 302 303 303 303 303 302 302 302 302 302 302 302 302 301 301 301 302 301 301 301 301 301 301 300 300 299 299 298 298 295 291 290 286 288 290 289 291 290 293 294 294 294 295 295 295 293 295 295 295 295 295 295 295 295 295 295 294
293 293 283 276 272 271 275 286 296 299 297 301 302 303 303 303 303 302 301 302 302 302 302 302 300 299 296 295 295 298 302 300 300 299 299 302 302 302 303 303 303 303 302 302 302 302 302 302 301 301 301 301 301 301 301 301 301 301 301 301 301 300 299 298 297 297 296 295 296 295 295 293 289 292 293 294 294 295 296 295 295 294 293 295 295 295 296 296 296 295 295 295 295 294
298 292 282 277 274 272 281 292 296 296 300 301 302 303 303 303 303 303 302 302 302 301 302 301 299 300 299 301 301 300 300 299 300 301 299 302 302 303 303 303 304 303 302 302 302 302 302 301 302 301 301 301 301 301 301 302 301 301 301 301 301 301 299 300 298 297 295 297 297 298 297 296 294 294 294 295 295 296 296 296 295 295 295 295 295 295 296 296 296 295 295 295 294 294
297 295 289 282 276 281 290 297 299 297 299 302 303 303 303 303 303 303 302 302 302 301 301 300 299 300 301 300 302 301 300 301 300 302 302 301 302 303 303 303 303 303 301 301 302 301 302 302 302 301 301 301 301 301 302 302 302 302 302 302 301 301 300 301 299 299 299 300 300 299 299 297 296 296 296 295 296 295 296 296 296 295 295 296 296 296 296 296 296 296 295 295 294 294
296 292 284 287 282 287 297 299 300 300 300 302 303 303 303 303 303 302 302 303 303 302 300 300 299 300 302 300 301 302 303 302 302 303 303 303 302 303 303 303 303 303 302 302 302 302 302 302 302 302 302 302 302 302 302 302 302 302 302 302 302 302 302 302 301 301 301 301 301 301 300 299 298 297 297 296 296 296 296 296 296 296 296 296 295 296 296 296 296 295 294 295 295 294
291 294 293 288 286 293 299 301 301 302 302 302 303 303 303 302 302 303 303 302 302 303 303 301 302 303 304 303 304 304 304 304 304 304 303 303 303 304 304 303 303 304 302 302 302 302 302 302 302 302 302 302 302 302 302 302 302 302 302 302 302 302 302 301 301 302 301 301 301 301 301 300 299 299 299 298 297 296 296 296 297 297 297 297 296 296 296 296 296 295 295 295 294 294
291 288 298 295 291 296 301 303 303 303 303 303 303 303 303 303 302 302 303 302 303 304 303 303 304 304 304 305 305 305 305 305 304 304 304 303 304 304 304 304 304 304 302 302 302 302 302 302 302 302 303 302 302 302 302 303 303 303 303 303 302 302 302 302 301 301 301 301 301 301 300 300 299 299 299 299 299 298 297 297 297 297 297 297 297 296 296 296 296 295 295 295 295 295
298 293 297 300 301 302 303 303 302 303 304 304 303 302 301 302 301 302 302 301 302 301 300 301 302 302 304 304 304 304 305 305 305 305 305 304 304 303 303 304 304 304 302 302 302 302 302 302 302 302 303 303 303 303 303 303 303 303 303 302 302 302 302 301 301 301 301 301 301 301 300 300 300 300 299 299 299 298 297 297 297 297 297 296 296 295 295 296 296 295 295 295 295 295
301 302 303 303 303 303 302 302 303 304 304 303 302 302 299 297 294 295 296 296 297 301 302 303 303 303 303 304 304 304 305 305 306 305 305 305 305 304 303 303 304 304 302 302 302 302 302 302 302 303 303 303 303 303 303 303 303 303 303 302 302 302 302 301 301 301 301 301 301 300 300 300 300 300 300 299 299 298 298 297 297 297 297 295 294 292 292 295 295 295 295 294 295 295
301 298 301 304 303 303 303 302 302 303 304 300 299 299 296 295 296 290 287 288 289 297 302 302 302 303 304 304 304 305 305 305 305 306 305 305 304 304 304 303 304 304 303 302 302 302 302 302 302 303 303 303 303 303 303 303 303 302 302 302 302 302 301 301 301 301 301 301 301 300 301 301 300 300 300 299 299 299 299 298 298 297 297 296 290 289 293 295 295 295 294 294 294 293
297 298 302 303 304 304 304 303 302 304 304 298 293 294 290 296 303 300 295 294 292 294 299 301 302 302 301 303 304 304 305 306 305 306 305 305 305 304 304 304 304 304 303 302 302 302 302 302 302 302 303 303 303 303 303 302 301 302 302 302 302 302 301 301 301 301 301 301 301 301 301 301 300 300 300 299 299 299 299 298 298 297 296 294 293 294 294 295 295 294 292 292 291 291
296 299 302 302 303 304 304 304 305 305 302 300 299 297 297 302 302 304 305 302 302 299 295 296 299 302 301 300 301 303 305 305 306 306 306 305 305 305 305 305 304 304 303 303 303 303 302 303 302 302 302 302 302 302 302 302 302 302 302 302 302 302 301 301 301 301 301 301 301 301 301 301 300 300 300 299 298 298 299 298 298 298 296 292 294 296 296 296 295 294 292 291 291 291
299 297 297 301 303 302 303 304 305 304 299 300 303 302 303 304 303 304 305 305 305 299 297 296 298 302 303 301 304 304 305 305 306 306 306 304 303 304 303 303 303 303 303 303 302 302 302 302 302 302 302 302 302 302 302 302 302 302 302 302 302 302 302 301 301 301 301 301 300 300 301 301 300 300 300 300 299 299 299 299 298 298 298 297 297 296 296 296 295 293 292 291 291 291
290 292 295 298 301 299 300 303 305 304 298 301 303 303 305 304 304 305 306 306 306 303 302 298 299 303 305 305 305 306 306 306 306 306 306 304 304 303 303 303 303 303 303 303 303 302 302 302 302 302 301 301 302 302 302 302 302 302 302 302 302 302 302 302 301 301 301 301 300 300 300 301 300 300 300 300 300 299 299 299 299 298 298 298 297 296 296 296 294 294 292 291 292 292
282 286 293 299 297 294 301 304 305 303 301 301 304 303 304 303 304 306 305 300 301 305 306 304 304 304 303 303 304 306 306 305 306 306 306 304 303 303 304 303 302 304 303 303 302 302 302 302 302 302 301 300 301 301 302 301 302 302 302 302 302 302 302 301 301 301 301 301 301 301 300 301 301 300 300 300 300 299 299 299 299 299 298 298 297 296 296 295 295 294 292 292 291 292
