ecocropFuture/tif/c6/rcp585/ACCESS-CM2/tmax_9.asc
ncols        683
nrows        518
xllcorner    -87.691666666667
yllcorner    10.708333333333
cellsize     0.008333333333
NODATA_value  nan
[rows 168 to 209 of 518, columns 282 to 375 of 683]
307 311 312 312 311 311 309 309 309 309 310 307 306 305 297 301 307 311 312 310 310 304 300 298 299 292 297 301 299 300 304 305 306 307 308 306 306 307 310 310 312 313 313 312 312 313 313 313 314 315 315 316 316 315 315 315 316 316 315 316 315 315 312 308 310 311 313 312 313 313 313 313 311 310 311 313 311 311 311 311 312 312 311 305 298 306 308 307 307 308 309 313 313 314
308 311 312 312 312 312 311 311 312 310 309 304 305 305 302 305 308 311 312 311 309 307 298 291 290 289 293 300 303 304 306 305 303 303 308 305 309 309 311 312 312 313 313 313 313 312 311 313 314 314 315 316 315 313 314 315 315 316 315 315 315 315 311 311 309 312 314 314 312 308 310 311 311 310 310 312 313 313 311 309 311 313 312 305 305 309 309 307 307 306 306 308 309 313
310 312 312 313 313 312 313 312 312 310 306 305 306 303 304 308 310 312 312 311 309 306 303 297 293 289 288 295 300 302 304 302 297 303 307 310 310 309 308 311 313 313 314 314 313 311 313 313 313 314 315 316 315 315 313 315 315 315 315 314 315 314 315 313 312 313 314 314 312 309 311 311 313 313 311 312 313 313 310 309 311 312 313 311 311 311 309 306 308 307 307 306 308 312
310 308 310 313 313 312 313 312 310 308 302 305 304 296 301 306 311 312 312 310 310 304 300 298 297 294 295 298 301 302 299 298 295 303 306 308 310 309 306 309 312 314 314 314 313 314 314 314 315 315 315 315 316 314 312 315 315 315 315 315 315 313 314 314 314 314 314 314 313 311 309 312 311 312 313 314 313 313 313 312 312 312 313 312 312 312 307 305 306 309 308 309 310 311
304 295 304 311 313 313 313 311 308 307 303 308 301 292 298 305 311 313 312 309 310 309 304 300 302 302 300 300 298 295 289 290 296 305 302 303 306 310 309 309 310 314 314 314 315 315 315 315 315 315 315 316 315 313 314 315 315 314 315 315 314 313 313 314 315 315 315 315 314 313 311 310 311 310 311 313 313 313 313 313 313 312 313 313 311 312 309 307 307 309 310 311 312 312
294 294 307 310 313 313 313 313 310 310 309 308 301 294 301 308 312 312 307 307 309 305 300 305 301 299 301 301 298 290 281 286 297 304 301 303 306 309 311 310 312 313 313 314 314 315 315 315 315 315 315 316 315 315 315 315 315 315 315 315 314 314 313 313 314 315 315 315 314 314 313 311 310 312 311 312 313 313 312 313 314 313 313 313 312 311 311 310 307 305 309 310 310 310
299 303 307 311 313 313 313 313 313 311 311 309 303 301 306 311 313 311 302 304 307 305 298 296 295 290 290 290 294 297 289 290 292 300 293 300 304 310 312 313 313 312 313 314 314 314 315 315 315 315 315 315 315 315 314 315 315 315 315 315 315 314 313 313 314 315 315 315 314 313 310 309 309 310 311 310 312 312 313 313 313 313 313 313 313 311 311 310 307 307 308 310 310 310
308 309 310 312 313 312 312 312 312 312 310 308 305 308 311 313 311 306 298 302 305 301 296 289 287 283 281 284 290 294 301 299 298 294 288 301 305 311 312 313 314 314 314 314 314 314 314 315 315 315 315 315 315 314 314 315 315 315 314 314 315 314 313 314 314 314 315 315 314 312 309 307 309 310 309 309 309 310 311 312 314 313 313 313 313 310 309 310 306 306 308 311 311 312
308 310 312 310 310 311 311 309 310 311 313 311 311 311 313 310 303 298 301 304 294 287 283 284 278 275 282 289 293 292 296 301 304 299 294 297 304 309 310 312 312 313 313 314 314 314 314 314 314 315 315 315 314 315 315 314 315 314 314 315 315 314 313 314 314 315 315 315 314 311 306 307 309 309 308 307 305 308 307 306 309 313 313 313 314 311 310 310 310 311 312 311 311 312
309 311 311 303 302 309 305 300 303 307 310 313 313 313 313 308 298 298 295 292 287 276 270 276 274 270 275 285 291 298 297 301 303 305 305 303 306 308 310 312 310 311 313 312 313 314 315 314 314 314 315 315 315 315 315 315 314 314 315 315 315 315 313 314 315 315 315 315 313 313 309 307 310 310 308 305 300 305 302 302 307 308 312 313 314 313 312 313 312 312 312 312 313 313
312 311 310 304 297 302 303 297 298 305 309 312 313 313 308 304 305 299 291 289 282 272 269 270 269 268 275 286 292 296 296 297 301 302 300 307 309 309 311 310 308 310 313 313 313 313 314 314 314 314 314 315 315 315 314 314 315 314 315 314 314 315 314 315 315 315 315 315 314 313 310 309 309 311 310 308 305 305 304 302 304 308 310 310 313 313 313 313 312 313 313 312 311 313
313 309 305 304 304 302 303 301 301 307 309 313 314 312 303 305 308 296 290 285 277 272 271 274 274 278 280 285 289 289 292 295 298 303 299 305 309 310 310 308 308 311 312 313 313 314 311 314 314 314 314 315 315 315 314 315 315 315 315 315 315 315 315 315 315 315 315 315 313 312 310 311 311 312 309 304 304 309 309 308 307 311 311 311 312 312 313 313 313 313 313 311 312 313
313 311 310 310 308 308 304 302 306 307 311 314 313 312 309 308 304 295 292 285 279 277 280 281 283 288 289 290 293 291 292 295 299 305 305 307 310 311 312 311 310 311 311 312 313 314 313 314 314 314 315 313 314 315 315 315 315 315 315 314 315 314 313 315 315 315 315 315 313 311 312 311 308 311 310 304 302 309 311 310 308 309 308 308 311 312 312 313 313 313 314 312 312 311
313 314 314 313 311 311 304 305 310 310 312 314 313 313 310 302 298 300 294 282 277 282 288 286 281 286 295 298 294 294 298 299 299 302 308 310 311 312 312 312 312 311 310 311 313 314 313 313 313 313 314 312 313 315 315 314 315 315 314 315 315 314 314 315 315 315 315 314 313 311 311 312 309 307 310 310 309 310 312 310 309 309 310 310 311 311 312 312 312 313 313 312 312 312
313 314 314 314 313 310 301 307 312 312 313 314 313 312 308 301 292 292 290 283 277 283 293 292 289 284 291 299 300 295 298 305 302 304 307 311 312 313 313 313 313 312 310 310 312 313 312 311 311 311 312 312 313 315 315 315 315 314 313 314 315 315 314 315 315 315 315 313 313 312 308 309 309 309 308 313 313 313 312 308 307 310 310 309 310 311 312 312 312 313 313 312 312 312
313 313 314 314 314 314 308 306 313 313 314 314 314 312 308 302 298 301 296 292 285 287 292 298 295 287 290 294 301 300 301 304 308 307 310 311 312 312 313 314 314 313 312 310 313 312 308 304 308 312 313 312 313 315 314 315 315 314 315 315 315 315 315 315 315 315 314 312 313 310 309 311 309 310 310 312 311 313 313 312 311 311 308 308 308 311 311 312 310 312 312 311 311 311
313 313 313 313 311 313 314 312 314 314 314 314 314 312 308 303 304 301 292 285 280 289 295 300 295 294 293 296 301 303 304 306 308 309 311 312 312 313 313 313 314 313 313 313 313 309 305 306 311 312 313 313 313 315 315 314 315 316 316 316 316 315 315 315 315 315 315 313 313 312 312 311 311 312 310 309 309 313 313 311 311 310 304 307 310 311 310 311 310 311 311 311 311 312
313 313 314 314 311 312 314 313 314 314 314 314 314 313 310 305 307 301 292 283 277 280 290 301 300 302 296 294 301 304 306 307 308 310 311 312 312 313 313 313 314 313 313 313 312 310 307 311 312 313 314 314 313 315 315 315 316 316 316 316 316 315 316 315 315 315 315 315 314 313 313 313 313 312 309 310 313 313 313 312 312 310 308 307 308 309 309 310 310 311 311 311 312 312
313 313 314 313 313 312 313 313 314 313 313 310 313 313 311 308 308 300 293 287 285 290 289 299 302 304 298 295 302 305 306 303 308 310 310 312 312 313 313 313 313 314 313 313 312 311 310 310 313 314 314 314 315 315 315 315 315 316 316 316 316 316 316 316 315 315 315 314 315 313 314 314 314 314 312 312 313 314 313 312 312 311 311 307 306 309 309 310 311 311 312 311 312 312
313 314 314 314 314 312 313 313 314 314 311 310 313 313 311 309 305 295 288 288 295 296 301 304 307 305 300 295 302 306 306 308 309 310 309 312 312 312 312 313 314 312 313 313 312 311 310 307 309 313 314 314 315 315 315 315 315 315 316 315 316 316 316 316 315 316 315 313 314 315 315 314 314 314 313 312 312 313 314 313 312 312 311 311 310 309 310 309 308 311 312 311 311 312
313 313 314 314 314 313 313 314 314 313 310 311 312 311 311 311 302 291 285 290 295 299 302 307 306 306 299 296 304 305 307 307 305 311 309 312 312 312 313 313 313 312 312 312 311 311 310 305 310 313 314 314 314 314 315 315 315 315 316 316 316 316 316 316 316 316 314 313 312 314 315 315 314 314 313 313 313 314 314 313 311 312 312 312 310 311 310 310 308 311 312 311 311 312
313 312 313 314 314 314 313 313 313 312 311 309 310 309 308 306 308 300 297 300 300 306 308 309 308 306 299 298 304 306 301 307 305 309 310 310 311 313 312 313 313 311 310 311 310 312 311 306 309 313 313 314 314 313 314 315 315 316 316 316 316 316 315 316 316 316 315 311 312 314 315 315 314 314 314 314 313 314 313 314 312 312 313 312 313 311 311 310 311 310 312 310 311 312
311 309 312 314 314 312 311 313 312 311 310 308 309 308 306 301 311 311 309 308 303 306 309 309 308 306 301 298 302 306 300 306 304 304 311 310 311 312 313 313 311 311 309 308 310 311 311 311 312 313 312 312 313 313 315 315 315 315 316 316 315 315 315 316 316 315 313 312 313 314 315 315 315 314 314 314 313 313 312 314 313 313 312 313 313 312 312 311 311 311 312 312 312 312
304 308 310 313 313 310 311 313 310 305 304 304 308 309 304 305 310 313 313 311 308 310 311 309 306 307 302 296 301 304 302 303 307 306 310 311 312 313 313 312 312 312 309 310 310 312 312 311 312 312 311 311 312 314 314 315 315 315 315 315 315 315 313 314 315 313 313 313 313 314 315 315 315 314 314 314 313 313 313 314 314 313 313 313 313 312 312 312 311 311 312 311 312 312
309 307 311 313 312 311 311 312 309 298 292 301 305 306 308 303 308 313 314 313 312 311 312 309 305 306 300 293 297 301 302 297 298 307 310 311 312 312 313 313 313 312 313 313 312 313 312 312 311 312 312 313 313 314 314 314 315 315 315 315 314 315 314 314 315 313 311 313 314 314 315 315 314 314 314 314 313 310 312 313 314 314 313 313 313 313 311 311 311 312 312 311 311 311
310 311 313 312 311 310 311 312 307 297 293 298 298 299 304 301 305 312 314 314 314 313 312 310 303 304 301 294 297 297 294 298 295 304 308 310 311 312 311 312 313 313 313 313 313 313 313 313 312 313 312 313 311 311 311 313 314 315 315 315 313 314 315 315 315 314 312 313 314 314 314 315 314 314 314 314 313 313 314 313 313 314 313 313 313 313 310 310 310 311 311 311 312 312
312 311 313 311 308 310 309 310 310 306 304 301 296 293 298 305 306 312 312 313 313 312 310 307 300 298 297 293 292 292 290 297 302 303 308 310 310 309 309 311 313 313 313 314 313 313 314 313 313 313 312 311 310 308 309 313 314 314 315 314 314 314 315 314 314 312 312 312 312 313 314 315 315 314 314 314 314 314 312 314 313 314 314 313 314 313 311 310 311 311 312 312 312 312
310 310 312 309 308 307 307 307 310 309 310 308 303 297 300 308 309 311 312 311 310 312 311 307 298 293 294 287 285 292 293 294 296 305 308 309 311 307 306 310 312 312 313 314 313 313 313 314 313 312 311 311 311 311 312 313 313 314 314 314 313 313 313 313 313 311 312 310 310 313 314 314 314 313 313 313 314 311 311 312 314 314 314 314 313 313 312 312 312 311 312 311 312 312
311 312 309 305 304 304 304 308 309 307 309 312 310 308 303 308 311 311 309 310 312 311 305 306 301 299 298 293 290 293 297 291 298 300 309 310 311 309 308 311 312 312 313 313 314 313 313 313 313 313 312 312 312 311 311 312 313 314 313 313 313 311 309 309 312 312 311 311 309 311 314 314 313 312 311 312 313 312 312 311 311 314 314 314 314 313 312 312 311 312 312 312 311 311
311 311 309 306 302 303 307 309 307 307 308 310 312 313 309 311 313 312 307 309 313 312 308 307 302 301 304 298 298 301 301 296 300 307 310 311 311 311 311 312 313 313 313 313 313 313 313 314 313 313 313 312 311 310 312 313 313 314 311 310 309 307 304 306 312 313 311 312 309 311 314 313 312 312 312 311 312 313 311 309 311 313 314 313 313 314 312 312 311 312 312 312 311 310
311 310 310 307 302 301 307 308 302 309 310 311 312 313 313 314 313 311 306 310 314 312 309 310 307 305 307 303 305 300 298 303 305 310 311 310 312 312 313 312 313 313 313 313 314 314 314 314 313 313 313 313 312 311 313 313 314 313 312 309 307 309 307 309 312 312 312 312 309 311 313 313 311 311 312 311 311 312 312 310 310 313 313 312 313 314 313 312 311 312 312 312 312 310
310 309 309 308 304 303 306 305 304 312 312 313 313 313 314 314 314 312 306 309 314 312 309 310 310 309 309 306 304 297 297 304 307 309 311 311 312 312 312 313 313 313 313 313 313 314 314 314 313 313 313 313 312 312 312 313 312 311 311 309 307 310 309 311 312 312 312 313 310 311 313 313 310 312 313 311 310 310 312 311 309 311 312 313 313 313 313 313 312 312 312 312 311 311
309 308 308 307 302 307 307 310 308 312 313 312 307 310 313 314 314 313 308 310 315 311 305 309 311 311 310 305 299 290 294 306 304 306 309 312 312 312 313 313 313 313 313 314 313 314 314 313 313 313 313 313 312 313 313 311 312 310 311 310 310 310 309 311 312 312 312 313 313 311 313 313 314 314 312 311 309 311 311 310 311 312 313 313 313 313 313 313 313 312 312 311 312 311
302 302 297 300 300 309 309 311 312 312 313 311 310 311 311 312 313 314 313 314 314 312 308 311 312 312 311 304 295 283 290 304 308 305 309 311 312 312 312 312 313 313 313 314 314 314 314 314 314 313 312 311 313 313 313 313 312 312 311 311 310 310 311 311 312 312 313 312 313 312 313 313 314 314 314 313 310 311 311 309 310 311 313 313 313 313 312 312 312 313 312 312 312 311
290 295 300 304 308 310 311 312 312 312 312 312 310 308 305 311 314 314 314 314 313 313 312 312 312 311 311 306 297 290 293 302 309 309 310 311 311 312 312 311 312 313 313 314 314 314 314 314 313 311 310 310 312 313 313 313 312 312 311 312 311 310 311 311 312 312 312 311 312 313 314 314 313 313 314 313 313 312 312 312 313 313 313 313 314 313 312 312 312 312 313 312 312 311
284 292 301 308 309 309 311 311 306 310 311 310 309 304 306 311 313 314 313 312 313 312 314 313 312 311 312 310 304 300 301 307 306 311 311 312 312 312 311 310 305 307 313 314 314 314 314 313 312 312 311 312 313 313 313 313 313 311 310 312 312 312 312 312 312 312 311 311 310 312 313 314 312 312 313 312 314 313 313 313 314 314 313 313 314 314 312 312 312 312 312 312 312 312
291 299 306 308 306 309 311 308 303 302 309 310 307 306 309 310 312 314 313 313 313 313 313 312 313 312 313 312 308 304 307 307 305 310 312 312 312 312 308 310 307 308 313 314 314 314 314 314 313 311 313 313 314 312 311 312 313 311 312 313 313 312 313 313 312 312 310 311 311 312 313 313 311 311 313 313 313 313 313 313 314 314 313 314 314 314 313 313 312 312 313 312 312 312
298 303 304 301 304 310 307 301 294 293 305 309 307 308 308 311 313 313 313 313 313 313 313 312 313 313 313 313 310 305 311 307 310 311 311 312 312 313 310 310 312 310 313 314 314 314 314 314 314 314 314 314 314 313 313 312 313 313 312 313 313 313 313 313 312 312 311 312 312 313 313 313 311 312 313 313 313 313 313 313 313 314 314 314 314 313 312 312 312 312 312 312 312 312
303 307 302 300 308 303 297 290 286 295 305 309 307 308 309 311 312 311 312 313 313 312 312 311 312 311 311 312 312 310 312 312 312 310 310 310 312 313 313 312 313 313 312 313 313 314 314 314 314 314 314 314 313 313 313 310 312 313 313 313 313 313 313 313 312 312 312 312 312 313 313 311 310 312 313 313 313 313 313 313 313 313 313 313 313 314 312 312 312 312 311 311 312 312
302 307 306 307 304 291 288 288 289 299 306 308 306 302 305 308 310 311 312 312 313 312 312 310 312 311 311 312 311 308 312 312 312 308 308 310 312 313 313 313 313 313 314 314 314 314 314 314 314 314 314 313 313 313 313 312 312 313 313 313 313 313 313 313 312 312 312 312 312 312 310 312 310 311 312 313 313 313 313 313 313 313 313 313 313 313 312 312 311 311 311 311 312 312
305 305 307 306 296 288 284 282 287 304 308 308 306 302 301 301 304 308 311 311 312 313 312 312 313 310 309 311 312 312 312 313 312 311 309 311 311 311 313 313 313 313 314 314 314 314 314 314 314 314 314 314 314 313 314 313 314 313 313 313 313 313 313 313 313 312 311 312 311 311 310 312 309 312 312 313 313 313 313 313 313 313 312 312 312 313 312 312 312 312 311 311 312 311
303 296 302 296 289 287 285 282 294 306 309 308 304 303 299 292 298 305 309 308 311 312 311 310 312 308 309 311 312 313 312 313 312 310 309 312 308 311 313 313 313 314 314 314 314 314 314 314 314 314 314 314 314 313 314 313 314 313 313 313 313 313 313 313 313 312 312 312 311 311 311 312 312 313 313 313 313 312 313 313 312 312 312 312 312 312 312 312 312 311 311 311 311 311
