ecocropFuture/tif/c6/rcp585/ACCESS-CM2/tmax_8.asc
ncols        683
nrows        518
xllcorner    -87.691666666667
yllcorner    10.708333333333
cellsize     0.008333333333
NODATA_value  nan
[rows 84 to 125 of 518, columns 376 to 469 of 683]
296 296 296 301 303 301 300 299 300 299 299 299 299 302 303 304 304 304 304 304 304 304 303 303 301 302 302 302 302 301 301 301 301 300 298 300 301 301 301 301 301 300 300 300 300 300 300 300 300 300 300 300 300 300 300 300 300 300 299 299 299 299 299 298 298 298 297 297 297 297 297 297 297 296 296 296 296 295 294 294 294 293 294 294 295 296 295 296 296 296 296 295 295 297
292 291 293 297 301 302 298 298 300 299 300 299 299 301 303 304 304 304 304 304 304 303 303 303 302 302 302 301 301 301 302 301 300 300 301 301 302 302 302 301 301 301 299 299 299 300 300 300 300 300 300 300 300 300 300 300 300 300 300 299 299 299 299 298 298 298 297 297 297 297 297 297 297 297 296 296 296 295 294 294 293 294 294 294 295 296 295 294 296 296 293 289 293 296
294 294 298 301 303 303 299 297 299 298 296 296 298 299 302 304 304 304 304 304 303 303 303 302 301 301 300 300 300 301 301 301 300 300 301 301 301 302 302 302 301 301 299 299 299 300 300 300 299 299 300 300 300 300 300 300 300 300 299 299 299 299 299 299 298 298 297 297 297 297 297 297 297 296 296 296 296 295 294 294 294 294 295 295 296 296 296 295 295 295 294 289 291 295
298 298 301 300 301 303 302 301 301 299 295 298 300 301 303 303 303 304 304 303 300 302 302 301 301 300 300 301 300 300 301 300 298 299 301 301 302 302 302 302 302 301 300 300 300 300 300 300 299 299 300 300 300 300 300 299 299 299 299 299 299 299 298 298 298 298 297 297 297 297 297 297 297 296 296 296 296 296 295 295 295 295 295 296 296 296 296 296 295 295 295 294 294 296
301 298 301 299 299 302 301 302 302 303 302 303 301 303 304 304 304 304 304 303 303 303 302 301 300 300 301 299 293 294 298 301 299 300 301 301 302 302 302 302 302 302 301 301 300 300 300 300 300 299 299 299 299 300 300 299 299 299 299 299 299 298 298 298 298 298 297 297 297 297 297 297 296 296 296 296 296 297 296 296 296 296 296 296 296 296 297 296 295 296 296 295 293 295
302 297 299 299 297 302 302 302 300 302 303 303 303 302 302 304 303 304 304 303 303 302 301 301 301 301 300 294 285 291 299 301 300 302 302 302 301 302 302 302 302 302 302 300 296 298 300 301 300 300 300 299 299 299 300 299 299 299 299 299 299 298 298 298 298 298 297 297 297 297 297 297 296 297 296 297 297 297 297 297 296 296 296 296 297 297 296 295 295 295 296 294 294 295
304 296 295 297 299 301 303 301 299 300 304 303 303 302 302 303 303 304 304 303 303 302 302 302 301 300 296 290 289 297 300 301 301 302 303 302 302 303 303 302 302 302 302 300 293 294 300 301 301 300 300 300 299 299 299 299 299 299 299 299 298 298 298 298 297 297 297 297 297 297 297 297 297 297 297 297 297 297 297 297 297 297 297 297 297 297 296 295 295 295 295 295 295 296
305 298 297 297 301 304 304 298 298 297 303 304 304 303 303 302 302 304 304 303 303 303 302 300 300 299 297 295 296 299 299 300 302 303 303 303 302 303 303 302 302 302 302 301 299 298 298 300 300 300 300 300 300 299 299 299 299 299 299 298 298 298 298 297 297 297 297 297 297 297 297 297 297 297 297 297 297 297 297 297 297 297 297 297 297 297 296 296 296 295 295 295 296 296
305 304 303 303 303 304 304 302 303 302 304 304 304 304 304 302 303 304 304 304 303 302 301 300 297 293 287 285 287 294 300 301 302 302 303 302 302 303 303 303 303 302 302 302 301 301 299 299 300 300 300 300 300 300 299 299 299 299 299 299 298 298 298 297 297 297 297 297 297 297 297 297 297 297 297 297 297 298 297 297 297 297 297 297 297 297 296 296 296 296 295 295 295 296
305 306 305 305 304 304 305 304 304 304 304 304 304 304 305 304 304 304 304 303 302 301 299 295 293 285 276 278 286 295 300 301 302 302 301 301 302 302 303 303 303 302 302 302 302 301 301 301 301 301 301 300 300 300 300 300 300 299 299 298 298 298 298 297 297 297 297 297 297 297 297 297 297 297 297 298 297 297 297 297 297 297 297 297 296 297 297 297 297 296 296 296 296 296
307 306 305 305 305 305 305 305 305 304 304 303 304 304 304 305 305 304 303 302 297 289 289 281 282 283 280 284 287 291 294 299 301 301 300 300 302 302 303 302 302 302 302 302 302 302 302 301 301 301 301 301 301 300 300 300 300 299 299 298 298 298 297 297 297 297 297 297 297 297 297 297 298 297 298 298 298 298 297 298 297 298 297 297 297 297 297 297 297 297 297 297 297 297
307 306 305 305 305 305 305 305 304 303 303 302 304 304 304 304 304 304 303 302 293 284 287 283 278 279 287 292 294 295 295 296 298 301 301 302 301 301 302 302 302 302 302 302 302 302 302 302 302 301 301 301 301 301 301 300 300 299 299 298 298 298 298 297 297 297 297 297 297 297 297 297 298 298 298 298 298 298 298 298 298 298 297 297 296 297 297 297 297 297 297 297 297 297
307 307 306 305 305 305 305 305 304 303 303 304 304 304 304 305 304 304 303 301 299 296 293 290 283 288 289 288 288 289 297 300 300 301 303 303 303 302 302 303 302 302 302 302 302 302 302 302 302 302 302 301 301 301 301 300 300 299 299 299 298 299 298 298 298 298 298 298 298 298 297 297 298 298 298 298 298 298 298 298 298 298 297 296 296 297 297 297 297 297 297 297 297 297
306 306 305 304 305 304 304 304 304 302 302 302 304 304 304 304 304 304 302 300 295 295 296 290 290 294 290 292 288 283 288 295 297 302 303 303 303 303 303 303 302 302 302 302 302 302 302 302 302 302 302 302 301 301 301 300 300 300 300 299 299 299 298 298 298 298 298 298 298 298 298 298 298 298 298 298 298 298 298 298 298 298 297 297 297 297 297 297 297 297 297 297 298 297
307 306 305 304 305 304 304 305 304 301 299 300 301 303 304 304 304 302 300 301 299 299 298 298 297 297 297 297 293 288 289 294 298 301 302 303 303 303 304 303 303 302 302 302 302 302 303 302 302 302 302 302 301 301 301 300 300 300 300 299 299 299 299 298 298 298 298 298 297 297 298 297 298 298 298 298 298 298 298 298 298 298 297 297 297 298 298 297 298 297 297 298 297 297
307 307 306 304 305 304 305 305 304 302 298 300 302 304 304 304 303 300 296 297 299 298 301 301 301 301 301 300 299 298 296 297 298 300 302 303 303 303 304 304 303 303 303 302 303 302 303 303 303 302 302 302 301 301 301 300 300 300 299 299 299 299 299 299 298 298 298 297 297 297 298 298 298 297 297 297 298 298 298 298 298 298 297 297 297 298 297 298 297 298 298 297 297 297
308 307 306 305 304 304 305 304 304 303 301 297 300 302 303 303 301 298 297 298 300 300 299 301 302 303 303 302 302 303 302 302 301 301 303 304 304 303 304 304 304 303 303 303 303 303 303 303 303 302 302 301 301 300 301 300 300 300 299 299 299 299 299 299 298 298 298 298 297 297 297 297 297 297 298 298 297 297 298 297 297 297 297 297 297 297 297 298 297 297 298 297 297 297
307 307 305 305 304 303 304 301 303 303 301 296 295 296 303 300 299 301 301 300 301 302 301 301 302 304 304 302 302 301 302 304 303 303 304 304 304 303 304 304 304 304 303 303 303 303 303 303 303 302 302 301 301 300 300 300 300 300 300 299 299 299 299 299 299 298 298 298 297 297 297 297 298 297 297 297 297 298 298 297 297 297 297 297 297 297 298 298 297 297 298 297 297 297
307 306 305 304 304 303 304 303 302 303 301 295 292 290 300 296 298 301 302 302 303 304 304 303 304 304 305 304 304 303 303 305 304 304 304 304 304 304 304 304 304 304 304 303 303 303 303 303 303 302 302 301 300 299 300 299 299 299 299 299 299 299 299 299 299 298 298 298 297 297 297 297 297 297 297 297 298 298 297 297 297 297 297 297 297 297 298 297 297 298 298 297 297 297
307 307 306 306 305 304 305 304 303 301 300 299 297 296 299 301 303 303 303 304 304 304 305 305 304 304 304 303 302 302 303 303 304 305 304 304 303 303 304 304 304 304 304 304 303 304 303 303 303 302 302 301 300 300 300 300 299 297 298 298 299 299 298 298 298 298 298 297 297 297 297 297 297 296 297 297 297 298 297 296 296 297 297 298 298 298 297 298 298 298 298 298 298 297
308 307 307 307 305 303 303 304 303 302 301 301 300 300 301 302 301 300 302 303 304 303 303 304 304 304 303 304 301 300 302 303 304 305 303 303 303 304 304 304 303 303 303 303 303 303 303 303 303 302 302 301 301 301 301 300 300 300 299 298 299 298 298 298 297 297 298 297 297 297 297 297 297 297 297 297 297 297 297 297 296 297 298 298 298 298 298 298 298 298 298 298 298 298
309 308 307 303 299 296 301 304 304 302 301 301 301 301 302 302 302 303 304 304 304 304 304 304 304 304 304 305 303 304 303 304 305 304 304 303 303 303 304 304 303 303 303 303 303 303 303 304 303 303 302 301 301 301 300 299 299 299 298 298 299 298 298 297 297 297 297 296 296 297 296 296 296 296 297 297 297 297 297 296 296 297 298 298 298 298 298 298 298 298 298 298 298 298
308 308 306 299 301 295 298 301 302 302 302 301 298 301 301 302 303 304 305 305 304 305 305 305 306 305 305 305 305 305 305 305 304 304 304 303 304 304 304 303 303 303 303 303 303 303 303 303 303 303 303 302 302 301 301 300 300 299 299 299 299 299 298 297 297 296 296 296 296 296 295 294 294 297 295 295 295 296 296 294 296 296 297 298 298 298 298 298 298 298 298 298 298 298
308 307 305 304 301 299 300 301 301 301 298 297 300 299 302 304 305 305 305 305 304 305 305 305 304 305 305 305 304 305 305 305 304 303 303 304 304 304 304 303 303 303 303 303 303 303 303 303 303 303 303 303 302 302 302 301 300 299 301 300 297 297 296 296 296 295 294 295 295 295 295 294 295 297 296 296 294 293 294 293 293 296 298 298 298 298 298 298 298 298 298 298 298 298
306 302 296 292 287 289 292 295 297 300 297 298 299 301 303 305 305 305 305 305 306 305 306 305 305 305 305 305 304 304 304 304 304 304 303 304 304 303 303 303 303 303 303 303 303 303 303 303 303 303 304 303 303 303 303 302 301 301 301 300 299 295 290 292 290 291 291 293 294 292 294 294 295 296 295 294 293 293 292 292 294 295 296 298 298 298 298 297 297 298 298 298 298 297
296 288 285 279 279 282 292 295 296 298 300 302 302 303 304 305 306 306 305 305 305 305 305 305 304 304 304 303 304 304 304 304 304 304 304 304 304 303 303 303 303 303 303 303 303 303 303 302 303 303 303 303 303 303 303 303 302 302 301 300 300 297 293 291 291 290 291 293 294 290 293 295 295 294 294 293 291 291 293 294 294 295 295 297 297 296 295 295 293 295 297 297 295 293
289 286 291 284 272 288 296 297 300 301 303 305 304 305 306 305 306 305 305 305 304 304 304 304 304 303 303 302 303 304 304 304 304 304 303 303 303 304 304 303 303 304 304 303 304 303 303 303 303 303 303 303 303 303 303 303 302 302 302 302 301 299 298 296 297 297 297 296 290 288 290 293 294 295 292 291 292 294 294 295 295 296 296 297 296 295 295 296 295 296 297 297 295 293
292 294 293 283 274 280 289 297 302 300 298 302 305 306 305 306 306 305 300 303 304 304 304 303 303 301 299 297 298 302 303 303 303 301 302 302 302 303 304 304 304 304 304 304 304 304 304 304 304 304 303 303 303 303 303 303 303 302 302 302 301 301 300 300 299 299 296 291 290 287 288 291 290 292 291 294 295 295 295 296 296 296 295 296 296 296 297 297 297 297 297 297 297 295
299 298 288 281 276 275 280 290 301 304 301 305 305 305 306 306 305 304 303 304 304 303 303 303 301 300 297 296 296 299 303 301 301 300 300 303 303 303 304 304 304 304 304 303 303 303 304 303 303 303 303 303 303 303 303 303 303 303 302 302 302 301 300 299 298 297 297 295 296 295 296 294 289 292 294 294 295 296 297 297 296 295 295 296 297 297 297 297 298 297 297 297 297 296
304 297 286 281 278 276 286 296 300 300 304 305 305 305 306 306 305 305 304 304 303 303 303 302 300 301 300 302 302 301 301 300 301 302 300 303 303 304 304 304 304 304 304 303 303 304 303 303 303 303 303 303 303 303 303 303 303 303 302 302 302 302 300 301 299 297 296 298 298 298 298 296 295 295 295 295 296 297 297 297 297 296 296 297 297 297 297 298 298 297 297 296 296 296
303 301 294 286 281 286 294 302 304 301 303 306 305 306 306 306 305 305 304 303 304 302 302 301 301 301 302 300 303 302 301 302 301 303 303 302 303 304 304 304 304 303 303 303 304 303 304 304 303 303 303 303 303 303 303 303 303 303 303 303 303 302 301 302 300 299 300 301 301 300 299 298 296 297 297 296 297 297 297 297 297 297 297 298 297 298 298 298 298 298 297 297 296 296
302 297 288 292 287 292 302 304 305 305 304 306 305 306 306 305 305 305 304 304 304 303 302 301 300 301 303 301 302 303 304 303 303 304 304 303 303 303 303 304 304 303 303 304 304 303 304 303 303 303 303 304 303 303 303 304 304 303 303 303 303 303 303 303 302 302 302 302 302 302 301 300 299 298 298 297 297 297 297 298 298 298 298 298 297 298 299 298 298 297 296 297 297 296
297 299 299 293 290 298 304 306 306 307 306 306 306 305 306 305 304 305 305 304 304 304 304 302 303 304 305 304 305 305 305 305 304 304 304 304 304 304 304 304 304 304 303 303 303 303 303 303 303 304 304 304 304 304 303 304 304 303 303 304 303 303 303 303 302 303 302 302 302 302 302 301 300 300 300 299 299 298 298 298 299 299 299 299 298 299 299 298 298 297 297 296 296 296
296 293 303 301 296 301 306 307 307 307 307 307 306 305 306 305 305 305 305 304 305 305 304 304 305 305 305 306 306 306 305 305 305 305 305 304 304 304 304 305 304 304 304 303 303 303 303 304 304 303 304 303 303 303 303 304 304 304 304 304 303 303 303 303 303 302 302 302 302 302 301 301 301 301 301 301 300 300 299 299 299 299 299 299 299 298 299 298 298 298 297 297 297 297
304 298 302 306 306 307 308 308 307 308 308 308 306 305 304 304 304 304 304 303 304 302 301 302 304 303 305 305 305 305 305 306 306 305 305 305 304 304 303 304 304 304 304 304 303 303 303 304 303 303 304 304 304 304 304 304 304 304 304 303 303 303 303 303 303 302 302 302 302 302 301 301 301 301 301 301 301 300 299 299 299 299 299 298 298 298 297 298 298 297 297 296 296 297
307 307 309 308 308 308 307 307 308 308 309 307 305 304 302 299 296 297 298 298 299 302 303 304 305 304 304 305 305 305 305 306 306 306 305 305 305 304 304 303 304 304 304 304 304 304 303 303 303 304 304 304 304 304 304 304 304 304 304 304 303 303 303 303 302 302 302 302 302 302 301 302 301 301 301 301 301 300 300 299 299 300 300 297 296 294 294 297 298 297 297 296 296 297
306 304 306 309 308 308 308 307 307 308 308 304 301 302 299 297 298 291 288 289 291 298 303 303 303 304 305 305 305 306 306 306 305 306 306 305 305 305 304 304 305 305 304 304 304 304 304 303 303 304 304 305 304 304 304 304 304 304 304 304 303 303 303 303 303 302 302 302 302 302 302 302 302 302 301 301 301 300 301 300 300 299 299 298 291 291 295 297 298 297 296 296 296 295
303 304 308 309 309 309 309 308 307 308 308 303 296 296 293 298 305 301 297 296 293 295 301 302 303 303 302 304 304 305 306 306 306 306 306 305 306 305 305 305 305 305 305 304 304 304 304 303 304 304 304 304 304 304 304 303 302 303 304 303 303 303 303 303 303 303 302 302 302 302 302 303 302 302 301 301 300 300 301 300 300 299 298 296 295 296 297 297 297 296 294 294 293 293
302 305 307 308 309 309 309 309 309 309 306 304 302 300 299 304 304 306 306 304 303 300 296 297 300 303 302 301 302 304 306 306 307 307 306 306 306 306 306 305 305 305 305 305 305 305 304 304 304 304 304 304 304 303 304 303 303 304 303 303 303 303 303 303 303 303 302 302 302 302 303 303 302 302 301 301 300 299 301 300 300 300 298 294 296 298 298 298 297 296 294 293 293 292
306 303 303 307 308 308 308 309 310 308 303 304 306 305 306 307 306 306 306 307 306 300 298 297 299 303 304 302 305 305 306 306 307 307 306 305 304 306 305 305 305 305 305 305 305 304 304 304 304 304 303 304 304 304 304 304 304 304 303 303 303 303 303 303 303 303 303 302 302 302 303 303 302 301 301 301 301 301 301 300 300 300 300 299 299 298 298 298 297 295 294 293 293 293
296 298 301 303 307 304 306 308 309 308 303 304 307 306 308 306 306 307 307 307 307 304 303 299 300 304 306 305 306 306 306 307 307 307 307 305 305 305 305 305 305 306 305 305 305 305 304 304 304 303 303 303 303 303 304 303 303 303 303 303 303 303 303 303 303 303 303 302 302 302 302 303 302 302 302 301 301 301 301 301 300 300 300 299 299 298 298 298 296 295 294 293 294 294
287 292 299 305 303 299 306 309 310 307 305 305 307 306 307 305 306 307 306 301 302 306 307 305 305 305 303 303 305 306 306 306 307 307 307 305 304 305 306 305 305 306 305 305 305 304 304 304 304 304 303 301 303 303 303 303 303 303 303 303 303 303 303 303 303 303 303 302 302 302 302 303 303 302 301 302 302 301 301 301 301 300 300 300 299 298 298 297 297 296 294 294 293 294
