ecocropFuture/tif/c6/rcp585/ACCESS-CM2/tmax_4.asc
ncols        683
nrows        518
xllcorner    -87.691666666667
yllcorner    10.708333333333
cellsize     0.008333333333
NODATA_value  nan
[rows 42 to 83 of 518, columns 282 to 375 of 683]
nan nan nan nan nan nan nan nan nan nan nan nan nan nan nan nan nan nan nan nan nan nan nan nan nan nan nan nan nan nan nan nan nan nan nan 333 333 333 333 328 324 327 329 330 328 328 328 327 327 328 327 328 328 328 328 328 328 328 328 328 328 328 328 328 328 328 328 328 328 327 328 328 329 329 329 329 330 330 330 330 330 330 330 329 329 nan nan nan nan nan nan nan nan nan
nan nan nan nan nan nan nan nan nan nan nan nan nan nan nan nan nan nan nan nan nan nan nan nan nan nan nan nan nan nan nan nan nan nan 332 332 329 330 331 329 328 330 329 329 328 328 328 327 328 328 328 328 328 329 329 328 329 328 328 328 328 327 327 327 328 328 328 328 327 327 327 328 328 328 328 329 330 330 330 329 329 329 329 329 329 328 328 328 nan nan nan nan nan nan
nan nan nan nan nan nan nan nan nan nan nan nan nan nan nan nan nan nan nan nan nan nan nan nan nan nan nan nan nan nan nan nan nan nan 332 332 330 330 329 330 331 328 329 329 328 328 328 328 328 326 326 326 327 328 328 328 328 328 329 328 328 327 327 327 327 328 328 328 327 327 328 328 328 328 328 329 329 329 329 329 329 329 329 328 328 327 327 327 327 327 327 327 326 326
nan nan nan nan nan nan nan nan nan nan nan nan nan nan nan nan nan nan nan nan nan nan nan nan nan nan nan nan nan nan nan nan nan nan nan 332 332 332 331 332 330 328 330 330 329 327 327 327 328 327 326 328 327 326 327 328 327 327 328 328 327 326 325 326 327 327 328 327 327 328 328 328 328 329 329 329 329 329 328 328 328 328 328 328 328 327 327 327 326 326 326 326 326 325
nan nan nan nan nan nan nan nan nan nan nan nan nan nan nan nan nan nan nan nan nan nan nan nan nan nan nan nan nan nan nan nan nan nan nan nan 330 333 333 331 330 331 330 330 329 328 328 328 328 326 325 327 325 326 327 327 326 326 327 327 327 325 325 326 327 328 328 328 327 328 328 328 328 328 328 328 328 328 328 327 327 327 327 327 327 326 326 326 325 325 325 325 325 325
nan nan nan nan nan nan nan nan nan nan nan nan nan nan nan nan nan nan nan nan nan nan nan nan nan nan nan nan nan nan nan nan nan nan nan nan nan 333 332 331 332 331 330 331 329 328 327 327 327 327 326 326 325 327 327 326 326 326 326 327 326 325 326 327 328 328 328 328 328 328 328 328 328 328 328 328 328 328 327 327 327 327 327 327 326 326 326 325 325 325 325 325 324 324
nan nan nan nan nan nan nan nan nan nan nan nan nan nan nan nan nan nan nan nan nan nan nan nan nan nan nan nan nan nan nan nan nan nan nan nan 333 333 331 333 333 331 330 331 328 325 326 326 327 326 325 324 326 327 327 326 326 326 325 326 326 326 327 328 328 328 328 328 328 328 328 328 329 328 327 327 327 327 326 326 326 326 326 326 326 325 325 325 325 325 325 324 323 323
nan nan nan nan nan nan nan nan nan nan nan nan nan nan nan nan nan nan nan nan nan nan nan nan nan nan nan nan nan nan nan nan nan nan nan 333 333 333 334 334 333 331 330 330 326 325 326 327 326 326 325 325 326 327 326 326 325 326 327 327 327 327 327 328 328 328 328 328 328 328 328 328 328 327 327 327 327 326 326 326 326 326 326 326 325 325 325 325 325 324 324 324 323 323
nan nan nan nan nan nan nan nan nan nan nan nan nan nan nan nan nan nan nan nan nan nan nan nan nan nan nan nan nan nan nan nan nan nan nan nan 330 333 334 334 333 332 331 329 328 327 326 327 327 325 323 325 326 326 327 327 327 328 328 327 326 328 328 328 328 328 327 326 327 326 326 327 327 327 327 327 327 327 326 326 326 326 325 325 325 325 325 325 324 324 323 323 322 322
nan nan nan nan nan nan nan nan nan nan nan nan nan nan nan nan nan nan nan nan nan nan nan nan nan nan nan nan nan nan nan nan nan nan nan nan nan 334 334 333 333 333 332 331 329 327 327 328 326 324 324 326 326 326 327 328 328 328 328 328 328 328 328 328 327 327 326 320 322 326 327 326 327 327 326 326 326 326 326 326 325 324 324 325 325 325 324 324 324 324 324 323 322 323
nan nan nan nan nan nan nan nan nan nan nan nan nan nan nan nan nan nan nan nan nan nan nan nan nan nan nan nan nan nan nan nan nan nan nan nan 335 334 333 332 332 332 332 329 329 328 328 327 326 325 325 326 327 327 328 328 328 328 328 328 328 328 327 327 326 326 324 319 321 323 326 326 326 326 325 326 326 326 326 326 325 325 325 325 324 324 324 324 324 324 323 323 322 322
nan nan nan nan nan nan nan nan nan nan nan nan nan nan nan nan nan nan nan nan nan nan nan nan 337 336 336 nan nan nan nan nan nan nan nan 335 334 333 333 331 330 332 331 330 329 328 327 327 327 326 326 327 327 328 328 328 328 328 328 328 328 327 327 326 325 324 325 325 325 325 326 326 325 326 326 325 326 326 326 326 325 325 325 325 324 324 324 324 323 323 323 322 321 320
nan nan nan nan nan nan nan nan nan nan nan nan nan nan nan nan nan nan nan nan nan nan 336 336 336 335 333 336 nan nan nan nan nan nan 336 335 333 332 331 330 331 332 331 330 329 329 327 327 327 327 328 328 328 328 328 328 328 328 327 326 328 328 327 327 325 325 326 326 326 326 326 324 324 325 325 324 325 325 326 326 325 325 325 324 324 324 324 324 323 323 322 321 321 321
nan nan nan nan nan nan nan nan nan nan nan nan nan nan nan nan nan nan nan nan nan nan 336 337 336 335 333 335 335 nan nan nan nan 335 335 333 331 329 330 330 332 332 330 329 327 328 327 327 326 327 328 328 329 328 329 328 328 326 328 328 328 327 327 326 325 325 325 326 325 326 326 325 325 325 325 325 326 326 325 325 325 325 324 324 324 321 322 322 322 323 322 322 320 321
nan nan nan nan nan nan nan nan nan nan nan nan nan nan nan nan nan nan nan nan nan nan nan 336 336 335 334 333 334 336 335 335 334 334 333 333 331 329 329 331 332 331 330 327 325 326 326 326 327 328 329 328 329 329 328 327 325 327 328 327 328 327 326 326 326 325 323 325 323 325 325 325 326 325 325 325 325 325 325 325 324 324 324 324 323 321 322 322 321 321 321 321 320 321
nan nan nan nan nan nan nan nan nan nan nan nan nan nan nan nan nan nan nan nan nan nan nan 336 336 335 331 334 334 334 335 334 333 333 332 331 330 328 329 330 331 330 330 329 329 328 326 327 328 328 329 329 328 328 327 327 327 327 328 327 327 325 323 323 325 323 324 324 324 324 325 325 325 325 324 324 325 324 324 325 324 324 324 324 322 321 321 321 321 321 321 321 321 321
nan nan nan nan nan nan nan nan nan nan nan nan nan nan nan nan nan nan nan nan nan nan nan 337 335 334 329 335 333 332 333 333 334 333 332 330 328 328 330 331 331 330 330 328 328 327 327 328 328 329 328 328 328 327 326 327 327 327 328 327 325 322 321 322 323 321 321 323 325 324 324 323 322 324 323 321 323 324 324 324 324 324 323 324 322 320 319 320 320 321 321 320 320 321
nan nan nan nan nan nan nan nan nan nan nan nan nan nan nan nan nan nan nan nan nan nan nan 336 336 334 334 334 332 330 330 333 333 332 330 326 325 327 330 331 332 330 329 326 327 327 328 328 328 328 328 328 327 326 326 326 328 328 327 326 323 320 318 318 321 323 324 325 325 323 324 321 321 320 319 318 318 322 323 323 323 323 323 323 323 320 319 319 319 320 319 317 316 318
nan nan nan nan nan nan nan nan nan nan nan nan nan nan nan nan nan nan nan nan nan nan nan nan 336 335 333 333 331 326 330 333 332 331 327 325 327 329 330 330 332 329 328 328 328 328 328 328 328 327 327 327 327 327 327 328 327 327 326 326 324 323 322 322 323 323 324 324 324 323 323 321 320 317 318 320 320 320 321 323 323 323 323 323 323 322 321 319 319 319 317 313 311 315
nan nan nan nan nan nan nan nan nan nan nan nan nan nan nan nan nan nan nan nan nan nan nan 336 336 334 331 332 329 329 333 333 331 329 323 323 328 330 331 331 331 331 330 329 329 329 329 328 327 327 328 328 328 328 328 327 327 326 323 323 322 321 319 318 316 315 320 322 322 322 321 317 317 314 313 318 319 319 319 321 322 323 323 323 323 319 320 320 318 317 318 317 316 318
nan nan nan nan nan nan nan nan nan nan nan nan nan nan nan nan nan nan nan nan nan nan nan 337 336 333 333 333 331 332 333 332 331 329 328 328 330 330 331 330 331 330 330 330 330 329 329 328 327 327 327 328 328 327 326 326 327 325 321 321 317 316 317 315 316 317 316 320 319 318 319 316 313 312 314 319 320 320 321 322 322 323 323 323 322 318 320 320 319 317 319 319 320 320
nan nan nan nan nan nan nan nan nan nan nan nan nan nan nan nan nan nan nan nan nan nan nan 337 334 333 333 333 332 333 332 332 330 329 328 328 329 330 330 330 330 330 330 330 331 330 329 328 328 327 327 327 326 324 323 325 326 324 319 319 317 316 311 309 315 318 317 318 316 317 319 315 317 317 317 319 321 322 322 322 322 322 323 323 323 321 321 320 319 318 320 320 318 319
nan nan nan nan nan nan nan nan nan nan nan nan nan nan nan nan nan nan nan nan nan nan 337 334 334 333 331 330 333 333 331 332 331 330 327 326 328 329 328 329 328 329 330 330 331 330 329 328 327 327 327 326 325 323 319 323 324 322 321 322 321 319 313 310 315 318 318 318 318 319 318 315 317 317 319 320 321 321 321 322 322 322 323 323 322 322 322 320 315 316 318 319 315 314
nan nan nan nan nan nan nan nan nan nan nan nan nan nan nan nan nan nan nan nan nan 337 336 333 333 333 331 332 333 331 330 331 331 329 327 326 328 329 328 329 329 330 330 331 330 330 328 327 327 326 325 323 323 322 321 322 322 323 322 320 321 316 311 310 314 318 317 313 313 315 314 314 312 314 314 317 319 319 320 321 322 323 322 322 322 322 322 321 318 315 317 319 318 314
nan nan nan nan nan nan nan nan nan nan nan nan nan nan nan nan nan nan nan nan 336 336 334 332 332 330 331 333 333 330 330 331 330 327 325 325 327 326 328 329 330 330 330 331 330 329 328 327 326 325 324 322 320 320 321 320 316 321 320 318 320 315 306 302 313 317 313 307 305 307 308 313 312 315 317 318 319 317 318 319 321 322 322 323 322 322 322 322 318 314 318 320 317 314
nan nan nan nan nan nan nan nan nan nan nan nan nan nan nan nan nan nan nan 337 336 335 331 332 331 331 333 333 331 329 328 330 329 329 327 325 326 326 329 329 330 330 330 330 329 329 327 326 324 323 319 316 312 317 315 314 312 319 317 319 320 313 304 309 316 315 310 302 300 303 310 310 311 316 318 319 320 318 320 320 320 322 321 321 322 322 322 322 321 319 319 320 318 315
nan nan nan nan nan nan nan nan nan nan nan nan nan nan nan nan nan nan nan 337 336 334 331 331 329 332 333 332 329 328 328 329 327 328 327 326 327 328 328 328 329 330 330 330 329 328 327 326 323 323 318 313 312 315 310 312 316 317 314 319 317 308 306 310 315 313 307 303 303 307 309 307 311 315 317 319 319 318 319 319 320 320 321 322 322 322 322 323 322 322 321 321 321 320
nan nan nan nan nan nan nan nan nan nan nan nan nan nan nan nan nan nan 337 337 335 331 331 329 332 332 332 329 327 326 328 327 327 327 325 326 324 324 327 329 330 330 330 329 329 326 324 324 322 319 318 317 317 312 308 316 317 315 311 315 312 308 307 311 313 309 307 303 304 308 309 306 310 315 317 319 318 318 319 318 319 322 321 322 320 322 322 322 322 322 322 321 321 321
nan nan nan nan nan nan nan nan nan nan nan nan nan nan nan nan nan nan 337 337 332 331 330 331 331 332 331 329 325 326 325 325 328 326 324 323 323 325 328 330 330 330 330 330 328 325 322 322 318 319 319 320 319 317 315 319 313 314 310 314 316 314 312 314 313 308 302 305 310 313 312 312 311 314 316 317 316 319 320 319 321 321 322 322 322 322 323 323 323 323 322 322 322 321
nan nan nan nan nan nan nan nan nan nan nan nan nan nan nan nan nan 336 337 337 331 329 332 332 332 331 330 326 323 323 326 327 327 325 324 326 326 327 329 330 330 330 330 330 328 327 323 321 320 320 321 322 319 319 320 318 311 316 308 312 317 314 314 316 314 309 301 306 309 314 315 316 315 315 317 318 314 318 321 320 321 321 322 323 323 323 323 323 323 323 323 322 322 321
nan nan nan nan nan nan nan nan nan nan nan nan nan nan nan nan nan 337 337 335 332 329 331 332 332 330 329 324 323 325 325 325 325 320 323 326 328 328 330 330 330 330 330 330 325 327 325 323 322 320 322 322 319 319 316 315 314 317 311 312 316 314 313 316 315 312 305 311 311 314 316 317 317 318 318 317 317 317 320 321 322 322 322 322 323 323 323 323 323 323 323 323 322 322
nan nan nan nan nan nan nan nan nan nan nan nan nan nan nan nan nan 337 337 335 333 332 332 333 330 328 326 325 323 322 323 324 325 323 325 326 328 329 329 330 331 330 330 329 324 326 324 322 323 321 322 323 321 322 314 315 320 319 315 316 314 316 315 318 315 313 311 314 313 316 316 316 315 316 316 315 317 318 319 319 319 321 322 323 323 323 323 323 322 322 322 322 322 322
nan nan nan nan nan nan nan nan nan nan nan nan nan nan nan nan 337 337 336 334 334 333 334 332 329 324 325 326 321 320 324 325 326 327 325 326 328 329 330 330 330 330 330 328 326 324 324 322 324 322 323 322 323 321 316 319 321 316 315 315 311 315 316 317 316 316 315 313 311 315 315 313 311 312 314 317 319 320 319 321 319 322 322 323 323 323 323 323 323 323 323 323 323 322
nan nan nan nan nan nan nan nan nan nan nan nan nan nan nan nan 338 336 335 333 333 334 333 331 328 326 327 325 320 319 325 326 326 328 327 328 329 330 330 330 330 330 330 327 324 323 324 324 325 324 324 323 323 319 318 320 321 317 315 313 309 315 317 317 318 318 317 313 310 314 313 307 308 311 313 319 318 319 321 322 321 322 323 323 324 323 323 323 323 323 322 322 322 322
nan nan nan nan nan nan nan nan nan nan nan nan nan nan nan 338 338 336 335 334 335 334 333 331 329 328 327 323 318 322 323 323 326 329 329 329 330 330 330 330 329 329 329 329 323 325 323 324 326 325 326 324 324 321 323 322 321 318 317 315 315 317 317 316 317 317 318 315 310 313 313 307 309 309 311 318 320 320 320 322 322 323 323 323 324 324 324 323 323 323 323 322 322 322
nan nan nan nan nan nan nan nan nan nan nan nan nan nan 338 338 337 336 336 335 335 334 332 331 327 326 326 320 320 325 323 324 328 329 329 329 329 329 330 329 328 328 326 329 324 326 324 324 326 326 326 326 325 324 324 323 321 320 319 318 316 316 314 315 313 316 318 317 313 313 315 313 313 316 316 317 321 319 316 321 323 322 323 324 324 324 324 323 324 324 323 322 321 322
nan nan nan nan nan nan nan nan nan nan nan nan nan 335 338 338 337 337 336 333 335 334 332 331 328 328 324 322 324 326 325 325 328 329 329 329 329 329 329 328 329 325 322 328 328 328 327 325 326 327 326 326 325 324 324 322 317 316 314 313 315 317 314 314 309 315 318 319 318 314 316 312 313 315 317 319 320 316 314 321 323 323 323 323 324 323 324 324 324 323 323 322 321 321
nan nan nan nan nan nan nan nan nan nan nan nan nan 334 337 337 337 338 337 336 335 333 330 329 329 327 326 324 325 326 326 326 325 324 326 328 329 329 326 327 328 325 323 327 329 329 327 327 327 327 326 326 325 324 321 322 317 312 310 309 311 317 316 316 312 314 319 319 320 316 316 313 308 311 315 318 319 315 314 318 322 323 321 323 324 324 323 324 324 323 322 322 321 321
nan nan nan nan nan nan nan nan nan nan nan nan nan nan nan 337 337 338 337 336 334 332 329 326 327 328 326 324 327 328 326 326 327 328 325 328 328 326 325 327 328 327 326 327 329 329 328 327 328 327 326 326 324 324 321 321 317 315 311 309 309 314 318 318 316 313 317 319 321 319 315 315 308 306 313 315 316 316 310 314 321 322 321 323 324 323 323 323 324 323 322 321 321 320
nan nan nan nan nan nan nan nan nan nan nan nan nan nan nan nan 337 338 337 336 335 333 330 327 323 325 325 327 329 328 326 327 329 327 327 328 326 324 324 325 327 328 328 328 329 328 328 328 328 327 326 325 324 323 323 321 318 314 312 311 311 312 318 319 318 313 317 320 321 320 315 316 313 309 313 312 312 316 312 310 319 323 323 323 323 323 323 323 323 323 322 321 321 318
nan nan nan nan nan nan nan nan nan nan nan nan nan nan nan nan 336 337 337 337 335 334 331 328 327 327 327 330 330 326 328 329 329 326 326 327 325 321 322 321 326 327 327 327 328 328 327 327 327 326 324 323 323 322 320 318 312 312 311 313 316 318 317 320 319 316 318 320 319 321 317 317 316 312 315 313 313 316 315 312 320 323 324 323 323 323 323 323 324 323 322 321 320 314
nan nan nan nan nan nan nan nan nan nan nan nan nan nan nan nan nan 337 338 337 334 333 333 331 329 330 330 331 329 329 330 330 328 325 324 324 322 321 317 319 324 326 327 327 327 327 326 326 327 326 324 321 320 321 318 313 313 313 314 316 316 313 318 320 320 319 319 320 319 320 319 316 318 314 316 314 314 317 317 314 321 323 324 324 324 323 323 323 324 323 322 321 320 312
