ecocropFuture/tif/c6/rcp585/ACCESS-CM2/tmax_5.asc
ncols        683
nrows        518
xllcorner    -87.691666666667
yllcorner    10.708333333333
cellsize     0.008333333333
NODATA_value  nan
[rows 210 to 251 of 518, columns 94 to 187 of 683]
nan 340 337 330 321 319 315 312 314 317 320 309 308 311 312 311 306 303 296 305 317 324 328 328 323 318 303 296 304 300 296 286 295 296 286 295 310 320 315 314 319 322 314 296 295 291 284 282 277 282 291 292 295 299 303 307 300 300 301 303 298 295 299 301 303 306 315 312 306 294 284 288 284 279 278 275 273 277 276 282 292 295 295 289 294 295 291 293 293 288 280 268 261 260
342 340 337 329 328 325 322 322 321 318 324 320 320 319 314 310 312 317 303 301 312 316 318 331 325 312 297 300 307 307 303 302 303 296 283 293 310 321 324 322 327 326 313 299 305 304 301 296 287 282 284 282 287 290 296 301 299 290 291 293 296 295 299 301 304 307 314 312 304 295 287 283 279 276 274 274 273 273 279 286 288 288 289 289 285 286 283 286 281 280 276 268 262 265
345 343 339 335 329 321 322 328 329 322 328 329 325 316 310 312 317 325 316 304 302 307 323 333 327 315 306 307 312 315 315 307 300 292 283 301 313 320 329 329 331 320 309 312 317 308 310 305 297 284 279 280 284 279 280 291 300 297 294 293 298 299 299 302 305 305 309 313 307 304 294 284 288 281 277 273 272 272 276 279 281 280 281 281 275 277 276 277 273 276 274 272 270 269
344 341 340 335 329 323 323 330 333 329 329 331 327 322 316 315 322 327 322 311 307 314 324 332 333 328 317 306 308 319 314 300 289 283 290 304 314 320 324 331 331 316 315 324 318 318 314 306 299 292 289 286 277 277 277 290 293 296 296 296 299 299 301 305 306 306 306 311 311 310 302 288 290 288 282 277 272 271 271 272 272 271 271 272 269 272 281 287 288 286 283 278 277 277
344 344 340 334 327 323 327 330 334 332 333 334 331 329 327 326 329 329 323 316 316 326 331 335 335 322 314 304 312 321 313 297 287 287 294 310 320 327 329 334 334 320 321 328 324 318 312 311 306 308 302 298 283 282 280 280 284 289 295 298 301 301 301 304 305 306 306 306 309 311 303 298 298 290 285 282 275 272 272 272 270 269 269 270 269 270 277 290 295 293 290 287 282 283
346 344 339 335 334 334 337 335 337 332 335 333 333 335 333 334 333 327 331 328 321 329 335 337 334 325 322 315 320 321 311 299 296 300 293 306 320 328 334 338 337 333 330 331 323 315 312 318 312 315 313 307 298 288 277 277 282 289 293 297 302 303 302 303 303 306 307 308 311 308 305 303 301 295 289 281 278 277 276 273 270 269 274 277 276 274 281 289 299 295 294 294 286 287
346 343 341 341 333 331 334 340 341 335 339 333 332 336 338 336 336 334 333 337 331 333 334 338 333 331 331 330 325 316 311 305 312 308 301 309 321 323 336 340 336 332 328 332 327 322 316 320 318 314 306 306 303 292 283 280 282 287 294 297 302 304 302 303 303 304 308 310 309 305 299 293 294 294 291 284 284 282 277 274 272 271 277 284 282 280 281 292 297 301 300 293 288 285
344 342 342 342 342 335 330 331 341 342 339 333 332 338 334 330 329 335 336 338 339 338 336 341 335 336 336 332 321 313 307 313 324 310 313 324 334 334 339 341 340 335 331 335 333 328 324 322 320 318 311 304 294 289 286 288 289 290 295 298 302 304 303 303 303 304 306 310 308 303 296 292 284 283 286 287 284 285 280 278 279 276 281 287 288 282 286 289 292 301 303 295 291 292
344 343 345 344 345 344 340 336 335 344 339 332 335 342 340 335 333 330 335 339 341 340 341 342 341 339 337 336 329 324 318 316 330 323 326 336 340 340 341 341 340 334 327 335 335 332 328 322 320 324 319 307 295 286 287 291 292 294 295 301 304 306 305 306 306 307 307 309 306 302 295 289 282 280 280 280 280 283 280 279 281 279 286 291 291 289 291 294 297 303 303 299 297 299
345 345 343 342 345 345 346 345 341 343 342 340 341 344 337 331 333 327 328 337 342 341 342 342 342 338 338 337 333 333 328 325 326 335 335 342 343 342 342 342 340 336 336 337 335 331 331 328 322 325 319 312 301 292 290 293 295 296 293 298 303 306 307 308 308 308 307 309 307 302 296 288 282 280 280 279 279 279 280 279 284 285 289 295 296 294 296 298 301 306 305 304 302 294
346 342 340 343 344 342 344 347 349 348 341 340 346 335 328 323 328 323 327 335 341 344 342 342 341 340 341 338 336 336 338 340 335 339 343 344 344 344 343 343 341 340 339 335 332 328 323 324 325 324 315 308 294 288 290 293 298 295 294 298 302 302 304 308 309 309 310 310 307 301 295 287 283 281 281 280 279 277 278 281 288 293 294 298 300 297 300 304 305 308 307 303 297 291
347 344 344 344 343 342 341 346 349 348 350 348 348 336 330 324 325 321 329 335 340 340 340 342 341 340 341 341 338 339 343 342 339 335 343 344 344 344 343 343 340 338 337 336 332 324 315 314 316 325 316 306 291 282 283 289 295 299 297 297 301 303 303 307 309 310 309 309 307 300 293 285 284 284 283 283 280 278 280 283 285 290 294 299 303 298 303 307 309 310 307 301 294 291
351 342 349 350 341 340 339 341 349 351 352 352 352 348 343 340 339 334 337 341 341 335 337 340 341 340 342 341 338 342 344 336 327 336 343 343 341 342 341 341 335 327 334 334 330 326 321 312 311 322 316 303 299 291 286 287 294 299 296 295 301 304 306 308 309 309 307 308 306 302 294 284 284 285 286 284 283 281 282 283 285 286 290 298 304 301 304 308 311 310 304 297 295 296
351 345 348 351 344 346 347 342 346 350 351 352 354 352 351 348 347 342 343 344 334 329 332 334 340 343 342 344 343 344 344 341 337 341 343 343 342 339 336 336 326 323 330 332 328 322 318 310 301 313 317 312 307 300 286 284 292 297 295 298 303 306 308 309 309 306 307 309 308 303 294 288 284 283 289 290 287 284 283 284 288 292 294 298 306 303 302 305 312 310 303 298 298 304
353 350 353 350 346 351 350 345 348 351 352 351 355 354 352 350 349 345 347 347 337 329 330 334 335 340 344 345 345 342 340 337 334 341 342 342 340 337 336 331 318 323 326 329 323 321 314 307 298 305 316 314 309 300 292 285 294 292 294 297 303 305 306 308 308 305 306 309 307 301 293 290 290 286 291 293 287 285 286 286 287 291 293 297 300 307 306 308 312 309 304 305 306 308
353 357 356 354 353 353 351 346 351 354 354 355 356 355 354 354 352 349 348 346 341 334 339 336 341 345 345 342 340 342 341 339 337 339 341 339 338 331 331 326 320 325 325 320 317 313 311 305 291 303 313 309 302 300 296 285 288 287 289 291 299 302 302 305 308 308 308 309 307 302 294 288 292 289 290 297 294 293 288 283 283 289 292 297 302 306 306 310 311 307 307 313 312 312
357 358 357 356 356 355 352 351 355 356 356 356 356 356 355 354 353 352 351 343 344 342 340 338 348 345 342 338 338 340 342 337 336 339 339 334 331 326 320 316 318 315 318 310 304 307 306 296 281 298 307 303 300 289 284 286 286 285 283 286 294 295 299 303 307 309 309 309 309 306 298 295 293 291 290 295 297 297 292 283 284 287 292 297 302 308 303 312 308 304 310 316 317 313
358 359 358 358 357 353 349 354 356 357 356 356 356 356 355 355 354 353 352 344 345 344 343 344 348 348 346 345 345 342 340 328 328 334 330 325 320 320 311 306 308 308 309 304 292 299 296 285 281 298 297 288 287 282 280 283 284 279 277 285 289 295 299 303 307 309 309 309 309 307 302 298 294 290 297 297 300 299 300 292 295 293 296 302 308 307 305 309 308 303 312 317 318 316
360 359 359 359 358 357 353 355 357 356 356 356 355 355 355 354 354 354 351 349 344 344 346 351 351 352 350 347 347 344 341 329 326 327 322 312 305 307 307 302 305 306 309 305 296 292 285 279 284 289 280 275 275 275 276 278 276 271 271 280 286 294 299 302 305 307 308 308 308 307 300 295 294 293 295 293 293 290 299 303 305 305 305 307 311 311 305 311 311 305 312 317 315 312
361 360 360 360 359 357 357 358 357 352 351 354 355 355 354 354 355 355 351 352 352 346 342 349 353 351 349 347 345 346 343 335 324 324 321 311 308 307 310 308 314 314 312 306 301 294 288 282 280 275 274 281 284 281 281 275 272 267 268 279 289 294 299 303 305 307 308 308 308 306 302 299 298 298 291 282 282 285 287 291 296 303 303 304 305 311 311 312 313 313 315 317 311 307
361 361 361 361 360 359 358 358 356 354 354 355 354 354 353 353 354 354 351 354 354 353 347 350 352 352 351 349 347 347 344 337 329 335 327 319 313 313 319 319 318 318 314 307 302 294 285 293 293 286 280 289 296 297 292 276 267 265 269 281 288 291 298 303 305 307 308 308 307 303 299 298 296 292 289 282 281 285 291 296 300 296 297 297 300 302 306 304 305 310 312 311 308 309
361 362 361 361 361 360 360 359 358 355 354 354 354 353 353 354 354 356 355 355 354 352 354 352 349 350 351 349 347 347 343 339 339 337 326 319 317 319 326 330 326 315 313 309 302 296 285 295 301 296 285 294 303 298 284 276 270 265 275 285 289 292 297 303 305 307 308 308 306 302 298 297 293 285 282 285 284 286 288 292 291 290 294 299 303 306 304 305 304 305 305 301 304 310
362 362 362 361 361 361 361 360 358 356 354 353 355 355 353 354 356 355 357 357 355 351 351 348 344 347 349 348 348 344 344 341 337 334 321 314 318 322 324 332 325 314 312 310 304 298 287 297 307 304 300 300 308 300 291 288 283 272 277 284 293 296 295 300 304 306 307 307 302 300 295 292 289 289 292 297 292 291 294 290 284 283 290 296 302 310 310 312 310 308 305 298 300 302
362 362 362 361 361 361 360 359 358 358 357 356 356 356 357 355 357 354 351 354 355 352 352 350 346 341 342 339 342 345 344 338 332 335 325 317 320 326 330 331 325 316 314 308 306 306 298 295 309 312 312 311 311 302 298 299 294 287 285 291 294 295 298 301 304 305 306 306 300 297 292 291 295 294 301 306 305 304 307 297 282 283 291 295 304 307 312 315 316 313 306 300 301 302
362 362 362 361 361 360 360 359 359 359 358 357 357 357 357 357 356 355 354 352 354 351 348 350 350 347 341 336 331 333 337 338 336 338 334 329 332 331 334 334 328 323 318 315 312 311 308 297 302 313 318 318 311 310 306 298 293 288 288 291 287 286 298 302 303 304 305 305 301 294 289 296 303 305 308 310 312 314 313 300 295 291 303 297 292 302 305 309 319 316 306 301 300 301
362 362 362 362 361 361 360 359 360 359 359 358 358 358 358 357 357 356 353 349 351 353 347 345 347 348 344 336 327 329 328 330 338 340 339 338 338 338 338 337 333 330 321 318 317 316 312 309 311 315 320 320 306 298 298 292 281 277 277 283 287 293 299 302 302 303 304 304 301 296 289 296 301 305 304 301 307 313 314 307 308 305 309 304 293 297 300 307 315 317 304 303 301 302
362 362 362 361 361 360 358 360 358 359 359 359 358 357 355 355 355 355 354 351 351 351 349 343 343 346 346 341 334 337 337 337 340 341 341 340 340 339 339 338 336 327 317 315 315 316 315 316 317 322 322 323 311 297 293 287 287 284 274 278 289 294 297 299 299 302 302 301 299 296 292 290 296 302 302 298 300 308 315 317 313 316 307 300 303 305 305 310 320 316 306 313 305 306
362 362 361 361 361 361 360 361 356 357 358 356 356 356 355 355 355 355 354 353 352 352 348 344 339 340 340 344 340 340 335 338 340 341 341 341 340 339 339 335 333 328 324 311 312 318 318 318 318 324 326 324 316 310 303 299 300 291 282 282 287 294 296 299 299 301 300 294 293 294 294 291 288 292 291 293 298 303 310 313 319 319 306 308 314 318 317 319 324 320 318 316 314 316
362 362 361 361 360 360 361 360 360 358 357 357 358 356 356 357 356 355 353 351 346 345 350 346 345 344 341 344 341 338 334 333 339 340 337 339 339 338 335 330 330 334 330 316 308 317 320 318 318 323 328 324 321 318 315 312 306 302 287 284 290 292 295 296 295 297 297 294 291 293 293 289 283 281 285 292 298 300 305 312 317 321 316 307 319 323 322 326 326 323 325 324 322 322
362 362 361 360 360 360 361 360 359 359 359 359 358 357 357 356 354 355 353 352 347 340 342 344 340 342 344 340 339 329 330 332 336 336 331 336 337 341 341 336 335 336 331 316 312 319 322 319 322 327 328 324 319 318 320 318 315 307 295 284 286 288 288 290 286 293 294 291 291 291 292 292 286 276 284 294 301 306 303 306 312 317 321 315 324 326 328 328 328 329 329 328 326 326
362 362 362 361 361 361 360 360 360 359 359 358 357 358 358 357 354 356 355 353 352 350 347 344 340 334 338 338 339 336 337 336 335 335 334 337 339 342 342 342 340 329 329 316 314 320 324 321 325 328 329 326 322 318 320 321 319 310 298 289 284 286 284 282 284 289 292 291 288 291 294 294 286 279 287 296 303 312 310 309 314 318 324 322 328 328 326 326 324 322 323 329 329 329
362 361 361 359 360 359 359 359 359 359 358 358 357 357 358 358 358 357 357 356 355 354 353 351 349 344 342 344 342 341 339 336 336 333 336 337 340 341 339 343 340 332 321 318 320 317 326 328 327 328 329 325 327 320 320 320 318 315 305 295 282 282 278 276 279 285 287 290 287 289 294 296 290 293 298 305 309 312 310 313 321 325 326 326 325 328 325 324 318 313 318 328 331 329
362 361 361 358 359 358 358 358 357 359 358 357 359 359 358 358 358 358 358 357 356 356 354 354 351 349 348 345 336 340 343 339 337 338 336 341 344 345 344 344 342 338 327 324 329 323 324 331 331 328 332 331 330 327 321 310 309 310 303 287 277 277 271 272 274 278 282 289 286 287 294 297 298 300 307 308 314 315 315 315 321 325 323 319 321 326 328 323 314 308 317 326 332 330
362 361 361 360 358 357 357 358 358 358 358 358 359 359 359 359 359 358 358 357 354 354 353 350 353 352 349 344 338 341 346 342 340 345 346 347 342 342 344 345 342 340 336 333 330 330 324 330 333 330 332 328 328 328 323 310 308 305 298 281 278 278 268 267 270 273 281 286 283 286 292 295 296 299 298 304 307 308 315 320 322 321 325 320 320 325 327 325 317 313 317 327 332 331
361 361 359 360 360 357 359 359 359 358 359 358 359 360 359 359 359 358 357 356 354 354 349 341 351 352 346 341 338 340 347 346 345 350 349 341 335 334 338 344 344 342 340 336 332 333 330 331 332 331 333 329 328 329 323 313 311 305 300 286 291 282 273 272 265 270 278 282 279 283 290 292 289 290 291 294 300 304 310 311 321 325 318 311 316 323 325 324 320 319 315 320 328 327
362 361 360 361 360 359 360 360 359 359 359 359 359 360 360 359 359 358 357 356 355 354 351 345 349 352 352 347 341 343 349 350 351 350 348 342 332 329 335 344 345 343 340 337 335 334 334 333 330 331 333 329 327 328 326 315 310 308 308 302 303 291 283 277 266 269 271 275 277 279 283 285 286 292 292 289 297 303 302 306 317 320 305 307 313 320 324 323 321 318 314 318 323 325
362 361 361 361 361 360 360 360 360 360 360 360 360 360 359 359 358 357 357 355 352 354 353 350 348 352 352 352 348 348 351 351 351 350 349 343 335 333 336 344 346 342 337 326 328 330 332 326 326 331 331 324 324 326 326 317 312 313 313 309 301 295 286 274 270 271 272 271 275 285 288 287 288 295 297 295 302 310 308 313 321 315 301 304 309 319 325 324 323 319 315 320 322 326
362 361 362 361 361 361 360 360 360 360 360 360 360 359 358 358 358 357 356 355 353 351 350 352 348 348 351 353 352 351 351 352 352 352 351 347 341 336 342 346 343 336 334 323 322 328 328 322 327 331 331 327 325 324 325 317 314 315 314 311 304 295 286 274 272 273 273 272 273 279 289 296 297 299 306 307 313 313 315 319 316 321 316 307 305 317 326 328 328 324 323 325 323 328
362 362 362 361 361 361 360 360 360 360 360 360 360 359 359 357 357 356 355 353 351 352 349 351 350 346 343 347 351 348 348 351 352 353 352 350 347 342 346 348 344 329 329 328 331 334 332 327 326 328 330 331 330 325 324 318 311 311 314 313 309 303 289 282 282 282 279 274 274 278 287 293 294 305 310 308 301 293 302 304 302 317 321 311 301 317 325 329 328 333 331 324 324 330
362 361 361 361 361 361 360 360 360 360 360 359 359 359 358 357 355 352 353 352 347 351 350 350 350 345 340 345 351 347 347 349 351 353 353 352 350 347 348 349 347 336 338 338 336 334 330 326 317 320 325 329 330 329 326 323 313 306 313 316 307 296 288 288 295 292 291 281 278 280 290 288 286 294 300 295 288 288 292 292 295 303 321 323 313 322 330 331 329 333 326 321 323 331
361 361 361 361 361 360 360 360 360 360 359 360 359 359 358 358 356 354 354 352 351 352 353 350 349 348 347 348 350 348 348 348 351 353 353 352 350 348 349 350 349 345 344 336 331 328 327 322 313 309 318 326 329 328 325 321 306 304 311 319 310 297 295 300 305 300 298 291 284 286 289 281 278 284 289 286 285 288 289 296 302 308 324 331 331 330 334 334 330 334 328 321 332 333
360 360 360 360 360 360 360 360 360 360 360 360 359 359 359 358 356 355 356 355 353 353 354 353 350 350 347 348 348 348 348 348 351 353 353 353 352 352 351 351 349 346 343 336 330 334 333 326 319 310 312 321 326 327 325 316 300 306 315 320 315 307 308 314 315 308 295 292 287 282 282 277 277 280 280 279 283 287 295 306 312 321 326 330 334 335 336 336 332 336 332 324 331 334
