ecocropFuture/tif/c6/rcp585/ACCESS-CM2/tmax_12.asc
ncols        683
nrows        518
xllcorner    -87.691666666667
yllcorner    10.708333333333
cellsize     0.008333333333
NODATA_value  nan
[rows 210 to 251 of 518, columns 188 to 281 of 683]
222 228 233 238 246 250 253 254 257 258 258 259 260 260 257 258 260 257 253 247 247 250 254 256 256 257 257 257 256 255 256 256 253 250 250 247 248 250 256 260 263 265 268 269 259 263 264 259 253 240 228 221 217 220 231 237 246 255 254 258 262 264 264 264 268 274 274 272 271 276 276 275 275 278 280 281 278 279 284 289 290 288 292 287 287 286 288 290 289 287 284 277 278 285
231 228 231 238 242 248 249 250 254 255 256 256 258 256 251 256 256 254 251 245 246 251 255 255 256 258 258 258 258 257 259 257 256 252 249 249 249 248 253 259 262 260 263 269 269 267 265 260 251 235 227 229 227 225 224 231 243 253 257 265 268 269 267 270 273 275 275 275 275 276 278 278 272 273 273 283 281 281 285 291 293 293 295 293 291 290 291 291 291 288 285 280 282 287
239 233 234 236 235 241 242 245 249 252 252 253 256 255 254 255 255 255 256 253 253 255 256 257 258 259 259 259 259 260 260 259 257 254 250 249 249 250 250 253 257 262 264 264 266 269 266 261 256 246 239 233 222 219 220 229 242 246 254 265 271 270 265 267 269 270 272 275 276 276 276 277 278 271 270 281 285 283 286 288 290 291 290 290 295 293 293 290 288 286 286 284 287 284
243 241 241 240 236 235 236 238 240 243 244 249 252 252 255 257 257 257 258 257 257 257 258 258 258 259 259 258 258 258 258 259 258 254 252 249 251 250 248 248 250 256 262 263 264 267 265 261 257 251 246 243 235 217 226 232 247 257 257 266 272 268 264 263 259 265 270 274 275 275 275 275 279 279 273 277 285 286 286 285 288 288 287 285 291 294 295 291 290 288 286 287 290 288
245 248 246 246 241 239 239 240 239 238 239 245 250 254 255 257 257 256 256 257 258 258 259 259 258 258 259 257 257 255 254 256 259 257 251 250 253 252 251 251 247 249 255 260 262 262 260 260 255 252 250 247 244 234 242 240 241 257 266 271 274 271 268 262 258 266 272 275 274 272 273 272 278 284 281 278 283 287 290 287 289 291 293 293 287 290 296 294 291 289 286 288 290 289
254 253 249 248 244 244 242 241 240 239 241 243 246 252 256 256 253 254 252 255 257 257 257 259 259 259 258 257 256 254 252 254 259 256 251 252 254 255 254 252 249 246 247 250 259 260 259 261 261 257 256 253 250 248 250 255 250 259 267 271 275 274 270 264 260 268 272 275 274 270 270 271 281 283 284 285 284 286 289 291 292 293 294 295 292 293 295 296 291 291 286 288 292 290
253 256 252 248 246 242 239 240 242 241 241 243 247 249 255 252 248 254 256 256 254 256 258 259 259 257 256 255 254 253 254 255 259 256 255 253 256 255 254 252 249 248 248 250 255 261 260 261 261 262 261 259 257 255 256 261 261 262 266 269 273 276 276 268 267 266 267 273 273 265 264 273 281 277 275 282 283 283 283 286 287 288 288 293 295 294 294 295 295 294 291 291 292 294
257 258 252 248 245 240 237 239 243 244 244 248 250 255 254 254 253 256 258 258 258 258 259 259 258 255 251 253 250 251 254 255 256 260 257 256 255 255 254 252 251 250 248 249 252 261 261 262 261 263 265 264 261 260 263 265 265 267 269 272 275 275 278 274 273 267 266 270 271 266 270 277 275 272 275 278 281 278 275 281 285 289 291 292 295 295 295 295 295 296 295 294 295 296
262 260 251 251 247 243 242 241 246 249 250 254 255 256 253 257 257 258 259 259 259 259 259 258 258 255 251 248 246 244 250 256 260 257 256 257 256 253 254 252 250 248 245 249 252 257 264 262 264 268 267 267 264 264 265 269 267 268 267 275 278 278 279 277 275 272 268 265 268 266 269 276 268 265 262 266 273 275 276 277 283 286 291 294 295 295 295 295 293 295 296 296 297 295
263 260 253 252 251 248 246 247 252 251 252 253 257 258 256 258 258 258 258 258 259 259 259 258 258 256 254 251 250 249 253 256 263 261 258 256 255 253 251 252 250 248 245 248 250 254 263 265 262 272 271 270 271 274 274 271 272 270 267 269 277 280 279 277 275 271 263 262 266 271 273 273 269 264 256 258 262 266 272 277 281 286 288 293 293 294 294 294 293 292 295 296 293 291
261 261 258 258 255 252 252 252 255 253 255 257 258 258 258 257 257 258 258 257 258 259 258 258 258 257 256 255 254 254 254 255 259 265 263 257 253 252 250 249 248 244 246 250 251 255 260 266 267 270 279 275 278 281 279 273 275 273 272 269 271 277 281 278 271 265 261 263 268 270 275 270 266 264 256 250 251 256 262 274 282 286 288 291 292 290 292 293 293 292 294 294 294 294
262 259 256 256 258 257 256 257 255 249 251 255 258 257 256 256 257 257 258 257 257 258 258 258 258 257 256 255 255 254 253 254 255 257 265 263 256 252 250 248 243 241 245 252 259 262 260 264 268 268 274 283 284 286 281 272 273 274 275 275 272 276 282 280 274 267 266 268 270 271 275 273 270 264 257 245 244 249 259 270 282 284 286 287 287 290 291 292 291 291 292 292 294 296
265 258 252 251 256 257 258 258 253 251 252 254 256 257 256 256 256 257 257 257 256 257 258 257 255 255 254 253 251 251 249 248 251 255 262 267 261 252 250 246 248 247 245 253 261 265 262 263 266 272 271 280 287 286 279 270 269 271 276 277 279 281 282 281 275 268 268 276 275 277 279 276 272 268 259 247 252 251 258 269 276 288 288 285 287 290 293 292 290 289 291 293 295 295
272 265 261 256 256 254 255 260 256 255 257 256 257 259 258 257 257 257 257 256 254 256 256 257 250 248 247 245 244 244 243 240 245 253 259 267 262 252 247 246 258 255 252 254 260 264 265 265 267 274 275 279 288 287 281 275 271 273 270 277 283 281 282 283 277 270 271 277 277 280 280 274 267 266 264 256 260 259 265 274 280 288 291 290 291 293 294 295 292 289 293 294 296 295
274 271 267 265 258 256 259 261 262 259 260 260 260 259 257 257 257 257 257 255 252 254 256 256 252 248 241 235 231 233 231 233 239 252 258 263 268 262 253 258 269 262 254 254 259 266 269 270 273 275 280 281 286 288 283 276 270 270 274 276 282 281 279 282 280 276 278 281 283 283 278 269 265 269 272 268 269 269 271 277 282 288 291 292 287 287 287 292 295 295 294 296 296 296
278 276 272 272 263 254 255 260 262 262 262 261 260 258 257 257 257 257 257 253 247 250 254 255 253 251 245 242 239 232 227 226 240 250 257 262 266 270 260 267 274 268 260 255 260 269 271 272 277 278 282 284 289 290 285 280 272 263 269 277 283 286 283 281 281 280 283 279 278 284 279 270 263 268 274 276 274 272 275 276 280 287 291 293 289 286 286 288 294 296 296 295 294 296
280 280 278 276 265 252 251 256 259 262 261 261 260 258 257 257 257 257 256 247 243 244 249 253 253 246 240 234 233 235 233 228 232 245 254 261 267 272 269 274 278 276 271 263 264 272 272 274 279 283 285 287 289 289 288 283 273 261 259 271 280 283 288 288 287 283 281 275 276 285 279 270 267 267 274 278 280 281 280 282 284 285 290 293 291 286 288 293 296 295 295 296 297 294
282 282 281 274 265 255 253 255 257 261 261 259 257 257 254 255 253 256 251 240 238 242 246 251 250 249 241 233 229 226 229 229 238 248 253 263 268 271 268 272 279 281 279 272 269 277 276 276 278 283 287 290 290 290 287 282 275 269 260 265 275 283 285 283 288 285 276 275 275 283 283 278 276 275 275 280 281 286 285 284 286 283 287 293 294 292 290 293 297 297 295 294 294 292
285 285 282 279 271 262 261 258 259 261 260 259 253 253 253 252 246 253 245 232 237 237 244 246 244 250 242 237 230 223 225 233 246 247 253 264 267 268 266 268 273 278 281 278 278 281 278 276 277 281 286 288 292 289 288 284 278 276 268 260 271 277 275 281 286 289 283 277 278 281 285 286 281 280 279 283 279 283 290 291 288 288 287 291 295 292 293 296 296 296 293 291 286 288
282 284 285 281 274 272 269 268 267 265 260 257 249 248 252 243 244 247 233 233 232 238 242 243 245 250 247 239 234 229 229 228 241 249 254 258 263 263 263 265 270 274 277 280 284 282 278 281 277 277 287 289 290 290 292 287 286 284 276 264 274 284 281 284 288 290 288 286 284 284 283 288 285 279 280 281 287 286 288 294 292 291 289 289 295 294 294 295 295 295 292 286 281 282
283 283 284 286 283 280 276 278 278 273 264 258 251 245 256 252 242 240 226 231 232 237 238 239 245 244 249 244 240 234 232 228 229 234 240 250 256 259 265 269 272 274 280 284 286 284 281 283 276 276 282 290 291 289 291 285 289 288 280 268 273 286 289 288 289 290 290 292 289 285 287 289 285 283 281 283 285 289 291 295 295 294 292 291 293 296 295 296 294 292 293 288 278 272
278 276 281 284 286 286 283 281 276 269 260 255 247 247 257 254 240 233 228 231 236 235 234 240 239 239 248 243 240 239 237 234 234 234 238 240 249 254 266 272 276 279 279 283 289 286 284 279 280 279 283 291 294 289 293 286 289 286 279 276 270 277 289 292 291 291 289 293 293 288 292 294 291 292 291 288 290 292 295 295 296 297 295 293 293 294 296 296 294 290 290 289 279 272
273 272 273 277 284 286 283 276 272 266 261 257 249 246 256 255 245 234 228 232 231 230 236 236 236 239 241 247 245 242 241 239 238 239 238 240 251 258 264 271 278 282 284 286 289 286 285 282 283 285 285 293 294 294 294 294 290 286 286 283 271 271 277 289 293 294 293 293 294 295 293 294 294 288 293 294 294 295 291 290 292 293 296 296 296 295 294 296 293 288 284 288 278 269
273 273 273 277 282 281 288 278 266 264 260 251 244 243 254 253 245 228 221 228 228 229 233 231 237 242 244 248 245 244 239 237 237 239 238 241 254 264 267 268 277 279 284 287 291 290 287 287 283 287 289 294 293 292 291 293 293 291 289 282 276 279 279 287 292 292 284 279 282 290 292 292 292 284 284 289 294 292 285 288 291 292 293 295 293 293 290 295 292 291 287 284 279 268
273 275 283 280 284 288 289 282 274 274 268 259 246 240 252 253 244 225 224 228 225 226 228 229 237 241 244 247 245 246 242 240 239 240 240 239 251 263 270 274 277 282 285 288 290 291 292 291 291 292 291 285 290 283 282 292 295 294 290 287 285 287 290 292 292 290 282 274 278 287 291 290 289 288 288 290 292 294 288 285 291 289 291 294 293 291 288 292 294 294 291 288 286 275
275 277 285 291 290 288 290 285 282 276 271 260 248 245 252 252 244 230 225 225 227 226 227 231 238 241 237 244 240 241 238 236 239 237 242 244 248 259 270 274 277 282 285 288 291 293 291 287 289 288 290 285 286 280 280 287 291 294 294 294 294 293 292 287 286 290 283 276 278 286 291 291 289 287 289 293 293 294 290 287 288 287 291 293 290 289 284 284 285 291 294 292 289 282
284 288 283 292 293 291 290 287 285 280 275 267 254 248 248 248 238 230 223 224 226 227 230 233 237 237 236 241 240 240 233 233 235 234 245 252 253 260 269 279 283 282 285 291 293 294 287 287 288 285 286 287 285 281 279 288 289 291 291 293 292 290 285 282 288 289 288 281 283 289 292 290 292 291 289 292 294 290 282 280 283 289 289 285 287 285 280 274 284 292 287 292 292 286
292 293 293 295 295 293 290 283 284 281 278 273 268 261 252 242 231 228 225 223 225 226 228 230 230 234 234 238 239 238 232 231 232 238 250 260 262 261 267 275 283 288 292 292 288 292 287 280 277 273 279 287 286 283 282 286 286 280 282 287 286 288 281 285 281 279 284 278 276 286 291 290 289 292 291 291 293 289 286 281 283 288 285 279 281 281 281 278 288 285 281 281 290 290
296 295 295 295 294 293 291 286 280 272 268 274 271 267 259 244 233 240 239 234 225 222 227 229 230 234 235 236 238 232 232 234 236 240 248 259 269 265 269 270 276 286 290 286 282 289 288 282 274 268 271 283 284 281 279 279 282 278 280 280 282 288 281 278 272 270 273 273 268 276 283 286 288 290 293 293 293 292 291 288 284 283 281 281 282 283 283 287 288 282 283 283 286 292
293 291 292 292 287 285 289 287 284 276 265 262 268 260 260 253 249 253 253 251 241 234 231 228 231 234 235 236 237 234 241 247 248 249 250 257 269 273 270 279 282 288 282 278 277 281 289 280 270 263 265 278 276 275 271 272 277 277 278 281 285 283 279 274 274 274 274 271 273 273 277 278 286 291 293 292 292 290 290 289 286 278 278 282 284 283 280 286 284 282 285 286 283 288
297 296 295 292 285 279 288 288 284 276 264 256 258 251 258 262 263 263 258 255 256 251 247 239 230 231 230 235 236 245 251 256 254 254 254 262 272 278 272 278 286 285 279 275 280 285 284 275 270 261 264 269 262 266 259 262 270 277 281 283 282 279 280 279 278 277 274 276 279 276 272 272 284 291 290 290 290 289 286 287 286 279 280 281 283 282 281 283 283 283 285 286 278 280
296 296 297 295 289 281 287 286 281 277 266 255 254 256 258 260 266 262 251 253 261 259 253 243 229 225 227 230 240 253 261 261 260 262 260 265 273 282 279 283 286 282 278 272 277 283 278 268 266 262 260 263 254 251 248 252 263 275 279 276 277 281 281 280 278 279 275 278 278 282 280 275 287 291 289 286 285 287 284 282 284 281 281 281 283 283 281 281 286 285 286 285 280 281
298 297 298 298 293 286 286 286 282 278 270 263 258 262 266 268 270 267 262 263 265 260 254 246 232 229 231 230 237 253 263 269 269 270 269 271 277 284 284 286 286 284 279 274 271 278 273 269 265 258 253 250 247 246 246 253 261 267 274 274 275 279 281 282 283 281 275 279 281 281 283 287 290 288 289 287 281 281 279 276 278 282 282 284 285 286 286 285 286 285 286 284 280 284
301 297 299 299 297 293 291 286 277 270 265 265 258 261 269 267 271 273 271 269 265 258 253 246 240 243 243 240 245 258 265 270 272 273 273 275 280 283 279 279 279 283 280 275 270 272 273 268 264 259 253 248 248 248 248 257 267 270 273 276 278 280 280 280 282 283 281 282 283 279 280 288 285 282 285 280 275 276 277 279 279 280 283 284 282 284 284 287 288 287 286 285 285 289
298 300 299 299 298 296 291 281 275 263 267 269 262 260 262 258 267 275 270 263 259 253 247 237 244 252 252 247 244 251 260 265 269 271 274 275 276 278 274 273 277 281 280 275 270 266 265 270 267 260 253 252 248 249 249 254 264 269 273 274 276 275 275 277 280 282 282 282 279 275 284 284 281 276 275 276 276 277 277 278 277 279 282 282 283 282 282 282 287 288 289 289 290 291
297 299 297 294 295 294 283 277 272 271 273 274 268 267 257 261 266 271 277 270 265 258 253 249 252 260 258 251 246 245 248 255 262 270 271 269 270 271 273 270 272 272 273 269 268 264 264 268 263 256 254 253 250 250 249 250 257 262 268 267 270 270 266 271 276 278 279 277 276 280 285 280 273 270 268 272 276 277 277 277 277 279 278 280 279 280 277 280 282 288 289 290 290 290
298 301 299 293 291 290 279 270 273 278 279 271 272 276 267 254 256 272 280 278 271 263 259 261 259 264 264 255 257 258 254 252 258 269 268 268 268 270 269 270 269 266 265 265 260 258 259 263 261 255 254 254 252 254 253 251 250 254 258 258 258 261 260 268 272 276 278 279 279 281 283 277 273 272 272 269 272 272 274 274 274 277 272 271 276 274 274 280 283 287 289 286 287 286
300 303 300 297 295 295 287 277 278 284 282 280 280 284 278 267 264 271 281 282 277 269 268 268 267 269 267 255 257 266 264 258 260 264 264 261 265 264 262 268 265 261 256 256 254 251 254 252 249 249 252 255 255 255 257 254 254 259 260 256 251 256 260 274 276 279 281 282 283 283 281 275 274 274 271 267 267 265 266 269 269 272 269 262 270 270 275 278 283 287 284 285 282 283
304 302 297 297 300 300 293 286 286 285 285 283 284 286 285 279 271 275 285 287 282 276 273 274 271 274 269 263 263 268 269 265 256 256 256 256 259 258 259 265 261 258 254 253 255 259 256 255 249 246 250 253 254 255 259 261 266 269 270 265 261 262 268 276 279 280 279 280 282 281 279 277 276 275 273 268 263 260 262 263 262 263 264 258 263 264 275 281 284 286 285 282 279 280
304 300 297 301 302 302 296 291 287 286 286 283 280 284 288 282 283 283 285 288 285 274 272 277 273 276 271 269 266 271 271 269 262 261 265 264 265 258 257 263 257 254 251 250 252 256 264 264 259 258 255 256 253 251 253 254 263 270 275 274 270 269 269 274 276 278 278 274 275 280 281 280 278 276 271 265 259 251 247 250 245 245 252 252 257 266 277 278 283 282 281 281 276 281
299 296 297 302 304 304 300 292 288 289 287 285 282 285 290 280 284 288 287 288 284 278 272 276 278 277 274 273 271 271 270 269 268 270 274 271 273 264 260 258 254 251 248 246 245 255 265 270 269 263 260 260 254 251 253 255 259 261 274 279 275 276 277 274 275 276 275 275 279 281 281 280 278 275 265 255 250 248 250 245 239 239 243 242 258 272 278 277 280 279 277 276 279 283
304 299 300 304 304 304 300 293 292 286 287 287 285 286 291 286 288 289 288 289 285 280 272 274 278 276 271 269 268 267 266 273 274 277 277 277 271 264 260 253 250 250 245 244 251 259 268 269 271 259 261 264 258 257 259 260 257 261 274 282 281 283 284 280 272 267 274 277 280 282 281 280 275 272 268 261 246 255 254 246 248 249 244 249 262 274 281 281 281 279 276 275 275 283
