ecocropFuture/tif/c6/rcp585/ACCESS-CM2/tmax_4.asc
ncols        683
nrows        518
xllcorner    -87.691666666667
yllcorner    10.708333333333
cellsize     0.008333333333
NODATA_value  nan
[rows 210 to 251 of 518, columns 282 to 375 of 683]
316 310 309 299 301 302 304 308 320 324 325 322 316 310 313 308 308 318 324 324 321 322 327 325 327 326 325 322 325 329 329 330 329 327 326 328 326 327 328 329 329 329 330 330 330 330 330 330 330 329 330 329 329 330 329 329 329 328 328 328 328 328 328 327 327 327 326 325 325 326 326 326 327 327 327 327 326 325 326 326 325 325 325 325 325 325 325 325 325 325 324 324 324 324
317 309 302 300 303 303 310 317 323 325 325 324 318 313 310 316 316 320 325 326 321 317 325 323 325 323 321 320 323 329 329 330 329 328 325 328 328 328 329 329 329 329 329 329 330 330 330 329 329 329 329 329 329 329 329 329 329 328 328 328 328 328 328 327 327 327 326 326 326 326 326 326 326 327 327 327 326 324 325 326 325 325 325 325 325 325 325 324 324 324 324 325 324 324
314 311 313 306 306 312 319 311 322 325 326 325 323 319 313 314 321 323 326 326 319 315 323 318 322 318 321 324 325 328 328 329 330 329 325 327 328 328 328 328 328 329 329 329 329 329 330 329 329 329 329 329 329 329 329 329 329 328 328 328 328 328 327 327 327 326 326 326 325 324 323 325 326 327 327 327 326 325 326 325 325 324 325 325 325 325 325 325 325 325 325 325 324 324
315 319 322 316 317 322 318 311 322 326 326 326 325 321 317 319 321 325 325 326 321 315 324 318 320 318 320 322 326 328 328 329 328 329 329 328 328 328 328 328 328 328 328 328 329 329 329 329 329 329 329 329 328 329 329 329 328 328 328 328 328 328 328 327 326 326 325 324 325 325 325 326 326 326 326 326 326 325 325 325 325 324 324 324 324 325 325 325 325 325 324 324 324 324
317 322 325 324 322 323 316 319 326 326 324 327 325 321 323 323 323 322 325 324 326 321 326 324 324 321 321 322 325 328 327 328 324 327 329 329 329 328 328 329 328 328 328 328 329 329 330 329 329 329 329 329 328 328 328 328 328 328 328 327 327 327 327 327 326 325 324 324 322 323 323 325 326 326 326 326 326 325 324 325 324 323 323 324 324 324 324 324 324 324 324 324 324 323
320 323 325 326 324 320 321 325 326 326 324 327 327 325 325 320 316 322 326 326 327 320 323 327 327 326 323 324 325 328 328 327 325 326 329 329 328 328 328 329 328 328 328 328 328 329 330 330 329 329 328 328 327 328 328 328 327 327 327 327 327 327 327 327 326 325 324 323 320 320 323 325 325 325 325 325 325 325 324 324 324 324 323 323 323 324 324 324 324 324 324 323 323 323
325 325 323 325 325 318 321 320 326 327 325 326 322 325 324 319 312 319 327 327 328 324 321 326 328 327 326 327 327 328 328 328 326 327 328 329 328 329 328 328 328 327 327 328 329 329 330 329 329 329 328 328 327 328 328 328 327 327 327 327 327 327 327 326 325 324 324 323 321 322 323 325 325 324 324 325 325 324 324 324 323 322 323 322 323 323 323 323 323 322 321 321 322 322
328 328 327 327 324 315 314 319 326 327 328 324 318 323 321 319 315 320 326 327 328 325 325 325 328 328 328 327 328 328 329 328 328 326 327 329 327 328 329 328 328 329 328 327 328 329 330 329 329 329 328 327 328 328 327 327 327 327 327 327 326 326 326 326 325 325 324 324 324 324 324 324 325 324 324 325 325 324 324 323 322 322 322 322 323 323 323 321 321 321 321 322 322 322
330 330 327 327 319 312 313 319 326 328 327 323 319 318 322 321 323 324 326 324 328 327 323 327 328 327 323 326 328 329 329 329 328 327 328 329 328 328 329 328 328 329 328 327 328 328 329 329 329 329 329 329 328 328 327 327 327 326 326 326 325 325 325 324 324 325 324 324 324 324 324 324 324 323 323 324 324 324 324 323 322 321 322 320 320 321 321 321 320 320 320 321 321 320
325 330 329 326 320 318 323 318 326 328 327 325 320 318 321 322 324 327 326 323 328 329 325 328 328 327 323 326 323 328 329 328 328 327 327 328 328 328 328 327 328 329 329 328 328 328 329 329 329 329 329 329 328 328 327 327 326 326 326 325 325 325 325 325 325 325 324 324 325 324 324 323 323 323 323 324 324 323 322 322 321 321 321 320 318 318 320 319 320 320 320 320 320 321
328 329 329 327 323 326 319 321 328 326 321 318 320 318 318 325 323 326 327 324 326 329 330 330 330 329 326 328 327 328 329 329 328 328 328 327 328 329 329 328 329 329 329 329 329 328 328 329 329 329 328 328 328 328 327 327 326 326 325 325 325 325 325 324 325 324 324 325 324 324 324 323 322 324 323 324 323 323 322 321 322 321 320 319 319 319 319 320 320 319 319 319 320 320
330 330 328 329 327 328 326 327 328 323 317 318 320 311 316 325 327 326 327 326 328 330 330 329 330 330 329 327 324 328 329 330 329 328 328 328 328 329 329 329 328 329 328 328 329 329 328 329 329 328 328 329 328 328 327 327 327 326 325 325 325 325 325 325 324 323 324 325 324 323 324 324 323 324 323 323 323 323 323 322 321 321 320 319 319 319 319 318 319 319 319 319 320 320
330 330 330 329 326 328 328 327 328 325 321 323 320 312 316 325 329 328 328 328 330 330 330 329 330 329 329 325 319 323 329 330 329 329 329 328 328 329 329 329 329 328 328 328 329 329 329 329 328 328 328 328 328 328 327 327 327 326 326 325 325 325 325 325 324 322 325 325 324 323 323 323 323 324 323 322 323 323 323 321 321 320 320 320 319 319 319 319 319 320 319 319 320 320
329 330 330 328 327 330 329 329 329 326 317 324 325 321 324 328 329 329 328 326 328 328 329 330 330 328 326 325 322 325 329 329 329 329 328 327 328 329 329 329 329 329 329 328 329 328 328 328 328 328 328 328 328 327 327 327 326 326 326 325 325 325 324 325 325 324 325 325 324 323 322 323 323 323 323 323 323 323 322 320 320 319 320 319 319 319 320 320 319 320 319 318 318 318
330 329 328 329 329 329 329 330 329 329 324 324 329 328 329 325 324 327 328 327 328 328 328 329 329 325 321 322 325 326 328 328 328 328 329 328 328 329 329 329 329 329 328 327 328 328 328 328 328 328 328 326 326 326 325 325 325 326 325 325 325 325 325 325 325 325 325 325 324 322 322 321 323 323 324 323 323 323 323 320 319 320 320 320 319 319 320 319 319 319 320 319 319 319
328 325 323 323 327 328 328 327 328 330 329 329 327 327 325 322 319 324 329 329 325 327 328 329 328 323 323 322 324 327 328 328 328 327 328 329 328 329 328 328 328 328 328 327 328 327 328 328 328 327 325 326 325 325 324 324 325 326 326 325 325 324 324 325 326 326 325 326 325 324 323 322 321 323 324 323 323 323 323 322 321 321 320 319 319 319 319 319 319 318 319 319 319 319
326 322 321 325 327 328 327 324 322 325 328 329 328 324 323 320 318 326 329 328 326 325 328 328 327 323 326 325 324 327 328 327 328 328 328 328 327 328 328 328 328 328 327 327 327 327 327 327 327 326 325 325 325 325 324 325 325 325 325 325 324 323 323 325 325 326 326 326 325 324 323 321 321 323 324 324 323 323 323 322 321 321 320 319 319 318 318 318 318 317 317 317 318 318
320 319 324 326 327 325 318 317 316 321 324 328 329 326 323 318 311 321 328 327 326 326 328 328 327 324 324 326 327 327 328 327 328 328 328 328 328 327 327 327 327 328 327 326 327 327 326 326 326 326 326 326 326 325 325 325 325 325 325 324 324 324 323 324 325 325 324 326 325 324 324 323 322 322 323 323 322 323 323 323 322 321 320 320 319 319 319 319 319 318 317 316 317 318
317 320 320 323 325 320 313 308 310 317 322 327 328 324 320 318 311 321 327 326 325 327 327 327 327 324 322 323 325 328 328 327 327 328 328 328 328 328 327 327 327 328 327 326 326 326 326 326 325 326 326 325 325 325 325 325 325 324 324 324 323 323 321 319 321 323 323 323 324 323 322 322 322 322 323 324 323 323 323 323 322 322 321 320 319 319 319 319 319 318 318 317 317 318
311 317 319 321 319 319 316 313 313 316 318 326 327 325 319 315 314 321 326 326 326 327 326 325 327 325 325 323 324 327 328 325 326 328 328 328 328 328 328 327 327 327 326 326 326 326 326 326 325 326 324 325 324 325 324 324 324 324 324 323 322 322 322 321 320 322 323 323 325 322 320 322 322 322 323 323 323 323 323 323 322 321 320 320 320 319 318 318 318 319 318 318 317 318
308 313 310 317 313 313 315 316 313 312 320 325 327 326 324 318 315 320 323 325 326 327 326 327 327 326 326 326 324 326 327 326 327 328 328 328 328 328 327 327 327 327 326 326 326 327 327 327 325 326 324 325 324 324 324 324 324 324 323 323 322 322 321 318 321 322 323 324 325 323 321 321 322 322 322 323 323 323 323 323 322 322 321 321 321 319 317 318 319 320 317 316 317 318
304 303 306 309 308 309 313 316 315 314 319 324 324 326 323 321 316 317 319 318 325 326 325 326 326 327 326 327 325 326 326 326 327 327 328 327 327 326 327 327 327 326 327 327 327 327 327 327 326 324 323 324 325 324 324 324 323 323 323 322 322 322 321 320 320 322 323 323 324 324 322 321 320 322 322 322 322 321 320 323 322 322 322 322 321 319 319 318 319 319 318 315 316 317
298 301 303 308 305 306 315 316 316 317 319 322 323 326 322 319 315 315 321 319 324 326 324 324 324 326 327 327 327 327 326 327 326 327 327 327 325 326 326 327 326 326 326 327 327 327 326 325 325 324 325 325 325 324 324 321 322 323 322 321 321 320 318 319 318 320 322 323 324 323 321 321 319 320 322 322 322 320 320 323 323 322 322 321 320 319 319 319 318 319 319 317 317 317
301 303 304 305 305 304 310 313 315 317 320 319 323 325 322 317 316 318 322 321 325 325 323 324 325 326 325 325 326 327 325 327 327 328 327 327 325 325 326 326 326 324 325 326 327 326 326 325 325 324 325 325 324 324 324 323 322 322 321 318 317 316 313 311 318 321 322 322 323 322 323 322 321 320 321 322 323 322 321 322 323 322 321 321 321 319 318 318 318 319 318 317 316 316
304 306 305 306 306 304 303 310 312 320 320 317 322 323 323 319 318 317 322 320 324 323 322 324 325 325 325 326 326 327 327 327 327 327 327 326 325 325 325 326 326 325 324 326 326 326 326 326 326 325 325 324 324 324 324 323 323 322 321 318 317 316 313 305 309 320 321 322 323 322 322 323 321 321 322 323 323 323 323 323 323 323 322 321 321 320 317 318 319 319 318 316 317 317
310 309 309 309 304 302 305 306 308 314 320 315 321 323 322 320 319 316 322 324 324 323 323 324 324 326 326 326 327 327 327 326 327 327 327 326 325 325 325 325 325 325 324 326 326 326 326 326 325 325 325 324 324 323 323 322 322 321 320 317 318 316 311 306 304 315 321 322 322 321 321 322 322 322 323 323 323 322 322 323 322 323 322 322 321 320 317 317 319 319 319 317 317 317
314 312 313 310 307 304 306 304 311 316 319 316 318 323 322 320 317 314 322 322 324 324 325 325 326 327 326 326 327 326 325 327 326 326 327 326 324 325 325 325 325 325 325 325 325 326 326 325 325 325 324 322 323 323 322 321 320 319 319 318 318 311 308 309 310 314 320 321 322 320 321 322 323 323 322 322 322 321 321 320 319 321 322 322 322 321 317 314 318 319 319 319 318 317
319 315 315 315 316 312 305 305 312 312 315 317 317 323 319 321 320 316 320 320 324 325 325 325 326 327 326 326 326 326 326 326 326 326 327 325 324 324 324 323 324 324 324 324 325 326 323 323 324 324 324 322 323 323 322 319 319 317 317 318 317 307 305 305 306 310 319 320 321 320 320 322 322 322 321 321 321 320 320 318 320 320 321 321 321 321 318 317 318 319 320 319 319 318
319 319 317 317 317 313 308 306 309 312 313 313 316 322 319 316 319 318 319 316 321 322 325 325 325 326 326 325 324 325 326 326 326 325 326 325 324 323 323 323 322 323 323 321 323 325 323 319 321 321 321 320 322 321 322 317 315 315 318 319 318 308 305 304 307 309 318 318 321 321 319 322 322 321 321 320 320 319 318 319 320 320 321 321 321 321 320 318 318 319 319 316 316 319
324 319 320 321 317 315 317 314 306 308 309 309 314 320 315 312 317 317 318 316 321 323 324 325 326 325 324 325 324 324 325 324 325 323 325 325 322 322 322 323 322 322 323 323 323 324 323 320 317 316 315 320 321 320 321 317 315 317 319 319 319 317 308 303 305 314 319 321 320 322 321 321 322 321 320 320 318 318 318 319 320 320 320 320 320 321 320 320 319 320 318 317 315 317
323 322 321 322 321 321 319 315 308 303 301 305 309 318 317 312 315 318 317 318 320 323 323 325 325 325 324 324 322 321 322 322 324 323 324 324 323 323 322 322 323 323 323 323 323 323 323 322 319 314 312 315 319 317 320 319 315 318 319 319 319 319 317 313 313 318 319 319 318 321 322 321 322 321 320 318 317 318 317 316 319 319 317 318 319 320 319 320 319 319 317 317 316 316
320 324 325 324 323 320 318 315 309 299 294 299 303 312 316 311 314 317 318 320 319 319 320 325 324 325 324 323 321 317 315 316 322 323 323 324 322 321 322 322 322 321 322 323 323 323 320 320 318 315 311 313 317 316 318 319 318 317 320 320 320 319 319 319 317 320 320 320 320 320 322 322 322 321 320 320 319 318 317 317 319 319 316 316 318 320 319 319 319 319 318 317 317 316
322 325 325 324 322 321 317 314 309 302 291 295 296 300 310 313 315 316 316 320 321 319 322 325 323 324 324 321 320 315 317 318 321 321 321 322 323 321 321 322 322 321 322 322 322 322 320 317 316 310 310 311 315 317 317 319 320 320 320 320 319 319 319 317 319 320 321 320 319 319 320 322 320 320 321 320 319 318 317 317 319 318 318 315 315 319 319 319 318 318 318 317 316 316
325 325 324 323 321 320 316 312 305 297 288 283 287 292 304 308 310 313 318 317 320 320 320 324 324 324 323 322 320 318 317 319 320 320 321 321 322 321 320 320 321 322 322 321 319 319 320 319 316 314 310 312 313 317 319 320 320 320 317 319 319 317 317 318 315 319 320 320 318 317 319 322 321 320 320 319 317 317 317 316 318 316 316 315 311 317 318 318 318 317 318 317 316 316
325 325 325 325 323 320 318 311 303 294 284 270 271 277 294 300 305 313 317 316 319 321 322 324 323 324 323 321 321 320 319 319 319 318 320 321 322 321 320 319 319 320 319 317 318 319 318 319 316 314 313 313 313 315 319 318 319 318 320 319 317 315 313 315 314 315 318 317 317 319 320 321 322 321 321 318 317 317 316 316 317 315 312 315 315 317 317 317 317 316 316 316 315 315
323 324 325 325 323 317 315 310 302 282 276 277 273 269 279 288 301 312 316 316 318 321 323 323 324 324 324 323 322 319 320 320 318 318 320 321 320 321 320 318 316 315 313 313 312 314 316 319 318 314 315 315 314 311 315 315 315 316 320 320 319 317 315 315 316 317 317 319 319 320 321 321 321 321 320 318 317 316 316 315 315 313 310 312 313 316 317 317 316 315 315 315 315 314
320 320 324 324 321 317 313 311 304 294 290 292 282 285 288 285 297 311 316 317 316 318 321 321 323 323 324 323 322 321 320 319 319 319 319 321 319 319 319 316 312 309 310 313 308 307 313 317 318 315 315 314 314 311 311 317 317 315 319 320 320 319 317 318 318 318 318 319 320 320 321 320 320 320 320 320 319 318 317 315 314 313 313 312 311 314 316 316 316 315 315 315 315 315
320 321 322 323 320 319 319 315 309 304 303 302 293 297 294 289 303 314 317 317 317 319 322 321 320 322 323 322 322 321 319 317 319 319 320 320 319 318 318 315 312 309 311 313 312 307 309 316 316 313 315 311 314 316 317 321 320 317 316 318 319 320 318 319 319 319 319 319 320 321 321 319 320 320 320 320 319 319 318 318 316 314 315 315 314 313 313 314 316 315 315 315 315 315
320 322 324 322 322 322 319 317 313 313 313 311 306 307 300 299 309 316 318 318 318 319 321 321 321 322 323 321 322 321 319 316 314 319 320 318 316 315 316 315 311 309 310 312 315 312 314 316 316 316 316 314 316 318 319 320 320 317 314 316 320 320 319 320 319 318 318 319 320 320 320 319 319 319 319 319 317 316 316 316 316 314 316 315 314 314 311 315 314 315 315 315 315 315
319 322 324 323 323 322 319 311 305 310 317 318 318 318 313 311 316 319 319 318 317 313 318 320 320 321 322 321 322 321 318 315 313 316 317 316 311 308 310 311 307 309 308 308 312 314 314 310 310 315 316 316 315 318 320 320 320 317 318 319 321 321 320 320 320 319 318 319 320 320 320 319 318 319 318 319 317 317 316 315 316 316 315 314 314 315 314 315 315 315 315 315 315 316
321 322 323 324 323 322 320 313 311 306 309 313 318 320 319 319 319 320 320 318 317 314 317 320 318 320 321 322 321 320 318 312 313 313 313 315 309 307 309 310 309 307 309 308 309 308 309 306 305 311 316 317 316 318 319 319 321 319 320 320 320 321 320 318 318 319 320 320 320 319 319 318 317 318 318 318 317 317 316 315 315 315 315 315 314 315 315 315 315 315 315 315 315 316
321 323 324 324 323 323 322 319 319 314 315 312 319 322 320 321 320 320 320 319 317 315 316 318 317 319 322 322 321 320 317 310 312 314 314 313 310 310 312 313 312 307 307 310 310 309 309 309 303 308 316 315 315 316 319 320 320 321 320 319 320 320 319 319 317 313 316 317 318 318 318 316 316 317 317 317 317 316 316 315 314 315 315 315 315 314 314 314 314 315 315 316 316 316
