ecocropFuture/tif/c6/rcp585/ACCESS-CM2/tmax_7.asc
ncols        683
nrows        518
xllcorner    -87.691666666667
yllcorner    10.708333333333
cellsize     0.008333333333
NODATA_value  nan
[rows 252 to 293 of 518, columns 94 to 187 of 683]
341 341 341 341 341 341 340 341 340 340 340 340 339 339 338 338 337 336 335 334 334 334 334 333 331 333 331 328 327 327 326 329 331 333 333 333 333 333 332 332 331 330 328 323 318 316 320 316 309 301 292 295 306 306 305 299 280 287 301 303 305 296 301 303 294 286 278 277 272 270 263 260 258 260 262 259 260 265 272 269 271 283 298 305 310 312 313 313 312 315 312 303 312 312
341 341 341 341 341 341 340 341 340 340 340 340 339 339 338 336 337 336 337 335 334 335 335 334 333 334 332 331 328 327 328 329 331 333 333 333 333 332 332 332 332 331 330 328 326 324 322 317 310 301 292 291 300 295 297 293 276 286 295 297 309 305 307 309 299 288 281 285 280 283 275 271 269 266 264 264 264 266 266 267 269 277 287 298 310 312 313 315 315 315 309 310 313 313
341 341 341 341 340 341 341 340 340 340 340 340 340 339 339 338 338 338 337 335 335 336 335 336 334 334 335 332 330 326 327 328 331 333 333 333 333 333 332 332 332 331 330 330 328 327 322 317 308 296 294 291 284 283 290 286 276 281 287 291 307 313 313 301 287 281 276 283 288 292 284 278 273 275 270 267 267 266 270 272 276 286 295 303 310 313 314 315 316 315 314 313 314 313
341 341 341 341 341 341 340 341 340 340 340 340 339 339 337 339 338 338 338 337 337 337 336 336 336 334 333 333 331 330 326 328 331 332 333 333 333 332 332 332 332 331 331 330 329 327 324 319 310 308 303 294 280 277 284 287 285 290 292 293 299 309 312 294 294 293 288 295 295 294 288 286 282 277 279 281 283 276 274 275 280 291 300 304 310 313 314 315 315 315 315 314 314 313
341 341 341 341 340 340 341 341 341 340 340 340 340 339 338 339 339 338 338 338 338 338 337 334 336 334 332 331 332 329 326 327 329 332 332 333 332 332 332 332 332 331 331 330 329 328 324 322 319 313 303 295 286 277 281 284 280 289 296 301 299 311 312 303 301 303 297 304 303 294 285 283 281 279 279 280 284 291 286 280 279 289 299 303 310 313 314 315 315 315 315 314 314 313
341 341 341 341 341 341 341 341 340 340 340 338 339 339 337 339 339 339 338 338 338 338 338 337 337 334 333 331 331 331 327 324 329 332 332 332 332 332 332 332 332 332 331 331 330 328 322 317 315 313 306 304 298 291 279 280 282 290 296 307 306 308 316 310 308 306 302 305 308 293 281 278 279 283 284 287 284 291 295 295 290 294 300 307 311 313 314 314 315 315 314 314 314 314
341 341 341 340 340 341 341 340 340 340 340 339 338 340 340 339 339 339 339 338 339 338 338 338 337 336 335 334 331 331 329 328 330 331 332 332 332 332 330 332 332 332 331 331 330 329 321 315 315 316 315 313 304 293 281 290 296 301 306 313 315 317 315 319 311 312 304 305 310 305 290 274 274 278 282 286 290 292 297 300 297 297 303 305 312 313 314 314 315 315 314 314 314 314
341 341 341 340 341 341 340 339 340 340 340 340 340 340 340 338 339 340 339 338 339 338 338 338 337 337 336 335 333 331 327 328 330 331 331 332 332 331 330 332 331 331 331 331 330 329 326 318 319 320 318 311 297 284 279 289 302 306 309 317 318 318 320 320 311 314 306 303 311 307 294 286 274 275 276 281 285 291 297 301 304 302 306 311 313 313 314 314 314 314 314 314 314 314
341 341 341 341 341 340 340 340 340 340 340 340 340 340 339 339 339 339 339 339 339 338 337 337 337 336 336 335 334 331 330 327 328 330 331 331 331 331 331 331 331 331 330 330 330 329 327 324 323 322 319 316 310 300 284 292 304 311 311 313 315 319 323 322 314 318 315 315 308 307 302 296 288 279 274 280 282 286 291 295 300 307 309 311 313 313 314 314 314 314 314 314 314 313
341 341 341 341 341 340 340 340 340 340 340 340 339 339 339 339 339 339 339 338 339 338 337 337 337 336 336 335 335 334 333 331 328 328 330 329 329 326 328 330 330 330 330 330 330 329 328 326 324 326 324 320 317 307 297 302 308 301 299 305 310 319 324 321 319 320 317 311 301 304 304 296 291 281 275 279 280 281 284 292 298 304 310 312 313 313 313 314 314 314 314 314 314 313
341 341 341 341 340 340 340 340 340 339 339 339 339 339 339 339 339 339 339 339 339 338 337 337 336 336 335 335 333 332 332 331 329 326 329 325 318 324 324 326 326 328 329 329 329 329 328 327 328 327 325 323 318 308 306 313 310 297 305 309 314 320 323 324 321 323 317 310 305 300 299 298 294 288 285 276 278 282 288 292 300 304 310 312 313 313 313 313 313 314 314 314 313 313
342 342 342 342 340 340 340 339 339 339 339 339 339 339 339 339 339 339 339 339 338 338 337 337 335 334 332 334 333 328 330 329 325 323 326 322 314 315 315 318 323 325 326 327 329 329 329 328 326 327 326 324 316 312 316 314 307 303 310 314 320 322 323 326 324 322 317 312 306 304 295 295 301 297 287 279 278 277 283 288 298 308 312 312 313 313 313 313 313 313 313 313 313 313
343 343 342 342 341 340 340 339 339 339 339 338 338 338 338 338 338 339 339 339 338 338 338 337 337 336 335 333 332 330 328 325 323 324 326 318 318 309 307 317 320 321 321 327 328 329 329 326 326 325 326 325 322 320 316 303 296 304 313 317 321 324 325 326 326 323 317 315 310 310 302 293 300 296 293 285 292 290 292 295 307 312 312 313 313 313 313 313 313 313 313 313 313 313
344 343 343 342 341 341 340 340 339 339 339 339 338 339 339 338 337 338 338 337 338 338 337 337 337 336 335 335 332 328 330 322 318 318 327 325 319 309 309 309 312 321 324 326 326 328 329 324 324 326 326 325 323 320 314 301 298 306 316 321 322 324 326 326 326 325 322 320 316 314 307 308 305 298 295 290 295 304 307 309 311 312 313 313 313 313 313 313 313 313 313 313 313 313
344 344 344 343 342 341 340 340 339 339 339 339 339 339 339 338 334 338 338 335 338 338 337 337 337 336 336 335 334 332 331 329 321 314 326 330 326 320 311 311 317 319 319 325 328 329 329 324 321 326 326 325 319 316 317 313 309 305 312 318 322 322 322 326 327 325 319 315 317 315 314 308 301 293 288 294 297 305 309 310 312 312 313 313 313 313 313 313 313 313 313 313 313 313
345 345 345 344 342 341 341 340 340 339 339 339 339 339 339 338 338 337 336 334 336 336 337 337 337 336 336 335 333 334 332 328 323 318 327 332 331 328 319 314 312 318 326 324 327 329 328 323 323 326 326 323 320 319 318 315 314 313 315 318 317 322 321 326 327 325 319 317 318 314 315 307 302 298 293 298 308 310 309 310 309 311 313 313 313 313 313 313 313 313 313 313 313 313
346 346 345 344 343 342 341 340 340 340 340 340 339 339 339 339 338 337 335 331 327 335 337 337 337 336 336 335 335 334 333 329 328 324 330 333 333 331 326 315 314 321 327 330 331 331 328 323 323 323 326 326 325 321 319 317 313 317 316 318 320 322 324 326 327 324 318 322 319 315 308 309 304 297 298 305 310 311 312 312 309 310 313 313 313 313 313 312 312 313 313 313 313 312
346 346 346 345 343 342 341 341 340 340 340 340 339 339 339 339 339 338 337 332 324 333 336 336 336 336 336 336 336 335 335 334 332 331 333 334 333 333 327 320 321 326 328 330 332 332 328 324 327 325 327 327 327 325 324 320 314 316 317 320 322 324 321 326 326 320 324 320 312 315 309 307 306 302 305 308 308 310 312 312 310 312 313 313 313 313 312 311 312 313 313 313 312 312
345 345 345 344 342 342 341 340 340 340 340 339 339 339 339 338 338 337 336 333 328 332 336 335 335 336 336 336 336 336 335 335 334 332 332 334 334 334 330 323 327 327 331 331 333 333 329 325 327 329 329 329 328 327 325 322 318 316 321 321 322 324 324 322 325 325 325 320 314 311 308 311 308 308 311 307 308 312 313 313 313 310 312 311 309 310 310 311 311 312 312 313 312 312
343 344 344 343 342 341 340 340 339 339 339 339 339 338 338 338 338 337 335 334 329 332 332 333 333 335 336 336 336 336 335 334 335 334 332 334 334 334 333 329 332 331 332 333 333 334 331 328 329 329 330 330 330 329 327 324 320 317 322 324 325 324 323 326 327 325 324 323 320 317 310 307 306 313 311 311 312 313 313 313 312 312 312 307 302 305 307 308 310 311 312 313 313 312
341 342 343 342 341 341 340 339 339 339 339 338 338 338 337 337 336 337 335 335 333 333 333 335 334 335 336 335 335 336 335 335 335 335 335 335 335 335 335 334 334 334 334 334 334 334 332 331 332 325 328 331 330 329 328 326 320 313 319 322 324 326 327 325 327 323 322 322 318 317 314 314 310 313 308 308 310 311 313 312 312 311 310 307 297 300 303 306 310 310 311 312 313 312
340 341 342 342 341 341 340 340 340 338 338 338 338 337 336 334 333 335 336 336 335 333 334 335 335 336 336 334 332 335 336 336 336 335 335 335 335 335 335 334 334 334 334 334 334 334 333 333 331 327 327 328 331 330 328 326 320 308 305 316 324 327 326 329 329 326 324 316 315 312 315 312 314 311 310 312 311 310 313 309 311 310 307 296 285 289 299 306 309 310 311 311 311 311
338 339 340 341 340 340 340 339 339 338 338 338 337 337 334 333 330 330 332 333 334 334 333 334 335 336 336 335 334 334 335 335 335 334 335 335 335 335 335 335 334 334 334 334 334 334 334 333 332 330 325 326 331 331 329 327 320 307 305 311 320 326 326 328 330 324 323 319 314 309 309 313 311 309 313 316 314 315 305 307 306 304 297 293 288 291 298 304 308 308 310 310 311 312
334 335 336 339 340 339 339 339 340 338 338 338 337 337 335 330 327 326 329 331 333 334 334 334 336 335 334 335 335 334 333 334 331 329 332 331 334 335 335 335 335 335 335 335 335 334 334 334 333 332 331 331 331 328 328 328 323 318 314 321 322 328 329 330 328 325 325 322 320 317 316 314 312 313 317 319 315 312 309 304 296 288 290 296 295 296 301 304 303 306 309 310 311 312
331 333 336 338 339 339 339 340 340 339 338 338 338 338 337 335 333 328 327 328 329 332 334 335 335 335 334 335 335 335 334 334 333 328 326 327 330 333 334 335 335 335 335 335 335 335 335 334 332 328 327 329 330 327 324 328 322 325 323 323 328 330 331 329 327 324 324 325 324 322 319 316 311 314 317 319 314 311 308 303 291 289 290 291 299 296 291 297 303 304 306 309 310 310
329 332 335 337 338 339 339 339 340 339 338 338 338 338 338 337 336 333 328 330 330 331 333 334 334 333 334 333 334 334 334 333 332 331 325 323 326 329 334 335 335 335 335 335 335 335 335 335 333 330 330 329 328 327 325 326 324 323 328 326 329 331 331 328 325 321 319 318 320 315 312 314 310 312 317 319 315 315 308 298 283 283 281 292 294 290 287 296 297 293 302 306 308 309
326 330 333 336 337 338 339 339 339 338 339 339 339 339 338 337 336 335 331 332 334 334 335 335 335 335 335 334 333 332 331 332 332 331 328 324 327 330 334 335 336 336 336 336 335 335 335 335 335 335 335 333 328 327 327 327 324 322 329 327 331 331 328 324 322 319 312 304 308 304 306 309 308 316 319 320 318 317 311 306 296 280 278 289 288 289 292 291 291 292 294 303 304 302
318 323 329 333 334 337 339 339 339 339 339 339 339 339 339 338 336 336 335 336 336 336 336 337 336 335 335 334 332 329 328 327 329 330 327 329 333 334 335 335 336 336 336 336 336 336 335 336 336 336 336 333 329 326 327 330 327 324 329 329 332 328 322 317 314 311 308 304 303 300 302 303 308 313 319 321 321 320 315 313 306 291 286 284 285 287 288 287 287 294 298 297 295 295
307 317 326 330 332 332 334 337 339 338 339 339 339 339 339 338 337 337 337 337 337 337 337 337 336 336 335 334 334 330 325 321 319 325 330 332 333 334 335 336 336 336 336 336 336 336 336 336 336 336 336 336 334 330 328 332 330 327 331 333 331 322 319 318 316 313 313 308 304 302 301 303 309 317 319 321 322 320 317 316 313 307 297 285 285 283 283 284 287 290 291 295 300 303
306 317 325 330 333 334 336 337 338 337 338 338 339 338 338 338 337 337 337 337 337 337 337 337 336 336 335 335 334 332 326 319 317 320 327 331 333 335 336 336 337 337 337 337 337 336 336 336 336 336 336 336 336 335 334 334 331 332 333 330 325 323 325 324 319 315 314 312 306 304 306 304 310 318 321 322 322 320 315 309 310 309 301 287 283 285 286 285 289 292 294 297 301 301
308 319 324 330 332 334 335 336 337 336 337 337 337 337 337 337 337 337 336 337 337 336 336 337 336 336 335 335 334 333 328 319 317 320 326 331 334 335 336 336 337 337 337 337 337 337 337 337 336 336 336 336 336 336 335 335 334 334 334 331 328 327 328 320 317 315 314 313 311 309 307 306 310 319 323 323 322 320 316 314 314 312 304 286 282 287 288 288 288 290 294 297 300 303
313 320 326 329 331 333 334 335 336 336 336 336 336 337 336 336 336 336 336 336 336 336 336 336 336 336 336 335 334 333 332 327 317 321 328 332 334 335 336 337 337 337 337 337 337 337 337 337 337 336 336 336 336 336 335 335 335 334 334 334 333 330 331 324 319 316 315 314 314 313 310 308 311 320 324 323 322 321 318 318 315 309 297 282 283 286 288 289 287 286 289 294 297 296
317 322 327 329 330 331 332 334 334 333 334 334 334 334 333 334 336 336 336 336 336 336 336 335 336 336 336 335 335 334 333 330 323 327 331 333 334 335 336 337 337 337 338 338 338 338 337 337 337 336 336 336 336 336 336 336 336 335 335 335 335 332 333 331 323 319 315 315 315 314 311 309 312 321 323 320 320 321 320 318 312 302 282 278 282 284 286 288 288 289 290 293 295 298
320 324 326 328 329 328 328 329 329 329 329 330 329 329 328 331 334 335 336 336 336 335 335 335 336 336 336 336 335 335 334 332 330 331 332 333 334 335 336 337 338 338 338 338 338 338 338 337 337 337 336 336 336 336 336 336 336 336 336 335 335 335 335 334 331 327 321 319 319 314 314 318 319 320 324 322 317 321 321 317 311 302 278 275 280 284 287 288 289 290 294 294 293 301
321 323 324 325 324 323 323 317 320 322 321 322 323 325 325 328 332 334 335 335 335 335 335 335 336 336 336 336 336 335 335 334 333 333 333 334 335 336 336 337 338 338 338 338 338 339 338 338 337 337 336 336 336 336 336 336 336 336 336 335 335 335 335 335 334 333 332 328 328 323 323 326 326 326 324 324 323 322 321 316 306 294 282 276 273 281 286 288 288 291 293 297 298 297
321 322 322 318 314 316 313 302 311 313 311 312 315 321 321 326 331 334 334 335 335 335 335 335 336 336 336 336 336 335 335 334 333 334 334 335 335 336 337 337 337 337 338 338 339 339 338 338 337 337 337 336 336 336 336 336 336 335 335 335 335 335 335 335 334 334 333 332 329 329 329 327 326 325 326 324 321 314 313 308 300 287 279 275 275 275 282 288 288 290 291 296 298 297
323 321 319 311 305 306 306 302 302 303 301 303 306 313 318 326 331 333 334 334 335 335 335 335 336 336 336 336 336 336 335 334 334 334 335 336 336 337 337 337 337 337 338 339 339 339 338 338 338 337 337 337 336 336 336 336 336 335 335 335 335 335 335 335 335 334 334 333 331 331 330 326 325 321 324 322 320 317 312 303 297 300 299 279 286 283 286 291 295 297 298 298 299 299
323 322 318 312 305 305 304 295 294 293 291 291 298 309 317 324 328 332 333 332 334 335 335 336 336 336 336 336 336 336 335 335 335 335 336 336 336 337 337 337 337 337 338 339 339 339 338 338 338 338 337 337 337 336 336 336 335 335 335 335 335 335 335 335 335 334 334 334 333 332 331 330 327 321 319 320 318 313 307 311 311 312 302 288 289 295 286 294 299 306 306 302 300 299
324 323 320 316 313 308 301 285 285 291 286 290 300 309 317 324 325 330 332 332 334 334 335 336 336 336 336 336 336 336 335 335 336 336 336 336 336 336 336 336 337 337 338 338 339 339 339 338 338 338 338 337 337 337 336 336 335 335 335 335 335 335 335 335 335 335 335 334 333 332 331 330 328 323 323 319 319 312 309 316 316 312 306 292 292 300 300 305 304 308 308 307 303 300
325 323 321 318 315 310 306 304 299 298 299 301 305 313 319 324 327 328 331 333 333 334 334 335 335 335 336 336 336 336 335 336 336 336 336 336 336 336 336 336 336 337 338 339 339 339 339 339 339 338 338 338 337 337 336 335 335 335 335 335 335 335 335 335 335 335 335 335 334 332 331 330 329 326 322 322 317 308 312 318 317 315 309 299 297 305 302 307 311 310 311 311 308 304
327 325 322 319 316 314 313 312 311 311 308 305 311 317 321 325 324 326 329 331 332 333 333 333 334 334 334 334 335 335 335 335 336 336 336 336 336 336 336 336 337 337 338 339 339 339 339 339 339 339 338 338 337 337 336 335 335 335 335 335 335 335 335 335 335 335 335 335 334 334 332 331 328 326 325 321 318 314 317 319 318 312 308 308 311 313 307 312 312 315 314 312 310 307
328 326 324 322 320 319 317 317 315 315 307 297 313 320 323 324 323 325 324 326 329 331 331 332 331 332 333 333 334 334 334 335 336 336 336 337 337 337 337 336 337 337 338 338 339 339 339 339 339 339 339 338 337 337 336 335 335 335 335 335 335 335 335 335 335 335 335 335 335 334 333 333 328 328 328 325 324 323 321 321 319 311 311 316 314 312 310 316 315 312 311 310 309 308
