ecocropFuture/tif/c6/rcp585/ACCESS-CM2/tmax_7.asc
ncols        683
nrows        518
xllcorner    -87.691666666667
yllcorner    10.708333333333
cellsize     0.008333333333
NODATA_value  nan
[rows 126 to 167 of 518, columns 188 to 281 of 683]
289 297 301 302 303 304 304 303 302 298 297 295 293 295 305 309 309 nan nan nan nan nan nan nan nan nan nan nan nan nan nan nan nan nan nan nan nan nan nan nan nan nan nan nan nan nan 314 315 309 304 301 311 311 313 309 308 310 303 303 307 305 301 295 293 298 302 304 306 305 303 298 304 301 290 297 303 308 304 305 302 300 299 295 292 291 292 290 287 288 292 296 309 312 312
294 299 301 302 303 303 303 302 301 297 296 297 300 303 308 309 307 309 309 nan nan nan nan nan nan nan nan nan nan nan nan nan nan nan nan nan nan nan nan nan nan nan nan 306 314 307 310 311 307 301 299 309 310 311 309 305 306 298 297 305 303 302 295 294 300 303 306 302 298 302 306 303 300 293 293 300 304 306 305 304 303 300 300 297 295 294 289 289 294 297 309 312 312 311
296 300 301 302 303 303 302 300 296 299 304 303 306 308 309 305 303 307 308 308 nan nan nan nan nan nan nan nan nan nan nan nan nan nan nan nan nan nan nan nan nan nan nan 305 315 307 303 308 302 293 298 307 305 301 306 299 301 300 296 301 301 297 291 298 302 305 301 298 291 301 305 296 292 290 293 298 303 302 306 303 297 297 293 297 297 291 289 292 305 310 312 313 311 310
298 300 301 302 303 303 300 293 298 304 307 308 309 308 303 301 305 303 303 306 307 nan nan nan nan nan nan nan nan nan nan nan nan nan nan nan nan nan nan nan nan nan nan 306 314 307 299 299 295 288 297 305 295 295 304 295 298 299 296 297 299 296 294 297 298 301 300 295 291 299 301 288 282 289 294 298 299 303 304 302 300 297 291 296 294 292 293 300 304 310 312 313 312 311
299 300 301 302 302 301 294 294 302 305 307 308 307 304 299 303 303 296 299 302 301 300 nan nan nan nan nan nan nan nan nan nan nan nan nan nan nan nan nan nan nan nan nan 308 313 306 298 291 284 288 299 301 288 295 302 293 296 296 293 294 298 294 294 294 296 302 299 292 285 295 299 291 287 289 286 292 297 303 301 299 299 296 292 293 294 297 294 301 307 311 312 312 311 308
300 301 301 302 301 297 294 297 303 305 307 306 304 297 301 301 299 296 296 295 292 293 301 305 nan nan nan nan nan nan nan nan nan nan nan nan nan nan nan nan nan nan nan 302 314 310 305 294 283 291 300 294 288 296 299 293 297 296 292 290 293 291 294 297 298 302 295 291 289 296 300 292 285 276 276 288 298 304 300 297 290 292 290 293 299 298 303 306 310 312 312 311 311 305
301 301 301 301 296 291 297 299 300 304 306 304 295 296 298 297 294 293 289 289 295 298 297 299 nan nan nan 302 308 303 311 312 312 nan nan nan nan nan nan nan nan nan nan 308 314 307 300 290 283 293 295 285 289 294 293 291 295 293 290 289 287 289 291 298 302 300 292 289 293 293 299 294 285 279 280 288 298 302 301 294 287 290 293 301 304 305 308 310 311 312 311 310 310 301
301 302 302 299 294 298 299 302 303 304 304 300 294 298 298 297 294 289 290 294 299 305 302 302 305 nan nan 300 307 299 309 311 309 311 nan nan nan nan nan nan nan nan nan 310 313 303 302 294 286 292 285 284 291 289 288 291 295 292 287 286 285 291 295 295 301 298 292 285 291 291 291 289 289 284 282 289 298 299 297 297 295 294 300 308 309 309 310 311 311 312 311 311 307 301
302 302 301 295 293 296 298 297 299 300 302 299 300 299 297 301 298 290 288 300 301 308 308 308 307 302 306 308 305 296 301 310 300 308 nan nan nan nan nan nan nan nan nan 308 312 308 303 298 285 287 284 290 295 294 292 290 291 292 288 284 284 289 289 292 298 296 292 286 284 283 290 288 287 285 283 290 291 293 298 295 295 296 306 305 305 306 310 311 312 311 311 309 299 302
302 302 298 293 295 297 295 293 297 300 300 300 303 303 301 304 303 296 292 297 303 307 303 300 298 292 303 301 298 300 301 305 305 309 nan nan nan nan nan nan nan nan nan 310 308 304 299 293 289 288 290 298 296 299 293 292 289 288 289 285 284 286 292 295 298 296 290 286 284 284 286 286 282 284 281 281 289 294 296 289 292 301 303 299 305 307 311 311 311 310 310 308 298 308
303 302 293 291 293 292 289 289 297 299 299 298 300 298 301 295 299 304 302 300 301 306 297 287 287 296 303 294 292 293 286 300 309 312 nan nan nan nan nan nan nan nan nan 313 306 306 299 292 298 295 299 303 301 300 297 296 290 284 287 286 283 287 292 295 292 290 290 285 286 283 279 283 276 279 275 280 286 289 295 291 298 301 302 303 309 310 311 311 311 310 310 306 306 308
303 300 290 290 288 290 293 294 298 299 299 301 299 296 293 288 294 296 304 300 300 304 292 280 283 296 298 290 290 288 295 301 306 311 nan nan nan nan nan nan nan nan nan 309 312 309 301 303 305 305 307 304 304 303 300 296 293 288 284 287 284 288 293 292 285 281 283 283 285 283 277 282 280 273 271 274 280 283 290 297 298 297 305 308 310 311 310 310 310 310 309 309 309 305
302 296 290 289 292 295 297 299 299 298 299 294 294 292 285 286 293 300 304 304 305 302 298 284 280 287 286 281 282 282 293 305 307 306 306 311 nan nan nan nan nan nan nan nan 306 309 311 307 311 308 303 301 301 302 300 297 296 292 287 284 282 288 288 292 287 283 278 272 275 284 280 276 277 271 263 268 278 283 290 291 287 298 304 303 308 310 309 309 310 309 303 308 308 307
301 295 287 288 289 291 294 297 299 298 298 296 291 283 286 295 300 301 301 300 300 293 295 280 271 276 278 273 279 286 292 303 300 300 298 309 nan nan nan nan nan nan nan nan nan 301 312 311 305 306 305 302 300 299 299 298 295 295 290 284 282 282 285 290 287 282 273 269 278 284 283 279 272 268 265 274 281 282 281 280 290 296 302 307 310 308 305 301 309 309 304 307 307 306
294 290 290 291 292 294 295 296 295 295 296 295 290 281 287 297 301 302 296 296 292 287 292 284 279 271 276 276 290 300 300 304 294 292 290 305 309 nan nan nan nan nan nan nan nan nan 313 313 308 307 303 303 304 304 299 296 297 294 291 291 284 278 280 284 286 283 276 275 281 283 281 279 273 270 273 274 271 275 275 281 293 299 304 309 310 305 301 301 305 309 306 306 304 300
291 289 289 290 291 293 295 295 294 294 293 291 283 281 291 296 295 297 293 292 284 275 286 289 282 269 269 280 297 303 302 305 302 292 298 305 305 306 nan nan 309 309 306 311 nan 311 311 308 312 312 309 308 308 303 299 301 299 295 293 293 286 282 278 280 278 278 278 280 281 280 277 279 277 278 278 269 277 282 285 292 293 300 308 309 308 304 300 299 305 309 309 307 300 291
291 288 289 292 293 294 295 295 294 295 292 284 276 273 288 285 286 295 292 285 275 275 287 282 272 265 273 279 292 302 305 303 295 294 303 304 297 293 302 307 303 297 296 307 314 313 308 306 309 309 311 312 308 302 302 303 300 296 297 292 288 286 278 272 272 271 272 275 277 278 275 282 283 285 281 274 277 284 294 299 295 304 307 305 304 301 299 303 308 309 309 307 302 289
288 289 292 294 294 294 294 293 291 291 290 287 278 271 278 284 288 289 287 275 263 275 286 275 264 267 279 281 288 298 302 294 290 299 300 298 296 294 303 299 294 294 301 309 313 308 306 306 306 304 307 311 307 302 304 305 302 297 298 290 291 286 276 268 264 258 261 265 269 273 283 285 286 287 279 283 279 285 291 297 303 307 303 301 306 305 302 307 310 309 309 308 305 297
291 289 292 292 292 293 292 288 285 289 288 284 275 271 273 278 279 283 277 268 264 274 279 271 268 273 277 280 283 286 297 292 294 289 292 296 292 298 296 295 298 305 307 313 310 309 305 304 305 302 307 312 310 307 308 304 300 295 299 293 294 288 282 274 265 259 257 264 265 269 276 287 290 290 290 286 280 289 298 301 306 306 306 304 308 308 308 309 310 309 306 306 307 302
288 290 292 293 293 293 291 288 284 286 283 280 274 272 274 269 270 272 267 262 268 269 277 271 271 276 279 281 280 290 295 288 282 281 290 289 287 290 293 303 304 309 313 313 307 308 305 302 302 304 309 309 309 310 305 302 298 298 300 298 295 293 287 281 271 261 256 256 260 264 274 285 292 295 294 290 288 293 301 306 307 307 308 309 309 310 310 311 310 310 305 301 303 305
288 291 293 295 295 292 292 286 281 281 278 275 276 277 274 270 265 265 266 268 270 274 270 268 270 272 271 277 285 294 293 283 279 289 292 294 291 291 297 303 308 312 311 309 309 305 303 300 303 306 307 304 308 309 308 305 304 303 301 297 292 284 279 283 278 269 263 254 257 267 278 287 292 295 299 298 295 297 299 305 306 309 309 309 309 310 310 310 307 307 304 301 299 304
287 290 295 297 297 295 292 287 278 278 279 279 277 278 274 268 263 266 267 267 264 270 271 268 269 274 282 287 293 294 287 279 285 292 299 301 303 302 304 308 313 310 306 309 307 306 303 301 305 305 303 304 308 308 303 306 302 297 294 290 288 278 266 272 279 270 258 254 258 267 279 284 294 297 301 300 299 296 303 303 307 309 310 310 310 309 308 309 307 300 302 300 298 301
293 297 299 298 298 295 290 283 276 279 279 282 279 280 275 268 264 265 264 263 264 270 272 269 278 283 288 294 291 286 286 284 290 293 295 298 299 306 310 312 313 305 304 306 305 303 301 301 303 302 303 305 307 307 303 305 300 298 294 289 283 275 263 267 272 268 261 260 264 269 277 281 290 295 300 300 301 302 305 303 308 309 310 310 310 309 308 310 303 303 305 303 299 301
297 299 300 299 298 293 288 280 275 279 280 280 283 280 277 270 265 264 265 263 267 270 270 271 277 284 290 291 284 283 285 292 295 296 295 295 301 308 307 311 311 307 306 306 304 303 300 302 300 303 305 307 309 306 302 302 300 295 294 287 276 267 261 255 257 261 270 266 265 271 274 277 287 296 301 302 302 306 306 304 308 309 310 310 310 311 311 310 307 307 305 304 301 300
298 301 301 299 297 291 284 278 278 280 281 280 283 278 273 267 266 268 269 266 266 268 269 273 281 284 291 285 281 283 286 293 298 300 301 300 306 306 305 309 313 310 310 309 307 305 299 299 302 303 304 306 308 301 298 298 298 298 293 284 277 270 260 254 256 263 274 274 269 270 270 271 280 293 302 301 305 307 306 309 309 309 310 309 310 310 311 310 308 307 306 305 304 301
301 302 300 298 297 290 281 279 280 282 281 281 283 279 270 269 272 271 272 268 264 266 269 278 280 286 288 284 279 283 290 296 298 303 305 306 307 304 306 306 308 312 309 307 306 304 299 297 300 302 301 304 307 306 301 297 293 293 290 288 277 268 265 259 261 264 276 280 272 269 271 274 282 291 302 303 306 303 304 308 309 309 309 310 310 310 310 310 309 308 307 306 305 304
303 302 301 299 296 292 289 282 281 281 281 281 285 278 269 271 276 272 270 268 265 271 274 278 282 283 285 281 279 282 287 293 300 300 302 302 303 302 301 304 309 312 305 303 305 302 300 298 298 302 302 305 301 303 306 301 295 290 282 282 282 272 273 269 271 265 269 281 278 278 275 278 284 294 302 304 306 298 303 305 308 309 309 310 310 310 310 309 308 308 307 306 305 304
303 301 300 298 296 295 290 286 287 284 281 284 283 275 275 276 276 267 267 267 267 274 278 280 276 279 280 278 283 287 291 299 302 300 302 299 301 303 305 308 312 306 300 302 304 301 297 299 300 304 302 301 296 301 305 300 290 283 271 274 278 276 278 277 271 270 269 277 286 281 276 283 291 293 300 303 306 297 301 306 308 308 309 310 310 309 309 309 308 307 307 306 304 304
304 301 300 298 298 296 290 291 288 283 283 286 280 273 277 281 273 270 270 267 273 278 278 281 277 278 277 278 283 289 295 297 297 299 297 295 299 297 305 309 311 306 302 303 302 299 295 295 301 302 296 296 299 298 299 301 290 288 277 269 273 278 281 281 275 273 273 274 285 288 282 277 289 293 299 304 303 298 300 305 306 309 309 309 310 309 308 308 308 307 307 306 304 303
305 302 300 300 299 296 292 293 291 285 280 287 280 279 281 282 275 271 275 271 278 281 282 283 285 282 278 276 274 282 291 294 294 292 293 293 293 300 304 307 312 306 304 305 302 300 295 298 300 299 294 295 298 291 288 296 296 298 287 278 281 274 280 283 281 277 275 277 284 292 283 280 285 290 299 303 297 293 302 307 308 308 309 309 309 308 308 308 308 306 306 305 304 303
305 302 300 302 299 297 296 294 289 280 280 285 288 284 279 280 278 277 276 273 279 280 278 280 287 283 278 270 274 281 290 291 288 290 291 294 299 304 305 307 311 308 308 304 300 298 294 294 297 297 294 291 293 293 281 283 292 297 295 287 285 274 277 285 281 275 274 273 281 292 286 283 283 291 300 300 293 297 303 306 307 307 309 309 308 307 307 307 306 306 305 304 300 302
303 305 303 300 299 295 292 289 283 279 275 285 284 277 275 277 274 273 275 274 279 278 280 284 285 288 280 274 282 286 289 288 286 293 299 301 301 303 305 310 311 308 306 305 302 299 292 288 294 292 289 287 284 290 284 283 284 288 293 294 284 283 284 283 285 280 275 273 282 288 292 286 283 292 298 301 296 300 302 306 307 304 308 309 307 306 306 305 300 295 294 299 300 300
303 304 304 302 298 296 292 284 279 276 282 288 285 280 275 270 267 269 271 277 281 284 283 282 287 287 274 271 281 284 285 285 288 297 300 302 305 306 309 312 310 307 306 304 300 294 287 288 293 284 280 283 278 281 285 281 281 277 282 293 293 291 289 286 284 285 279 281 288 290 291 285 284 287 297 298 298 301 302 306 307 308 308 308 306 305 305 302 295 285 288 294 299 298
304 302 302 303 300 299 290 284 280 277 282 283 290 286 281 271 270 265 269 280 285 287 286 281 286 286 279 283 284 287 287 287 292 301 304 305 306 309 310 310 305 308 305 304 300 295 285 284 289 288 279 278 278 280 287 287 284 284 281 287 293 287 280 274 277 284 282 282 290 293 293 291 289 288 298 299 298 301 303 307 307 307 306 307 305 304 302 303 296 288 286 293 298 296
301 300 301 302 302 293 285 283 286 281 280 281 290 283 276 273 270 268 278 283 287 290 290 285 289 294 290 289 290 289 293 287 296 300 301 304 304 306 312 308 303 307 304 302 297 291 287 288 285 279 277 277 283 283 286 290 290 290 290 292 292 287 278 271 270 277 283 282 283 293 296 293 291 297 301 302 301 300 306 306 307 307 307 306 304 300 301 300 297 292 289 291 295 292
301 300 301 303 299 289 285 283 287 289 290 285 292 283 278 274 269 277 285 287 284 288 292 287 287 292 297 291 294 291 295 293 296 297 300 304 308 311 310 307 302 306 303 301 298 296 292 286 282 276 279 283 285 286 288 288 291 287 288 291 290 288 280 279 272 270 284 291 284 294 299 290 295 300 303 303 299 301 306 306 307 307 305 301 302 299 290 291 294 290 290 294 293 292
300 300 299 302 300 291 287 287 286 291 295 290 289 284 281 276 278 288 288 290 286 290 292 293 293 293 296 300 297 289 294 298 298 293 297 304 309 311 307 306 302 304 304 302 301 300 296 285 276 273 278 285 285 284 288 290 291 290 290 292 290 289 286 282 274 273 279 293 295 298 298 291 297 302 303 303 298 302 305 307 307 305 301 299 299 296 283 281 285 285 292 296 292 295
299 298 301 301 302 294 295 294 294 298 294 291 292 279 273 276 288 292 292 289 287 291 294 294 297 295 295 294 300 291 291 299 294 291 297 301 305 310 306 302 302 302 300 294 290 297 295 281 272 273 281 283 284 287 288 290 288 287 291 289 284 285 282 279 277 277 280 289 297 301 299 291 300 302 300 303 304 306 306 307 305 304 303 300 299 294 281 276 280 288 292 297 297 299
301 301 303 301 302 301 301 302 301 303 295 290 297 289 282 286 294 295 290 285 285 290 292 295 298 300 299 298 303 295 294 300 297 295 297 305 307 310 308 307 304 302 298 296 293 292 293 288 276 273 280 284 285 286 286 286 286 288 291 288 281 275 280 282 282 283 286 290 287 297 302 297 298 302 298 301 304 305 303 306 306 304 302 297 295 285 276 269 278 288 291 295 299 301
300 300 301 297 300 293 295 298 294 303 299 291 293 297 296 295 298 295 289 284 286 290 289 292 296 299 300 301 304 302 302 303 305 302 298 305 310 310 306 304 302 298 297 294 292 289 282 288 282 275 277 282 279 280 283 280 286 288 289 289 284 281 283 287 285 289 293 294 290 297 300 302 300 301 301 302 306 305 302 305 306 301 297 299 284 277 277 278 278 287 294 295 297 300
297 299 301 297 295 291 291 291 294 300 302 299 299 298 300 301 296 293 289 282 284 285 290 292 295 300 302 300 302 301 305 304 308 308 303 304 309 311 307 306 302 296 289 285 287 282 275 280 283 272 271 278 272 279 278 279 287 288 287 288 288 285 282 288 289 292 295 295 287 290 298 300 303 303 304 305 303 301 300 305 305 303 302 298 287 283 278 284 283 284 291 294 297 300
298 300 298 295 293 286 286 285 290 293 298 300 302 303 303 296 289 285 290 289 281 283 288 290 295 297 301 302 301 293 297 307 304 308 308 308 311 310 306 304 299 297 290 281 277 270 266 265 277 270 269 272 269 274 272 274 283 285 285 285 285 284 284 286 292 290 293 294 294 299 301 298 299 296 301 306 303 300 302 304 304 305 304 301 295 287 285 286 290 287 286 292 293 294
