ecocropFuture/tif/c6/rcp585/ACCESS-CM2/tmax_7.asc
ncols        683
nrows        518
xllcorner    -87.691666666667
yllcorner    10.708333333333
cellsize     0.008333333333
NODATA_value  nan
[rows 252 to 293 of 518, columns 188 to 281 of 683]
310 304 307 312 310 310 306 296 300 290 288 295 294 293 295 297 296 295 294 293 288 283 284 287 286 279 274 269 267 268 269 274 274 284 285 285 282 279 275 262 263 264 254 256 264 269 274 279 276 269 273 273 270 270 268 273 274 264 276 288 291 290 291 285 280 273 279 283 286 286 284 281 278 274 277 272 261 267 269 264 261 254 253 260 270 278 287 288 288 286 282 282 283 284
312 312 312 312 312 311 308 301 303 295 287 298 299 293 289 297 297 293 293 292 289 289 288 285 280 271 267 260 255 254 261 268 278 287 286 287 285 281 272 270 272 268 262 261 270 274 277 279 281 274 277 277 279 274 275 278 281 268 279 291 294 293 294 288 288 284 287 287 285 284 279 274 280 282 281 278 269 273 275 267 255 254 262 264 269 278 287 289 289 285 282 284 287 288
313 313 313 312 311 311 308 304 303 298 294 299 298 295 292 297 296 292 292 290 291 289 287 282 276 263 258 251 246 254 263 277 283 287 289 288 287 282 271 278 277 272 269 271 274 276 277 279 283 282 282 280 281 278 278 284 285 281 285 293 296 295 296 294 290 287 291 289 286 281 275 278 285 288 289 285 279 282 272 261 262 265 267 272 276 284 289 291 290 286 284 286 288 288
313 313 312 312 311 310 306 304 301 295 296 298 298 298 296 296 292 288 289 289 285 285 285 281 272 261 254 249 246 261 274 283 288 289 289 287 288 281 275 279 280 282 277 278 276 276 281 282 282 287 286 283 286 281 280 281 289 287 290 295 296 297 296 295 289 291 288 286 282 277 269 281 286 290 292 290 290 289 281 275 274 271 274 275 279 286 290 291 291 287 287 287 290 289
313 313 312 312 311 309 305 302 299 297 300 300 298 297 297 293 288 282 284 282 280 278 278 274 270 259 250 249 254 264 278 285 287 289 290 290 284 280 278 281 280 285 283 284 278 275 280 285 287 289 291 288 288 289 288 284 288 291 293 296 297 298 297 295 293 294 292 283 281 282 280 283 289 293 295 295 288 290 286 278 279 272 274 277 279 288 290 293 290 288 289 291 290 288
313 313 312 312 311 306 304 302 296 298 299 294 294 292 291 286 283 279 283 279 273 270 270 265 261 260 262 260 264 262 277 285 287 288 290 291 289 287 289 289 288 286 288 288 284 280 278 281 284 287 289 292 289 288 292 288 288 292 295 295 296 298 298 293 292 296 291 284 288 287 287 289 292 296 297 298 294 287 286 284 285 281 276 284 286 292 293 294 292 290 292 289 285 287
313 312 312 311 309 305 302 298 291 296 298 291 289 291 289 291 288 286 282 283 279 278 275 268 267 269 265 263 278 279 283 285 285 285 290 292 291 291 293 292 291 285 286 289 289 289 284 280 281 282 286 291 296 291 290 291 289 290 291 295 297 298 299 294 290 297 292 290 292 292 293 294 296 298 298 298 295 290 287 289 289 282 284 290 291 295 296 295 294 293 289 287 285 285
313 312 312 311 309 303 300 295 291 299 301 290 292 291 289 288 283 279 277 279 280 277 279 276 273 266 257 261 277 286 287 289 289 290 291 291 290 292 292 292 292 289 282 285 286 290 287 283 284 287 289 293 297 290 284 290 292 293 294 295 293 298 299 297 294 298 297 296 295 295 296 298 299 299 299 299 297 295 290 291 293 289 289 289 294 297 296 294 293 292 289 286 282 283
313 312 311 310 308 301 294 294 302 299 296 298 290 284 288 291 288 283 282 280 276 270 269 270 273 266 261 270 277 284 288 288 289 288 287 287 289 290 285 287 292 291 287 292 294 293 291 289 290 291 294 295 298 292 281 282 286 288 289 295 297 299 299 299 299 299 298 297 297 296 296 296 299 300 299 299 298 297 295 294 296 294 292 292 295 296 293 295 293 289 287 285 279 285
313 312 311 309 308 304 301 302 300 299 299 298 293 293 296 289 283 278 277 277 278 271 267 262 265 264 266 280 284 285 289 287 285 287 284 282 285 285 281 287 290 293 293 289 289 294 293 295 294 296 297 299 299 293 288 288 290 287 290 295 298 298 299 300 299 299 299 299 298 297 297 297 299 300 297 298 299 297 297 298 297 297 297 298 298 296 295 293 292 287 284 283 287 291
313 312 310 306 298 294 299 294 294 292 288 291 296 294 290 294 289 284 281 276 276 276 271 263 255 260 268 283 290 292 292 292 289 292 290 287 279 281 281 289 290 292 289 284 281 285 289 293 293 294 297 298 299 298 295 295 294 289 291 295 299 299 299 299 299 300 300 299 299 299 299 300 300 300 299 299 299 298 298 298 298 298 298 298 297 296 293 292 290 287 284 285 287 289
313 311 307 299 292 293 297 291 293 280 274 288 295 293 283 289 289 285 289 285 282 274 266 259 258 265 265 275 289 293 294 294 292 294 292 287 277 285 289 292 293 294 294 291 288 288 290 290 291 291 292 293 294 298 299 299 298 291 289 294 299 299 299 298 299 299 300 300 300 300 300 300 300 300 299 299 298 298 298 299 298 299 299 298 297 295 293 289 290 288 286 290 291 291
312 308 302 295 291 290 291 285 288 278 268 281 291 292 286 281 283 283 283 285 281 278 270 264 273 274 276 278 275 284 291 296 295 292 290 288 281 280 282 288 293 295 295 291 291 294 296 294 295 294 292 290 289 295 293 293 298 297 294 295 297 296 298 298 299 299 299 300 300 300 301 300 300 300 299 299 298 298 299 299 299 299 299 298 296 296 293 289 290 286 288 293 294 293
312 308 301 300 298 296 294 288 284 286 287 284 285 281 279 278 280 281 281 284 280 275 270 275 283 284 284 284 279 276 281 295 294 293 291 285 271 270 276 285 292 295 295 293 289 293 297 297 294 296 294 295 296 297 295 296 297 297 299 298 294 294 298 298 298 297 298 299 299 299 300 300 300 300 298 298 299 299 299 299 299 299 299 298 297 296 295 293 289 289 291 294 294 295
312 310 306 306 303 300 297 290 294 292 290 284 276 270 265 266 268 275 281 280 274 266 266 275 288 290 290 292 289 284 278 291 297 296 290 280 263 261 269 283 293 296 297 297 297 297 297 298 294 295 297 299 299 299 298 297 296 298 299 296 295 295 297 297 297 298 298 298 298 299 300 300 300 300 299 299 299 298 299 299 299 299 299 298 298 297 295 292 291 291 290 293 294 296
312 311 309 307 304 302 300 298 294 284 280 281 269 259 254 260 273 277 273 271 273 270 276 277 284 292 291 294 296 292 287 294 297 295 288 275 263 264 267 276 290 292 295 294 292 298 299 299 298 298 298 299 299 299 298 298 298 298 297 294 293 296 297 297 298 298 298 299 299 299 299 300 300 300 300 300 299 299 299 299 299 299 299 298 297 296 295 293 289 289 293 293 294 296
312 309 309 306 303 299 296 292 292 288 283 283 279 267 255 259 270 271 275 270 268 268 282 287 286 287 288 293 297 298 297 298 297 295 288 281 281 269 280 287 291 291 294 291 291 294 296 299 299 299 299 299 299 299 298 298 298 297 294 294 290 294 297 297 297 298 298 299 299 299 299 299 300 300 300 300 300 299 299 299 298 299 298 296 297 294 294 293 290 294 294 291 294 296
311 310 309 306 301 294 288 282 285 296 296 293 286 275 261 268 277 274 278 279 278 276 271 273 276 278 282 287 293 292 293 298 299 296 288 289 287 273 274 285 292 293 297 297 296 295 298 299 299 299 299 299 299 299 298 298 297 295 296 295 294 295 297 297 298 298 298 299 299 299 299 299 299 299 299 300 299 300 299 298 297 296 295 294 296 295 295 294 293 295 294 292 295 295
311 310 309 306 302 293 284 284 292 299 298 295 286 280 274 270 283 285 282 280 277 285 276 270 273 278 289 293 294 295 295 297 300 298 295 293 286 284 286 291 291 295 296 298 299 299 300 300 300 299 298 298 297 297 297 296 297 294 295 295 296 296 294 294 295 297 298 298 299 299 299 299 300 299 299 299 299 299 299 298 296 292 294 294 295 297 297 294 294 296 292 292 296 296
310 308 310 308 304 297 291 295 300 299 298 298 291 290 287 285 290 292 285 286 281 287 275 278 274 271 285 293 296 297 296 296 299 300 296 294 294 294 295 295 295 296 295 299 300 300 299 298 298 297 296 296 295 294 295 295 295 293 294 294 295 293 294 294 294 294 298 298 298 297 299 299 299 300 300 299 297 298 299 299 297 297 294 295 298 297 297 297 296 295 293 294 295 297
309 307 310 309 307 304 301 304 303 299 299 301 301 300 298 297 296 291 290 287 285 288 276 278 280 273 290 294 295 297 296 297 297 299 300 299 298 298 297 296 297 299 300 300 299 298 297 297 296 296 295 291 291 291 292 292 292 293 293 292 293 292 292 292 292 292 297 298 297 298 298 298 299 299 299 299 298 298 298 298 296 297 297 296 297 296 298 297 296 296 295 294 296 296
310 308 309 310 309 308 307 306 303 300 302 301 303 303 302 300 297 291 295 293 283 288 283 276 286 275 285 289 290 293 290 291 294 296 298 299 299 298 298 300 301 300 299 299 297 297 295 294 294 293 293 290 286 285 285 287 291 293 291 290 293 293 293 293 294 295 296 297 297 297 298 299 299 299 299 298 298 298 297 295 294 291 299 299 298 297 298 294 297 298 297 296 298 298
311 310 309 311 310 309 308 307 306 304 302 303 304 304 303 301 293 289 296 295 287 286 286 285 283 277 277 283 284 288 284 283 289 290 293 296 299 301 302 300 298 299 298 298 295 297 293 291 290 290 291 290 285 277 278 284 291 291 288 289 292 293 295 295 296 293 292 297 297 297 298 299 298 299 299 298 297 297 296 295 294 290 298 298 299 299 297 299 298 299 298 298 298 298
312 310 310 311 310 309 310 309 308 304 304 304 305 303 300 298 287 287 296 295 291 287 288 290 284 288 281 274 281 285 283 285 287 290 294 297 299 300 301 299 296 294 295 295 292 296 292 289 289 283 284 285 282 277 283 288 286 288 285 289 291 293 294 294 295 295 295 296 297 297 298 298 298 299 298 298 297 295 296 296 295 297 298 299 299 298 293 297 299 299 298 297 298 299
311 311 310 310 310 310 310 310 307 308 307 303 296 293 293 284 286 296 297 293 292 290 291 289 294 290 283 281 276 277 281 281 279 286 292 294 298 301 300 296 293 289 286 289 294 295 290 285 282 273 278 280 278 273 283 284 282 285 286 287 288 291 292 293 293 292 295 295 296 296 297 298 298 299 298 297 296 296 296 298 298 299 299 297 297 297 292 296 298 299 298 298 298 297
309 311 310 310 311 310 311 310 308 309 305 301 297 282 280 275 289 288 289 296 296 294 293 293 296 288 290 287 284 276 274 270 276 281 289 293 300 300 297 290 284 283 281 284 293 291 283 277 275 266 263 274 267 269 272 272 280 283 284 278 284 284 287 289 289 292 291 292 296 297 298 298 298 299 299 299 298 299 296 298 299 298 296 296 296 295 292 295 298 299 299 300 299 298
305 309 311 311 311 311 311 311 310 308 305 301 293 281 273 271 279 277 281 292 298 298 292 296 296 291 292 281 281 284 279 268 274 281 292 295 299 299 297 288 279 277 276 284 291 289 276 265 264 265 261 266 263 262 262 272 279 281 279 278 278 278 282 285 287 287 287 290 297 297 298 298 299 299 298 296 298 297 298 299 298 295 295 296 295 295 293 295 298 298 299 300 299 300
301 307 310 311 312 311 311 311 310 309 305 302 295 283 273 271 281 281 281 291 297 299 294 299 296 292 295 284 276 278 276 266 279 288 289 296 300 300 298 293 289 283 282 287 289 288 278 266 258 266 271 264 257 255 262 273 279 282 283 285 283 282 283 286 291 292 292 295 297 297 296 298 299 298 297 295 293 294 298 299 297 295 295 295 295 295 294 298 298 299 300 299 299 296
304 305 309 311 312 310 307 308 309 309 306 303 296 286 280 280 287 291 291 297 300 297 293 299 300 297 298 292 281 270 266 266 280 289 295 298 301 300 297 295 291 289 290 290 287 281 271 267 272 277 281 276 265 261 267 276 282 283 285 287 287 286 287 289 291 295 296 297 297 297 296 297 298 297 297 295 293 295 298 298 296 295 295 295 295 296 297 299 299 299 300 300 298 297
305 306 309 310 311 308 304 304 307 309 306 304 301 294 289 287 296 300 298 301 302 300 298 299 301 298 295 290 278 274 274 279 281 292 296 299 301 300 296 292 293 293 292 289 287 277 268 267 279 283 285 284 278 275 276 277 282 284 286 287 289 287 286 289 292 295 296 296 296 297 296 297 297 296 294 293 295 297 296 298 296 294 294 295 296 296 298 299 299 299 299 299 299 299
301 302 307 310 311 310 308 309 309 309 308 304 299 298 296 294 302 302 294 297 301 302 299 301 302 300 296 293 283 286 287 291 288 292 297 300 301 299 298 296 294 294 292 290 285 274 271 266 274 284 286 287 286 284 285 281 282 287 290 291 291 291 292 293 295 295 292 292 296 296 296 296 298 297 295 296 295 295 294 296 295 294 295 295 294 295 298 298 298 298 298 298 299 300
299 306 309 310 311 311 310 310 309 304 307 306 302 300 298 300 304 299 300 299 302 304 303 303 303 302 299 294 282 290 296 296 295 299 302 299 299 297 296 292 290 289 289 289 288 277 266 263 265 277 283 285 287 284 288 287 287 290 292 292 291 290 293 292 295 295 293 294 296 296 295 293 295 298 297 295 294 293 292 292 292 292 294 293 294 296 296 298 299 298 298 297 299 300
304 306 308 310 311 311 311 310 309 305 303 305 307 305 305 305 304 302 304 305 305 305 304 304 303 303 300 295 288 293 299 299 300 302 298 293 291 292 289 286 283 282 281 280 283 275 267 264 261 266 277 283 286 288 288 290 291 292 289 281 282 288 291 291 292 294 294 292 295 296 296 295 295 297 295 295 295 294 293 292 292 292 291 291 292 292 296 298 297 297 297 296 298 299
301 298 306 306 308 311 311 310 308 305 302 302 306 303 305 306 306 306 305 305 305 305 305 304 304 303 302 298 295 299 300 301 302 300 296 293 291 286 286 285 276 270 264 264 268 271 267 265 262 262 269 278 284 285 287 289 291 292 290 283 287 289 281 284 291 293 292 288 293 295 296 296 297 297 296 296 296 294 292 292 293 292 291 290 291 294 297 297 297 297 297 297 299 298
295 295 301 302 304 310 310 309 308 306 304 305 305 305 305 299 304 304 306 304 299 304 305 305 305 304 303 300 301 303 302 301 302 299 298 296 294 293 290 285 273 264 256 258 265 270 271 268 263 261 260 269 278 283 286 288 288 290 291 291 288 280 280 285 284 290 290 288 292 296 296 296 296 295 296 296 295 293 292 291 292 291 290 290 291 296 296 296 296 295 297 298 299 299
296 295 299 300 303 309 308 307 308 307 306 306 306 306 304 299 299 299 304 302 294 300 304 304 304 305 304 303 303 302 302 301 300 300 299 297 294 292 290 285 280 275 266 261 264 265 268 265 265 266 263 262 271 277 281 284 286 289 289 290 283 274 277 280 284 286 286 288 292 296 295 296 294 293 293 294 291 289 289 288 286 289 291 292 294 294 295 294 293 293 297 298 298 298
298 297 299 300 306 308 302 303 303 307 307 306 305 305 304 303 299 298 300 303 294 293 298 302 302 304 303 303 302 299 300 301 300 298 297 296 294 293 291 289 286 282 276 271 267 260 261 264 271 270 268 263 262 270 274 282 288 288 287 288 280 272 278 281 281 287 290 292 294 296 296 296 295 294 291 289 290 286 281 282 282 289 291 292 294 295 294 292 294 296 298 297 298 297
299 301 302 301 305 307 306 305 300 307 306 305 305 304 304 303 300 299 300 302 298 292 299 300 300 301 302 301 301 299 299 301 300 295 295 294 293 292 292 289 285 283 282 281 272 262 258 264 272 274 268 262 263 272 277 285 287 286 288 286 277 276 283 289 291 292 293 294 295 296 295 295 294 293 289 287 287 286 280 278 281 286 285 290 293 294 293 295 295 296 296 296 296 295
301 303 302 302 304 306 307 306 305 306 306 304 305 304 304 301 297 297 301 296 296 295 299 298 299 300 300 298 300 296 298 301 301 297 295 294 291 289 291 292 289 288 286 284 280 271 263 268 274 274 271 266 268 272 279 283 281 283 284 281 277 281 287 290 288 290 289 293 296 296 294 294 293 291 291 287 284 286 281 277 281 283 288 292 293 293 295 296 297 294 293 292 295 293
303 304 303 304 306 306 307 307 307 306 306 305 303 304 302 299 295 296 296 294 294 298 297 295 297 298 298 299 297 296 299 300 301 299 297 295 289 288 289 291 288 284 284 284 284 277 275 276 277 275 272 270 270 270 273 274 274 276 277 276 283 288 289 285 288 289 285 294 296 296 295 295 293 290 290 287 281 282 281 275 275 282 287 290 291 290 293 295 295 294 292 293 294 291
305 303 303 304 302 303 306 306 307 306 304 304 302 303 302 298 296 297 296 294 290 293 293 289 294 296 297 296 294 294 296 300 301 297 294 291 288 289 288 289 289 290 290 288 285 279 283 278 276 275 275 275 272 271 269 266 268 273 277 281 286 286 283 282 287 287 291 295 296 295 296 295 292 290 288 290 285 281 276 272 273 282 285 290 290 287 293 293 290 293 293 294 293 293
306 302 303 303 302 302 305 304 305 305 305 304 302 299 301 298 297 295 297 295 295 292 288 289 295 297 295 294 293 295 299 301 301 299 291 291 292 293 293 293 295 291 285 283 282 284 288 272 268 269 271 272 270 270 268 267 270 281 285 287 287 285 284 289 291 294 296 296 294 294 296 295 293 292 289 288 288 285 281 276 281 282 283 288 289 285 291 287 282 289 292 292 290 294
