ecocropFuture/tif/c6/rcp585/ACCESS-CM2/tmax_10.asc
ncols        683
nrows        518
xllcorner    -87.691666666667
yllcorner    10.708333333333
cellsize     0.008333333333
NODATA_value  nan
[rows 294 to 335 of 518, columns 94 to 187 of 683]
312 311 310 308 307 306 306 305 305 305 303 302 304 307 309 308 304 304 302 304 306 310 313 313 313 313 314 314 314 315 316 316 317 317 318 319 319 319 319 319 319 319 320 320 321 321 321 321 321 321 321 321 321 320 320 319 319 319 319 319 319 319 319 319 319 319 319 319 319 319 318 317 316 316 315 314 313 312 309 308 307 304 306 306 305 302 305 309 306 306 303 298 296 298
313 312 311 310 310 308 307 308 309 308 308 308 308 309 309 306 300 295 294 295 298 304 309 311 312 312 312 313 314 314 314 315 316 317 318 319 319 319 319 319 319 319 319 320 321 320 321 321 321 321 321 321 321 320 320 319 319 319 319 319 319 319 319 319 319 319 319 319 319 319 318 318 316 315 313 313 313 312 311 307 309 308 308 309 308 308 309 310 310 307 307 302 299 298
314 313 312 312 311 310 309 310 310 310 311 311 311 310 308 306 301 292 283 287 290 301 308 309 310 310 311 312 313 312 312 312 315 317 318 318 319 319 319 318 318 319 319 319 320 320 320 320 321 321 322 321 321 320 320 319 319 319 319 319 319 319 319 319 319 319 319 319 319 319 319 318 317 316 312 311 311 309 309 311 311 308 310 311 311 310 311 311 312 311 309 306 303 302
315 314 313 313 312 312 311 311 312 312 312 312 312 311 309 306 301 292 288 291 296 304 308 309 309 309 309 310 311 311 312 312 313 316 317 318 318 318 318 318 318 318 318 318 319 319 320 320 320 321 321 321 321 320 319 319 319 319 319 319 319 319 319 319 319 319 319 319 319 319 319 319 318 316 312 311 310 310 309 310 312 312 311 312 313 310 311 312 312 311 307 299 298 303
315 315 314 314 314 313 313 313 313 313 313 313 312 311 310 307 304 300 299 300 302 306 308 308 307 307 308 307 307 309 310 310 311 314 315 316 317 318 317 317 317 317 318 318 317 318 318 318 319 321 321 321 321 320 320 319 319 319 319 319 319 319 319 319 319 319 319 319 319 319 319 319 318 317 313 312 311 311 312 312 313 313 313 312 314 313 313 312 313 311 304 298 296 303
316 316 315 315 315 315 314 314 314 314 314 313 312 312 311 309 309 306 305 306 307 308 308 306 305 305 305 305 305 307 306 308 310 313 314 315 316 317 314 314 316 317 317 317 317 317 317 318 318 320 321 321 320 320 319 319 318 319 319 319 319 319 319 319 319 319 318 318 318 318 318 318 318 318 316 312 312 313 313 313 313 314 313 313 314 314 314 314 313 311 307 303 301 303
317 316 316 316 316 315 315 315 314 314 314 313 313 312 312 311 310 309 308 308 307 307 307 302 298 301 301 301 301 301 304 306 310 313 315 315 316 316 315 313 315 316 316 316 316 316 317 317 318 320 320 320 320 320 319 319 318 319 319 319 319 320 319 319 319 318 318 318 318 318 318 318 318 317 317 312 311 312 312 314 314 314 313 314 315 313 315 314 313 313 310 307 306 305
317 317 317 317 316 316 315 315 314 314 314 313 313 312 311 311 311 310 309 308 307 306 305 303 296 297 293 292 295 298 298 303 308 311 314 315 316 316 316 313 314 314 315 315 315 316 316 317 318 319 320 320 320 319 319 318 318 319 319 319 319 320 319 319 319 318 318 318 318 318 318 318 318 317 316 315 313 314 314 313 315 314 315 315 315 313 313 315 314 314 314 311 308 308
317 317 317 316 316 316 315 315 314 314 314 313 313 312 312 311 310 310 309 307 305 305 304 301 294 293 285 288 288 287 287 295 304 309 313 314 316 316 315 313 313 313 313 314 315 315 316 316 317 319 320 320 320 319 319 318 318 318 319 319 319 319 319 319 318 318 318 318 318 318 318 317 317 318 317 317 316 315 316 316 314 314 315 316 316 315 311 315 315 315 314 313 312 312
317 317 316 316 316 315 315 315 314 314 313 313 313 312 311 310 310 309 309 308 306 305 303 301 297 289 277 280 277 278 281 293 304 310 312 315 315 315 315 314 312 312 312 313 314 315 315 316 317 318 318 319 319 318 318 317 317 317 318 319 319 319 319 318 318 318 317 317 317 317 317 317 317 317 317 317 317 317 316 316 316 315 315 316 316 316 316 316 315 315 314 314 312 311
317 317 316 316 316 315 315 314 314 313 313 313 313 312 311 310 310 309 308 307 306 305 302 302 298 289 281 276 271 275 288 298 306 312 314 315 315 315 314 312 312 311 311 312 313 314 315 316 316 317 318 319 319 318 318 317 317 317 317 318 318 318 318 318 318 317 317 317 317 317 317 316 316 317 317 317 317 317 317 316 316 316 314 314 316 316 316 316 316 315 315 314 312 308
317 317 316 316 315 315 314 314 314 313 313 313 312 312 311 311 311 310 309 308 306 304 303 301 299 295 288 283 282 285 293 301 308 313 314 315 314 314 313 311 310 309 310 311 312 314 315 315 316 317 318 318 318 318 317 317 317 317 317 318 318 318 318 318 317 317 317 317 316 316 316 316 316 316 316 316 316 317 317 317 316 317 317 316 314 315 317 317 315 315 315 315 314 312
317 316 316 315 315 314 314 313 313 313 313 313 313 312 312 312 311 310 310 308 307 305 304 302 300 297 296 293 293 295 297 299 309 314 315 315 310 309 310 309 308 309 309 311 312 313 314 315 315 317 318 318 318 318 318 317 317 317 317 318 318 317 317 317 317 317 316 316 316 316 315 315 315 315 316 316 316 316 317 317 317 318 318 317 314 315 317 317 314 315 315 315 314 312
317 316 316 315 315 314 314 313 313 313 313 313 313 313 313 312 312 311 310 309 308 306 304 304 302 301 299 297 298 301 302 307 311 313 315 315 311 309 303 306 312 315 311 311 311 311 313 315 316 317 318 318 318 318 317 317 317 317 316 317 317 317 317 317 316 316 316 316 315 315 315 315 315 315 315 316 316 316 317 317 317 317 318 318 317 318 317 317 316 316 315 316 315 314
317 316 316 316 315 315 314 314 314 314 313 314 314 314 313 313 312 311 311 310 308 307 306 306 305 304 302 290 294 304 307 310 312 314 316 315 313 310 303 307 313 314 312 309 309 309 311 312 314 316 317 318 318 317 317 317 316 316 316 317 317 317 316 316 316 316 316 315 315 315 315 315 315 315 315 315 316 316 316 317 317 318 318 318 318 318 317 317 317 317 316 317 316 316
317 317 317 316 316 315 315 315 314 314 314 314 314 314 313 313 313 313 312 310 310 309 308 307 306 306 306 302 303 309 310 311 313 314 315 315 315 312 312 313 314 314 310 304 305 307 307 308 311 316 317 317 317 317 316 316 316 316 315 316 316 316 316 316 316 315 315 315 315 315 315 314 314 315 315 315 316 316 316 317 317 318 318 319 318 318 318 318 318 317 317 317 317 317
318 317 317 316 316 316 316 315 315 315 315 314 314 314 314 314 313 313 312 312 311 310 309 308 308 308 309 309 310 313 312 313 314 315 315 316 316 315 311 313 314 310 304 297 295 300 305 307 310 314 316 317 317 316 316 316 315 315 315 316 316 316 315 315 315 315 315 315 315 315 314 314 314 315 315 315 315 315 316 316 317 318 318 318 318 318 318 318 318 318 318 318 318 318
318 317 318 317 317 316 316 316 316 316 316 315 315 315 315 314 314 314 313 313 312 311 310 310 310 310 310 310 310 312 313 314 315 315 316 316 316 316 315 313 311 304 297 283 275 291 302 306 310 311 316 316 316 316 315 315 315 315 314 315 315 315 315 315 315 315 315 315 314 314 314 314 314 314 315 315 315 315 316 316 317 317 318 318 318 318 318 318 318 318 318 318 318 319
318 318 318 317 317 317 317 317 317 317 316 316 316 316 315 315 314 315 314 313 313 312 312 311 311 311 311 311 312 312 313 314 315 315 316 316 316 316 316 314 311 305 295 280 270 289 301 305 310 313 316 316 316 315 315 315 314 314 314 315 315 314 314 314 314 314 314 314 314 314 314 314 314 314 315 315 315 315 315 316 317 317 318 318 318 319 319 319 319 318 318 318 318 319
318 317 316 317 317 317 317 317 317 317 317 317 316 316 316 315 315 316 315 314 314 313 313 312 311 311 310 311 312 312 313 314 314 315 316 316 316 316 315 315 313 308 300 292 288 293 299 301 307 312 314 315 315 315 315 314 314 314 314 314 313 313 313 313 314 314 314 314 314 314 314 314 314 314 314 314 315 315 315 316 316 317 318 318 318 318 318 318 319 318 318 318 318 319
318 317 316 317 317 317 317 317 317 317 317 317 317 316 316 316 316 316 315 315 314 314 314 313 312 312 312 312 312 312 313 314 314 315 315 315 315 315 315 315 314 312 308 304 302 298 298 300 306 314 315 315 315 314 314 314 314 314 314 313 313 313 313 313 314 314 314 314 314 314 314 314 314 314 314 314 314 315 315 316 316 316 317 317 317 318 318 318 319 318 318 318 318 319
316 316 314 316 317 317 317 317 317 317 317 317 317 317 317 317 317 316 316 315 315 315 314 314 313 314 313 313 313 313 313 314 314 314 315 315 315 315 314 314 314 314 313 312 311 307 304 305 309 314 315 314 314 314 314 314 314 314 313 313 313 313 313 313 314 314 314 314 314 314 314 314 314 314 314 314 314 314 315 315 315 316 316 316 317 317 317 318 319 318 318 319 319 319
313 313 312 315 316 317 317 317 318 318 318 318 317 317 317 317 317 317 317 316 316 316 315 315 315 314 314 313 313 313 313 313 313 314 314 315 315 314 314 314 314 314 314 314 314 313 314 313 313 314 314 314 314 314 314 314 313 313 313 313 313 313 313 313 314 314 314 314 314 314 314 314 314 314 314 314 314 314 314 315 315 315 315 316 316 317 317 318 319 318 318 319 319 319
310 311 312 315 316 317 317 317 318 318 318 318 318 318 318 318 318 317 317 317 316 316 316 316 316 315 315 314 314 312 314 314 312 312 314 314 314 314 314 313 313 313 313 313 313 313 313 313 313 313 313 313 313 313 313 313 313 313 313 313 313 313 313 313 314 314 314 314 314 314 314 314 314 314 314 314 314 314 314 314 315 315 315 315 316 317 317 318 318 318 318 319 319 319
305 307 310 314 316 317 317 318 318 318 318 318 318 318 318 318 318 318 317 317 317 317 317 317 316 316 315 315 314 314 314 314 313 313 313 314 314 314 314 313 313 313 313 313 313 313 313 313 313 313 313 313 313 313 313 313 313 313 313 313 313 313 313 313 313 313 313 313 313 314 314 314 314 314 314 314 314 314 314 314 314 314 314 315 315 316 317 318 318 318 318 318 319 319
309 308 309 313 316 317 317 318 318 318 318 318 319 319 319 318 318 318 318 318 318 317 317 317 317 317 316 316 315 315 315 315 314 313 314 315 315 314 314 314 313 313 313 313 313 313 313 313 313 313 313 313 313 313 313 313 313 313 313 313 313 313 313 313 313 313 313 313 313 314 314 314 314 314 314 314 314 314 314 314 314 314 314 314 315 316 317 317 318 317 317 318 318 318
314 314 309 310 316 317 317 318 318 319 319 319 319 319 319 319 319 319 318 318 318 318 318 318 318 317 317 316 316 316 316 316 315 314 314 315 315 315 314 314 314 313 313 313 313 313 313 313 313 313 313 308 306 313 313 313 313 313 313 313 313 313 313 313 313 313 313 313 313 314 314 314 314 314 314 314 314 314 314 314 314 314 314 314 315 316 316 317 318 317 317 317 318 318
315 313 314 313 313 317 316 317 318 319 319 319 319 319 319 319 319 319 319 319 319 318 318 318 318 318 318 317 317 317 316 316 316 315 315 315 315 315 315 314 314 314 313 313 313 313 313 313 313 313 313 311 311 313 313 313 313 313 313 313 313 313 313 313 313 313 313 313 313 314 314 314 314 314 314 314 314 314 314 314 314 314 314 314 315 316 316 317 318 317 317 317 317 317
314 315 313 315 317 318 317 316 317 318 319 319 319 319 319 320 320 319 320 319 319 319 319 319 319 318 318 318 318 317 317 317 316 316 316 315 315 315 315 315 314 314 314 313 313 313 313 313 313 313 313 313 313 313 313 313 313 313 313 313 313 313 313 313 313 313 313 313 313 314 314 314 314 314 314 314 314 314 314 314 314 314 314 314 315 315 316 317 317 317 317 317 317 317
317 317 316 316 317 317 317 316 315 316 319 319 319 319 320 320 320 320 320 320 319 319 319 319 319 319 319 318 318 318 318 317 317 317 317 316 316 316 316 315 314 314 314 314 313 313 313 313 313 313 313 313 313 313 313 313 313 313 313 313 313 313 313 313 313 313 313 313 313 313 313 313 313 313 314 314 314 314 314 314 314 314 314 314 315 315 316 317 317 317 317 317 316 316
317 317 316 316 316 317 317 317 317 318 319 319 320 320 320 320 320 320 320 320 320 320 320 320 320 319 319 319 318 318 318 318 317 317 317 316 316 316 316 316 315 315 315 314 314 314 314 313 313 313 313 313 313 313 313 313 313 313 313 313 313 313 313 313 314 314 314 314 314 314 314 314 313 313 314 314 314 314 314 314 314 314 314 314 315 315 316 316 317 317 317 317 316 316
318 317 317 317 317 316 317 317 317 318 319 320 320 320 320 320 320 320 320 320 320 320 320 320 320 320 319 319 319 318 318 318 318 317 317 317 317 317 317 316 316 316 315 315 315 314 314 314 314 314 313 313 313 313 313 313 313 313 313 313 314 314 314 314 314 314 314 314 314 314 314 314 314 314 315 314 314 314 314 314 314 314 314 314 315 315 315 316 317 317 316 316 316 316
318 317 318 318 317 317 317 318 317 319 319 320 320 320 321 320 320 320 321 321 321 321 321 321 320 320 320 319 319 318 318 318 318 318 318 317 317 317 317 317 316 316 316 316 315 315 315 314 314 314 314 314 314 313 313 313 313 313 314 314 314 314 314 314 314 315 315 315 315 315 315 314 314 314 315 315 314 314 314 314 314 314 314 314 315 315 315 316 317 316 316 316 316 315
317 318 317 316 318 319 318 318 318 319 320 320 320 320 321 321 320 321 321 321 321 321 321 321 321 320 320 319 319 318 318 318 318 318 318 318 318 317 317 317 317 316 316 315 316 315 315 315 315 314 314 314 314 314 313 313 313 313 314 314 314 314 314 315 315 315 315 315 315 315 315 315 315 315 315 315 315 314 314 314 314 314 314 315 314 315 315 316 316 316 316 315 315 315
317 317 317 317 318 319 319 319 319 319 319 319 319 319 320 320 320 320 320 321 321 322 322 322 321 321 320 320 319 319 319 318 318 318 318 318 318 318 318 318 317 316 316 315 315 315 315 315 315 315 314 314 314 314 314 313 313 314 314 314 314 315 315 315 315 315 315 315 315 315 315 315 315 315 315 314 314 313 313 314 314 314 314 315 314 314 315 315 316 315 315 315 315 315
nan nan 317 318 318 319 319 319 319 319 318 319 320 320 320 320 320 320 320 321 322 322 322 322 322 321 321 320 319 319 319 318 318 318 318 318 318 318 318 318 317 316 315 314 314 314 314 314 314 314 314 314 314 314 314 314 314 314 314 314 315 315 315 315 315 315 315 314 314 314 314 315 315 315 315 314 314 313 313 314 314 314 314 314 315 315 315 315 315 315 315 315 315 315
nan nan nan nan 318 318 319 319 319 319 319 319 319 320 320 320 320 320 320 321 322 321 322 322 322 321 321 320 319 319 319 318 318 318 318 318 318 317 317 317 316 316 315 314 313 312 312 311 312 312 313 314 314 314 314 314 314 314 315 315 315 316 315 315 314 312 312 313 311 312 313 314 315 315 315 314 314 314 314 315 315 315 315 315 315 315 315 315 315 315 315 315 315 315
nan nan nan nan nan 318 319 319 319 319 319 319 319 319 319 320 320 320 320 322 322 322 322 322 321 321 321 319 318 318 319 319 318 318 318 317 317 317 317 316 316 315 315 314 313 312 311 310 311 310 312 312 313 314 314 314 314 315 315 315 316 316 315 314 313 310 309 306 304 308 310 313 314 315 315 314 314 314 314 315 315 315 315 315 315 315 315 315 315 315 315 315 315 315
nan nan nan nan nan nan nan 319 319 319 319 319 319 319 319 320 320 320 320 322 322 322 322 322 322 321 320 319 318 318 318 318 318 318 317 317 317 316 316 316 315 315 314 314 313 312 311 309 308 309 311 310 310 312 313 314 315 315 315 316 316 316 315 313 312 309 304 307 306 302 303 307 313 315 315 314 314 314 314 315 315 315 315 315 315 315 315 315 315 315 315 315 315 315
nan nan nan nan nan nan nan nan 319 319 319 319 319 319 319 320 320 320 320 321 321 322 322 322 322 322 320 318 318 317 317 318 318 318 317 317 316 316 316 315 315 314 314 313 312 311 310 309 308 307 308 308 308 310 311 313 315 315 316 316 316 316 315 313 310 306 306 316 316 303 299 305 313 315 315 314 314 314 314 314 314 314 314 314 315 315 315 315 315 315 315 315 315 315
nan nan nan nan nan nan nan nan nan nan 319 319 319 319 319 320 320 320 320 321 321 322 322 322 322 321 319 318 318 318 318 318 318 317 317 317 316 316 315 315 314 313 313 312 312 311 310 309 308 307 306 306 306 307 309 310 313 315 316 316 317 316 315 313 310 307 303 311 313 305 306 308 312 314 315 314 314 314 314 314 314 314 314 314 315 315 315 315 315 315 315 315 315 315
nan nan nan nan nan nan nan nan nan nan nan 319 319 319 319 320 320 320 320 321 321 322 322 321 321 321 319 318 317 317 317 317 316 315 316 316 316 316 315 314 314 313 312 312 311 310 309 308 307 306 304 303 304 302 302 307 312 314 315 316 316 316 315 314 312 310 306 305 304 313 315 313 313 313 315 314 314 314 314 314 314 314 314 314 315 315 315 315 315 315 315 315 315 315
