ecocropFuture/tif/c6/rcp585/ACCESS-CM2/tmax_10.asc
ncols        683
nrows        518
xllcorner    -87.691666666667
yllcorner    10.708333333333
cellsize     0.008333333333
NODATA_value  nan
[rows 420 to 461 of 518, columns 188 to 281 of 683]
307 308 307 307 310 311 310 308 308 305 304 303 302 298 296 296 298 302 302 303 299 298 299 301 301 303 305 308 309 309 310 310 310 310 310 309 309 308 308 308 308 307 307 307 307 307 307 307 307 307 307 307 306 306 305 304 301 299 295 288 286 292 296 300 304 305 307 309 310 310 309 309 309 308 308 308 308 308 308 308 308 308 308 308 308 308 308 308 308 308 308 308 308 308
309 307 307 308 310 311 309 309 309 307 304 302 300 299 299 298 300 303 302 304 301 302 299 302 303 304 305 306 308 309 309 310 310 310 310 309 309 309 308 308 308 308 307 307 307 307 307 307 307 307 307 307 306 306 306 305 304 302 300 298 298 300 301 302 304 305 307 308 309 309 309 309 309 308 308 308 308 308 308 308 308 308 308 308 308 308 308 308 308 308 308 308 308 308
309 309 308 310 310 309 308 306 308 306 303 299 298 298 301 299 301 302 298 304 305 303 300 302 302 303 306 305 308 309 309 309 310 310 310 309 309 309 308 308 308 308 307 307 307 307 307 307 307 307 306 306 306 306 306 306 305 304 303 303 302 304 305 305 305 306 308 308 309 309 309 309 309 308 308 308 308 308 308 308 308 308 308 308 308 308 308 308 308 308 308 308 308 308
310 310 310 311 310 306 308 306 306 307 305 301 301 302 302 299 301 300 298 303 305 302 303 305 304 304 306 306 307 308 309 309 310 309 309 309 309 309 308 308 308 307 306 306 306 307 307 307 307 307 307 306 306 306 307 307 306 306 305 305 306 307 307 308 307 308 308 308 309 309 309 308 309 308 308 308 308 308 308 308 308 308 308 308 308 308 308 308 308 308 308 308 308 308
310 310 311 311 310 309 306 304 305 305 303 302 304 304 299 302 299 299 303 304 306 304 305 306 304 304 306 307 306 308 309 309 309 309 309 309 309 309 309 308 308 307 306 306 306 307 307 307 307 307 307 307 307 307 307 307 308 308 307 304 308 309 308 309 308 308 308 308 309 308 307 306 306 306 306 307 307 307 308 308 308 308 308 308 308 308 308 308 308 308 308 308 308 308
310 311 311 311 310 309 307 306 304 305 302 306 306 302 302 301 298 303 305 306 306 305 305 307 306 305 307 308 307 308 308 309 309 309 309 309 309 309 309 308 308 307 306 306 306 307 307 306 306 307 307 307 307 307 308 308 308 309 309 308 309 309 309 308 308 308 308 308 308 307 304 303 301 301 301 303 303 304 307 308 308 308 308 308 308 308 308 308 308 308 308 308 308 308
311 310 311 311 311 310 309 306 304 305 306 307 304 302 304 301 298 304 306 306 307 308 307 307 305 306 307 308 308 306 306 308 309 309 309 309 309 309 309 308 308 307 307 306 306 307 307 306 306 307 307 307 307 307 308 308 308 308 309 309 309 309 308 308 308 308 308 308 306 303 299 297 294 291 291 296 298 300 304 307 308 308 308 308 308 308 308 308 308 308 308 308 308 308
nan 311 311 310 311 311 310 309 307 306 308 306 303 305 303 300 300 304 302 305 307 308 308 307 305 306 308 308 307 306 305 306 308 308 309 309 309 309 308 308 308 307 307 306 306 307 307 307 306 307 307 307 307 307 307 308 308 308 308 309 308 308 308 308 308 308 308 308 305 301 296 290 282 276 278 283 290 297 303 307 308 308 308 308 308 308 308 308 308 308 308 308 308 308
nan nan 311 310 311 310 310 310 309 308 304 301 306 305 304 300 299 301 300 303 306 308 309 306 307 307 308 307 306 306 305 304 307 308 308 309 309 309 308 308 308 308 307 306 306 307 307 307 307 307 307 307 307 307 307 308 308 308 308 308 308 308 308 308 308 308 308 307 304 300 293 284 269 262 265 268 281 294 301 306 308 308 308 308 308 308 308 308 308 308 308 308 308 308
nan nan nan nan 311 309 308 309 310 309 305 305 307 302 296 294 298 297 299 303 306 308 309 308 308 308 307 304 303 304 305 305 307 308 308 309 309 309 309 308 308 308 307 307 306 307 307 307 307 307 307 307 307 307 307 307 307 308 308 308 308 308 308 308 308 308 308 307 305 300 292 279 262 252 259 264 278 292 301 306 308 309 308 308 308 308 308 308 308 308 308 308 308 308
nan nan nan nan nan 309 306 305 309 309 309 309 308 303 298 296 300 301 300 301 305 308 309 309 308 306 305 302 303 304 305 304 305 307 308 308 309 309 309 308 308 308 307 307 306 307 307 307 307 307 307 307 307 307 307 307 307 307 307 307 307 307 307 307 307 308 308 308 306 303 295 284 269 259 263 271 280 294 302 307 309 309 309 308 308 308 308 308 308 308 308 308 308 308
nan nan nan nan nan nan 307 306 309 310 310 310 309 308 305 301 302 302 298 301 305 308 308 309 307 305 300 302 302 305 306 305 305 307 308 308 308 309 309 308 308 308 307 307 307 307 307 307 307 307 307 307 307 307 307 307 307 307 307 307 307 307 307 307 307 307 308 308 308 306 300 292 285 272 273 278 288 297 303 307 309 309 309 309 308 308 308 308 308 308 308 308 308 308
nan nan nan nan nan nan 308 309 309 310 310 309 309 308 307 304 303 298 301 303 306 308 308 309 309 309 303 302 305 305 306 306 307 307 308 308 309 309 309 308 308 308 308 307 307 308 307 307 307 307 307 307 307 307 307 307 307 307 307 307 307 307 307 307 307 307 308 308 308 307 304 300 296 287 286 290 296 302 305 307 309 309 309 308 308 308 308 308 308 308 308 308 308 308
nan nan nan nan nan nan nan nan 310 310 308 307 306 307 306 304 301 299 300 305 306 308 309 309 310 309 308 302 305 306 307 307 307 307 307 308 308 308 309 308 308 308 308 307 307 307 306 306 306 306 307 307 307 307 307 307 307 307 307 307 307 307 307 307 307 307 307 308 308 308 307 304 302 298 298 301 305 307 308 308 308 308 308 308 308 308 308 308 308 308 308 308 308 308
nan nan nan nan nan nan nan nan nan nan 308 306 307 307 307 306 304 303 303 304 307 308 309 309 309 309 309 307 304 307 307 306 306 307 306 307 307 308 308 308 308 308 308 308 307 307 307 306 306 306 307 307 307 307 307 307 307 307 307 307 307 307 307 307 307 307 307 308 308 308 308 308 307 306 306 307 308 308 308 308 308 308 308 308 308 308 308 308 308 308 308 308 308 308
nan nan nan nan nan nan nan nan nan nan nan 308 306 306 308 307 306 305 307 307 305 308 310 310 309 307 307 308 306 307 307 307 306 307 305 307 307 308 308 308 308 308 308 308 307 307 307 306 306 306 307 307 307 307 307 307 307 307 307 307 307 307 307 307 307 307 307 308 308 308 308 308 308 308 308 308 308 308 308 308 308 308 308 308 308 308 308 308 308 308 308 308 308 308
nan nan nan nan nan nan nan nan nan nan nan 309 308 308 306 303 303 305 306 309 307 308 310 308 305 305 304 306 308 308 308 308 308 307 305 306 307 308 308 308 308 308 308 308 308 307 307 306 306 306 307 307 307 307 307 307 307 307 307 307 307 307 307 307 307 308 308 308 308 308 308 308 308 308 308 308 308 308 308 308 308 308 308 308 308 308 308 308 308 308 308 308 308 308
nan nan nan nan nan nan nan nan nan nan nan 309 306 305 305 302 302 301 306 309 310 309 309 307 306 304 305 306 306 307 307 308 308 308 307 307 308 308 308 309 309 308 308 308 308 308 307 307 306 306 307 307 307 307 307 307 307 307 307 307 307 307 307 308 308 308 308 308 308 308 308 308 308 308 308 308 308 308 308 308 308 308 308 308 308 308 308 308 308 308 308 308 308 308
nan nan nan nan nan nan nan nan nan nan nan nan nan nan 308 306 304 301 307 309 310 310 309 305 303 304 305 306 307 307 307 308 308 308 308 308 309 309 308 308 309 308 308 308 308 308 307 307 307 306 306 306 306 306 306 307 307 307 307 307 308 308 308 308 308 308 308 308 308 308 308 308 308 308 308 308 308 308 308 308 308 308 308 308 308 308 308 308 308 308 308 308 308 308
nan nan nan nan nan nan nan nan nan nan nan nan nan nan 308 307 304 303 308 309 310 309 307 304 301 301 302 306 307 307 308 308 308 308 308 308 309 309 309 309 308 308 308 308 308 308 308 307 307 307 307 306 306 306 306 307 307 307 308 308 308 308 308 308 308 308 308 308 308 308 308 308 308 308 308 308 308 308 308 308 308 308 308 308 308 308 308 308 308 308 308 308 308 308
nan nan nan nan nan nan nan nan nan nan nan nan nan nan nan nan 306 305 309 309 309 309 308 307 302 300 302 305 306 307 308 308 308 307 308 308 308 308 308 309 309 308 308 308 308 308 308 308 307 307 307 307 306 306 306 307 307 307 308 308 308 308 308 308 308 308 308 308 308 308 308 308 308 308 308 308 308 308 308 308 308 308 308 308 308 308 308 308 308 308 308 308 308 308
nan nan nan nan nan nan nan nan nan nan nan nan nan nan nan nan nan nan 309 309 308 307 304 305 304 303 302 301 304 307 308 308 308 308 308 309 308 308 309 309 309 308 308 309 308 308 308 308 308 307 307 307 306 306 306 307 307 308 308 308 308 308 308 308 308 308 308 308 308 308 308 308 308 308 308 308 308 308 308 308 308 308 308 308 308 308 308 308 308 308 308 308 309 309
nan nan nan nan nan nan nan nan nan nan nan nan nan nan nan nan nan nan nan nan 308 305 301 305 307 306 303 301 302 306 307 307 308 308 308 309 309 308 308 308 308 307 308 309 307 307 308 308 308 308 307 307 307 306 306 307 308 308 308 308 308 308 308 308 308 308 308 308 308 308 308 308 308 308 308 308 308 308 308 308 308 308 308 308 308 308 308 308 308 308 309 309 309 309
nan nan nan nan nan nan nan nan nan nan nan nan nan nan nan nan nan nan nan nan nan 307 304 303 308 307 306 304 304 304 306 307 307 307 308 308 309 309 309 308 307 307 308 308 306 307 307 308 308 308 308 307 307 307 307 308 308 308 308 308 308 308 308 308 308 308 308 308 308 308 308 308 308 308 308 308 308 308 308 308 308 308 308 308 308 308 309 309 309 309 309 309 309 309
nan nan nan nan nan nan nan nan nan nan nan nan nan nan nan nan nan nan nan nan nan nan 305 304 308 308 307 307 305 303 303 306 307 308 308 308 308 309 309 309 308 308 309 308 307 307 307 308 308 308 308 308 308 307 307 308 308 308 308 308 308 308 308 308 308 308 308 308 308 308 308 308 308 308 308 308 308 308 308 309 309 309 309 309 309 309 309 309 309 309 309 309 309 309
nan nan nan nan nan nan nan nan nan nan nan nan nan nan nan nan nan nan nan nan nan nan nan 306 308 308 307 305 301 304 304 303 306 307 307 308 308 309 309 308 308 308 309 308 308 308 308 308 309 309 308 308 308 308 307 308 308 308 308 308 308 308 308 308 308 308 308 308 308 308 308 308 308 308 308 309 309 309 309 309 309 309 309 309 309 309 309 309 309 309 309 309 309 309
nan nan nan nan nan nan nan nan nan nan nan nan nan nan nan nan nan nan nan nan nan nan nan nan nan 308 307 305 306 307 306 304 304 304 306 307 307 308 308 308 308 308 309 308 308 309 309 309 309 309 309 308 308 308 308 309 308 308 308 308 308 308 308 308 308 308 308 308 308 308 308 308 308 308 309 309 309 309 309 309 309 309 309 309 309 309 309 309 309 309 309 309 309 309
nan nan nan nan nan nan nan nan nan nan nan nan nan nan nan nan nan nan nan nan nan nan nan nan nan 308 306 306 308 306 304 303 300 300 303 306 307 307 307 307 307 308 308 308 309 309 309 309 309 309 309 309 308 308 308 309 309 308 308 308 308 308 308 308 308 308 308 308 308 308 308 308 308 309 309 309 309 309 309 309 309 309 309 309 309 309 309 309 309 309 309 309 309 309
nan nan nan nan nan nan nan nan nan nan nan nan nan nan nan nan nan nan nan nan nan nan nan nan nan nan 308 309 308 305 301 300 297 298 302 302 304 302 304 305 307 307 307 308 308 308 309 309 309 309 308 309 308 308 308 308 308 308 307 307 308 308 308 308 308 308 308 308 308 308 308 308 309 309 309 309 309 309 309 309 309 309 309 309 309 309 309 309 309 309 309 309 309 309
nan nan nan nan nan nan nan nan nan nan nan nan nan nan nan nan nan nan nan nan nan nan nan nan nan nan nan 308 308 306 303 301 299 301 303 302 301 300 300 301 305 304 305 306 307 308 309 309 309 309 308 308 309 309 309 309 308 308 308 308 309 309 308 308 308 308 308 308 308 308 308 309 309 309 309 309 309 309 309 309 309 309 309 309 309 309 309 309 309 309 309 309 309 309
nan nan nan nan nan nan nan nan nan nan nan nan nan nan nan nan nan nan nan nan nan nan nan nan nan nan nan 309 309 308 307 307 304 305 304 300 299 304 303 301 301 298 301 305 306 307 308 308 309 309 309 309 308 309 309 309 308 308 308 308 309 309 309 309 308 308 308 308 308 308 308 309 309 309 309 309 309 309 309 309 309 309 309 309 309 309 309 309 309 309 309 309 309 309
nan nan nan nan nan nan nan nan nan nan nan nan nan nan nan nan nan nan nan nan nan nan nan nan nan nan nan nan 308 308 310 310 309 309 306 302 302 306 304 302 297 293 297 302 303 305 307 308 308 309 309 309 309 309 309 308 308 308 309 308 309 309 309 309 308 308 308 308 309 309 309 309 309 309 309 309 309 309 309 309 309 309 309 309 309 309 309 309 309 309 309 309 309 309
nan nan nan nan nan nan nan nan nan nan nan nan nan nan nan nan nan nan nan nan nan nan nan nan nan nan nan nan nan nan 309 308 310 309 307 306 306 306 301 300 298 298 301 301 297 302 305 307 308 308 309 309 309 309 309 308 308 308 308 309 309 309 309 309 309 309 309 309 309 309 309 309 309 309 309 309 309 309 309 309 309 309 309 309 309 309 309 309 309 309 309 309 309 309
nan nan nan nan nan nan nan nan nan nan nan nan nan nan nan nan nan nan nan nan nan nan nan nan nan nan nan nan nan 309 307 306 307 309 309 308 307 304 298 296 297 302 304 301 297 301 302 303 305 307 308 309 309 309 309 308 308 308 308 308 308 308 308 307 306 309 309 309 309 309 309 309 309 309 309 309 309 309 309 309 309 309 309 309 309 309 309 309 309 309 309 309 309 309
nan nan nan nan nan nan nan nan nan nan nan nan nan nan nan nan nan nan nan nan nan nan nan nan nan nan nan nan nan nan nan 309 305 305 307 305 304 303 297 299 303 305 305 300 295 296 296 295 303 306 307 308 308 308 308 308 308 307 307 307 308 308 308 307 306 308 308 309 309 309 309 309 309 309 309 309 309 309 309 309 309 309 309 309 309 309 309 309 309 309 309 309 309 309
nan nan nan nan nan nan nan nan nan nan nan nan nan nan nan nan nan nan nan nan nan nan nan nan nan nan nan nan nan nan nan nan 307 306 306 304 306 302 300 305 306 306 300 297 296 296 297 297 298 304 306 307 307 307 307 308 307 307 306 307 308 309 308 306 305 307 306 306 307 308 309 310 310 310 309 309 309 309 309 309 309 309 309 309 309 309 309 309 309 309 309 309 309 309
nan nan nan nan nan nan nan nan nan nan nan nan nan nan nan nan nan nan nan nan nan nan nan nan nan nan nan nan nan nan nan nan nan 309 306 307 303 303 306 307 308 305 299 301 299 298 302 300 299 303 305 303 306 306 306 307 307 306 306 306 308 309 308 306 301 303 302 303 304 306 308 310 310 310 310 310 310 310 309 309 309 309 309 309 309 309 309 309 309 309 309 309 309 309
nan nan nan nan nan nan nan nan nan nan nan nan nan nan nan nan nan nan nan nan nan nan nan nan nan nan nan nan nan nan nan nan nan nan 309 303 305 304 307 308 306 302 301 305 298 302 303 297 296 302 304 303 302 303 302 304 306 306 306 307 308 309 308 306 299 297 298 301 302 304 307 310 310 310 310 310 310 310 310 309 309 309 309 309 309 309 309 309 309 309 309 310 310 310
nan nan nan nan nan nan nan nan nan nan nan nan nan nan nan nan nan nan nan nan nan nan nan nan nan nan nan nan nan nan nan nan nan nan nan 307 306 306 309 307 302 300 305 305 303 304 298 295 296 296 302 300 298 298 299 304 305 305 306 307 308 nan nan nan nan nan nan 299 300 304 307 310 310 310 310 310 310 310 310 310 310 310 310 309 310 310 310 310 310 310 310 310 310 310
nan nan nan nan nan nan nan nan nan nan nan nan nan nan nan nan nan nan nan nan nan nan nan nan nan nan nan nan nan nan nan nan nan nan nan nan 307 309 308 302 304 306 306 307 306 302 298 298 298 295 301 298 296 297 299 303 301 303 306 307 307 nan nan nan nan nan nan nan 297 304 308 309 310 310 311 311 310 310 310 310 310 310 310 310 310 310 310 310 310 310 310 310 310 310
nan nan nan nan nan nan nan nan nan nan nan nan nan nan nan nan nan nan nan nan nan nan nan nan nan nan nan nan nan nan nan nan nan nan nan nan nan 308 306 304 308 309 308 306 305 301 300 301 297 294 297 297 296 299 302 301 299 303 304 307 nan nan nan nan nan nan nan nan nan 305 308 309 310 310 310 311 311 311 311 311 311 311 311 311 311 311 311 311 311 311 310 310 310 310
nan nan nan nan nan nan nan nan nan nan nan nan nan nan nan nan nan nan nan nan nan nan nan nan nan nan nan nan nan nan nan nan nan nan nan nan nan 308 307 309 309 307 304 302 303 303 304 301 296 292 295 296 297 296 299 300 301 301 304 307 nan nan nan nan nan nan nan nan nan nan 309 309 310 310 310 310 310 311 311 311 311 311 311 311 311 311 311 311 311 311 311 311 311 311
