ecocropFuture/tif/c6/rcp585/ACCESS-CM2/tmax_4.asc
ncols        683
nrows        518
xllcorner    -87.691666666667
yllcorner    10.708333333333
cellsize     0.008333333333
NODATA_value  nan
[rows 378 to 419 of 518, columns 376 to 469 of 683]
316 313 313 314 313 314 315 315 316 317 317 318 318 318 319 319 319 319 319 319 320 320 320 320 321 321 321 320 320 319 318 317 317 316 317 319 321 319 314 311 311 309 305 303 304 306 306 307 309 315 314 315 314 312 314 318 320 320 320 320 320 320 320 320 320 320 320 320 320 320 320 320 320 320 320 319 319 320 320 320 320 320 319 319 319 319 nan nan nan nan nan nan 315 nan
316 315 315 315 315 314 315 316 317 317 318 318 318 319 319 320 320 320 320 321 319 319 319 319 320 320 321 321 321 320 319 318 317 318 318 319 321 317 313 312 310 305 300 296 297 303 306 307 309 314 312 314 313 313 317 319 319 319 320 320 320 320 321 321 321 321 321 320 320 320 320 320 320 320 320 320 320 320 320 320 320 321 319 319 319 319 320 319 nan nan nan nan nan nan
317 317 317 317 316 315 314 316 317 318 318 319 319 319 320 320 321 321 320 320 318 317 317 319 320 320 321 322 322 321 318 317 317 319 321 322 320 317 313 312 310 307 301 297 300 303 306 308 308 312 312 315 315 314 316 319 318 319 320 320 320 321 321 321 321 321 321 320 320 320 319 320 320 320 321 320 320 320 320 320 321 321 319 319 319 319 320 319 318 nan nan nan nan nan
317 318 318 317 316 316 316 317 317 318 319 319 320 320 320 320 321 320 319 319 318 316 317 317 319 320 321 321 322 322 321 320 321 321 322 320 317 316 313 311 310 308 305 303 304 305 307 306 307 311 315 317 315 318 319 319 318 319 319 320 321 320 321 320 320 320 320 320 320 320 320 320 320 320 320 321 320 320 320 320 321 321 320 320 319 320 320 319 318 nan nan nan nan nan
317 318 318 317 317 318 318 317 317 318 318 320 320 321 321 321 321 320 319 319 318 316 317 317 317 318 319 320 322 320 318 318 318 318 319 318 315 314 312 311 311 309 307 306 307 305 307 307 307 309 311 314 315 317 316 316 316 317 317 320 321 321 321 319 319 320 320 320 320 320 320 320 320 320 320 321 321 320 320 320 320 321 320 320 320 320 320 319 319 nan nan nan nan nan
318 318 319 318 319 318 319 318 318 319 319 320 320 320 321 321 321 321 319 318 317 316 317 317 316 319 320 320 322 321 319 318 317 317 317 317 317 314 314 313 312 311 310 308 308 307 307 308 307 306 310 313 316 316 314 316 317 316 319 318 320 321 321 320 320 320 320 321 320 320 320 320 320 320 320 320 320 320 320 320 320 321 320 320 320 320 320 319 319 318 nan nan nan nan
319 319 320 319 319 319 319 320 320 320 320 320 320 320 320 321 320 320 319 317 316 317 318 317 318 319 321 322 321 320 318 317 317 317 317 316 315 314 314 313 312 311 310 309 309 308 306 308 309 308 311 315 316 315 314 315 316 317 318 320 320 319 321 321 320 320 321 320 320 320 319 319 319 319 319 320 320 320 320 320 320 320 320 320 320 320 320 319 318 318 317 nan nan nan
319 320 320 320 320 319 320 320 320 321 321 321 321 320 320 320 320 318 317 317 318 318 317 318 318 319 321 322 320 318 318 317 317 317 317 316 315 314 313 312 311 311 311 310 309 309 306 306 310 313 314 316 316 314 314 314 317 318 318 319 320 320 321 321 320 320 320 318 318 320 318 319 318 318 319 319 320 320 320 320 320 320 319 320 320 320 319 319 318 318 318 317 317 nan
320 320 320 320 319 319 318 319 320 321 321 321 321 321 320 321 320 319 318 318 319 318 317 317 318 321 321 321 321 319 318 318 318 318 318 317 316 315 314 312 311 311 310 308 308 308 308 309 312 315 316 317 317 316 316 315 316 318 319 320 320 320 321 321 320 319 319 317 318 319 317 316 317 318 319 319 320 319 319 320 320 320 319 319 319 319 319 319 319 318 318 318 317 nan
319 319 320 320 321 321 320 320 321 321 321 321 321 321 321 321 320 320 319 318 318 318 318 319 320 318 317 320 322 319 319 319 320 319 319 319 317 316 315 314 312 311 311 309 308 306 309 311 312 316 317 317 318 319 318 318 319 318 318 320 320 321 321 321 320 319 318 317 317 318 317 315 315 316 318 319 319 319 319 319 320 319 319 319 319 319 319 319 319 318 318 318 318 318
318 318 320 320 320 321 321 321 322 322 322 321 321 321 321 321 321 321 320 319 318 319 319 319 317 312 315 319 321 320 321 319 319 320 319 318 317 317 315 314 313 312 310 309 307 307 308 312 313 318 319 319 319 319 319 319 319 320 320 320 320 320 321 321 320 320 320 319 318 316 317 318 317 317 317 318 318 318 319 319 319 319 320 320 320 320 320 319 319 318 318 318 318 318
319 319 320 321 321 321 321 322 322 322 322 322 322 322 321 321 321 321 321 320 320 318 316 319 319 318 318 321 321 322 319 314 318 319 320 319 318 316 315 314 312 311 310 309 308 308 311 313 316 318 320 318 316 316 316 318 319 320 320 321 321 321 321 321 320 320 320 320 318 316 315 316 316 318 318 318 318 319 319 319 319 320 320 320 320 320 320 319 319 318 318 318 318 318
321 319 320 320 321 321 321 321 322 322 322 322 322 322 322 322 321 321 321 321 320 319 317 319 320 320 321 320 320 322 320 318 318 319 319 318 318 317 317 315 312 311 310 309 310 312 314 315 318 319 318 318 314 314 317 318 319 319 320 321 321 321 321 321 321 319 319 319 319 318 318 318 318 318 319 319 319 319 319 320 320 320 319 319 319 320 320 319 319 318 318 317 318 317
321 321 321 320 320 321 321 321 322 322 322 322 322 322 322 322 321 321 321 321 321 320 320 320 320 320 320 320 320 321 320 319 319 319 319 318 318 318 317 315 313 310 311 308 309 312 316 317 318 317 317 315 313 316 317 319 320 320 321 321 321 321 321 321 321 320 320 320 320 319 319 319 319 319 319 320 320 320 320 320 320 319 318 319 319 319 320 319 318 318 318 317 317 317
322 321 322 321 321 321 321 321 321 322 322 322 322 322 322 322 322 322 321 321 321 321 321 320 321 321 321 322 322 320 320 320 319 319 318 317 318 317 318 316 315 314 314 311 311 314 315 317 317 315 316 313 315 317 319 319 320 321 321 321 321 321 321 321 321 319 319 320 320 319 318 319 319 319 320 320 320 319 319 319 320 320 319 319 319 319 320 318 318 318 318 317 317 317
322 322 322 322 321 321 322 322 321 322 321 322 322 323 322 322 322 322 322 322 321 321 321 320 321 321 321 321 321 320 320 319 319 319 318 317 317 316 317 316 316 315 315 313 313 314 315 315 315 314 315 315 318 320 319 321 320 321 322 321 321 321 322 322 322 321 321 321 320 319 318 318 318 319 319 320 320 319 319 319 319 319 319 319 318 319 319 318 318 318 318 317 317 317
322 322 321 322 322 322 322 322 322 322 322 322 323 323 323 323 322 322 322 322 322 322 321 322 322 321 321 320 320 321 320 319 319 319 318 317 317 316 317 315 315 315 314 312 311 313 313 314 314 314 316 319 321 321 321 321 321 321 322 322 322 322 322 322 322 321 321 321 320 319 319 319 318 320 320 320 319 319 318 318 319 319 318 317 317 318 318 317 317 317 317 317 317 317
322 321 320 321 322 322 322 322 322 322 323 323 323 323 323 322 323 323 322 322 322 322 322 321 322 321 321 320 320 320 320 319 319 319 318 316 314 316 316 314 314 312 312 310 310 314 313 316 319 319 320 321 322 321 321 321 322 322 322 322 322 322 322 322 322 321 321 321 321 320 320 319 318 319 319 320 318 318 317 317 317 318 317 316 316 316 316 315 315 317 318 318 318 318
323 322 321 320 322 323 323 323 322 323 323 323 323 323 323 323 323 323 322 321 321 322 321 321 322 321 321 320 320 320 320 319 318 318 317 314 312 315 317 316 314 314 312 316 317 316 314 315 320 322 322 322 322 322 322 322 322 322 322 322 322 322 322 322 321 321 321 321 321 321 320 319 316 317 319 319 317 317 316 316 315 316 317 317 316 317 316 314 314 316 318 318 318 318
323 322 322 322 323 323 323 323 323 323 323 323 323 323 323 323 323 323 322 322 322 321 321 320 321 321 321 320 319 320 319 318 315 317 317 319 317 316 316 316 316 318 318 321 321 321 317 319 321 321 321 322 322 323 323 323 322 322 322 322 322 322 322 322 322 322 321 321 321 320 320 319 317 318 317 316 316 314 314 312 314 316 317 317 316 316 316 314 314 315 316 318 318 318
323 323 323 324 324 323 323 323 324 323 323 323 323 322 323 324 324 323 323 323 322 321 321 320 321 321 320 320 320 319 319 317 319 318 318 322 322 320 318 320 319 322 323 324 324 323 323 322 321 322 323 323 323 323 322 322 322 322 323 323 323 323 323 322 322 322 321 321 321 320 320 319 317 317 316 313 313 313 312 311 313 316 316 317 316 315 315 314 314 316 316 317 318 318
323 324 324 324 324 324 324 324 324 323 322 323 322 322 323 323 323 323 322 322 321 321 321 320 320 321 321 321 320 318 321 319 321 320 317 322 324 323 322 324 324 324 325 325 324 325 324 323 324 324 324 324 323 322 323 323 323 322 323 323 323 323 323 323 322 322 322 320 320 319 320 319 317 313 312 311 313 312 312 313 314 315 315 316 317 315 312 311 312 314 315 318 318 318
324 324 323 324 324 324 324 323 323 323 321 322 322 323 323 323 323 322 322 321 320 320 320 319 320 321 320 320 320 319 321 322 322 323 322 324 325 325 325 324 324 325 325 325 324 325 325 324 324 323 323 323 322 322 323 323 323 323 323 323 323 323 323 323 323 322 321 321 320 320 319 318 316 315 311 312 311 310 311 311 311 313 313 314 313 314 312 313 315 315 315 317 318 318
324 323 323 323 324 324 323 322 322 322 323 322 323 323 323 323 322 322 321 320 320 320 320 319 320 320 319 319 319 321 321 323 324 325 325 325 325 325 326 326 326 326 326 326 326 326 325 325 324 323 321 322 322 322 323 322 322 322 323 323 323 323 323 323 323 322 322 322 321 321 320 319 318 314 311 312 313 312 312 312 311 314 315 315 316 316 317 314 317 317 317 318 318 317
324 323 323 323 323 323 323 322 323 323 323 322 322 322 322 323 322 321 321 321 321 320 320 320 320 320 318 317 318 321 323 323 324 324 324 325 324 323 324 325 326 326 326 326 326 326 326 325 325 323 321 323 323 323 323 322 322 322 323 323 322 322 323 324 323 323 323 322 321 319 318 318 317 316 312 315 316 314 315 315 315 315 316 317 316 316 317 316 317 316 316 317 317 316
324 323 323 323 322 323 323 322 323 322 322 322 322 322 322 322 322 322 321 320 320 319 320 319 319 319 317 318 320 321 320 319 322 323 324 322 322 322 323 325 326 326 326 326 326 326 326 326 325 324 324 325 324 324 323 322 323 323 323 322 322 323 323 323 323 323 322 322 322 320 320 318 316 317 317 318 318 316 316 317 317 316 315 315 316 316 315 316 314 311 312 315 316 315
324 323 322 322 322 322 322 322 322 322 322 322 322 322 322 322 322 322 320 320 320 318 319 319 318 319 319 319 319 317 317 320 322 324 324 323 323 324 325 326 326 326 327 326 326 326 326 326 326 325 325 326 324 324 322 321 322 323 323 323 323 323 323 323 323 323 323 322 322 322 320 318 319 320 319 320 320 317 315 316 317 317 317 314 313 314 314 314 311 309 310 313 316 315
324 323 321 319 320 321 321 322 322 321 320 321 322 322 322 321 321 321 321 319 320 319 318 317 316 317 318 320 321 319 319 323 325 326 326 326 326 326 326 326 326 326 326 326 326 326 326 326 326 325 325 326 324 324 323 322 322 323 324 324 323 323 323 323 323 323 324 323 323 322 322 321 321 320 320 321 319 318 315 315 317 318 316 314 313 313 313 310 310 311 310 311 315 315
323 322 322 321 320 320 320 321 321 320 320 321 322 322 321 319 319 320 321 320 318 314 312 312 316 318 320 320 321 323 324 323 324 325 326 326 326 326 326 326 325 325 326 325 325 326 326 325 325 325 325 326 324 323 324 323 323 323 323 324 324 323 324 324 324 324 324 324 323 323 323 321 321 320 321 321 318 318 316 316 318 318 317 315 312 311 310 309 309 310 312 312 314 315
323 323 322 321 320 320 321 321 321 321 321 321 320 321 320 320 320 320 319 320 317 310 304 305 314 318 320 323 324 323 322 321 321 325 326 326 326 325 325 325 325 325 326 326 326 325 326 325 326 326 325 326 325 324 325 324 323 323 324 324 324 324 324 324 324 324 324 324 323 323 323 322 322 322 322 320 319 317 316 317 318 318 316 316 314 312 309 310 309 308 313 316 314 314
322 322 321 321 320 320 320 321 322 322 323 323 322 321 320 322 323 321 318 318 317 313 307 304 314 320 321 322 323 323 323 324 324 326 326 326 325 325 325 325 325 325 325 326 326 326 326 326 326 326 325 326 325 325 325 324 324 324 324 324 324 324 324 324 324 324 324 324 324 324 323 323 323 322 321 321 320 319 316 313 315 318 319 317 316 313 313 313 312 310 314 315 316 315
321 320 320 321 320 320 321 322 322 321 322 321 323 320 322 324 323 320 318 315 311 309 309 314 319 321 322 323 325 324 323 324 325 326 325 325 325 324 324 325 325 325 325 326 325 325 325 324 325 326 326 325 325 325 325 325 325 325 325 324 324 324 324 324 324 324 324 324 324 324 324 323 323 322 322 322 321 320 315 313 314 317 320 318 318 317 317 314 312 314 315 317 317 317
322 321 320 319 319 320 321 321 321 321 322 322 323 323 324 323 322 322 318 314 311 315 318 320 322 323 323 325 325 325 325 326 324 324 323 323 324 321 322 323 324 324 325 325 325 323 323 323 324 325 325 324 323 324 324 324 324 324 324 324 324 324 323 324 324 324 323 324 324 324 324 323 323 323 322 322 320 319 314 314 314 316 319 320 320 318 317 316 312 313 317 318 317 318
320 320 320 320 320 320 319 320 321 321 321 321 323 323 323 324 324 322 317 315 314 317 320 323 323 324 324 325 324 324 323 323 321 322 321 321 323 323 321 321 323 323 323 324 325 322 321 323 322 322 323 323 322 323 323 323 324 324 324 324 324 323 324 324 324 324 323 324 324 324 324 324 323 323 322 320 319 316 314 312 312 315 318 320 321 318 318 317 315 315 316 317 318 319
322 323 323 323 322 320 319 320 320 320 322 322 322 322 323 324 325 322 321 323 322 322 323 324 324 325 325 325 324 323 322 321 321 319 319 319 319 323 322 323 323 321 320 323 322 322 320 319 318 319 320 320 320 321 323 324 324 324 324 324 324 323 324 324 324 324 324 323 324 324 324 323 323 323 322 321 319 317 314 315 314 317 319 321 322 321 320 319 319 320 319 317 318 320
322 322 325 323 323 322 321 323 323 323 322 323 323 322 323 325 325 323 324 325 324 323 325 325 325 325 325 324 323 323 322 321 322 318 318 319 320 322 324 324 322 321 321 321 318 319 317 316 315 318 319 321 322 322 323 324 324 323 323 324 323 324 324 324 324 324 323 323 324 324 324 323 323 323 322 322 322 320 316 316 318 319 319 320 321 322 322 320 321 321 320 319 318 320
326 326 327 325 324 323 324 325 325 324 323 325 325 324 325 326 327 327 327 326 326 326 327 325 324 324 324 323 322 323 323 323 321 318 319 320 321 322 323 324 322 322 320 318 317 316 316 317 316 316 318 320 321 323 324 324 324 322 322 323 323 324 325 324 324 324 324 324 324 324 324 323 323 323 323 322 322 321 319 318 318 317 319 320 321 322 322 322 322 322 321 319 319 320
328 328 329 327 326 327 326 326 326 326 326 327 327 325 324 326 327 327 328 327 328 327 327 326 325 323 321 321 323 324 325 324 321 319 320 323 324 324 324 325 323 321 320 320 318 318 319 319 317 317 318 320 321 322 324 325 325 323 323 324 325 324 324 324 324 322 321 323 324 324 324 324 324 323 323 320 319 320 318 318 316 318 320 321 321 321 322 322 322 322 321 321 319 320
330 329 329 328 329 328 327 325 326 327 327 326 327 327 325 326 327 328 327 328 328 328 328 327 325 323 320 321 323 323 325 324 323 322 321 322 323 323 323 324 324 323 322 320 319 320 321 319 318 317 318 321 323 324 323 323 325 325 324 324 324 324 324 323 324 321 321 322 323 323 322 323 323 323 323 322 320 319 320 318 318 320 321 321 321 321 322 321 321 322 322 321 320 320
330 330 329 329 329 328 327 325 325 326 325 327 327 328 328 328 327 328 329 328 327 328 328 327 325 323 323 323 323 323 325 326 324 322 324 322 324 323 322 323 325 324 323 321 317 320 323 323 322 322 322 323 324 325 324 324 325 321 322 323 324 324 323 323 323 321 321 321 323 323 322 322 323 323 323 322 321 320 321 318 318 319 320 321 322 321 321 321 321 322 322 322 321 321
330 330 329 329 330 329 328 327 326 328 327 327 328 328 328 328 328 329 329 329 329 328 328 327 326 324 325 325 323 325 325 326 326 325 325 325 325 323 322 322 324 325 324 320 319 321 324 325 323 324 324 325 325 325 325 325 324 320 321 322 323 324 321 322 322 320 318 320 323 324 322 322 322 323 323 323 322 322 320 318 317 318 320 321 322 320 320 321 322 322 322 322 321 321
330 330 329 329 330 330 329 328 328 327 327 328 328 328 328 328 329 330 329 329 329 329 329 328 327 326 326 325 326 324 325 326 326 326 326 325 325 323 323 322 324 325 325 324 323 325 324 322 318 320 323 324 324 324 325 325 323 321 323 323 324 323 321 321 321 319 319 322 323 323 323 321 321 322 323 323 323 321 321 320 316 318 321 322 322 321 322 322 323 323 322 323 322 321
