ecocropFuture/tif/c6/rcp585/ACCESS-CM2/tmax_3.asc
ncols        683
nrows        518
xllcorner    -87.691666666667
yllcorner    10.708333333333
cellsize     0.008333333333
NODATA_value  nan
[rows 336 to 377 of 518, columns 282 to 375 of 683]
314 318 315 314 316 311 308 304 303 304 302 301 298 295 297 299 300 299 300 300 300 301 302 299 298 298 297 299 301 300 300 301 303 302 301 300 303 302 306 307 307 308 308 307 306 304 305 305 306 306 306 306 307 306 306 307 307 307 305 304 305 305 304 303 301 301 302 301 300 300 302 302 302 302 301 302 302 302 300 300 301 302 301 300 300 302 301 304 305 304 302 303 304 305
319 322 317 319 317 313 311 308 304 304 302 299 297 297 298 297 299 298 300 300 301 301 302 300 301 300 298 298 300 303 304 302 304 304 302 302 304 306 307 307 307 307 307 307 306 304 304 303 303 303 305 306 307 307 307 307 307 307 305 305 305 304 305 303 301 301 302 300 300 303 303 302 302 302 301 301 301 301 298 299 300 301 301 300 301 300 302 303 304 304 303 304 304 304
326 324 322 319 315 311 310 309 307 306 304 301 297 295 293 295 299 301 301 300 300 302 304 304 303 302 301 299 298 300 301 304 305 304 305 304 305 305 307 306 306 306 306 306 305 303 303 303 302 303 305 306 307 307 307 307 307 307 306 306 304 304 305 303 302 301 304 302 304 303 302 302 302 301 301 301 301 300 299 300 300 301 302 303 303 303 303 303 303 303 303 302 304 303
326 323 320 318 315 310 308 308 306 306 303 299 298 298 297 300 301 302 302 301 302 303 305 305 304 304 302 302 302 300 300 304 305 305 305 304 305 306 306 305 305 306 305 305 304 303 303 302 302 303 304 304 306 307 307 308 308 308 307 306 305 305 306 304 301 298 303 305 304 302 301 300 300 301 301 299 299 299 300 302 302 302 302 302 301 302 300 300 301 301 302 302 303 303
321 320 317 317 319 309 305 304 305 304 304 303 301 301 303 304 304 304 305 304 303 304 306 306 304 305 303 304 304 303 304 305 305 304 304 302 304 304 305 304 305 305 304 303 301 301 301 301 302 303 304 304 305 305 306 307 308 309 308 306 306 307 306 304 301 298 304 304 304 303 302 300 299 300 299 298 300 302 302 301 300 300 301 299 298 301 301 300 300 301 302 302 302 302
327 324 322 322 320 314 306 301 297 302 302 300 300 302 303 304 304 306 306 307 306 307 307 307 306 306 305 306 306 306 306 306 306 305 305 305 304 304 303 303 303 302 302 302 300 300 300 301 302 303 304 304 304 303 303 304 305 308 309 308 308 307 305 305 302 302 305 305 303 301 301 301 301 301 301 301 301 301 301 300 301 300 300 297 298 301 302 301 299 298 298 300 302 301
329 326 328 327 323 315 301 297 292 294 299 299 300 298 302 303 303 305 305 306 305 308 309 308 307 308 305 305 307 307 307 307 307 306 306 305 304 303 302 300 298 296 298 299 297 297 299 300 301 303 302 301 302 303 302 302 304 306 308 308 309 308 305 306 306 306 305 302 301 301 302 302 303 303 300 299 300 301 302 302 302 300 299 298 299 300 301 301 301 299 300 301 302 303
328 331 331 329 324 315 305 301 296 295 295 298 296 298 300 299 298 305 307 308 301 304 306 310 309 309 307 305 306 306 307 307 306 307 306 306 305 304 302 299 296 292 293 294 291 292 296 298 300 300 300 300 301 302 301 303 303 304 308 309 309 308 307 307 307 306 305 303 304 305 306 306 305 303 298 298 301 303 303 300 299 299 300 300 299 300 301 302 301 302 302 302 302 302
332 334 333 330 326 315 306 310 304 298 287 289 293 296 298 299 300 304 308 310 306 305 305 309 310 311 308 306 305 305 306 307 306 307 307 306 305 304 300 300 295 296 293 291 290 290 290 294 298 299 299 302 303 304 303 304 306 305 308 309 309 308 308 308 307 307 307 307 307 307 307 307 307 305 301 302 303 304 300 300 298 299 302 301 302 302 302 302 302 302 302 301 301 301
335 335 334 331 328 316 309 314 309 297 295 292 297 301 303 306 305 306 310 310 311 309 309 309 310 311 310 307 306 305 306 307 307 307 307 307 305 303 302 301 297 298 293 292 294 294 291 293 298 299 300 302 305 306 305 304 308 309 309 308 308 308 308 308 304 307 305 304 304 302 302 303 305 308 307 304 305 305 303 304 304 302 302 303 304 303 303 302 303 302 303 303 302 302
337 335 334 332 330 323 322 319 310 309 301 299 302 305 307 308 308 309 311 312 311 312 312 310 310 312 310 309 307 305 304 304 304 306 307 307 306 304 304 303 300 300 296 293 295 296 292 291 296 300 301 301 305 308 307 307 308 306 306 306 307 308 309 308 306 305 304 301 300 300 301 300 302 307 309 305 306 305 307 306 304 303 303 303 304 304 303 304 304 304 304 305 304 303
337 336 335 333 331 325 313 315 316 313 307 304 303 306 309 308 310 311 312 313 313 313 313 313 312 312 311 310 308 307 306 305 307 308 308 308 307 305 305 305 303 302 299 298 300 297 295 292 296 301 304 307 308 308 309 309 308 306 305 305 306 306 309 308 307 306 303 298 297 300 303 305 305 308 309 308 306 309 307 305 303 302 304 304 305 306 306 306 305 306 306 305 304 304
337 336 334 333 331 325 317 308 307 305 302 298 299 303 308 311 312 311 314 314 314 312 312 312 312 311 311 310 308 307 307 306 305 305 309 309 307 307 307 306 305 304 300 302 301 294 293 293 297 303 304 304 305 308 307 307 306 305 305 305 306 307 309 307 306 305 303 298 296 298 300 304 308 309 310 310 308 309 307 305 305 306 307 307 308 307 306 306 305 306 307 306 305 305
337 335 334 334 328 326 322 316 311 301 295 298 303 307 308 311 312 313 314 314 314 311 312 313 312 312 311 311 310 309 307 308 308 308 309 309 308 308 308 307 307 306 302 304 303 298 297 295 298 300 301 302 307 308 305 304 306 307 307 307 307 307 307 305 306 305 304 303 302 303 304 306 307 310 310 309 308 309 308 307 307 309 308 307 309 309 307 306 307 306 307 307 306 306
333 333 335 334 331 327 323 319 313 305 296 304 309 312 312 313 313 315 315 315 314 313 313 314 313 313 312 311 311 311 310 310 311 311 310 310 309 310 309 309 308 306 304 305 305 302 301 295 298 301 302 304 308 307 305 306 307 307 307 307 306 306 306 305 307 307 307 308 307 307 307 307 310 310 308 307 309 309 310 308 308 310 310 310 310 310 310 309 309 309 309 308 308 308
335 335 334 332 329 325 325 318 312 302 299 307 313 314 314 315 315 316 315 315 315 313 313 313 313 313 313 310 309 311 311 311 311 311 311 311 310 310 309 310 310 309 305 307 306 303 300 296 297 300 302 305 308 306 306 307 307 306 306 306 306 307 307 308 308 308 308 309 309 308 309 310 310 308 306 308 309 310 308 307 309 310 309 310 310 311 311 311 310 310 309 309 309 309
337 335 334 335 331 324 320 319 313 308 306 312 314 316 316 316 316 315 315 314 313 313 313 313 313 309 312 312 310 309 309 311 311 311 311 311 311 311 311 311 311 310 308 309 307 305 301 300 302 302 305 308 308 307 308 306 306 306 306 307 307 307 308 309 310 310 309 310 310 310 310 310 308 307 307 306 308 310 310 308 309 310 310 309 308 310 311 311 311 309 309 310 310 310
336 336 337 335 333 327 320 320 317 317 317 316 316 317 319 318 317 316 315 313 312 312 313 313 312 311 308 309 309 308 309 310 311 311 310 309 309 311 312 311 312 311 310 310 309 308 307 305 306 305 306 305 306 309 307 306 306 307 307 307 308 307 307 308 309 310 310 309 309 310 310 308 307 307 306 305 307 310 309 308 309 310 311 310 309 309 311 311 310 311 310 310 311 311
337 337 337 336 334 330 324 324 325 323 319 317 317 318 318 320 318 315 315 315 313 312 312 312 311 311 308 307 308 307 308 309 309 310 309 308 309 311 311 311 311 311 311 310 310 309 308 308 308 308 306 305 307 307 305 305 307 307 307 307 307 307 307 308 310 310 310 309 309 310 309 308 307 306 305 305 308 307 308 310 311 311 311 310 309 310 311 311 311 313 311 312 313 312
338 338 337 336 335 331 328 328 324 319 318 319 319 316 318 320 320 319 318 318 315 312 312 312 312 310 308 306 306 307 308 308 307 308 308 308 310 310 309 310 310 309 309 309 311 310 308 309 309 309 308 308 307 305 305 305 304 304 306 308 308 308 308 308 308 310 309 309 309 309 309 309 307 306 306 307 307 307 307 307 310 309 309 309 310 310 312 313 313 313 313 312 312 313
338 337 333 334 335 333 332 327 321 319 317 317 319 318 319 318 318 319 321 320 318 317 316 313 312 311 309 309 308 306 309 309 308 307 307 307 309 309 309 309 310 309 310 310 311 310 309 309 310 310 309 308 307 305 304 303 302 303 306 308 309 308 307 308 309 308 308 309 308 309 309 309 309 309 308 307 305 307 308 310 309 308 309 308 309 309 309 311 313 313 313 312 312 313
338 336 331 331 334 333 332 330 328 326 322 316 316 318 318 319 316 316 319 320 320 322 320 314 313 311 310 308 308 308 309 309 308 308 307 305 304 306 306 308 309 310 311 311 311 311 310 310 310 310 309 307 306 305 304 303 303 304 307 308 309 308 309 308 307 308 308 309 309 309 310 310 310 309 309 307 306 306 307 309 309 309 309 309 310 310 311 312 312 313 313 312 312 312
338 336 331 332 332 329 332 330 330 329 326 318 314 315 317 319 316 318 315 318 320 322 323 319 314 314 314 309 305 306 307 308 308 306 304 303 304 305 306 308 310 312 312 312 312 311 311 311 311 310 308 308 307 306 305 303 305 307 307 308 308 309 308 308 308 308 310 310 310 309 310 310 310 310 309 307 305 306 307 309 309 310 310 309 310 309 310 311 312 313 313 313 312 311
338 337 335 335 331 332 334 333 332 331 326 318 321 322 319 321 324 323 319 320 324 325 326 321 321 319 319 311 312 309 311 309 307 303 299 298 303 305 304 306 310 312 312 312 312 311 310 311 311 310 308 308 307 307 306 305 305 307 308 308 308 308 308 308 308 309 310 310 311 310 311 311 311 310 309 309 307 308 309 310 310 310 311 310 310 311 312 312 312 313 313 312 312 311
338 338 337 336 336 336 335 335 333 331 329 326 325 325 318 317 324 325 324 325 325 326 326 322 324 322 322 319 318 314 311 309 308 305 302 305 306 306 308 311 312 312 312 311 310 309 309 309 310 310 309 307 307 307 306 304 306 307 307 306 307 308 308 307 307 310 310 311 311 311 311 311 310 309 309 311 310 309 309 310 310 311 311 312 312 312 312 313 313 313 311 312 312 311
338 338 338 337 337 337 336 336 335 333 330 330 329 327 320 319 324 328 327 327 327 328 327 324 325 325 322 321 315 311 310 308 307 304 306 307 308 310 311 312 311 311 311 310 308 308 308 308 309 310 309 307 306 307 306 305 304 305 306 305 306 307 307 305 308 309 309 310 311 311 311 311 311 311 311 311 310 310 310 310 311 311 311 311 312 312 313 311 312 312 310 311 312 312
338 338 338 338 337 337 337 336 335 333 329 331 327 322 324 325 329 329 330 330 330 329 328 328 327 323 319 319 312 309 309 309 309 308 309 311 313 312 311 311 311 310 308 308 306 308 308 307 309 309 309 306 305 306 307 306 304 305 305 305 305 306 304 302 303 303 304 308 309 311 312 312 311 309 309 311 312 311 311 311 312 312 311 312 312 312 312 310 310 312 310 310 312 312
338 338 336 338 338 337 336 336 335 334 330 332 329 322 317 325 330 330 330 331 331 330 329 329 327 324 318 313 314 311 313 313 314 314 314 316 316 313 311 309 310 308 307 307 307 308 307 307 309 307 305 305 303 303 305 306 306 305 304 304 302 303 304 300 300 302 303 304 304 310 311 312 312 311 311 312 312 312 312 312 312 312 312 312 311 312 311 310 311 311 311 311 312 311
338 338 337 337 338 338 336 336 336 334 333 331 327 322 322 324 331 331 332 332 332 331 330 330 328 326 323 319 320 318 316 319 318 317 319 318 316 313 307 301 306 309 304 304 306 306 307 307 307 304 302 301 301 303 304 305 306 305 303 302 303 304 304 303 304 302 302 306 307 309 310 311 310 312 312 312 312 312 312 312 312 312 312 312 311 311 311 310 310 311 311 312 312 311
338 338 338 338 338 338 337 337 336 334 334 330 327 328 326 329 331 332 333 333 332 332 331 331 330 327 324 325 323 323 322 322 321 320 320 320 317 311 307 301 304 308 305 302 304 303 304 301 303 304 298 296 298 298 304 305 305 305 302 300 302 304 305 306 305 303 303 306 306 307 308 307 310 311 312 312 312 312 311 311 310 311 310 308 309 310 310 310 310 309 309 311 312 312
338 337 338 338 338 338 337 337 336 335 333 331 331 329 330 330 331 333 333 333 333 333 332 330 330 330 328 327 325 326 325 324 323 320 322 319 316 314 311 306 304 302 299 300 306 304 301 299 303 296 294 291 295 300 305 305 305 305 303 299 298 304 305 306 306 305 304 303 305 308 309 310 310 310 309 311 312 311 312 310 308 309 308 308 306 305 308 310 309 309 308 310 312 312
335 335 338 338 338 338 337 337 336 335 334 333 332 330 332 329 331 333 333 333 333 333 332 328 328 331 329 329 328 325 324 325 325 324 324 321 319 316 313 310 310 307 302 307 308 306 299 298 298 297 292 295 297 302 304 305 305 304 303 302 301 303 304 306 307 304 302 304 306 308 310 311 311 312 311 312 312 311 311 311 311 310 310 309 307 304 309 310 309 308 308 310 312 312
333 334 335 336 337 337 337 336 336 335 335 334 332 332 333 331 333 333 333 333 333 333 332 330 328 331 331 330 329 327 326 325 325 325 325 322 318 315 313 316 311 313 305 311 307 301 303 297 293 291 292 294 301 302 303 304 305 302 301 298 302 300 303 303 308 306 303 305 308 309 310 311 312 312 311 311 311 312 311 311 311 311 311 310 308 304 309 310 309 308 307 309 312 313
334 335 336 336 336 336 336 336 336 335 334 334 334 334 333 333 333 333 333 332 333 333 332 330 330 331 332 331 330 328 327 326 326 327 325 322 321 318 316 317 316 311 312 314 310 307 308 301 293 293 294 293 296 298 303 304 304 301 299 297 299 300 302 306 310 307 308 309 309 310 311 311 311 311 312 312 311 312 312 311 311 311 311 312 311 311 311 310 309 308 310 311 312 313
336 336 336 336 336 335 336 336 336 335 335 334 334 334 334 334 333 332 332 331 330 333 333 333 331 332 332 330 331 330 329 327 329 328 327 325 322 321 316 319 320 319 317 314 311 309 311 309 301 296 296 296 293 300 301 301 303 301 296 299 298 303 309 310 311 311 311 310 310 310 311 311 312 312 312 312 312 312 312 312 311 311 312 312 312 312 312 311 310 308 309 312 313 313
336 337 337 337 336 335 335 335 335 335 335 334 334 334 334 334 333 330 328 328 329 332 333 333 333 333 332 331 332 331 331 330 329 329 328 327 325 321 319 321 322 320 316 313 314 311 310 311 306 296 297 297 299 300 298 300 302 297 302 307 305 309 311 312 312 311 312 311 310 310 310 311 311 312 312 312 312 312 312 312 311 311 310 310 312 312 312 312 311 311 312 312 313 313
336 336 336 337 336 336 335 335 335 335 334 334 334 334 334 333 332 331 331 331 332 333 333 333 333 333 331 331 332 331 331 331 329 329 328 328 327 325 324 324 324 321 318 317 314 313 313 313 309 297 301 303 306 302 298 300 301 305 309 310 311 312 313 313 312 313 313 311 310 310 310 310 310 312 313 313 312 313 313 313 312 311 311 311 312 313 313 313 313 312 313 313 313 313
336 336 336 336 336 336 335 335 335 335 334 334 334 334 334 333 333 332 332 332 333 333 333 333 331 332 332 331 332 331 331 330 329 329 329 328 326 324 323 324 325 324 321 316 315 316 316 315 312 303 307 310 306 305 307 304 308 311 313 313 313 313 314 314 313 313 313 312 311 311 310 310 311 312 313 313 313 313 313 313 313 313 312 312 313 313 313 313 313 313 313 312 312 312
335 336 336 336 336 336 335 335 335 335 334 334 334 334 334 334 334 333 333 331 333 333 333 332 332 331 332 332 332 331 331 329 329 327 329 328 327 324 324 324 325 324 320 320 319 319 318 315 311 303 312 312 311 311 312 309 310 314 314 314 314 315 315 315 314 314 314 313 312 311 311 312 313 312 312 313 313 313 313 313 314 314 313 313 314 313 313 313 313 313 313 313 311 310
334 335 335 335 335 335 335 335 335 335 335 334 334 334 334 334 333 333 333 333 333 333 332 332 332 332 331 331 331 331 331 330 330 329 327 327 326 325 322 325 326 325 324 320 320 321 320 317 311 310 316 315 315 315 314 314 315 316 315 315 315 315 316 316 313 313 313 313 312 312 312 313 313 313 313 313 314 314 314 314 314 314 313 313 314 314 313 314 313 313 313 313 312 311
332 334 334 332 334 334 335 335 335 335 334 334 334 334 334 334 333 333 333 333 333 332 332 332 331 331 331 330 330 330 330 330 328 328 327 328 326 323 325 327 327 326 325 322 322 322 320 317 316 316 318 317 316 316 317 316 317 317 317 316 316 316 316 316 314 314 313 313 313 313 313 314 313 314 314 314 314 314 314 314 314 315 314 314 314 314 314 314 314 313 313 313 313 311
332 332 334 332 333 333 335 335 335 335 334 334 334 333 333 333 333 333 333 332 332 331 331 330 329 330 330 330 330 330 329 327 329 328 328 328 327 324 328 328 328 326 326 325 322 319 320 318 317 319 319 318 318 318 319 319 318 318 318 317 317 317 317 317 316 315 314 313 313 313 314 315 314 314 314 315 315 315 315 315 315 315 315 315 314 314 314 314 314 313 313 313 312 311
