ecocropFuture/tif/c6/rcp585/ACCESS-CM2/tmax_12.asc
ncols        683
nrows        518
xllcorner    -87.691666666667
yllcorner    10.708333333333
cellsize     0.008333333333
NODATA_value  nan
[rows 84 to 125 of 518, columns 282 to 375 of 683]
nan nan nan nan nan nan nan nan nan nan nan nan nan nan nan nan nan nan nan 298 297 297 296 294 293 294 294 294 293 292 292 292 290 288 287 287 286 281 275 277 284 286 289 289 290 291 289 289 290 288 288 285 282 281 278 278 276 275 276 273 272 273 282 284 285 286 286 284 285 283 287 285 286 285 284 284 282 284 286 284 284 291 292 292 292 292 292 292 293 291 290 286 285 285
nan nan nan nan nan nan nan nan nan nan nan nan nan nan nan nan nan nan nan 298 298 298 296 293 295 295 294 293 293 293 293 291 290 288 289 288 286 279 278 275 284 287 288 288 288 291 289 289 289 289 287 284 282 279 278 280 276 274 275 273 271 273 283 285 285 286 285 283 284 284 287 286 285 285 285 283 283 284 285 285 283 289 291 292 292 293 292 292 292 290 286 280 283 284
nan nan nan nan nan nan nan nan nan nan nan nan nan nan nan nan nan nan nan 297 297 297 297 296 297 296 293 294 294 293 292 291 289 290 289 286 286 284 284 284 287 288 286 287 289 291 290 289 289 288 288 287 284 280 282 281 277 276 277 276 279 280 283 284 285 285 282 282 284 286 287 286 286 287 285 280 284 287 286 286 281 286 290 291 292 292 292 293 291 287 283 284 284 284
nan nan nan nan nan nan nan nan nan nan nan nan nan nan nan nan nan nan nan nan nan 296 298 298 297 296 296 295 294 292 291 286 283 288 290 287 286 285 288 288 286 286 287 288 290 290 289 288 287 286 287 287 285 283 282 280 277 277 278 279 283 284 284 284 284 284 284 283 285 286 286 282 286 288 284 282 286 286 282 286 283 286 290 290 292 292 292 293 291 290 290 289 288 287
nan nan nan nan nan nan nan nan nan nan nan nan nan nan nan nan nan nan nan nan nan 298 298 298 296 295 295 294 292 290 289 282 286 289 290 288 288 289 288 286 283 287 288 289 290 290 289 288 285 284 286 287 284 282 279 278 277 277 274 272 275 282 285 285 282 285 284 282 282 284 286 282 284 288 283 286 287 284 277 285 281 286 290 290 291 292 293 292 293 292 291 290 288 286
nan nan nan nan nan nan nan nan nan nan nan nan nan nan nan nan nan nan nan nan 299 298 298 298 298 296 296 293 291 288 283 286 289 290 291 291 290 288 286 286 287 289 290 290 289 289 289 287 282 280 285 287 284 278 276 275 276 276 274 272 273 280 284 284 282 285 285 283 279 283 284 285 286 288 286 286 283 282 275 283 281 282 289 291 291 292 293 293 293 292 291 290 288 287
nan nan nan nan nan nan nan nan nan nan nan nan nan nan nan nan nan nan nan nan 299 298 298 298 297 297 296 293 291 287 287 290 291 291 292 291 290 286 286 288 289 289 289 289 289 288 288 286 280 281 284 286 285 277 276 275 276 277 276 279 281 283 285 281 278 282 286 284 282 287 286 285 284 288 288 285 280 279 274 278 282 282 289 291 291 292 293 293 293 291 291 290 289 289
nan nan nan nan nan nan nan nan nan nan nan nan nan nan nan nan nan nan nan 299 298 297 298 298 297 296 294 293 291 291 290 290 291 292 292 290 289 287 286 288 289 289 287 288 288 287 288 286 279 283 281 283 285 283 282 278 279 278 276 279 283 283 285 279 278 282 288 285 281 288 287 285 282 288 285 279 276 275 269 279 286 283 290 291 292 292 293 293 293 292 292 290 290 290
nan 296 298 298 298 298 297 295 292 293 296 299 298 299 299 299 299 299 299 298 297 297 298 297 296 294 294 293 292 290 289 292 292 292 291 290 289 286 287 288 289 286 285 287 286 287 287 286 280 280 280 284 284 280 282 280 279 278 280 282 281 282 283 278 277 282 289 287 286 289 287 287 286 288 285 278 273 271 268 278 287 287 292 292 292 292 293 293 293 293 292 292 291 288
297 295 295 296 297 296 293 289 290 288 294 297 297 297 298 298 298 298 298 297 297 297 298 297 296 293 293 290 291 291 292 293 292 291 291 291 290 287 286 287 287 285 285 286 287 286 286 284 281 282 281 282 284 277 280 281 276 274 276 279 281 283 282 279 283 286 289 289 289 290 289 289 290 290 286 278 272 276 273 280 288 290 292 293 293 293 293 293 293 293 292 291 290 289
296 293 293 294 293 293 294 295 296 296 296 297 297 298 298 297 298 297 297 296 295 295 298 297 296 293 294 293 293 293 294 293 291 290 289 289 290 289 286 287 286 283 283 285 286 283 283 286 284 280 277 277 282 277 277 279 276 275 279 281 282 281 279 280 280 286 288 289 289 289 291 291 290 289 283 274 273 281 278 279 288 292 292 293 293 293 294 293 293 292 292 290 291 291
295 293 292 283 280 286 295 294 295 296 297 297 297 297 297 297 297 297 295 296 296 297 297 294 294 294 295 294 294 294 293 292 290 290 288 288 289 289 287 287 286 285 285 285 285 282 281 285 283 282 278 274 278 280 276 277 274 275 276 280 278 278 281 285 287 284 286 288 285 289 290 290 291 289 282 272 273 284 281 285 288 292 292 293 293 294 294 294 293 292 292 292 291 291
292 292 285 272 282 292 294 295 295 296 296 297 297 297 297 297 297 296 295 296 297 296 293 287 288 294 295 295 294 294 292 291 290 289 288 288 288 287 288 286 286 285 285 284 283 280 280 283 284 280 277 271 273 279 278 278 277 273 273 278 275 275 279 284 285 284 285 286 285 286 289 289 291 289 284 272 273 286 282 288 291 292 293 293 294 294 293 294 293 293 292 292 291 290
293 287 277 280 290 293 294 295 295 296 296 297 297 297 297 296 296 296 296 297 296 293 289 290 292 294 294 294 294 293 292 291 289 287 287 285 287 284 286 284 284 285 284 282 280 282 280 279 283 276 269 271 275 274 278 277 278 275 272 275 273 278 282 283 284 281 283 282 283 284 288 288 290 290 282 273 279 288 286 290 292 292 293 294 294 294 294 294 294 293 292 292 291 290
286 275 280 288 290 292 294 295 295 296 296 296 297 297 297 297 297 297 297 296 295 293 292 293 293 293 293 295 294 293 291 290 289 288 287 285 288 282 283 285 281 284 281 279 277 278 281 280 282 274 265 266 270 266 274 275 274 275 273 275 275 275 277 280 282 283 285 282 282 286 286 285 287 291 284 281 283 291 291 292 292 293 293 294 294 293 294 294 294 292 291 291 291 290
282 281 287 290 292 293 294 295 295 296 296 296 297 297 297 297 296 296 297 295 294 293 292 292 292 293 294 294 293 293 291 290 289 288 287 286 287 283 283 279 284 283 282 275 275 271 279 274 278 277 266 259 264 265 273 273 272 275 278 279 280 273 274 277 283 285 286 283 282 284 284 284 289 292 287 289 289 292 292 292 292 293 293 294 294 293 293 293 293 293 292 292 291 291
273 281 280 286 288 290 292 295 296 296 297 297 297 297 297 296 297 297 295 293 293 293 292 291 293 294 294 294 293 292 290 289 289 287 287 288 288 283 280 279 281 284 282 276 270 272 277 276 272 277 271 261 255 263 269 270 269 277 276 277 281 278 281 282 281 286 286 283 278 282 288 289 291 293 290 291 293 293 293 292 293 293 293 294 294 294 293 294 293 293 292 291 290 291
274 278 278 283 286 290 293 295 296 296 296 297 297 297 297 297 297 297 295 294 294 293 292 293 293 293 293 293 293 292 291 289 290 287 287 287 288 287 283 278 277 282 282 278 269 270 274 279 277 274 272 261 253 261 271 273 274 277 270 274 280 283 284 284 285 287 286 279 273 284 291 290 292 293 293 290 292 293 293 293 294 294 294 295 294 293 293 293 293 293 292 292 292 291
280 276 277 287 291 292 293 294 293 292 294 296 298 298 298 297 296 296 295 294 294 293 293 292 292 293 292 289 292 292 291 289 291 289 288 287 289 288 286 279 276 279 282 279 272 272 277 279 277 272 272 261 253 262 270 272 274 276 271 272 279 283 285 285 286 288 286 275 276 288 291 292 293 294 294 293 293 294 294 295 295 295 294 293 294 293 294 294 294 293 293 292 291 291
289 290 287 290 291 292 292 294 294 293 294 296 298 297 296 296 296 294 294 294 294 293 293 292 292 292 292 290 290 291 289 291 292 291 289 289 289 288 285 282 280 280 281 281 275 277 277 274 277 269 268 262 255 262 268 270 266 271 274 277 281 283 282 283 283 287 285 280 284 291 293 293 293 293 294 294 294 294 295 295 294 294 292 293 294 294 294 294 294 294 293 292 291 291
290 290 290 289 290 290 292 292 292 293 296 297 298 297 297 296 294 291 293 294 293 292 292 292 292 292 292 289 288 289 292 292 291 291 290 290 290 287 282 283 284 282 282 283 278 276 273 266 273 265 264 266 257 260 265 264 264 272 277 278 278 277 280 285 286 288 289 285 290 292 293 294 293 294 295 295 295 295 295 293 293 292 289 293 294 294 294 294 294 294 293 292 292 292
278 279 282 285 285 286 289 293 294 295 296 297 298 297 297 296 295 294 294 293 293 292 292 292 292 291 291 288 288 289 291 293 292 292 291 291 291 289 288 285 286 284 284 283 282 278 275 271 263 264 265 270 265 268 267 261 263 271 268 269 278 282 282 283 288 289 290 289 291 290 291 293 294 294 295 295 294 291 291 293 293 294 293 294 295 295 294 294 294 294 293 293 293 292
278 275 278 282 284 285 289 290 290 295 296 297 298 297 296 296 295 294 293 294 293 293 292 291 291 288 290 287 289 289 291 292 292 291 290 290 290 290 287 284 287 286 285 282 279 271 270 268 256 263 266 271 272 270 266 260 261 270 270 271 280 284 286 288 289 289 291 290 291 291 290 293 294 295 295 295 293 288 290 294 294 294 294 295 295 294 294 294 294 294 293 293 293 292
283 284 287 287 288 291 292 287 293 296 297 297 297 297 296 296 295 295 294 294 293 293 292 291 290 287 288 288 290 290 291 292 292 291 290 290 289 289 289 288 284 286 284 282 275 274 265 260 263 264 264 269 274 268 257 253 258 266 276 273 278 283 286 286 288 288 289 291 292 290 285 292 294 294 295 294 293 292 293 294 294 295 295 295 294 294 294 294 294 294 294 293 293 292
288 291 292 292 293 294 294 293 295 297 297 297 297 296 296 295 295 295 294 293 292 292 291 289 287 285 288 289 290 290 290 291 290 290 291 290 286 286 288 288 283 284 284 283 281 275 262 258 268 272 268 271 276 268 255 246 255 266 277 277 278 281 280 285 289 289 290 291 290 285 284 291 294 294 292 291 293 294 294 295 295 295 295 295 295 294 294 294 294 294 294 292 293 292
279 286 291 292 292 291 295 295 296 297 297 296 296 296 295 295 294 294 293 293 291 290 289 286 285 286 289 290 290 288 290 291 291 291 289 289 286 285 286 288 287 284 284 283 280 277 269 260 264 275 269 273 277 271 261 252 258 268 278 282 284 286 285 287 289 290 290 291 288 282 283 291 293 291 287 292 294 294 295 294 295 294 295 294 295 294 294 294 294 294 294 293 292 291
266 275 283 285 291 293 295 296 297 297 296 296 296 295 295 295 294 293 293 292 288 284 285 283 281 284 287 288 285 290 290 291 291 291 290 288 287 285 285 287 286 284 284 283 280 280 276 267 268 277 270 274 279 275 263 256 263 268 277 284 286 288 288 289 290 290 291 290 288 283 284 290 291 291 291 293 294 294 294 295 294 295 294 295 295 295 294 293 293 294 294 293 291 280
274 278 285 287 289 294 296 297 297 296 296 296 295 295 295 294 293 293 292 290 282 276 277 278 276 281 284 283 288 289 290 290 289 290 290 289 288 285 282 282 285 282 280 282 282 281 276 266 273 278 274 277 278 277 263 260 264 273 279 284 286 287 288 289 290 290 289 289 287 279 285 289 291 292 292 293 294 294 294 295 295 294 293 295 295 295 292 291 293 292 292 293 291 280
286 287 288 293 294 295 297 297 297 295 296 295 295 295 294 294 293 292 291 287 279 270 270 271 270 277 286 286 288 289 290 289 289 289 290 289 283 283 284 279 282 279 278 282 283 280 275 266 272 280 278 281 277 279 266 259 272 273 278 284 287 287 288 289 290 289 289 287 287 280 281 286 290 292 291 293 293 293 294 294 294 294 294 295 295 294 291 292 289 290 288 292 292 288
289 292 293 293 294 296 297 298 297 296 295 294 295 295 294 293 293 292 290 286 277 271 264 260 263 269 279 285 288 289 287 289 288 288 289 288 281 274 282 277 278 280 275 279 281 280 273 267 269 279 282 279 276 280 266 257 266 279 282 284 287 288 290 290 289 287 285 282 286 279 273 281 288 291 292 292 293 293 294 294 293 293 294 295 295 295 291 290 286 287 288 291 292 288
291 293 294 295 296 296 297 297 297 296 295 294 294 295 294 293 293 292 288 284 276 266 257 250 254 262 277 287 288 287 286 288 286 287 289 287 278 270 279 275 270 279 274 277 281 278 274 273 269 275 282 280 282 282 269 261 260 274 283 286 287 288 289 289 286 280 275 279 285 282 277 279 286 290 291 291 292 294 293 292 291 292 294 295 295 295 293 290 287 287 289 289 292 290
294 292 294 296 296 297 297 296 295 296 295 295 295 294 294 293 293 292 289 282 274 261 251 248 258 269 281 285 288 289 287 284 284 286 289 283 273 270 278 277 267 274 275 277 281 277 277 276 271 277 284 285 285 282 272 264 261 272 280 283 287 287 287 287 282 272 266 271 281 277 269 273 283 288 290 291 292 293 287 286 282 288 292 291 294 294 293 293 292 290 288 287 291 285
292 293 294 296 297 297 297 296 295 295 296 296 295 295 294 293 292 291 290 286 277 262 253 260 266 274 282 287 289 288 286 285 286 287 288 281 278 273 271 276 266 267 274 279 281 280 280 274 275 277 280 285 285 284 276 269 269 275 277 281 286 286 285 284 275 261 261 269 279 274 262 267 279 284 289 290 290 290 286 278 279 281 285 289 291 293 293 293 292 290 285 287 290 287
290 292 296 297 297 297 296 296 295 294 295 295 295 294 294 293 292 291 290 288 278 263 263 268 274 279 285 288 289 285 286 285 286 288 287 277 273 275 267 270 269 263 270 281 282 281 282 280 272 273 281 285 286 285 280 274 273 274 277 282 285 285 281 279 273 263 259 268 276 271 261 270 278 284 287 290 284 284 282 278 282 283 289 292 292 293 293 293 292 286 281 285 290 289
293 297 298 298 298 297 296 296 295 295 295 296 295 294 294 293 291 291 289 287 280 267 268 276 280 283 286 284 288 287 284 286 287 287 287 284 276 274 271 269 274 269 274 282 282 280 282 280 273 276 284 286 286 285 281 278 277 272 271 278 285 280 271 266 269 263 262 268 272 272 270 268 272 279 285 289 285 281 283 284 284 288 291 292 293 293 293 293 288 286 282 281 291 291
293 297 298 298 297 294 295 295 294 296 296 295 295 295 293 291 289 289 290 286 282 271 276 281 283 286 285 280 288 288 287 286 287 286 285 283 280 272 274 269 277 278 278 282 283 281 282 283 279 281 286 286 287 286 282 279 273 267 273 279 284 277 267 262 269 263 264 268 273 275 276 278 278 283 287 286 286 285 288 289 288 291 292 292 293 293 293 292 291 291 291 291 293 292
295 297 298 297 296 294 292 289 296 297 296 294 294 295 294 293 291 289 288 287 285 276 278 283 284 284 279 283 288 287 286 284 284 286 284 279 281 272 274 273 279 281 281 283 283 285 284 280 277 280 285 287 287 285 284 279 271 266 274 281 283 275 266 267 270 268 269 272 273 279 277 279 284 285 283 283 281 284 288 291 292 292 292 292 291 291 292 291 291 292 292 292 291 292
297 298 297 294 289 288 292 295 296 296 295 294 293 294 293 292 291 289 288 283 281 279 282 283 280 281 282 286 288 285 280 277 282 284 284 284 282 279 278 276 274 280 283 283 283 285 282 279 277 280 285 287 288 285 285 278 271 273 277 277 280 277 268 268 273 273 270 273 277 279 272 273 278 277 281 279 277 283 287 290 291 289 289 290 286 281 289 291 288 290 289 287 283 286
297 297 296 290 289 288 293 296 296 295 295 292 291 294 292 292 291 290 287 284 282 279 283 283 282 284 286 285 286 282 278 277 279 283 282 281 281 280 278 279 277 280 284 283 283 286 286 285 283 284 283 285 288 285 285 279 272 274 278 276 277 279 270 267 273 275 275 276 276 275 275 271 272 277 280 275 277 284 289 291 288 284 284 286 282 284 284 283 285 287 286 287 286 285
298 296 289 289 291 292 294 296 296 295 293 289 290 294 293 292 288 287 285 284 284 284 285 285 284 281 281 284 286 282 279 279 280 282 283 280 278 275 278 280 282 283 283 285 285 286 286 287 286 286 283 286 287 287 286 281 279 279 279 280 276 280 273 272 274 275 276 275 272 273 274 264 268 277 279 280 280 285 289 288 283 282 285 283 283 280 279 278 281 285 280 285 286 289
297 291 287 290 292 294 295 296 296 294 293 292 292 294 293 291 284 280 285 285 284 285 285 285 283 283 284 286 287 285 281 281 280 281 279 281 278 275 273 280 282 283 283 285 286 287 286 287 286 284 286 287 287 287 286 282 284 285 283 282 278 282 280 276 275 275 275 271 268 276 276 274 272 275 278 281 281 286 287 283 283 284 284 283 282 276 271 270 276 284 283 286 280 283
296 284 288 290 293 295 295 296 296 294 292 291 290 291 292 291 285 280 283 286 286 286 286 285 286 286 286 287 284 286 284 282 277 275 273 277 278 277 272 275 280 283 284 285 285 285 286 287 286 286 284 283 287 286 283 285 280 286 281 279 279 283 284 277 275 280 275 272 269 272 279 280 280 280 282 284 285 283 281 279 282 283 283 281 275 272 268 272 280 283 278 282 279 275
