ecocropFuture/tif/c6/rcp585/ACCESS-CM2/tmax_2.asc
ncols        683
nrows        518
xllcorner    -87.691666666667
yllcorner    10.708333333333
cellsize     0.008333333333
NODATA_value  nan
[rows 84 to 125 of 518, columns 282 to 375 of 683]
nan nan nan nan nan nan nan nan nan nan nan nan nan nan nan nan nan nan nan 309 308 307 306 304 303 304 305 304 304 303 303 302 300 298 297 297 296 292 286 288 295 297 299 300 300 301 299 299 300 299 298 295 292 291 289 289 286 286 286 284 282 283 292 295 296 296 296 295 295 294 297 295 296 295 294 293 292 293 295 293 293 300 301 301 301 301 301 301 301 300 299 294 293 293
nan nan nan nan nan nan nan nan nan nan nan nan nan nan nan nan nan nan nan 309 309 308 306 304 305 306 304 303 303 303 303 302 301 298 300 299 297 290 289 286 294 298 299 298 298 301 300 299 300 299 298 295 293 289 288 290 287 285 285 284 281 283 293 295 295 296 296 294 295 294 297 296 295 295 295 293 293 294 295 294 293 299 300 300 301 301 301 301 301 299 295 289 291 292
nan nan nan nan nan nan nan nan nan nan nan nan nan nan nan nan nan nan nan 308 307 308 308 307 308 307 303 304 304 304 303 301 300 301 300 296 296 294 295 294 298 299 297 297 299 301 300 300 299 298 298 297 294 291 292 292 288 287 287 286 290 290 294 295 296 296 293 293 295 296 297 296 296 297 295 290 294 296 296 296 291 296 299 300 301 301 301 301 300 295 292 292 292 292
nan nan nan nan nan nan nan nan nan nan nan nan nan nan nan nan nan nan nan nan nan 307 309 308 308 306 306 305 304 303 301 297 294 299 300 298 296 296 298 298 297 296 297 298 300 300 299 298 297 296 297 297 295 293 293 290 288 287 288 290 293 294 294 295 295 295 295 294 296 296 297 292 296 298 294 292 296 296 292 296 292 295 299 299 301 301 301 301 300 299 298 297 297 295
nan nan nan nan nan nan nan nan nan nan nan nan nan nan nan nan nan nan nan nan nan 309 309 309 306 306 306 305 303 301 299 292 297 300 301 299 299 299 299 297 294 297 299 299 300 300 299 298 295 294 296 297 294 293 290 288 287 287 285 282 285 292 295 296 292 296 295 293 293 294 296 293 294 298 294 297 297 294 287 295 291 295 299 299 300 301 301 301 301 301 300 299 296 295
nan nan nan nan nan nan nan nan nan nan nan nan nan nan nan nan nan nan nan nan 309 309 308 308 308 307 306 304 301 298 293 297 299 301 302 301 301 299 296 297 298 299 300 300 300 300 299 297 292 290 295 297 294 289 286 286 287 287 284 282 283 290 295 295 293 296 296 294 289 294 295 295 297 299 297 297 293 292 285 293 291 292 298 300 300 301 301 301 301 300 300 299 297 296
nan nan nan nan nan nan nan nan nan nan nan nan nan nan nan nan nan nan nan nan 309 308 308 309 308 307 306 304 301 298 298 301 302 302 302 302 300 297 296 299 300 300 300 300 300 299 298 296 291 291 295 296 295 288 286 285 286 288 286 289 291 294 296 292 288 293 297 295 293 297 296 296 294 299 298 295 290 289 284 288 292 292 299 300 300 301 302 302 301 299 300 298 297 297
nan nan nan nan nan nan nan nan nan nan nan nan nan nan nan nan nan nan nan 309 308 308 308 309 308 307 305 304 301 302 301 301 302 303 302 301 300 298 297 299 299 299 297 298 298 298 298 296 290 293 291 293 296 293 293 288 289 289 286 289 293 294 295 290 289 293 299 296 292 298 298 296 293 299 295 289 287 285 279 289 296 293 300 300 301 301 302 302 302 301 300 299 298 298
nan 307 309 309 309 308 308 305 303 304 307 309 309 309 309 309 309 309 309 309 308 308 308 308 307 304 304 304 303 301 300 302 303 302 302 301 300 296 298 299 300 297 295 298 297 298 298 297 290 291 291 295 294 291 293 290 289 289 291 292 291 292 294 288 287 293 299 297 297 300 298 298 296 299 296 288 284 281 278 288 297 297 301 301 301 301 302 302 302 301 301 300 299 296
308 306 305 307 307 307 304 300 301 299 305 308 307 308 309 309 309 309 309 308 307 308 308 308 306 304 304 301 301 302 302 304 303 302 301 301 301 297 297 298 298 296 295 297 298 297 297 295 292 292 292 293 295 288 291 291 287 285 287 290 292 294 293 290 293 297 299 300 300 301 300 300 300 300 297 288 283 286 284 290 298 300 302 302 302 302 302 302 302 302 301 300 299 297
306 304 304 305 304 304 305 306 307 307 307 307 307 308 308 308 308 308 307 307 306 306 308 308 306 304 305 304 304 303 304 304 301 301 300 300 300 299 297 297 296 294 294 296 297 294 294 296 295 290 287 287 293 288 288 290 286 285 289 291 292 291 290 290 291 297 299 300 300 300 301 302 300 300 294 285 283 291 288 290 298 301 302 302 302 303 303 302 302 301 301 299 299 299
306 304 303 294 292 297 305 305 306 307 307 307 308 308 308 308 307 307 306 306 307 307 307 305 305 305 306 305 305 305 304 303 301 301 299 299 299 300 298 298 296 295 295 296 296 293 292 296 294 293 289 285 289 291 287 287 285 286 287 290 289 289 291 296 297 294 297 299 296 299 301 301 302 299 293 282 284 295 291 295 298 302 302 302 303 303 303 303 302 301 301 301 300 300
303 303 297 283 293 303 305 306 306 307 307 307 308 308 307 307 307 307 306 306 308 307 304 298 299 305 306 305 304 304 303 302 301 300 298 298 298 298 299 297 297 296 296 295 294 291 291 294 295 290 288 281 284 290 288 288 288 283 284 289 286 286 290 295 296 294 296 297 296 297 300 300 302 300 294 283 283 296 292 298 301 302 303 303 303 303 303 303 303 302 302 301 300 299
303 298 289 291 301 304 305 306 306 307 307 307 308 307 307 307 307 307 307 307 307 304 300 300 303 304 305 305 305 304 302 302 300 298 298 296 298 295 297 295 295 296 295 293 291 293 291 290 294 287 279 282 286 284 289 288 288 286 282 285 283 289 293 294 295 292 294 293 294 295 299 299 301 301 293 284 289 299 297 300 302 302 302 303 304 303 303 303 303 302 301 301 300 299
297 286 291 299 301 303 305 305 306 306 307 307 307 307 307 307 308 307 308 307 305 304 303 303 304 304 304 305 305 304 302 301 300 298 298 296 299 293 294 296 292 295 292 290 288 289 292 291 293 284 275 277 281 277 285 286 285 286 283 286 285 286 288 291 293 294 297 293 293 297 297 296 298 302 295 292 293 301 301 302 302 303 303 303 304 303 303 303 303 302 301 301 300 299
293 292 298 301 303 304 305 306 306 307 306 307 307 307 307 307 307 307 308 306 305 304 303 303 303 304 305 305 304 303 301 301 300 299 298 297 298 294 294 290 295 294 293 286 285 281 290 285 289 288 276 269 274 275 284 284 282 286 289 290 291 284 285 288 295 297 297 294 293 295 295 295 300 303 298 300 299 303 302 302 303 303 303 304 303 303 303 303 303 302 302 301 300 300
284 291 290 296 299 300 303 305 306 307 307 308 308 308 308 307 307 308 306 304 304 304 303 302 304 304 305 305 304 303 301 300 300 298 299 299 299 294 292 290 293 295 294 287 280 283 288 287 282 288 281 271 265 273 280 280 280 288 287 288 292 289 292 293 292 297 298 294 289 293 299 300 302 304 301 302 303 304 303 303 303 303 303 304 304 303 303 303 303 303 302 300 300 301
284 289 289 293 297 301 303 305 306 306 307 308 308 308 308 308 308 308 306 306 305 304 303 304 304 304 304 304 304 303 302 300 301 298 299 298 299 298 295 290 288 293 294 289 279 280 284 290 288 285 283 272 263 271 282 283 285 288 281 285 291 294 295 296 296 298 297 290 284 295 302 301 303 304 304 301 303 304 304 304 304 304 304 305 304 303 303 303 303 303 302 302 301 301
290 286 287 297 302 303 303 304 303 302 304 307 308 308 308 307 307 307 306 306 305 305 304 303 303 303 303 300 303 303 303 300 302 301 300 299 300 300 297 290 287 290 294 290 283 282 287 290 288 283 283 272 263 272 281 283 285 287 282 283 290 295 297 297 298 299 297 286 287 299 302 303 304 305 305 304 304 305 305 305 305 305 304 304 304 303 304 304 304 303 303 302 301 300
299 300 297 300 302 302 302 304 305 303 305 307 308 308 307 307 306 305 305 305 305 304 304 303 303 303 303 301 301 302 301 302 303 302 301 300 301 300 297 294 292 291 293 292 286 288 287 285 288 280 279 272 265 272 279 281 277 281 285 288 293 294 294 294 295 299 297 291 295 302 304 304 304 304 305 305 305 305 305 305 305 304 302 303 304 304 304 304 304 303 303 302 301 301
300 300 300 300 301 301 302 302 303 304 306 307 308 307 307 306 304 302 304 304 304 303 303 303 302 303 303 300 299 300 303 303 302 302 302 301 301 299 293 294 296 294 294 294 289 287 284 277 284 276 275 277 268 270 275 275 275 283 288 289 289 288 291 296 297 299 300 296 302 303 304 305 304 305 306 306 306 306 306 304 304 303 299 303 304 304 304 304 304 304 303 302 302 301
288 289 292 296 296 296 300 303 304 305 306 307 308 307 307 307 306 305 304 304 303 303 303 303 302 302 302 299 299 301 303 304 303 303 302 302 302 301 299 297 298 296 296 295 293 289 287 282 273 274 275 281 276 278 278 271 274 282 278 280 289 293 293 294 299 301 302 301 302 302 302 305 305 305 306 306 305 302 302 304 304 305 304 304 305 305 304 304 304 303 303 303 302 302
289 286 289 293 294 295 299 301 300 305 307 307 308 307 306 306 306 305 303 304 304 303 303 302 302 299 301 297 300 300 302 303 303 303 301 301 302 301 298 295 299 298 297 294 290 282 281 279 266 273 277 282 283 281 277 270 271 281 280 282 292 295 298 299 300 300 302 301 302 302 301 304 305 306 306 306 304 299 301 304 304 305 305 305 305 304 304 304 304 304 303 303 303 302
294 295 297 298 299 302 302 297 304 306 307 307 307 307 306 306 305 305 305 304 304 303 302 302 301 298 298 299 301 301 302 303 303 302 301 301 300 301 301 299 296 298 296 293 287 285 276 271 274 275 275 280 285 279 267 263 268 276 287 283 289 294 297 297 299 299 301 302 303 301 296 303 306 306 306 306 304 303 304 305 305 306 305 305 304 304 304 304 304 304 303 303 303 302
298 302 302 303 304 305 304 303 306 307 307 307 307 306 306 305 305 305 304 304 303 302 301 300 298 296 299 300 301 301 301 302 302 301 302 301 297 297 300 299 295 296 296 294 292 287 273 268 279 283 279 282 287 279 265 256 265 276 289 288 289 293 291 297 300 300 301 302 302 296 295 303 305 305 303 303 304 306 305 306 306 305 305 305 305 305 304 304 304 304 304 303 303 302
290 297 302 303 303 302 306 306 307 307 307 306 306 306 306 305 304 304 304 303 301 301 300 296 295 297 300 300 301 300 302 302 302 303 301 300 298 297 298 299 298 295 295 295 292 288 280 270 275 287 280 284 288 282 271 261 268 278 289 293 295 297 296 298 301 301 302 302 299 293 294 302 304 303 299 303 305 306 306 305 305 305 305 305 305 305 305 304 304 304 304 303 303 301
277 286 294 296 302 304 306 307 308 307 307 306 306 305 306 305 304 304 303 302 299 294 296 294 292 295 298 299 297 301 301 302 302 302 301 299 298 297 296 298 297 296 296 295 292 291 287 278 279 288 281 284 290 286 273 266 273 279 288 295 297 299 299 300 301 301 302 301 299 294 295 301 303 303 303 305 305 305 305 306 305 305 305 305 306 305 305 303 304 304 304 303 302 290
285 289 295 298 299 304 307 307 308 307 306 306 306 305 305 304 304 303 302 300 292 286 288 289 286 292 295 294 299 300 301 301 301 301 301 300 299 296 293 294 296 293 292 294 294 293 287 277 284 289 285 288 289 288 274 270 274 283 290 296 297 298 300 300 301 301 300 300 298 290 296 300 302 303 303 304 305 305 305 306 306 305 304 305 306 305 302 302 304 303 303 303 302 290
296 297 299 304 305 306 307 308 307 306 306 306 306 306 305 304 303 303 301 297 289 280 280 282 281 288 297 297 299 300 301 300 300 300 301 300 295 294 296 290 293 290 289 293 294 291 286 277 283 291 289 292 288 290 277 269 282 283 289 296 298 299 299 300 301 301 300 299 298 291 292 298 302 303 302 304 304 304 305 305 305 305 305 306 306 305 302 303 300 300 299 302 303 299
298 303 304 304 304 307 308 308 308 306 306 305 305 305 305 304 303 303 301 297 288 281 274 271 274 280 290 296 300 300 298 300 299 299 300 299 292 284 294 288 289 291 286 290 292 291 283 277 279 290 293 290 287 291 276 267 276 290 293 295 299 300 301 301 300 298 296 293 297 290 284 292 299 302 303 303 304 304 305 305 305 305 306 306 306 306 303 301 297 298 299 302 303 299
301 304 305 306 306 307 308 307 307 307 306 305 305 305 304 304 303 303 298 294 286 276 267 260 264 273 288 298 299 299 298 299 297 299 300 298 289 281 291 286 281 290 285 288 292 289 285 283 279 286 293 290 293 293 280 271 269 284 294 297 298 300 300 300 298 291 286 290 296 293 288 290 297 301 302 303 304 305 304 303 302 303 305 306 306 306 304 302 298 297 300 300 303 301
304 303 304 306 307 307 308 307 306 306 306 305 306 305 304 303 303 302 299 292 284 271 261 258 268 280 293 296 299 300 299 295 296 298 300 294 285 281 289 288 277 285 286 288 292 288 288 286 281 288 295 296 296 293 282 274 271 283 291 294 298 299 298 298 293 283 276 282 293 288 279 284 294 299 301 303 303 304 298 297 293 300 304 303 305 306 305 304 304 301 299 299 302 296
302 304 305 307 308 308 307 306 306 306 306 306 306 305 304 303 302 301 300 296 287 272 263 271 277 285 294 298 300 300 298 297 297 298 299 293 289 284 282 287 277 277 285 290 293 291 291 285 285 288 291 296 296 296 287 280 279 285 288 293 298 297 296 295 286 270 270 279 290 285 272 277 290 295 301 302 302 301 297 288 289 292 296 300 303 305 305 305 304 301 296 298 302 298
300 303 306 307 307 307 307 306 305 305 305 305 305 305 304 304 302 301 300 298 288 273 273 279 286 291 296 299 300 296 297 297 298 299 299 288 284 286 278 281 280 273 281 292 293 293 294 291 283 283 293 297 297 296 291 285 284 285 288 293 297 296 292 290 283 273 269 278 287 281 271 281 290 295 299 302 295 295 293 289 293 295 301 304 304 305 305 305 304 298 291 296 302 301
302 306 307 308 307 306 305 306 304 304 304 306 305 305 304 303 301 301 299 297 290 277 279 287 291 295 298 295 299 299 295 297 299 299 299 296 287 286 283 280 285 280 285 293 293 291 293 291 284 287 296 298 298 296 292 289 287 282 281 289 296 291 281 276 279 272 272 278 283 283 280 278 283 290 297 301 296 292 295 296 295 300 303 304 305 305 305 305 300 297 293 292 303 303
303 306 307 307 306 303 305 304 303 305 306 305 305 305 304 302 299 299 300 297 292 281 287 292 294 297 296 291 299 299 298 297 298 298 297 294 292 283 286 280 289 290 289 294 294 292 294 294 291 293 297 298 299 297 293 290 284 277 283 290 295 288 278 272 279 273 275 279 283 285 287 290 289 295 299 298 297 297 299 301 300 302 304 304 305 305 305 304 303 304 303 303 305 304
305 306 307 307 305 304 302 299 305 306 305 305 304 305 304 303 301 299 298 297 295 287 289 294 296 296 290 294 300 299 297 296 295 297 295 290 292 283 286 285 291 293 293 295 294 296 295 291 289 291 297 299 299 297 295 290 282 276 285 292 294 286 276 277 281 278 280 283 284 291 288 290 296 297 294 294 292 296 300 302 304 303 304 304 303 303 304 303 303 304 304 304 303 303
306 307 307 303 298 297 301 305 306 305 305 304 304 304 303 302 301 299 299 293 291 289 293 294 291 292 293 297 299 296 291 288 294 295 296 295 293 290 289 287 286 291 295 294 294 296 294 290 288 291 296 298 299 296 297 289 282 284 287 288 291 288 278 279 284 284 280 284 288 290 283 284 289 288 292 290 288 295 298 302 303 301 301 302 297 291 301 303 300 302 301 299 295 298
306 307 305 299 299 297 302 305 305 304 304 302 301 304 302 302 301 300 298 295 292 290 294 294 293 295 297 296 297 293 289 288 290 294 294 292 293 292 290 291 289 292 295 294 295 297 297 297 295 296 295 297 300 297 297 290 283 285 289 287 288 290 280 277 284 286 287 288 287 287 286 282 282 288 291 286 288 296 301 302 299 296 295 297 293 295 295 295 297 299 298 299 297 297
307 305 298 298 300 301 303 305 305 304 302 299 299 303 302 301 299 297 296 295 295 294 296 296 295 292 292 295 297 293 290 290 291 293 294 291 289 286 290 292 294 294 295 296 297 298 297 298 298 298 295 298 299 299 298 292 291 290 290 292 287 291 284 282 285 286 287 286 282 283 285 274 278 287 290 291 291 296 301 300 294 293 296 294 294 291 290 289 292 296 291 297 297 301
306 300 296 299 301 303 305 306 305 303 303 302 301 303 302 301 294 290 295 296 295 296 296 296 294 294 295 297 298 295 291 292 291 292 290 291 289 286 284 292 294 295 295 297 298 298 298 299 298 296 298 299 299 299 298 293 296 296 295 294 289 294 291 287 286 286 286 283 279 287 287 285 283 286 289 292 292 297 299 294 294 295 295 294 292 286 281 280 286 296 295 298 291 294
305 293 297 299 302 304 304 306 305 304 301 301 299 300 301 300 295 291 294 296 296 297 297 296 297 297 297 298 295 297 295 293 288 285 284 288 289 288 283 286 292 295 296 297 297 297 297 299 298 298 296 295 299 298 294 297 292 297 293 290 290 295 296 288 287 292 286 283 279 283 290 292 291 291 293 296 297 295 292 290 293 294 294 291 285 281 278 282 291 294 289 293 290 286
