ecocropFuture/tif/c6/rcp585/ACCESS-CM2/tmax_5.asc
ncols        683
nrows        518
xllcorner    -87.691666666667
yllcorner    10.708333333333
cellsize     0.008333333333
NODATA_value  nan
[rows 294 to 335 of 518, columns 188 to 281 of 683]
328 323 323 326 326 327 330 329 329 330 331 330 327 321 321 320 324 325 327 326 324 319 322 324 325 325 326 328 328 330 332 333 333 332 328 326 324 318 316 316 325 329 324 313 303 313 322 306 296 293 292 294 294 295 294 294 298 309 314 316 317 316 317 321 323 325 324 327 327 326 325 325 320 319 317 313 315 313 306 303 308 311 311 314 311 310 316 312 306 310 311 314 315 319
329 327 327 327 327 328 329 329 329 328 331 331 327 321 318 319 321 325 327 327 321 312 316 318 322 326 330 332 332 333 333 332 332 332 330 328 326 322 321 323 328 330 323 309 304 318 323 311 299 291 292 293 294 296 296 298 301 310 315 317 318 318 318 321 324 325 325 327 327 327 324 323 319 318 317 312 311 309 306 304 304 304 307 311 309 307 314 313 308 303 311 314 317 318
333 332 330 328 328 328 329 330 331 330 330 331 328 324 322 322 321 323 328 328 316 306 310 318 325 327 329 331 332 331 331 332 332 332 328 329 329 327 328 331 332 330 326 316 320 328 318 298 293 299 301 296 295 297 299 300 305 314 316 318 317 319 320 322 326 324 323 328 327 325 322 318 320 320 317 314 311 307 304 306 306 305 306 310 309 308 309 308 302 301 311 314 314 316
334 331 329 327 328 328 329 328 331 331 330 330 327 324 320 324 325 326 330 325 315 310 312 320 325 323 326 329 331 328 329 330 331 332 331 329 329 328 329 332 335 333 327 327 331 327 311 294 295 311 314 309 300 299 299 302 305 310 315 318 320 321 322 323 322 324 322 327 327 324 320 317 321 319 316 313 312 309 304 305 303 302 307 308 305 303 305 305 303 302 304 308 311 317
336 331 328 328 328 328 330 327 331 331 330 329 327 322 321 322 324 331 330 322 313 308 309 317 320 320 318 324 328 325 322 324 328 330 331 330 327 327 329 332 336 334 325 333 331 320 304 298 311 316 317 313 300 301 301 304 299 307 314 318 318 321 323 324 324 326 326 327 327 325 323 323 322 321 316 312 308 305 303 304 300 303 301 302 301 296 301 304 309 306 299 301 309 314
337 333 330 330 328 330 333 329 332 331 329 327 325 324 328 329 327 332 325 317 312 308 309 311 321 322 322 323 326 323 317 321 326 328 331 330 328 332 331 335 337 337 330 335 330 322 309 305 316 318 319 317 303 308 305 313 312 311 313 316 318 319 321 324 322 324 326 326 326 326 324 323 320 319 313 307 304 304 307 303 300 302 297 295 297 290 299 306 310 310 306 304 313 317
338 334 333 331 334 335 336 331 332 333 330 325 324 324 327 333 333 331 324 317 312 310 308 313 320 323 323 319 321 320 319 325 326 329 329 327 331 335 332 333 337 339 336 337 333 327 312 315 322 316 318 318 310 312 310 315 319 317 318 317 314 317 318 324 324 326 326 326 325 325 325 322 321 318 316 309 305 308 306 298 298 300 296 292 294 294 301 307 310 312 307 301 309 317
340 336 336 337 337 337 338 333 334 335 334 332 329 327 323 331 335 333 330 324 320 316 312 319 322 324 322 319 322 318 316 323 325 320 322 328 336 338 336 334 335 338 339 338 332 320 320 324 326 318 306 305 317 321 312 317 320 320 318 320 318 319 321 325 325 325 325 324 323 323 324 320 313 309 312 306 303 307 308 305 304 306 303 304 304 303 304 309 312 312 307 296 306 315
342 340 337 339 335 337 339 336 333 339 338 337 335 330 325 328 334 334 331 327 323 321 318 324 326 329 326 326 325 321 315 324 326 321 322 328 336 338 337 338 337 331 335 339 336 326 327 331 327 317 307 303 307 320 318 318 322 321 319 321 323 323 324 325 326 325 323 322 321 320 323 320 311 307 305 306 308 307 310 309 309 311 305 310 311 309 308 311 314 312 307 299 308 314
342 339 340 341 340 340 340 336 339 342 341 341 338 333 330 329 334 336 331 328 326 323 319 327 330 332 332 332 329 323 320 323 329 328 328 333 335 337 340 339 335 329 333 339 334 331 333 333 331 325 317 312 313 322 325 324 326 325 325 325 325 326 326 326 325 323 321 317 318 319 321 318 316 309 304 308 311 313 313 308 314 310 304 310 314 314 310 312 313 307 311 311 316 319
339 340 343 342 341 342 340 339 344 344 344 342 339 335 330 327 331 337 335 330 330 325 323 331 335 337 337 335 333 330 329 330 333 334 332 336 334 334 339 340 337 334 336 339 337 336 336 337 332 328 326 318 320 325 327 328 326 326 326 326 326 326 326 324 323 318 316 316 314 314 315 316 314 312 306 302 302 310 315 315 316 313 312 313 314 316 313 314 312 307 314 316 319 321
339 337 342 346 342 344 342 342 343 344 345 343 340 333 327 330 335 338 334 329 332 326 327 334 335 338 339 337 335 334 333 332 336 339 336 340 336 330 331 336 340 337 338 339 340 338 339 338 332 333 323 320 323 325 328 329 326 327 327 323 325 324 325 321 320 319 319 319 315 309 305 307 309 305 302 302 302 310 312 313 318 316 317 315 314 314 317 318 314 314 315 319 320 319
339 337 341 346 346 346 343 340 337 343 346 344 341 333 327 326 330 337 337 336 332 325 327 335 340 341 341 339 338 337 337 336 340 341 340 339 332 327 329 335 340 338 338 340 341 339 341 338 338 335 333 329 326 325 328 330 328 327 322 322 323 320 325 324 324 322 319 318 316 313 306 305 307 305 305 309 307 312 315 316 319 320 319 318 317 313 314 317 321 321 318 319 321 320
343 342 341 344 348 348 344 337 339 344 346 343 339 336 333 328 327 334 339 338 335 327 324 337 341 341 343 342 341 342 341 339 343 342 341 336 335 332 330 337 340 341 340 340 342 342 341 339 339 338 334 332 328 329 332 330 325 322 321 323 323 320 325 322 321 319 315 316 315 309 312 312 312 309 311 312 310 313 312 314 318 320 320 320 319 316 316 316 315 322 322 322 322 321
346 348 346 344 348 348 346 342 342 343 347 346 344 342 340 334 327 331 336 339 334 329 327 335 342 342 343 342 343 343 342 341 343 342 338 338 340 338 335 336 341 343 344 343 343 342 342 341 336 338 336 334 334 332 331 328 326 322 320 319 323 320 324 320 315 313 313 308 309 312 314 315 315 308 312 315 313 315 317 318 319 322 322 321 320 319 317 316 315 318 323 323 323 323
348 349 350 348 348 348 348 347 347 346 346 344 341 339 340 334 329 330 338 340 334 331 332 337 340 343 343 340 339 341 342 342 343 345 341 341 341 338 337 337 343 344 344 344 344 343 342 341 341 339 339 339 336 333 331 327 325 322 322 323 320 321 324 321 316 310 307 298 302 308 313 316 316 313 316 317 317 318 320 321 320 319 318 318 317 321 320 320 321 321 323 323 323 324
350 349 350 350 350 349 348 348 348 348 346 342 335 332 333 331 328 330 336 339 340 336 336 337 341 343 344 343 339 341 344 344 345 346 344 343 344 342 342 342 345 345 345 344 344 344 343 341 340 339 339 335 336 334 331 323 322 324 324 321 319 323 323 321 316 310 303 297 302 309 314 316 316 316 317 317 316 314 315 316 315 316 314 310 313 315 317 315 316 320 322 322 321 322
351 350 350 350 350 349 348 349 348 348 347 344 339 329 326 327 329 332 333 330 339 340 339 335 340 344 343 341 336 337 339 344 345 346 346 346 346 345 344 345 346 346 346 345 345 344 343 342 340 337 338 334 334 334 328 322 318 323 322 317 320 323 322 321 317 307 298 303 305 308 311 314 313 314 315 314 315 316 317 318 317 317 315 316 317 318 320 320 320 320 320 321 321 322
351 351 351 351 351 350 348 349 349 348 348 344 337 329 331 327 329 329 328 327 335 340 343 338 339 344 339 334 333 332 335 341 346 347 347 347 347 346 346 346 346 346 346 345 345 344 343 342 338 333 333 335 330 328 325 318 318 322 322 315 319 317 314 315 315 309 300 301 305 308 311 311 312 313 313 315 316 317 318 319 320 320 319 322 322 322 321 321 323 322 320 321 321 323
351 351 351 351 351 351 350 349 349 349 349 346 339 329 333 337 336 332 331 334 336 334 339 344 341 343 338 334 338 338 339 342 345 347 346 344 345 346 346 346 345 345 345 344 344 343 342 341 339 335 331 328 329 325 316 319 321 320 319 315 318 319 314 307 308 307 302 297 299 304 307 309 313 314 315 316 315 315 316 318 318 319 323 322 318 314 318 322 323 323 323 323 322 323
350 351 351 351 351 351 350 349 350 350 349 348 345 335 333 336 338 338 332 336 341 337 333 341 342 344 340 334 339 341 340 345 346 346 343 341 340 343 344 345 345 344 344 343 343 342 341 341 338 332 329 328 319 318 314 319 319 323 326 325 325 325 323 320 315 309 304 304 301 300 304 307 313 315 315 314 314 315 316 317 316 320 322 318 309 306 311 316 317 322 322 323 323 323
350 350 351 351 351 351 351 350 351 350 350 349 348 344 336 337 339 342 340 338 342 340 335 337 343 345 339 334 340 345 346 346 345 344 340 334 334 338 341 343 343 343 343 339 337 340 339 339 338 336 333 330 321 323 315 316 318 325 326 330 330 326 322 318 312 310 314 313 315 313 312 313 314 315 316 315 315 315 314 315 317 316 321 317 309 307 309 315 319 317 319 321 323 323
350 350 351 351 351 351 351 351 351 351 351 350 349 346 344 343 344 344 345 341 344 340 336 341 344 344 335 335 343 345 344 343 341 340 335 329 328 332 333 339 342 340 339 336 334 334 337 336 335 336 335 329 324 329 325 326 320 327 331 332 329 324 322 320 313 314 321 322 322 319 317 319 318 317 315 315 314 314 312 312 313 314 320 321 314 309 309 315 317 313 315 318 321 322
349 350 350 351 351 352 352 351 352 352 352 351 350 349 347 345 342 341 343 346 345 337 337 344 346 343 337 338 344 345 341 337 338 332 327 325 325 324 330 338 340 340 339 337 330 329 334 331 333 333 333 329 326 330 330 330 326 324 328 332 328 320 314 312 317 323 326 327 327 324 320 322 319 319 318 316 315 314 313 312 315 318 319 318 316 313 310 311 314 312 313 312 315 321
349 349 350 351 351 352 352 352 352 352 352 351 350 348 346 342 341 343 343 345 347 340 343 345 346 345 343 343 345 344 338 332 332 331 326 327 324 325 335 338 336 337 334 330 324 326 330 331 329 329 330 329 326 332 331 328 325 323 329 332 331 324 318 309 319 324 326 330 330 327 325 322 320 319 317 318 318 316 317 318 321 321 321 316 311 311 310 310 314 313 313 315 316 321
347 348 349 350 351 352 352 352 352 352 352 352 347 344 342 340 340 341 345 345 348 347 345 347 346 346 345 345 345 344 340 338 333 328 326 329 328 327 333 336 332 336 332 324 320 323 323 323 324 321 324 324 330 332 333 332 331 330 330 331 333 326 319 315 324 329 331 330 332 330 327 321 318 318 317 317 319 319 320 318 318 319 320 317 313 311 310 310 312 311 314 319 321 322
346 347 348 349 351 352 352 352 352 352 352 352 350 347 342 336 337 341 345 347 348 349 349 347 344 345 342 341 344 343 342 338 332 331 332 334 334 329 333 332 329 329 327 322 318 318 317 316 318 316 317 320 323 324 332 332 333 332 334 336 334 327 321 323 329 332 332 331 328 332 327 323 320 320 319 318 319 321 319 317 317 319 317 316 314 312 311 311 310 310 316 318 317 319
344 346 347 349 350 351 351 351 352 352 352 352 351 350 348 339 339 343 344 348 349 350 349 346 342 341 339 336 341 340 339 337 336 338 340 335 337 337 338 336 334 332 326 322 319 315 311 313 314 314 314 319 325 327 328 333 335 332 336 335 327 325 330 332 335 333 333 334 329 333 331 327 321 322 321 319 320 320 319 317 318 318 316 314 313 313 311 311 309 310 312 312 312 315
343 345 347 348 350 351 351 351 352 352 352 352 351 349 348 340 344 344 345 348 350 350 349 348 345 346 343 339 338 335 333 335 338 342 343 339 337 339 335 334 333 333 326 323 320 316 311 313 310 309 313 320 326 330 333 335 336 335 337 335 328 324 332 336 336 337 338 336 333 334 330 327 324 323 322 321 321 321 320 319 318 316 315 314 313 311 312 311 309 310 310 311 314 316
342 344 346 348 349 351 351 351 352 352 352 352 351 351 350 346 346 348 349 349 351 350 350 349 348 346 342 339 335 335 335 335 339 343 345 344 343 336 331 325 325 330 327 324 322 318 322 326 322 309 307 313 318 322 329 333 336 336 338 337 333 330 334 336 337 338 338 336 332 334 330 328 325 323 323 323 322 322 320 320 318 317 314 311 310 311 312 311 310 307 310 310 309 311
341 343 345 347 349 351 351 351 351 352 352 352 351 351 350 350 349 350 350 351 350 350 349 349 348 344 341 341 340 337 337 338 343 345 345 344 341 335 333 326 323 324 325 323 321 329 332 333 330 322 312 310 313 314 318 327 333 337 339 337 334 331 333 336 338 339 338 337 332 333 334 329 325 323 322 322 322 322 321 319 320 318 315 308 308 310 311 312 311 309 309 308 308 309
340 343 345 347 349 350 350 351 351 352 352 352 351 351 350 350 350 350 350 350 350 350 349 349 349 348 346 346 345 339 340 339 344 346 346 344 343 340 337 331 326 324 326 323 327 334 335 335 335 331 323 316 323 325 319 322 333 338 340 336 334 331 335 337 339 339 337 333 330 336 332 330 326 325 324 324 323 322 322 322 320 319 317 312 311 312 309 310 311 309 307 305 305 309
340 342 344 346 348 350 350 350 351 351 351 351 351 351 350 350 350 350 350 350 350 350 349 349 349 349 349 347 346 341 344 341 341 347 348 347 346 343 339 337 332 330 334 328 324 335 336 335 336 336 325 324 323 329 327 324 335 340 340 338 336 334 337 340 340 339 336 332 335 336 331 328 324 329 328 324 325 324 326 326 323 321 321 319 319 317 305 301 309 311 308 306 309 311
339 341 344 346 348 350 350 350 350 351 351 351 351 350 350 351 350 350 350 350 350 350 349 349 349 350 349 347 342 341 346 345 345 348 348 348 343 341 341 340 337 337 338 331 327 336 337 337 337 337 330 323 328 334 329 329 337 340 338 338 337 338 340 341 340 340 340 338 337 336 333 328 326 330 331 329 329 328 329 328 325 326 327 325 322 317 311 307 310 315 313 308 309 306
338 341 343 346 348 349 349 350 350 350 351 351 350 350 350 351 351 350 350 350 350 349 349 349 350 350 350 349 346 344 348 348 349 349 348 347 343 343 345 341 341 341 338 330 325 334 334 333 334 330 335 327 325 329 335 333 341 341 336 337 339 341 340 341 341 340 339 336 331 332 329 325 327 331 330 331 330 328 330 330 329 329 328 326 325 323 317 317 320 317 318 313 301 299
338 341 343 345 347 349 349 349 350 350 350 350 350 350 350 351 351 350 350 350 350 349 350 349 350 350 350 350 349 348 350 349 350 349 345 343 346 347 346 345 341 337 332 327 325 324 325 322 327 328 336 327 334 332 339 340 343 341 337 336 341 342 342 341 342 340 339 335 332 327 325 327 328 331 331 332 331 328 330 329 328 330 329 327 325 326 321 320 324 324 323 315 306 303
338 341 343 345 347 349 349 350 350 350 350 350 350 350 350 351 351 351 350 350 350 350 350 350 350 350 350 350 350 350 350 350 350 350 345 344 347 349 348 342 334 332 330 332 333 330 331 330 331 329 336 338 340 335 332 341 343 342 341 343 343 343 342 342 341 340 339 335 328 327 326 325 327 327 330 333 332 328 329 332 332 328 325 320 322 321 319 321 325 326 325 319 314 306
338 341 343 345 348 349 349 350 350 350 350 350 350 350 351 351 351 351 351 350 350 350 350 350 350 350 350 350 350 350 350 350 350 350 350 350 350 350 349 345 336 333 333 335 338 338 335 335 333 332 335 334 338 341 336 338 338 342 344 341 342 342 341 340 340 339 338 336 329 329 329 326 324 325 328 333 334 331 333 333 331 329 327 327 323 318 323 326 326 328 326 324 318 314
338 341 343 345 348 350 350 350 350 350 350 350 350 350 351 351 351 351 351 350 350 350 350 350 350 350 349 350 350 350 350 351 351 351 351 351 351 351 350 346 342 337 338 337 339 341 338 337 334 338 339 335 336 341 342 341 337 343 344 339 338 339 338 337 337 338 335 336 333 331 331 330 327 327 328 332 335 335 332 328 325 326 322 324 318 320 328 327 329 329 328 325 322 321
338 341 343 345 348 350 350 350 350 350 350 350 351 351 351 351 351 351 351 351 350 350 350 350 350 349 349 349 350 350 350 351 351 351 351 351 351 351 350 347 340 336 340 338 341 340 337 337 337 342 343 340 337 340 345 343 346 345 341 343 342 339 333 330 332 333 334 332 330 330 332 332 331 329 329 333 335 332 328 328 324 321 324 329 324 322 331 331 330 330 328 328 328 326
338 341 343 346 348 350 350 350 350 350 351 351 351 351 351 351 351 351 351 351 350 350 350 350 350 349 349 349 350 350 350 351 351 351 351 352 352 352 351 346 341 336 344 343 341 339 337 338 341 344 345 345 344 342 345 345 346 344 340 338 340 337 332 326 325 327 328 327 329 330 331 332 334 332 332 335 335 332 332 328 327 325 328 333 331 326 330 333 331 329 328 329 329 328
338 341 343 346 348 350 350 350 350 350 351 351 351 351 351 351 351 351 351 351 351 350 350 350 350 349 349 349 349 350 350 350 350 351 351 351 351 351 350 348 339 339 344 341 338 337 339 342 344 341 345 346 347 344 344 346 346 345 341 338 340 336 332 326 320 320 321 324 324 325 330 332 333 333 333 332 336 334 335 333 329 328 330 332 336 334 330 331 333 329 327 330 327 324
