ecocropFuture/tif/c6/rcp585/ACCESS-CM2/tmax_6.asc
ncols        683
nrows        518
xllcorner    -87.691666666667
yllcorner    10.708333333333
cellsize     0.008333333333
NODATA_value  nan
[rows 168 to 209 of 518, columns 282 to 375 of 683]
305 308 309 309 308 308 306 306 306 306 306 304 302 301 293 297 303 307 308 306 306 301 297 295 296 288 294 298 295 296 300 302 303 304 304 303 302 303 306 306 308 309 309 308 308 309 309 309 311 311 311 312 312 312 312 311 312 312 312 312 312 312 309 305 307 309 311 310 311 310 310 310 308 308 309 311 308 309 308 308 309 309 308 303 295 303 305 305 304 305 306 309 310 310
305 308 309 309 308 309 307 308 308 307 305 300 302 302 298 301 304 307 308 307 305 304 295 288 287 286 290 297 300 300 302 301 300 300 304 302 305 306 307 308 309 309 309 309 309 308 307 309 310 310 311 312 311 309 311 311 312 312 312 311 311 312 308 308 306 310 311 311 309 305 308 308 309 307 308 309 311 310 309 307 309 310 309 302 302 306 307 304 304 303 303 304 306 309
307 308 309 309 309 309 309 309 308 306 303 302 302 299 300 304 306 308 308 307 305 303 300 294 290 285 284 292 296 298 300 298 293 299 304 306 306 305 304 307 309 309 310 310 309 307 309 309 309 310 311 312 311 311 309 311 312 312 311 311 312 311 312 310 309 310 311 311 310 307 309 308 310 310 308 310 310 311 308 306 308 310 310 308 308 308 306 303 305 304 304 303 304 308
308 304 307 309 310 309 310 309 307 304 298 302 300 292 297 303 307 308 308 306 306 300 297 295 294 291 292 294 297 299 295 294 291 299 302 305 307 306 302 305 308 310 310 310 309 310 310 310 311 311 312 312 312 310 308 311 311 311 311 311 311 310 311 311 311 311 311 311 310 308 307 309 308 309 310 311 311 311 310 310 309 309 310 309 309 308 304 302 303 306 305 306 306 307
301 292 300 308 309 310 310 307 304 304 300 304 297 288 294 301 307 309 308 305 306 305 301 297 298 299 296 296 294 292 285 287 292 301 298 299 302 306 305 305 306 310 310 310 310 310 310 311 311 311 311 312 311 309 310 311 311 310 311 311 311 309 310 311 312 312 312 312 311 310 308 307 308 307 308 311 310 310 311 311 310 309 310 310 308 308 306 303 304 305 307 308 308 309
290 291 303 307 309 310 310 309 307 307 305 304 297 290 297 304 308 308 303 303 305 302 297 302 298 295 298 297 294 286 277 282 293 300 297 299 302 305 307 306 308 309 309 309 310 310 311 311 311 311 311 312 311 311 311 311 311 311 311 311 311 310 310 310 311 312 312 312 311 311 310 308 308 309 309 309 310 310 310 310 311 310 310 310 308 308 308 306 304 302 306 308 308 308
295 299 303 308 309 309 310 309 309 308 307 305 299 297 302 307 309 306 298 300 303 302 295 292 292 286 287 287 290 294 285 286 288 296 289 296 300 306 308 309 308 308 309 309 309 310 311 311 310 311 311 311 311 311 310 311 311 311 311 311 311 311 310 310 311 312 312 311 311 310 307 306 306 308 308 307 309 309 310 310 310 310 310 310 309 308 308 307 303 304 305 308 308 308
304 305 307 309 309 309 309 308 309 309 307 304 302 304 308 309 307 302 294 298 301 297 293 285 283 279 277 281 286 290 297 295 294 290 284 296 301 307 307 308 309 309 309 309 309 309 310 310 311 311 311 311 311 310 310 311 311 311 311 311 312 311 310 310 311 311 311 311 311 309 306 304 306 307 306 306 306 307 308 309 310 310 309 310 310 307 306 306 303 302 304 308 308 309
304 307 308 307 306 307 307 306 307 307 309 307 307 308 309 306 299 294 297 300 290 284 279 281 275 271 278 285 289 288 292 297 300 294 289 292 300 304 306 308 308 308 309 310 310 310 310 310 310 310 311 311 310 311 310 310 310 310 310 311 311 311 310 311 311 311 311 311 310 308 303 304 305 306 305 304 302 305 304 303 306 310 310 310 310 308 306 306 307 307 308 309 309 309
305 307 307 299 298 305 302 296 300 303 307 309 309 309 309 304 294 294 291 288 282 273 267 272 271 266 272 281 288 294 293 297 299 301 300 299 301 303 306 307 306 306 308 308 309 310 311 310 310 310 310 310 310 310 311 310 310 310 311 311 311 311 310 311 311 311 311 311 310 310 306 304 306 307 305 302 296 302 298 299 303 305 309 310 310 309 309 309 309 309 308 309 310 310
308 307 306 300 293 298 300 294 294 301 305 309 309 309 304 300 300 295 287 284 278 268 266 267 265 264 272 282 288 292 292 293 296 298 296 302 304 305 306 306 303 305 308 308 309 309 310 310 310 310 310 310 311 310 310 310 311 310 311 310 311 311 311 311 311 312 311 311 311 309 307 306 306 308 307 305 302 302 301 299 300 305 307 307 309 310 309 309 309 309 309 309 308 310
309 305 301 300 300 298 299 297 297 304 305 309 310 308 299 301 303 292 286 281 273 269 268 271 271 274 276 281 285 285 288 291 294 298 294 300 304 305 306 304 304 307 307 309 309 310 307 310 310 310 310 311 311 311 310 311 311 311 311 311 312 312 312 312 311 312 312 311 310 308 307 308 308 308 305 301 301 305 306 304 304 307 308 307 308 309 309 309 309 309 309 309 309 310
309 307 306 306 304 304 300 298 302 303 307 310 309 308 305 304 300 291 288 281 275 273 276 278 279 284 285 286 288 287 288 291 294 300 301 302 306 306 307 307 306 307 307 308 309 310 309 310 310 310 311 309 310 311 311 311 311 311 311 311 312 311 310 312 312 312 312 311 309 308 309 308 305 307 307 301 299 305 307 307 305 306 304 305 307 308 309 309 309 309 309 309 309 308
309 309 309 309 307 307 300 301 306 306 308 310 308 308 306 298 293 295 289 278 272 278 285 282 277 282 291 294 290 290 294 294 294 298 304 305 307 308 308 308 307 306 305 307 309 310 309 309 309 309 310 308 309 311 311 311 311 311 311 312 312 311 311 311 312 312 312 311 310 308 308 309 306 304 307 307 305 307 309 306 305 305 306 306 307 307 308 308 308 309 309 309 309 309
309 309 309 310 309 306 297 303 308 308 309 309 309 308 304 297 288 288 285 279 273 279 289 288 285 280 287 295 296 291 294 300 298 299 303 306 307 308 308 309 309 307 305 306 308 309 308 307 307 307 308 308 310 311 311 311 311 310 310 311 312 312 311 312 312 312 312 310 310 308 305 306 306 305 304 309 309 309 309 305 303 306 306 305 305 306 308 308 308 309 309 308 308 308
309 309 309 310 309 309 303 302 309 309 310 310 309 308 303 298 293 296 291 287 280 283 288 293 291 283 285 290 297 296 297 299 303 302 305 307 307 308 309 309 309 309 308 306 309 308 304 300 304 308 309 308 309 311 311 311 311 311 312 311 312 312 312 312 312 312 311 309 310 307 305 308 306 307 307 308 307 309 309 308 307 307 304 304 304 307 307 307 306 308 308 308 308 308
309 309 309 309 306 309 309 308 310 310 310 310 309 308 303 298 299 297 287 280 276 285 291 295 291 289 289 291 297 298 300 302 304 305 306 308 308 308 308 309 310 309 308 309 309 305 301 302 307 308 309 309 309 311 311 310 311 312 312 312 312 312 312 312 312 312 312 310 310 308 309 308 307 308 307 306 306 309 309 307 307 306 300 303 306 306 306 307 305 307 307 308 308 308
309 309 309 309 307 308 309 308 309 309 310 309 309 308 305 301 302 297 288 279 272 276 286 296 296 298 292 290 297 299 301 303 304 305 307 307 308 309 308 309 309 309 308 309 308 306 303 307 308 309 310 310 310 311 311 311 312 312 312 313 313 312 312 312 312 312 312 312 311 309 310 309 309 308 305 307 309 309 309 308 308 306 304 303 304 305 304 306 306 307 307 308 308 308
309 309 310 309 309 307 308 309 309 309 308 305 308 309 306 303 303 296 288 282 281 286 285 295 298 299 294 291 298 300 302 298 304 306 306 308 308 308 308 309 309 309 309 308 308 306 306 306 309 310 310 310 311 311 311 311 312 312 313 312 312 313 313 312 312 312 312 310 311 310 311 310 310 310 308 309 309 309 309 308 308 307 306 303 302 304 305 306 306 307 308 308 308 308
309 309 310 309 309 308 309 309 309 309 306 305 308 308 306 304 300 290 283 283 290 292 297 300 302 301 295 291 298 302 302 304 305 306 305 308 308 308 308 309 309 308 308 308 308 306 306 302 305 309 310 310 310 311 311 311 312 312 312 312 312 313 313 312 311 312 312 309 311 311 311 311 310 310 309 308 308 309 309 309 307 308 307 307 305 305 305 304 304 307 307 308 307 308
309 309 309 309 310 309 309 309 309 308 305 306 307 306 306 306 297 286 280 285 290 294 298 303 302 301 294 292 299 301 303 303 300 306 305 308 308 308 308 309 309 308 308 308 307 306 305 300 306 309 309 310 310 310 311 311 311 312 312 312 313 312 313 312 312 312 310 309 308 310 311 311 310 310 310 309 309 309 310 309 306 308 308 308 306 307 306 306 304 306 307 307 307 308
308 308 308 309 309 309 309 309 308 307 306 304 305 304 303 301 303 295 292 295 294 302 303 305 304 302 295 293 300 302 297 302 301 305 306 306 307 308 308 309 309 307 306 306 306 307 306 302 305 309 309 309 309 309 310 311 312 312 312 312 312 312 312 312 312 312 311 307 308 310 311 311 310 310 310 309 309 309 309 309 307 308 309 308 308 307 307 306 307 305 307 306 307 307
306 304 307 309 309 307 307 308 307 306 305 303 304 303 301 296 306 306 304 303 298 302 305 305 304 302 297 294 298 302 295 302 299 300 307 305 307 308 308 309 306 306 305 303 305 307 307 307 308 308 308 308 309 309 311 311 312 312 312 312 311 312 312 312 312 311 309 308 309 310 311 310 310 310 310 309 309 309 308 309 309 308 308 309 308 307 307 306 307 307 308 308 308 308
299 304 306 308 308 305 306 308 305 300 298 299 303 303 299 300 305 308 308 305 303 306 307 305 302 302 297 292 296 300 297 298 303 302 306 306 308 308 309 307 307 307 305 305 306 308 307 307 308 308 307 307 308 309 310 311 311 312 312 311 311 311 309 310 311 309 309 309 309 310 310 310 310 310 310 310 308 308 308 309 309 309 308 308 308 308 307 307 307 307 308 307 308 308
304 302 307 308 307 306 306 307 304 292 287 295 299 300 302 298 303 308 308 308 307 307 307 305 300 302 295 289 292 296 297 292 293 303 305 307 307 308 308 309 309 308 308 308 308 309 308 308 307 308 308 309 309 310 310 310 311 311 311 311 309 311 310 310 310 309 306 308 310 310 310 310 309 309 309 309 308 306 307 308 309 309 309 308 308 308 307 306 306 307 307 307 307 307
306 306 308 308 306 305 306 306 302 291 287 292 293 294 299 295 299 306 308 309 308 308 308 305 299 300 297 289 292 292 290 293 290 300 304 306 306 307 307 307 309 309 309 309 309 309 309 309 308 308 308 308 307 307 307 309 310 311 311 310 309 310 311 310 310 309 307 307 309 310 310 310 310 310 309 310 309 309 309 309 308 309 309 308 309 308 307 306 306 307 308 308 308 308
307 306 308 306 303 304 303 305 304 301 299 295 290 287 293 299 300 306 307 307 307 308 306 302 296 293 293 288 287 287 286 292 297 299 303 305 306 305 305 306 308 308 308 309 309 309 309 309 309 309 308 307 306 304 305 309 310 310 310 310 310 310 310 310 309 307 307 306 307 308 310 310 310 310 310 309 309 309 307 309 308 309 309 309 309 309 307 307 307 308 308 308 308 308
305 305 307 304 303 301 301 301 305 304 305 303 298 291 294 302 304 306 306 305 305 308 306 303 294 289 290 282 280 287 288 290 291 300 303 304 306 302 301 305 307 308 308 309 309 309 309 309 309 307 307 306 307 306 308 309 309 310 310 310 308 309 309 308 308 306 307 304 305 308 309 309 309 308 308 308 309 306 306 308 309 309 309 309 308 309 308 308 308 308 308 307 308 308
306 307 304 300 299 299 299 302 304 302 303 306 304 302 297 303 306 305 303 304 307 307 301 302 296 294 293 288 285 288 292 286 293 295 304 305 306 304 303 307 307 308 309 309 309 309 309 309 309 308 308 308 308 307 306 308 309 310 309 308 308 307 305 305 307 307 306 305 304 306 309 309 308 308 306 307 308 307 307 306 306 309 309 309 309 308 308 308 308 308 308 308 307 307
306 306 304 300 297 298 302 303 301 301 302 304 306 307 304 306 307 306 301 303 307 308 304 303 298 296 299 293 293 296 296 291 295 302 305 306 307 306 306 307 308 308 308 309 309 309 309 309 309 309 309 308 307 306 307 308 309 309 307 306 304 302 299 301 307 308 306 307 304 306 309 308 307 307 307 306 307 308 306 304 306 308 309 308 308 309 308 308 307 308 308 308 307 306
306 304 304 302 297 296 302 302 297 303 304 306 306 307 308 308 308 306 301 305 308 308 305 305 302 300 302 298 300 295 293 298 300 304 306 305 307 307 308 307 308 308 308 309 309 309 309 309 309 309 309 308 308 307 308 308 309 309 307 304 302 304 302 304 307 307 307 307 304 306 308 307 306 306 307 305 306 307 307 305 305 308 308 307 308 309 308 308 307 307 308 308 307 306
304 304 304 303 299 298 301 300 299 306 306 307 307 307 308 309 308 306 300 303 309 308 305 306 306 304 304 301 298 292 292 299 302 304 306 306 307 307 307 308 308 308 309 309 309 310 309 309 309 309 309 308 308 308 308 308 307 307 306 304 302 305 304 306 307 307 306 308 305 305 308 307 305 307 308 305 304 305 307 306 303 306 307 308 308 308 308 308 308 308 308 307 307 306
304 303 302 301 297 302 301 304 303 307 308 306 302 305 308 308 309 307 302 305 309 306 300 305 306 306 305 300 294 285 289 301 298 301 304 306 307 307 308 308 308 308 309 309 309 310 309 309 309 309 309 308 308 308 308 307 307 306 306 306 305 305 304 305 307 307 307 307 307 305 308 308 308 308 307 306 304 305 305 305 305 307 308 308 308 308 308 308 308 308 308 307 307 307
297 297 292 295 295 303 304 305 307 306 307 306 304 305 305 306 308 308 308 308 309 307 303 306 308 307 306 299 290 279 285 299 303 300 304 306 307 307 307 307 307 308 308 309 309 309 309 309 309 308 307 307 308 308 308 308 308 307 306 306 305 305 305 306 306 307 307 307 308 307 308 308 308 308 308 308 305 305 305 304 305 306 308 308 308 307 308 308 308 308 308 307 307 306
285 290 295 299 303 304 306 307 307 307 307 307 304 302 299 305 308 308 309 308 307 308 308 307 308 306 306 301 292 285 288 297 304 304 305 306 306 306 307 306 306 307 308 309 309 309 309 309 308 306 305 306 307 308 308 308 307 307 306 307 306 305 306 306 307 307 306 306 306 308 308 308 308 308 308 308 308 307 307 306 307 308 308 308 308 308 308 307 307 307 308 308 307 306
279 286 296 303 304 303 306 306 301 305 306 305 303 298 300 305 308 308 308 307 307 307 309 309 307 306 307 305 299 295 295 302 301 306 306 307 307 307 306 305 299 302 308 309 309 309 309 308 307 307 307 307 308 309 308 308 308 306 305 307 307 307 307 307 307 306 306 305 305 307 308 308 307 307 308 307 308 308 308 308 308 308 308 308 308 308 308 308 308 308 307 308 307 307
285 294 301 303 301 304 306 303 297 296 303 304 301 300 303 304 306 308 307 307 308 308 308 307 308 307 307 306 303 299 301 301 300 305 306 307 307 307 303 305 302 302 308 309 309 309 309 309 308 306 308 308 309 307 307 307 308 306 307 308 307 307 307 307 307 307 305 305 306 306 307 308 305 306 307 307 308 308 308 308 308 308 308 308 308 308 308 308 308 308 308 308 307 307
292 297 298 295 298 305 302 295 289 288 299 303 301 302 302 305 307 307 307 307 307 308 308 307 308 308 308 307 305 300 306 301 305 306 306 307 307 307 305 304 306 305 308 309 309 309 309 309 309 309 309 309 309 308 308 307 308 308 307 308 308 307 308 307 307 307 305 306 307 308 307 307 305 306 307 308 308 308 308 308 308 308 308 308 308 308 308 307 307 307 307 307 307 307
298 301 296 294 303 297 291 285 281 289 299 303 301 302 303 305 306 306 306 307 307 307 307 306 307 306 306 307 307 305 307 307 307 305 305 305 307 308 307 307 308 308 307 308 308 309 309 309 309 309 309 309 308 307 308 305 307 308 307 307 308 307 308 307 307 307 306 306 306 307 307 305 304 306 307 308 307 307 307 308 308 307 307 307 308 308 308 307 307 307 306 306 306 307
297 302 301 302 298 286 283 282 284 293 301 302 300 296 299 302 304 305 306 306 307 307 307 305 307 306 306 307 306 303 307 307 307 303 303 305 307 307 308 308 308 308 308 308 308 309 309 309 309 309 309 308 308 308 308 307 307 308 308 308 308 308 308 307 307 306 306 306 306 306 304 306 304 306 306 307 307 308 307 308 308 307 307 307 307 307 307 307 307 307 306 306 307 307
300 300 302 301 291 283 279 277 281 298 302 302 300 296 295 295 298 302 305 305 306 307 306 306 307 304 304 306 307 306 307 308 307 305 304 305 305 306 308 308 308 308 308 308 308 309 309 309 309 309 309 309 309 308 308 308 308 308 308 308 308 308 308 307 307 306 305 306 305 305 304 306 303 306 307 307 307 307 307 307 307 307 307 307 306 307 307 307 307 306 306 306 306 306
298 290 296 291 284 282 279 277 289 300 303 302 298 297 293 286 292 299 303 302 305 306 305 304 305 301 304 306 307 307 307 308 307 304 304 306 303 305 308 308 308 308 308 308 308 309 309 308 308 308 309 309 309 308 308 308 308 308 308 308 308 308 308 307 307 307 306 306 305 305 305 306 306 307 307 307 307 307 307 307 306 306 306 306 306 306 307 307 307 306 306 306 306 305
