ecocropFuture/tif/c6/rcp585/ACCESS-CM2/tmax_10.asc
ncols        683
nrows        518
xllcorner    -87.691666666667
yllcorner    10.708333333333
cellsize     0.008333333333
NODATA_value  nan
[rows 210 to 251 of 518, columns 188 to 281 of 683]
245 250 254 257 263 266 269 270 272 273 273 274 275 275 272 273 275 272 268 264 264 266 269 271 271 273 272 272 272 272 273 272 270 267 268 265 266 268 273 277 280 282 286 286 276 280 281 277 271 260 249 244 240 243 253 258 265 274 273 277 280 282 282 281 285 291 291 289 288 292 293 291 291 294 296 297 294 295 300 304 306 303 308 303 303 302 304 306 305 303 300 293 295 301
251 249 252 257 260 264 265 266 269 270 271 270 272 270 267 271 271 269 267 262 263 267 270 270 271 274 274 273 274 273 275 273 272 269 266 266 266 266 270 276 279 277 280 286 286 285 282 277 269 255 248 250 249 246 246 252 263 271 276 283 286 287 284 287 290 291 292 292 292 293 294 294 288 290 289 299 297 297 301 306 309 308 310 309 307 305 307 307 307 304 301 296 299 303
257 252 253 255 255 259 260 261 264 267 267 268 271 270 268 270 270 270 270 268 268 270 271 272 272 274 275 275 275 276 276 275 274 271 267 266 267 267 267 271 274 279 281 281 283 286 283 278 273 264 259 253 243 241 242 249 261 265 272 283 289 287 281 284 285 287 288 292 292 293 292 294 294 287 287 296 300 299 301 304 305 306 305 305 310 309 308 306 304 302 302 300 303 300
259 258 258 258 255 255 255 256 258 260 260 264 266 267 269 271 271 272 272 272 272 271 272 273 273 274 274 273 273 273 274 275 275 271 268 266 268 267 266 266 267 273 279 280 281 283 282 278 274 269 264 261 254 239 246 251 265 274 275 283 289 285 281 279 275 281 286 291 291 291 292 292 295 295 289 293 300 302 302 301 304 303 303 301 306 310 311 307 306 304 302 303 306 304
260 263 261 261 259 257 257 257 257 256 257 261 265 268 270 271 271 271 270 271 272 273 273 273 273 273 273 272 272 270 270 273 276 273 268 267 270 269 268 268 265 267 272 277 279 279 276 277 272 268 267 265 262 253 260 258 259 274 283 288 290 287 284 277 273 281 287 291 291 288 290 289 294 299 297 294 299 303 305 303 304 307 309 309 303 306 312 310 307 305 302 304 306 305
266 265 263 262 260 260 259 258 258 257 258 260 262 267 270 270 267 269 267 269 271 271 272 273 273 273 273 272 271 269 268 270 275 272 268 268 270 271 270 269 266 264 265 268 276 277 275 277 277 273 272 269 267 265 267 271 267 276 283 287 291 290 285 279 275 283 288 291 291 287 286 288 297 299 300 301 300 302 305 306 308 309 309 310 308 309 310 312 307 307 302 305 308 306
264 267 265 262 261 258 257 257 259 258 258 260 262 264 269 266 264 268 270 270 268 270 272 273 273 272 271 270 269 269 270 271 275 272 271 269 271 270 270 268 266 265 265 267 272 277 276 277 276 277 277 275 273 271 272 277 277 278 282 285 289 292 291 282 281 281 282 289 289 282 281 290 297 293 292 298 299 299 299 302 303 304 304 309 311 310 310 311 311 310 307 307 308 310
267 268 264 262 260 257 255 256 259 260 260 263 264 268 268 268 267 270 272 272 271 272 273 273 273 269 267 268 265 266 270 271 272 275 272 272 271 270 270 268 268 267 265 266 269 276 276 277 277 278 280 279 276 275 278 281 280 282 285 289 291 291 293 289 287 281 281 285 287 282 287 294 291 289 292 295 298 294 291 298 301 305 307 308 310 311 310 311 311 312 311 310 311 312
271 269 263 263 261 259 258 258 261 263 264 267 268 270 266 271 271 272 272 272 273 272 273 272 272 269 266 264 262 261 266 271 275 272 271 272 271 269 269 268 266 264 262 266 269 273 279 278 279 283 281 281 279 278 280 284 282 283 282 291 294 293 294 292 290 287 283 280 284 282 286 292 285 282 279 283 290 292 293 293 299 302 307 310 310 310 311 310 309 311 312 312 313 311
271 269 264 264 264 262 261 261 264 264 265 266 270 271 269 271 271 272 272 272 272 272 272 272 272 270 269 266 265 264 268 270 277 276 272 271 271 268 267 268 267 264 262 264 266 270 278 280 277 286 286 284 284 288 288 286 287 285 282 284 292 295 294 292 290 286 278 278 282 288 290 290 286 281 273 276 279 283 289 293 297 301 304 308 309 309 310 310 309 308 311 312 309 307
269 269 267 268 266 264 264 265 267 265 267 269 270 271 271 271 271 271 271 271 271 272 272 272 271 271 270 269 269 268 269 270 273 279 277 272 269 268 266 265 264 261 263 266 267 271 275 281 281 284 293 288 291 294 292 286 289 287 287 284 285 292 295 293 285 280 276 278 284 287 291 287 283 282 274 268 269 273 279 290 298 302 304 307 307 306 308 309 309 308 310 310 310 310
269 268 266 266 268 268 267 268 266 262 264 267 270 270 269 269 270 271 271 271 270 271 271 271 271 271 270 270 269 268 268 268 270 272 279 278 272 267 266 264 260 258 262 267 274 277 275 279 282 282 288 296 297 298 294 285 287 289 289 290 287 291 296 295 289 282 281 284 286 287 291 290 287 282 275 263 262 267 276 287 298 300 302 303 303 306 307 308 307 307 308 309 310 312
272 266 263 262 266 267 268 269 264 263 264 266 269 270 269 269 269 271 271 271 270 271 271 270 269 269 268 267 265 266 264 263 266 269 276 282 276 267 265 262 264 263 261 268 275 279 277 277 280 285 284 293 299 298 292 283 283 285 291 292 294 296 297 296 290 283 283 291 291 293 295 293 289 285 276 264 269 268 275 286 292 303 304 301 304 306 309 308 306 305 307 309 311 311
279 272 268 265 266 264 266 270 267 266 269 268 269 271 271 270 270 271 271 270 268 270 270 270 264 262 262 260 259 259 259 257 260 268 273 280 275 266 261 261 272 269 266 269 274 279 279 279 281 288 289 293 300 299 294 289 285 287 285 292 298 296 297 297 292 285 286 293 293 296 296 290 284 283 281 273 277 276 282 291 296 303 306 306 307 309 310 311 308 305 309 310 312 311
280 277 274 273 267 266 268 271 272 270 271 272 272 271 270 270 270 271 271 268 265 268 269 269 266 262 257 252 250 251 249 251 256 266 272 277 281 275 267 271 283 276 268 268 272 280 283 283 286 289 293 294 299 300 296 290 283 284 289 292 297 296 294 297 295 291 293 297 298 299 294 285 281 286 288 285 286 286 287 293 298 304 306 308 303 303 303 308 311 311 310 312 312 312
284 282 279 280 271 264 265 269 272 272 272 272 272 270 270 270 270 270 270 266 261 264 267 268 267 265 260 257 255 250 246 245 257 265 271 275 280 282 273 280 288 282 273 269 273 282 285 286 291 292 296 297 301 302 298 293 286 277 284 293 298 301 298 296 296 295 298 295 293 299 294 286 279 284 291 292 291 289 292 292 296 302 306 308 305 302 302 304 310 312 312 311 311 313
285 286 284 283 273 263 262 266 269 272 272 272 271 270 270 270 270 270 269 261 258 260 263 267 267 261 256 251 251 252 251 247 250 261 268 275 280 284 281 286 291 290 284 276 277 286 285 287 292 296 298 300 301 301 300 296 287 275 274 286 295 298 303 303 302 299 296 290 291 300 295 286 283 283 290 295 296 297 296 298 300 301 305 308 307 302 304 309 312 311 311 312 313 310
287 287 287 281 273 265 263 265 267 271 271 270 268 268 267 268 266 269 265 256 254 258 260 265 264 263 256 250 248 245 247 247 255 263 267 277 281 284 281 284 292 294 292 285 282 290 289 290 291 296 300 302 303 302 300 296 289 283 275 280 290 297 300 298 303 300 291 290 290 298 298 294 292 291 291 296 296 302 300 300 302 299 303 309 309 307 306 309 313 313 311 311 310 309
289 289 288 285 278 269 269 267 268 271 270 270 265 265 266 265 261 266 260 250 254 254 259 261 259 263 257 253 248 242 244 251 261 262 267 277 280 281 279 280 285 290 292 290 290 293 291 289 290 294 298 300 304 302 301 297 292 290 282 275 286 292 290 296 301 303 298 292 294 296 299 301 296 295 295 299 295 299 306 306 303 304 302 306 311 308 309 312 312 312 310 307 303 305
286 288 290 286 281 279 276 277 275 274 269 267 261 261 264 257 259 261 250 251 250 254 258 258 259 263 261 255 250 247 247 246 257 263 268 272 276 276 275 277 282 285 289 291 295 294 291 293 290 289 300 301 303 302 304 300 300 297 291 278 289 299 296 299 303 305 302 301 299 299 298 303 300 294 295 297 302 301 303 309 307 306 304 305 311 310 310 311 311 312 308 303 298 299
286 287 288 291 288 286 283 285 286 282 273 268 263 259 267 264 257 255 245 249 250 253 254 255 259 259 262 258 255 251 249 246 247 251 256 264 270 272 278 281 284 286 291 295 297 296 293 295 289 289 294 302 303 302 304 298 302 301 294 283 288 300 304 303 303 305 304 306 303 300 302 304 300 298 297 299 300 304 306 310 310 309 308 306 309 312 311 312 310 309 309 305 296 289
282 281 286 288 290 291 289 288 284 278 269 265 260 259 268 266 255 251 246 249 252 252 251 255 254 255 261 258 255 254 253 250 251 250 254 255 263 268 279 284 288 290 290 293 300 298 296 291 292 291 295 303 306 301 306 299 302 299 293 290 284 291 303 307 305 305 304 307 307 303 306 308 305 307 305 303 305 307 310 310 311 312 311 309 309 310 312 312 310 307 306 306 297 289
277 276 277 282 289 291 288 282 280 274 270 266 261 259 268 267 259 251 246 249 248 248 253 252 252 254 256 261 259 256 256 255 254 255 254 256 265 271 276 283 290 293 295 297 300 298 297 294 295 297 297 305 306 307 306 306 303 299 299 297 285 285 292 303 307 308 307 307 308 309 307 308 308 302 308 309 308 310 306 305 307 308 311 311 311 311 311 312 310 304 301 305 296 286
276 277 277 282 287 286 293 284 273 272 269 261 257 256 265 265 258 246 240 246 246 247 250 248 253 257 258 261 259 258 254 253 253 255 254 256 268 277 280 281 289 290 295 298 301 300 298 297 294 299 301 306 305 305 304 306 306 304 303 296 290 294 294 302 306 307 299 294 297 304 307 307 307 299 299 304 309 307 300 303 306 308 308 310 309 309 307 311 308 307 304 301 296 285
276 278 286 283 288 291 293 287 281 281 275 268 258 254 263 264 258 243 243 246 244 245 246 247 253 256 258 261 259 260 257 255 254 255 255 255 264 276 283 286 289 293 296 298 301 302 303 302 301 303 304 297 302 296 295 305 307 307 303 300 299 301 304 306 306 304 297 289 293 302 306 304 303 303 303 305 307 309 303 300 306 304 307 310 309 307 304 308 310 310 308 305 303 292
277 279 287 292 292 291 293 289 287 283 278 268 259 257 263 263 258 247 243 243 245 245 245 248 254 256 253 258 256 256 253 252 255 253 257 259 262 272 283 286 289 293 296 298 302 304 301 298 300 300 302 298 299 294 293 300 304 307 308 307 307 306 305 301 301 304 298 291 293 300 305 305 304 302 304 308 308 309 305 302 303 302 307 309 306 306 300 300 301 307 310 309 306 298
285 289 285 293 295 293 293 291 289 285 281 274 263 259 259 260 252 247 241 243 244 245 248 250 253 253 252 256 255 255 250 250 252 251 259 265 266 273 282 291 294 293 296 301 303 304 298 298 299 297 298 300 298 295 293 301 302 304 304 306 305 304 299 297 302 303 302 296 297 303 306 305 307 306 304 307 309 305 297 296 299 305 305 302 303 301 297 291 300 308 304 308 308 303
291 293 293 296 296 294 292 287 288 286 284 280 276 270 262 255 247 245 243 242 243 244 246 248 247 250 250 254 255 254 249 248 249 254 264 273 275 273 279 287 294 299 302 302 298 303 298 291 289 285 292 300 299 297 295 299 300 293 296 301 300 302 295 299 295 293 299 293 291 301 305 305 304 307 306 306 308 305 301 297 299 304 301 295 298 298 297 295 305 301 298 297 306 307
295 295 295 296 295 294 293 290 285 278 275 281 278 275 268 256 248 254 254 250 243 240 244 246 247 251 251 252 253 249 248 251 252 255 261 272 282 277 281 281 287 297 301 297 293 300 299 293 286 280 283 296 296 294 292 293 296 292 294 294 296 302 295 292 286 285 288 288 283 292 298 301 303 305 308 308 308 307 306 304 300 299 297 298 299 300 300 303 305 298 299 299 303 308
292 291 292 293 289 287 291 290 288 282 272 269 275 268 269 262 259 264 264 262 255 249 247 245 247 250 251 252 252 250 256 261 262 263 264 269 281 285 282 291 293 299 293 289 288 292 300 292 282 276 277 290 289 289 285 287 291 292 293 295 299 297 293 288 289 289 289 286 288 288 292 294 301 305 308 307 307 306 305 304 302 294 295 298 300 300 296 302 300 298 301 303 300 304
296 295 295 293 286 282 290 291 288 281 271 264 266 260 266 270 272 272 267 265 266 263 259 253 246 247 247 251 252 259 264 269 267 267 267 274 283 290 283 290 297 296 290 286 291 296 295 287 282 273 277 282 275 280 273 276 285 292 295 298 297 293 295 293 292 292 289 291 294 291 287 287 299 306 305 305 305 304 301 302 302 295 296 297 299 298 298 299 300 299 302 302 294 297
295 295 296 294 290 283 289 289 285 282 272 263 262 264 265 268 273 270 261 263 270 269 264 256 245 242 244 247 254 266 273 273 272 274 272 277 284 293 290 293 297 293 289 283 288 294 289 281 278 275 274 277 269 266 263 268 278 290 294 291 292 295 296 295 293 294 290 293 293 297 295 290 302 306 304 301 300 302 299 297 300 297 297 297 299 299 297 297 302 302 302 302 297 298
296 295 297 297 293 287 289 289 286 283 275 269 265 269 272 274 277 274 270 271 273 269 265 258 247 245 247 246 252 266 275 281 281 281 281 282 288 294 295 297 296 295 289 285 283 289 285 281 277 271 267 264 262 261 262 268 277 283 290 289 290 294 296 297 297 295 290 294 296 295 298 302 304 303 304 302 296 296 294 291 294 298 298 300 301 302 302 301 303 301 302 300 297 301
298 296 298 298 296 294 292 288 280 275 271 271 265 267 275 273 277 280 277 276 272 267 262 258 253 256 257 254 258 269 277 281 283 284 284 286 291 293 290 290 290 294 291 286 282 283 285 280 277 272 267 263 263 263 263 272 281 284 287 290 293 294 294 294 296 297 296 296 297 293 295 303 300 297 300 295 291 292 293 295 295 297 299 300 298 300 301 303 304 303 303 302 302 306
296 298 298 297 297 296 292 284 278 268 272 274 268 266 267 264 272 281 276 270 266 262 258 250 256 263 264 259 257 263 272 277 281 282 285 285 287 289 285 284 288 292 291 287 281 278 278 283 280 273 266 266 263 264 264 269 278 283 287 288 291 290 289 291 294 296 297 296 293 290 299 299 296 292 291 292 293 293 294 294 294 295 299 299 299 299 298 299 303 305 306 305 307 308
294 297 296 293 295 294 285 280 275 275 277 278 272 271 263 267 271 276 282 275 271 266 262 259 262 270 269 262 258 257 260 267 273 281 282 280 281 282 284 282 284 284 285 281 280 276 276 280 276 269 267 267 264 265 263 264 271 276 282 281 284 284 281 285 290 292 293 292 291 295 300 296 289 286 284 288 293 294 294 294 294 296 294 297 296 297 294 296 299 304 306 307 307 307
296 298 297 292 290 290 281 272 276 281 282 275 275 279 271 260 262 276 284 282 277 270 267 269 268 273 273 265 268 269 265 264 269 280 279 279 279 281 280 282 281 278 277 278 273 270 271 275 274 268 267 267 265 267 267 265 264 267 272 272 273 275 275 282 286 290 293 294 294 296 298 292 288 288 289 286 289 289 291 291 291 294 290 288 292 291 291 297 300 303 306 302 303 303
297 300 298 295 294 294 287 278 280 285 284 282 282 286 280 270 268 275 284 286 281 275 274 275 274 277 276 265 267 276 274 269 271 275 275 273 276 275 273 279 277 273 269 269 267 264 267 265 262 263 265 268 269 268 271 268 267 272 274 269 266 271 274 288 290 293 295 296 298 298 296 291 290 290 288 284 284 283 284 287 286 290 286 279 287 287 292 295 299 303 301 302 299 300
300 299 295 295 298 299 293 287 287 286 286 285 286 287 287 281 274 278 287 290 286 281 278 280 278 282 278 272 273 278 279 275 267 267 267 267 270 269 270 276 272 270 266 265 267 271 268 268 262 259 263 266 267 268 272 274 279 282 283 278 274 275 281 289 292 294 293 294 296 296 294 292 292 291 289 285 280 277 279 281 280 281 282 275 280 280 291 298 301 302 301 298 296 297
300 298 295 299 300 301 295 291 288 287 287 285 282 286 290 284 285 286 288 291 289 279 277 283 280 284 280 278 276 280 280 279 272 271 275 274 275 269 267 274 268 266 263 263 264 268 276 276 271 270 267 268 265 264 266 267 275 282 287 286 283 282 282 286 289 292 291 287 289 294 296 294 293 291 287 281 275 267 264 267 263 263 269 269 274 283 293 295 299 299 298 297 293 297
297 294 295 300 302 302 299 292 289 290 288 286 284 287 291 282 286 290 290 292 288 283 278 283 286 285 283 282 281 281 280 279 277 280 284 280 282 273 270 268 265 262 260 258 258 266 276 281 280 275 272 272 266 263 265 267 271 273 286 290 287 288 288 285 287 289 289 289 293 295 295 294 293 290 280 271 266 264 266 262 257 256 260 259 275 288 295 293 296 296 293 293 296 299
301 297 298 301 302 302 299 293 292 287 288 288 287 288 292 288 290 292 291 292 290 285 278 281 286 284 280 279 278 277 276 282 283 286 286 286 280 273 269 263 261 261 257 256 262 269 278 280 282 270 272 275 269 268 270 271 269 272 285 293 292 294 295 291 283 280 287 291 294 296 295 294 289 287 283 276 262 270 270 262 264 265 261 265 279 290 297 297 297 295 293 291 292 299
