ecocropFuture/tif/c6/rcp585/ACCESS-CM2/tmax_1.asc
ncols        683
nrows        518
xllcorner    -87.691666666667
yllcorner    10.708333333333
cellsize     0.008333333333
NODATA_value  nan
[rows 336 to 377 of 518, columns 94 to 187 of 683]
nan nan nan nan nan nan nan nan nan nan nan nan nan 327 328 nan 329 329 330 331 332 333 334 335 334 334 333 332 331 331 331 329 328 328 329 330 329 328 327 326 325 324 322 321 321 319 317 316 314 312 309 309 308 307 305 305 314 320 323 325 327 327 327 326 325 325 324 323 321 325 323 321 318 317 316 315 313 311 310 310 309 309 309 308 308 308 308 308 308 308 308 308 307 307
nan nan nan nan nan nan nan nan nan nan nan nan nan nan 328 328 nan nan 330 331 332 333 334 335 335 333 332 331 331 331 330 328 325 325 327 329 329 327 326 325 324 322 321 319 319 319 317 315 313 311 309 307 307 307 306 304 307 316 321 324 326 327 327 327 327 327 327 326 324 323 323 320 318 317 316 314 312 310 310 309 309 309 309 308 308 308 308 308 308 308 308 308 307 307
nan nan nan nan nan nan nan nan nan nan nan nan nan nan nan 328 328 329 328 329 332 333 334 334 334 333 331 330 330 330 327 326 320 318 325 328 327 326 325 324 323 322 320 318 316 315 316 314 313 311 309 308 308 307 306 305 304 308 318 322 325 327 327 327 328 328 329 328 325 321 323 321 318 317 315 313 312 310 309 309 309 309 309 308 308 308 308 308 308 308 308 308 308 308
nan nan nan nan nan nan nan nan nan nan nan nan nan nan nan nan nan 328 328 328 329 332 333 333 333 332 332 331 329 329 328 327 323 317 324 326 325 325 324 323 322 320 319 318 317 315 313 312 310 310 309 307 306 305 304 303 303 303 312 320 323 326 327 328 328 329 330 329 326 323 323 320 318 316 315 313 311 310 309 309 309 309 309 308 308 308 308 308 308 308 308 308 308 308
nan nan nan nan nan nan nan nan nan nan nan nan nan nan nan nan nan 328 328 328 328 330 332 333 333 332 331 331 330 329 327 326 326 318 323 325 324 324 323 322 322 321 320 318 317 315 314 312 310 310 308 307 306 305 303 303 302 302 308 317 321 324 326 327 328 329 330 330 327 326 324 321 319 318 316 315 314 312 312 312 312 311 311 311 311 311 311 311 311 311 311 311 311 311
nan nan nan nan nan nan nan nan nan nan nan nan nan nan nan nan nan 328 328 329 329 330 331 332 331 332 330 330 330 329 326 325 327 327 324 325 325 324 323 322 321 320 319 318 317 316 314 313 312 311 310 307 307 306 306 304 303 303 304 315 319 322 324 326 327 328 330 329 326 327 325 323 321 320 319 318 317 316 315 315 315 315 315 314 314 314 314 314 314 314 314 314 314 314
nan nan nan nan nan nan nan nan nan nan nan nan nan nan nan nan nan 328 328 328 328 330 329 331 330 329 329 329 329 329 328 327 326 328 327 325 325 325 323 323 322 321 320 319 318 317 315 314 312 312 311 310 309 307 306 305 304 303 302 311 317 320 322 324 325 327 328 328 326 327 326 324 322 322 321 320 319 319 318 318 318 318 318 318 318 318 318 318 318 318 317 317 317 317
nan nan nan nan nan nan nan nan nan nan nan nan nan nan nan nan nan nan 328 328 328 328 328 330 330 327 327 327 328 330 331 330 330 328 328 327 326 324 323 322 321 321 321 319 318 317 316 315 315 314 312 310 309 308 306 305 302 302 301 307 315 318 321 323 324 326 327 327 324 325 326 325 324 323 323 322 322 322 322 322 321 321 321 321 321 321 321 321 321 321 321 320 320 320
nan nan nan nan nan nan nan nan nan nan nan nan nan nan nan nan nan nan 327 327 329 328 328 330 330 328 326 327 327 326 331 331 330 329 328 326 325 324 323 323 322 322 321 320 319 319 319 318 316 314 312 310 308 306 305 303 301 300 299 303 312 315 318 321 323 324 326 326 324 325 326 325 324 324 324 324 324 324 324 324 324 323 323 324 324 323 324 324 324 324 324 323 323 322
nan nan nan nan nan nan nan nan nan nan nan nan nan nan nan nan nan nan nan 328 328 329 329 330 328 328 327 328 327 328 331 331 330 328 327 326 326 325 325 323 323 322 321 321 321 321 319 317 317 316 314 313 311 308 306 304 302 301 300 299 307 313 316 319 321 322 324 324 323 321 326 324 323 323 323 324 324 325 325 324 324 324 324 324 324 325 325 326 326 325 325 325 325 324
nan nan nan nan nan nan nan nan nan nan nan nan nan nan nan nan nan nan nan 328 328 329 329 331 328 328 326 329 330 331 331 330 329 328 328 327 326 326 325 324 324 324 323 323 323 322 320 320 319 316 314 312 311 309 307 305 303 303 301 299 301 309 313 316 318 320 321 321 321 320 323 324 321 321 321 322 323 323 323 323 323 323 323 323 324 324 325 325 326 325 325 325 325 325
nan nan nan nan nan nan nan nan nan nan nan nan nan nan nan nan nan nan nan nan 327 328 328 329 330 328 327 326 331 331 331 330 329 328 327 328 327 326 326 326 327 325 325 325 325 324 322 320 319 317 315 314 311 310 308 306 306 303 301 299 298 303 310 313 315 317 318 319 318 315 317 318 318 319 319 320 320 321 321 321 321 321 321 322 322 323 324 325 325 325 326 325 326 326
nan nan nan nan nan nan nan nan nan nan nan nan nan nan nan nan nan nan nan nan 327 328 328 327 327 327 327 325 330 331 331 331 330 328 328 329 329 328 328 328 328 327 326 326 325 324 323 321 319 318 317 315 313 310 309 308 306 303 301 300 298 297 306 310 312 314 315 316 316 315 322 316 316 316 317 318 318 318 318 319 319 319 320 320 321 322 323 325 325 325 325 326 326 326
nan nan nan nan nan nan nan nan nan nan nan nan nan nan nan nan nan nan nan nan 328 327 327 327 326 324 325 325 327 331 331 331 329 328 329 330 330 330 329 329 328 328 327 326 326 325 324 323 321 320 318 316 314 313 310 308 306 305 302 300 297 295 303 307 310 311 312 313 313 313 318 313 313 314 314 314 315 315 316 317 317 317 318 318 320 321 322 324 325 325 325 326 326 327
nan nan nan nan nan nan nan nan nan nan nan nan nan nan nan nan nan nan nan nan nan 328 328 327 327 324 322 323 324 330 331 331 330 329 329 330 330 330 329 329 328 328 327 327 326 326 324 322 320 318 317 316 314 312 311 309 308 306 303 300 298 294 299 305 307 308 309 310 310 309 309 310 310 311 311 311 312 312 313 314 314 315 315 317 318 319 321 323 324 324 325 326 326 327
nan nan nan nan nan nan nan nan nan nan nan nan nan nan nan nan nan nan nan nan nan 327 327 326 326 325 322 321 325 331 331 331 330 330 330 330 330 330 329 329 328 328 327 327 326 325 324 323 321 319 318 316 315 314 312 310 308 306 303 300 297 294 295 301 304 305 306 306 306 305 307 307 307 307 307 307 307 308 309 310 311 311 312 314 315 317 318 320 322 323 324 324 325 325
nan nan nan nan nan nan nan nan nan nan nan nan nan nan nan nan nan nan nan nan nan 328 327 326 325 326 324 324 322 328 331 331 330 330 330 330 330 329 329 328 328 328 327 327 326 325 324 322 321 320 319 318 316 315 312 310 308 306 304 301 298 295 293 297 300 301 302 302 302 302 303 304 303 303 303 302 303 304 305 306 307 308 310 311 313 314 316 319 320 322 323 323 324 323
nan nan nan nan nan nan nan nan nan nan nan nan nan nan nan nan nan nan nan nan nan nan 326 325 325 327 327 327 329 331 331 331 331 330 329 329 330 329 328 328 328 327 327 326 326 325 325 323 323 321 320 319 317 314 312 311 309 306 304 301 298 295 292 290 294 297 298 298 299 298 299 300 299 299 299 298 298 300 300 302 304 306 308 309 311 313 315 318 319 321 321 322 322 321
nan nan nan nan nan nan nan nan nan nan nan nan nan nan nan nan nan nan nan nan nan nan nan 325 326 326 327 328 330 332 332 331 331 330 330 329 329 328 328 328 327 327 326 326 326 326 325 324 323 322 321 320 318 316 314 311 310 307 304 301 297 294 291 288 288 291 293 293 295 295 294 296 295 294 295 294 293 295 296 298 301 304 306 308 310 312 314 316 319 320 320 321 320 318
nan nan nan nan nan nan nan nan nan nan nan nan nan nan nan nan nan nan nan nan nan nan nan 325 325 325 326 326 328 332 332 331 331 331 330 329 329 328 328 327 327 327 326 326 326 326 325 324 323 322 322 320 318 316 314 312 309 306 303 300 297 294 291 289 285 284 289 289 291 291 291 291 291 290 290 289 289 291 292 294 299 301 304 306 309 311 313 315 317 317 318 319 319 317
nan nan nan nan nan nan nan nan nan nan nan nan nan nan nan nan nan nan nan nan nan nan nan nan 326 327 326 327 328 331 332 331 331 331 329 329 328 328 328 327 327 327 327 326 326 325 325 324 323 322 321 320 318 316 314 312 309 307 304 300 297 294 291 288 285 281 282 284 286 286 287 286 287 286 285 285 284 286 288 290 294 299 303 305 307 309 311 313 314 315 316 317 317 317
nan nan nan nan nan nan nan nan nan nan nan nan nan nan nan nan nan nan nan nan nan nan nan nan 326 325 327 328 328 330 331 331 331 330 329 329 328 328 327 327 327 327 326 326 325 325 324 324 323 322 321 320 318 315 313 310 309 306 302 300 296 293 290 287 283 280 277 277 280 282 283 283 283 283 281 281 280 281 284 285 287 294 301 304 305 307 309 311 312 313 314 315 316 316
nan nan nan nan nan nan nan nan nan nan nan nan nan nan nan nan nan nan nan nan nan nan nan nan nan 324 328 329 329 330 330 331 330 330 329 328 328 327 327 327 327 327 327 326 325 325 325 324 322 321 320 319 317 315 312 310 307 305 302 299 297 293 290 287 284 281 278 274 275 278 279 279 279 278 277 276 276 276 278 280 279 286 299 302 303 305 306 308 309 310 311 312 314 315
nan nan nan nan nan nan nan nan nan nan nan nan nan nan nan nan nan nan nan nan nan nan nan nan nan nan 327 328 329 330 329 330 330 330 329 328 328 327 328 327 327 327 327 326 326 325 324 323 322 320 319 317 315 314 313 311 308 306 303 301 297 294 291 288 284 281 277 274 272 274 275 275 274 274 273 272 271 271 273 275 281 287 297 300 301 302 303 304 305 306 308 310 312 314
nan nan nan nan nan nan nan nan nan nan nan nan nan nan nan nan nan nan nan nan nan nan nan nan nan nan 327 326 330 330 330 330 330 329 329 328 328 328 327 327 327 327 327 326 326 325 324 323 321 319 318 317 316 315 314 312 310 307 303 300 297 294 291 288 284 280 277 274 271 269 271 271 270 269 269 267 267 266 269 277 284 292 296 298 298 299 301 304 304 305 306 307 310 312
nan nan nan nan nan nan nan nan nan nan nan nan nan nan nan nan nan nan nan nan nan nan nan nan nan nan nan 327 330 330 329 328 328 329 328 328 328 328 328 328 327 327 327 326 326 325 324 323 321 320 319 318 317 316 314 312 309 306 304 300 297 294 291 286 284 280 277 274 271 268 267 267 266 265 263 261 262 265 272 279 282 292 295 296 296 295 301 303 304 305 306 306 307 310
nan nan nan nan nan nan nan nan nan nan nan nan nan nan nan nan nan nan nan nan nan nan nan nan nan nan nan 329 330 329 329 328 328 329 329 329 329 328 328 328 327 327 326 326 326 325 324 323 322 321 320 319 316 315 313 311 308 306 304 301 297 294 291 288 284 280 277 274 271 269 265 264 263 261 259 262 264 267 272 281 288 291 293 293 293 292 300 300 302 303 304 305 306 309
nan nan nan nan nan nan nan nan nan nan nan nan nan nan nan nan nan nan nan nan nan nan nan nan nan nan nan nan 329 329 329 329 328 329 329 328 328 328 328 327 327 327 326 326 325 325 324 323 322 321 320 318 316 314 312 311 309 306 302 300 298 294 291 287 283 281 278 275 272 269 266 261 259 259 261 262 265 270 274 277 287 290 291 291 290 296 299 298 297 297 299 304 308 310
nan nan nan nan nan nan nan nan nan nan nan nan nan nan nan nan nan nan nan nan nan nan nan nan nan nan nan nan nan 328 328 328 328 327 329 328 328 328 328 328 327 327 326 326 326 325 324 323 322 321 320 318 316 314 312 310 308 306 304 301 297 294 290 287 284 282 279 276 273 270 266 261 259 261 262 264 267 268 274 281 285 288 289 289 288 291 297 295 289 289 290 303 309 312
nan nan nan nan nan nan nan nan nan nan nan nan nan nan nan nan nan nan nan nan nan nan nan nan nan nan nan nan nan nan 328 328 328 327 328 328 328 328 328 328 327 327 326 325 326 325 324 323 322 321 319 318 316 314 313 310 308 305 303 300 296 293 291 288 286 283 280 277 274 270 267 262 260 261 263 263 266 273 277 281 285 286 286 287 285 283 287 293 290 289 294 302 308 311
nan nan nan nan nan nan nan nan nan nan nan nan nan nan nan nan nan nan nan nan nan nan nan nan nan nan nan nan nan nan nan 328 328 328 328 329 328 328 327 328 327 325 326 325 325 325 324 323 322 321 319 318 316 314 312 310 306 303 300 298 296 294 292 291 287 284 281 278 274 271 268 263 261 261 262 265 267 268 271 277 278 281 283 284 284 286 287 289 292 293 297 303 307 311
nan nan nan nan nan nan nan nan nan nan nan nan nan nan nan nan nan nan nan nan nan nan nan nan nan nan nan nan nan nan nan nan 327 327 328 328 328 328 327 327 326 325 326 324 325 325 324 322 322 321 319 318 315 312 310 307 304 302 300 298 297 296 294 291 288 284 281 278 275 273 269 265 262 263 265 264 265 268 271 271 273 276 277 282 284 287 289 291 294 296 298 304 307 310
nan nan nan nan nan nan nan nan nan nan nan nan nan nan nan nan nan nan nan nan nan nan nan nan nan nan nan nan nan nan nan nan nan 327 327 327 328 328 327 327 326 325 326 325 325 325 323 323 322 320 318 316 314 312 309 307 304 303 301 300 299 297 294 291 288 285 283 279 277 273 271 269 263 263 264 264 264 264 265 268 269 272 275 279 284 286 288 288 289 295 298 302 307 310
nan nan nan nan nan nan nan nan nan nan nan nan nan nan nan nan nan nan nan nan nan nan nan nan nan nan nan nan nan nan nan nan nan nan 327 327 327 327 327 327 326 326 325 325 324 324 323 322 321 319 318 316 314 311 309 307 305 304 302 301 299 296 294 292 289 286 283 281 278 276 273 270 266 264 264 264 265 265 266 268 270 272 273 275 279 281 282 283 287 293 297 299 301 304
nan nan nan nan nan nan nan nan nan nan nan nan nan nan nan nan nan nan nan nan nan nan nan nan nan nan nan nan nan nan nan nan nan nan 326 326 326 326 326 326 326 326 325 325 324 324 323 321 319 318 318 316 313 310 309 307 306 303 302 300 298 297 295 293 290 288 285 282 280 277 275 272 268 265 265 266 266 267 268 270 272 273 274 276 277 279 281 283 286 290 296 296 295 296
nan nan nan nan nan nan nan nan nan nan nan nan nan nan nan nan nan nan nan nan nan nan nan nan nan nan nan nan nan nan nan nan nan nan nan 326 326 325 326 326 326 325 324 323 324 323 322 321 320 319 317 315 312 311 309 308 306 304 302 300 300 298 296 294 291 289 287 284 281 279 276 273 271 268 266 267 268 268 269 271 272 275 276 277 279 280 282 284 286 291 292 291 290 292
nan nan nan nan nan nan nan nan nan nan nan nan nan nan nan nan nan nan nan nan nan nan nan nan nan nan nan nan nan nan nan nan nan nan nan 325 326 326 325 326 325 325 324 323 323 322 321 320 319 319 317 316 314 312 309 307 306 304 303 304 301 299 296 294 293 291 289 286 283 280 278 275 273 271 269 268 269 270 270 272 274 275 276 277 279 281 283 285 287 288 289 287 287 288
nan nan nan nan nan nan nan nan nan nan nan nan nan nan nan nan nan nan nan nan nan nan nan nan nan nan nan nan nan nan nan nan nan nan nan 325 326 326 325 325 325 325 324 323 322 322 321 320 319 318 317 315 313 311 310 309 309 308 307 304 302 300 298 296 295 294 290 288 285 282 280 277 275 273 272 270 270 270 271 272 273 274 276 277 278 280 282 284 285 286 287 286 286 286
nan nan nan nan nan nan nan nan nan nan nan nan nan nan nan nan nan nan nan nan nan nan nan nan nan nan nan nan nan nan nan nan nan nan nan 326 326 326 326 325 325 325 324 324 322 321 321 320 319 318 317 316 314 312 311 312 311 310 307 305 303 301 299 298 298 294 291 289 287 284 282 279 278 276 274 273 272 271 272 272 273 274 275 277 278 279 282 283 284 285 286 285 285 286
nan nan nan nan nan nan nan nan nan nan nan nan nan nan nan nan nan nan nan nan nan nan nan nan nan nan nan nan nan nan nan nan nan nan nan nan 326 326 326 326 325 324 325 323 322 321 320 319 318 318 318 317 314 315 313 313 311 309 308 307 304 302 303 301 297 295 293 290 288 286 283 281 280 278 276 275 274 273 272 273 273 273 274 276 278 279 281 283 284 284 285 285 285 285
nan nan nan nan nan nan nan nan nan nan nan nan nan nan nan nan nan nan nan nan nan nan nan nan nan nan nan nan nan nan nan nan nan nan nan nan nan nan 326 326 326 325 324 323 323 322 321 321 319 319 319 318 316 316 315 313 312 312 310 308 306 306 303 300 298 297 294 293 290 287 286 284 282 280 278 277 276 275 274 274 274 273 273 275 277 279 280 282 283 284 284 284 284 285
nan nan nan nan nan nan nan nan nan nan nan nan nan nan nan nan nan nan nan nan nan nan nan nan nan nan nan nan nan nan nan nan nan nan nan nan nan nan nan 326 326 325 324 324 323 322 322 321 321 319 319 319 319 317 316 314 314 313 312 310 309 306 303 302 300 298 296 294 292 289 287 285 283 281 280 278 278 277 276 276 275 275 274 275 276 278 280 281 282 283 283 284 284 285
