ecocropFuture/tif/c6/rcp585/ACCESS-CM2/tmax_2.asc
ncols        683
nrows        518
xllcorner    -87.691666666667
yllcorner    10.708333333333
cellsize     0.008333333333
NODATA_value  nan
[rows 84 to 125 of 518, columns 376 to 469 of 683]
288 288 288 292 294 292 291 290 291 290 290 290 290 292 293 294 294 293 293 293 293 293 293 292 290 291 291 291 291 290 290 290 289 288 287 289 289 289 289 289 289 288 288 288 288 288 288 288 288 287 287 287 287 287 286 286 286 286 285 285 285 285 284 284 284 283 283 283 282 282 282 282 282 281 281 281 281 280 279 278 278 278 278 278 279 279 278 279 280 280 280 279 279 281
284 283 285 289 292 293 290 289 291 290 291 290 290 292 293 294 294 293 293 293 293 293 293 292 291 291 291 290 290 290 290 289 289 289 289 289 290 290 290 289 289 288 287 287 287 288 287 288 288 287 287 287 287 286 287 286 286 286 286 285 285 285 285 284 284 284 283 283 282 282 282 282 282 282 281 281 281 280 279 278 278 278 278 278 279 279 278 277 279 280 277 274 277 280
286 286 290 293 294 294 290 288 291 290 288 287 289 290 293 294 294 293 293 293 293 293 292 292 291 290 289 289 290 290 290 290 289 289 289 289 290 290 290 290 289 289 287 287 287 288 288 287 287 287 287 287 287 287 287 286 286 286 286 285 285 285 285 284 284 284 283 282 282 282 282 282 282 281 281 281 281 280 279 279 278 278 279 279 280 280 279 279 279 279 277 273 275 279
290 290 292 292 293 294 293 292 293 291 287 289 291 292 294 294 294 293 293 293 290 292 292 291 290 289 290 290 290 289 290 289 287 288 289 290 290 290 290 290 290 289 288 288 288 288 288 288 287 287 287 287 287 287 286 286 286 286 286 285 285 285 284 284 284 283 283 283 282 282 282 282 282 281 281 281 281 281 280 280 280 279 280 280 280 280 280 279 279 279 278 277 277 279
293 290 292 291 291 293 292 293 294 294 293 294 292 294 294 294 295 294 294 293 293 292 292 290 290 290 290 288 283 283 287 289 288 289 290 290 290 290 290 290 290 290 289 289 288 288 288 288 287 287 287 287 287 287 287 286 286 286 285 285 285 285 284 284 284 284 283 283 283 283 282 282 282 281 281 282 282 281 281 281 281 280 280 280 280 280 280 280 278 279 279 278 277 278
293 289 291 291 289 293 293 293 292 293 294 294 294 293 293 294 294 294 294 293 293 292 291 291 291 290 289 283 276 281 288 290 289 291 291 291 290 290 290 290 290 290 290 288 284 286 288 288 288 288 287 287 286 287 287 286 286 286 286 285 285 285 284 284 284 284 283 283 283 283 283 282 282 282 282 282 282 282 282 281 281 281 280 281 281 281 280 279 279 279 279 278 278 279
295 288 287 289 291 293 294 293 290 291 295 294 294 293 293 294 294 294 294 293 293 292 292 292 290 289 285 280 279 286 289 290 290 291 292 291 291 291 291 291 290 290 290 288 282 283 288 289 288 288 288 287 287 286 287 286 286 286 286 285 285 285 284 284 284 283 283 283 283 283 283 282 282 282 282 282 282 282 282 282 281 281 281 281 281 281 280 279 279 279 279 279 279 280
297 290 290 289 292 295 295 290 290 289 294 295 295 294 294 293 293 294 294 293 293 293 292 290 289 289 287 284 285 288 288 289 291 292 292 292 291 292 292 291 291 290 290 289 287 286 286 288 288 288 288 287 287 287 286 286 286 286 286 285 284 285 284 284 284 283 283 283 283 283 283 282 282 283 283 283 282 282 282 282 282 282 281 281 281 281 280 280 280 279 279 279 280 280
297 296 295 295 295 296 296 293 295 294 295 295 295 295 295 294 294 294 294 294 293 292 292 290 287 283 277 275 277 284 289 290 291 291 292 291 291 292 292 292 291 291 291 290 290 289 288 288 288 288 288 288 288 287 287 287 286 286 286 285 285 285 285 284 283 283 283 283 283 283 283 283 283 283 283 283 283 283 282 282 282 282 282 282 281 281 281 280 280 280 279 279 279 280
297 297 297 297 296 296 296 296 296 296 296 295 296 296 296 296 296 295 294 293 292 291 290 286 283 276 267 268 277 285 289 290 291 291 290 290 291 292 292 292 291 291 291 291 290 290 290 289 289 289 289 288 288 287 287 287 287 286 286 285 285 285 285 284 284 284 284 283 283 283 283 283 283 283 283 283 283 283 283 282 282 282 282 282 281 281 281 281 281 280 280 280 279 280
299 298 297 297 297 297 297 297 297 296 296 295 296 296 296 296 296 295 294 293 288 280 280 273 273 274 271 274 277 282 285 289 291 291 290 290 291 292 292 292 291 291 291 291 291 290 290 290 290 289 289 289 288 288 288 288 287 287 286 286 285 285 284 284 284 284 284 283 284 283 283 284 284 283 283 283 283 283 283 283 283 282 282 282 281 282 281 281 281 281 281 281 281 280
299 298 298 298 298 297 298 297 296 296 295 295 296 296 296 296 296 294 293 292 285 276 278 275 270 270 277 282 284 285 285 287 288 291 291 291 291 291 292 292 291 291 291 291 291 291 290 290 290 290 289 289 289 288 288 288 287 287 286 286 286 286 285 284 284 284 284 284 284 284 284 284 284 284 284 284 284 283 283 283 283 283 282 281 281 282 281 281 281 281 281 281 281 281
298 298 298 298 298 298 297 297 297 295 295 296 296 297 297 297 296 295 294 292 290 287 284 281 274 279 279 279 279 280 287 290 290 291 293 293 292 292 292 292 291 291 291 291 291 291 291 291 290 290 290 289 289 289 288 288 287 287 287 286 286 286 285 285 285 284 284 284 284 284 284 284 284 284 284 284 284 284 283 283 283 283 283 281 281 282 282 281 281 281 281 281 281 281
298 298 298 298 298 297 297 297 297 295 295 295 296 296 297 297 296 295 293 291 286 286 287 282 281 285 281 282 279 274 279 286 288 292 293 293 293 293 293 292 292 292 291 291 291 291 291 291 291 290 290 290 289 289 288 288 288 288 287 287 287 286 285 285 285 285 285 285 285 285 284 284 284 284 284 284 284 284 283 283 283 283 283 282 282 282 282 282 282 281 281 281 281 281
299 299 299 298 298 298 297 298 297 295 293 293 294 296 297 297 296 294 292 292 291 290 289 289 288 288 288 288 284 279 281 285 289 291 292 293 293 293 293 293 292 292 292 292 292 291 291 291 291 291 290 290 289 289 289 288 288 288 287 287 287 286 286 286 285 285 285 284 284 284 284 284 284 284 284 284 284 284 283 283 283 283 283 282 282 282 282 282 282 282 282 281 281 281
300 299 299 298 298 298 298 298 297 295 292 293 295 296 296 297 296 292 288 289 290 289 292 292 291 291 291 291 289 289 287 288 289 291 292 293 293 293 293 293 293 292 292 292 292 292 291 291 291 291 290 290 289 289 289 288 288 288 287 287 287 286 286 286 285 285 285 284 284 284 284 284 284 283 283 283 284 283 283 283 283 283 283 282 282 282 282 282 282 282 282 281 281 281
300 300 299 298 298 298 298 297 297 297 295 291 293 295 296 296 294 291 289 290 292 291 291 292 293 294 293 293 293 293 293 292 292 292 293 294 293 293 293 293 293 293 292 292 292 292 292 292 291 291 290 290 289 289 289 288 288 288 287 287 287 286 286 286 285 285 285 285 284 284 284 284 284 284 284 284 283 283 283 283 283 283 283 283 282 282 282 282 282 282 282 281 281 281
300 299 299 299 298 297 298 295 296 297 295 291 289 290 296 293 292 293 293 292 293 293 293 292 293 295 294 293 293 292 293 294 294 293 294 294 294 293 293 293 293 293 293 292 292 292 292 292 292 291 290 290 289 289 288 288 288 288 287 287 287 286 286 286 286 285 285 285 284 284 284 284 284 284 284 283 283 284 283 283 283 283 282 282 282 282 282 282 282 281 282 281 281 281
299 299 299 298 298 297 298 297 296 297 295 290 287 284 293 290 292 293 294 294 294 295 295 295 295 295 296 296 295 294 294 295 294 294 295 294 294 294 294 294 293 293 293 293 293 292 292 292 292 291 291 290 289 288 288 288 287 287 287 287 287 286 286 286 286 286 285 285 284 284 284 284 284 284 283 284 284 283 283 283 283 282 282 282 282 282 282 282 282 282 282 281 281 280
300 300 299 299 298 297 298 298 297 295 294 293 291 290 293 295 296 295 295 296 296 296 296 296 296 295 295 295 294 294 294 294 295 295 295 294 293 293 294 294 293 293 293 293 293 293 293 292 292 292 291 290 289 289 289 289 287 286 286 286 287 286 286 286 286 286 285 285 284 284 284 284 283 283 283 284 284 284 283 282 282 283 283 283 283 283 282 282 282 282 282 282 282 281
301 300 300 299 298 296 296 298 297 296 295 295 294 294 295 296 294 293 295 295 296 295 295 296 296 296 295 296 293 292 293 294 295 295 294 293 293 294 294 293 293 293 293 293 293 293 293 293 292 292 291 290 290 290 290 289 289 288 288 287 287 286 286 286 285 285 285 285 284 284 284 284 284 283 283 284 284 283 283 283 282 283 283 283 283 283 283 283 283 283 283 282 282 282
301 301 300 297 292 290 294 297 297 296 295 295 295 295 295 296 295 295 296 296 296 296 296 296 296 296 296 296 295 296 295 296 296 295 295 293 293 294 294 294 293 293 293 293 293 293 293 293 293 292 292 291 291 290 289 288 288 288 287 287 287 287 286 286 285 285 285 284 284 284 284 284 283 283 284 284 283 283 283 282 282 283 283 283 283 283 283 283 283 283 283 283 282 282
301 301 299 292 294 288 291 295 296 296 296 295 293 295 295 296 296 297 297 297 297 297 297 297 298 297 297 297 297 297 296 296 296 295 295 294 294 294 294 293 293 293 293 293 293 293 293 293 293 293 292 292 291 291 290 289 289 288 288 288 288 287 287 286 285 284 284 284 284 284 283 282 282 284 283 282 282 282 282 281 282 282 283 283 283 283 283 283 283 283 283 283 282 282
301 300 298 297 294 292 293 295 295 295 293 291 294 294 295 297 298 297 297 297 297 297 298 298 297 297 297 297 296 297 297 296 296 294 294 295 295 294 294 293 293 293 293 293 293 293 293 293 293 293 293 292 292 292 291 290 289 289 290 289 286 286 285 285 284 284 283 283 283 283 283 282 283 284 283 282 281 280 281 280 280 283 283 284 284 283 283 283 283 283 283 282 282 282
300 296 290 286 280 282 286 289 291 294 291 292 294 295 297 298 299 299 298 299 299 299 298 298 297 297 297 297 297 296 296 296 296 296 295 295 295 294 294 294 293 293 293 293 293 293 293 293 293 293 293 293 292 292 292 292 291 290 290 289 288 284 280 282 279 280 281 282 282 281 282 282 283 283 282 282 280 280 279 279 281 281 283 283 284 283 283 283 282 283 282 283 282 282
291 282 279 272 272 276 285 289 290 292 294 295 296 298 298 299 299 299 299 299 299 299 298 298 297 296 296 295 296 296 296 296 296 296 295 295 295 294 294 294 294 294 294 293 294 293 293 293 293 293 293 293 293 292 292 292 291 291 290 289 289 286 282 281 281 280 281 282 282 279 281 283 283 282 282 281 279 278 280 281 281 281 282 283 283 281 281 281 279 281 282 282 280 278
283 280 285 277 265 281 290 291 294 295 297 298 298 299 300 300 300 299 299 299 298 298 297 297 296 296 296 295 296 296 296 296 296 295 295 294 294 295 295 294 294 294 294 294 294 294 294 293 293 293 293 293 293 293 292 292 292 291 291 291 290 288 288 286 287 286 286 285 279 277 280 282 283 283 280 279 279 281 282 282 282 282 282 283 282 281 281 281 280 281 282 282 280 278
287 289 288 277 267 274 283 291 296 294 292 297 300 300 300 300 300 299 295 298 298 298 297 296 296 294 293 290 292 294 295 295 295 293 294 294 294 295 295 295 295 295 295 295 294 294 294 294 294 294 293 293 293 293 292 292 292 292 291 291 291 290 289 289 289 288 286 281 280 277 278 280 279 280 279 282 282 282 282 283 283 282 281 282 282 282 282 282 282 282 282 282 282 280
294 293 282 275 270 269 274 285 295 298 296 299 300 300 300 301 300 299 298 298 298 298 296 296 295 293 291 290 290 292 295 294 294 293 293 295 295 295 296 295 295 295 295 295 294 294 294 294 293 293 293 293 293 293 292 292 292 292 291 291 291 290 289 288 288 287 286 285 286 284 285 283 278 281 282 282 283 283 284 283 283 282 281 282 283 283 283 283 283 282 282 282 282 281
299 292 281 275 272 270 280 291 295 295 299 299 300 300 301 301 300 300 299 298 298 297 296 296 294 294 294 295 295 294 294 293 293 294 293 295 295 296 296 296 296 295 295 295 295 294 294 294 294 293 293 293 293 293 292 293 292 292 292 292 292 291 290 290 288 287 286 287 287 287 287 285 283 283 283 283 284 284 284 284 283 283 283 283 283 283 283 283 283 282 282 281 281 281
299 296 289 281 275 280 289 297 298 296 298 300 300 301 301 300 300 300 299 298 298 296 295 294 294 295 295 294 296 295 294 294 294 295 295 294 295 296 296 296 295 295 295 294 295 294 295 294 294 293 293 293 293 293 293 293 293 292 292 292 292 291 291 291 289 289 289 290 289 289 288 286 285 285 285 284 284 284 284 284 284 283 283 284 283 283 283 283 283 283 282 281 281 281
297 292 283 287 282 287 297 299 299 299 299 300 300 301 301 300 300 299 299 299 298 298 295 295 294 295 296 295 295 296 296 296 296 296 296 296 295 296 296 296 295 295 295 295 295 294 294 294 294 294 294 294 294 294 293 293 293 293 293 293 292 292 292 292 291 291 291 290 290 290 290 288 287 286 286 285 285 284 284 284 285 284 284 284 283 284 284 283 283 282 281 282 281 281
292 295 294 289 286 294 299 300 301 301 300 300 301 300 300 300 299 299 299 298 298 299 297 296 296 297 298 297 298 298 298 297 297 297 297 296 296 296 296 296 295 295 295 294 294 294 294 294 294 294 294 294 294 294 294 294 294 293 293 293 293 292 292 292 291 291 291 290 290 290 290 289 288 288 287 286 286 285 285 285 285 285 285 285 284 284 284 283 283 282 282 281 281 281
292 288 299 297 291 297 301 302 302 302 301 301 301 300 300 300 299 299 299 298 299 299 297 298 298 298 298 299 299 299 298 298 298 297 297 296 297 296 296 296 296 296 295 294 294 294 294 294 295 294 294 294 294 294 294 294 294 294 294 294 293 292 292 292 291 291 291 290 290 290 289 289 288 288 288 288 287 286 285 286 285 285 285 285 284 284 284 283 283 282 282 281 281 282
300 294 299 302 302 303 303 303 302 302 302 302 301 300 299 299 298 299 298 298 298 297 295 296 297 297 298 298 298 298 298 299 299 298 298 297 297 296 295 296 296 295 295 294 294 294 294 294 294 294 295 294 295 294 295 295 295 294 294 293 293 292 292 291 291 291 290 290 290 290 289 289 289 288 288 288 288 287 285 286 286 285 285 284 284 283 283 283 283 282 282 281 281 281
303 303 304 304 303 303 302 302 303 303 303 302 301 300 297 295 292 293 294 294 294 297 297 297 298 297 298 298 298 298 299 299 299 299 298 298 297 297 296 295 296 296 295 295 294 294 294 294 294 295 295 295 295 295 295 295 295 294 294 294 293 292 292 291 291 291 291 290 290 290 289 289 289 289 288 288 288 287 286 286 285 286 286 283 282 280 280 283 283 282 281 281 281 282
303 300 302 304 304 303 303 302 302 302 303 299 298 298 295 294 294 288 285 286 287 294 297 297 297 298 298 299 298 299 299 299 299 299 299 298 297 297 296 296 296 296 295 295 295 294 294 294 294 295 295 295 295 295 295 294 294 294 294 293 293 292 292 292 291 291 291 291 290 290 290 290 289 289 289 288 288 287 287 287 286 286 285 284 278 278 281 282 283 282 281 280 281 280
300 300 303 304 304 304 304 303 302 303 303 298 293 293 290 295 301 297 294 292 290 291 295 297 297 297 296 298 298 298 299 300 299 299 299 298 298 297 297 296 296 296 295 295 295 295 295 294 294 295 295 295 295 295 294 293 292 293 293 293 293 293 292 292 291 291 291 290 290 290 290 290 290 289 289 288 288 287 288 287 287 286 285 282 281 282 282 282 282 281 280 279 278 278
299 301 303 303 304 304 304 304 304 304 301 299 298 297 296 300 300 301 302 299 299 296 292 292 295 297 296 295 296 298 299 299 300 299 299 298 298 298 297 297 297 296 296 295 295 295 295 295 294 294 294 294 294 294 294 294 294 294 293 293 293 292 292 292 291 291 291 290 290 290 290 290 290 289 289 288 287 287 288 287 287 286 285 281 283 284 284 284 283 281 279 279 278 278
302 300 300 302 303 303 303 304 304 303 299 300 301 301 301 302 301 302 302 302 302 297 293 293 294 298 298 297 299 298 299 299 300 300 299 297 297 298 297 296 297 296 296 295 295 295 295 294 294 294 294 294 294 294 294 294 294 294 293 293 293 293 292 292 292 291 291 291 290 290 290 290 290 289 289 289 288 288 288 287 287 287 286 285 285 284 284 284 282 280 279 278 278 278
292 294 297 300 302 300 301 303 304 303 299 300 302 302 303 302 302 303 303 303 302 300 298 295 295 298 299 299 300 300 300 300 300 300 299 298 297 297 297 296 296 297 296 296 295 295 294 294 295 294 294 293 294 294 294 294 294 293 293 293 293 293 293 292 292 292 291 291 290 290 290 290 290 289 289 289 289 288 288 288 287 287 286 286 285 284 283 284 282 281 280 279 279 280
283 288 295 301 299 296 301 304 304 302 301 301 302 302 302 301 302 303 302 298 298 302 301 299 299 299 298 298 299 300 300 299 300 300 300 297 297 297 298 297 296 297 296 296 295 295 295 295 295 294 294 292 293 294 294 293 293 293 293 293 293 293 292 292 292 291 291 291 290 290 290 290 290 289 289 289 289 289 288 288 287 287 287 286 285 284 284 283 283 282 280 280 279 280
