ecocropFuture/tif/c6/rcp585/ACCESS-CM2/tmax_3.asc
ncols        683
nrows        518
xllcorner    -87.691666666667
yllcorner    10.708333333333
cellsize     0.008333333333
NODATA_value  nan
[rows 126 to 167 of 518, columns 188 to 281 of 683]
302 311 316 318 321 322 322 321 319 316 314 313 311 312 321 325 325 nan nan nan nan nan nan nan nan nan nan nan nan nan nan nan nan nan nan nan nan nan nan nan nan nan nan nan nan nan 330 330 324 319 316 325 326 327 323 322 324 317 317 320 318 313 307 305 310 314 316 318 317 315 309 315 313 302 308 315 319 316 316 314 313 311 308 306 304 305 304 300 302 306 310 323 325 325
307 313 316 318 320 321 321 320 318 314 313 314 317 320 324 325 323 325 325 nan nan nan nan nan nan nan nan nan nan nan nan nan nan nan nan nan nan nan nan nan nan nan nan 323 331 323 325 326 322 316 314 323 324 324 323 319 319 311 310 318 316 315 307 306 312 315 318 314 309 314 317 315 312 305 305 312 316 318 316 316 316 313 313 310 308 307 303 303 308 311 323 326 325 324
309 314 316 318 320 321 320 317 314 317 321 320 323 325 325 321 320 323 324 325 nan nan nan nan nan nan nan nan nan nan nan nan nan nan nan nan nan nan nan nan nan nan nan 322 331 322 319 323 317 308 312 320 319 314 319 312 313 313 308 314 313 310 304 310 314 316 313 310 302 312 316 308 304 302 305 310 314 313 317 315 310 311 307 311 311 305 304 306 319 323 326 327 325 324
312 314 316 318 319 320 317 311 315 321 323 324 325 324 319 317 321 320 319 323 325 nan nan nan nan nan nan nan nan nan nan nan nan nan nan nan nan nan nan nan nan nan nan 323 330 323 314 314 310 302 311 318 308 307 316 307 310 311 308 309 311 308 306 309 310 313 312 307 303 311 313 300 294 301 306 310 311 315 316 314 313 310 304 309 308 307 307 315 318 324 326 327 326 324
313 315 317 318 318 318 311 312 319 322 324 324 324 320 316 319 319 313 315 318 318 318 nan nan nan nan nan nan nan nan nan nan nan nan nan nan nan nan nan nan nan nan nan 325 329 322 314 306 299 303 313 315 302 308 314 306 309 308 305 306 310 306 306 306 308 314 311 304 297 306 310 303 299 301 298 304 309 315 313 311 312 310 306 307 309 312 308 316 322 325 326 326 325 322
315 316 317 318 317 314 311 314 319 322 323 323 320 314 317 318 315 313 313 312 310 311 318 322 nan nan nan nan nan nan nan nan nan nan nan nan nan nan nan nan nan nan nan 319 330 326 320 309 298 306 315 308 302 310 312 306 310 309 305 303 305 304 307 309 310 314 307 303 301 308 311 304 297 288 288 300 310 315 312 309 304 306 304 307 314 313 317 320 325 326 326 325 325 320
316 317 317 317 312 308 314 316 317 321 323 321 312 313 315 314 311 310 306 306 313 316 315 316 nan nan nan 318 324 320 328 329 329 nan nan nan nan nan nan nan nan nan nan 325 330 323 316 306 298 308 309 299 303 308 306 304 308 306 302 301 300 302 303 310 314 312 304 301 305 305 310 306 297 291 292 300 310 314 313 306 300 304 307 316 319 320 323 324 325 326 325 325 324 316
318 318 318 315 310 314 315 318 320 320 320 317 311 315 315 314 311 305 307 310 316 320 318 318 320 nan nan 317 323 315 326 328 326 327 nan nan nan nan nan nan nan nan nan 327 329 320 319 310 301 308 300 299 305 304 302 305 308 305 300 298 298 304 307 308 313 310 305 298 303 303 303 301 300 296 294 301 310 311 310 309 308 308 314 321 322 324 325 326 326 326 325 325 321 315
319 319 318 311 309 312 314 314 316 317 319 316 317 316 313 318 315 307 304 316 317 323 323 323 322 318 322 323 321 313 317 326 317 324 nan nan nan nan nan nan nan nan nan 325 329 325 320 315 302 303 300 305 310 308 307 303 304 305 301 296 297 301 301 305 310 309 304 299 296 295 302 300 299 296 295 302 303 306 310 308 308 309 319 319 318 321 325 326 326 325 325 323 313 316
320 320 315 310 312 313 311 310 314 316 317 316 319 319 318 320 319 313 308 313 319 322 318 315 313 308 318 316 314 316 318 321 321 325 nan nan nan nan nan nan nan nan nan 328 325 321 316 310 305 305 306 314 312 314 308 306 303 301 302 298 297 299 305 308 310 308 302 298 296 297 298 298 294 295 292 293 301 306 308 302 305 314 316 313 319 322 326 326 326 325 324 323 313 322
322 320 312 309 310 309 305 306 313 316 315 314 317 314 317 311 315 319 318 315 316 320 312 301 301 311 318 309 307 309 302 317 325 327 nan nan nan nan nan nan nan nan nan 330 324 323 317 309 315 312 316 320 317 316 313 311 305 299 301 300 297 300 305 308 305 302 302 297 298 295 291 295 288 290 286 291 298 301 307 304 311 315 316 317 322 325 326 326 325 325 324 320 320 322
323 319 309 308 305 306 310 311 314 315 315 317 315 313 309 305 310 312 319 315 315 318 306 294 297 310 312 305 305 303 310 317 321 327 nan nan nan nan nan nan nan nan nan 326 330 326 319 321 322 322 324 321 321 320 317 313 309 304 299 301 298 302 306 305 298 294 295 295 297 295 289 293 291 285 282 285 292 295 302 309 311 311 319 322 323 325 325 325 325 324 324 324 323 319
324 316 309 308 310 312 314 315 315 314 315 310 311 308 301 302 309 315 319 318 319 316 311 298 293 301 300 295 297 296 308 320 323 321 322 326 nan nan nan nan nan nan nan nan 324 326 329 325 329 326 321 320 319 320 318 315 313 309 303 299 297 302 302 305 300 295 290 285 287 296 291 288 288 282 274 279 289 295 303 304 301 311 317 316 322 325 324 324 325 323 318 322 323 321
323 316 307 307 307 308 311 314 315 314 314 312 307 299 302 311 315 316 316 314 314 307 308 293 284 289 291 286 292 300 307 318 316 316 314 325 nan nan nan nan nan nan nan nan nan 319 330 330 324 325 324 321 319 318 318 317 313 312 307 301 298 297 299 303 300 295 286 281 290 295 294 290 283 279 275 285 292 294 293 293 304 310 316 321 324 323 320 316 324 324 319 322 322 320
317 312 310 310 310 311 312 312 311 311 312 311 306 296 303 313 316 316 311 310 306 300 305 296 291 283 288 289 303 313 314 318 309 307 306 321 325 nan nan nan nan nan nan nan nan nan 332 332 328 327 323 322 324 324 319 315 315 312 309 308 300 293 294 298 299 295 288 287 293 294 293 290 284 281 284 285 283 287 288 295 307 313 318 322 323 320 316 317 320 324 321 321 318 314
315 311 310 310 310 310 311 311 309 309 308 306 298 296 306 311 309 311 307 305 297 287 299 301 294 282 281 292 310 316 316 319 317 308 313 320 321 322 nan nan 326 327 324 329 nan 329 330 328 331 331 329 328 328 323 319 320 318 313 311 310 302 298 293 294 292 291 291 292 293 291 288 290 288 289 289 280 289 294 298 306 307 314 322 323 322 320 315 315 320 323 323 322 315 306
315 310 310 312 312 311 312 311 309 310 306 298 290 287 303 300 300 309 305 297 287 287 299 293 283 277 285 292 305 315 318 316 309 309 318 319 313 309 319 324 320 316 314 326 332 332 327 326 328 328 331 331 328 322 322 323 319 315 315 310 305 302 293 286 286 284 285 287 288 289 286 293 294 296 292 286 290 297 307 313 310 319 321 320 319 317 315 319 323 324 324 322 317 304
311 311 313 314 312 312 311 309 306 306 304 301 291 284 291 297 301 302 300 287 275 286 297 286 275 278 290 293 300 310 315 308 304 313 314 314 312 310 319 316 312 313 320 329 332 328 326 326 326 324 327 331 327 323 324 325 322 316 316 309 308 302 292 283 277 271 274 277 281 284 294 296 297 298 291 295 291 299 305 311 318 322 318 317 321 320 317 322 325 324 323 322 319 311
314 311 313 312 311 311 309 304 300 303 302 297 288 283 286 291 291 296 289 279 274 285 290 282 278 284 288 291 295 298 310 305 308 303 307 312 308 314 313 312 316 323 326 333 329 329 325 324 325 322 327 332 330 328 328 324 320 315 318 312 312 305 298 289 279 273 270 276 277 280 287 298 301 301 302 299 294 303 312 316 321 321 321 320 323 323 323 324 324 323 321 321 321 317
311 313 313 313 312 311 308 304 299 300 296 293 286 284 285 281 282 283 277 272 278 279 288 281 281 286 289 292 291 301 308 302 295 296 305 305 303 306 310 320 322 328 332 333 327 328 325 322 322 324 329 329 329 331 326 322 319 318 319 318 314 310 304 297 286 274 269 268 271 275 285 296 304 307 307 303 301 307 316 321 322 323 324 324 325 325 325 326 325 324 320 316 318 320
312 314 315 316 314 311 309 302 296 295 291 288 288 289 286 282 276 276 277 278 281 284 280 278 281 283 282 288 296 306 306 297 293 303 308 310 307 307 314 321 327 331 330 329 329 325 323 320 323 326 327 325 328 330 328 325 324 323 321 316 310 301 295 298 292 282 275 266 268 277 288 298 304 307 312 311 309 312 314 320 322 325 324 324 325 326 325 325 322 321 319 316 314 318
311 313 317 318 316 314 310 304 294 293 292 293 290 291 286 279 274 277 278 277 275 280 281 278 280 285 293 299 305 306 301 293 299 307 314 317 319 319 322 326 331 330 326 329 327 326 323 321 325 325 323 324 328 328 323 326 322 317 313 309 306 295 282 286 293 283 270 266 270 278 290 296 305 309 313 314 313 311 318 319 323 325 326 326 326 325 324 325 322 315 318 315 313 316
318 320 321 319 318 313 308 300 292 294 294 295 293 293 287 279 275 276 274 273 274 280 282 279 289 295 300 306 303 299 300 298 305 309 311 314 316 323 328 330 332 325 325 327 326 324 321 321 323 322 323 325 327 328 323 324 320 317 313 308 301 291 278 282 285 281 274 272 275 280 288 293 302 308 313 314 315 316 320 319 324 325 326 326 326 325 324 325 319 318 320 318 314 315
321 322 322 320 318 313 306 298 292 295 295 295 297 293 290 282 276 274 275 273 277 280 281 281 288 295 301 303 296 296 300 306 310 312 312 312 319 326 325 330 330 327 327 327 324 323 320 322 320 323 325 327 329 326 322 321 319 314 313 305 293 284 276 269 270 274 283 278 276 282 285 289 299 309 314 315 316 320 321 319 324 325 326 326 326 327 327 326 322 322 320 319 316 314
322 324 323 320 317 311 303 296 295 296 296 295 297 291 285 279 277 279 280 276 277 278 280 284 292 296 303 298 294 297 301 309 314 316 318 317 324 325 325 329 333 330 330 330 328 325 320 319 322 323 324 326 328 322 318 318 318 317 312 302 294 286 275 267 269 275 286 286 280 280 281 283 292 306 315 315 319 321 321 324 325 326 326 326 326 326 327 326 323 323 321 320 319 316
325 325 323 320 318 310 300 297 297 298 297 296 298 293 282 281 284 282 283 279 274 276 280 290 291 298 300 296 292 296 305 311 314 319 322 324 326 323 325 326 329 333 330 328 327 325 319 317 320 322 321 323 327 326 321 317 312 312 309 305 294 284 280 273 273 276 288 292 283 280 282 285 294 304 315 317 320 318 319 324 325 325 325 326 326 326 326 326 325 323 322 321 320 319
327 326 324 322 318 314 310 302 300 299 298 297 300 292 282 284 288 284 282 279 276 282 285 289 294 295 297 293 292 296 302 309 316 316 319 320 322 321 321 324 329 332 326 324 326 322 320 317 317 321 322 325 320 322 325 320 314 308 300 300 299 288 288 283 284 277 282 293 289 289 287 290 296 307 315 318 321 313 318 321 324 325 326 326 326 326 326 325 324 324 323 321 320 319
327 325 323 321 319 317 311 306 307 302 299 301 299 290 289 289 289 279 279 279 279 286 290 292 287 291 293 291 296 301 305 313 316 315 319 317 320 323 325 327 332 326 321 323 324 321 317 318 319 323 321 320 316 320 323 318 309 301 289 292 295 292 293 292 284 283 282 289 298 293 288 295 304 307 313 317 320 312 316 322 324 325 326 326 326 326 325 325 324 323 322 321 319 319
328 325 324 321 321 319 313 312 309 302 301 304 297 288 292 295 286 283 282 279 285 290 290 293 289 291 290 290 296 303 309 312 312 315 313 313 318 317 325 328 331 327 323 324 322 319 315 314 320 321 315 315 318 317 318 320 308 306 295 286 289 294 296 296 289 286 286 287 297 300 294 290 302 306 312 317 317 313 315 321 322 325 325 325 326 325 325 324 324 323 322 321 319 318
329 327 325 324 323 320 315 315 313 306 299 306 298 296 297 296 289 284 287 284 290 294 295 296 298 294 290 289 287 295 305 309 309 308 309 312 312 320 324 327 332 327 325 325 322 320 315 317 319 317 313 313 317 309 306 314 314 315 305 295 297 289 295 297 295 290 289 290 296 304 296 293 298 303 312 316 311 308 317 322 324 324 325 325 325 324 324 324 323 322 322 321 319 318
330 326 324 327 324 322 320 317 311 301 300 304 306 301 294 295 292 291 290 286 292 293 291 293 300 296 290 283 287 295 305 305 303 306 307 313 318 323 325 327 331 328 328 325 321 318 313 312 316 315 313 310 311 311 298 300 310 314 312 304 301 290 292 299 295 288 287 286 294 305 299 296 297 304 313 314 308 312 318 322 323 323 325 325 324 323 323 323 322 321 320 320 316 317
328 329 328 325 324 320 316 313 305 300 295 304 302 294 290 292 288 287 289 288 293 292 293 298 299 302 293 287 296 300 304 303 302 309 316 320 321 323 326 330 331 328 327 326 322 318 311 307 312 310 307 305 302 307 301 300 301 305 309 311 300 298 300 298 299 294 288 287 295 300 305 299 297 306 311 315 311 315 317 322 323 320 324 325 323 322 322 320 316 311 310 314 315 315
328 328 328 326 323 320 316 307 301 297 303 307 303 297 291 285 281 283 286 291 296 299 298 296 301 302 288 285 296 299 301 301 304 313 317 320 324 326 328 331 330 328 327 324 320 314 306 306 310 302 297 300 295 298 302 298 297 294 299 310 309 306 304 301 298 299 293 294 301 303 304 298 298 301 311 313 313 316 318 322 323 324 324 324 322 321 320 317 311 301 303 309 314 313
328 327 327 328 324 323 313 307 303 298 303 302 309 305 298 286 284 280 284 295 301 303 302 297 301 301 294 298 300 303 303 303 308 318 321 323 325 329 330 330 326 329 326 324 320 315 304 302 307 305 296 295 294 296 303 304 301 301 297 304 309 302 295 288 291 297 295 295 302 306 306 304 302 302 313 314 313 316 318 322 323 323 322 323 320 320 317 318 312 303 301 308 313 311
326 325 326 327 326 318 308 306 308 302 301 301 310 302 293 289 285 283 294 299 304 306 306 302 305 310 306 305 306 305 309 304 313 318 320 323 324 327 332 328 325 328 325 323 317 311 306 306 303 297 293 294 299 299 302 306 306 306 306 308 308 302 293 285 284 291 297 295 296 305 309 306 305 311 316 317 317 316 322 322 323 323 323 322 319 315 316 315 312 307 304 306 310 307
326 325 325 328 323 313 309 306 310 311 311 306 312 302 295 290 285 293 301 304 302 305 309 304 304 309 314 308 311 308 312 310 314 315 319 323 328 332 330 328 323 328 324 322 318 316 311 304 299 292 296 299 300 301 303 304 307 303 304 307 305 303 294 293 285 284 298 304 297 307 312 303 309 314 317 318 314 317 321 322 323 323 321 316 317 314 305 306 308 305 305 309 307 307
325 325 324 326 324 315 310 310 309 313 316 311 310 303 299 293 294 305 305 307 303 308 310 311 310 310 314 317 315 307 312 316 316 312 317 324 329 332 328 327 324 325 325 323 321 320 314 303 293 290 294 301 300 299 303 305 306 305 306 308 305 304 301 296 287 286 293 306 307 311 311 304 311 316 318 319 314 318 321 323 323 321 317 314 314 311 297 296 300 300 307 311 307 310
324 323 325 326 326 318 318 318 317 320 316 313 313 299 291 294 305 309 309 307 305 309 312 312 315 313 313 313 319 309 309 318 313 311 317 321 326 332 327 323 324 324 321 315 310 316 314 299 289 289 297 299 300 302 303 305 304 303 306 305 300 300 296 293 291 291 294 302 310 314 312 305 314 317 315 319 320 321 322 322 321 319 318 315 313 308 295 290 294 302 306 311 312 314
326 325 327 325 325 325 324 325 324 325 318 312 318 310 301 304 312 313 308 303 304 308 310 313 316 318 318 316 322 314 314 320 317 315 318 326 329 333 330 329 326 323 320 317 313 312 312 306 293 290 296 299 300 301 301 301 302 303 306 304 296 290 295 297 296 297 300 304 301 310 315 311 312 317 313 316 320 320 319 322 321 320 317 312 309 299 290 283 292 303 305 310 314 316
325 325 325 321 324 317 319 322 318 326 323 314 315 318 316 314 317 313 307 303 304 308 307 310 315 318 319 320 323 322 323 324 325 323 320 327 332 332 328 325 324 320 319 315 312 309 301 306 299 291 293 298 294 295 298 295 301 303 305 304 299 296 298 302 299 303 307 308 304 311 314 316 314 316 316 317 321 320 318 321 321 316 312 314 298 291 291 292 292 301 308 310 312 315
322 323 325 321 319 315 315 315 318 324 326 322 321 319 321 321 316 312 308 301 303 303 309 311 314 320 322 320 323 321 326 326 330 329 326 327 332 334 330 328 325 319 311 306 308 302 294 298 300 288 287 293 287 293 293 294 302 303 302 303 302 300 297 302 303 306 309 309 301 304 311 314 317 318 319 321 319 316 315 320 320 318 317 312 301 297 291 297 297 298 306 309 312 315
322 324 321 319 317 310 310 309 315 318 322 324 325 324 324 317 309 305 310 308 300 301 307 309 315 317 321 323 321 314 319 329 326 330 330 331 334 333 329 326 323 320 313 302 298 290 284 283 293 286 284 287 283 288 287 289 298 300 300 300 300 299 298 300 306 304 307 308 308 313 315 313 314 311 316 321 318 315 317 319 319 319 318 315 309 301 298 300 304 301 301 307 308 310
