ecocropFuture/tif/c6/rcp585/ACCESS-CM2/tmax_10.asc
ncols        683
nrows        518
xllcorner    -87.691666666667
yllcorner    10.708333333333
cellsize     0.008333333333
NODATA_value  nan
[rows 420 to 461 of 518, columns 376 to 469 of 683]
310 311 311 311 311 311 310 310 309 311 311 311 311 310 310 313 313 313 313 314 314 314 314 313 311 312 313 313 312 311 313 314 313 312 313 313 313 313 311 311 312 312 313 314 314 312 309 307 308 311 313 313 311 311 312 313 312 313 312 312 313 310 310 310 310 310 311 310 310 312 311 310 311 312 312 312 313 313 312 311 309 310 312 313 313 311 312 313 313 313 312 312 312 312
310 310 311 311 311 312 312 310 312 311 311 311 311 311 312 313 313 313 313 313 313 313 314 313 312 313 313 313 313 313 314 313 311 310 311 313 312 313 313 312 313 313 313 314 312 309 305 308 310 311 312 311 309 310 310 310 312 313 311 312 312 307 309 310 309 309 310 306 308 311 311 311 312 312 312 311 312 312 311 309 310 310 312 313 313 312 312 313 313 313 312 312 nan 312
309 310 311 310 310 312 312 312 312 311 313 312 312 313 312 312 313 313 313 314 314 313 313 314 313 314 314 314 314 314 314 312 310 310 311 313 312 313 313 313 311 313 313 311 311 310 308 310 310 312 313 311 310 310 310 310 310 312 311 311 311 307 308 310 308 308 310 308 309 310 310 311 312 310 309 310 312 313 312 310 309 311 311 312 313 313 313 313 313 312 312 312 311 312
309 308 310 309 311 311 312 312 313 313 312 311 311 310 311 313 313 314 314 314 314 314 314 314 314 314 313 313 313 313 313 313 312 311 311 311 309 310 309 310 309 312 312 307 306 307 308 310 311 312 312 311 310 310 310 311 312 312 311 309 311 307 308 309 309 309 309 308 308 307 309 311 311 311 310 310 311 313 313 313 311 311 313 313 313 313 313 313 313 310 310 311 312 312
308 309 309 308 311 311 312 311 312 312 311 311 311 312 312 313 314 313 313 313 314 314 314 314 314 313 312 313 312 311 312 313 312 312 309 308 305 306 309 311 312 313 311 308 305 301 305 308 310 311 312 310 310 310 307 308 311 311 310 309 311 307 305 306 305 306 307 308 307 310 311 311 310 310 309 310 311 310 312 313 312 312 313 313 313 313 313 312 312 311 311 311 311 312
307 308 309 308 309 310 311 312 312 311 311 312 312 312 312 313 314 313 313 313 314 314 314 314 313 312 312 312 312 311 312 312 311 309 308 306 305 307 307 309 308 312 312 310 307 302 305 309 310 311 311 311 309 309 306 309 311 311 308 308 310 307 303 302 302 306 307 308 309 311 310 309 308 308 305 307 309 309 311 313 313 313 313 313 313 313 312 311 311 311 312 312 312 nan
307 308 308 308 309 310 311 311 309 310 312 312 311 311 311 312 313 313 312 313 314 314 314 314 313 312 312 312 311 311 311 309 309 309 307 307 308 307 306 307 307 311 312 309 310 307 307 306 307 310 310 309 310 308 305 308 309 309 308 309 310 308 305 303 301 305 306 306 307 309 308 304 305 307 305 306 308 310 312 313 313 313 313 311 311 312 311 311 312 312 312 312 nan nan
307 306 306 306 309 309 308 309 309 311 311 311 311 310 308 310 311 312 312 313 313 312 311 312 313 312 311 311 310 310 308 306 307 309 310 311 309 310 311 310 310 311 313 312 311 311 308 308 307 308 307 308 309 308 306 304 307 305 307 308 310 308 306 302 299 305 305 303 304 307 307 305 308 307 309 308 309 311 313 313 313 313 313 312 311 311 312 312 312 312 312 312 nan nan
307 304 308 308 310 307 306 308 311 311 310 310 311 309 308 309 309 310 311 312 312 311 312 312 311 311 310 308 307 307 304 304 304 308 310 312 311 312 311 310 311 312 312 310 310 309 309 308 307 304 301 306 308 308 307 304 303 302 304 307 309 306 306 302 297 302 305 306 308 308 309 309 311 310 310 311 310 310 310 310 312 311 312 311 311 311 312 312 312 312 312 nan nan nan
309 310 310 311 310 304 304 308 309 309 309 310 311 310 308 305 308 310 311 312 311 312 311 310 308 309 307 306 307 306 305 306 307 307 309 311 312 313 313 313 313 312 311 308 307 306 303 302 300 304 300 305 308 308 305 304 300 297 302 304 308 305 302 298 298 304 306 306 305 307 310 309 310 310 311 312 311 311 311 311 312 311 312 312 312 311 311 312 nan 312 311 nan nan nan
311 311 311 310 309 308 306 305 307 309 309 310 310 310 309 307 307 310 311 311 311 311 311 309 306 305 305 306 306 308 308 309 310 309 310 312 312 313 313 313 311 311 310 309 308 305 300 293 294 297 298 302 306 306 304 300 297 295 296 301 305 305 301 300 303 303 302 301 303 305 310 311 311 311 311 309 309 308 308 310 310 311 311 311 311 311 311 nan nan nan nan nan nan nan
312 310 311 311 311 310 309 308 307 307 308 309 309 310 309 308 307 307 309 310 311 311 308 307 304 303 303 304 306 308 308 307 309 311 311 311 312 313 312 312 311 309 310 308 306 302 297 293 295 299 297 299 303 303 304 298 299 300 299 299 302 301 300 304 307 308 308 307 309 310 311 311 310 308 307 306 305 307 305 307 309 309 311 310 310 311 nan nan nan nan nan nan nan nan
311 310 309 309 308 307 308 308 307 306 307 308 309 309 309 308 306 307 310 310 310 310 306 304 304 304 304 305 306 307 307 307 310 311 312 311 312 312 311 312 310 310 306 304 301 299 296 296 298 298 294 295 300 301 300 300 304 303 304 300 302 303 305 306 309 310 311 311 310 310 309 309 309 306 305 307 308 309 307 308 308 309 310 311 311 nan nan nan nan nan nan nan nan nan
311 311 309 308 304 305 306 307 307 306 308 308 307 308 308 308 306 306 309 307 308 308 306 304 305 306 306 306 307 307 307 309 310 311 311 311 312 308 308 312 309 308 302 299 295 295 296 295 295 294 295 299 302 304 303 300 305 306 306 306 307 308 309 309 309 309 308 309 309 307 308 305 305 304 305 306 305 308 310 309 310 309 310 311 311 nan nan nan nan nan nan nan nan nan
311 311 311 310 309 308 308 308 308 307 308 307 308 307 306 307 307 307 307 306 306 305 306 305 305 306 307 307 306 308 309 310 309 307 308 310 308 305 305 310 310 304 300 299 296 295 297 299 298 299 298 301 304 305 306 306 307 308 308 309 309 309 308 307 307 307 307 304 306 304 303 302 301 303 307 306 304 306 310 310 311 311 311 312 nan nan nan nan nan nan nan nan nan nan
311 311 310 310 309 309 308 308 309 308 308 309 309 307 305 306 307 306 306 306 306 307 306 304 306 307 308 308 306 307 308 308 307 307 307 309 309 306 304 309 311 308 303 301 299 300 301 302 300 302 302 302 303 304 302 300 301 303 304 307 306 303 301 301 304 306 306 306 308 307 304 303 305 304 308 308 308 309 310 311 311 311 312 nan nan nan nan nan nan nan nan nan nan nan
310 310 310 309 309 308 307 309 309 308 310 309 308 307 306 306 307 307 307 307 307 307 306 305 306 305 306 309 307 307 308 309 308 308 307 307 308 305 303 308 310 309 308 306 304 303 303 303 304 302 301 301 300 298 297 296 293 297 301 303 304 303 303 303 301 304 306 306 307 309 306 305 307 309 310 311 310 311 311 311 311 311 312 nan nan nan nan nan nan nan nan nan nan nan
310 310 310 308 307 307 309 310 309 310 310 309 309 308 306 305 306 306 307 307 306 306 307 307 306 306 307 308 309 308 309 309 309 309 309 307 307 308 308 310 311 309 308 306 305 303 299 299 302 299 299 298 300 299 298 295 293 301 305 307 307 306 306 308 305 305 306 308 309 311 310 308 309 311 311 311 311 311 312 312 311 311 312 nan nan nan nan nan nan nan nan nan nan nan
311 311 309 309 307 308 310 309 311 311 309 308 309 308 307 306 306 307 307 307 306 306 305 304 306 307 307 307 307 308 309 309 309 309 308 307 309 308 310 310 309 309 309 308 307 302 300 301 302 302 302 302 300 298 295 292 297 303 302 303 306 309 309 309 309 309 309 310 310 311 311 311 311 312 312 312 312 312 312 312 312 311 nan nan nan nan nan nan nan nan nan nan nan nan
310 310 309 310 310 310 309 309 311 310 308 308 309 309 308 308 307 309 308 302 302 305 304 304 306 307 307 308 308 309 309 309 309 309 308 308 308 307 309 308 308 307 307 306 303 297 296 296 297 298 301 300 299 298 295 293 294 297 300 303 306 306 306 305 306 305 305 306 306 310 311 312 312 312 312 312 312 312 312 312 312 311 nan nan nan nan nan nan nan nan nan nan nan nan
311 311 312 312 312 311 311 311 311 311 309 309 310 310 309 309 309 310 307 306 304 306 306 305 306 307 308 309 309 309 309 309 308 308 307 306 307 308 309 310 309 309 306 303 301 297 295 296 300 302 299 300 301 301 297 292 287 290 295 298 302 301 300 302 305 308 307 309 311 312 312 312 312 312 312 312 312 312 312 312 312 312 nan nan nan nan nan nan nan nan nan nan nan nan
312 312 312 313 312 312 311 312 312 310 309 310 311 310 310 310 311 310 309 309 308 307 306 306 306 308 309 306 306 308 309 309 308 307 306 307 309 309 309 309 307 307 306 301 297 294 293 298 298 298 296 294 295 298 296 294 290 287 287 295 300 304 304 302 304 307 310 311 312 312 312 312 312 312 312 313 312 312 312 312 312 312 nan nan nan nan nan nan nan nan nan nan nan nan
313 313 313 313 312 310 311 312 310 310 309 311 311 311 311 311 311 310 310 309 308 307 307 306 307 307 306 307 308 308 309 308 307 308 308 309 309 309 309 306 302 301 304 300 298 294 291 294 295 295 291 291 293 296 297 294 288 282 281 289 298 305 307 307 309 311 312 312 312 312 312 312 312 312 313 313 313 313 312 312 312 312 nan nan nan nan nan nan nan nan nan nan nan nan
313 313 313 313 312 311 312 312 311 309 308 311 311 311 312 311 310 311 310 309 309 308 308 306 306 307 305 307 308 308 308 307 308 309 308 308 308 307 305 301 300 301 303 303 300 297 292 293 295 293 288 286 292 294 296 293 289 285 286 291 301 308 309 310 311 311 312 312 312 312 313 313 313 313 313 313 313 313 312 312 312 312 nan nan nan nan nan nan nan nan nan nan nan nan
313 313 313 313 311 312 313 312 310 309 311 311 312 312 312 311 311 311 311 310 309 309 307 306 307 306 307 307 308 308 307 308 308 308 307 308 308 305 302 301 300 300 300 303 298 296 292 291 294 293 290 293 295 294 294 293 287 280 286 295 303 308 310 311 311 312 312 312 312 312 313 313 313 313 313 313 313 313 313 312 312 312 nan nan nan nan nan nan nan nan nan nan nan nan
313 313 313 313 313 313 312 311 310 310 312 312 312 312 312 312 312 311 311 310 309 306 307 307 305 305 306 307 308 308 308 307 306 306 307 308 305 304 304 301 298 299 301 303 301 294 291 290 291 290 287 296 296 298 297 292 287 282 290 297 304 308 310 310 311 311 312 312 312 312 313 313 313 313 313 313 313 313 312 312 312 312 nan nan nan nan nan nan nan nan nan nan nan nan
313 313 312 312 313 312 311 311 311 311 312 312 312 313 312 312 312 311 310 310 309 308 307 305 305 306 307 307 307 308 307 306 306 305 305 306 304 302 303 299 296 296 300 301 296 289 286 287 287 287 287 298 300 299 297 291 291 292 296 302 307 310 308 306 306 307 309 310 311 312 312 313 313 313 313 313 313 313 313 312 312 312 nan nan nan nan nan nan nan nan nan nan nan nan
313 312 312 313 313 313 311 312 312 312 312 313 312 313 312 312 312 311 307 304 306 308 305 305 306 306 307 307 307 306 305 306 305 303 303 304 302 300 300 296 296 297 298 296 294 290 286 287 286 289 292 299 303 300 297 293 299 301 302 306 309 308 305 303 306 307 309 309 310 310 312 313 313 313 313 313 313 313 313 312 312 312 nan nan nan nan nan nan nan nan nan nan nan nan
314 313 313 313 312 311 312 312 312 311 310 311 313 313 312 312 310 309 304 302 303 303 303 305 305 304 306 306 306 305 305 305 305 303 301 300 298 296 296 296 298 298 296 293 290 289 289 289 291 292 297 302 307 306 303 301 306 308 308 309 310 307 306 307 306 309 310 309 310 307 311 312 313 313 313 313 313 313 313 312 312 312 nan nan nan nan nan nan nan nan nan nan nan nan
314 314 314 314 313 312 313 313 312 308 306 310 312 312 312 311 311 310 304 303 303 303 304 304 303 303 305 305 305 305 304 305 304 301 301 299 296 296 296 297 297 298 295 292 294 291 292 293 295 297 303 306 308 308 308 308 309 309 307 308 309 309 310 310 310 311 311 310 310 308 311 312 313 313 313 313 313 313 312 312 312 312 312 nan nan nan nan nan nan nan nan nan nan nan
314 314 314 313 313 311 312 312 310 307 308 311 312 313 312 311 310 309 308 306 307 308 308 305 303 302 305 307 307 306 306 305 302 300 299 297 295 295 294 295 297 296 295 295 295 295 295 295 299 304 307 308 309 309 309 310 310 308 308 307 307 307 309 311 310 310 311 311 311 311 312 312 312 313 313 313 313 313 312 312 312 312 312 nan nan nan nan nan nan nan nan nan nan nan
313 313 313 312 311 313 313 312 311 310 311 311 312 313 312 311 309 307 308 310 310 310 308 305 303 306 307 308 308 306 306 305 302 300 299 296 294 295 295 296 297 293 291 289 291 293 294 299 302 305 307 309 309 308 309 309 310 309 309 308 306 308 307 306 306 309 308 309 306 307 311 312 312 312 313 313 313 313 312 312 312 312 312 nan nan nan nan nan nan nan nan nan nan nan
313 313 313 312 312 313 312 313 312 311 312 312 312 313 313 312 310 310 311 311 310 310 309 308 308 309 309 309 308 307 307 305 303 301 297 295 294 294 296 296 296 294 293 292 291 293 297 303 306 308 308 309 308 307 309 309 309 309 307 306 305 306 307 308 306 307 306 307 305 307 311 311 312 312 312 313 313 313 312 312 312 312 312 nan nan nan nan nan nan nan nan nan nan nan
313 312 310 312 312 312 312 312 312 311 311 312 312 312 313 312 311 311 311 311 310 310 310 310 309 309 310 310 309 308 307 306 304 300 297 296 294 295 296 295 295 293 292 292 294 300 303 306 305 306 308 307 308 308 308 309 309 308 304 305 307 308 308 309 309 309 309 308 309 310 310 311 311 312 312 313 313 313 312 312 312 312 312 nan nan nan nan nan nan nan nan nan nan nan
313 313 312 313 312 311 312 312 311 311 311 311 312 311 312 313 312 311 311 311 310 310 310 310 310 309 309 308 308 308 308 305 300 298 297 295 295 295 296 295 292 290 293 297 301 303 305 305 307 306 305 305 307 308 308 308 306 306 304 305 308 307 305 306 309 308 309 308 310 310 310 311 311 311 312 313 313 312 312 312 312 312 312 nan nan nan nan nan nan nan nan nan nan nan
313 313 313 312 312 311 311 311 311 310 310 308 310 312 312 313 312 312 311 311 311 311 310 310 310 310 309 309 308 307 306 305 303 299 295 295 295 296 297 296 291 292 294 298 301 303 302 303 302 301 300 302 304 306 306 306 301 300 302 305 307 306 305 307 307 309 309 310 310 310 310 311 311 312 312 312 313 312 312 312 312 312 312 312 nan nan nan nan nan nan nan nan nan nan
313 312 312 312 311 310 308 310 310 308 305 305 309 312 312 312 312 311 310 311 311 310 310 310 309 310 309 308 307 306 304 302 298 295 295 295 296 296 297 299 295 296 298 300 301 302 301 300 297 294 300 304 306 306 303 302 301 297 300 304 305 303 304 305 305 308 309 308 309 310 310 311 311 311 312 312 313 312 312 312 312 312 312 312 nan nan nan nan nan nan nan nan nan nan
312 312 311 312 310 308 307 309 308 306 306 308 310 311 312 312 311 310 312 311 310 309 308 309 308 308 309 308 305 304 302 298 295 295 295 295 295 298 300 301 299 299 300 300 297 297 298 296 294 295 296 300 305 305 303 302 297 295 300 301 301 303 306 307 307 307 308 307 309 310 310 310 310 311 312 312 312 312 312 312 312 312 312 312 nan nan nan nan nan nan nan nan nan nan
312 312 311 311 310 309 309 307 304 305 309 310 310 312 312 312 311 312 311 309 310 308 307 308 306 307 308 308 307 304 300 296 294 296 299 300 302 303 303 303 300 298 296 296 296 297 297 298 298 297 295 295 300 301 302 300 296 292 292 295 300 304 306 307 306 308 308 308 309 310 311 310 311 311 311 312 312 312 312 312 312 312 312 312 nan nan nan nan nan nan nan nan nan nan
312 313 311 312 310 310 309 307 303 304 308 309 310 311 312 311 311 311 311 309 308 308 306 308 307 307 307 307 306 303 303 301 297 297 297 299 301 304 305 302 299 299 296 296 297 300 300 299 297 295 293 292 292 294 299 299 295 290 287 294 300 302 303 303 306 308 309 309 310 310 311 311 311 312 312 312 312 312 312 312 312 312 312 312 312 nan nan nan nan nan nan nan nan nan
313 312 310 312 312 311 310 306 305 305 308 309 310 311 313 312 312 311 310 309 307 307 305 307 306 306 308 308 306 306 304 302 303 300 301 303 304 305 304 302 301 300 297 296 299 300 300 301 299 294 292 292 292 289 292 298 294 289 290 294 297 300 301 302 307 308 309 310 310 310 310 311 311 311 312 312 312 312 312 312 312 312 312 312 312 nan nan nan nan nan nan nan nan nan
312 311 310 312 311 308 309 308 308 306 307 306 310 311 312 312 312 310 309 308 306 305 306 305 305 307 309 309 308 305 303 302 304 305 305 305 306 306 305 304 304 301 298 300 301 302 302 301 296 294 291 291 291 290 293 293 290 292 293 293 295 297 302 305 308 309 309 310 310 311 311 311 311 311 311 312 312 312 312 312 312 312 312 312 312 nan nan nan nan nan nan nan nan nan
