ecocropFuture/tif/c6/rcp585/ACCESS-CM2/tmax_8.asc
ncols        683
nrows        518
xllcorner    -87.691666666667
yllcorner    10.708333333333
cellsize     0.008333333333
NODATA_value  nan
[rows 252 to 293 of 518, columns 188 to 281 of 683]
315 310 313 317 316 316 312 301 306 295 293 300 299 298 300 302 301 300 298 298 292 287 289 292 291 285 279 275 273 274 275 281 280 290 292 291 288 284 280 268 268 269 260 261 270 274 279 284 281 274 278 278 276 275 274 279 280 270 282 295 298 297 298 292 287 280 286 290 293 293 290 288 284 280 283 277 266 273 275 270 267 259 259 265 276 285 294 295 295 293 288 289 290 291
318 318 318 318 318 318 314 307 309 300 292 303 304 298 294 302 301 298 298 296 294 294 292 289 285 276 273 266 261 260 266 273 283 292 291 293 291 287 278 275 278 273 268 267 275 280 283 285 287 279 282 283 284 279 281 284 288 274 285 298 301 300 301 296 295 292 294 294 292 290 286 281 286 288 288 284 274 279 281 273 260 259 267 270 275 285 294 296 296 292 288 290 293 294
318 318 318 318 318 317 314 310 309 304 299 304 303 300 297 302 301 297 297 295 296 294 291 287 281 269 264 257 252 260 268 282 289 293 294 293 293 288 276 284 283 277 274 276 280 281 283 285 288 288 288 286 287 283 284 290 292 287 292 300 303 303 303 301 298 294 298 297 293 288 281 285 291 294 295 291 285 288 278 267 268 271 273 278 282 291 295 298 297 292 290 292 293 294
318 318 318 318 317 316 312 310 306 300 302 303 304 303 301 301 296 293 294 294 290 290 289 285 277 267 260 255 253 267 279 288 293 295 295 293 294 287 281 285 286 288 283 284 282 281 286 288 287 293 292 289 292 287 286 287 295 294 297 302 304 304 304 303 296 298 296 293 289 283 275 287 293 296 299 296 296 296 287 281 280 277 280 281 285 293 296 298 297 294 292 292 295 295
318 318 318 317 317 315 311 308 305 303 305 306 303 302 302 298 293 287 289 287 285 283 283 279 275 265 256 255 260 271 283 291 293 295 296 296 290 286 284 286 286 291 289 290 284 280 286 291 293 295 297 294 294 295 295 291 294 298 300 303 304 305 304 302 300 301 299 290 287 288 286 289 296 299 301 302 295 296 292 284 285 278 280 283 285 295 296 299 297 295 295 296 296 293
318 318 318 317 317 312 309 307 302 304 304 299 299 297 297 291 288 284 288 285 278 275 275 270 267 266 268 266 271 268 282 291 293 293 296 297 295 293 295 295 294 292 294 294 290 285 284 287 290 293 296 298 296 295 299 295 295 299 302 303 304 305 305 300 299 303 298 291 294 294 293 295 298 302 303 304 301 293 292 290 291 287 282 290 292 298 300 300 298 297 298 295 291 293
318 318 317 317 315 311 308 303 297 301 303 296 294 296 294 296 293 291 288 288 284 283 280 273 273 274 270 268 283 284 289 291 290 291 297 298 298 298 299 298 297 292 292 295 295 295 290 286 287 288 292 298 303 297 297 298 296 297 298 303 304 305 306 301 297 304 299 297 299 298 299 301 302 304 305 305 301 296 293 296 295 288 290 296 297 301 301 300 300 298 295 292 291 291
318 317 317 317 315 309 306 301 297 305 306 296 298 296 295 293 288 284 283 284 285 282 284 281 278 271 262 266 283 291 292 295 295 296 297 297 297 299 299 299 299 295 288 291 292 296 293 289 290 293 296 300 304 297 291 297 299 300 302 302 300 305 306 304 302 305 304 303 302 302 303 304 305 305 305 305 303 302 297 297 299 296 295 295 300 302 302 300 299 297 294 291 288 289
318 317 317 316 314 307 300 300 307 305 301 303 295 289 293 296 293 289 287 286 281 275 274 276 278 272 267 275 282 290 293 294 295 294 293 293 295 296 291 293 299 297 293 298 301 300 298 296 296 297 300 302 305 299 287 288 293 295 296 302 304 306 306 306 306 306 305 304 304 303 302 303 305 306 306 305 305 304 301 301 302 300 298 298 300 302 299 300 299 294 293 290 284 291
318 317 316 315 314 310 307 308 306 305 304 303 298 299 301 294 288 283 282 282 283 277 272 267 270 269 272 286 289 291 295 293 291 293 290 288 290 291 287 293 296 299 299 296 295 301 300 302 301 303 304 306 306 300 294 294 296 293 297 302 305 306 306 307 307 307 306 305 305 304 304 304 306 306 304 304 305 303 304 304 303 303 303 304 303 302 300 298 297 293 289 289 292 296
318 317 316 312 304 300 305 299 299 297 293 297 301 299 295 299 294 290 286 281 281 282 277 268 261 265 273 288 295 298 298 298 295 298 296 292 285 287 287 295 296 298 296 290 287 291 295 300 300 301 304 305 306 305 302 303 302 296 299 303 306 307 307 306 307 307 307 306 306 305 306 306 307 306 305 306 306 304 304 304 304 304 304 304 303 301 299 297 295 293 289 291 292 295
318 316 312 304 298 299 303 296 299 285 279 293 300 298 288 294 294 290 294 291 287 280 271 264 263 270 270 281 295 299 300 300 298 300 298 292 283 290 295 298 300 300 300 297 294 294 296 297 297 297 298 299 301 305 306 306 305 299 296 302 306 306 306 306 306 306 307 307 307 307 307 307 307 306 306 306 305 304 305 305 305 305 305 304 302 301 299 295 295 293 291 296 296 296
317 314 307 301 297 296 297 290 294 284 273 286 297 297 292 286 289 288 289 291 287 284 276 270 279 280 282 283 280 290 297 302 301 297 296 293 286 285 288 294 299 301 301 297 297 300 302 300 301 301 298 296 296 302 300 300 305 305 301 303 304 304 306 306 306 306 306 307 307 307 307 307 307 306 305 305 305 304 305 305 305 305 305 303 302 301 298 295 295 292 293 298 299 298
317 314 307 305 303 302 300 293 289 291 293 289 290 286 284 283 285 287 286 289 285 280 276 281 288 290 290 290 285 282 286 301 300 299 297 291 276 275 281 291 298 301 302 299 295 300 304 304 301 303 300 302 303 305 302 303 304 305 306 305 302 302 305 306 305 305 305 306 306 306 307 307 307 306 305 305 305 305 305 305 305 305 305 304 302 302 300 299 295 294 297 299 300 300
318 316 312 312 309 306 303 296 300 298 296 289 282 275 270 271 274 281 286 286 280 272 271 281 294 296 296 298 295 290 284 297 303 302 295 286 269 267 274 289 299 302 303 304 304 304 304 305 300 301 304 306 306 306 305 305 304 305 306 304 302 302 305 305 305 305 305 305 305 306 306 307 307 307 305 305 306 305 305 305 305 305 305 304 303 302 300 297 297 296 296 298 300 301
318 316 315 313 310 308 306 304 300 289 286 287 275 265 260 266 279 283 278 277 278 275 282 283 290 298 298 300 302 298 293 299 303 301 294 281 269 269 272 282 296 298 302 300 298 304 305 306 305 305 305 306 306 306 305 305 305 306 305 301 300 303 304 304 305 305 305 306 305 305 305 306 307 307 307 307 306 305 305 305 305 305 305 304 303 302 301 298 295 294 298 298 300 302
317 315 315 312 309 305 302 298 298 294 289 289 285 273 261 265 276 277 281 276 274 273 288 293 292 293 294 299 303 304 303 304 303 301 293 286 287 275 286 293 298 297 300 297 297 300 303 306 306 306 306 306 306 306 306 305 306 304 301 302 297 301 305 304 305 305 305 306 306 306 306 306 306 306 306 306 306 305 306 305 304 305 304 302 302 300 300 299 296 300 299 297 300 301
316 315 315 312 307 300 294 288 291 303 302 299 292 281 267 274 283 280 284 285 284 282 276 279 282 285 289 294 299 298 299 304 305 302 293 295 293 278 279 291 298 299 303 304 302 302 305 306 306 306 306 306 306 306 305 305 305 302 303 302 301 302 304 304 305 305 305 306 306 306 306 306 306 306 306 306 306 306 306 304 303 302 301 300 302 300 301 299 299 301 300 298 301 301
317 316 315 312 308 299 291 290 298 306 305 301 293 286 281 276 289 291 288 286 283 291 282 276 279 284 296 300 300 302 301 303 306 304 301 299 292 290 292 297 297 302 303 304 306 306 306 307 307 306 305 305 304 304 304 304 304 301 302 302 303 303 301 301 302 304 305 305 305 305 305 306 306 306 305 306 305 305 306 304 302 299 300 300 300 303 302 299 300 302 298 298 301 302
316 314 316 314 310 303 297 301 306 306 305 305 298 297 294 292 296 298 291 292 287 293 281 284 280 277 291 299 302 304 303 302 305 306 302 300 300 300 301 301 302 303 301 306 307 307 306 305 306 305 304 303 302 301 302 302 302 300 302 301 302 300 301 301 301 302 305 304 305 304 305 306 306 306 306 306 304 304 305 305 303 303 300 301 303 302 302 302 302 301 299 300 301 302
315 313 316 315 313 310 307 310 310 305 305 307 308 306 304 304 303 298 296 293 292 294 282 284 287 280 297 300 301 303 302 303 303 305 306 305 304 304 303 303 303 305 307 306 306 305 304 304 304 303 302 298 298 298 299 299 299 301 301 299 300 299 299 299 299 299 303 304 304 305 305 305 305 305 305 305 304 304 304 304 302 303 303 302 303 301 303 303 302 302 300 300 302 301
316 314 315 316 315 314 313 312 309 306 309 307 309 310 308 307 303 297 301 299 289 294 289 283 292 281 292 295 296 299 295 296 298 301 303 306 305 304 304 306 307 307 306 306 304 304 302 301 301 300 301 296 292 291 291 293 298 300 298 296 300 300 300 301 301 302 302 304 304 304 304 305 305 305 305 304 304 304 303 301 300 297 305 305 304 302 303 299 302 302 301 301 302 302
317 316 315 317 316 315 314 313 313 310 309 310 311 311 309 307 299 295 303 301 293 293 292 292 289 283 283 289 290 294 289 287 293 295 298 302 305 307 308 306 305 305 305 305 302 304 300 298 297 296 297 296 292 283 283 290 297 298 294 295 299 301 302 302 303 299 299 303 303 303 305 305 305 305 305 304 303 304 302 301 300 296 303 304 304 304 302 303 302 303 302 302 302 303
318 316 316 317 316 315 316 315 314 310 311 311 311 309 307 305 294 293 303 301 297 294 295 297 290 294 287 280 287 290 288 289 292 295 299 303 305 307 308 305 303 300 302 301 299 303 299 296 295 289 290 292 288 282 289 294 292 294 291 295 297 300 301 301 302 302 302 302 303 303 304 304 304 305 305 304 303 302 302 302 301 303 304 304 304 302 297 301 303 304 303 302 302 303
317 317 316 316 316 315 316 316 313 314 313 309 302 299 299 291 292 303 304 300 299 297 297 295 301 297 289 287 282 283 286 286 284 291 297 300 304 308 306 302 300 295 292 295 301 301 297 291 288 279 284 286 283 279 289 289 287 290 292 293 294 297 298 300 300 298 301 302 302 303 304 304 304 305 304 303 303 302 302 304 304 305 305 303 303 302 297 300 302 303 303 302 303 302
315 316 316 316 317 316 316 316 314 315 311 307 304 288 287 282 295 295 296 303 303 301 300 299 302 295 296 293 290 282 279 275 281 286 294 299 307 306 304 297 290 289 287 290 300 297 289 283 282 272 269 280 272 275 277 278 286 288 290 284 290 290 293 296 296 299 298 298 303 304 304 305 305 305 305 305 304 305 302 304 305 304 302 302 302 300 297 300 303 304 304 305 304 302
311 315 317 317 317 317 317 316 316 314 311 307 300 288 279 278 286 283 288 298 305 305 299 303 302 297 298 287 287 290 284 273 279 286 297 301 306 305 303 294 285 283 282 290 297 296 282 271 270 271 267 272 268 267 268 278 285 287 285 284 283 283 288 290 293 294 293 297 304 304 304 305 305 305 304 302 304 303 304 305 304 301 301 302 301 299 298 300 303 302 304 305 304 305
307 313 316 317 317 317 317 317 316 315 311 308 301 289 280 278 288 288 288 298 304 306 301 306 303 298 301 290 282 284 281 271 283 293 294 302 307 307 304 300 295 289 288 293 295 294 284 272 264 271 277 270 262 261 267 279 284 288 288 290 289 287 289 292 297 299 299 302 304 303 303 304 305 304 303 302 299 300 304 305 303 301 301 301 301 300 299 303 303 304 305 304 304 301
310 311 315 317 317 315 313 314 315 315 312 309 302 292 287 287 293 298 298 304 308 304 300 306 307 304 304 298 287 276 271 271 285 294 301 305 307 307 304 301 297 295 296 297 293 287 277 273 278 282 286 282 271 266 273 282 287 288 291 293 293 291 293 295 297 301 303 303 303 303 303 304 304 304 303 301 300 301 304 304 302 301 301 301 301 301 302 304 304 304 305 305 303 302
311 312 315 316 317 314 310 310 313 315 312 310 307 300 295 294 303 307 305 308 309 307 305 306 308 304 301 296 285 281 279 284 286 298 302 306 307 307 302 298 299 299 298 295 293 283 274 273 285 289 291 289 284 280 281 283 287 289 291 293 295 292 292 295 299 302 303 303 303 303 303 303 304 302 301 300 301 303 302 304 302 301 300 301 302 301 303 303 303 304 304 304 304 304
307 308 313 316 316 315 314 314 315 315 314 310 305 305 303 300 308 308 301 304 308 310 306 308 309 307 302 299 290 293 292 297 294 298 303 307 307 306 305 303 301 300 298 296 291 280 277 272 280 290 292 293 292 290 291 286 288 293 295 297 298 297 298 299 301 302 298 299 302 303 303 302 304 303 301 302 301 301 300 302 301 300 301 301 300 300 303 303 303 303 303 303 304 305
305 312 315 316 316 317 316 316 315 310 313 312 308 307 305 307 311 305 307 306 309 311 310 310 310 309 306 300 288 296 302 301 301 305 307 306 305 304 303 298 296 295 295 295 294 283 272 269 271 283 288 291 293 290 294 293 293 296 298 298 297 296 299 299 301 301 300 301 302 303 302 300 301 304 303 301 300 299 298 298 298 299 300 299 300 301 301 303 304 303 303 302 304 304
310 312 314 315 316 317 316 316 315 311 309 311 313 312 312 312 311 309 311 311 312 312 311 311 310 309 307 302 295 299 305 305 306 308 304 299 298 298 295 292 289 288 287 286 289 281 273 270 267 272 282 289 291 293 294 296 297 298 295 287 288 293 297 297 299 300 300 299 301 302 302 302 301 303 302 301 301 300 299 298 298 299 297 297 298 297 301 303 302 302 302 301 303 304
306 304 312 312 313 316 316 316 314 311 308 308 312 309 311 312 312 312 312 312 312 313 312 311 311 310 308 305 302 306 306 307 308 306 302 300 297 292 292 291 282 276 270 269 274 277 273 271 268 268 275 284 289 291 293 295 297 298 296 288 293 295 287 290 297 299 299 295 300 302 302 303 303 303 302 302 302 300 299 299 299 298 297 296 297 300 302 302 302 301 302 301 304 303
301 301 307 307 310 315 316 315 314 312 310 311 312 312 312 306 310 310 312 311 306 311 312 312 311 310 309 307 308 310 308 308 308 305 304 303 301 299 296 291 279 270 262 264 271 276 277 274 269 267 266 275 284 289 292 294 294 296 297 297 294 286 286 290 290 296 296 294 299 302 302 303 302 302 302 302 301 299 298 297 298 297 296 297 298 301 301 301 300 300 301 303 303 303
301 300 305 306 309 315 314 313 314 314 312 312 313 312 310 305 306 305 310 309 300 307 310 311 311 311 310 309 310 309 308 307 306 306 305 303 301 298 296 291 286 281 272 267 270 271 274 271 271 272 269 268 276 283 287 290 291 295 295 296 289 279 282 285 290 292 292 294 298 302 301 302 300 300 299 300 297 295 295 294 292 296 297 298 300 299 300 299 298 298 301 303 303 303
304 303 305 306 312 313 308 309 309 313 313 312 312 312 310 309 305 304 306 309 301 300 304 309 309 310 310 310 309 306 306 307 306 304 303 301 299 298 296 294 292 288 282 277 273 266 267 270 277 276 273 269 268 276 280 288 293 294 293 294 286 278 283 286 287 293 296 298 300 302 302 302 301 300 297 296 297 292 287 288 288 295 297 297 299 300 299 297 298 301 302 302 302 302
305 307 308 307 311 313 312 311 306 313 313 311 312 311 311 310 307 306 307 308 305 299 306 307 307 308 309 308 308 306 305 307 306 301 300 299 298 297 297 293 291 289 287 287 278 268 264 270 278 280 273 268 268 277 283 290 292 292 294 292 282 282 288 295 296 298 299 300 301 302 301 301 300 300 295 293 293 292 285 284 287 292 291 295 299 298 298 299 300 301 300 300 301 299
306 308 308 307 310 312 313 312 311 312 312 311 311 310 310 308 304 303 307 303 302 302 306 304 306 307 307 305 307 303 304 307 307 303 300 300 296 294 296 297 295 293 292 290 285 277 269 274 280 280 276 272 274 277 285 289 287 289 290 287 282 287 293 295 293 296 295 299 302 302 300 300 300 297 298 293 290 292 287 282 287 289 294 297 299 297 299 300 301 299 297 297 300 298
308 310 309 310 311 312 312 313 313 313 312 311 309 310 308 305 301 303 303 300 301 304 304 302 304 305 305 305 304 302 305 306 307 305 302 300 294 293 294 296 294 290 290 290 290 283 280 282 283 281 278 276 276 276 279 280 280 282 283 282 288 294 295 290 294 294 291 299 302 302 301 301 299 296 296 293 287 288 287 281 281 288 293 296 296 294 297 299 299 298 296 297 298 295
311 309 309 310 307 308 312 312 313 312 310 310 308 309 308 305 302 303 302 300 297 300 299 295 301 303 304 303 300 301 302 306 307 302 299 296 293 294 293 294 295 296 296 294 291 285 289 284 282 281 281 280 278 277 274 272 274 278 283 287 291 291 289 288 292 293 297 301 302 301 302 301 298 296 294 296 291 287 282 277 279 288 291 295 295 292 297 297 295 297 298 298 298 298
311 308 308 309 308 308 310 310 311 311 311 311 308 305 307 304 304 302 304 302 301 298 295 296 301 303 301 300 299 300 304 307 306 304 297 297 297 298 298 298 301 297 291 289 288 290 294 278 274 275 277 278 276 276 274 273 276 287 291 293 293 291 290 294 297 299 301 302 300 300 302 301 299 298 295 294 294 291 287 282 285 287 287 292 293 290 295 291 287 294 296 297 295 298
