ecocropFuture/tif/c6/rcp585/ACCESS-CM2/tmax_2.asc
ncols        683
nrows        518
xllcorner    -87.691666666667
yllcorner    10.708333333333
cellsize     0.008333333333
NODATA_value  nan
[rows 294 to 335 of 518, columns 282 to 375 of 683]
293 292 291 292 293 294 295 296 294 292 293 295 297 297 297 297 296 292 289 293 293 295 293 291 293 293 291 291 290 289 289 288 287 287 287 286 283 284 284 284 285 286 286 287 291 293 293 292 293 294 294 294 294 294 294 293 292 292 291 291 290 287 292 291 290 292 293 293 293 294 295 294 293 293 293 293 291 292 292 291 290 290 291 291 291 291 292 292 291 291 291 290 291 291
290 288 289 292 293 293 295 295 293 291 295 297 297 294 296 296 297 294 291 290 292 292 292 293 292 292 290 289 289 289 289 288 287 287 286 286 285 283 282 280 284 286 287 289 292 293 293 293 293 294 295 295 295 295 294 293 292 293 292 292 291 290 290 292 291 292 292 293 293 294 295 295 294 293 293 293 293 293 293 291 290 292 293 292 292 291 293 293 292 291 291 290 292 292
291 292 293 295 294 294 296 295 294 295 296 296 296 292 293 293 296 296 294 292 292 290 292 292 291 292 288 286 288 288 288 288 288 287 286 286 284 281 282 284 286 288 290 291 292 290 292 294 294 295 295 295 295 295 295 294 293 292 292 292 292 291 291 291 292 292 292 292 294 295 295 295 295 295 295 295 294 293 293 292 291 292 292 293 293 293 293 294 294 293 292 292 293 293
291 292 294 296 296 296 296 296 297 297 294 294 296 294 291 291 295 295 295 293 293 290 291 292 292 292 290 288 289 288 287 287 286 286 286 284 284 283 281 283 288 289 291 290 286 286 292 293 294 294 294 295 295 295 295 293 293 292 292 292 292 292 291 291 293 293 294 295 294 295 295 293 295 295 295 295 294 294 293 293 292 292 293 293 294 294 294 294 294 293 293 293 292 293
291 294 295 295 296 296 297 297 297 296 293 293 294 292 293 290 292 294 295 295 290 286 288 290 292 290 289 288 289 287 286 286 285 284 284 283 284 281 280 281 283 286 289 284 283 289 287 292 293 294 294 295 295 295 295 293 292 292 292 292 292 292 292 291 292 293 294 294 294 295 294 293 292 294 295 295 294 294 294 294 293 292 292 292 292 294 295 295 295 295 294 294 293 293
292 292 294 295 296 297 297 297 297 295 293 290 289 285 289 290 292 291 294 295 289 287 290 291 291 288 288 288 286 286 285 284 284 284 285 285 282 276 278 279 286 289 283 281 285 285 286 291 293 294 295 295 295 295 295 294 293 293 291 293 293 292 291 292 292 293 293 294 294 294 292 290 289 293 293 293 292 294 294 294 294 292 293 292 292 292 291 292 294 294 294 295 294 294
292 294 296 297 297 298 296 297 297 296 295 292 292 290 289 288 286 289 293 293 293 290 292 291 289 289 289 287 285 284 284 284 285 285 284 283 283 281 281 280 282 286 281 281 281 281 288 292 291 293 294 295 295 295 296 294 294 294 293 291 293 293 293 293 292 293 293 293 292 292 290 290 291 292 293 294 293 294 294 293 293 293 291 291 291 291 290 290 292 293 294 295 295 294
293 295 297 297 297 298 297 297 297 296 295 293 292 290 289 290 289 292 290 291 293 294 294 291 289 290 287 286 285 284 286 286 288 285 283 283 283 280 280 280 280 279 278 283 285 287 291 287 288 293 294 295 295 296 295 295 294 295 293 292 293 294 294 294 293 294 294 294 294 292 292 292 292 293 293 294 293 293 294 293 292 291 292 292 291 290 291 292 293 293 294 294 295 295
294 295 296 298 298 298 297 297 297 296 295 292 291 292 291 289 291 291 288 290 293 293 294 293 292 289 285 287 286 286 287 289 287 284 280 281 280 277 279 279 279 279 281 285 287 290 286 288 292 293 294 294 294 295 295 295 295 294 293 292 293 294 295 294 294 294 295 295 294 293 293 294 294 294 294 294 294 294 294 293 292 292 293 292 292 292 293 294 294 294 294 295 295 295
292 293 294 297 298 297 296 296 297 296 295 294 293 293 291 287 289 290 290 291 292 291 293 294 292 289 287 288 287 288 288 290 289 286 285 283 280 281 281 280 279 280 282 286 289 288 286 290 293 292 293 294 295 294 295 295 295 295 294 293 293 294 295 295 294 294 295 296 295 295 295 294 294 294 294 294 294 294 293 293 293 293 293 293 294 294 294 294 295 295 295 295 295 295
295 297 297 298 297 294 292 294 297 297 296 295 294 293 291 290 288 288 289 291 289 290 292 293 292 289 286 289 289 290 290 289 287 287 286 284 282 281 281 279 277 281 282 286 288 281 280 287 292 293 294 293 293 293 295 295 295 295 295 295 294 294 296 296 296 296 296 296 295 295 295 295 294 294 293 291 292 293 293 293 293 293 292 293 294 294 294 295 295 295 295 295 295 296
293 294 296 297 296 290 291 294 296 295 296 296 296 295 293 291 288 287 288 289 289 291 293 293 293 291 287 290 291 291 291 287 281 283 287 284 285 282 280 279 280 282 285 287 281 277 282 288 292 293 292 291 291 294 294 293 294 293 294 294 295 294 293 294 296 295 294 295 296 295 295 293 293 293 293 291 291 292 292 293 292 293 294 294 294 295 295 295 295 295 294 295 295 296
293 291 295 297 297 295 295 294 295 296 296 296 296 295 294 293 290 290 288 289 290 292 292 292 292 292 290 290 292 293 291 286 279 284 288 288 286 281 280 281 283 283 285 285 281 282 285 291 292 292 292 292 292 293 292 293 294 294 295 294 293 292 291 293 294 294 294 295 295 294 295 293 293 293 293 292 292 293 292 292 293 294 294 295 295 295 295 295 295 295 295 294 293 294
295 294 294 296 294 295 296 295 295 295 295 296 295 295 291 293 292 289 291 289 290 290 289 290 292 293 293 292 293 293 292 289 284 285 289 288 284 282 282 283 282 286 287 286 288 288 290 292 292 292 292 291 292 291 292 292 293 293 294 295 294 293 293 292 293 294 295 294 293 291 294 292 293 293 293 292 292 291 293 293 293 293 292 294 295 294 295 296 296 296 296 296 296 295
296 296 296 296 296 296 295 295 294 295 295 295 294 294 293 290 284 283 288 289 290 290 290 290 291 293 293 293 293 293 293 291 288 289 291 288 281 279 284 285 283 287 289 288 290 291 292 293 293 293 292 291 291 291 290 290 293 293 295 294 293 293 291 291 292 294 292 290 292 292 292 293 292 292 293 292 292 291 290 290 290 291 291 291 294 293 292 295 295 297 297 297 297 297
297 293 292 295 296 297 295 295 295 294 294 294 293 291 291 290 282 281 281 285 290 291 292 291 290 292 292 293 294 294 293 292 291 291 290 282 273 274 283 287 287 286 290 290 292 293 293 293 293 293 293 292 291 292 289 290 292 294 295 294 294 292 292 292 291 292 289 289 292 292 293 292 294 294 294 293 290 289 292 293 291 292 293 292 294 295 295 296 295 296 297 297 298 298
294 292 292 296 296 297 296 296 295 294 292 290 290 291 290 290 288 284 278 282 286 286 288 291 292 292 292 292 294 294 294 293 292 292 288 274 273 277 285 289 290 289 291 292 292 293 293 293 293 293 293 292 292 293 291 291 291 293 295 294 293 292 290 291 290 289 289 291 291 293 294 294 294 295 294 292 292 292 293 295 293 294 294 295 295 296 296 297 297 297 297 298 298 298
294 296 296 295 295 296 295 295 296 294 293 292 291 291 291 289 287 286 284 279 274 273 279 289 292 293 292 293 294 294 294 293 292 293 289 282 279 280 289 291 291 291 292 292 293 293 293 294 294 294 293 293 293 294 293 292 291 295 294 293 292 291 290 289 290 288 288 290 292 292 292 294 295 295 294 294 295 295 295 296 295 295 295 296 296 296 297 297 297 297 298 298 298 299
297 297 296 293 290 290 289 291 294 295 294 293 292 289 289 289 287 286 284 281 277 275 275 287 291 293 293 293 292 293 294 293 293 293 291 289 285 289 291 290 290 292 292 291 293 294 294 294 295 294 293 290 293 294 294 293 293 295 294 293 291 290 291 290 288 288 287 290 291 292 293 295 295 295 295 295 296 296 296 296 296 296 296 296 297 297 297 297 297 297 298 298 298 299
297 297 296 293 291 290 289 290 289 292 293 293 292 290 286 288 289 286 283 283 282 277 281 286 291 292 293 293 292 293 293 294 294 293 292 292 291 291 290 286 289 292 293 292 294 295 295 295 294 293 291 291 291 292 294 294 293 292 294 292 292 290 290 290 289 289 288 290 291 293 294 295 296 296 296 296 296 296 296 296 296 296 296 296 297 297 297 297 297 298 298 297 298 298
297 297 297 295 294 292 291 291 288 288 292 293 292 290 288 286 287 287 284 285 287 281 284 285 289 293 293 293 291 292 294 294 294 293 294 293 293 292 289 286 291 292 293 294 294 294 295 294 293 292 290 290 290 289 292 293 293 290 293 292 293 291 290 289 289 288 289 290 292 292 294 295 296 295 296 296 296 296 296 295 295 296 296 296 296 297 297 297 297 297 297 297 297 298
295 293 293 296 293 292 292 292 290 288 290 293 292 290 290 289 288 287 287 288 290 285 285 287 291 293 293 293 293 294 294 295 294 293 294 294 293 293 290 290 291 293 294 294 294 293 292 292 292 291 290 289 289 291 293 293 292 292 293 292 292 291 290 290 289 288 290 291 291 292 294 295 294 294 295 296 295 294 295 294 294 295 296 296 295 296 296 295 295 297 297 296 297 297
296 297 297 297 294 294 294 293 292 290 289 291 293 292 292 289 288 286 290 289 291 289 286 287 291 293 293 292 293 294 294 295 294 294 294 295 295 294 292 292 292 293 295 293 293 293 293 290 290 290 291 290 290 292 293 292 291 291 291 289 291 291 290 290 289 289 291 292 292 294 295 295 295 295 294 295 296 295 295 294 295 295 295 295 293 295 296 294 295 297 297 296 296 296
296 297 296 297 296 296 295 294 293 292 291 289 292 293 292 290 287 287 290 292 291 291 289 287 290 294 293 292 293 294 294 295 295 294 295 296 296 295 294 295 295 295 294 293 292 292 292 290 290 291 291 291 290 291 293 292 291 290 289 286 290 290 289 290 290 289 290 292 294 293 294 295 295 292 289 292 295 295 293 292 292 292 294 293 293 294 295 295 294 296 296 296 296 296
296 296 296 296 297 297 296 295 294 293 291 288 291 292 292 290 288 288 292 292 290 291 292 289 289 293 294 294 293 294 295 294 295 295 296 295 296 296 296 294 295 295 294 293 292 291 290 289 291 291 292 292 292 293 291 292 290 289 287 283 286 289 290 290 289 290 291 292 293 293 294 295 292 288 290 293 293 293 292 291 291 291 293 293 293 293 293 294 296 296 296 296 296 296
294 292 296 296 296 296 296 295 293 293 290 288 289 292 291 289 288 288 292 293 291 290 292 291 291 294 295 294 293 294 295 295 295 295 295 295 296 295 294 292 295 295 295 293 292 290 288 286 289 291 292 292 293 292 291 292 291 289 288 284 287 289 290 290 289 288 291 292 293 294 294 291 289 289 291 291 290 292 291 291 291 292 293 293 294 293 293 294 296 296 296 296 296 295
289 289 294 296 296 296 296 295 294 293 292 289 290 291 290 287 284 287 291 293 293 290 292 292 292 294 295 294 294 295 296 295 294 294 294 295 295 294 293 294 295 295 293 292 291 289 288 286 288 290 291 291 292 292 290 291 291 290 288 283 285 287 288 288 285 284 288 291 293 294 293 290 290 291 292 291 291 292 291 290 291 292 292 294 294 294 294 293 294 295 295 296 296 295
290 293 294 295 295 296 296 295 295 293 291 289 289 291 289 287 283 283 289 291 292 291 289 293 290 294 295 295 295 295 295 295 294 294 294 294 294 293 293 293 293 294 293 291 291 288 286 282 282 288 289 290 290 289 291 292 291 290 287 283 284 284 283 281 279 281 286 291 292 294 291 290 290 291 292 292 292 292 292 291 292 293 293 292 292 293 293 292 292 291 293 294 296 295
292 292 288 292 293 293 295 295 294 291 291 289 287 287 289 289 286 287 286 286 289 292 292 293 288 293 294 294 295 295 295 295 294 292 293 294 294 293 292 293 293 293 294 292 291 289 286 280 281 285 284 287 289 288 291 292 291 291 289 286 285 285 284 281 276 279 284 289 291 293 292 291 291 291 291 292 292 292 292 291 292 291 291 289 291 291 290 290 290 291 293 293 295 295
285 285 288 292 292 293 294 293 292 288 289 290 289 289 289 291 290 291 290 289 290 291 290 293 292 294 294 294 295 295 295 294 292 289 292 293 293 293 292 292 294 292 293 292 291 288 280 280 284 283 280 283 286 289 287 286 290 289 288 286 286 286 285 281 283 286 286 283 286 291 292 292 292 292 292 292 291 291 292 292 292 292 290 290 290 289 289 290 293 294 294 294 295 294
282 284 289 291 291 293 292 292 291 288 287 289 288 288 289 289 290 292 292 292 291 290 291 293 292 294 294 294 294 294 294 293 293 292 292 292 293 292 292 292 293 292 293 292 290 288 282 283 284 279 278 284 288 290 288 285 289 285 285 287 286 286 285 283 286 285 286 289 290 291 291 292 292 291 291 290 290 292 291 291 292 292 291 290 290 291 292 294 294 294 294 294 295 293
283 285 287 290 290 289 290 291 291 289 286 288 288 289 288 288 285 289 291 293 293 292 293 293 294 293 294 294 293 293 293 292 291 290 290 291 291 290 290 291 291 290 293 291 288 286 283 284 281 276 277 279 286 288 289 289 289 287 287 287 287 287 287 286 286 283 286 290 291 291 292 292 292 291 289 288 290 289 288 289 292 292 290 288 289 290 291 294 294 293 293 293 294 292
283 284 286 287 284 283 289 290 289 289 286 287 288 288 286 286 282 285 290 292 291 292 292 291 293 292 292 292 292 291 291 290 287 283 282 289 290 288 288 289 289 290 293 289 287 286 284 286 283 277 279 276 280 286 287 288 288 286 287 287 288 288 288 287 286 283 286 288 290 291 292 292 291 290 288 290 290 288 288 289 290 291 291 290 290 291 292 291 291 292 291 294 292 293
283 285 285 284 282 282 284 287 288 288 287 286 287 287 286 284 280 283 289 291 291 291 291 292 292 292 291 290 290 290 288 286 285 282 280 285 289 287 288 291 291 291 293 290 288 287 286 288 285 282 283 279 276 280 282 287 287 287 287 287 287 288 287 288 287 287 284 285 286 289 291 292 291 289 287 289 290 291 291 291 291 291 290 291 291 291 290 288 289 290 290 293 293 292
281 285 284 281 280 280 280 280 284 286 287 284 282 284 285 281 275 281 288 289 289 290 290 291 291 290 285 285 288 286 281 278 277 280 279 280 287 290 291 292 293 293 292 288 288 287 287 288 287 285 285 279 280 282 283 288 287 288 288 288 288 288 288 288 289 288 288 289 288 290 291 291 291 291 289 290 290 289 291 291 288 291 291 290 290 290 290 289 291 290 292 294 294 294
283 284 279 278 277 277 280 282 284 285 287 283 282 280 278 275 272 278 287 284 286 289 285 288 288 285 281 280 282 276 274 272 273 271 274 279 287 291 291 291 291 293 292 289 288 288 288 289 289 288 287 286 288 287 285 288 289 288 288 290 288 289 288 289 290 290 290 291 291 291 291 291 291 290 290 290 289 289 290 290 289 290 291 290 290 290 290 291 292 293 293 293 294 294
281 282 276 273 279 280 280 284 287 286 286 284 283 281 277 277 275 276 281 282 287 288 280 282 282 276 275 274 274 273 275 276 276 272 278 280 285 287 286 291 292 293 290 289 288 289 288 290 290 290 289 289 289 289 289 290 290 290 290 290 289 289 289 289 290 290 290 290 290 291 291 291 291 290 289 290 289 290 289 290 289 289 291 290 290 291 292 293 293 292 292 293 292 294
283 279 273 269 275 278 279 283 286 286 286 284 284 283 281 280 276 274 274 279 282 286 280 278 276 274 276 275 274 277 278 279 276 274 281 283 284 284 286 290 291 293 289 288 287 288 288 289 291 290 290 290 290 290 290 290 291 290 291 290 290 290 290 289 289 290 290 289 290 290 290 291 288 285 289 289 288 287 289 290 287 289 291 290 291 292 292 292 291 289 291 293 292 292
291 287 276 270 268 272 279 284 286 286 285 283 283 282 281 281 280 278 275 274 279 280 279 278 272 274 277 275 274 277 280 282 279 278 282 284 286 288 290 289 289 292 290 289 288 288 288 291 291 291 291 290 290 291 291 291 291 291 292 291 290 289 289 288 289 289 290 289 288 286 288 287 287 283 286 287 288 289 288 287 287 290 290 291 291 291 292 292 291 288 290 292 290 291
297 296 288 279 278 279 281 284 285 286 285 285 283 282 282 282 281 278 279 276 275 276 281 279 279 277 278 275 275 277 280 284 285 283 284 285 285 287 291 292 291 292 289 290 290 289 288 290 292 290 291 291 291 290 291 291 292 292 292 290 289 289 289 288 288 288 288 288 286 284 287 286 287 288 286 284 288 289 288 287 289 288 288 288 290 292 291 290 291 291 292 291 289 289
301 288 280 282 287 285 284 284 285 284 284 285 283 283 283 282 280 279 282 280 279 281 282 282 281 279 277 276 279 279 280 283 286 287 286 286 285 284 291 293 293 292 291 292 291 290 289 291 292 291 291 292 291 290 290 291 292 292 292 289 288 289 289 288 288 287 286 286 286 287 288 288 289 289 288 289 289 289 289 290 289 289 289 288 289 290 288 289 292 292 291 292 290 290
294 287 289 292 293 290 286 286 286 285 285 285 282 282 282 283 281 282 283 284 283 283 284 283 281 279 277 280 282 282 283 284 288 288 287 286 286 286 291 293 293 293 293 292 290 289 289 289 290 291 292 292 291 291 291 292 292 293 291 289 289 290 289 289 288 287 287 287 285 284 286 288 289 289 289 288 289 289 289 289 289 289 289 288 288 289 290 290 291 291 291 291 292 291
