ecocropFuture/tif/c6/rcp585/ACCESS-CM2/tmax_9.asc
ncols        683
nrows        518
xllcorner    -87.691666666667
yllcorner    10.708333333333
cellsize     0.008333333333
NODATA_value  nan
[rows 252 to 293 of 518, columns 188 to 281 of 683]
309 304 307 311 311 311 307 298 302 293 291 298 297 296 298 300 299 298 297 297 292 287 289 292 291 285 280 276 274 275 275 281 281 291 292 292 290 286 282 270 271 271 263 264 272 277 282 287 284 277 281 281 279 278 277 282 283 273 286 299 302 301 302 296 291 283 289 294 297 296 294 292 288 285 287 282 271 278 280 275 271 264 264 270 281 290 299 300 300 298 294 294 295 296
312 312 312 312 312 312 309 303 305 298 291 301 302 296 293 300 300 297 297 295 293 293 292 289 285 277 273 267 263 263 269 276 286 295 294 294 293 289 280 277 280 276 270 269 278 282 285 287 290 282 285 285 287 282 284 287 291 278 289 302 305 304 305 299 299 295 297 298 295 294 290 284 290 293 292 289 279 284 286 277 265 264 272 275 280 290 299 301 301 297 294 296 299 300
312 312 312 312 312 311 308 306 305 300 297 301 301 298 296 300 299 296 296 294 295 293 291 287 281 270 265 259 255 262 271 285 291 296 297 295 294 289 278 286 285 280 277 279 282 284 285 288 291 291 291 289 289 286 287 294 295 291 295 304 307 306 306 305 301 297 302 300 297 291 285 289 296 298 299 295 290 293 283 272 273 276 278 283 287 296 301 303 302 298 296 298 299 300
312 312 312 312 311 311 307 305 303 297 299 301 301 301 300 300 295 292 293 294 290 290 289 285 278 268 262 257 256 269 282 291 296 297 298 294 295 289 283 287 288 290 285 286 284 284 289 290 290 296 295 292 295 290 289 290 299 298 301 306 307 308 307 306 300 302 299 296 293 287 279 291 297 301 303 300 300 300 292 286 285 282 285 286 290 298 301 303 302 299 299 299 301 301
312 312 312 311 311 310 306 304 301 300 302 303 301 300 300 297 292 287 289 286 285 283 283 279 276 266 258 258 262 272 285 293 295 297 299 297 292 288 286 288 288 293 291 292 286 283 288 294 296 298 300 297 297 298 298 294 298 301 304 307 308 308 307 305 303 305 302 293 291 292 290 293 300 303 305 306 299 301 297 289 290 282 285 288 290 300 301 304 302 300 301 302 302 299
311 311 311 311 311 307 305 303 298 300 301 297 297 296 295 291 288 284 288 285 278 276 276 271 268 267 269 268 272 270 284 293 296 296 298 298 297 295 297 296 296 294 296 296 292 288 286 289 293 295 298 301 299 298 302 298 298 302 306 306 307 308 308 304 302 306 301 294 298 298 297 299 302 306 307 308 305 297 297 295 296 292 286 295 297 303 304 305 303 302 304 301 297 299
311 311 311 311 309 306 303 300 294 298 300 295 293 295 293 295 293 291 288 288 284 283 281 274 273 275 271 269 284 285 291 293 293 293 299 299 299 299 301 300 299 294 294 297 297 297 292 289 290 291 294 300 306 300 300 301 299 300 302 306 307 308 309 304 300 307 303 301 302 302 303 304 306 308 308 308 305 300 297 300 300 293 295 300 302 306 306 305 304 303 301 298 297 297
311 311 311 310 309 304 302 297 294 301 303 294 296 295 294 292 288 285 283 284 285 282 284 281 279 272 264 268 283 292 294 297 297 298 299 299 298 300 300 301 301 297 290 293 294 298 295 291 293 296 298 303 306 299 294 300 302 304 305 305 303 308 309 307 305 308 307 306 305 305 306 308 309 309 309 309 307 306 301 302 304 300 300 300 304 307 306 304 303 302 300 298 294 295
311 311 310 310 308 302 296 296 304 302 298 301 294 288 292 295 292 288 287 286 282 276 275 276 279 273 268 276 283 291 295 296 298 296 296 294 297 298 293 295 301 299 295 300 303 302 300 298 299 300 303 305 307 302 290 291 296 298 299 306 307 309 309 309 309 309 308 307 307 306 306 306 308 310 309 309 308 307 305 305 306 304 302 302 305 306 304 305 303 299 299 296 291 297
311 310 310 309 308 305 303 303 302 301 301 300 296 297 299 293 287 283 282 282 283 277 273 268 271 270 273 286 290 292 296 295 293 295 293 290 292 293 290 295 298 301 301 298 297 303 302 304 303 305 306 308 308 303 297 297 299 296 300 306 308 309 309 310 309 309 309 308 308 307 307 307 309 310 307 308 309 307 308 308 307 307 307 308 308 306 305 303 302 298 295 295 299 302
311 310 309 306 299 296 301 296 296 294 291 295 299 297 294 297 293 289 286 281 281 282 277 269 263 267 274 289 296 298 300 300 297 300 299 294 287 290 289 297 298 300 298 292 289 293 298 302 302 303 306 308 309 308 305 305 305 299 302 306 309 309 309 309 309 310 309 309 309 308 309 310 310 309 309 309 309 308 308 308 308 308 308 308 307 306 303 302 300 298 295 297 298 301
311 310 306 300 295 296 299 293 296 283 278 291 297 296 287 293 293 289 293 290 287 280 272 266 265 272 272 282 295 300 302 302 301 302 301 294 285 293 297 300 302 302 302 299 296 296 298 299 300 300 300 302 303 308 308 309 308 302 300 305 309 309 309 309 309 309 310 310 310 310 310 310 310 310 309 309 308 308 308 309 309 309 309 308 307 305 303 299 300 298 297 301 302 302
310 307 302 297 294 293 294 288 292 282 273 284 295 295 290 285 288 288 288 290 286 284 276 271 280 281 283 284 282 291 299 303 303 300 299 295 289 288 290 296 301 303 303 299 299 302 304 302 303 303 301 298 298 304 303 303 308 308 304 306 307 307 308 308 309 309 309 309 310 310 310 310 310 310 309 309 308 308 309 309 309 309 309 307 306 305 303 299 300 297 299 304 305 304
310 307 301 300 299 298 297 291 287 289 290 287 289 285 284 282 285 286 286 289 285 281 276 281 289 291 290 290 286 283 289 303 302 302 300 293 279 278 284 293 300 303 304 301 298 302 306 306 303 305 303 304 306 307 305 306 307 308 309 308 305 305 308 309 308 308 308 309 309 309 310 310 310 310 308 309 309 309 309 309 309 309 309 308 306 306 304 303 300 299 302 305 305 306
311 309 306 306 304 302 299 293 297 295 293 287 280 275 270 272 274 281 286 286 280 273 272 281 294 296 296 298 296 291 286 299 305 304 298 288 272 270 277 291 301 304 305 306 306 306 306 307 302 304 306 308 308 308 307 307 306 308 309 307 306 305 308 308 308 308 308 308 308 309 309 310 310 310 309 309 309 308 309 309 309 309 309 308 307 307 305 302 301 301 301 303 305 307
311 309 309 307 305 303 301 300 296 287 284 285 274 266 262 266 279 283 278 277 279 276 282 284 290 298 298 300 303 298 295 302 306 303 297 283 272 272 275 284 298 300 304 302 300 306 307 308 307 307 307 308 308 309 308 308 308 308 308 304 303 307 307 307 308 308 308 309 309 309 308 309 310 310 310 310 309 309 309 309 309 309 309 308 307 306 305 303 300 299 304 303 305 307
310 308 308 306 304 301 298 295 294 291 286 287 284 273 262 266 276 277 281 276 275 274 288 293 292 293 294 300 304 305 305 306 305 303 296 289 289 278 288 295 300 299 302 299 299 302 305 308 308 308 308 308 308 308 308 308 308 307 304 305 300 304 308 307 308 308 308 309 309 309 309 309 309 310 310 310 310 309 309 309 308 309 308 306 307 304 304 303 300 304 305 302 305 307
309 308 308 306 302 296 291 285 288 298 298 296 290 280 268 274 282 280 284 285 284 282 277 279 282 285 289 294 299 299 301 306 307 305 296 297 295 281 282 293 300 301 305 306 304 304 307 308 308 308 308 308 308 308 308 307 307 305 306 306 305 306 307 307 308 308 308 309 309 309 309 309 309 309 309 309 309 310 309 308 307 306 305 304 306 305 305 304 303 305 305 303 306 306
310 309 308 306 302 295 287 287 294 301 300 298 290 285 280 276 288 290 288 286 283 290 282 277 279 285 296 300 300 302 303 305 308 306 303 301 293 292 294 299 299 304 305 306 307 307 308 309 308 308 307 307 306 307 306 306 306 304 305 305 306 306 304 304 305 307 308 308 309 309 309 309 309 309 309 309 309 309 309 308 306 303 304 304 305 307 307 304 304 306 303 303 306 307
309 307 309 308 304 299 293 297 301 301 301 301 295 294 292 290 294 296 290 291 287 292 281 284 281 278 292 299 302 304 304 304 307 308 305 301 302 302 303 302 303 304 303 307 309 308 308 307 307 306 306 305 304 304 304 304 305 303 305 304 305 304 304 304 304 305 308 308 308 307 309 309 309 309 309 309 307 307 309 309 307 307 304 305 307 306 306 306 306 305 304 304 306 307
308 306 309 309 307 305 302 305 305 301 301 303 304 303 301 301 301 296 295 292 291 293 282 284 287 280 297 300 301 303 303 304 305 307 308 306 306 305 304 304 305 307 308 308 308 307 305 306 305 305 304 300 300 300 301 301 302 303 304 302 304 302 302 302 303 302 307 307 307 308 308 308 309 309 309 308 308 308 308 308 306 306 307 306 307 306 307 307 306 305 305 305 306 306
309 307 308 309 309 308 307 306 304 302 304 303 306 306 305 304 301 296 299 297 289 293 289 283 292 282 292 295 297 299 297 298 300 303 304 307 306 305 305 307 308 308 307 307 306 306 303 302 303 301 303 298 294 294 294 296 300 303 301 299 303 303 303 304 304 305 306 307 307 307 308 309 309 309 308 307 307 307 306 305 304 302 308 309 308 307 308 304 307 307 306 306 307 307
309 309 308 310 310 309 308 308 308 305 305 306 307 307 306 304 297 294 301 299 292 292 292 291 289 283 283 289 290 294 291 289 295 297 300 303 306 308 309 307 306 306 306 306 303 305 301 299 299 298 299 298 294 285 286 293 300 301 297 298 302 304 305 305 306 303 302 307 307 307 308 308 308 308 308 308 307 307 306 305 304 301 307 308 308 308 307 308 307 308 307 307 307 308
310 309 309 310 310 309 310 309 309 306 306 306 307 306 304 302 292 292 301 299 296 293 294 296 290 294 288 281 288 291 290 291 293 297 301 304 305 307 308 306 304 301 303 303 300 305 300 297 297 291 292 294 290 285 291 296 295 297 294 298 300 303 304 304 305 305 306 306 307 307 308 308 308 308 308 307 306 305 306 306 305 307 308 308 308 307 302 306 308 308 308 307 307 308
310 310 309 309 310 309 310 310 308 309 309 305 299 296 297 289 291 300 302 298 298 295 296 295 300 296 289 287 282 283 288 288 286 293 299 301 305 308 307 303 301 296 294 297 303 303 299 293 290 281 286 288 286 281 291 292 290 293 295 296 297 300 302 303 303 302 305 305 306 306 307 308 308 308 308 307 306 306 305 307 308 309 308 307 306 306 302 305 307 308 307 307 307 307
308 309 309 309 310 310 311 310 309 310 307 303 300 286 285 281 294 293 294 301 301 300 299 298 301 294 295 293 291 283 281 277 283 288 296 300 307 307 305 298 291 291 289 292 302 299 291 285 284 274 271 282 275 277 280 280 288 291 293 287 293 293 296 299 299 302 301 302 307 307 308 308 308 309 308 308 308 308 306 307 308 307 306 305 306 305 302 304 308 309 308 309 309 307
304 307 310 310 311 311 311 311 311 309 307 304 297 286 278 277 285 283 287 297 303 303 298 301 301 296 297 287 287 290 286 276 281 288 298 302 306 305 304 295 287 285 284 292 299 297 285 273 272 274 269 274 271 270 270 281 288 290 288 287 286 287 291 294 296 297 296 300 307 307 308 308 309 309 307 306 307 307 308 308 307 305 305 305 305 304 303 305 308 307 309 309 309 310
301 306 309 310 311 310 311 311 311 310 307 304 298 287 279 277 286 287 287 297 302 304 299 304 302 298 301 290 282 285 283 274 286 295 296 303 307 307 305 301 296 291 290 295 297 296 287 274 267 274 279 272 265 264 270 282 287 291 291 294 292 291 292 296 301 302 303 306 307 307 306 308 309 308 307 305 303 304 308 308 306 305 305 305 305 305 304 308 308 308 310 309 309 306
303 304 308 310 311 309 307 308 309 310 308 305 299 290 285 285 292 296 296 302 305 302 298 304 305 303 303 298 288 277 273 273 287 296 302 305 307 307 304 302 298 296 298 299 296 289 279 275 280 285 289 285 273 269 276 285 290 292 294 296 297 295 297 299 301 305 306 307 307 307 306 307 308 308 307 305 304 305 308 307 306 305 305 305 305 305 306 308 308 309 310 309 308 307
304 305 308 309 310 308 305 305 308 310 308 306 304 297 293 292 300 304 303 305 306 305 303 304 306 303 301 296 285 281 281 286 288 299 303 306 308 307 303 299 301 301 300 297 295 285 277 275 287 291 294 292 286 283 284 286 290 292 295 296 298 296 296 299 303 306 306 306 306 307 307 307 308 306 305 304 305 307 306 307 306 304 304 305 305 306 307 308 308 309 308 309 309 309
300 301 306 309 310 309 308 309 310 310 309 306 302 301 300 297 305 305 298 302 306 307 303 306 307 305 301 298 290 293 293 298 295 299 304 307 307 306 305 304 302 301 300 298 293 282 280 274 283 292 295 295 295 293 294 289 291 296 299 300 301 300 302 303 305 306 302 303 306 307 306 306 308 307 305 306 305 305 304 306 305 304 304 305 304 305 307 307 308 308 308 308 309 310
298 305 308 309 310 310 310 310 309 305 309 308 305 303 301 304 307 302 304 303 306 308 308 308 308 307 305 300 288 296 302 302 302 306 308 306 306 304 304 299 297 297 297 297 296 285 274 271 273 285 291 293 296 293 297 296 296 299 301 301 301 299 303 302 305 305 304 305 306 306 306 304 305 308 307 305 304 303 302 302 302 303 304 303 304 305 306 308 308 308 308 307 309 309
302 305 307 308 310 310 311 310 310 306 305 307 309 308 308 308 308 305 307 309 310 309 309 309 308 308 306 301 294 299 305 305 307 308 305 299 298 299 296 293 291 290 288 288 291 283 276 272 269 274 285 291 294 296 297 299 300 301 298 290 291 297 300 301 302 304 304 303 305 306 306 306 305 307 306 305 305 304 303 302 302 303 301 301 302 302 305 308 307 307 307 306 308 309
299 297 305 305 307 310 310 310 309 306 303 304 308 305 308 309 309 309 308 309 309 310 309 309 309 308 307 303 301 305 307 307 308 306 303 300 298 293 293 292 283 278 272 271 276 279 276 274 270 271 277 287 292 294 296 298 300 301 299 292 297 298 290 294 301 303 302 299 304 306 306 307 307 307 306 306 306 304 303 303 303 302 301 300 301 304 307 307 307 306 307 307 309 308
294 294 300 301 304 309 310 310 309 307 305 307 307 308 308 302 307 307 309 308 303 308 310 309 309 309 308 306 306 309 308 308 308 306 305 303 301 300 297 292 281 272 264 266 273 278 279 276 272 269 269 278 286 291 295 297 297 299 300 300 297 289 289 294 293 300 300 298 303 306 306 307 306 306 306 306 305 303 303 301 302 301 300 301 302 305 305 306 305 305 306 308 308 308
295 294 299 300 303 309 308 308 309 309 308 308 308 308 306 302 303 302 307 306 298 304 308 309 309 310 309 308 309 308 308 308 307 306 306 303 301 299 297 292 288 282 274 269 272 273 276 274 273 274 272 271 279 285 290 293 294 298 298 299 292 283 286 289 294 295 295 298 302 306 305 306 304 304 303 304 302 299 299 298 296 300 301 302 304 304 305 304 302 303 306 308 308 308
297 297 299 300 306 308 303 304 304 308 309 308 307 308 306 306 302 301 303 306 299 298 302 307 307 309 309 308 308 305 306 307 307 305 303 302 300 299 298 296 293 290 283 279 275 269 269 272 279 279 276 271 271 278 283 290 296 297 296 297 289 281 287 290 291 297 300 302 304 306 306 306 305 304 301 300 301 296 291 292 292 299 301 301 303 304 303 302 303 305 307 307 307 307
298 301 302 301 306 307 307 306 301 308 308 307 307 307 307 306 303 303 304 306 303 297 304 305 305 306 308 306 307 305 305 307 306 302 301 300 299 299 299 295 292 290 289 289 279 271 266 273 280 283 276 270 271 280 286 293 295 295 297 295 286 285 292 298 300 301 303 304 304 306 305 305 304 304 299 298 297 296 290 288 291 296 295 299 303 303 303 304 305 306 305 305 306 304
300 302 302 302 305 307 308 307 306 307 308 306 307 306 306 304 301 300 304 301 300 300 304 303 304 305 306 304 306 302 304 307 307 303 301 300 297 295 298 299 296 295 293 292 287 279 271 276 282 282 279 274 276 280 288 292 290 292 293 290 286 290 297 299 297 300 299 303 305 306 304 304 303 302 302 297 294 296 291 287 291 293 298 301 303 302 304 305 306 303 302 302 304 303
302 303 303 304 306 306 307 308 308 308 307 307 305 306 305 302 298 300 300 298 299 302 302 300 302 304 304 304 302 301 305 306 307 305 303 301 295 294 296 298 295 292 292 292 292 285 282 284 285 283 280 278 278 278 281 283 283 285 286 285 292 298 298 294 298 298 295 303 306 306 305 304 303 300 300 297 291 292 291 285 285 292 297 300 300 299 302 304 304 303 301 302 303 300
304 302 303 304 302 303 307 307 308 307 306 305 304 305 304 301 299 300 300 298 295 298 298 294 299 301 303 302 299 300 302 306 306 303 299 297 295 295 295 295 296 298 297 296 293 287 291 286 284 283 283 283 281 279 277 275 276 281 286 290 295 295 293 291 296 297 301 304 305 305 306 305 302 300 298 300 295 291 286 281 283 292 295 299 299 297 302 302 300 302 302 303 302 303
304 302 302 303 303 303 305 305 306 306 306 306 304 301 303 301 300 299 301 299 299 296 293 294 300 302 301 300 299 300 304 307 306 304 297 297 298 299 300 300 302 298 293 290 289 292 296 280 276 277 279 281 278 278 277 275 279 290 294 296 296 295 293 298 300 303 305 305 304 304 305 305 303 302 299 298 298 295 291 286 291 292 292 297 298 295 300 296 292 298 301 301 300 303
