ecocropFuture/tif/c6/rcp585/ACCESS-CM2/tmax_2.asc
ncols        683
nrows        518
xllcorner    -87.691666666667
yllcorner    10.708333333333
cellsize     0.008333333333
NODATA_value  nan
[rows 336 to 377 of 518, columns 282 to 375 of 683]
297 301 298 297 299 294 292 287 286 287 286 284 282 279 281 283 284 283 284 284 285 285 286 284 282 282 281 283 285 285 284 286 289 288 287 286 288 288 292 293 293 292 293 292 291 290 290 291 291 291 292 292 292 291 291 292 293 293 291 290 290 290 289 289 287 287 288 287 286 286 288 288 288 288 287 288 288 288 286 287 288 289 287 287 287 288 288 291 291 291 289 290 291 291
302 305 300 301 299 296 294 291 287 288 285 283 281 281 281 281 282 282 284 284 285 285 286 284 284 284 282 282 284 287 288 287 289 289 287 288 290 291 293 293 293 292 292 292 291 290 290 289 289 289 291 291 292 293 292 292 293 293 290 291 291 290 290 289 287 287 288 286 286 289 289 288 288 288 287 287 287 287 284 286 287 287 287 287 287 287 289 290 291 291 290 291 291 291
308 307 305 301 297 294 293 292 290 289 287 284 280 278 277 279 283 284 285 284 284 286 287 288 287 285 286 284 282 285 286 289 290 290 290 289 290 290 291 290 290 291 291 291 290 289 289 289 288 289 291 291 293 293 293 293 293 293 291 291 290 290 291 289 287 287 289 287 290 289 288 287 288 287 287 287 287 287 285 287 287 288 289 290 289 290 290 290 290 290 290 289 291 290
308 305 303 301 297 293 291 291 289 288 286 283 281 281 280 284 284 286 286 285 286 287 288 288 287 287 286 286 286 285 284 289 290 290 290 289 289 290 291 289 290 291 290 290 289 288 288 287 287 288 290 290 292 292 293 293 293 293 293 291 291 291 291 289 286 284 289 290 290 288 287 286 286 287 287 285 285 286 287 288 289 288 289 289 288 289 287 287 288 288 289 289 290 290
304 303 300 300 301 292 288 287 288 287 287 286 285 284 286 287 287 288 289 288 286 287 289 289 288 288 287 289 289 288 289 290 290 289 289 287 288 288 289 289 290 290 289 289 287 287 287 286 287 288 289 290 291 290 291 292 293 294 293 292 292 292 291 290 287 284 289 290 289 289 288 286 285 286 285 284 286 288 289 288 287 287 288 285 284 288 288 287 287 288 289 289 289 289
310 308 305 305 303 297 289 284 280 285 286 283 283 285 287 288 288 289 290 290 290 290 290 291 289 290 289 290 291 291 291 291 291 290 290 290 289 288 287 288 288 287 287 287 286 286 286 287 287 288 289 289 290 289 289 289 290 294 294 293 293 293 290 290 287 288 291 291 289 287 287 287 287 287 287 287 288 288 288 287 287 287 287 283 285 288 288 287 286 285 285 287 289 288
312 310 311 310 306 298 285 280 275 277 282 283 283 282 286 286 286 288 289 290 288 291 293 291 291 291 290 290 292 292 292 291 292 291 291 291 288 288 287 285 283 281 283 284 282 283 285 286 287 288 288 287 288 288 287 287 289 291 294 294 294 293 290 292 291 292 291 288 287 287 288 288 289 289 286 286 286 288 289 289 288 286 285 284 285 287 288 288 287 285 286 288 289 290
313 314 315 313 308 299 289 285 279 278 278 282 280 281 283 282 282 288 290 292 285 288 289 293 293 293 291 290 290 291 292 291 290 291 291 290 289 289 287 284 280 277 278 279 277 278 282 284 286 286 286 286 287 287 287 288 289 290 293 294 294 294 292 292 293 292 291 289 290 291 292 292 292 289 284 284 287 290 289 287 285 285 286 286 286 287 288 288 288 288 289 289 288 288
317 318 317 314 310 299 290 293 287 281 271 273 277 280 281 283 284 287 291 293 289 288 288 292 294 294 293 291 290 290 291 291 290 291 291 290 289 288 285 284 280 281 278 276 276 276 276 280 284 285 285 288 289 290 288 289 291 291 293 294 294 293 294 294 292 293 293 293 293 294 293 293 294 291 288 288 289 291 287 287 284 285 288 288 288 289 289 289 289 289 289 288 287 288
320 319 318 315 312 300 293 297 293 281 278 276 281 284 286 289 289 290 293 293 294 293 293 292 293 295 294 292 291 290 291 291 291 291 292 291 289 288 286 286 282 284 278 277 279 280 277 279 284 285 286 288 290 292 290 289 293 294 294 293 294 293 294 293 290 292 291 290 290 288 288 289 291 294 293 291 291 292 289 290 290 289 289 290 290 290 289 288 289 289 290 289 288 288
321 320 318 316 314 307 305 302 294 293 285 283 286 288 290 291 292 293 295 295 295 296 295 294 294 295 295 293 291 290 289 288 288 290 292 292 290 289 289 288 284 285 281 279 280 282 277 277 282 286 287 287 291 293 293 293 293 291 291 291 292 293 294 293 292 291 290 287 285 285 287 286 288 293 295 292 292 292 293 292 290 289 289 289 290 290 289 291 291 290 290 291 291 290
321 320 319 317 314 309 297 299 300 297 290 288 287 290 292 292 293 294 296 296 297 297 297 296 295 296 296 294 293 292 291 289 292 292 293 292 291 290 290 289 287 287 284 284 285 283 281 278 282 287 289 292 293 293 294 294 293 291 290 290 291 291 294 293 292 291 289 284 283 286 289 291 291 294 295 294 292 295 293 291 289 288 290 290 291 292 292 293 291 292 292 292 290 290
321 320 318 317 315 309 301 292 291 289 286 282 283 287 292 294 295 295 297 297 297 297 297 297 296 296 295 294 292 291 291 290 289 289 293 293 291 291 292 290 289 289 285 287 286 280 279 278 283 289 290 289 291 294 293 292 292 290 290 290 291 293 294 292 292 291 288 283 282 283 285 289 294 295 296 296 294 295 293 291 291 292 293 293 294 293 293 292 292 292 293 292 291 291
321 319 318 318 312 309 306 300 295 285 279 282 287 291 292 294 296 296 298 298 297 296 296 297 297 296 295 295 294 293 291 292 292 292 293 294 293 293 293 292 292 290 286 289 288 283 283 281 284 286 287 288 292 294 291 290 291 292 292 292 292 292 293 291 291 291 289 289 288 288 290 292 292 295 296 295 294 295 294 293 293 295 294 293 295 295 292 292 293 292 293 293 292 292
317 317 319 317 315 311 307 303 297 289 281 288 293 295 296 297 297 299 298 298 298 297 297 298 298 297 296 295 295 294 294 294 295 295 295 294 293 294 294 293 293 291 289 290 290 288 287 281 284 287 288 290 294 292 290 291 292 293 293 292 291 291 291 291 292 292 293 293 293 293 293 293 296 296 294 293 294 295 296 293 294 296 296 296 296 296 296 295 295 295 295 294 294 294
319 319 318 316 313 309 309 302 296 287 283 291 297 298 298 298 298 300 299 298 298 298 297 298 297 297 296 294 293 295 295 295 295 295 295 295 294 295 294 294 294 293 290 292 291 288 285 282 282 285 288 291 294 292 291 292 292 292 291 291 292 292 292 294 294 294 294 295 295 294 295 296 296 294 292 293 294 296 294 293 295 296 295 296 296 297 297 297 296 296 295 295 295 295
321 319 318 318 314 308 304 303 297 292 290 295 298 300 299 299 300 298 299 298 296 297 298 298 297 294 295 295 294 293 293 295 295 295 295 295 295 296 295 295 295 295 292 294 292 290 287 286 287 287 291 294 293 292 293 292 291 292 291 292 292 293 293 294 295 295 295 295 296 295 296 296 294 293 292 292 294 296 295 294 294 295 296 295 294 296 297 297 297 295 295 296 296 296
320 320 321 319 317 311 304 304 301 300 301 299 299 301 302 301 301 300 298 296 296 296 297 297 296 294 292 293 293 292 293 294 295 295 294 293 293 295 296 296 296 296 295 294 294 293 292 291 291 291 291 291 291 294 293 291 292 293 293 293 293 292 293 294 294 296 296 295 295 296 296 294 293 292 291 291 293 296 295 293 295 296 297 296 295 294 297 297 296 296 296 297 297 297
321 321 321 320 318 314 308 308 308 306 302 301 301 302 301 304 301 299 299 299 297 296 295 295 295 295 292 291 292 291 292 293 293 294 294 292 294 296 295 295 296 295 295 295 295 294 294 294 294 293 292 290 293 293 291 291 292 292 292 292 292 292 293 294 295 296 296 295 295 295 294 294 293 292 291 291 293 293 294 296 296 297 297 296 294 296 297 297 297 298 297 299 299 298
322 322 321 320 319 315 312 312 308 303 302 302 302 300 302 304 304 303 302 302 299 296 296 296 295 294 291 290 290 290 292 292 291 292 292 293 295 295 294 294 294 294 294 294 296 295 293 294 294 294 293 293 292 291 290 290 290 290 292 293 293 293 293 293 294 295 295 295 294 295 294 295 293 292 292 293 293 293 293 293 296 295 295 295 296 296 298 299 299 299 299 298 298 300
322 321 318 318 319 317 315 311 305 303 301 301 302 302 303 302 302 303 305 304 301 301 300 297 296 294 293 292 292 290 293 293 292 291 291 291 294 294 293 293 294 294 294 295 296 295 294 294 295 295 294 293 292 291 289 288 288 289 291 293 294 293 293 294 294 294 294 294 294 294 295 295 295 295 294 293 291 292 294 295 295 294 295 294 295 295 295 297 299 299 299 298 299 299
322 321 315 315 318 317 316 313 311 310 306 300 300 302 302 302 300 300 303 304 304 306 304 298 296 295 294 292 291 292 293 293 292 292 291 290 288 290 291 292 294 295 296 296 296 296 295 295 295 295 294 293 291 291 290 288 289 289 292 293 294 294 295 294 293 293 294 294 294 295 296 296 296 295 294 293 292 292 293 295 295 295 295 296 296 297 297 298 299 299 299 299 298 299
322 321 315 316 316 313 315 314 314 313 310 302 298 299 301 303 300 302 300 302 304 306 307 303 298 298 298 292 289 290 291 292 292 290 289 288 288 290 290 292 294 296 297 297 296 296 296 296 296 295 293 293 292 291 290 288 291 292 292 294 294 294 294 293 293 294 295 295 295 295 296 296 296 296 295 293 290 291 293 295 295 296 296 296 296 296 297 298 299 299 299 299 299 298
322 321 319 319 316 316 318 317 316 315 310 302 305 305 302 305 308 307 303 304 307 309 310 305 304 303 303 295 296 293 295 293 291 287 283 283 287 289 288 291 295 296 297 296 296 296 295 296 296 295 293 293 292 292 291 290 290 292 293 293 294 294 294 294 293 295 296 296 296 296 296 296 296 295 295 295 293 294 295 296 296 297 297 297 296 298 298 299 299 299 299 299 299 297
322 322 321 320 320 320 319 319 317 315 313 310 308 308 302 301 308 309 308 309 309 310 310 306 308 306 306 303 302 298 295 293 292 289 286 289 290 291 292 295 296 296 296 296 294 294 294 294 295 295 294 292 292 292 291 289 291 292 292 292 292 293 293 292 293 295 296 296 296 296 297 296 296 295 294 297 295 295 295 296 296 297 297 299 299 298 299 299 300 299 298 299 299 298
322 322 322 322 321 321 320 320 319 317 314 314 312 310 304 303 308 312 311 311 311 312 311 308 309 309 306 305 299 295 294 293 291 289 290 292 292 295 296 296 296 296 296 294 292 293 293 293 294 295 294 292 291 292 292 290 289 290 291 291 292 292 292 290 294 295 294 296 296 297 297 297 297 296 296 297 296 296 296 296 297 297 297 298 299 299 299 298 299 299 297 298 299 299
322 322 322 322 322 321 321 321 319 317 313 314 311 305 308 309 312 313 313 314 314 313 312 312 311 308 303 303 296 294 293 293 293 292 293 295 298 296 296 296 295 295 293 292 291 292 293 292 293 294 294 291 290 291 292 291 290 290 290 290 291 292 290 288 289 289 290 293 295 297 297 297 297 294 294 297 298 297 297 298 298 298 298 298 299 298 299 297 297 299 297 296 299 300
321 321 320 321 321 320 320 320 319 318 314 315 313 306 301 309 314 314 314 315 315 314 313 313 312 308 302 297 299 295 297 298 298 298 299 300 300 298 296 294 294 293 291 292 291 292 292 291 294 292 290 290 288 288 290 291 291 291 290 290 288 289 290 286 286 288 289 289 290 295 297 298 298 297 297 298 298 298 298 299 299 299 299 299 298 299 298 297 298 298 298 298 299 298
321 321 320 321 321 321 321 321 320 318 317 315 311 306 306 308 315 315 316 316 316 315 315 314 312 310 307 303 304 302 300 303 302 301 303 302 301 298 292 286 291 293 289 289 291 290 291 292 292 289 287 286 286 288 290 290 291 291 288 288 288 290 290 289 290 288 288 292 293 295 296 297 296 298 298 298 299 299 299 298 299 298 298 298 298 298 298 297 297 297 298 299 299 298
321 321 321 321 321 321 321 321 320 318 318 314 311 312 310 313 315 316 317 317 317 316 316 315 314 312 308 309 307 307 306 306 306 304 304 304 302 296 292 285 288 292 290 287 289 288 288 285 288 289 283 281 283 283 289 291 290 290 288 286 288 290 291 292 291 289 289 292 292 293 294 293 296 297 298 298 298 298 297 297 297 297 296 294 296 297 297 297 296 296 296 298 299 299
320 320 321 321 321 321 321 321 321 319 318 315 315 313 314 314 315 317 317 318 317 317 317 315 314 315 312 312 309 310 309 308 307 305 307 303 300 299 296 291 288 287 283 284 291 288 285 283 287 281 279 276 280 286 290 290 291 290 288 285 284 290 291 292 292 291 290 289 292 294 296 296 296 297 295 297 298 298 298 296 294 296 295 294 293 292 295 297 296 295 295 297 299 299
318 318 321 321 321 321 321 321 320 320 318 317 316 314 316 313 315 317 317 318 317 317 316 312 312 315 314 313 313 310 308 310 309 308 308 306 303 301 297 294 295 291 286 291 293 290 283 282 283 282 277 280 282 287 289 290 290 290 289 287 286 289 290 292 293 290 288 290 292 295 296 297 298 298 297 298 298 298 298 298 297 296 296 295 294 291 295 296 296 295 295 297 299 299
317 319 319 320 321 321 321 320 320 319 319 318 316 316 317 315 317 318 318 318 318 317 317 314 313 315 315 315 314 312 310 309 309 310 309 306 303 299 298 300 296 297 289 296 291 286 288 282 278 276 277 279 286 287 288 289 290 288 286 284 288 286 289 289 294 292 289 291 294 295 297 298 298 299 298 298 298 298 298 297 297 297 297 297 295 291 296 297 295 295 294 296 299 300
318 319 320 320 320 320 320 320 320 319 318 318 318 317 317 317 318 318 317 317 317 318 317 315 314 316 316 315 315 313 311 310 311 311 310 307 306 302 300 302 300 296 297 298 294 291 292 286 277 278 279 278 281 283 288 289 289 286 284 282 284 286 288 292 296 293 294 295 295 296 297 298 297 298 298 298 298 298 298 297 297 297 298 298 298 297 298 296 296 295 297 298 299 300
320 320 320 320 320 319 319 320 319 319 319 318 318 318 318 318 317 316 316 315 315 317 318 317 316 316 317 314 316 314 313 312 313 313 311 310 307 305 301 303 304 303 301 299 295 293 295 293 285 280 281 281 278 285 286 287 289 286 282 285 284 289 295 295 297 297 297 297 296 297 297 298 298 298 298 298 298 298 298 298 297 297 298 298 298 298 299 298 297 295 296 299 300 300
321 321 321 321 320 319 319 319 319 319 318 318 318 318 318 318 317 314 313 313 314 317 318 318 318 317 317 316 316 316 316 314 314 314 313 312 310 306 303 305 307 305 300 297 298 296 294 295 291 281 282 282 284 285 283 285 287 282 288 292 291 295 297 298 298 297 298 297 297 296 296 297 297 298 299 298 298 298 298 298 298 297 296 296 299 299 299 299 298 298 299 300 300 300
321 321 320 321 320 320 319 319 318 318 318 318 318 318 318 318 316 315 315 315 317 318 317 318 318 317 316 316 317 316 316 315 314 314 313 312 311 310 309 309 309 306 303 301 298 297 298 297 294 281 286 288 291 287 283 285 286 290 294 295 297 298 299 299 298 298 299 297 297 296 296 296 297 298 299 299 299 299 299 299 298 298 297 297 298 299 299 300 299 299 300 300 300 300
320 320 320 320 320 320 319 319 319 318 318 318 318 318 318 318 317 317 316 317 318 318 317 317 316 316 316 316 316 316 316 315 313 313 314 312 311 309 308 308 310 308 305 301 299 301 300 299 297 288 292 295 291 290 292 289 293 296 298 298 298 299 299 299 299 299 299 298 297 297 296 297 297 299 299 299 299 299 299 299 299 299 298 299 299 300 300 300 300 300 300 299 299 300
320 320 320 320 320 320 319 319 319 319 318 318 318 318 318 318 318 318 317 315 318 318 317 317 317 316 316 316 316 316 315 314 314 311 313 313 311 308 309 308 309 309 305 304 304 303 302 300 295 288 297 297 296 296 297 294 295 299 299 299 299 300 300 300 299 300 299 298 298 297 297 298 299 298 298 299 299 299 299 299 300 300 300 300 300 300 300 300 300 300 300 300 298 297
319 319 320 320 320 320 319 319 319 319 319 318 318 318 318 318 317 318 318 317 318 317 317 317 316 316 316 316 316 315 316 315 314 313 312 312 311 309 307 309 310 310 309 304 304 305 304 301 296 295 301 300 300 300 299 298 300 301 300 300 300 300 301 301 299 298 298 298 298 298 298 299 299 299 299 299 299 300 300 300 300 300 300 300 301 300 300 300 300 300 300 300 299 298
317 318 318 316 318 318 319 319 319 319 319 318 318 317 318 318 318 318 318 318 317 317 317 316 316 316 315 314 315 314 315 314 313 313 312 312 311 307 309 312 312 311 310 307 307 306 305 301 301 301 303 302 301 301 302 301 302 302 302 301 301 301 301 301 299 299 299 298 298 298 299 299 299 300 299 300 300 300 300 300 301 301 300 300 301 300 300 301 301 300 300 300 300 298
317 317 318 316 317 317 319 319 319 319 319 318 318 317 317 317 317 318 317 316 317 316 316 314 314 315 314 315 315 315 314 312 313 312 312 312 311 309 312 313 313 311 311 310 307 304 305 303 302 304 304 303 303 303 303 303 303 303 302 301 301 301 301 302 301 300 299 298 299 299 300 300 300 300 300 300 301 301 301 301 301 301 301 301 301 301 301 301 301 300 300 300 299 298
