ecocropFuture/tif/c6/rcp585/ACCESS-CM2/tmax_1.asc
ncols        683
nrows        518
xllcorner    -87.691666666667
yllcorner    10.708333333333
cellsize     0.008333333333
NODATA_value  nan
[rows 168 to 209 of 518, columns 188 to 281 of 683]
288 290 287 286 287 284 277 273 278 282 288 292 296 294 289 283 280 274 274 276 275 270 275 274 274 279 288 282 280 290 294 296 296 300 301 304 303 300 300 297 293 286 285 279 269 255 244 244 258 259 250 253 250 258 264 267 271 273 270 270 271 277 282 283 282 284 285 287 288 283 287 291 288 286 294 296 296 295 295 294 294 293 292 293 291 284 281 285 283 277 274 279 275 281
289 286 285 285 283 284 279 272 276 284 292 294 296 295 288 278 274 268 266 264 265 260 265 265 266 275 277 270 274 283 290 297 299 299 300 304 302 298 295 292 291 290 285 279 273 263 249 236 245 249 240 242 243 250 264 267 264 269 271 272 274 278 282 286 284 284 287 287 281 278 284 290 290 291 294 295 295 294 292 292 290 290 289 292 291 289 288 288 283 282 277 279 275 281
285 283 280 284 279 280 278 274 280 285 294 295 298 293 287 279 263 259 264 255 256 260 264 270 278 274 263 265 272 276 289 296 299 298 300 303 301 299 294 288 289 288 282 278 269 262 252 235 242 246 232 231 233 238 251 258 263 269 276 276 277 278 284 285 286 284 284 279 282 283 286 288 291 293 295 293 294 291 288 292 289 288 291 291 288 291 290 288 284 285 281 282 284 288
276 275 275 278 277 276 277 282 287 291 294 297 298 291 283 272 263 270 265 255 263 265 268 271 279 268 254 254 260 273 288 296 298 297 298 302 299 299 294 285 283 283 278 278 272 259 243 233 230 243 239 227 230 234 244 254 267 271 268 271 275 276 274 274 273 275 278 279 281 283 286 290 293 292 295 292 291 288 285 287 286 287 288 290 290 291 283 287 285 287 287 289 292 293
270 270 271 269 272 270 273 284 289 292 295 298 297 289 275 261 265 273 273 266 270 265 274 276 278 263 248 252 260 270 285 295 297 294 300 303 301 295 295 288 282 277 275 273 268 258 245 230 229 238 234 227 228 236 249 258 264 265 267 270 270 271 269 269 270 273 276 279 282 286 289 291 292 295 295 294 292 287 285 283 284 286 289 292 291 290 281 287 289 287 289 290 292 289
261 266 267 271 274 276 278 284 289 292 295 299 296 287 271 266 263 269 278 271 277 270 281 282 276 260 255 259 262 275 287 294 296 297 300 300 302 298 297 288 282 280 277 271 268 261 255 232 227 226 230 222 226 236 243 252 258 263 266 269 265 265 268 268 269 273 275 276 277 280 288 292 293 295 292 293 291 284 281 283 287 287 286 292 289 290 287 290 292 290 290 290 291 285
267 275 279 282 284 281 285 280 289 292 297 299 298 287 274 276 268 276 282 280 282 281 287 284 277 258 261 275 277 285 290 293 295 297 300 302 302 300 297 295 287 285 282 277 275 269 259 243 230 220 222 223 227 232 241 251 258 263 267 269 269 270 270 264 261 267 268 266 270 276 284 289 293 293 291 290 289 288 281 284 289 290 291 287 283 287 286 288 292 293 292 291 286 283
271 274 278 282 284 288 287 287 292 294 298 296 299 292 287 282 277 285 286 283 284 288 291 287 280 262 266 281 288 290 292 293 297 298 299 303 301 300 296 292 291 288 286 282 274 267 259 236 221 223 230 233 231 237 245 256 256 260 262 267 270 272 270 266 264 263 263 268 272 278 283 289 293 291 289 288 289 285 279 282 289 290 290 284 278 280 280 285 284 289 294 288 282 288
263 272 278 280 284 286 288 292 293 296 294 287 295 298 290 286 280 289 283 281 284 289 294 292 287 277 271 281 291 294 295 294 298 299 298 300 303 301 292 287 290 292 289 283 272 260 248 230 232 228 225 241 242 247 255 260 257 258 259 262 267 274 274 271 266 265 266 270 275 279 286 291 291 288 282 283 284 284 276 280 289 291 288 282 277 279 278 278 284 288 293 292 285 285
263 265 272 272 281 283 284 286 288 292 289 283 292 297 296 292 291 293 291 290 292 294 296 292 293 289 285 285 294 296 296 298 297 298 300 297 297 302 293 287 289 294 291 284 272 255 242 238 250 244 237 237 250 254 257 263 260 258 259 262 265 274 277 274 265 267 267 271 276 285 290 288 289 289 287 287 283 282 281 284 289 290 287 286 278 274 274 283 284 287 289 295 294 289
265 263 259 269 279 277 275 276 281 281 284 287 294 297 298 297 297 296 295 293 296 298 298 297 297 295 293 294 295 296 298 300 298 296 299 301 300 297 295 295 295 293 290 285 276 266 255 254 259 255 251 248 251 260 261 265 262 262 263 263 265 272 278 277 269 269 269 273 277 288 290 284 288 286 287 287 283 284 285 286 286 289 289 287 282 278 282 284 290 291 294 295 296 296
267 268 264 266 265 263 260 266 274 286 291 291 295 298 300 298 298 298 297 297 299 299 299 299 298 297 296 296 296 296 297 300 301 299 298 301 299 294 294 299 297 295 293 287 281 272 264 264 267 264 260 257 255 259 266 270 265 263 266 268 266 273 279 280 274 272 276 276 282 291 288 284 285 282 280 282 277 285 284 279 285 286 285 283 281 275 277 281 288 292 292 293 295 297
268 265 263 257 264 270 272 282 285 293 296 298 298 299 300 300 300 300 298 298 300 300 300 299 299 298 299 297 299 294 295 298 300 300 300 300 299 300 299 300 299 297 294 289 286 281 272 271 273 271 267 265 261 261 268 272 271 266 272 270 271 270 279 281 276 276 280 281 289 289 287 287 283 275 275 278 281 283 280 278 281 283 282 281 277 273 277 281 286 291 293 295 296 297
271 269 256 254 273 284 285 290 296 297 296 297 299 299 298 300 301 301 300 300 300 299 300 300 300 299 299 300 300 297 297 298 298 292 296 299 298 300 301 300 298 297 295 292 291 287 278 279 280 275 273 271 265 266 267 271 274 275 274 271 275 274 280 282 280 281 284 288 290 284 283 284 278 276 269 275 277 276 276 278 273 281 275 281 273 275 279 284 289 291 294 296 296 297
274 269 258 254 267 282 293 296 298 297 296 297 298 298 298 299 300 301 301 301 298 299 300 300 300 298 300 300 300 299 296 298 296 289 289 297 298 299 299 298 299 296 292 295 294 286 282 282 284 280 279 272 264 266 271 272 274 280 280 276 278 281 281 284 283 284 290 290 290 286 284 282 276 274 270 263 271 269 271 273 271 275 268 276 274 278 281 286 286 291 294 296 296 297
273 275 270 263 272 289 298 298 296 294 294 296 296 297 296 297 298 299 299 300 301 301 300 300 300 300 301 299 297 295 292 291 293 292 290 293 297 298 297 298 299 299 297 296 295 292 289 289 289 285 282 275 268 267 271 276 275 280 283 278 282 284 284 284 286 286 289 290 285 288 286 282 280 276 267 261 262 265 263 266 265 265 262 270 274 277 278 277 281 289 294 296 297 297
266 280 274 276 286 294 295 294 287 287 287 287 290 293 294 294 296 297 299 297 298 301 302 301 299 300 301 294 287 292 292 288 288 289 290 289 296 297 293 295 297 298 296 294 295 294 292 290 289 286 283 273 273 275 272 276 281 282 284 278 280 285 285 285 287 289 289 282 279 286 285 283 280 276 268 263 265 270 266 261 259 259 263 266 266 266 268 261 268 281 292 296 296 297
268 282 284 278 288 295 289 290 284 280 276 273 277 288 292 295 297 298 298 298 300 300 301 301 299 301 298 285 283 292 292 285 287 289 289 289 295 296 292 291 294 295 298 297 296 295 295 290 288 286 281 278 277 280 277 276 282 284 285 284 284 284 285 286 287 289 285 282 280 282 287 285 283 277 271 270 271 273 270 264 258 254 257 254 250 256 255 252 263 281 291 294 296 296
274 281 287 282 290 292 289 289 284 282 272 267 276 288 293 295 295 296 295 296 295 297 300 300 300 300 298 288 285 287 290 287 281 283 287 287 293 295 291 290 293 293 296 297 297 296 296 293 284 279 278 280 280 281 284 282 280 284 285 286 285 286 285 285 290 288 282 280 279 279 281 281 282 278 278 276 274 266 261 262 259 258 259 249 246 251 250 264 275 283 290 292 294 296
280 282 284 290 289 284 288 286 279 274 274 271 275 287 291 293 293 294 294 293 295 297 298 297 298 300 299 294 285 280 284 286 281 282 286 289 290 292 290 289 290 294 296 293 289 290 294 293 288 282 281 282 283 284 286 282 282 285 287 287 285 284 285 284 289 285 282 280 277 278 277 277 282 280 274 271 265 258 255 252 251 256 261 260 262 264 265 271 280 283 290 289 291 296
285 287 290 291 280 277 274 274 271 267 269 271 271 284 289 290 291 290 293 291 294 297 295 295 297 299 298 295 288 286 285 284 284 282 285 288 288 289 288 291 290 295 294 289 285 287 290 294 292 288 285 285 286 285 285 287 287 288 288 286 283 283 283 284 284 285 281 278 276 275 276 276 282 277 268 262 260 260 256 250 249 255 261 267 266 273 275 279 283 288 290 290 292 296
289 291 290 285 277 271 265 261 265 259 261 268 271 280 283 289 289 291 292 290 294 297 294 295 295 299 297 295 291 286 283 281 282 286 284 286 288 286 288 292 292 294 285 275 280 288 292 293 292 292 292 289 288 289 288 289 289 285 286 287 282 285 281 281 278 281 284 277 273 273 276 280 279 270 265 263 261 258 252 249 251 258 263 271 270 273 274 277 284 288 289 288 294 296
289 285 286 278 269 262 260 260 260 257 258 264 270 277 282 286 290 291 289 292 294 296 294 295 296 297 298 294 290 287 288 286 284 286 287 288 289 291 291 292 294 291 279 273 276 287 290 289 289 289 290 289 287 290 289 288 289 285 284 286 284 285 282 278 277 282 280 275 273 273 276 276 272 271 267 260 256 254 253 252 257 262 266 272 276 276 275 281 285 286 287 292 294 295
285 279 284 278 267 263 262 267 263 261 262 263 268 275 281 285 289 285 286 291 292 294 294 294 292 295 297 295 292 288 289 283 283 285 285 284 284 289 287 289 293 288 280 274 278 285 281 276 285 288 290 289 286 286 284 284 288 288 284 284 286 285 280 275 277 281 275 273 272 272 274 271 267 267 263 257 256 253 250 255 261 266 269 269 273 277 278 280 282 285 288 291 292 294
276 274 277 279 271 272 272 267 261 262 266 267 271 274 280 285 285 281 285 288 289 290 291 292 294 297 295 293 293 292 285 279 277 278 275 274 284 288 289 290 292 289 285 280 281 285 278 282 286 289 291 288 287 284 284 283 286 285 281 285 286 284 278 272 275 280 277 272 271 270 264 264 263 259 258 258 255 252 253 253 260 267 269 266 268 275 279 279 283 289 291 291 293 294
267 271 270 271 277 272 275 271 268 267 269 269 269 269 278 279 284 282 286 289 294 295 293 291 293 297 293 289 290 290 284 281 272 265 267 271 278 284 289 291 291 288 288 285 285 285 281 282 286 286 290 289 286 285 283 283 283 284 281 283 285 283 278 273 276 279 278 272 271 266 258 255 257 257 258 259 259 253 254 254 260 269 268 264 267 272 278 281 282 290 293 292 290 293
263 266 259 264 271 270 268 271 269 270 268 269 267 266 275 280 288 291 294 295 297 298 297 295 296 293 288 286 286 285 286 280 269 265 270 274 276 280 289 288 284 282 283 287 285 282 274 278 281 279 285 289 287 285 283 283 282 280 281 281 285 281 273 273 279 277 276 274 270 266 260 251 257 259 262 263 259 255 256 257 266 271 268 264 261 273 276 282 282 290 291 293 290 292
252 255 255 260 263 269 265 267 271 267 265 265 265 264 276 285 290 293 295 296 298 298 298 298 296 292 289 282 278 284 284 277 268 267 272 278 281 284 288 281 272 272 277 285 285 275 272 276 277 278 283 287 289 285 284 284 282 276 282 283 284 276 270 269 277 276 272 272 269 268 262 255 259 260 266 263 259 259 254 260 269 267 264 261 260 265 274 282 280 281 285 290 293 293
249 254 259 262 264 269 266 268 269 264 261 259 262 269 280 287 292 294 295 296 297 298 297 297 296 294 290 284 278 279 280 277 269 259 266 275 281 287 287 278 272 272 278 283 281 274 273 273 274 277 282 282 288 287 285 282 281 280 281 283 282 273 268 267 274 275 271 269 267 266 262 255 258 264 266 262 262 258 256 264 270 260 259 256 262 269 265 280 282 283 284 290 294 294
254 260 264 267 269 266 264 266 266 263 259 257 265 275 283 288 292 294 295 296 297 297 297 296 295 293 291 287 278 275 271 271 267 254 258 267 279 285 286 282 276 275 279 280 279 274 269 270 272 277 280 280 285 287 286 284 284 283 282 283 279 269 266 267 274 270 266 267 266 263 261 256 258 264 266 265 260 253 255 266 272 263 261 259 260 270 275 280 281 282 289 292 293 294
258 261 266 268 269 264 260 261 260 261 256 252 266 277 284 288 292 294 294 295 296 296 296 296 294 291 289 287 283 277 272 262 262 260 258 264 272 283 276 273 278 274 276 278 275 269 264 269 272 274 276 278 283 284 286 285 284 280 282 281 276 269 266 266 273 268 261 261 266 264 259 255 259 265 267 264 262 259 259 268 273 268 266 264 258 266 279 282 279 284 289 293 292 294
265 259 263 263 267 264 258 254 248 248 252 252 262 277 284 289 292 293 294 295 296 295 295 295 293 290 287 281 271 270 271 262 261 265 265 268 274 283 271 269 276 270 267 269 270 267 258 262 267 269 273 277 279 278 284 284 284 281 280 281 275 269 266 269 272 268 263 261 264 265 264 261 262 267 266 263 264 264 263 265 275 273 269 264 259 261 274 282 284 283 289 290 292 294
263 258 259 262 263 262 262 249 249 249 254 261 264 277 284 288 291 291 293 294 294 294 294 293 291 288 284 277 265 260 261 264 261 267 273 274 281 276 267 268 272 271 267 263 262 256 249 252 255 263 270 275 275 275 280 282 281 279 278 278 273 266 266 270 271 266 264 259 262 258 262 264 263 267 268 268 272 270 262 267 273 278 271 268 263 260 266 275 280 285 286 284 291 293
267 263 260 261 259 255 259 257 253 253 257 264 267 274 282 286 288 289 291 292 293 293 292 291 289 285 279 271 260 253 257 262 265 268 273 280 281 271 270 270 267 265 268 266 264 259 250 243 255 259 264 270 275 279 277 276 277 274 273 275 273 265 265 269 270 264 262 258 260 255 257 259 261 268 270 271 277 273 267 265 272 277 266 269 267 262 262 269 280 286 286 287 291 290
262 258 257 259 258 253 253 254 253 255 262 267 271 274 280 285 287 289 290 291 291 290 289 288 285 281 270 258 251 255 257 261 264 269 271 276 282 277 275 269 261 263 264 261 253 254 249 243 253 256 266 272 275 276 271 270 271 270 269 271 272 266 264 268 269 264 258 253 255 254 251 254 256 264 272 277 280 278 271 270 270 278 268 272 271 266 262 271 280 286 286 286 284 281
256 251 254 258 257 255 248 248 248 250 260 268 272 277 278 281 285 287 288 290 288 288 286 284 281 278 269 257 251 253 257 256 255 264 268 269 277 276 276 268 266 267 264 265 261 256 244 241 248 258 266 272 273 272 267 264 264 264 264 267 267 265 261 266 267 263 259 251 248 251 248 250 257 262 269 279 284 281 275 277 272 279 274 275 272 266 264 275 282 286 286 284 278 273
255 253 255 256 257 253 247 242 245 248 253 261 268 272 271 274 279 284 286 287 285 284 283 281 277 269 261 252 248 251 253 253 258 261 267 271 275 273 275 273 271 270 271 270 266 256 253 245 251 259 267 270 271 268 263 255 255 255 258 262 258 257 258 262 266 262 255 251 247 249 251 254 258 263 268 275 282 286 282 276 273 276 282 279 275 264 265 278 284 287 284 281 277 271
244 248 247 251 257 256 249 243 247 251 252 256 260 266 265 261 265 276 283 284 281 279 279 276 273 265 255 251 250 250 251 254 256 258 264 267 275 277 277 276 274 273 275 273 269 263 256 248 247 255 262 266 265 260 256 250 244 241 250 255 257 256 259 264 265 263 255 248 253 252 252 258 260 263 269 273 279 286 284 279 282 283 280 275 275 266 266 274 282 286 284 281 276 273
237 235 246 251 256 255 252 249 251 253 256 258 259 260 258 255 257 265 279 278 276 273 271 269 266 261 250 252 252 250 250 253 253 256 263 268 271 263 270 274 277 274 270 271 271 266 257 245 241 253 256 262 256 254 249 242 239 233 239 247 255 259 260 259 263 261 258 255 258 261 256 261 263 264 268 273 275 280 287 285 288 285 283 277 272 267 266 271 280 286 284 284 278 275
229 235 248 252 254 255 254 253 251 254 256 256 258 260 259 257 257 265 277 272 266 261 260 258 255 252 252 254 252 252 254 254 257 258 264 268 265 257 261 268 274 275 273 270 271 267 257 253 250 248 251 254 253 239 239 232 233 230 236 248 254 257 257 255 255 258 259 264 261 265 259 262 268 268 265 268 273 278 282 290 292 290 284 277 270 272 272 275 281 286 277 281 281 279
229 235 244 247 250 252 253 252 253 254 253 252 256 260 261 263 261 272 267 270 259 253 254 253 253 252 254 254 252 250 252 251 256 260 263 262 259 257 258 266 271 274 269 263 266 268 264 260 255 241 242 245 235 222 223 231 240 241 233 242 251 257 257 257 259 263 260 263 269 269 266 264 271 274 268 270 272 280 282 283 292 292 280 273 272 274 281 282 285 288 278 279 281 285
223 226 234 238 245 249 251 254 256 256 254 256 258 261 260 258 266 263 261 258 258 251 254 254 254 253 255 256 254 251 253 254 251 253 256 253 254 254 256 264 266 269 270 264 259 266 262 257 252 236 227 228 219 215 228 238 246 248 243 250 254 260 259 260 264 270 269 268 271 273 271 268 268 277 275 275 276 279 287 285 290 293 288 281 281 280 285 289 289 287 280 276 276 284
