ecocropFuture/tif/c6/rcp585/ACCESS-CM2/tmax_12.asc
ncols        683
nrows        518
xllcorner    -87.691666666667
yllcorner    10.708333333333
cellsize     0.008333333333
NODATA_value  nan
[rows 336 to 377 of 518, columns 188 to 281 of 683]
310 313 316 319 322 324 324 324 324 324 324 324 324 323 323 324 323 323 323 323 322 322 322 321 321 321 320 320 320 320 320 320 320 320 320 320 320 320 320 319 314 314 315 309 308 309 314 316 315 311 316 318 318 317 317 317 317 316 314 312 309 303 298 295 291 288 287 290 291 297 300 301 299 301 304 303 304 301 301 302 297 300 303 304 304 304 302 302 300 297 296 297 290 289
310 313 316 319 322 325 325 324 324 324 324 324 324 323 323 324 323 323 323 323 323 322 322 322 321 321 320 320 320 320 320 320 320 320 320 320 320 320 320 319 318 318 316 312 311 314 317 317 314 314 317 318 318 318 317 317 317 316 314 311 309 306 302 298 298 295 294 297 298 302 303 303 301 302 303 305 304 301 301 303 301 300 304 306 305 305 304 303 300 302 301 295 291 293
310 313 316 319 322 325 325 325 324 324 324 324 323 323 323 324 323 323 323 323 323 323 322 322 321 321 320 320 320 320 320 320 320 320 320 320 320 320 320 319 318 317 316 317 316 316 317 318 316 317 318 318 318 318 317 317 316 315 314 313 311 308 305 303 302 300 300 301 302 304 305 305 302 302 304 306 306 304 302 300 301 301 302 303 307 306 305 302 302 303 302 295 297 298
310 313 316 319 322 324 324 325 324 324 324 323 323 323 323 324 323 323 323 323 323 323 323 322 322 321 321 320 320 320 320 320 319 319 319 319 319 319 319 319 317 315 315 318 318 318 318 318 317 317 318 318 318 318 318 317 316 314 313 312 311 309 307 306 301 298 304 304 305 305 305 305 305 303 304 307 307 303 302 301 303 299 302 302 306 306 305 305 302 304 303 300 301 296
312 315 317 320 322 324 324 324 324 324 323 323 323 323 323 323 323 323 323 323 323 323 323 322 322 321 321 320 320 320 320 320 319 319 319 319 319 319 319 318 318 318 316 316 318 318 318 318 318 318 318 317 318 318 317 317 316 313 309 308 310 309 308 306 304 304 305 305 306 306 306 306 306 304 306 306 306 304 304 305 305 301 302 305 306 307 306 305 304 305 304 301 295 294
314 316 318 320 322 324 324 324 324 324 323 323 323 322 322 323 323 323 323 323 323 323 322 322 322 321 321 320 320 320 320 320 319 319 319 319 319 319 319 318 318 318 318 317 315 316 317 317 317 317 317 317 317 317 317 316 315 310 304 304 302 303 305 306 304 304 306 306 306 306 306 307 306 306 304 304 303 303 303 306 306 305 305 307 307 308 306 304 306 305 303 302 301 298
316 318 319 321 322 324 324 324 324 323 323 323 322 322 322 322 322 322 322 322 322 323 322 322 322 321 321 321 320 320 320 320 319 319 319 319 319 318 318 318 318 318 317 317 317 317 317 317 317 317 317 317 317 317 317 316 312 305 300 304 300 295 299 302 300 302 305 305 306 306 306 306 306 306 307 306 305 303 301 304 307 307 307 308 308 308 308 306 305 305 305 304 302 299
318 319 320 321 323 324 324 323 323 323 322 322 322 322 321 321 321 321 321 321 322 322 322 322 322 321 321 321 321 320 320 320 319 319 319 319 318 318 318 318 317 317 317 317 317 317 317 317 317 317 317 317 317 317 316 316 311 305 303 308 300 295 293 296 292 298 303 304 305 305 304 304 306 306 307 305 305 303 303 303 305 308 307 308 309 309 308 307 307 307 307 306 305 304
320 321 321 322 323 324 324 323 323 323 322 322 321 321 321 321 320 320 321 321 322 322 322 322 322 321 321 321 321 320 320 320 319 319 319 318 318 318 317 317 317 317 316 316 316 316 316 316 316 316 316 316 316 316 316 316 315 313 312 310 306 300 291 290 290 294 299 302 304 304 305 303 306 306 306 305 304 303 304 304 306 307 308 309 309 309 309 308 308 308 308 308 307 304
321 322 322 322 322 323 324 323 323 322 322 321 321 321 320 320 320 320 320 320 321 321 321 321 321 321 321 321 320 320 320 319 319 318 318 317 317 317 316 316 316 315 315 315 315 315 315 315 316 316 316 316 316 316 316 316 315 314 312 306 304 294 288 294 292 290 296 300 303 304 304 305 306 306 306 306 307 306 304 304 306 307 307 307 309 309 310 309 309 309 308 308 308 307
322 322 322 322 322 323 323 323 322 322 322 321 321 320 319 319 318 319 319 319 320 320 320 320 320 320 320 320 320 319 319 318 318 317 316 316 316 315 315 314 314 314 313 313 314 314 314 314 314 315 315 315 315 315 315 315 315 315 313 306 298 297 297 298 292 290 292 298 300 303 304 304 305 306 306 306 307 307 306 306 306 307 307 306 308 309 309 309 310 310 310 310 309 309
322 322 321 322 322 322 322 322 322 322 322 321 320 320 319 318 317 318 318 318 319 319 319 319 319 319 320 319 319 318 318 317 316 316 315 315 314 314 313 313 312 312 312 312 312 312 313 313 313 314 314 314 315 315 315 315 315 314 313 307 302 298 303 301 295 291 291 293 295 298 298 300 302 305 303 304 306 306 307 307 307 307 304 304 305 307 308 309 310 309 310 310 310 309
322 321 321 321 322 322 322 322 322 322 322 321 320 319 318 317 316 317 317 317 317 317 317 317 318 319 319 319 318 317 317 316 315 314 314 313 312 312 312 311 311 310 310 310 310 311 311 312 312 313 313 314 314 315 315 315 315 313 313 311 305 301 306 303 299 294 293 291 290 293 293 292 296 301 296 298 304 306 306 307 307 306 304 301 301 301 306 308 309 310 311 311 310 309
322 321 320 321 321 321 321 321 321 322 322 321 320 318 317 316 315 315 315 315 315 315 316 316 317 318 319 318 317 316 315 315 314 313 312 312 311 311 310 310 309 309 308 308 309 309 310 311 311 312 312 313 313 314 314 312 313 310 312 311 307 306 309 307 306 302 301 295 296 300 298 290 286 294 293 296 304 305 306 306 307 307 307 304 304 302 305 309 308 307 309 310 310 310
321 320 320 320 320 321 321 321 321 321 321 321 319 318 316 315 314 314 314 314 314 314 315 315 316 317 318 317 316 315 315 314 313 312 311 310 310 309 309 308 307 307 306 306 307 308 309 309 310 311 312 312 313 313 313 313 308 306 308 306 304 306 309 310 310 307 304 299 301 305 298 292 290 296 300 300 301 303 304 306 307 307 307 308 308 307 307 309 308 309 309 309 310 309
319 318 318 319 319 319 319 320 320 320 321 320 319 318 317 316 315 315 315 315 314 314 315 315 315 316 316 316 315 314 313 312 311 310 310 309 309 308 308 307 307 306 306 306 307 307 308 308 309 309 310 311 311 312 312 312 309 303 298 303 307 307 309 310 311 310 306 301 301 306 302 296 290 295 300 299 298 301 302 304 306 307 307 308 308 309 309 309 308 308 309 310 310 308
317 317 317 317 317 318 318 319 319 320 321 320 319 318 317 316 315 315 315 315 315 315 314 314 314 315 315 314 314 313 312 311 310 309 309 308 308 307 307 307 306 306 305 305 306 306 307 307 308 308 308 309 309 310 311 311 311 309 303 302 308 311 311 310 309 311 308 304 304 307 304 298 294 293 296 294 293 296 297 302 305 305 306 307 307 306 309 310 309 308 309 310 310 308
315 315 315 316 316 316 317 318 319 319 320 320 319 318 318 317 316 316 316 315 315 315 314 314 314 314 314 313 312 311 310 309 309 308 308 307 307 306 306 306 306 305 305 305 305 305 306 306 306 307 307 307 308 308 309 310 310 310 307 302 305 308 311 312 311 311 311 308 305 309 306 303 304 301 300 294 289 291 295 302 304 305 305 307 306 307 309 309 309 309 309 310 309 309
314 314 314 314 315 315 316 317 318 319 320 319 319 319 318 317 316 316 316 316 315 315 314 314 313 313 313 312 311 310 309 308 307 307 307 306 306 306 305 305 305 305 305 305 305 305 305 305 305 305 306 306 306 307 307 308 309 309 302 301 304 309 306 311 311 311 311 311 309 310 309 307 307 305 298 288 284 286 295 299 303 305 306 307 307 308 309 309 309 309 310 310 309 309
313 313 313 313 313 314 315 316 317 318 319 319 319 319 318 317 317 317 316 316 316 315 314 313 312 312 311 310 309 308 307 306 306 306 305 305 305 305 305 305 305 305 305 304 304 304 304 304 304 304 304 304 305 305 306 307 308 306 296 303 305 308 310 311 311 311 311 311 311 308 310 309 308 304 296 285 283 282 289 296 299 302 303 305 307 308 308 308 307 308 308 309 310 309
313 312 312 312 312 313 313 314 316 317 318 319 319 318 318 318 317 317 316 316 315 315 314 313 312 311 310 309 309 308 307 306 306 305 305 305 305 305 305 305 305 305 305 304 304 304 304 304 304 304 304 304 304 304 305 306 306 302 298 304 308 309 309 309 310 310 310 310 310 308 308 309 307 302 293 290 293 287 285 286 290 297 301 304 306 308 307 306 307 307 306 308 309 309
313 312 311 311 311 312 312 313 314 316 317 318 318 318 319 319 318 317 317 316 315 314 313 312 311 311 310 309 308 307 307 306 306 305 305 305 305 305 305 305 305 305 305 304 304 304 304 304 304 304 304 304 304 304 305 305 304 306 305 306 308 308 308 308 308 309 309 309 308 305 304 309 308 304 299 302 302 298 290 282 284 291 297 302 303 306 305 307 306 305 305 306 309 309
312 312 311 310 310 310 311 312 313 315 317 317 318 318 319 319 319 318 317 316 315 314 313 311 310 309 308 307 306 306 306 306 305 305 305 305 305 305 305 305 305 305 305 305 304 304 304 304 304 304 304 304 304 304 304 304 305 305 306 306 306 307 307 307 307 307 307 307 307 307 306 308 308 308 307 307 305 300 292 286 285 287 294 302 306 307 307 308 305 305 307 308 309 309
311 311 311 310 309 309 310 311 313 315 316 317 317 318 319 319 319 318 317 316 314 313 312 311 310 308 307 306 306 305 306 306 305 305 305 305 305 305 305 305 305 305 305 305 304 304 304 304 304 304 304 304 304 304 304 304 304 304 305 305 305 305 305 305 305 305 306 306 306 306 306 307 308 308 304 306 305 299 293 293 286 286 290 300 306 307 308 309 308 308 307 309 309 309
311 311 311 310 308 308 309 310 312 314 316 316 317 318 319 320 320 318 317 315 314 313 311 310 309 308 306 306 305 305 306 306 305 305 305 305 305 305 305 305 305 305 305 305 305 304 304 304 304 304 304 304 304 304 304 304 304 304 304 304 304 304 304 304 303 304 304 304 304 304 305 306 308 308 308 309 306 302 301 296 290 289 289 301 308 309 309 309 309 309 309 309 309 309
310 310 310 309 308 307 308 309 311 313 315 316 317 318 319 320 320 318 317 315 314 312 311 310 308 307 306 305 305 305 306 306 305 305 305 305 305 305 305 305 305 305 305 305 305 304 304 304 304 304 304 304 304 304 304 304 304 304 304 303 303 303 303 303 303 303 303 303 303 303 304 306 308 308 308 310 307 305 302 297 296 296 292 298 307 309 309 309 309 309 309 309 309 310
309 309 309 308 307 306 307 308 310 312 314 315 316 317 319 320 320 318 317 315 314 312 311 310 308 307 306 305 305 305 306 306 305 305 305 305 305 305 305 305 305 305 305 305 305 304 304 304 304 304 304 304 304 304 304 304 304 304 304 304 303 303 303 303 303 303 303 303 303 303 304 306 307 309 306 305 308 308 302 303 298 301 299 303 309 310 309 309 309 309 309 309 309 310
312 309 307 305 306 306 307 308 310 312 313 313 315 317 318 319 319 318 317 315 313 312 311 310 308 307 306 305 305 305 305 305 304 304 304 305 305 305 305 305 305 305 305 305 305 304 304 304 304 304 304 304 304 304 304 304 304 304 304 304 302 303 303 303 303 303 303 303 303 303 304 305 307 309 309 308 310 310 307 307 302 302 306 308 310 310 310 309 309 309 309 309 309 309
313 310 307 306 306 306 306 307 308 310 311 312 314 315 317 319 319 317 316 315 313 312 311 309 308 307 305 305 305 305 305 305 304 304 304 305 305 305 305 305 305 305 305 305 305 305 304 304 304 304 304 304 304 304 304 304 304 304 304 304 303 303 303 303 303 303 303 303 303 303 303 305 307 308 306 310 311 310 310 311 309 308 309 310 310 310 310 309 309 309 307 306 308 309
312 313 308 306 305 305 305 306 307 308 309 311 312 314 316 318 318 317 316 315 313 312 311 309 308 307 305 305 305 305 305 305 304 304 304 305 305 305 305 305 305 305 305 305 305 305 304 304 304 304 304 304 304 304 304 304 304 304 304 304 304 303 303 303 303 303 303 303 303 303 303 305 306 307 305 310 310 311 311 311 312 312 311 311 311 310 310 309 309 309 306 306 307 308
312 312 308 305 304 303 304 304 305 306 307 308 310 312 315 317 318 317 315 314 313 312 311 309 308 307 305 305 305 305 305 305 304 304 304 305 305 305 305 305 305 305 305 305 305 305 304 304 304 304 304 304 304 304 304 304 304 304 304 304 303 303 303 303 303 303 303 303 303 303 303 304 306 307 309 310 311 311 312 312 313 312 312 311 311 310 310 310 309 309 308 306 304 305
311 311 307 303 302 301 301 302 302 303 304 306 308 311 313 316 317 316 315 314 313 312 311 310 308 307 305 305 305 305 305 305 304 304 304 305 305 305 305 305 305 305 305 305 305 305 304 304 304 304 304 304 304 304 304 304 304 304 304 304 303 303 303 303 303 303 303 303 303 303 303 304 305 306 308 310 310 310 311 312 312 312 311 311 311 310 310 310 310 309 308 307 303 304
310 309 303 300 299 299 299 299 300 300 301 304 307 309 312 314 315 315 314 314 313 312 311 310 308 307 305 305 305 305 305 305 304 304 304 304 304 304 304 304 305 305 305 305 305 305 304 304 304 304 304 304 304 304 304 304 304 304 304 304 304 303 303 303 303 303 303 303 303 303 303 304 305 306 307 309 309 310 310 311 311 311 311 311 310 310 310 310 310 310 310 308 304 303
303 302 299 297 296 295 295 296 297 301 306 308 308 308 311 313 314 314 314 314 313 313 312 310 308 307 305 305 305 305 305 305 304 304 304 304 304 304 304 304 305 305 305 305 305 305 304 304 304 304 304 304 304 304 304 304 304 304 304 304 304 304 303 303 303 303 303 303 303 303 303 303 305 306 307 308 308 309 309 310 311 311 311 311 310 310 310 310 310 310 310 310 308 304
297 298 295 294 292 291 291 293 305 309 310 311 312 311 310 312 313 314 314 313 313 313 312 310 309 307 305 305 305 305 305 305 304 304 304 304 304 304 304 304 305 305 305 305 305 305 304 304 304 304 304 304 304 304 304 304 304 304 304 304 304 304 303 303 303 303 303 303 303 303 303 303 304 305 306 307 307 308 309 309 310 310 310 310 310 310 310 311 311 311 311 311 310 307
292 293 292 291 289 287 286 294 307 308 309 310 311 313 309 311 312 313 313 314 313 313 312 311 309 307 305 305 305 305 305 305 304 304 304 304 304 304 304 304 305 305 305 305 305 304 304 304 304 304 304 304 304 304 304 304 304 304 304 304 304 303 303 303 303 303 303 303 303 303 303 303 304 304 305 306 307 307 308 309 309 310 310 310 310 310 310 310 310 311 311 311 311 310
289 290 290 289 287 285 282 295 307 308 308 309 311 312 307 309 312 312 313 313 313 313 312 311 309 307 306 305 305 305 305 305 304 304 304 304 304 304 304 304 305 305 305 305 305 304 304 304 304 304 304 304 304 304 304 304 304 304 304 304 304 303 303 303 303 303 303 303 303 303 303 303 303 304 304 305 306 307 307 308 309 309 309 309 310 310 310 310 310 311 311 311 310 310
288 288 288 288 286 284 284 297 307 308 308 309 310 311 307 308 310 311 312 312 312 312 311 310 308 307 306 305 305 305 305 305 304 304 304 304 304 304 304 304 304 304 304 304 304 304 304 304 304 304 304 304 304 304 304 304 304 304 304 304 304 303 303 303 303 303 303 303 303 303 303 303 303 303 304 304 305 306 306 307 308 308 308 309 309 309 309 309 310 310 310 310 309 309
287 287 287 287 286 285 285 293 301 306 307 304 306 305 300 306 309 310 311 311 311 311 311 309 308 307 305 305 305 305 305 305 304 304 304 304 304 304 304 304 304 304 304 304 303 304 304 304 304 304 304 304 304 304 304 304 304 304 304 304 304 303 303 303 303 303 303 303 303 303 303 303 303 303 303 304 304 305 306 306 307 307 307 308 308 308 308 309 309 309 309 309 309 309
286 287 287 287 287 287 287 288 290 296 296 292 293 293 297 304 306 308 310 310 310 310 309 309 309 307 306 305 305 305 305 304 304 304 304 304 304 304 304 304 304 304 304 303 303 304 304 304 304 304 304 304 304 304 304 304 304 304 304 304 303 303 303 303 303 303 303 303 303 303 303 303 303 302 303 303 304 304 305 306 306 306 306 307 307 307 307 308 308 308 308 307 307 307
286 287 288 288 289 289 290 291 291 291 290 291 291 293 298 300 302 306 308 309 308 308 306 309 309 308 306 306 305 305 305 304 304 304 304 304 304 304 304 304 304 304 304 303 303 304 304 304 304 304 304 304 304 304 304 304 304 304 304 304 303 303 303 303 303 303 303 303 303 303 303 303 303 302 302 302 303 304 304 305 305 306 306 306 306 306 306 307 307 307 308 307 307 307
287 288 289 289 290 290 291 292 292 292 292 293 294 295 296 297 299 301 304 305 306 305 304 306 308 308 307 306 306 305 305 304 304 304 304 304 304 304 304 304 304 304 303 303 303 304 304 304 304 304 304 304 304 304 304 304 304 304 304 303 303 303 303 303 303 303 303 303 303 303 303 303 302 302 302 302 302 303 303 304 305 305 305 305 305 305 306 306 306 307 307 307 307 307
