ecocropFuture/tif/c6/rcp585/ACCESS-CM2/tmax_5.asc
ncols        683
nrows        518
xllcorner    -87.691666666667
yllcorner    10.708333333333
cellsize     0.008333333333
NODATA_value  nan
[rows 420 to 461 of 518, columns 376 to 469 of 683]
329 330 331 330 330 330 329 329 327 328 328 328 328 327 327 329 330 329 329 330 330 329 329 328 327 327 328 328 327 326 327 327 327 326 327 327 327 326 324 325 325 326 327 327 327 325 322 320 321 324 325 325 323 323 324 325 324 324 324 323 324 321 321 321 321 321 322 321 321 322 322 321 321 323 323 322 323 323 322 321 319 320 322 323 323 321 322 323 323 323 323 323 323 323
329 329 330 330 330 330 330 329 330 328 328 329 328 328 329 329 329 330 329 329 329 329 329 328 327 328 328 328 327 328 328 327 325 323 325 326 326 326 326 325 326 326 326 327 325 322 319 321 323 324 325 324 321 321 322 322 323 324 323 324 324 318 321 322 320 320 321 317 319 322 322 321 323 322 322 322 323 322 320 319 320 320 322 322 323 322 322 323 323 323 323 323 nan 323
329 329 330 330 329 330 330 330 330 329 330 329 329 330 329 328 329 329 329 330 330 329 329 329 328 329 328 328 328 328 328 326 324 323 325 326 326 326 326 326 324 326 326 324 324 323 321 323 323 324 325 324 322 322 321 322 322 324 322 323 323 318 320 321 319 319 321 319 319 321 321 322 322 320 320 321 322 322 322 320 318 321 320 322 323 323 323 323 323 323 323 323 322 323
328 327 329 328 330 330 331 330 331 330 330 328 328 327 328 329 329 330 330 330 330 329 329 329 329 329 328 328 328 327 327 327 326 325 324 325 323 323 323 323 322 325 325 320 319 320 321 321 323 323 324 323 322 322 322 323 324 324 322 321 322 318 319 320 320 320 320 319 319 318 319 322 322 321 320 320 321 322 323 322 321 320 323 323 323 323 323 323 323 321 321 321 322 323
327 328 328 327 330 330 330 330 330 330 329 328 328 329 329 330 330 329 329 329 329 330 330 329 329 328 327 328 327 325 327 327 326 326 323 321 319 320 322 324 325 326 324 321 318 314 318 320 322 323 323 322 322 321 319 320 322 323 322 320 323 318 317 317 316 317 318 319 318 321 322 322 321 320 320 320 321 320 322 323 322 321 322 323 323 323 323 322 322 321 321 322 322 323
326 327 327 327 328 328 330 330 330 329 329 330 329 329 329 330 330 329 328 329 329 329 330 329 328 327 327 327 326 326 326 326 325 323 322 319 319 320 320 322 321 324 325 323 320 315 318 321 322 323 323 322 321 320 318 320 322 322 320 320 322 319 315 313 313 317 318 319 320 322 321 320 319 319 316 317 320 318 320 322 323 323 323 322 322 323 322 322 322 322 322 323 323 nan
326 327 327 326 327 329 329 329 328 328 329 329 328 328 328 328 329 329 328 328 329 329 329 329 328 327 327 327 326 326 325 324 324 322 321 321 321 320 319 320 320 324 325 322 322 320 320 318 319 322 321 321 321 319 317 319 321 321 319 321 322 320 317 314 312 316 317 317 318 320 319 316 316 318 316 317 319 320 321 322 323 323 322 320 320 322 321 322 322 322 323 323 nan nan
326 325 325 325 327 328 326 328 327 329 329 328 329 326 325 327 328 328 328 328 329 327 326 327 328 327 326 326 325 324 322 321 321 323 323 325 323 323 324 323 323 324 325 324 324 323 321 319 319 319 318 320 320 319 318 316 318 317 318 319 321 319 317 313 310 315 316 314 315 318 318 316 319 318 320 319 320 321 322 322 322 323 322 322 321 321 322 322 322 322 323 323 nan nan
326 323 327 327 328 326 324 326 328 329 327 328 328 325 324 325 325 326 327 328 327 326 327 327 326 326 325 323 322 322 319 319 318 322 324 325 325 325 325 324 324 325 325 322 323 322 322 319 318 316 313 318 320 320 318 316 314 313 315 318 320 317 317 313 308 313 316 316 319 318 319 320 321 321 321 322 321 321 320 320 323 322 322 321 321 321 322 322 322 322 323 nan nan nan
328 329 328 329 328 322 322 326 327 326 326 327 327 326 324 322 324 326 327 327 327 327 326 325 323 324 323 322 322 321 320 321 322 321 323 325 326 326 326 326 326 325 324 321 320 319 316 313 312 315 312 317 319 319 317 315 311 309 313 315 319 316 313 309 308 315 316 317 316 318 321 319 320 321 322 322 322 321 321 322 322 322 322 322 322 321 321 322 nan 322 322 nan nan nan
330 330 329 329 328 326 324 323 324 326 326 327 327 327 325 324 323 326 326 326 326 326 326 324 322 321 320 321 321 323 323 323 324 324 324 326 326 326 326 326 325 324 323 322 321 318 312 305 305 308 310 314 317 317 316 311 309 306 307 312 316 316 312 311 313 314 313 312 313 316 320 321 322 322 322 320 319 319 319 321 321 322 321 321 321 321 322 nan nan nan nan nan nan nan
331 330 330 330 329 328 327 325 324 324 325 325 326 326 326 325 323 323 325 326 326 326 323 322 320 318 319 320 321 323 323 322 324 325 325 325 326 326 326 326 324 322 323 321 319 315 310 304 307 310 308 310 315 314 315 310 310 311 310 310 313 312 311 315 317 319 319 318 319 321 322 322 320 319 318 316 315 317 316 318 320 320 321 320 321 322 nan nan nan nan nan nan nan nan
331 329 328 328 326 325 326 325 324 323 324 325 325 325 325 324 322 323 325 325 326 325 322 320 320 320 320 320 321 323 322 322 324 325 326 325 326 326 325 325 323 323 320 318 314 312 309 308 310 310 306 307 311 313 312 311 315 314 314 311 313 313 315 317 319 321 321 321 320 321 320 319 320 317 316 318 318 320 318 318 319 319 321 321 321 nan nan nan nan nan nan nan nan nan
330 330 328 326 322 323 324 325 324 323 325 325 324 324 324 325 322 322 324 322 324 323 321 320 320 321 322 322 322 322 322 324 325 325 325 325 325 322 322 325 323 321 315 312 308 308 309 307 307 305 306 311 313 315 314 311 316 317 317 316 318 318 320 320 320 320 319 320 320 318 319 316 316 315 316 317 316 319 321 320 321 320 320 322 322 nan nan nan nan nan nan nan nan nan
330 330 330 329 327 326 326 325 325 325 325 324 325 324 323 323 323 323 323 322 322 321 322 320 321 322 322 322 321 323 324 324 323 322 323 324 322 319 319 324 324 318 313 313 309 308 310 310 309 310 310 313 315 317 318 317 318 318 319 319 320 319 318 318 318 318 318 315 316 315 314 313 312 314 318 317 315 317 321 321 322 322 321 322 nan nan nan nan nan nan nan nan nan nan
330 330 329 329 328 327 326 326 326 325 326 326 325 324 321 322 323 322 322 322 322 323 322 320 322 323 323 323 321 322 323 322 321 321 321 323 322 320 318 322 324 321 317 314 312 313 314 313 311 314 313 314 315 315 313 312 312 314 315 317 316 314 311 312 315 317 317 316 318 318 315 314 316 315 319 319 319 320 321 322 322 322 322 nan nan nan nan nan nan nan nan nan nan nan
330 329 329 328 327 326 324 326 326 325 327 326 324 323 322 322 322 323 322 322 322 323 322 321 322 321 322 324 322 322 323 323 323 322 321 321 322 318 317 321 324 323 321 319 317 316 316 315 315 314 313 313 312 309 309 307 305 308 312 313 314 313 314 314 312 315 317 317 318 320 317 316 318 320 321 321 321 321 321 322 322 322 322 nan nan nan nan nan nan nan nan nan nan nan
329 329 328 326 326 325 327 328 327 327 327 326 325 324 322 321 322 322 322 322 322 322 323 322 322 322 322 324 324 323 324 324 323 323 323 321 320 321 322 323 324 323 321 319 318 316 312 311 314 311 311 309 312 311 309 307 305 312 316 317 317 317 317 319 316 316 317 319 319 321 321 318 320 321 322 322 321 322 322 322 322 322 323 nan nan nan nan nan nan nan nan nan nan nan
330 329 327 327 325 326 327 327 328 328 326 325 325 324 324 322 322 322 323 322 322 322 320 320 322 323 323 323 322 323 324 323 323 323 321 321 322 322 323 323 323 323 322 321 319 315 312 313 313 314 314 313 311 309 306 304 308 314 313 314 317 320 320 320 320 320 320 321 321 322 322 322 322 322 322 322 322 323 323 323 323 323 nan nan nan nan nan nan nan nan nan nan nan nan
329 329 328 328 328 328 327 326 328 327 325 325 325 325 324 324 323 325 324 318 318 321 320 320 321 322 322 323 323 324 324 323 323 323 322 321 321 321 323 321 321 321 320 319 316 310 309 308 309 310 313 312 311 309 307 304 305 308 311 314 317 317 317 316 317 316 316 317 317 321 322 323 323 323 323 323 323 323 323 323 323 323 nan nan nan nan nan nan nan nan nan nan nan nan
330 330 330 330 330 329 328 328 328 328 326 326 326 326 325 325 325 325 323 321 320 321 322 321 322 322 323 324 324 324 324 323 322 322 321 320 320 322 323 323 322 322 319 317 315 310 308 308 311 313 310 311 312 312 308 303 298 302 306 309 313 312 311 313 316 319 318 320 322 323 323 323 323 323 323 323 323 323 323 323 323 323 nan nan nan nan nan nan nan nan nan nan nan nan
331 330 330 331 330 329 328 329 328 327 326 326 327 326 326 326 326 326 325 325 324 323 322 322 321 323 324 321 321 323 323 323 322 321 320 321 322 323 322 322 320 320 319 314 310 307 306 309 309 309 307 306 306 309 308 305 301 298 298 306 311 315 315 313 315 318 321 322 323 323 323 323 323 323 323 323 323 323 323 323 323 323 nan nan nan nan nan nan nan nan nan nan nan nan
331 331 331 330 329 327 328 329 327 327 325 327 327 327 326 327 326 326 325 325 323 323 322 322 322 323 322 322 323 323 323 323 322 322 322 322 322 322 322 319 315 314 318 314 312 307 304 306 307 306 302 302 304 307 308 306 300 293 292 300 309 316 318 318 320 321 322 323 323 323 323 323 323 323 323 324 323 323 323 323 323 323 nan nan nan nan nan nan nan nan nan nan nan nan
331 331 331 330 329 328 329 329 328 325 324 327 327 327 327 327 326 326 326 325 324 324 323 322 321 322 320 322 323 323 322 321 322 323 322 322 322 320 319 314 313 314 316 316 313 310 305 305 306 304 300 298 304 305 307 304 300 296 297 302 312 319 320 321 322 322 323 323 323 323 324 324 324 324 324 324 324 323 323 323 323 323 nan nan nan nan nan nan nan nan nan nan nan nan
331 331 331 330 329 329 330 329 327 325 327 327 327 327 327 327 326 327 326 325 325 324 323 321 322 321 321 322 322 322 322 322 322 321 321 322 321 319 316 314 313 313 313 315 311 308 304 302 305 304 302 304 306 305 305 304 298 291 297 305 314 319 321 321 322 322 323 323 323 323 324 324 324 324 324 324 324 323 323 323 323 323 nan nan nan nan nan nan nan nan nan nan nan nan
331 330 330 330 330 330 329 328 326 327 328 328 327 328 328 327 327 326 326 326 324 321 322 322 320 320 321 322 322 322 322 321 320 319 320 321 319 318 317 314 311 312 314 316 313 307 303 301 303 301 298 307 307 309 308 303 298 293 300 308 314 318 321 320 321 322 322 322 323 323 324 324 324 324 324 324 324 323 323 323 323 323 nan nan nan nan nan nan nan nan nan nan nan nan
330 330 329 329 330 329 328 328 327 327 328 328 327 328 328 327 327 327 325 325 324 323 322 320 319 321 321 321 322 322 321 320 320 319 319 320 318 316 316 312 309 309 312 313 308 301 298 298 299 298 298 309 310 310 307 301 301 303 307 312 317 320 319 317 317 317 320 321 322 323 323 324 324 324 324 324 324 323 323 323 323 323 nan nan nan nan nan nan nan nan nan nan nan nan
330 329 329 330 330 329 328 328 328 327 327 328 328 328 327 327 327 326 322 319 321 323 320 319 320 320 321 321 321 320 319 320 319 317 317 318 315 314 313 309 309 310 311 308 306 303 299 298 297 299 303 309 313 311 307 303 309 311 313 316 319 319 315 313 316 317 320 320 320 321 323 323 324 324 324 324 324 323 323 323 323 323 nan nan nan nan nan nan nan nan nan nan nan nan
331 330 330 330 329 327 328 328 328 327 326 327 328 328 327 327 325 324 319 318 318 318 318 320 319 318 320 320 319 319 318 319 319 317 315 313 312 310 310 309 311 311 308 306 302 301 301 300 302 303 308 312 317 316 313 311 316 319 318 319 320 317 317 317 317 320 320 319 321 318 322 323 323 323 324 324 324 323 323 323 323 323 nan nan nan nan nan nan nan nan nan nan nan nan
330 330 330 330 329 328 329 329 327 324 322 325 327 328 327 326 326 325 319 318 318 318 319 318 318 318 319 319 319 319 318 318 317 315 314 312 310 309 309 310 309 311 308 304 306 303 304 304 305 308 313 316 318 318 318 318 319 319 318 319 319 319 320 320 320 321 321 320 321 319 322 323 323 323 323 324 323 323 323 323 323 323 323 nan nan nan nan nan nan nan nan nan nan nan
330 330 330 330 329 327 328 328 326 323 324 326 327 328 327 326 325 324 323 321 321 322 322 320 317 316 319 320 320 319 320 319 316 313 312 310 308 308 307 308 310 308 307 307 306 307 306 305 310 314 317 318 319 319 319 320 320 319 318 318 317 317 320 321 321 321 321 321 321 321 323 323 323 323 323 323 323 323 323 323 323 323 323 nan nan nan nan nan nan nan nan nan nan nan
330 330 330 328 327 329 329 328 326 325 326 326 327 328 327 326 325 322 323 324 324 324 323 319 317 320 321 321 321 320 320 319 316 314 312 310 307 308 308 309 309 305 303 301 303 304 305 309 312 315 317 319 319 318 319 320 320 319 319 318 316 318 317 316 316 319 319 319 316 318 322 322 322 323 323 323 323 323 323 323 323 323 323 nan nan nan nan nan nan nan nan nan nan nan
329 329 329 328 328 328 328 328 327 326 327 327 327 327 327 327 325 325 325 326 325 324 323 322 321 322 322 322 322 321 320 318 316 314 310 308 307 307 308 308 308 307 305 304 303 305 308 313 316 318 318 319 318 317 319 319 319 319 317 316 315 316 317 318 317 317 317 317 316 318 321 321 322 323 323 323 324 323 323 323 323 323 323 nan nan nan nan nan nan nan nan nan nan nan
329 328 326 328 328 328 327 328 327 326 326 326 327 327 328 327 326 326 325 326 325 324 324 323 323 323 323 323 322 321 320 320 317 313 310 309 307 307 308 307 307 305 304 304 306 312 314 316 315 316 318 318 318 318 319 319 319 319 315 315 318 318 318 319 320 319 319 318 320 320 321 321 322 322 323 323 323 323 323 323 323 323 323 nan nan nan nan nan nan nan nan nan nan nan
329 329 328 328 328 327 328 327 326 326 326 326 327 326 327 327 326 326 325 325 325 324 324 323 323 323 323 322 321 321 321 319 314 311 310 309 308 308 308 308 305 302 305 309 312 315 316 315 317 317 315 315 317 318 318 318 316 316 314 315 318 317 315 317 319 319 319 319 321 321 321 321 321 322 323 323 323 323 323 323 323 323 323 nan nan nan nan nan nan nan nan nan nan nan
329 328 328 328 327 327 326 326 326 325 325 322 325 327 326 327 326 326 325 325 325 325 324 324 324 324 323 322 322 320 320 319 316 312 308 308 308 308 310 309 303 305 306 310 312 315 314 313 313 311 310 312 314 317 316 316 312 311 313 315 317 317 315 317 317 320 320 320 320 320 321 321 322 322 323 323 324 323 323 323 323 323 323 323 nan nan nan nan nan nan nan nan nan nan
328 327 328 328 327 326 324 325 325 323 321 320 324 326 326 326 326 325 324 326 325 324 324 323 323 323 323 322 321 319 318 316 312 308 308 308 309 309 310 311 307 309 310 312 313 313 313 310 308 304 311 315 316 316 314 313 311 307 311 314 315 313 314 316 316 318 319 318 320 320 321 321 322 322 322 323 323 323 323 323 323 323 323 323 nan nan nan nan nan nan nan nan nan nan
328 327 327 327 326 324 323 324 323 321 321 323 324 325 326 326 326 325 326 325 324 323 322 323 322 322 323 322 319 317 316 312 308 309 308 308 308 311 312 313 312 311 312 311 309 309 310 307 305 306 307 311 315 315 314 312 308 306 311 312 312 314 316 318 318 318 319 317 320 320 321 320 321 322 322 323 323 323 323 323 323 323 323 323 nan nan nan nan nan nan nan nan nan nan
327 328 326 327 326 325 325 323 320 321 324 324 325 326 327 326 325 326 325 323 324 322 321 322 320 321 322 322 321 318 313 310 308 309 313 313 315 316 315 315 313 310 308 308 308 309 309 309 309 308 306 306 310 312 312 310 307 303 303 306 311 314 316 317 316 318 319 319 319 321 321 321 322 322 322 323 323 323 323 323 323 323 323 323 nan nan nan nan nan nan nan nan nan nan
328 328 327 327 326 325 324 323 319 320 322 324 325 326 326 325 326 326 325 323 322 322 321 322 321 321 321 321 320 317 316 315 311 310 311 312 314 316 317 314 311 311 308 308 309 311 312 310 308 306 304 303 303 305 310 310 306 301 298 305 310 313 313 314 317 318 319 320 320 321 321 322 322 323 322 323 323 323 323 323 323 323 323 323 323 nan nan nan nan nan nan nan nan nan
329 328 326 327 327 326 325 321 320 320 323 323 325 326 327 326 326 325 324 323 321 321 320 321 320 320 321 322 320 320 318 315 316 314 314 315 317 317 317 314 313 312 309 308 310 312 312 312 310 305 303 303 303 299 302 308 304 300 301 305 308 311 311 313 317 319 320 320 321 321 321 321 321 322 323 323 323 323 323 323 323 323 323 323 323 nan nan nan nan nan nan nan nan nan
328 326 326 327 326 324 324 323 324 321 322 321 324 325 327 327 326 324 323 322 321 320 320 319 319 321 322 322 321 319 316 316 318 318 318 318 318 318 318 316 316 313 310 312 313 314 314 312 307 306 302 302 302 301 303 304 301 303 304 304 306 308 313 316 319 320 320 320 321 321 322 322 322 322 322 323 323 323 323 323 323 323 323 323 323 nan nan nan nan nan nan nan nan nan
