ecocropFuture/tif/c6/rcp585/ACCESS-CM2/tmax_11.asc
ncols        683
nrows        518
xllcorner    -87.691666666667
yllcorner    10.708333333333
cellsize     0.008333333333
NODATA_value  nan
[rows 252 to 293 of 518, columns 0 to 93 of 683]
329 327 327 327 327 326 324 323 322 321 321 320 320 321 323 325 327 330 332 335 337 338 338 338 337 336 335 335 335 335 335 nan nan nan nan nan nan nan nan 338 338 338 338 339 339 339 339 340 339 339 339 338 338 338 338 338 338 338 338 338 338 338 339 340 340 339 339 339 338 338 338 337 337 336 336 336 335 335 335 335 335 335 335 335 335 335 335 334 334 334 334 334 334 334
329 328 328 327 327 327 326 324 323 323 322 322 322 323 324 326 329 332 334 336 339 339 339 338 337 336 335 335 335 335 335 335 335 336 336 337 337 337 338 338 338 338 338 338 339 339 339 340 339 339 339 338 338 337 337 337 337 337 337 337 338 338 339 339 339 339 338 338 339 338 338 337 337 336 335 335 335 335 335 335 334 334 334 334 334 334 334 334 334 333 333 333 333 333
nan 329 328 328 328 327 326 325 324 322 322 323 323 324 326 327 330 332 334 336 338 338 338 337 336 335 334 334 334 334 334 334 334 335 335 335 336 336 336 336 337 337 337 337 337 338 338 338 338 338 337 337 337 337 337 337 337 337 337 337 337 337 338 339 338 338 338 337 338 338 337 337 336 336 335 335 335 334 334 334 334 334 334 334 334 334 334 334 334 334 333 333 333 333
nan nan 329 328 328 328 327 326 325 322 321 324 323 324 326 329 330 332 334 335 337 337 337 336 335 334 334 333 333 333 333 333 333 334 334 334 335 335 335 335 335 335 336 336 336 336 336 336 336 336 336 336 336 336 336 336 336 336 336 336 337 337 337 338 338 337 337 337 337 337 337 336 336 335 335 335 335 334 334 334 334 334 334 334 334 334 334 334 334 334 334 334 334 334
nan nan nan 329 328 328 328 328 328 323 321 325 324 322 325 329 331 332 333 335 336 336 335 335 334 333 333 332 333 333 332 332 333 333 333 333 334 334 334 334 334 334 334 334 334 334 334 335 335 334 334 335 335 335 335 335 336 336 336 336 336 336 337 337 337 337 336 336 337 337 336 336 336 335 335 334 334 334 334 333 333 333 334 334 334 334 334 334 334 334 334 334 334 334
nan nan nan nan nan 328 328 329 329 327 325 327 327 326 327 328 332 332 333 334 335 335 334 334 333 331 332 331 331 331 329 330 331 331 332 332 332 332 333 333 333 333 333 333 333 333 333 333 333 332 333 334 333 333 334 334 335 335 335 336 336 336 336 336 336 336 336 335 336 336 336 336 335 335 335 334 334 334 333 333 333 333 333 334 334 334 334 334 334 334 334 334 334 334
nan nan nan nan nan nan 330 329 330 331 330 330 329 329 330 330 331 332 332 333 333 333 333 332 331 327 328 330 326 325 327 326 329 327 326 328 330 331 331 331 331 330 329 328 331 331 331 331 331 331 332 332 332 331 331 332 333 334 335 335 335 335 335 335 335 335 335 334 335 335 334 334 334 335 335 334 334 333 333 333 333 333 333 333 334 334 334 334 334 334 334 334 334 334
nan nan nan nan nan nan nan nan 331 331 331 331 331 332 331 332 331 332 331 332 333 333 332 332 327 322 322 328 325 321 322 323 323 322 323 323 328 331 330 330 330 328 327 327 330 330 330 330 330 331 331 331 330 329 328 330 332 333 334 334 334 334 335 335 334 334 334 334 334 334 334 334 334 334 334 334 334 333 333 333 333 333 333 334 334 334 334 334 334 334 334 334 334 333
nan nan nan nan nan nan nan nan nan 332 332 332 330 331 332 332 330 331 332 332 332 332 331 331 328 326 322 326 325 325 322 322 324 323 325 328 331 331 328 324 328 326 327 329 328 325 326 329 329 329 330 331 329 329 329 330 331 332 333 334 334 334 334 334 334 334 334 334 334 334 333 332 333 333 334 334 334 334 334 334 334 334 334 334 334 335 334 334 334 334 334 334 334 334
nan nan nan nan nan nan nan nan nan nan nan 332 332 332 332 332 331 332 331 331 nan nan nan 331 329 325 325 325 326 325 325 325 326 326 328 330 331 331 325 324 323 319 325 327 325 318 319 325 323 320 323 328 330 330 329 330 331 331 332 333 333 333 333 334 333 333 333 333 333 333 333 326 325 328 332 334 334 334 334 334 334 334 335 335 335 335 335 335 334 334 334 334 334 334
nan nan nan nan nan nan nan nan nan nan nan nan nan 332 331 331 331 331 331 331 nan nan 331 330 330 328 327 329 327 327 327 326 328 328 330 331 330 328 327 326 322 313 318 316 317 314 308 317 320 319 324 326 328 329 328 328 329 329 331 331 332 333 333 333 333 333 333 333 333 333 333 330 327 327 326 332 334 334 335 335 335 335 335 335 335 335 335 335 334 334 334 334 334 334
nan nan nan nan nan nan nan nan nan nan nan nan nan nan 331 330 330 330 330 330 330 nan 329 330 330 329 328 329 328 329 329 329 331 330 331 331 331 329 327 326 324 318 316 312 311 312 309 306 314 313 321 322 324 325 325 323 325 327 328 330 330 332 332 332 333 333 332 332 332 332 332 333 332 330 328 332 333 334 335 335 336 336 336 336 336 336 335 335 335 334 334 334 334 334
nan nan nan nan nan nan nan nan nan nan nan nan nan nan nan nan 330 330 330 329 nan 329 329 330 328 327 329 330 330 330 330 330 331 332 331 331 331 330 328 326 325 324 319 317 310 314 311 308 309 308 314 315 318 318 320 320 319 323 324 327 329 330 331 332 332 332 332 332 332 332 332 332 333 332 332 333 334 334 335 336 336 336 336 336 336 336 336 335 335 334 334 334 334 334
nan nan nan nan nan nan nan nan nan nan nan nan nan nan nan nan nan nan 329 329 329 329 329 329 329 328 330 330 330 330 331 331 332 332 331 331 331 330 328 326 326 326 323 316 313 315 310 312 307 307 306 314 314 315 320 317 322 324 323 326 330 331 332 332 332 332 332 332 332 333 333 333 333 333 333 333 334 334 335 335 335 335 335 335 335 335 335 335 335 335 334 334 334 334
nan nan nan nan nan nan nan nan nan nan nan nan nan nan nan nan nan nan nan 329 329 nan nan 329 329 329 329 329 330 330 331 331 331 331 331 331 331 330 329 327 326 322 320 317 317 312 311 313 308 311 314 318 320 321 322 319 324 325 323 327 330 331 332 332 331 331 331 330 331 333 333 333 333 334 334 334 334 334 335 335 334 334 334 335 335 335 335 335 335 335 335 335 335 335
nan nan nan nan nan nan nan nan nan nan nan nan nan nan nan nan nan nan nan nan nan 329 329 nan 329 329 329 329 330 330 331 331 331 331 331 330 330 328 327 326 322 315 315 321 321 315 315 317 308 312 314 318 322 323 324 323 325 325 323 325 329 331 332 332 332 332 332 332 332 333 333 333 333 334 334 334 334 333 334 334 333 333 333 333 333 334 334 335 335 335 335 335 335 336
nan nan nan nan nan nan nan nan nan nan nan nan nan nan nan nan nan nan nan nan nan nan 329 329 nan 329 329 329 329 330 331 331 330 329 329 329 326 322 323 322 316 315 318 323 323 318 319 319 312 316 315 316 319 323 322 325 326 324 325 327 330 331 331 332 332 332 332 333 333 333 333 333 333 334 334 333 333 333 332 331 331 330 331 330 330 331 332 333 334 334 335 335 336 336
nan nan nan nan nan nan nan nan nan nan nan nan nan nan nan nan nan nan nan nan nan nan nan 328 328 nan 328 328 nan 330 330 331 330 327 327 328 327 321 315 316 316 320 321 323 323 322 322 322 320 319 313 320 318 319 322 325 326 323 324 328 330 331 331 332 332 332 332 332 333 333 332 332 333 333 333 333 332 331 330 330 329 328 329 329 329 330 331 331 333 334 334 335 335 336
nan nan nan nan nan nan nan nan nan nan nan nan nan nan nan nan nan nan nan nan nan nan nan nan 328 nan nan 329 329 330 330 330 330 330 329 328 323 323 318 314 319 321 323 324 324 322 323 323 323 320 316 322 320 319 324 326 327 325 326 328 330 330 331 331 332 332 332 332 332 332 332 332 332 332 331 331 330 329 327 326 325 325 326 325 324 325 327 328 330 331 331 332 333 334
nan nan nan nan nan nan nan nan nan nan nan nan nan nan nan nan nan nan nan nan nan nan nan nan nan nan 328 nan 329 329 329 330 330 330 330 329 324 325 319 322 325 323 324 326 326 325 322 325 323 323 318 323 324 322 322 324 327 328 328 328 329 329 331 331 331 331 331 331 331 331 331 331 331 330 329 328 327 326 324 323 321 320 320 319 318 317 322 324 326 327 328 330 331 332
nan nan nan nan nan nan nan nan nan nan nan nan nan nan nan nan nan nan nan nan nan nan nan nan nan nan nan 328 329 329 330 330 330 330 330 329 328 328 324 323 327 325 325 326 327 326 325 326 325 324 321 323 324 324 325 323 326 327 328 328 328 329 330 330 331 331 331 331 331 331 330 329 329 328 327 326 324 323 321 319 317 315 313 311 306 304 309 318 321 323 325 327 329 330
nan nan nan nan nan nan nan nan nan nan nan nan nan nan nan nan nan nan nan nan nan nan nan nan nan nan nan nan 328 329 329 330 330 330 330 330 328 328 325 326 326 327 327 328 328 328 327 327 327 323 323 322 325 327 328 326 328 329 328 327 326 328 329 330 330 330 330 330 330 330 329 328 327 326 325 323 321 319 317 314 312 309 305 299 289 287 292 310 316 318 321 324 325 328
nan nan nan nan nan nan nan nan nan nan nan nan nan nan nan nan nan nan nan nan nan nan nan nan nan nan nan nan nan 329 329 329 330 330 330 330 329 329 328 328 328 329 329 330 329 329 329 329 328 324 323 325 322 325 328 327 329 329 329 327 328 328 328 329 330 330 330 329 329 329 328 326 325 324 322 317 318 315 311 308 305 302 298 293 288 290 300 307 312 315 317 320 322 325
nan nan nan nan nan nan nan nan nan nan nan nan nan nan nan nan nan nan nan nan nan nan nan nan nan nan nan nan nan nan 329 329 329 329 329 329 329 329 328 329 330 330 330 330 330 330 330 330 329 327 324 328 327 328 329 329 329 329 329 329 329 329 329 329 329 329 329 329 328 328 327 325 323 321 319 315 314 311 307 302 299 295 291 290 291 294 299 304 308 310 312 314 317 321
nan nan nan nan nan nan nan nan nan nan nan nan nan nan nan nan nan nan nan nan nan nan nan nan nan nan nan nan nan nan nan 329 329 329 329 328 328 328 327 329 330 330 330 330 330 330 330 329 329 330 329 329 330 330 329 329 329 329 329 329 329 329 329 329 329 328 328 328 327 327 325 323 322 319 316 312 307 304 298 295 290 281 276 276 282 287 293 296 300 303 306 309 313 317
nan nan nan nan nan nan nan nan nan nan nan nan nan nan nan nan nan nan nan nan nan nan nan nan nan nan nan nan nan nan nan nan 329 329 329 328 328 328 328 328 330 330 330 330 330 330 329 329 329 330 330 330 330 330 330 329 329 329 329 329 329 329 329 329 329 328 327 327 326 325 324 322 320 317 314 309 301 293 291 288 279 262 251 257 270 280 283 286 291 294 298 304 309 315
nan nan nan nan nan nan nan nan nan nan nan nan nan nan nan nan nan nan nan nan nan nan nan nan nan nan nan nan nan nan nan nan nan 328 328 328 328 328 328 329 329 330 330 330 329 328 328 329 329 329 330 330 330 330 330 329 329 329 329 329 329 329 329 329 328 328 327 326 325 324 322 320 318 315 310 303 288 272 279 283 271 245 229 243 262 271 268 270 276 281 289 298 304 309
nan nan nan nan nan nan nan nan nan nan nan nan nan nan nan nan nan nan nan nan nan nan nan nan nan nan nan nan nan nan nan nan nan nan nan 328 328 328 328 329 329 329 330 330 328 328 328 329 329 329 329 330 330 330 330 328 329 330 329 329 329 329 329 328 328 327 327 326 325 323 321 319 317 313 309 303 292 279 285 283 273 256 246 253 261 253 249 254 258 270 279 290 295 301
nan nan nan nan nan nan nan nan nan nan nan nan nan nan nan nan nan nan nan nan nan nan nan nan nan nan nan nan nan nan nan nan nan nan nan nan 327 327 328 328 329 330 330 330 329 328 329 329 329 329 329 330 330 330 330 329 329 329 329 329 329 329 329 328 328 327 326 325 324 323 321 319 316 313 310 306 300 294 293 290 286 278 272 272 272 263 255 251 251 266 282 287 289 291
nan nan nan nan nan nan nan nan nan nan nan nan nan nan nan nan nan nan nan nan nan nan nan nan nan nan nan nan nan nan nan nan nan nan nan nan 327 327 327 327 329 329 330 330 328 329 329 329 329 329 329 329 330 330 330 330 329 329 329 329 329 329 328 328 327 327 326 325 324 323 321 319 317 315 312 309 306 303 299 298 295 291 288 285 283 278 275 267 265 277 286 288 290 288
nan nan nan nan nan nan nan nan nan nan nan nan nan nan nan nan nan nan nan nan nan nan nan nan nan nan nan nan nan nan nan nan nan nan nan nan nan 327 327 327 328 329 329 329 328 329 328 328 329 328 329 329 330 330 329 329 329 329 329 329 329 329 328 328 327 327 326 325 324 323 322 320 318 316 314 312 310 307 305 303 301 298 296 293 290 289 286 281 280 282 287 289 288 287
nan nan nan nan nan nan nan nan nan nan nan nan nan nan nan nan nan nan nan nan nan nan nan nan nan nan nan nan nan nan nan nan nan nan nan nan nan 327 327 326 328 328 329 329 329 329 328 328 328 328 329 329 329 329 329 329 329 329 329 329 329 328 328 328 328 327 326 325 325 324 322 321 319 318 316 314 312 311 308 307 306 303 301 298 296 295 293 291 291 287 286 284 284 292
nan nan nan nan nan nan nan nan nan nan nan nan nan nan nan nan nan nan nan nan nan nan nan nan nan nan nan nan nan nan nan nan nan nan nan nan nan nan 327 327 328 328 328 328 328 328 328 327 328 328 328 328 329 329 329 329 329 328 329 328 328 328 328 328 328 327 327 326 325 324 323 322 321 319 317 316 315 313 311 310 309 307 305 302 301 300 299 299 299 295 292 291 293 300
nan nan nan nan nan nan nan nan nan nan nan nan nan nan nan nan nan nan nan nan nan nan nan nan nan nan nan nan nan nan nan nan nan nan nan nan nan nan nan 327 327 327 328 328 327 328 327 327 327 327 328 328 329 329 329 329 328 328 328 328 328 328 328 328 328 327 327 326 326 325 324 323 322 320 319 318 317 315 314 313 311 310 308 306 305 304 303 304 304 304 301 300 302 305
nan nan nan nan nan nan nan nan nan nan nan nan nan nan nan nan nan nan nan nan nan nan nan nan nan nan nan nan nan nan nan nan nan nan nan nan nan nan nan 327 326 326 327 327 327 327 327 327 327 327 327 328 328 328 329 329 328 328 328 328 328 328 328 328 328 327 327 327 326 325 324 323 322 321 320 319 318 317 316 315 314 312 311 310 308 307 307 308 308 309 307 305 306 308
nan nan nan nan nan nan nan nan nan nan nan nan nan nan nan nan nan nan nan nan nan nan nan nan nan nan nan nan nan nan nan nan nan nan nan nan nan nan nan nan 327 327 nan 327 327 327 327 327 327 327 327 327 328 328 328 328 328 328 328 328 328 328 328 328 328 327 327 326 326 325 325 324 323 322 321 320 319 318 318 317 316 314 314 312 312 311 310 310 310 311 310 308 308 309
nan nan nan nan nan nan nan nan nan nan nan nan nan nan nan nan nan nan nan nan nan nan nan nan nan nan nan nan nan nan nan nan nan nan nan nan nan nan nan nan nan 327 nan nan 327 327 326 326 327 326 327 327 328 328 328 328 328 328 328 328 328 328 328 328 328 327 327 326 326 326 325 324 323 323 322 321 320 319 319 319 318 317 316 314 314 313 313 313 313 313 312 311 310 311
nan nan nan nan nan nan nan nan nan nan nan nan nan nan nan nan nan nan nan nan nan nan nan nan nan nan nan nan nan nan nan nan nan nan nan nan nan nan nan nan nan nan 326 326 326 326 326 326 326 326 327 327 328 328 328 328 328 328 327 327 328 328 328 328 328 327 327 327 326 326 325 325 324 323 323 322 321 321 321 320 320 318 317 316 316 315 315 315 315 315 314 313 313 313
nan nan nan nan nan nan nan nan nan nan nan nan nan nan nan nan nan nan nan nan nan nan nan nan nan nan nan nan nan nan nan nan nan nan nan nan nan nan nan nan nan 326 nan nan 326 326 326 326 326 326 327 327 328 328 328 328 328 327 327 327 327 328 328 328 328 327 327 327 326 326 326 325 325 324 324 323 323 322 322 322 321 320 319 318 318 317 317 317 317 316 316 316 314 313
nan nan nan nan nan nan nan nan nan nan nan nan nan nan nan nan nan nan nan nan nan nan nan nan nan nan nan nan nan nan nan nan nan nan nan nan nan nan nan nan nan nan nan nan nan nan 326 326 326 326 327 327 328 328 328 328 327 327 327 327 327 328 328 328 328 328 327 327 327 326 326 326 325 325 324 324 324 324 323 323 322 322 321 320 319 319 319 318 318 318 318 317 316 314
nan nan nan nan nan nan nan nan nan nan nan nan nan nan nan nan nan nan nan nan nan nan nan nan nan nan nan nan nan nan nan nan nan nan nan nan nan nan nan nan nan nan nan nan nan nan nan 326 326 326 327 327 327 327 328 327 327 327 327 327 327 328 328 328 328 327 327 327 327 326 326 326 326 325 325 325 325 324 324 324 323 323 322 321 321 320 320 320 319 319 319 318 316 316
nan nan nan nan nan nan nan nan nan nan nan nan nan nan nan nan nan nan nan nan nan nan nan nan nan nan nan nan nan nan nan nan nan nan nan nan nan nan nan nan nan nan nan nan nan nan nan nan nan 326 326 327 327 327 327 327 327 327 327 327 327 328 328 328 328 328 327 327 327 326 326 326 326 325 325 325 325 325 325 325 324 324 323 322 322 321 321 321 320 320 320 319 318 317
