ecocropFuture/tif/c6/rcp585/ACCESS-CM2/tmax_8.asc
ncols        683
nrows        518
xllcorner    -87.691666666667
yllcorner    10.708333333333
cellsize     0.008333333333
NODATA_value  nan
[rows 294 to 335 of 518, columns 282 to 375 of 683]
300 298 297 299 299 300 301 302 300 299 299 301 303 303 303 304 303 298 296 300 300 302 300 298 300 300 298 298 296 296 296 295 294 294 294 293 291 292 291 291 293 293 293 294 298 299 299 299 299 300 300 299 300 300 300 299 298 299 298 298 296 293 297 297 295 298 298 298 298 300 300 299 298 298 298 297 297 298 298 297 295 296 297 297 297 297 298 298 297 297 297 296 297 297
297 295 295 298 300 299 301 301 299 298 301 303 303 300 302 303 303 301 297 297 299 299 299 300 300 299 297 296 295 296 296 295 294 294 294 294 293 291 290 288 291 293 294 296 299 299 299 300 299 300 301 300 300 301 300 299 299 299 299 298 298 296 296 297 296 297 297 298 299 299 300 300 300 298 298 298 299 299 299 297 296 298 299 298 297 297 298 299 298 297 297 296 298 298
298 299 299 301 301 301 302 301 301 302 302 302 303 299 299 300 303 303 301 299 299 297 299 299 299 299 295 293 295 295 295 295 295 294 294 293 291 289 290 291 294 295 297 298 298 296 298 300 299 300 300 300 301 301 300 299 299 298 298 298 298 296 296 297 297 297 298 298 299 300 300 300 300 300 299 300 300 299 299 298 297 297 298 299 299 298 299 300 300 299 298 298 298 299
297 298 301 302 302 303 302 302 303 303 300 300 302 300 298 297 301 302 302 300 300 297 298 299 299 299 296 294 295 295 293 294 293 293 293 291 291 291 288 291 296 296 298 297 293 292 299 299 300 300 300 300 301 301 300 299 299 298 298 298 298 297 296 297 298 298 299 300 299 300 300 298 300 300 300 300 300 299 299 299 297 298 299 299 300 300 300 300 300 299 298 298 298 299
298 300 301 301 302 303 303 303 303 302 299 299 300 298 300 296 299 301 302 301 297 293 295 297 299 297 295 294 295 294 293 292 292 291 291 290 291 288 287 288 290 294 296 291 290 295 293 299 299 300 300 300 300 301 301 299 298 298 298 298 299 297 297 297 297 298 299 299 299 300 299 298 297 299 300 300 300 300 300 300 299 298 298 298 298 300 301 301 301 300 300 299 299 299
299 299 300 301 302 303 303 303 303 301 299 297 296 291 295 297 298 298 300 302 296 294 297 298 298 295 294 294 293 293 291 290 290 290 292 292 289 283 285 287 293 296 290 288 292 291 292 297 299 300 300 300 300 301 301 300 299 298 297 299 299 298 297 297 297 298 298 299 299 299 297 295 294 298 298 298 298 300 300 301 300 298 299 298 298 298 296 298 299 300 299 301 300 300
298 300 302 303 303 303 302 303 303 302 301 298 298 296 295 295 293 296 300 300 299 297 298 298 295 296 295 293 291 290 290 291 291 292 291 290 290 288 288 287 289 293 288 288 288 287 294 299 297 299 300 300 301 301 301 300 299 300 298 297 299 298 298 298 297 298 298 297 297 297 295 295 296 297 298 299 299 300 300 299 299 299 297 297 297 297 296 296 298 299 300 300 301 300
300 301 302 303 303 303 302 302 303 302 301 299 298 296 296 296 295 298 297 298 300 300 300 298 295 297 293 292 291 290 292 293 294 292 289 290 289 287 287 287 288 287 286 290 291 294 297 293 294 299 300 300 301 301 301 301 300 301 299 298 299 299 299 299 298 299 299 298 298 297 297 297 297 298 298 299 299 300 300 300 298 298 298 298 297 296 296 298 298 298 300 300 301 301
300 300 302 304 304 303 303 303 303 301 300 298 297 298 297 295 297 297 294 296 299 300 301 300 299 296 290 293 292 292 293 295 294 291 286 288 287 284 286 287 286 286 288 292 294 297 293 294 298 299 300 300 300 301 301 301 301 300 299 298 299 299 300 299 299 299 300 300 299 298 298 299 298 299 299 299 300 300 300 299 298 298 299 299 298 298 299 300 300 299 300 300 300 300
298 299 300 302 303 303 301 302 303 302 301 300 299 299 297 293 295 296 296 298 298 298 300 300 299 296 293 294 293 294 294 296 296 292 291 289 287 288 288 288 286 287 289 293 296 295 293 297 299 298 299 300 301 300 300 301 301 301 300 299 299 299 300 300 299 299 300 300 299 300 300 300 300 300 300 300 300 300 299 299 299 299 299 299 300 300 300 300 300 300 300 300 299 299
301 302 303 303 303 299 297 300 302 302 302 301 300 299 297 296 294 295 296 297 296 296 298 300 298 296 292 295 295 296 295 295 293 293 293 290 289 288 288 286 284 289 289 293 294 288 286 293 298 299 300 299 299 299 300 301 301 300 301 301 300 299 301 301 301 300 301 300 300 300 300 300 300 300 299 297 298 299 299 299 299 299 298 300 300 300 300 300 300 300 301 300 300 300
299 300 301 302 301 296 297 299 302 301 301 302 301 301 299 297 294 293 294 295 296 298 299 299 299 297 292 295 296 297 296 293 287 289 293 290 292 289 287 286 287 290 292 294 288 284 289 295 299 300 298 298 297 300 300 299 300 299 300 300 301 298 298 299 300 300 299 299 300 299 300 299 299 299 299 297 297 299 299 299 298 299 300 300 300 300 301 301 301 301 300 300 299 300
299 297 301 303 302 301 300 300 301 302 302 302 301 301 300 299 296 296 294 295 296 298 298 298 298 298 295 296 297 298 296 292 285 290 294 294 292 288 286 288 290 290 292 292 288 289 291 297 299 298 298 298 299 299 298 299 300 300 301 300 299 297 296 298 299 299 299 300 299 298 300 299 299 299 299 298 298 299 298 298 299 300 300 301 301 301 301 301 301 300 300 299 297 297
301 300 300 302 300 300 301 301 301 301 301 301 300 301 297 299 298 295 297 295 296 296 295 296 298 299 298 297 298 298 297 295 289 291 295 294 291 289 289 290 289 293 294 293 294 294 297 298 299 299 299 298 298 298 298 298 298 299 300 301 299 298 298 297 298 299 299 298 298 296 299 298 299 299 298 298 298 297 299 299 299 298 297 299 300 300 300 301 301 301 301 300 300 299
301 301 302 302 301 302 301 301 300 300 301 301 300 300 299 297 290 289 294 296 296 297 296 296 297 299 298 298 298 298 298 296 294 294 296 294 287 286 291 292 291 294 295 294 297 297 299 299 299 299 299 298 298 297 296 296 298 299 301 300 299 298 296 296 297 298 298 296 298 298 298 298 298 298 298 298 298 297 296 296 296 297 296 297 300 298 298 301 301 302 302 301 301 301
302 298 298 300 302 302 301 300 300 300 300 300 299 298 297 296 289 287 288 292 297 298 298 298 297 298 298 298 299 299 298 297 296 297 295 288 279 280 290 294 294 293 297 297 299 299 299 299 299 300 299 298 297 298 295 296 298 300 301 300 300 297 297 297 296 297 295 295 298 298 299 298 300 299 299 299 296 295 297 298 297 297 298 297 299 300 300 301 300 302 302 301 301 301
299 297 298 301 301 302 301 301 301 300 298 296 297 297 296 296 295 290 285 289 292 293 295 298 299 299 297 297 299 299 299 298 297 297 293 280 278 283 291 296 297 296 298 298 298 299 299 299 299 300 299 298 298 299 297 297 297 299 301 299 299 297 294 296 295 294 294 296 297 299 300 300 300 300 300 298 298 297 299 300 298 299 300 300 300 301 302 302 302 302 302 302 302 302
299 301 301 300 300 301 301 301 302 300 300 298 298 298 297 296 294 293 291 286 281 280 286 295 299 299 298 298 299 298 299 298 298 298 294 287 285 286 295 297 298 298 298 299 299 299 299 300 300 300 300 300 299 300 298 298 297 300 300 298 298 296 294 294 295 293 294 296 298 298 298 299 301 301 299 300 300 301 301 301 301 300 300 301 301 302 302 302 302 302 303 302 301 302
302 302 301 298 295 295 294 297 299 301 300 299 298 296 296 297 294 293 291 289 284 282 282 294 298 299 299 299 297 298 298 298 298 298 296 294 291 294 298 297 297 299 299 297 299 300 300 300 301 300 299 296 299 300 300 299 299 301 300 298 297 295 296 295 293 293 293 296 296 298 299 301 301 301 301 301 301 302 302 302 302 301 301 301 302 302 302 302 302 302 303 301 302 302
302 302 301 298 297 296 295 295 294 298 299 299 298 297 292 295 296 293 290 290 289 284 288 293 298 299 299 299 298 298 298 299 299 298 298 297 297 297 296 292 296 299 299 298 300 301 300 301 300 299 297 297 297 298 299 300 298 297 299 297 297 296 296 296 295 295 294 296 297 298 300 301 301 301 301 301 302 302 302 302 302 302 302 302 302 302 302 302 302 303 302 301 301 301
302 302 302 300 299 297 296 296 294 294 298 299 298 296 294 293 294 293 290 292 294 288 290 292 296 299 299 298 297 297 299 299 299 298 299 298 298 298 295 292 298 298 299 300 300 300 300 300 299 298 296 296 296 295 298 299 298 295 298 297 298 297 296 295 295 294 295 296 298 298 300 301 301 301 301 301 301 301 301 300 300 301 302 301 302 302 302 302 302 302 302 301 300 301
300 298 298 301 298 297 297 297 296 294 296 299 298 296 297 296 294 293 294 294 296 292 292 294 298 300 298 299 299 299 300 300 299 298 299 299 298 299 296 296 297 299 300 300 300 299 298 298 298 297 296 295 295 297 299 299 297 297 298 297 298 297 297 296 295 294 296 297 297 298 300 300 300 299 300 301 301 299 300 299 299 301 301 301 300 301 301 300 301 302 302 300 300 301
301 302 302 302 299 299 299 298 297 295 294 296 299 298 297 295 294 293 296 295 297 295 293 293 298 300 298 298 298 299 299 300 300 299 299 300 300 300 298 298 297 299 300 299 299 298 299 296 296 296 297 296 296 298 299 298 296 296 296 294 296 297 297 297 295 295 297 298 298 299 300 300 300 301 299 300 301 301 300 300 300 301 301 300 299 300 301 299 300 302 302 300 300 300
301 302 301 302 301 301 300 299 298 297 296 295 298 298 298 296 293 293 296 298 297 297 295 294 297 300 299 298 299 300 300 300 300 300 300 301 301 300 299 300 300 300 299 299 298 298 298 296 296 297 296 297 296 297 299 298 296 296 294 291 296 297 296 296 296 295 296 298 299 299 299 300 300 297 294 297 300 300 298 297 297 297 299 298 299 299 301 300 300 301 302 300 300 300
301 301 301 301 302 302 301 300 299 298 296 293 296 298 297 296 294 294 297 298 296 298 298 296 296 300 300 300 299 299 301 299 300 300 301 300 301 301 301 300 300 301 300 299 298 297 296 295 297 297 298 298 298 299 297 298 297 295 294 290 293 296 296 296 296 296 297 298 299 299 300 300 297 293 295 298 298 299 297 296 296 296 298 299 298 298 299 299 301 301 301 300 300 300
299 298 301 301 301 301 301 300 298 298 295 293 295 297 297 295 294 294 298 299 297 296 298 297 297 301 300 300 299 300 301 300 301 301 301 301 301 300 299 297 300 300 300 299 298 296 294 293 296 297 298 298 299 299 298 298 297 295 294 290 293 296 296 296 295 294 297 298 299 300 300 297 294 294 297 296 295 297 297 296 296 297 298 299 299 298 298 299 301 301 301 300 300 299
295 295 299 301 301 301 301 300 299 298 297 294 295 297 296 293 290 293 297 299 299 297 299 299 299 301 300 300 300 301 301 301 300 300 300 300 300 300 299 299 300 300 299 297 297 295 295 292 294 296 298 298 298 298 296 297 297 296 294 289 292 293 294 294 291 290 293 296 299 300 298 295 295 297 297 296 296 297 297 295 296 297 297 299 299 299 299 298 299 300 300 300 300 298
296 299 300 301 300 301 301 300 300 298 296 295 295 296 295 293 290 290 295 298 298 298 296 299 297 300 300 301 301 301 301 301 300 299 299 300 299 299 299 299 298 299 299 297 297 295 292 288 288 294 296 296 296 295 297 298 297 296 293 289 290 290 288 287 285 287 292 297 298 300 297 295 296 296 297 297 297 297 297 297 297 298 298 297 298 298 298 297 297 296 298 298 300 299
298 298 294 298 298 298 300 300 299 296 296 294 292 292 295 296 292 294 293 292 295 299 299 299 295 300 300 300 301 301 301 301 300 297 299 299 300 299 298 298 298 299 299 298 297 296 293 287 288 292 291 294 295 294 297 298 297 297 295 292 291 291 289 286 282 285 290 294 297 298 297 297 296 296 297 297 298 297 297 297 297 296 296 294 296 296 295 295 295 296 298 297 299 299
291 291 294 298 298 298 299 298 297 294 295 295 294 295 295 297 297 298 297 296 297 297 296 299 298 299 300 300 301 301 301 300 298 295 298 299 299 299 298 298 299 297 299 298 297 294 287 286 291 290 287 290 294 297 294 294 296 294 294 292 291 291 290 286 289 291 292 289 292 297 297 297 298 297 297 297 297 297 297 297 297 297 295 295 295 294 294 295 297 298 298 299 299 298
288 290 295 297 297 298 297 297 297 294 293 295 294 294 295 295 297 298 299 299 298 295 297 298 298 299 300 300 300 300 300 300 299 299 298 298 299 297 297 298 298 298 299 298 297 294 288 289 290 286 284 291 295 297 295 292 295 291 290 292 292 292 290 288 291 290 291 294 296 297 297 298 298 296 296 295 296 297 296 296 297 297 296 295 295 296 296 298 298 299 298 298 299 297
289 291 293 296 296 295 296 296 296 295 292 294 294 295 295 295 292 296 298 300 300 298 299 299 299 299 300 300 300 299 299 299 297 296 296 297 298 296 296 297 297 296 299 297 294 292 289 290 288 282 283 286 293 295 296 296 294 293 292 293 292 292 292 292 292 289 292 296 297 297 297 298 298 297 294 294 296 295 294 295 297 297 295 293 294 295 295 298 298 297 297 297 298 295
289 290 292 293 290 289 295 296 295 295 292 294 295 294 293 293 289 292 298 299 299 299 298 298 299 298 299 299 299 298 298 297 294 289 288 296 296 294 294 295 295 296 299 295 293 292 290 292 289 283 285 283 287 293 294 295 293 292 292 293 293 293 293 292 291 289 292 294 296 297 298 298 297 295 293 295 296 293 294 294 295 296 296 295 295 296 296 295 295 296 295 298 296 296
288 291 291 290 289 288 290 294 294 294 293 292 294 294 293 291 288 291 297 299 299 298 298 298 299 298 298 297 297 297 295 293 292 289 287 291 295 294 294 297 297 297 298 296 293 293 292 293 291 288 289 286 283 287 289 294 293 292 292 292 292 293 293 293 293 292 290 290 292 295 297 298 297 295 293 294 295 296 296 296 296 296 295 295 296 295 294 292 293 294 294 297 297 296
286 291 290 288 287 287 286 287 291 292 294 291 289 291 292 289 282 289 296 297 297 297 296 298 297 297 292 292 295 293 288 285 284 287 286 287 293 296 297 298 298 299 298 293 293 293 293 295 293 292 292 286 287 289 289 294 293 293 293 293 293 293 293 294 294 294 294 295 294 296 297 297 297 296 295 295 295 294 296 296 293 296 296 295 295 295 294 293 295 294 296 298 298 297
287 289 284 284 283 283 287 288 290 292 293 290 289 287 285 282 279 285 294 292 294 296 291 294 294 291 288 287 289 283 281 279 280 278 281 285 294 297 297 297 297 299 298 295 294 294 294 296 295 294 294 292 294 293 291 295 294 293 293 295 293 294 293 294 295 296 295 296 297 297 297 297 297 296 295 295 294 294 296 296 294 295 296 295 295 295 294 295 296 297 297 297 298 297
284 286 281 279 284 286 286 290 293 293 293 291 290 288 285 284 282 283 288 290 294 294 287 288 288 283 281 281 281 280 281 283 282 279 284 286 292 293 292 296 297 298 296 294 293 294 294 296 296 296 295 296 295 295 295 296 295 295 295 295 294 294 294 294 295 295 295 296 296 297 297 297 297 296 295 296 294 295 295 295 294 294 296 295 294 296 296 297 297 296 296 297 296 297
286 282 277 273 280 283 284 288 292 293 292 291 291 290 288 287 284 281 282 286 290 292 286 284 283 280 282 281 280 283 285 286 283 280 288 290 290 290 292 296 296 299 294 293 292 293 294 295 297 296 296 296 296 296 296 296 295 295 296 295 295 295 295 294 295 295 296 295 295 296 295 296 294 290 294 294 293 293 295 295 293 294 296 295 296 297 296 297 295 293 295 297 295 295
293 289 279 273 271 276 284 289 291 292 292 289 290 289 288 288 288 285 282 282 287 287 286 284 278 281 283 281 280 284 286 289 286 284 289 290 292 294 296 295 295 298 295 294 293 293 294 296 297 296 296 296 296 296 296 297 295 296 296 296 295 294 294 294 294 294 295 295 293 292 294 293 293 289 291 292 293 294 294 292 292 295 295 296 296 296 296 296 295 292 293 296 294 294
298 297 290 282 281 282 285 289 291 291 291 291 290 289 289 289 288 285 286 283 282 282 287 285 285 283 284 281 281 283 286 290 291 289 290 291 291 292 297 297 297 298 295 296 296 295 294 295 297 296 296 296 295 295 295 295 296 296 297 295 293 294 294 293 293 293 293 293 291 290 292 291 293 293 291 290 293 294 294 292 294 294 293 293 295 297 295 294 295 295 296 294 293 292
301 289 282 284 290 289 288 289 290 289 290 291 289 289 290 289 287 286 289 288 286 287 289 288 288 285 283 282 285 285 286 289 292 293 292 292 291 290 297 298 299 298 297 298 297 296 294 296 297 297 297 296 295 295 295 295 296 296 297 294 293 294 294 293 293 292 292 292 291 292 293 294 294 294 293 294 294 294 295 295 295 294 294 292 294 295 292 293 296 296 295 295 293 293
294 288 290 294 295 293 290 290 291 290 291 291 289 289 289 290 288 289 290 291 290 289 290 289 287 285 283 286 288 288 288 289 293 293 292 292 292 292 296 298 298 299 299 298 296 295 295 295 296 297 297 297 296 295 296 297 296 297 295 294 294 295 294 294 293 292 292 292 291 289 291 293 294 294 294 293 294 294 294 294 294 294 294 293 293 294 294 294 295 295 295 294 295 294
