ecocropFuture/tif/c6/rcp585/ACCESS-CM2/tmax_7.asc
ncols        683
nrows        518
xllcorner    -87.691666666667
yllcorner    10.708333333333
cellsize     0.008333333333
NODATA_value  nan
[rows 210 to 251 of 518, columns 282 to 375 of 683]
289 284 283 274 275 276 278 282 294 298 299 297 290 285 287 282 282 292 299 298 295 296 301 300 301 301 300 296 300 304 305 305 304 302 301 303 302 303 305 305 305 304 304 304 304 304 304 304 304 304 304 304 304 304 304 304 304 303 304 304 304 304 304 304 304 303 303 302 302 303 302 303 304 304 304 305 304 303 304 304 303 303 304 304 304 304 303 303 304 303 303 303 303 303
290 283 276 274 277 277 283 290 297 299 299 298 292 287 284 290 290 294 299 300 295 291 299 298 300 298 295 294 298 304 304 305 304 303 300 303 304 304 305 305 305 304 304 304 304 304 303 303 304 304 304 304 304 304 304 304 304 304 304 304 304 304 304 304 304 303 303 302 303 303 303 303 304 304 304 304 304 302 303 304 304 303 303 304 304 304 303 303 303 303 303 303 303 303
288 285 286 280 280 285 292 284 295 299 300 299 297 293 287 287 295 297 300 300 293 288 297 292 296 293 295 298 300 304 303 304 305 304 300 302 304 304 304 305 305 304 303 303 303 302 303 303 303 303 303 303 304 303 304 304 304 304 304 304 304 304 304 304 303 303 303 303 302 301 300 302 304 304 304 304 304 303 304 303 303 303 303 303 304 304 304 304 303 303 303 303 303 302
288 292 295 289 290 295 292 284 296 299 300 300 299 295 291 293 295 299 300 300 295 288 298 292 294 291 294 296 301 303 303 304 302 304 304 303 305 304 304 305 305 303 303 303 303 302 303 303 303 303 303 303 303 303 304 304 304 304 304 304 304 304 304 304 303 303 302 302 302 302 302 303 304 304 304 304 304 302 303 303 303 302 302 302 303 303 303 303 303 303 303 303 303 302
289 295 298 297 295 296 289 292 299 300 297 300 299 295 297 297 297 296 299 299 300 295 300 298 298 296 296 296 299 303 302 302 299 302 304 304 305 304 305 305 305 303 303 302 302 303 303 303 303 303 303 303 302 302 303 304 304 304 304 304 304 303 304 304 303 303 302 301 300 300 301 303 304 303 304 304 304 303 302 303 302 300 301 302 302 302 303 303 303 303 303 303 302 302
293 295 297 299 296 292 294 298 299 300 297 301 300 299 298 293 290 295 300 301 301 294 297 301 301 300 297 298 299 303 303 302 299 300 304 304 305 304 305 305 305 303 303 302 302 302 303 303 303 303 302 303 302 303 303 303 303 303 304 303 304 303 304 304 303 302 302 300 297 297 301 302 303 303 303 303 303 303 302 302 302 302 301 301 302 302 303 302 303 303 302 302 302 301
298 297 296 298 298 291 294 293 300 300 299 300 295 299 298 292 285 292 301 302 302 298 295 300 302 301 300 301 301 303 303 302 301 301 303 304 304 305 304 305 304 302 302 302 303 303 303 303 303 303 302 302 302 303 303 303 303 303 303 304 304 304 304 303 302 302 301 301 298 299 300 302 303 302 302 303 303 302 301 301 300 300 301 301 301 302 302 301 301 301 300 300 301 301
301 301 299 300 297 288 288 292 300 301 301 298 291 296 295 293 288 294 299 301 302 298 299 300 303 302 302 301 302 303 304 302 302 301 302 303 303 304 305 304 304 304 303 301 302 302 303 303 303 303 302 302 302 303 303 303 303 303 303 303 302 303 303 303 302 302 301 301 301 301 301 302 302 301 302 302 302 302 301 301 300 300 300 300 301 301 301 300 300 299 300 301 301 300
303 303 300 301 292 285 286 292 300 302 301 297 293 291 295 294 296 298 300 298 302 301 297 301 302 301 297 300 302 303 304 303 303 301 302 303 304 304 305 304 304 305 304 303 303 303 303 304 303 303 303 303 303 303 303 303 303 303 303 302 302 302 302 301 301 302 301 301 301 301 301 301 302 301 301 302 302 302 301 300 300 299 300 298 298 299 299 299 299 298 298 299 299 298
298 303 303 299 293 291 297 292 300 302 301 299 294 291 294 295 297 300 300 297 302 304 299 302 302 301 297 300 298 302 304 303 302 301 301 302 303 303 304 303 304 305 305 304 303 304 303 304 304 303 304 303 303 303 303 303 303 303 302 302 302 302 302 302 302 302 301 301 301 301 301 300 301 301 300 301 302 301 300 300 299 299 299 298 296 296 298 298 298 298 298 299 299 299
300 302 302 301 296 299 292 295 302 300 294 292 293 291 292 299 297 300 301 298 300 303 303 304 304 303 300 302 301 303 303 303 303 302 302 301 303 304 304 304 304 304 305 304 305 304 303 304 304 303 303 303 303 303 303 303 303 303 302 302 302 302 302 301 302 301 301 301 301 301 301 300 300 301 301 301 301 301 300 299 300 299 299 298 298 298 298 298 298 298 298 298 298 299
303 303 301 302 301 301 300 301 302 297 290 291 293 284 290 299 301 300 301 300 302 304 303 303 304 304 303 302 298 303 304 304 303 303 302 302 303 305 305 304 304 304 304 304 304 305 303 304 304 303 303 303 303 303 303 303 303 303 302 302 302 302 302 302 301 300 301 301 300 300 300 301 300 301 301 300 300 300 300 299 299 299 298 297 297 297 297 297 297 297 297 298 298 299
303 303 303 303 299 302 302 301 302 298 295 297 294 285 290 298 303 302 302 302 304 304 304 304 304 304 303 299 293 297 303 304 304 303 303 302 303 305 304 305 304 304 303 304 304 304 303 303 302 303 303 303 303 303 303 303 303 303 302 302 302 302 302 302 301 299 301 301 301 300 300 301 301 301 301 299 300 300 300 298 299 297 298 298 297 297 297 298 298 298 298 298 299 299
302 304 303 302 300 303 303 303 303 300 291 297 299 294 297 302 303 303 302 300 302 302 303 304 304 302 300 299 295 299 303 304 304 304 303 302 303 304 304 305 304 304 304 303 304 304 303 302 303 303 303 303 303 303 303 303 303 303 302 302 301 301 301 302 301 301 301 301 300 300 299 300 301 301 301 301 301 300 300 297 297 297 298 298 297 298 298 298 298 298 298 298 298 298
303 302 301 302 303 303 303 304 304 303 298 298 303 302 303 299 298 301 302 301 302 302 303 304 303 299 295 296 299 301 302 303 304 303 304 303 303 304 304 304 304 304 303 302 303 303 302 302 302 303 303 301 301 301 300 301 301 303 302 302 302 302 302 302 302 301 301 302 301 299 298 298 300 301 301 301 300 300 300 297 297 298 298 298 298 298 298 298 298 298 299 299 299 299
300 297 296 296 300 302 302 301 302 304 303 303 301 300 299 295 292 298 303 303 299 301 303 304 303 297 297 296 299 301 302 303 303 302 303 304 303 304 304 304 304 304 303 302 303 302 302 302 302 302 300 301 300 300 299 300 301 302 302 302 302 301 301 302 302 302 301 302 301 301 300 299 298 301 301 301 300 300 300 299 298 298 298 297 297 298 298 298 297 297 298 299 299 299
298 295 294 298 301 302 301 297 296 299 302 303 301 298 296 294 291 300 303 303 300 300 303 303 302 298 300 300 298 301 302 303 303 303 303 303 302 303 303 303 303 303 302 302 302 301 301 302 302 301 300 301 301 300 300 301 301 301 301 301 300 300 300 301 302 302 302 302 302 301 300 299 299 301 301 301 300 300 300 299 298 298 298 297 297 296 297 297 297 296 296 298 299 299
292 292 298 299 301 298 292 291 290 294 298 302 303 300 296 291 284 295 302 301 301 301 303 303 302 299 299 301 301 302 303 303 303 303 303 303 303 302 303 303 303 303 302 301 302 302 300 301 301 301 301 301 301 301 301 301 301 301 301 301 300 300 300 301 301 301 301 302 302 301 301 300 300 300 301 300 299 300 300 300 299 298 298 298 297 297 297 297 298 297 296 296 297 298
290 293 293 297 299 294 287 282 284 290 296 301 302 298 293 291 285 294 301 300 299 301 302 302 302 299 297 297 300 302 302 302 302 303 303 303 303 303 303 303 303 303 302 301 301 301 300 300 300 301 301 301 300 301 301 301 301 301 301 300 300 300 298 295 298 300 299 300 301 300 299 300 300 300 301 301 300 300 300 300 300 299 299 298 297 297 297 297 298 297 296 297 297 298
285 291 293 295 292 293 290 287 287 289 291 300 301 299 293 289 287 294 300 300 301 302 301 300 302 300 299 297 299 302 302 301 301 303 303 303 303 303 303 303 303 303 302 302 301 301 300 301 299 301 300 301 300 301 301 301 301 301 301 300 299 299 299 297 297 299 300 300 302 299 297 299 300 300 300 301 301 301 300 300 299 298 298 298 297 297 296 297 297 298 297 298 297 298
283 287 285 291 287 287 289 290 287 286 293 299 301 300 297 291 289 293 297 299 301 301 300 301 302 301 300 301 298 300 302 301 302 303 303 303 303 303 303 303 303 303 302 301 301 302 301 301 300 301 299 301 300 300 301 301 301 300 300 300 299 298 298 295 298 299 300 301 302 300 298 298 299 299 300 300 300 300 300 301 300 299 299 299 298 296 295 296 298 298 296 296 297 298
279 278 281 283 282 284 287 290 289 288 293 299 298 300 297 294 290 290 292 292 299 301 299 301 301 301 301 302 300 300 301 301 302 303 303 302 302 301 302 303 302 302 303 303 302 302 301 301 301 299 299 300 301 300 300 300 299 300 300 299 299 298 298 297 297 299 300 300 301 301 299 298 297 299 299 300 299 298 297 301 300 299 299 299 298 297 296 296 297 298 297 295 296 298
274 276 278 282 280 281 289 290 290 291 294 296 297 300 296 292 289 288 294 293 298 300 298 299 299 301 302 301 302 302 300 302 302 302 302 302 301 301 302 302 302 301 302 302 302 302 300 300 299 299 300 300 301 301 300 297 299 299 299 298 298 297 295 297 295 298 299 300 301 301 298 299 296 297 300 300 300 297 298 301 300 299 299 299 297 296 297 297 296 298 298 297 296 297
276 277 279 280 280 279 284 287 289 292 294 293 297 299 296 290 289 292 296 295 299 299 298 299 299 301 301 301 301 302 301 303 303 303 302 302 301 300 302 302 302 300 300 302 302 301 301 301 301 300 301 301 300 300 300 300 298 299 298 295 294 294 290 287 295 298 299 300 301 299 301 300 298 298 298 300 301 300 299 300 300 299 299 298 298 297 297 298 297 298 298 296 296 296
278 280 280 281 281 279 278 284 287 294 295 291 297 298 297 293 292 291 296 294 299 297 296 299 300 300 301 301 302 302 302 302 303 303 302 301 300 301 301 302 302 301 300 301 302 302 301 302 302 301 301 300 300 300 300 300 299 299 298 295 294 293 290 282 285 297 299 299 300 299 300 300 299 299 300 301 301 301 301 301 301 301 300 299 299 298 296 297 298 299 298 296 297 297
284 283 283 283 278 277 280 281 283 288 294 290 295 297 297 295 294 290 296 298 299 297 298 299 299 301 302 302 303 303 302 302 302 302 302 301 301 301 301 301 301 301 300 301 302 302 302 301 301 301 301 300 300 300 299 298 299 298 298 295 295 294 289 283 281 292 299 299 300 299 299 300 300 300 301 301 301 300 300 301 300 301 300 300 299 298 296 297 299 299 299 297 297 297
287 285 287 284 282 279 281 279 286 291 294 291 292 298 297 294 291 288 296 297 299 298 300 300 301 302 302 302 303 302 301 302 302 302 302 301 299 301 301 301 301 301 301 301 301 301 301 301 301 301 300 298 299 299 298 298 297 296 296 296 296 289 286 287 288 292 298 299 299 298 298 300 301 301 300 300 300 299 299 297 297 299 300 300 300 299 296 294 298 299 300 299 298 297
291 288 288 288 290 286 280 280 287 287 290 292 292 298 294 296 294 291 294 294 299 300 301 301 301 302 302 302 302 302 302 301 302 301 302 300 299 299 299 300 301 301 300 300 301 301 299 299 300 300 300 298 298 299 299 296 296 294 294 296 295 285 282 283 283 288 297 298 299 298 298 299 300 300 299 299 299 298 297 296 298 298 299 300 300 300 298 296 298 299 300 299 300 298
292 291 290 291 291 287 282 281 284 287 288 288 291 297 294 291 294 293 294 291 296 298 301 302 302 302 302 301 301 301 302 302 302 300 301 301 300 299 299 299 298 300 299 298 299 301 299 295 297 297 297 296 298 297 298 293 292 292 296 296 296 285 282 280 284 286 296 296 299 299 297 299 300 299 298 298 297 297 296 297 298 299 299 299 299 300 299 298 298 299 299 296 296 300
296 291 293 294 291 289 291 289 281 283 284 284 289 296 290 287 292 292 293 291 297 300 301 301 302 302 301 301 300 300 301 300 301 299 301 301 298 298 299 299 299 299 300 299 299 300 300 296 294 292 291 295 297 296 297 294 291 294 296 296 296 294 285 279 281 292 297 298 298 299 298 298 300 299 298 298 295 296 296 296 298 298 298 298 299 299 300 300 299 300 298 297 295 297
295 295 294 295 294 294 293 289 282 278 276 280 285 294 292 287 291 293 292 293 295 299 299 301 302 302 301 301 298 297 298 298 300 299 300 300 299 299 299 299 299 299 300 300 300 300 299 299 296 291 288 291 295 293 296 295 292 295 296 296 297 297 295 291 290 296 297 296 296 298 300 299 300 299 298 296 295 296 295 294 297 297 296 296 298 299 299 300 299 299 297 297 296 296
292 297 298 297 296 293 291 289 283 274 270 275 279 288 292 287 290 293 293 295 295 295 297 301 301 302 301 299 297 293 291 292 298 299 300 301 298 297 299 298 298 298 299 299 299 299 297 297 295 292 288 289 293 292 294 295 294 293 297 297 297 297 296 297 295 297 298 297 297 298 300 299 299 299 298 297 297 296 295 294 297 297 294 295 297 298 299 299 298 298 297 297 297 296
294 297 298 297 295 294 290 287 283 277 266 271 272 277 286 289 291 292 292 296 297 296 299 301 300 300 300 297 296 291 293 294 298 298 297 299 300 298 297 299 299 298 299 299 299 298 297 294 292 287 286 287 291 293 294 295 296 297 297 297 296 296 296 294 296 297 299 297 296 296 298 299 298 297 298 298 297 296 295 295 297 297 296 294 294 298 298 299 297 298 298 297 296 296
297 297 297 296 293 293 290 286 279 272 263 258 263 268 280 284 286 289 295 294 297 296 297 301 300 300 299 298 296 294 293 295 297 296 298 298 299 298 297 298 299 299 299 298 296 296 298 296 293 291 287 288 289 293 296 296 297 296 294 296 296 294 294 295 292 297 298 297 296 295 296 299 299 298 298 297 295 294 294 294 296 295 296 294 290 297 298 298 298 297 298 297 296 296
297 297 297 297 295 292 291 285 276 268 258 246 246 253 270 275 281 289 293 292 296 297 299 300 300 300 300 298 297 296 295 295 295 295 297 298 299 299 297 296 297 298 297 295 296 297 295 296 294 292 290 290 290 291 295 295 295 295 296 296 294 292 291 292 292 293 295 295 295 296 298 299 300 299 298 296 295 295 294 294 295 295 291 295 295 297 297 297 297 296 297 296 295 295
295 296 298 297 295 290 288 283 275 256 251 251 248 244 254 263 277 288 292 292 294 297 300 300 300 301 301 300 298 296 297 296 295 295 297 298 298 299 298 296 293 293 291 290 290 292 295 297 296 292 293 292 291 288 292 292 292 293 297 297 296 294 292 292 294 295 295 297 297 298 299 299 299 299 298 296 294 294 294 293 293 292 289 292 293 296 297 297 296 295 295 295 295 294
292 292 295 295 293 289 285 283 277 267 263 266 257 260 263 260 273 286 291 293 292 294 298 297 300 300 301 300 299 298 296 296 296 296 296 298 297 297 297 294 290 287 288 291 286 286 291 296 296 293 293 291 291 288 288 293 293 292 296 297 297 296 295 296 296 296 296 297 298 298 299 298 298 298 298 298 297 296 295 292 292 292 292 292 291 294 296 297 296 295 295 295 295 295
292 293 294 294 292 291 291 287 281 277 276 276 266 270 268 263 278 289 293 293 293 295 298 298 297 299 300 299 299 298 295 294 295 296 297 297 296 296 296 294 290 287 290 292 291 286 288 295 295 292 293 288 291 293 294 298 297 294 293 295 297 297 296 296 297 297 297 297 298 299 299 297 298 297 298 298 297 297 296 296 294 294 294 294 294 292 293 294 296 296 295 295 295 295
291 294 295 294 294 294 291 288 285 285 285 284 280 281 275 274 284 291 293 293 294 296 297 297 298 299 300 298 299 298 296 293 291 296 297 295 294 293 294 293 290 287 288 291 294 291 293 296 295 294 294 291 293 296 296 297 296 293 291 293 297 298 297 298 297 296 296 297 298 298 299 297 296 297 297 297 296 295 295 295 295 294 295 294 293 294 291 295 295 295 295 295 295 295
291 294 296 295 294 293 291 282 277 282 289 291 292 292 287 286 291 294 295 294 292 289 294 297 297 298 299 298 299 298 295 292 290 293 294 294 288 285 288 289 285 287 286 287 291 293 293 289 289 293 295 294 292 295 297 297 297 293 295 296 298 298 298 298 297 297 296 297 298 298 298 297 296 297 297 297 297 296 295 295 295 295 295 293 294 295 294 295 295 295 295 295 296 296
293 293 295 295 294 294 292 285 282 278 280 286 291 294 293 294 294 295 295 293 293 290 293 297 295 297 298 299 299 298 295 289 290 290 290 292 286 284 286 288 287 284 287 286 287 287 287 284 283 290 294 295 294 295 296 296 298 295 297 297 297 298 297 296 295 297 298 298 298 297 297 296 296 296 296 296 296 296 295 295 294 295 295 294 294 294 295 295 295 295 295 295 295 296
293 295 295 295 294 294 294 290 290 285 286 285 293 296 294 296 295 296 295 295 293 291 293 295 294 296 299 299 299 297 294 287 289 291 291 290 287 287 290 291 290 285 285 289 289 288 287 288 281 286 295 293 293 293 296 297 297 298 297 296 297 297 297 296 294 291 294 295 296 296 297 295 294 296 295 296 296 296 295 294 293 294 294 294 294 294 294 294 294 295 295 296 296 296
