ecocropFuture/tif/c6/rcp585/ACCESS-CM2/tmax_4.asc
ncols        683
nrows        518
xllcorner    -87.691666666667
yllcorner    10.708333333333
cellsize     0.008333333333
NODATA_value  nan
[rows 294 to 335 of 518, columns 94 to 187 of 683]
359 357 355 353 351 349 348 347 347 347 345 344 347 351 353 353 348 348 346 348 351 356 359 359 360 361 361 362 363 363 364 364 364 364 365 365 365 365 365 364 365 366 367 367 368 368 368 369 369 369 369 368 366 365 364 362 361 361 361 361 361 361 361 361 361 362 362 362 362 363 363 363 362 362 360 359 358 356 352 351 349 346 347 347 346 342 345 350 346 345 342 335 333 335
361 359 357 356 354 352 350 350 351 351 352 352 353 354 354 351 344 338 336 337 341 348 355 357 358 359 359 360 362 362 362 362 364 365 365 365 365 365 365 365 365 366 367 367 368 368 368 369 369 369 369 368 367 365 364 362 361 361 361 360 360 360 360 360 361 361 361 361 362 363 363 363 362 361 359 359 358 357 355 350 352 350 351 351 350 349 350 352 351 347 346 340 336 335
363 361 359 358 356 354 353 353 354 354 355 356 357 356 354 351 345 334 323 328 331 344 352 354 355 356 357 359 361 360 360 360 362 365 366 366 366 366 366 365 365 366 367 367 368 368 368 368 369 369 370 369 367 365 364 362 361 360 360 360 359 359 359 359 360 360 360 361 362 363 363 364 363 362 357 356 356 354 354 355 355 351 353 354 354 352 353 353 354 352 349 346 342 339
364 363 361 360 359 357 356 356 357 358 358 358 359 358 356 352 346 334 329 333 338 348 353 353 354 354 355 357 358 359 359 359 360 363 365 365 365 365 365 365 365 366 366 366 367 367 367 368 368 368 369 368 367 365 363 361 360 360 360 359 359 359 359 359 359 360 360 360 361 362 363 363 364 362 356 356 354 354 353 354 356 355 355 354 356 352 353 354 354 353 347 337 335 342
365 364 363 362 361 361 360 359 359 360 360 361 360 359 357 354 350 344 343 343 346 350 352 352 351 352 353 353 354 356 356 356 358 361 362 363 365 365 364 363 364 365 366 366 366 366 366 367 368 368 368 367 366 364 363 361 359 359 359 359 359 358 358 359 359 359 359 360 360 361 362 362 363 361 357 356 355 356 356 355 357 357 356 355 357 355 355 355 355 352 344 336 333 342
366 366 365 364 364 363 362 362 362 362 362 362 361 361 359 357 355 352 350 351 351 352 351 349 348 348 349 349 350 352 352 354 356 360 361 362 364 364 361 361 362 364 365 365 365 365 366 366 367 367 368 367 365 364 362 360 359 359 359 359 358 358 358 358 358 359 359 359 360 360 361 361 362 362 360 356 355 357 357 356 357 357 356 356 357 357 357 356 355 352 348 343 340 342
367 367 367 366 365 365 364 364 363 363 363 363 363 362 361 359 358 355 354 353 352 351 350 344 339 343 343 344 345 346 349 352 356 360 362 363 364 364 362 360 362 363 363 364 364 365 365 366 366 367 367 366 365 363 361 359 358 358 358 358 358 358 358 358 358 358 358 358 359 359 360 360 361 360 360 355 354 355 356 357 358 357 356 357 358 356 357 357 356 355 352 348 346 344
368 368 368 368 367 366 366 365 365 365 364 364 364 363 361 359 359 357 355 353 352 350 348 345 337 338 333 332 337 341 342 348 354 358 362 363 363 363 363 360 361 361 362 363 363 364 365 365 366 366 367 366 364 362 361 359 358 358 358 358 358 358 358 358 358 357 357 358 358 359 359 359 360 360 358 357 355 357 357 356 358 358 358 358 358 355 355 357 357 356 356 352 349 349
368 368 368 368 367 367 366 366 366 365 365 365 364 363 362 360 358 357 355 352 349 349 346 342 333 332 324 327 329 327 328 338 349 355 360 362 363 363 362 359 359 360 361 361 362 363 364 364 365 365 366 365 364 362 360 358 357 357 357 357 357 357 357 357 356 356 356 356 357 357 357 357 357 358 358 358 357 357 358 358 357 357 358 359 359 357 354 358 357 357 357 355 354 353
367 367 368 367 367 367 367 366 366 365 365 364 364 363 361 359 357 355 354 352 350 348 345 341 337 327 313 318 315 316 321 335 349 357 359 362 362 362 361 360 359 358 359 360 361 362 363 363 364 364 365 364 363 361 359 358 356 356 356 356 356 356 355 355 355 354 354 354 354 354 354 354 354 355 355 356 356 357 357 357 358 356 357 358 359 359 358 358 358 358 356 356 354 352
367 367 367 367 367 367 367 366 366 365 365 365 364 363 360 358 356 354 352 350 348 347 343 342 338 327 319 313 307 313 329 341 351 359 361 362 362 361 360 358 358 357 357 358 360 361 362 363 363 364 365 364 363 361 359 357 356 356 355 355 355 354 354 354 353 353 352 352 352 352 351 351 351 352 352 353 354 355 356 356 357 358 356 356 358 359 359 359 359 358 357 357 354 350
367 367 367 367 367 367 367 367 366 366 365 364 363 362 360 358 357 355 353 351 349 346 343 341 339 335 327 322 322 326 336 345 354 360 362 362 361 360 359 357 355 354 356 357 359 360 361 362 362 363 364 363 362 360 358 357 355 355 355 354 354 353 353 352 352 351 351 350 350 349 348 348 347 348 349 350 351 352 354 355 355 358 359 358 356 358 359 359 358 358 358 357 356 354
366 366 367 367 367 367 367 367 366 366 365 364 363 362 361 359 357 355 353 351 348 346 344 342 340 338 336 333 335 338 341 343 355 361 362 362 356 355 355 354 353 354 354 356 358 359 360 361 361 362 363 363 361 360 358 356 355 354 354 353 353 352 351 351 350 349 349 348 347 346 345 344 344 345 346 348 349 350 352 354 355 357 359 359 356 358 359 359 357 357 358 358 357 355
365 366 366 366 367 367 367 367 367 366 365 364 364 363 361 359 357 355 353 352 350 347 345 344 342 342 341 339 341 345 346 353 357 360 362 362 357 354 347 350 357 361 356 356 357 357 359 360 361 362 363 362 361 359 357 355 354 353 353 352 351 351 350 349 348 348 347 346 345 344 343 342 341 342 344 345 346 348 350 352 354 356 359 360 359 360 360 360 359 359 358 359 358 357
365 365 365 366 366 366 366 366 366 366 365 365 365 364 362 360 358 356 355 353 352 350 349 348 347 347 345 330 336 349 352 355 358 360 362 361 359 354 346 350 358 359 356 352 353 354 355 356 358 360 361 360 359 357 355 354 352 351 351 350 349 349 348 347 347 346 345 345 344 343 342 341 341 342 343 344 346 347 349 351 354 356 358 360 360 360 360 360 360 360 359 360 359 360
365 365 365 365 365 365 366 366 365 365 365 365 365 364 363 361 360 358 357 355 354 353 352 351 350 351 351 345 347 355 356 357 358 360 360 360 359 356 355 357 358 358 353 346 347 349 349 351 353 358 359 359 357 355 353 352 350 349 349 348 347 346 346 345 345 344 344 343 342 342 341 340 340 341 342 344 345 346 348 351 353 356 358 360 360 360 360 360 361 361 360 360 361 361
364 364 363 364 364 364 364 364 364 365 365 365 365 365 364 362 361 360 358 357 356 355 354 354 353 354 354 354 356 359 357 358 359 359 359 360 359 358 354 356 357 353 344 336 334 340 345 348 351 356 358 357 355 354 352 350 348 347 347 346 345 344 344 343 343 343 342 342 341 341 340 340 339 341 342 343 344 345 347 350 353 355 357 359 359 360 360 361 361 361 361 362 362 362
363 363 363 363 363 363 363 364 364 365 365 365 366 365 365 364 362 361 361 360 359 358 357 357 356 356 357 356 356 358 358 358 359 359 359 359 359 359 358 356 352 344 336 318 308 327 341 346 350 351 357 356 354 352 350 348 346 345 344 344 343 342 342 341 341 341 341 340 340 340 339 339 339 340 341 342 343 344 346 349 352 354 357 359 359 360 361 361 362 362 362 362 362 363
363 362 362 362 362 363 363 363 364 365 365 366 367 366 365 365 364 363 363 362 361 361 360 359 359 358 358 358 358 358 358 358 358 358 358 358 358 358 357 355 352 345 332 313 300 323 338 344 349 352 355 354 352 350 348 346 344 343 342 341 341 340 340 339 339 339 339 339 339 339 339 338 338 339 341 341 342 343 346 348 351 354 356 358 359 360 361 362 363 362 362 362 362 363
361 360 359 360 362 362 363 363 364 364 365 366 366 366 365 364 364 364 363 362 362 362 361 360 359 359 357 358 358 358 358 358 358 357 357 357 356 356 355 354 352 346 336 326 321 327 334 336 343 349 352 352 350 348 346 344 343 342 341 341 340 339 339 339 339 339 339 338 338 338 338 338 338 339 340 341 342 342 345 347 349 352 354 356 357 358 359 360 362 361 361 361 361 362
361 360 359 360 362 362 363 363 364 364 365 365 366 365 365 364 364 364 363 362 362 362 362 361 360 360 359 359 358 358 358 357 357 356 356 355 355 354 353 352 351 348 343 338 335 330 330 333 340 349 350 349 348 346 345 343 342 341 341 340 340 339 339 339 339 338 338 338 338 338 338 338 338 339 339 340 341 341 343 345 347 349 351 353 354 356 357 359 361 360 361 361 361 362
358 358 357 359 361 362 362 363 364 364 364 365 365 365 364 364 364 364 363 363 362 362 362 362 361 361 360 359 358 358 358 357 356 356 355 354 353 352 350 349 348 348 347 345 344 339 336 336 341 347 347 347 345 344 343 342 341 341 340 340 339 339 339 338 338 338 338 338 338 338 338 338 338 338 339 339 340 340 342 343 345 346 348 350 352 353 355 357 360 360 360 360 360 361
355 355 355 358 361 362 362 363 363 364 364 364 364 364 364 364 364 363 363 363 363 363 362 362 362 361 361 359 359 358 357 356 355 355 354 353 352 350 348 346 345 345 345 345 345 344 344 343 344 345 345 344 343 342 342 341 340 340 339 339 339 338 338 338 338 338 338 338 338 338 338 338 338 338 338 339 339 339 340 342 343 344 345 347 349 351 354 356 359 359 358 359 359 360
351 353 354 358 360 362 362 363 363 364 364 363 363 363 363 363 363 363 363 363 363 363 363 363 363 361 361 360 359 357 358 356 353 352 353 352 350 348 345 343 342 342 342 342 341 341 341 342 342 342 342 341 341 340 340 340 339 339 339 339 338 338 338 338 338 338 338 338 338 338 338 338 338 338 338 338 338 338 339 340 341 341 342 344 346 349 352 355 358 357 357 358 358 359
346 349 353 358 359 360 361 362 362 362 362 362 362 362 363 363 363 363 363 363 363 363 363 363 363 362 361 360 359 358 357 356 354 353 353 352 350 347 345 342 341 340 340 340 340 339 339 340 340 340 340 340 340 339 339 339 339 338 338 338 338 338 338 338 338 338 338 338 338 338 338 338 338 338 338 338 338 338 338 339 339 340 340 342 345 348 351 354 356 356 356 357 357 357
349 348 350 356 359 360 361 362 362 363 362 362 362 362 363 363 363 363 362 362 363 363 363 363 362 362 361 361 360 359 358 357 356 354 354 353 351 349 346 344 342 342 341 341 340 340 340 340 340 340 340 339 339 339 339 339 339 338 338 338 338 338 338 338 338 338 338 338 338 338 338 338 338 338 338 338 338 338 338 338 339 339 340 341 344 347 350 353 355 354 353 355 354 354
353 354 349 351 357 360 360 362 362 363 363 362 362 362 363 363 363 363 362 362 362 362 362 362 362 362 362 361 361 360 359 358 357 356 354 353 352 350 348 345 344 343 342 341 341 340 340 340 340 340 339 334 332 339 339 339 338 338 338 338 338 338 338 338 338 338 338 338 338 338 338 338 338 338 338 338 338 338 338 338 339 339 340 341 343 346 349 351 354 353 352 353 352 352
352 351 353 354 354 359 359 361 363 363 363 363 363 363 363 363 363 362 362 362 362 362 362 362 362 362 361 361 361 361 360 359 358 357 356 354 353 351 349 347 345 344 343 342 341 340 340 340 340 339 339 337 337 339 339 339 338 338 338 338 338 338 338 338 338 338 339 339 339 339 339 338 338 338 338 338 338 338 338 338 339 339 339 340 343 345 348 350 353 352 351 351 350 349
350 353 351 355 357 359 360 359 360 362 363 363 363 363 363 363 363 362 362 362 361 361 361 361 361 361 361 361 361 361 361 360 359 358 358 356 354 353 351 348 347 345 344 343 342 341 340 340 340 339 339 339 339 339 339 338 338 338 338 338 338 338 338 338 338 339 339 339 339 339 339 339 339 338 338 338 338 338 338 338 338 339 339 340 342 345 347 349 352 351 350 349 348 347
352 353 354 355 357 359 360 361 359 360 363 363 363 363 362 362 361 361 361 360 360 360 360 360 361 361 361 361 362 361 361 360 360 359 359 357 355 354 352 350 348 347 345 344 342 341 341 340 340 339 339 339 339 338 338 338 338 338 338 338 338 338 338 338 339 339 339 339 339 339 339 339 339 339 338 338 338 338 338 338 338 338 339 339 342 344 346 348 351 350 348 347 346 344
352 352 352 353 355 357 359 360 360 360 362 362 362 363 362 362 361 361 361 361 360 360 360 360 361 361 361 361 361 361 361 361 360 360 360 358 357 355 354 352 351 350 348 347 346 344 344 343 342 342 341 340 340 340 339 339 339 339 339 339 339 339 340 340 341 341 342 342 342 342 342 342 341 341 340 339 339 338 338 338 338 338 338 339 341 343 345 347 349 348 347 346 344 343
351 351 352 353 355 354 356 358 358 360 361 361 362 362 362 362 361 361 361 361 361 361 361 361 362 362 362 361 361 361 361 361 360 360 360 359 358 357 356 355 354 352 351 350 349 348 347 346 345 344 343 342 342 341 340 340 339 339 340 340 340 340 341 342 343 343 344 344 344 344 344 344 344 343 342 341 340 339 338 338 338 338 338 339 340 342 343 345 347 346 345 344 343 342
350 350 352 353 353 354 356 357 357 359 360 361 361 362 362 362 361 361 361 361 361 362 362 362 362 362 362 362 361 361 361 361 361 360 360 360 359 358 358 357 356 355 354 353 352 351 350 349 347 346 345 344 343 342 341 340 340 340 340 341 341 341 342 343 344 346 347 347 347 347 347 347 346 345 343 342 340 339 339 339 338 338 338 339 340 341 342 344 345 344 343 342 342 341
349 349 349 350 352 354 355 356 356 358 359 360 361 362 362 362 361 361 361 361 362 362 362 362 363 363 362 362 361 361 361 361 361 361 361 360 360 360 359 359 358 357 356 355 355 354 353 351 350 349 347 346 345 343 342 341 340 341 341 341 342 342 344 345 346 348 349 350 349 349 349 349 349 347 345 343 341 339 339 339 339 338 338 338 339 340 341 342 343 342 342 341 340 339
348 348 348 349 351 353 354 355 356 357 358 360 361 362 362 362 361 361 361 362 362 362 362 363 362 362 361 361 360 360 360 360 360 360 361 361 361 361 361 361 361 359 358 357 356 357 355 354 353 351 349 348 346 345 343 342 341 341 342 342 343 343 345 347 348 350 351 352 351 351 351 352 351 349 347 344 342 340 339 339 339 338 338 338 338 339 340 340 341 340 340 339 339 338
nan nan 348 349 350 351 352 353 354 356 356 358 359 360 360 360 360 360 360 361 361 361 362 362 362 362 361 361 361 360 360 360 360 360 361 361 362 362 362 362 361 360 359 357 357 356 355 354 353 352 351 349 348 346 345 343 343 343 344 344 345 345 347 348 349 351 352 352 352 351 351 352 352 350 347 345 343 340 339 339 339 338 338 338 338 339 339 339 340 339 339 338 338 338
nan nan nan nan 349 350 351 352 353 354 355 356 357 358 358 358 358 359 359 359 360 360 360 361 361 361 361 361 361 361 361 361 361 361 361 361 362 361 361 361 361 360 359 357 356 355 353 352 351 350 350 350 349 348 347 346 345 346 346 347 347 348 349 349 350 349 350 351 348 350 351 351 351 349 347 345 343 341 340 339 339 338 338 338 338 338 339 339 339 339 338 338 338 338
nan nan nan nan nan 349 350 350 351 352 353 354 354 355 355 356 356 357 357 358 358 359 359 359 359 360 361 360 360 361 361 361 361 361 362 362 361 361 361 361 360 359 359 357 356 354 352 350 350 349 350 349 349 350 349 348 348 348 349 349 350 350 350 350 350 348 348 344 341 345 348 349 350 349 347 345 343 341 340 340 339 339 338 338 338 338 338 338 339 338 338 338 338 337
nan nan nan nan nan nan nan 349 349 350 350 351 352 353 353 354 354 355 356 356 357 358 358 358 359 360 360 360 360 361 361 362 361 361 362 362 361 361 361 361 360 359 358 358 356 355 353 350 348 348 349 348 348 349 349 350 350 351 351 352 352 352 352 351 350 347 342 346 344 338 340 344 349 349 347 345 343 341 340 340 339 339 338 338 338 338 338 338 338 338 338 338 338 337
nan nan nan nan nan nan nan nan 347 348 348 349 350 350 351 352 352 353 354 355 356 357 357 358 358 359 359 359 361 360 361 361 362 361 361 361 360 360 360 359 359 358 357 356 356 354 353 351 349 347 348 347 346 349 349 350 352 353 354 354 354 354 353 352 350 345 346 357 355 341 335 341 349 349 347 345 344 342 341 340 339 339 338 338 338 338 338 338 338 338 338 338 337 337
nan nan nan nan nan nan nan nan nan nan 347 347 348 348 349 350 351 351 352 354 355 356 357 357 358 358 358 359 361 362 362 362 362 361 361 361 360 360 360 359 358 357 356 355 355 354 353 351 349 347 346 346 345 345 348 349 352 354 355 356 357 356 355 353 351 347 343 352 353 343 343 344 347 348 347 345 344 342 341 340 339 339 338 338 338 338 338 338 338 338 338 337 337 337
nan nan nan nan nan nan nan nan nan nan nan 347 348 348 349 350 351 351 352 353 355 356 357 357 358 359 358 359 359 361 361 361 360 359 360 360 360 360 359 358 358 357 355 355 355 353 351 350 348 347 344 343 342 341 340 346 351 353 355 356 356 356 356 354 352 351 347 344 342 351 352 349 348 346 347 345 343 341 340 340 339 339 338 338 338 338 338 338 338 338 338 338 338 337
