ecocropFuture/tif/c6/rcp585/ACCESS-CM2/tmax_6.asc
ncols        683
nrows        518
xllcorner    -87.691666666667
yllcorner    10.708333333333
cellsize     0.008333333333
NODATA_value  nan
[rows 462 to 503 of 518, columns 376 to 469 of 683]
313 313 314 313 312 312 312 312 312 312 311 309 312 313 314 314 313 313 313 311 311 311 310 310 311 311 312 311 308 307 307 307 307 308 307 308 308 307 306 305 302 300 300 303 303 304 299 295 294 293 291 290 290 295 296 293 291 294 294 296 299 302 306 308 309 310 310 310 311 311 311 311 311 312 311 311 311 311 312 313 313 312 312 312 312 nan nan nan nan nan nan nan nan nan
314 314 313 313 313 313 313 312 313 313 312 312 312 313 314 314 313 313 311 311 310 312 312 312 312 313 312 312 310 310 309 308 309 310 309 308 307 305 304 302 301 302 302 303 304 304 298 297 296 293 290 290 296 300 299 297 299 302 298 299 302 305 307 309 310 310 310 310 311 311 311 311 312 312 311 311 311 312 312 312 313 312 312 312 312 312 nan nan nan nan nan nan nan nan
315 314 314 314 314 314 313 311 314 313 312 313 313 312 314 314 313 312 311 309 307 311 312 312 312 313 313 312 311 311 310 310 310 308 307 306 306 304 304 301 301 303 303 302 304 305 303 300 296 294 296 294 296 301 304 301 303 307 306 304 305 308 309 309 309 310 310 311 311 311 311 311 311 311 312 312 312 312 312 312 313 312 312 312 312 312 nan nan nan nan nan nan nan nan
315 314 314 314 315 314 313 314 314 314 314 313 313 313 314 314 313 312 312 312 312 312 311 312 312 312 312 312 311 310 310 309 308 306 304 303 304 303 303 302 301 301 303 304 305 304 306 304 303 301 299 299 300 301 306 303 303 306 308 307 306 307 309 310 310 310 311 310 310 311 311 310 311 311 311 311 312 312 312 312 312 312 312 312 312 312 nan nan nan nan nan nan nan nan
315 314 314 315 315 314 314 315 315 314 314 314 313 313 314 315 314 313 312 313 312 312 312 312 311 313 310 310 310 310 308 308 307 304 302 303 304 304 304 303 301 302 304 304 300 302 305 306 306 305 305 305 305 306 307 306 306 306 308 309 309 308 305 307 309 310 310 311 311 309 310 311 311 311 311 312 311 312 312 312 312 312 312 312 312 312 312 nan nan nan nan nan nan nan
315 315 315 315 315 315 315 315 315 314 315 314 313 313 314 315 314 313 313 313 312 312 312 312 312 312 309 308 308 308 308 307 306 304 302 300 303 303 302 302 303 305 305 304 300 302 305 304 302 301 306 304 305 305 308 308 308 309 309 308 310 309 306 303 308 309 311 310 311 310 311 311 311 312 312 312 311 312 312 312 312 312 312 312 312 312 312 nan nan nan nan nan nan nan
315 315 315 315 315 315 315 315 314 314 314 314 314 314 315 314 313 313 313 313 313 312 312 312 312 311 310 310 308 308 308 307 305 304 304 303 304 304 304 305 305 305 304 303 300 302 303 302 299 302 305 305 304 305 308 309 309 308 306 308 310 307 305 303 308 310 310 310 311 312 312 312 312 311 312 312 312 312 312 312 312 312 312 312 312 312 312 nan nan nan nan nan nan nan
316 315 315 315 316 315 316 315 315 314 314 314 315 315 315 314 313 313 313 313 313 313 312 311 309 309 309 307 308 309 308 307 303 300 303 304 303 304 303 303 304 305 303 302 301 302 302 301 302 304 305 301 302 307 308 308 307 306 306 307 309 306 303 305 308 308 310 311 311 311 312 311 311 312 312 312 312 312 312 312 312 312 312 312 312 312 312 312 nan nan nan nan nan nan
316 315 315 315 315 315 315 315 314 314 314 315 315 314 314 314 314 312 313 314 313 313 311 311 311 310 310 310 309 308 307 306 303 299 302 302 299 300 300 300 303 304 305 304 304 303 303 302 302 303 303 297 300 303 306 305 304 305 306 307 309 309 308 309 309 310 310 311 311 311 312 311 312 311 311 312 311 312 312 311 311 312 312 312 312 312 312 312 nan nan nan nan nan nan
316 316 316 315 315 315 315 314 314 314 314 315 314 314 313 313 313 313 314 314 314 313 312 310 310 310 310 310 308 305 303 304 299 298 304 305 300 301 304 304 304 305 304 304 304 303 303 299 300 301 300 296 295 298 299 301 305 308 307 307 309 309 310 310 310 311 311 310 310 311 311 312 311 311 311 312 312 312 312 311 311 312 312 312 312 312 312 312 313 nan nan nan nan nan
317 316 316 316 314 314 314 314 314 314 314 314 315 314 314 313 314 314 314 314 313 313 312 311 310 310 310 310 309 307 307 305 302 304 306 305 301 302 301 304 305 305 303 304 304 304 303 299 302 299 297 292 288 288 293 301 306 308 308 307 309 310 310 310 311 310 310 309 308 311 311 311 311 311 312 312 312 312 312 312 312 312 312 312 312 312 312 313 312 nan nan nan nan nan
316 316 316 316 315 315 314 314 313 314 314 315 314 314 314 313 314 314 314 314 313 313 312 311 311 311 310 310 310 309 310 308 306 307 307 306 303 298 297 300 301 303 303 303 304 303 302 303 303 301 297 292 286 285 293 300 304 306 308 309 309 310 310 310 310 310 309 308 307 310 311 311 311 311 312 312 312 312 312 312 312 311 312 312 313 313 312 312 312 nan nan nan nan nan
317 316 315 315 315 315 314 314 314 314 314 315 314 314 314 314 314 314 314 314 313 313 312 312 312 312 311 311 310 309 309 307 308 308 306 307 305 301 295 296 299 302 301 303 304 301 301 300 300 299 296 293 293 293 297 301 304 306 307 309 309 309 310 310 310 310 309 308 306 310 311 311 311 311 312 311 312 312 313 313 312 312 312 312 313 313 313 312 312 312 nan nan nan nan
317 317 316 316 315 315 315 314 314 314 314 314 313 314 314 314 314 314 314 314 313 313 313 312 312 312 311 310 310 310 309 309 309 308 306 305 305 305 301 297 298 299 297 301 302 297 297 298 297 295 294 295 300 300 301 304 306 307 308 309 310 309 310 310 309 309 309 308 309 310 311 311 311 311 311 311 312 312 312 312 313 313 312 312 313 313 312 312 312 312 nan nan nan nan
316 317 316 316 316 316 315 314 314 314 314 313 313 314 314 314 314 314 314 313 313 313 313 313 312 311 311 310 310 309 310 310 310 307 304 303 306 306 300 300 302 301 298 298 298 295 300 300 301 298 300 301 303 304 305 306 307 309 310 310 308 307 308 307 308 308 308 309 310 310 310 311 311 311 311 311 311 312 312 312 313 312 312 313 313 313 313 312 312 311 312 nan nan nan
316 316 316 316 316 316 316 315 315 314 314 312 313 314 314 314 314 314 314 314 313 313 312 312 312 311 311 310 310 310 308 308 308 307 305 306 307 306 304 304 303 300 299 302 304 303 304 305 303 303 303 305 306 305 305 307 309 309 309 308 307 305 307 307 308 310 309 310 310 310 310 311 311 311 311 312 312 312 312 312 312 312 313 313 312 312 313 312 312 312 311 nan nan nan
316 316 316 316 316 315 316 316 315 315 314 314 314 314 314 314 314 314 313 313 313 312 312 312 311 311 311 310 310 309 306 306 309 308 307 307 307 306 305 302 299 295 300 303 301 304 304 305 305 306 306 306 307 306 305 307 309 307 306 308 307 306 309 309 310 309 310 310 310 311 311 311 311 311 311 311 312 312 312 312 312 312 312 312 312 312 313 312 312 312 311 311 nan nan
316 316 316 316 316 315 315 315 315 314 313 314 314 314 314 314 314 313 313 313 313 312 312 312 312 311 310 310 310 309 309 308 308 308 307 308 307 303 304 303 301 296 298 301 304 304 305 303 306 306 307 306 305 306 307 308 307 305 306 308 307 306 310 310 310 310 310 310 310 311 311 311 311 311 311 311 312 312 312 312 312 312 312 311 312 312 313 312 312 312 311 311 nan nan
nan 316 316 316 316 315 316 315 313 313 313 314 314 314 313 314 314 314 313 313 313 313 313 312 311 311 311 310 310 309 309 309 308 308 308 308 307 306 304 301 299 294 292 299 303 305 306 306 305 306 306 304 303 305 308 307 307 307 308 307 306 306 310 310 310 310 310 310 310 310 310 310 310 311 311 311 312 311 312 311 311 311 311 310 311 312 312 312 312 312 311 311 311 nan
nan nan nan nan 316 316 315 314 313 313 313 314 314 314 314 314 313 312 312 313 313 313 312 311 310 310 309 309 309 309 309 308 308 308 309 307 305 306 305 301 299 297 293 297 303 305 305 305 305 305 305 303 305 306 307 305 305 307 307 306 305 309 310 310 310 310 310 310 310 310 310 307 309 310 311 311 311 312 311 311 311 310 310 309 311 312 312 312 312 312 311 311 311 312
nan nan nan nan nan nan 316 314 314 314 314 314 314 314 314 314 313 312 310 310 312 313 313 313 311 310 309 309 309 308 309 308 308 309 309 308 307 303 303 302 303 302 296 297 300 304 306 307 306 306 305 303 305 304 305 304 305 308 308 307 307 308 310 310 309 309 311 310 311 311 311 309 310 311 311 311 311 311 311 311 310 310 310 308 310 311 312 312 312 312 312 312 311 nan
nan nan nan nan nan nan nan nan 313 314 315 314 314 315 314 314 313 311 311 311 311 312 311 311 312 310 309 308 309 309 309 309 309 310 307 308 308 306 303 305 304 300 300 296 301 305 307 307 307 307 307 306 303 300 301 306 305 308 309 309 309 310 310 310 308 308 310 310 310 311 311 311 311 311 311 311 311 311 311 311 311 310 310 308 310 311 312 312 312 312 312 312 312 312
nan nan nan nan nan nan nan nan nan 315 315 314 314 315 315 314 313 311 311 312 311 311 311 310 311 311 310 309 310 310 310 310 309 308 308 308 308 307 306 304 298 296 295 297 302 305 306 307 307 308 307 307 305 303 304 308 308 309 309 309 308 310 310 309 308 309 309 310 310 311 311 311 311 310 310 311 310 309 309 311 311 311 310 309 310 311 311 312 312 312 312 312 312 312
nan nan nan nan nan nan nan nan nan nan 315 315 314 315 315 314 313 312 312 312 311 311 311 nan 310 312 310 310 310 310 309 309 308 305 307 307 307 306 305 305 302 300 299 301 304 304 303 305 306 305 302 308 308 308 308 309 309 309 308 307 308 309 309 308 307 308 309 310 310 311 311 310 311 310 310 311 310 309 309 310 311 310 310 309 310 310 311 311 312 312 312 312 312 312
nan nan nan nan nan nan nan nan nan nan nan 315 315 315 315 314 312 313 313 313 312 nan nan nan nan 311 312 311 309 309 308 309 308 307 306 307 308 307 307 306 305 302 303 303 304 304 305 306 306 301 304 307 308 308 309 309 309 307 305 306 308 309 308 308 305 309 310 310 310 311 311 310 310 310 311 310 310 309 310 310 310 309 309 308 309 309 310 311 311 312 312 312 312 312
nan nan nan nan nan nan nan nan nan nan nan nan 315 315 314 314 314 314 313 nan nan nan nan nan nan 312 311 310 310 309 308 307 307 308 307 307 308 308 308 306 306 304 305 302 304 304 304 305 305 300 302 306 307 309 309 309 308 306 304 304 307 306 307 306 307 308 310 310 310 311 311 310 309 310 309 308 309 310 310 310 310 309 307 307 307 309 309 310 311 311 312 312 312 312
nan nan nan nan nan nan nan nan nan nan nan nan nan 315 315 314 314 nan nan nan nan nan nan nan 312 312 311 311 310 310 307 305 307 307 307 308 309 309 308 306 305 306 305 304 303 303 304 304 302 301 305 308 308 307 306 308 305 303 303 301 304 301 303 302 307 309 310 310 311 310 310 309 308 309 309 308 308 309 310 309 310 309 308 308 308 307 307 310 310 311 312 312 313 312
nan nan nan nan nan nan nan nan nan nan nan nan nan nan nan nan nan nan nan nan nan nan nan nan 311 312 312 311 310 310 309 308 308 308 308 308 309 307 307 307 306 308 307 305 302 302 302 301 302 305 307 307 307 305 306 307 305 300 300 304 303 299 302 306 309 310 310 310 311 310 309 307 307 310 310 308 306 308 309 307 308 310 309 308 307 308 308 310 311 312 312 312 313 313
nan nan nan nan nan nan nan nan nan nan nan nan nan nan nan nan nan nan nan nan nan nan nan nan nan 311 312 312 311 310 309 308 307 309 309 310 309 309 309 308 308 306 306 304 302 302 301 303 305 305 306 306 302 304 306 305 303 305 306 306 305 305 304 307 310 310 310 310 310 310 309 307 308 310 310 309 307 308 308 308 309 309 308 307 306 308 309 310 311 312 313 313 313 313
nan nan nan nan nan nan nan nan nan nan nan nan nan nan nan nan nan nan nan nan nan nan nan nan nan nan 311 312 311 310 309 310 309 309 309 309 309 309 309 308 305 306 305 304 304 303 303 304 305 305 305 302 296 300 305 302 302 307 307 305 309 308 307 309 310 310 310 310 310 310 309 308 308 310 309 308 306 308 309 308 309 308 306 306 306 309 310 310 311 312 312 313 313 313
nan nan nan nan nan nan nan nan nan nan nan nan nan nan nan nan nan nan nan nan nan nan nan nan nan nan 312 311 312 312 312 311 311 310 310 309 309 308 308 304 300 305 307 306 306 306 305 305 305 304 304 300 298 303 304 303 302 308 305 307 310 309 310 310 311 310 309 307 309 308 307 309 309 308 307 307 307 308 309 309 309 307 306 306 309 310 310 310 311 312 312 313 312 313
nan nan nan nan nan nan nan nan nan nan nan nan nan nan nan nan nan nan nan nan nan nan nan nan nan nan nan 312 312 312 312 311 310 310 309 309 309 309 306 301 301 306 308 308 306 306 305 305 303 301 300 300 302 304 306 308 308 309 309 310 310 310 310 310 310 310 308 306 307 307 308 309 309 306 307 306 305 305 308 309 308 307 307 308 309 310 311 311 311 312 312 313 312 312
nan nan nan nan nan nan nan nan nan nan nan nan nan nan nan nan nan nan nan nan nan nan nan nan nan nan nan nan nan nan nan 311 312 311 310 310 309 309 306 300 304 307 309 307 304 305 305 304 302 301 300 299 305 308 308 309 310 310 310 310 310 309 309 310 310 309 307 306 308 309 307 307 307 306 306 306 303 304 306 308 308 309 309 309 310 310 311 311 311 311 312 312 312 312
nan nan nan nan nan nan nan nan nan nan nan nan nan nan nan nan nan nan nan nan nan nan nan nan nan nan nan nan nan nan nan nan 311 312 311 310 309 308 307 305 306 310 308 306 307 306 304 303 304 304 300 299 304 309 309 309 309 308 310 311 310 310 310 311 310 309 309 309 309 307 305 304 303 305 303 305 306 305 306 305 308 309 309 310 310 311 311 311 311 311 312 312 312 312
nan nan nan nan nan nan nan nan nan nan nan nan nan nan nan nan nan nan nan nan nan nan nan nan nan nan nan nan nan nan nan nan 306 308 311 311 311 311 309 309 309 310 309 309 306 303 304 304 305 304 302 300 305 308 310 308 308 310 311 310 310 310 310 310 309 309 309 307 307 305 302 301 302 304 303 303 307 306 307 306 306 308 309 310 310 311 311 311 311 311 311 311 312 312
nan nan nan nan nan nan nan nan nan nan nan nan nan nan nan nan nan nan nan nan nan nan nan nan nan nan nan nan nan nan nan nan nan nan nan nan 307 310 311 311 311 310 309 307 303 303 305 305 305 305 304 302 307 310 310 309 310 310 310 310 310 310 309 307 307 308 307 305 306 305 305 302 301 302 303 305 308 307 307 308 309 309 310 310 310 310 311 311 311 311 311 311 312 311
nan nan nan nan nan nan nan nan nan nan nan nan nan nan nan nan nan nan nan nan nan nan nan nan nan nan nan nan nan nan nan nan nan nan nan nan nan 309 309 312 311 308 304 302 301 303 306 307 307 306 306 306 306 309 311 310 309 309 310 309 308 309 308 307 308 307 306 305 305 303 305 303 302 301 303 305 307 308 309 309 310 309 309 308 309 309 310 310 310 310 311 311 311 310
nan nan nan nan nan nan nan nan nan nan nan nan nan nan nan nan nan nan nan nan nan nan nan nan nan nan nan nan nan nan nan nan nan nan nan nan nan nan nan nan 312 308 306 304 302 305 306 304 307 308 306 309 310 310 311 310 310 310 307 307 309 308 306 307 307 308 308 308 307 305 305 304 303 302 306 306 307 309 309 309 308 307 308 305 305 308 309 310 310 310 310 310 310 310
nan nan nan nan nan nan nan nan nan nan nan nan nan nan nan nan nan nan nan nan nan nan nan nan nan nan nan nan nan nan nan nan nan nan nan nan nan nan nan nan 312 310 308 307 306 305 306 305 307 308 308 309 309 310 311 311 311 310 309 310 310 309 307 307 308 308 309 310 308 307 306 306 305 304 307 308 309 309 309 307 306 306 307 306 305 307 309 310 310 310 310 310 310 310
nan nan nan nan nan nan nan nan nan nan nan nan nan nan nan nan nan nan nan nan nan nan nan nan nan nan nan nan nan nan nan nan nan nan nan nan nan nan nan nan 310 311 309 310 307 306 307 309 309 309 306 309 310 310 311 310 310 311 311 310 310 309 309 309 309 309 310 310 309 308 307 306 306 307 308 308 308 308 307 307 309 309 309 307 307 308 309 310 310 310 310 310 310 310
nan nan nan nan nan nan nan nan nan nan nan nan nan nan nan nan nan nan nan nan nan nan nan nan nan nan nan nan nan nan nan nan nan nan nan nan nan nan nan nan 311 312 311 311 309 308 308 309 309 309 308 310 310 311 311 310 310 311 310 309 309 310 310 310 310 309 310 310 309 308 307 305 305 308 308 307 307 305 307 308 306 306 309 308 308 307 309 310 310 310 310 310 310 310
nan nan nan nan nan nan nan nan nan nan nan nan nan nan nan nan nan nan nan nan nan nan nan nan nan nan nan nan nan nan nan nan nan nan nan nan nan nan nan nan 313 312 310 311 310 309 309 309 310 310 310 311 311 311 311 310 309 310 311 311 310 310 310 310 310 310 310 309 309 306 305 303 304 306 305 305 305 307 308 307 304 308 309 309 308 309 310 310 310 310 310 310 310 309
