ecocropFuture/tif/c6/rcp585/ACCESS-CM2/tmax_6.asc
ncols        683
nrows        518
xllcorner    -87.691666666667
yllcorner    10.708333333333
cellsize     0.008333333333
NODATA_value  nan
[rows 252 to 293 of 518, columns 188 to 281 of 683]
311 305 309 313 312 312 307 298 302 292 290 298 296 296 298 300 300 299 298 298 292 287 288 292 290 284 278 274 272 273 274 280 280 291 292 292 289 285 281 268 269 269 260 262 270 275 280 286 283 275 279 279 276 276 274 279 281 270 283 296 298 297 299 293 288 280 286 291 293 293 291 289 285 281 284 278 266 273 275 270 266 259 259 265 276 284 293 294 295 293 288 289 290 291
313 313 313 313 313 313 310 303 305 297 289 301 302 296 292 301 300 297 297 296 294 294 292 289 284 275 271 264 261 260 266 273 284 294 293 294 292 288 279 276 278 274 268 267 276 281 284 286 288 281 283 284 286 280 281 284 289 275 286 299 302 301 301 296 296 292 294 294 292 291 286 281 287 289 289 286 276 280 282 273 260 259 267 270 274 285 293 295 296 292 288 290 294 295
314 314 313 313 313 312 309 306 305 300 297 301 301 298 296 300 300 297 296 295 296 294 291 286 280 268 263 257 253 260 269 283 290 295 296 295 294 289 277 285 284 278 275 277 280 282 284 287 290 290 289 287 288 284 285 291 293 288 293 301 303 303 303 301 298 294 298 297 294 288 282 286 292 295 296 292 286 289 279 268 268 270 273 277 281 290 295 297 296 292 291 292 294 295
314 314 313 313 312 311 307 306 303 297 299 301 301 301 300 300 296 292 294 294 290 290 289 285 276 266 260 255 253 267 280 290 295 296 297 294 295 288 282 286 287 289 284 285 283 282 288 289 289 294 293 290 294 288 287 288 296 295 298 303 304 305 304 303 297 299 296 293 290 284 276 288 294 297 300 297 297 297 288 282 280 277 280 281 285 293 296 298 297 293 293 293 296 296
314 314 313 313 312 310 306 304 301 299 302 303 301 300 300 297 292 287 289 286 285 283 283 278 274 264 256 255 260 270 284 292 294 297 298 298 292 288 286 288 287 292 291 291 285 282 287 293 295 297 298 296 295 296 296 292 295 299 301 304 305 305 304 303 301 302 299 291 288 289 287 290 297 300 302 303 296 297 293 285 285 278 280 283 285 295 296 299 296 295 295 297 296 294
314 313 313 312 312 308 305 303 298 300 301 297 297 296 295 291 287 284 288 284 277 275 275 270 266 265 267 265 270 268 283 292 295 295 298 299 297 295 297 297 296 294 295 295 291 287 285 288 292 294 297 299 297 296 299 296 296 300 303 303 304 305 305 301 300 304 299 292 295 295 294 296 299 303 304 305 302 294 293 291 291 287 282 290 291 298 299 300 298 297 298 296 292 294
314 313 313 312 310 306 303 300 293 298 300 294 292 294 293 296 293 291 287 288 284 283 280 273 272 273 269 267 283 284 290 293 292 293 299 300 300 300 301 300 299 293 293 297 296 297 291 288 289 289 293 299 304 298 298 299 297 298 299 303 304 305 306 302 298 304 300 298 300 299 300 302 303 305 306 306 303 297 294 297 295 288 290 295 296 301 301 300 299 298 295 293 292 292
313 313 312 312 310 305 302 297 293 302 304 294 296 295 294 292 288 284 282 284 285 281 284 280 277 271 261 266 282 291 294 296 297 298 299 299 299 301 301 301 301 297 289 292 294 298 295 290 292 295 297 301 304 298 292 298 300 301 302 302 300 305 306 305 302 305 304 303 303 302 304 305 306 306 307 307 304 303 298 298 299 295 295 295 299 302 301 299 298 297 295 293 289 290
313 313 312 311 309 302 296 296 304 302 298 301 294 287 292 296 293 288 287 285 281 275 274 275 278 271 266 274 282 290 295 296 297 296 295 295 297 298 293 295 301 299 295 300 302 301 299 297 298 299 302 303 306 300 288 289 294 296 297 303 304 306 307 307 306 306 306 305 305 304 303 304 306 307 307 307 306 305 302 302 302 299 298 297 300 301 299 300 298 294 294 291 286 292
313 313 312 311 309 306 303 304 303 302 301 301 296 297 300 293 287 283 281 281 283 276 271 267 269 268 271 285 289 291 296 295 293 295 292 290 293 293 289 295 298 301 301 297 296 302 301 303 302 304 305 306 307 301 296 295 297 294 298 303 305 306 307 307 307 307 306 306 305 304 305 305 306 307 305 305 306 304 305 304 303 302 302 303 303 301 300 298 297 293 291 290 294 297
313 312 311 307 299 296 301 296 296 294 291 295 300 298 294 298 294 289 285 281 281 281 276 268 261 265 272 288 295 298 299 300 297 300 298 294 287 289 289 297 298 300 297 292 289 293 297 301 301 302 305 306 307 306 303 303 302 297 299 303 306 306 307 306 307 307 307 307 306 306 306 307 307 307 306 307 307 305 305 305 304 304 303 303 303 301 298 297 295 293 290 292 294 296
313 312 308 300 294 295 299 293 296 282 277 292 298 297 287 293 294 290 294 290 287 279 271 264 263 270 270 281 295 300 302 302 301 302 300 295 285 292 297 300 301 302 302 299 296 296 298 299 299 299 300 301 302 306 306 306 306 299 297 302 306 306 306 306 306 306 307 307 307 307 307 307 307 307 307 307 306 305 305 306 304 304 304 304 302 300 299 295 296 293 292 297 297 297
313 309 303 297 293 292 294 287 291 281 272 284 295 296 291 285 288 288 288 290 286 283 275 269 278 279 281 283 281 291 299 304 303 300 298 295 288 287 289 296 301 303 303 299 299 302 304 302 303 303 300 298 298 303 302 301 306 305 301 303 304 304 305 306 306 306 306 307 307 307 308 308 308 307 306 307 306 305 306 306 305 305 304 303 302 301 298 295 296 292 295 299 300 299
313 309 303 301 299 298 296 290 287 289 290 287 288 284 283 282 284 286 286 289 284 280 275 280 288 290 290 290 285 282 288 303 303 302 299 293 278 277 283 293 300 303 303 301 298 301 306 305 302 304 302 303 304 305 303 304 305 305 306 305 302 302 305 306 305 305 305 306 306 307 307 307 307 307 306 306 306 306 306 306 305 305 305 303 302 301 300 298 295 294 298 300 300 301
313 311 307 307 304 302 299 293 297 295 293 287 279 273 269 270 273 280 286 285 279 271 271 280 294 296 296 299 296 291 286 299 305 304 298 288 271 269 276 291 301 304 305 305 305 305 305 306 302 303 305 307 307 306 305 305 304 305 306 304 302 302 305 305 305 305 305 305 306 306 307 307 308 307 306 307 307 305 306 306 305 304 304 303 303 302 300 297 297 296 297 299 300 302
313 312 310 308 305 303 302 300 296 286 283 284 273 264 260 265 278 282 277 276 278 275 281 283 290 298 298 301 303 299 296 302 306 303 297 283 271 271 274 284 298 300 304 302 300 306 307 307 307 306 306 307 307 307 306 306 305 305 304 301 300 303 304 304 305 305 305 306 306 306 306 307 307 307 308 308 307 306 306 306 305 305 304 303 303 302 301 298 295 294 299 299 300 302
313 310 310 307 304 300 297 294 294 291 286 286 283 271 260 264 274 276 280 275 273 273 288 293 292 293 295 300 304 305 306 307 305 303 296 289 290 277 288 296 300 299 302 299 299 302 304 307 307 307 307 307 307 306 306 306 306 304 301 302 298 301 304 304 305 305 305 306 306 306 306 306 307 307 307 307 307 306 306 305 305 305 304 303 303 300 300 299 296 299 300 297 300 302
312 310 309 307 302 296 290 284 287 299 298 296 289 279 266 273 281 279 283 284 283 281 276 278 282 285 289 294 300 299 302 307 307 305 296 298 296 281 281 293 300 301 305 305 304 304 306 308 307 307 307 307 307 307 306 305 305 302 303 302 301 302 304 304 305 305 305 306 306 306 307 306 306 307 307 307 307 307 306 304 303 303 301 301 302 300 300 299 298 300 300 298 301 301
312 311 310 307 303 295 286 286 294 302 301 298 290 284 278 275 288 289 288 285 282 290 282 276 279 284 296 301 301 303 303 306 308 306 303 302 294 293 295 299 300 304 305 306 307 307 308 308 307 307 306 306 305 305 304 304 304 301 302 302 303 303 301 301 302 305 305 305 306 306 306 306 307 306 306 307 306 306 306 305 302 299 301 301 301 302 302 299 300 301 298 298 301 302
311 309 310 309 305 299 292 297 301 302 301 301 295 294 292 290 294 297 290 291 286 292 281 284 280 277 292 300 303 305 305 304 307 308 305 302 303 303 303 303 304 305 303 307 308 308 307 306 306 305 304 304 303 302 302 302 302 300 302 301 302 301 301 301 301 302 305 305 305 305 306 306 307 307 307 307 305 305 306 305 304 304 301 302 304 302 302 302 301 300 299 300 301 302
310 308 310 310 308 305 302 305 305 301 301 304 304 304 302 302 301 296 295 292 291 294 281 284 287 280 297 301 302 304 304 305 305 307 308 307 307 306 305 305 305 307 308 308 307 306 305 305 304 304 303 299 299 298 299 299 300 301 301 299 301 299 300 299 300 300 304 305 305 305 306 306 306 306 306 306 305 305 305 305 302 303 303 303 303 301 303 302 301 301 301 300 302 302
311 309 310 311 310 309 308 307 305 302 304 303 306 307 306 305 301 296 300 298 289 294 289 282 292 281 292 296 297 300 297 298 301 304 305 308 308 307 307 308 309 309 307 307 306 305 303 302 302 301 301 298 293 293 292 295 298 300 299 297 300 300 300 301 302 302 303 304 305 304 305 306 306 306 306 305 305 305 304 302 300 298 305 305 304 302 303 299 302 302 301 301 303 302
312 310 310 311 310 310 309 308 308 305 304 306 307 307 306 305 298 294 302 300 292 292 292 292 290 283 283 289 290 294 291 289 295 297 301 304 307 309 310 309 307 307 306 306 303 305 301 299 298 298 298 297 293 284 284 291 298 298 295 296 299 301 302 303 303 300 300 304 304 304 305 306 306 306 306 306 304 304 303 301 300 297 304 304 305 304 302 303 303 303 303 303 303 303
312 311 310 311 311 310 310 310 309 306 306 306 307 306 304 303 292 292 302 300 297 293 294 297 290 294 288 280 288 291 290 291 294 297 302 305 307 309 310 307 305 302 303 303 300 304 300 297 296 291 292 293 289 283 290 295 293 295 292 296 298 300 301 301 302 302 303 303 304 304 305 306 305 306 306 305 304 303 303 303 302 303 304 305 304 303 298 302 304 304 303 302 303 303
312 311 311 310 310 310 311 310 308 309 308 305 298 296 297 289 290 301 302 298 298 296 297 295 301 297 290 287 282 283 288 288 286 293 300 303 307 310 309 305 302 297 295 297 303 303 298 292 289 280 285 287 284 280 290 291 289 292 293 294 295 298 299 301 300 299 302 303 303 304 305 305 306 306 306 305 304 303 303 304 305 305 305 303 303 302 298 301 303 304 303 303 303 302
310 311 311 310 311 310 311 310 309 310 307 303 300 285 284 279 294 293 294 302 301 300 299 299 302 295 296 293 291 283 280 276 283 288 296 302 308 308 306 299 293 292 290 292 302 299 291 284 283 273 269 280 273 275 278 278 287 289 291 285 291 291 294 297 297 300 299 300 304 305 305 306 306 306 306 306 305 305 303 304 305 304 303 302 302 300 298 300 303 304 304 305 304 303
306 309 311 311 311 311 311 311 310 309 306 303 296 284 277 275 284 281 286 297 304 303 298 302 302 297 298 287 287 290 286 274 281 287 299 303 308 307 305 297 287 285 284 292 299 297 284 272 271 272 267 272 269 268 268 279 286 288 286 285 284 285 289 292 294 295 294 298 304 305 305 306 306 306 305 303 305 304 305 305 304 302 302 302 302 301 299 301 304 304 304 305 304 305
302 307 310 311 311 310 311 311 310 310 306 304 298 286 277 275 285 286 286 297 303 305 300 305 302 298 301 290 282 284 282 272 285 295 296 304 308 308 306 302 297 291 291 296 297 296 286 272 265 272 278 270 263 261 268 280 285 289 290 292 290 289 290 294 298 300 300 303 305 305 304 305 306 305 305 303 301 301 305 305 303 301 302 301 301 301 300 304 304 305 305 305 304 302
305 305 309 311 311 309 307 308 309 309 307 305 298 289 284 284 291 296 295 302 305 302 298 304 306 303 304 299 287 276 272 272 287 296 302 306 308 308 305 303 299 297 298 299 296 289 278 274 278 283 288 283 271 266 273 283 288 290 292 295 295 293 295 296 298 302 303 304 304 305 304 305 305 305 304 303 301 302 305 305 303 301 301 301 301 302 303 305 305 305 305 305 304 302
306 307 309 310 311 308 305 304 308 310 307 306 303 297 292 291 301 305 303 306 307 305 304 305 307 304 301 296 284 280 280 285 287 299 303 307 308 308 304 301 301 301 300 298 295 284 275 273 286 290 292 291 285 281 282 284 288 291 293 295 296 294 294 297 300 303 303 304 304 305 304 304 305 303 302 301 302 304 303 304 303 301 301 301 302 303 304 305 305 305 304 305 305 304
302 302 307 310 311 310 308 309 310 310 309 306 301 301 300 297 306 306 299 302 306 308 304 307 308 306 302 299 289 293 293 298 295 299 304 308 308 307 306 305 303 302 300 298 293 282 279 273 281 291 293 294 293 291 292 288 289 295 297 298 299 298 299 300 302 303 300 300 304 304 304 303 305 304 302 303 302 302 301 303 302 301 301 302 301 301 304 304 305 305 304 304 305 305
300 306 309 310 311 311 310 310 310 305 308 308 304 303 301 304 307 303 304 304 307 308 308 308 308 307 305 300 288 296 302 302 302 305 308 307 306 305 305 300 298 298 298 298 296 285 273 269 271 284 290 292 294 291 295 295 294 298 299 299 299 297 301 300 302 302 301 302 304 304 303 301 303 305 304 302 301 300 299 299 299 300 301 300 300 302 303 304 305 305 304 303 304 305
304 307 308 310 311 311 311 311 310 306 305 307 309 308 308 308 308 306 308 309 310 310 309 309 308 308 306 301 294 299 305 305 306 308 305 301 300 300 297 294 292 290 289 288 291 283 275 271 267 273 284 290 293 295 295 297 298 300 296 289 290 295 299 299 300 302 302 301 303 304 304 303 303 304 303 302 302 301 300 299 299 299 298 298 299 299 302 305 304 304 303 302 304 305
301 299 306 307 308 311 311 311 309 306 303 304 308 305 308 309 309 309 309 309 309 310 310 309 309 308 307 303 301 305 306 307 308 306 303 302 299 294 294 293 284 278 272 271 275 279 275 272 269 269 276 286 291 292 295 297 298 300 298 291 295 297 289 293 299 301 300 297 302 304 304 304 304 304 303 303 303 301 300 300 300 299 298 297 298 302 304 304 304 304 303 303 305 304
296 296 302 302 305 310 311 310 309 307 305 307 307 308 308 302 307 307 309 308 304 309 310 310 309 309 308 306 306 308 308 307 308 306 305 304 303 301 298 293 281 272 263 265 273 277 278 275 270 268 267 276 285 290 294 296 296 298 299 298 296 288 288 293 292 298 298 296 300 304 304 304 303 303 303 303 302 300 299 298 299 298 297 298 299 302 303 303 303 302 302 304 304 304
296 296 300 301 304 310 309 308 309 309 308 308 308 308 307 302 303 303 308 307 299 305 309 309 309 309 309 308 308 308 307 307 306 306 306 304 303 300 298 293 288 283 274 269 271 272 276 273 272 273 270 269 278 284 289 292 293 297 297 298 291 281 285 288 293 294 294 297 300 304 303 304 302 301 300 301 299 296 296 295 293 297 298 299 301 301 302 301 300 300 302 304 304 304
299 298 300 301 307 308 304 304 305 308 309 308 307 308 306 306 302 301 304 307 300 298 303 307 307 309 308 308 307 305 306 307 306 305 304 303 301 300 298 296 294 291 284 279 275 268 268 271 278 278 275 270 269 277 281 289 295 295 295 296 288 280 286 288 289 296 298 300 302 304 304 304 303 301 298 297 298 293 289 289 289 296 298 298 300 302 301 299 300 303 303 303 303 303
300 302 303 302 307 308 307 306 302 308 308 307 307 307 307 306 304 303 304 306 303 298 304 306 306 306 307 306 307 305 305 307 306 302 301 300 300 299 300 296 293 291 290 289 279 270 265 272 279 282 274 269 269 278 284 292 294 294 295 294 284 284 291 297 299 300 301 302 302 304 303 302 302 301 297 295 294 293 287 285 288 293 292 296 300 300 300 301 302 303 301 301 302 301
301 304 303 303 306 308 308 307 306 308 308 306 307 306 307 304 301 301 305 301 301 300 305 303 305 306 306 304 305 302 304 307 307 303 302 301 297 296 298 299 298 296 295 293 288 279 271 275 282 282 278 273 275 278 287 291 288 291 292 289 284 289 295 298 296 298 298 301 303 303 302 302 301 299 299 294 291 293 288 284 288 290 295 298 300 300 301 302 303 300 298 298 300 299
303 305 304 305 307 307 308 308 308 308 308 307 305 306 305 302 299 301 301 298 300 303 303 301 303 304 304 304 303 302 305 306 307 305 303 301 296 295 296 298 297 293 293 293 293 285 282 284 285 283 279 277 277 277 280 281 281 284 284 283 291 296 297 293 296 297 293 301 304 304 303 302 301 298 297 294 288 290 288 282 282 289 294 297 297 297 300 301 301 300 297 298 299 296
305 304 304 305 303 304 307 307 308 307 306 306 304 306 305 302 300 301 301 299 295 299 299 294 300 302 303 302 299 300 302 306 307 303 300 298 295 296 295 296 298 299 299 297 294 288 291 286 283 283 282 282 279 278 275 273 275 280 284 289 294 294 291 290 295 295 299 302 304 303 304 303 300 298 296 297 292 288 283 279 280 289 292 296 296 294 299 299 297 299 298 299 299 299
306 303 303 304 303 304 306 306 306 306 306 306 305 302 304 302 301 300 302 300 300 297 294 295 301 303 301 300 299 301 304 307 307 305 298 298 299 300 300 301 303 300 294 291 290 293 297 279 275 277 278 280 277 277 275 274 277 289 293 295 295 293 292 297 299 301 303 304 302 302 303 303 301 299 297 295 295 293 288 283 288 289 290 294 296 292 297 293 289 296 298 298 297 300
