ecocropFuture/tif/c6/rcp585/ACCESS-CM2/tmax_9.asc
ncols        683
nrows        518
xllcorner    -87.691666666667
yllcorner    10.708333333333
cellsize     0.008333333333
NODATA_value  nan
[rows 84 to 125 of 518, columns 282 to 375 of 683]
nan nan nan nan nan nan nan nan nan nan nan nan nan nan nan nan nan nan nan 320 319 319 318 316 315 316 317 316 316 315 315 314 312 310 309 309 308 304 298 299 307 308 311 312 312 313 311 311 312 311 310 307 304 304 301 301 299 298 299 296 295 295 304 307 307 308 308 306 307 305 309 307 308 307 306 305 304 305 307 306 305 312 314 314 314 314 314 314 315 313 312 307 306 307
nan nan nan nan nan nan nan nan nan nan nan nan nan nan nan nan nan nan nan 320 320 320 317 315 317 318 316 315 315 315 315 314 312 310 312 311 308 301 300 298 306 310 311 310 310 313 312 311 312 312 310 307 305 302 300 302 299 297 297 296 293 295 305 307 307 308 307 305 306 305 309 308 307 307 307 304 305 306 307 307 305 311 313 313 313 314 314 314 314 312 308 301 304 306
nan nan nan nan nan nan nan nan nan nan nan nan nan nan nan nan nan nan nan 319 318 319 319 318 319 318 315 316 316 316 315 313 312 312 312 308 308 306 306 306 310 311 308 309 311 313 312 312 311 311 311 309 306 303 304 304 300 299 299 298 302 302 305 307 307 307 304 304 306 307 308 308 307 309 307 301 306 308 308 308 303 308 312 312 313 314 314 314 312 308 304 305 305 305
nan nan nan nan nan nan nan nan nan nan nan nan nan nan nan nan nan nan nan nan nan 318 320 320 319 318 318 317 316 315 313 308 306 310 312 310 308 307 310 310 309 308 309 310 312 312 311 310 309 308 310 309 307 305 305 302 300 299 300 301 305 306 306 306 306 306 306 305 307 307 308 303 308 310 305 303 308 308 303 307 304 307 311 311 313 314 314 314 313 312 311 310 310 309
nan nan nan nan nan nan nan nan nan nan nan nan nan nan nan nan nan nan nan nan nan 320 320 320 317 317 317 316 314 313 311 304 308 312 313 311 310 311 310 309 305 309 311 311 312 312 311 310 307 306 308 309 306 305 301 300 299 299 297 294 297 304 307 307 303 307 306 303 304 305 307 304 305 309 305 308 308 305 299 306 303 307 311 311 312 313 314 314 314 313 313 312 309 308
nan nan nan nan nan nan nan nan nan nan nan nan nan nan nan nan nan nan nan nan 320 320 319 319 319 318 317 315 313 310 305 309 311 312 313 313 313 311 308 308 309 311 312 312 312 311 311 309 304 302 307 309 306 300 298 297 298 299 296 294 295 301 306 306 304 307 306 304 300 304 306 306 307 310 308 308 304 303 297 304 302 303 310 312 312 313 314 314 314 313 312 311 309 309
nan nan nan nan nan nan nan nan nan nan nan nan nan nan nan nan nan nan nan nan 320 319 319 320 319 318 317 315 313 309 309 312 313 314 314 313 312 308 308 310 311 311 311 311 311 310 309 308 302 303 306 308 307 299 298 297 298 299 298 301 302 305 306 303 299 303 308 305 303 308 307 306 305 309 309 306 301 301 296 299 304 303 310 312 312 313 314 314 313 311 312 311 309 310
nan nan nan nan nan nan nan nan nan nan nan nan nan nan nan nan nan nan nan 320 319 319 319 319 319 318 316 315 313 313 312 313 313 314 314 313 311 309 308 310 310 310 309 310 309 309 309 307 301 304 302 304 307 304 304 299 301 300 298 300 304 305 306 301 299 303 309 306 302 309 308 306 303 309 306 300 298 297 291 300 307 304 311 312 312 313 314 314 313 312 312 310 310 310
nan 319 321 321 321 320 320 317 314 315 318 320 320 320 320 320 320 320 320 320 319 319 319 319 318 315 315 315 314 312 311 314 315 314 313 312 311 308 309 310 311 308 306 309 308 309 309 308 301 302 302 306 305 302 304 301 300 300 302 303 302 303 304 299 298 303 310 307 307 310 308 308 306 309 306 299 295 292 290 299 309 308 312 313 312 313 313 314 314 313 312 312 311 308
321 318 318 319 319 318 316 311 312 310 316 319 318 319 320 320 320 320 320 318 318 318 319 319 317 315 315 312 312 313 313 315 314 313 313 313 312 308 308 309 309 307 306 308 309 308 307 306 302 303 302 304 306 299 302 302 298 296 298 300 302 304 303 300 304 307 310 310 310 311 310 310 310 311 307 299 294 297 295 301 309 311 313 313 313 313 314 314 313 313 313 312 311 309
320 316 316 317 316 316 316 317 318 318 318 318 318 319 319 319 319 319 318 318 316 316 319 318 317 314 316 315 315 314 315 315 313 312 311 311 312 310 308 308 307 305 305 306 308 305 305 307 305 301 298 298 303 298 299 301 297 296 300 302 303 302 300 301 301 307 309 310 309 309 312 312 310 310 304 295 294 302 299 300 309 312 313 313 313 314 314 313 312 312 312 310 311 311
319 316 315 306 303 309 317 317 318 318 319 319 319 319 319 318 318 318 317 317 318 318 318 315 315 315 317 316 316 316 315 314 311 312 310 310 310 311 309 309 307 306 306 307 307 304 303 306 304 303 299 296 299 301 297 298 296 296 298 301 299 299 301 306 307 304 307 309 305 309 311 311 312 309 303 293 294 305 302 305 309 312 313 313 313 314 314 314 313 312 312 312 311 311
316 315 309 295 305 315 317 318 318 318 318 318 319 319 318 318 318 317 317 317 318 317 315 308 309 315 317 316 315 315 314 313 312 310 309 309 309 309 310 308 308 307 306 306 305 301 301 304 305 301 298 292 294 301 299 299 298 294 294 299 296 296 300 305 306 304 306 307 305 307 309 310 312 310 304 293 294 306 302 308 311 312 313 313 314 314 313 314 313 312 312 312 311 311
317 310 301 303 313 316 317 317 318 318 318 318 319 318 318 318 318 317 317 318 318 314 310 311 314 315 316 316 315 314 313 312 310 309 309 307 308 306 308 306 306 307 306 304 301 304 301 300 304 298 290 293 296 295 299 298 299 297 293 296 294 299 302 303 304 301 304 303 303 304 308 308 310 311 302 294 299 309 306 310 312 312 313 313 314 313 313 313 313 312 311 311 311 310
310 299 303 311 313 315 317 317 318 318 318 318 319 318 318 318 318 318 318 317 316 315 313 314 315 314 314 316 315 314 312 311 310 309 309 306 309 303 305 306 303 305 303 301 299 299 303 301 304 295 287 288 292 288 295 297 295 297 294 296 296 296 298 300 303 303 306 302 302 306 306 305 307 311 304 301 303 311 311 312 312 313 313 313 314 313 313 313 313 312 311 311 311 310
306 304 311 313 315 316 317 317 318 318 318 318 318 318 318 318 318 318 318 317 315 314 313 313 314 314 316 316 314 314 312 311 310 309 308 307 308 305 304 301 305 304 303 296 296 293 301 295 300 299 288 282 286 287 294 295 293 297 299 300 301 294 295 298 304 306 306 303 302 304 304 304 309 312 306 309 308 312 312 312 312 312 312 313 313 312 313 313 313 312 311 311 311 310
297 304 303 309 311 312 315 317 318 318 318 319 319 318 318 318 318 318 317 314 315 314 313 313 314 315 315 315 315 313 311 310 310 308 309 309 309 304 302 301 303 305 304 297 292 294 299 298 294 298 292 283 278 285 291 291 291 298 297 298 302 299 301 302 301 306 306 303 298 302 307 308 311 313 310 311 312 313 312 312 312 312 312 313 313 313 312 313 312 312 312 310 310 311
298 301 301 306 309 313 315 317 318 318 318 319 319 318 319 319 319 318 317 316 316 314 314 314 314 315 315 314 314 313 312 310 311 308 309 308 309 308 304 300 298 303 304 300 290 291 295 301 298 295 294 284 276 283 293 294 295 298 291 295 301 303 304 305 305 307 306 299 294 304 311 310 312 313 312 309 311 312 313 313 313 313 313 314 313 312 312 312 313 312 312 311 311 311
304 299 300 310 314 315 315 316 315 313 315 317 319 319 319 318 318 318 317 316 316 315 314 314 313 314 313 311 313 313 312 310 312 310 309 308 310 309 307 300 297 300 304 301 294 293 298 301 299 295 294 284 276 285 292 294 295 297 293 293 300 304 305 306 306 308 306 296 296 307 311 311 313 313 313 312 312 313 313 314 314 313 313 312 312 312 312 313 313 312 312 312 311 310
312 314 311 314 315 315 314 316 316 314 316 318 319 318 318 317 317 315 315 315 315 315 314 313 313 313 313 311 311 312 310 312 313 312 310 310 311 309 306 304 302 301 303 302 297 299 298 296 298 292 290 285 278 284 290 292 288 292 295 298 302 303 302 303 303 307 305 300 304 311 312 312 313 312 314 313 313 313 314 314 313 312 310 311 312 313 313 313 312 313 312 312 311 310
313 313 314 313 314 314 314 313 314 315 317 318 319 318 318 317 315 312 315 315 315 314 314 313 313 313 313 310 309 310 313 313 312 312 311 311 311 308 303 304 305 303 304 304 299 298 295 289 295 288 287 288 280 282 287 287 286 294 298 299 299 297 300 305 305 308 309 304 310 311 313 313 312 313 314 314 314 314 314 311 312 310 307 311 313 313 313 312 312 312 312 311 311 311
302 302 305 309 309 309 311 314 316 317 318 318 319 318 318 317 316 315 315 315 314 314 313 313 313 312 312 309 309 310 312 313 312 312 312 312 312 310 309 306 307 305 305 304 303 300 297 293 285 286 287 293 288 290 289 283 285 292 289 290 298 302 302 303 308 309 310 309 311 309 310 312 313 313 314 314 313 309 309 311 311 312 311 312 313 313 313 312 312 312 312 312 312 311
302 299 302 306 307 308 311 312 311 316 318 318 319 318 317 317 316 315 314 315 314 314 313 313 312 309 311 307 310 310 312 313 313 312 311 310 311 311 307 304 308 307 306 303 300 293 292 290 279 285 289 293 294 292 288 282 283 292 291 292 301 304 306 307 308 308 310 309 310 310 308 312 313 313 314 313 312 306 308 312 311 312 312 313 313 313 312 312 312 312 312 312 312 311
307 307 310 311 312 314 313 308 315 317 318 318 318 318 317 317 316 316 315 315 314 314 313 312 312 308 309 309 311 311 312 312 312 311 310 310 309 310 310 308 305 307 305 303 297 295 287 283 285 287 287 291 296 290 280 276 280 288 296 294 298 303 305 305 307 307 309 310 311 308 304 310 313 313 313 313 311 310 311 312 312 313 313 313 311 312 312 312 312 312 312 311 312 311
311 314 315 315 316 317 315 314 317 318 318 318 317 317 317 316 315 316 315 314 314 313 312 310 309 306 309 310 310 310 311 312 311 310 311 310 306 306 308 308 304 305 305 304 302 297 285 280 290 294 291 293 297 290 278 269 278 287 298 298 299 301 300 305 308 308 309 310 309 303 302 310 313 312 310 309 311 312 312 313 313 313 313 313 312 312 312 312 312 312 312 311 311 311
302 309 314 315 315 314 317 317 318 318 318 317 317 317 316 315 315 315 314 314 312 311 310 307 306 307 310 311 311 309 311 312 312 312 310 310 307 306 307 308 307 304 304 304 301 298 291 282 286 296 291 294 298 292 283 274 280 289 298 302 303 305 304 306 309 309 309 310 306 301 302 309 311 309 305 310 312 312 313 312 312 312 312 312 313 312 312 312 312 312 312 311 311 309
290 298 305 308 313 316 317 318 318 318 317 317 316 316 316 315 315 314 314 313 310 305 307 305 303 306 309 309 307 311 311 311 311 312 310 309 308 306 305 307 307 305 305 304 301 300 297 288 290 297 291 294 299 296 285 278 284 289 297 304 305 307 307 308 309 309 310 309 307 302 303 308 310 309 309 311 312 312 311 313 312 312 312 312 313 312 312 310 311 312 312 311 309 298
297 301 307 309 311 316 317 318 318 317 317 317 316 315 316 315 314 313 312 311 303 297 299 300 298 303 306 304 309 310 311 310 310 311 311 310 309 305 303 303 306 302 301 303 303 302 296 287 293 298 294 297 298 297 284 282 285 293 299 304 305 306 307 308 309 309 308 308 306 298 304 307 309 310 310 311 311 312 311 312 312 311 310 312 312 312 308 308 310 309 310 311 309 298
308 309 310 315 316 317 318 318 318 316 317 316 316 315 315 314 314 313 311 307 300 292 292 293 293 299 307 307 309 310 311 310 310 310 310 309 304 304 305 300 303 300 298 302 303 300 295 287 293 300 297 300 296 299 287 280 292 293 298 304 306 306 307 308 309 308 308 306 306 299 299 305 309 310 309 311 311 311 311 312 311 311 311 312 312 311 308 309 306 306 305 309 310 306
310 314 315 315 316 318 318 318 318 316 316 315 315 315 314 314 314 313 311 307 299 293 286 283 286 292 301 307 310 310 308 310 309 309 309 309 301 295 303 298 299 301 296 299 301 300 293 287 289 298 301 298 296 300 287 279 286 298 301 303 306 307 308 309 308 306 304 301 305 298 293 299 306 309 310 310 310 311 311 311 310 310 311 312 312 312 308 307 302 303 305 309 310 305
312 315 316 317 317 318 318 318 318 317 316 315 315 315 314 314 313 313 308 304 297 288 280 273 277 285 299 308 310 309 307 309 307 308 310 307 299 291 300 296 291 299 295 297 301 298 294 292 289 295 301 298 301 301 289 282 281 293 302 305 306 307 307 307 305 299 295 298 304 301 296 298 304 308 309 309 310 311 310 309 307 309 311 312 312 312 310 307 303 303 305 306 309 307
315 314 316 318 318 319 318 317 316 316 316 315 316 315 314 313 313 312 310 302 295 283 274 271 281 291 303 306 309 310 308 305 305 307 309 304 294 291 299 297 288 295 295 297 301 297 297 295 290 296 302 303 303 301 292 285 282 292 299 302 306 306 306 305 301 292 286 291 300 296 289 293 301 306 307 309 309 310 304 303 299 305 309 307 311 311 310 309 309 306 304 304 308 303
313 315 316 318 319 319 317 316 316 316 316 316 316 315 314 313 313 312 310 306 298 284 276 283 289 296 304 308 310 309 307 306 306 307 308 302 298 294 292 297 288 288 295 299 301 299 300 294 294 297 299 303 304 303 295 289 289 294 296 300 305 304 303 303 295 281 281 289 298 294 283 287 298 302 307 307 307 307 303 295 296 298 302 305 307 309 310 309 309 306 302 304 307 304
311 314 318 318 319 318 317 316 316 315 315 316 315 315 314 314 312 311 310 308 299 284 284 290 296 301 306 309 309 306 307 306 307 308 308 297 294 296 288 291 290 284 291 301 301 301 302 299 292 292 300 304 304 303 299 294 293 294 296 300 304 304 299 298 292 284 280 288 295 291 282 290 297 302 305 307 301 301 299 296 299 300 305 308 308 309 310 309 308 303 298 302 307 306
314 318 319 319 319 317 317 317 316 315 316 316 315 315 314 313 311 311 309 307 301 288 289 297 301 305 307 305 308 308 304 306 307 308 307 304 296 295 292 290 295 290 294 302 302 299 301 299 293 295 303 304 305 303 300 297 296 291 290 297 303 299 290 286 289 283 283 288 292 292 289 288 291 297 303 307 302 298 300 301 300 304 307 308 309 309 309 309 305 303 299 298 308 308
314 318 319 319 317 314 316 316 315 316 317 316 315 315 314 312 309 309 310 307 303 292 297 302 304 307 306 301 308 308 307 306 307 307 306 303 300 293 295 290 298 298 298 302 302 300 302 302 298 300 304 305 305 304 300 298 293 287 292 298 302 296 287 283 288 284 285 288 292 294 295 297 296 301 304 303 303 302 304 306 304 307 308 308 309 309 309 308 307 308 307 308 310 309
316 318 319 318 317 315 313 310 316 317 316 315 314 315 314 313 311 309 308 307 305 297 299 304 305 305 300 304 309 308 306 305 304 306 304 300 301 293 295 294 299 302 301 303 302 304 303 299 297 299 304 305 306 304 302 297 290 286 293 299 301 294 286 287 290 288 289 291 292 298 296 297 302 302 300 300 298 301 305 307 308 308 308 308 307 306 308 307 307 309 309 308 307 309
317 319 318 314 309 308 312 316 317 316 316 314 314 314 313 312 311 309 308 304 301 300 303 304 301 302 303 306 309 305 300 297 303 304 304 304 302 299 298 297 295 300 303 302 302 304 301 298 296 299 303 305 306 303 303 296 290 292 295 295 298 295 287 288 292 292 289 292 295 297 291 291 296 295 298 297 295 300 303 306 307 305 305 305 302 297 305 307 305 306 305 304 301 303
318 318 317 310 310 308 313 316 316 315 315 312 311 314 312 312 311 310 308 305 302 300 303 304 303 304 306 305 306 302 299 297 299 303 303 301 302 301 299 300 298 301 304 302 303 305 305 304 302 303 302 303 306 303 304 297 291 293 296 294 295 297 289 286 292 293 294 295 294 294 294 290 290 295 297 293 294 301 305 306 304 301 300 302 298 300 301 300 302 304 303 304 302 302
318 316 310 310 311 312 314 316 316 315 313 308 309 313 312 311 308 307 306 305 305 304 306 305 304 301 301 304 306 302 299 299 300 302 303 300 298 295 299 301 302 303 303 304 305 305 304 305 304 304 302 305 306 305 304 299 298 297 297 298 294 298 291 290 292 293 294 293 290 291 292 283 287 294 296 297 297 301 305 304 299 299 301 299 300 297 296 295 298 302 298 302 302 306
318 312 307 311 312 314 316 316 316 314 313 311 311 313 312 310 304 300 305 306 305 306 306 305 304 303 304 306 307 304 300 301 300 301 299 301 298 295 294 301 302 303 303 304 306 306 305 305 305 303 305 305 305 305 304 300 302 302 301 300 296 300 297 294 293 293 293 290 287 294 294 292 290 293 295 297 298 302 303 299 299 300 300 299 298 293 289 288 294 301 300 302 297 300
316 305 308 310 313 315 315 316 316 314 312 310 309 310 311 310 305 301 304 306 306 306 306 305 306 306 306 307 304 305 304 302 297 295 293 297 298 297 292 295 300 303 304 305 304 304 304 306 305 305 303 302 305 304 301 303 298 303 299 297 297 300 301 295 293 297 293 290 287 290 296 297 297 297 299 301 301 300 298 296 298 299 299 297 293 289 287 290 297 300 296 299 296 293
