ecocropFuture/tif/c6/rcp585/ACCESS-CM2/tmax_5.asc
ncols        683
nrows        518
xllcorner    -87.691666666667
yllcorner    10.708333333333
cellsize     0.008333333333
NODATA_value  nan
[rows 42 to 83 of 518, columns 282 to 375 of 683]
nan nan nan nan nan nan nan nan nan nan nan nan nan nan nan nan nan nan nan nan nan nan nan nan nan nan nan nan nan nan nan nan nan nan nan 337 337 337 337 332 328 331 333 334 332 333 332 331 332 332 331 332 333 333 333 332 332 332 333 332 333 333 333 332 332 332 333 333 332 332 332 333 333 334 334 334 335 335 335 335 334 334 334 334 334 nan nan nan nan nan nan nan nan nan
nan nan nan nan nan nan nan nan nan nan nan nan nan nan nan nan nan nan nan nan nan nan nan nan nan nan nan nan nan nan nan nan nan nan 336 336 332 333 335 333 332 334 333 333 332 332 333 332 332 333 332 333 333 333 333 333 333 333 332 333 332 331 332 332 332 333 333 332 332 332 332 333 333 333 333 333 334 335 334 334 334 334 333 333 333 333 333 332 nan nan nan nan nan nan
nan nan nan nan nan nan nan nan nan nan nan nan nan nan nan nan nan nan nan nan nan nan nan nan nan nan nan nan nan nan nan nan nan nan 336 336 333 334 333 334 335 331 333 333 332 332 332 332 332 331 330 331 332 333 333 333 333 333 333 333 332 331 331 332 332 332 333 332 332 332 332 333 333 333 333 333 334 334 334 333 333 333 333 333 332 332 332 331 331 331 331 331 331 331
nan nan nan nan nan nan nan nan nan nan nan nan nan nan nan nan nan nan nan nan nan nan nan nan nan nan nan nan nan nan nan nan nan nan nan 336 336 336 335 336 334 332 334 334 333 331 332 331 332 332 330 332 331 330 331 332 332 331 332 332 331 330 330 330 331 332 332 332 332 332 333 333 333 333 333 333 333 333 333 333 332 332 332 332 332 331 331 331 331 330 331 331 330 330
nan nan nan nan nan nan nan nan nan nan nan nan nan nan nan nan nan nan nan nan nan nan nan nan nan nan nan nan nan nan nan nan nan nan nan nan 334 336 337 335 334 335 334 334 333 332 332 332 332 330 329 331 330 330 332 331 330 331 332 332 331 329 329 330 332 332 333 332 332 332 333 332 333 333 333 333 333 332 332 332 332 331 331 332 331 331 331 330 330 330 330 330 330 329
nan nan nan nan nan nan nan nan nan nan nan nan nan nan nan nan nan nan nan nan nan nan nan nan nan nan nan nan nan nan nan nan nan nan nan nan nan 337 336 334 335 335 333 334 333 332 331 331 331 331 330 330 329 331 332 330 330 330 331 331 330 329 331 332 332 333 333 332 332 332 332 332 333 333 333 332 332 332 332 331 331 331 331 331 331 330 330 330 330 329 330 330 329 329
nan nan nan nan nan nan nan nan nan nan nan nan nan nan nan nan nan nan nan nan nan nan nan nan nan nan nan nan nan nan nan nan nan nan nan nan 336 337 335 337 337 335 334 334 331 329 329 330 331 330 329 328 330 331 331 330 330 330 329 331 331 331 332 332 333 332 332 333 333 332 332 333 333 332 332 332 331 331 331 330 330 331 331 331 330 330 330 330 329 329 329 329 328 328
nan nan nan nan nan nan nan nan nan nan nan nan nan nan nan nan nan nan nan nan nan nan nan nan nan nan nan nan nan nan nan nan nan nan nan 336 337 337 338 337 336 335 334 333 330 329 329 330 330 330 328 329 330 331 331 330 329 331 331 332 331 331 332 332 332 332 332 332 332 332 332 332 332 331 331 331 331 331 330 331 331 331 331 330 330 330 330 329 329 329 329 328 327 327
nan nan nan nan nan nan nan nan nan nan nan nan nan nan nan nan nan nan nan nan nan nan nan nan nan nan nan nan nan nan nan nan nan nan nan nan 334 336 338 337 336 335 335 333 331 330 329 330 330 329 327 328 330 330 331 331 331 332 332 332 330 332 332 333 333 332 331 330 331 330 331 332 332 331 331 331 331 331 331 331 330 330 329 330 330 329 329 329 329 329 328 327 327 327
nan nan nan nan nan nan nan nan nan nan nan nan nan nan nan nan nan nan nan nan nan nan nan nan nan nan nan nan nan nan nan nan nan nan nan nan nan 338 337 337 337 336 336 334 333 331 330 331 330 327 328 329 330 330 331 332 332 333 333 332 332 333 333 332 332 331 330 324 326 330 331 330 331 331 331 330 331 330 331 330 330 329 329 330 329 329 329 329 329 329 328 327 327 328
nan nan nan nan nan nan nan nan nan nan nan nan nan nan nan nan nan nan nan nan nan nan nan nan nan nan nan nan nan nan nan nan nan nan nan nan 338 337 336 336 335 336 335 333 332 331 332 331 329 328 328 330 331 330 332 332 332 332 332 332 332 332 332 331 330 330 328 322 325 326 330 330 331 330 329 330 331 330 330 330 330 329 330 329 329 329 329 328 328 328 328 327 327 327
nan nan nan nan nan nan nan nan nan nan nan nan nan nan nan nan nan nan nan nan nan nan nan nan 340 339 339 nan nan nan nan nan nan nan nan 339 338 336 337 335 334 336 336 334 333 333 330 330 330 329 330 330 331 332 332 332 332 332 332 332 332 331 331 330 329 328 329 329 329 329 331 330 329 330 330 330 330 330 331 330 329 329 329 329 329 329 329 328 328 327 327 327 325 325
nan nan nan nan nan nan nan nan nan nan nan nan nan nan nan nan nan nan nan nan nan nan 339 339 339 338 336 339 nan nan nan nan nan nan 340 339 336 336 335 334 336 337 336 334 334 333 331 331 331 330 331 331 332 332 332 332 332 332 331 330 332 332 331 331 329 329 330 330 330 331 330 328 328 329 329 328 329 330 330 330 329 330 329 329 329 328 328 328 328 328 327 326 326 325
nan nan nan nan nan nan nan nan nan nan nan nan nan nan nan nan nan nan nan nan nan nan 339 340 339 338 336 338 338 nan nan nan nan 339 338 337 334 333 334 335 336 336 335 333 332 332 331 330 329 331 331 332 332 332 332 332 332 329 331 332 332 331 331 330 329 329 329 330 329 330 330 329 329 330 329 330 330 330 330 329 329 329 329 328 328 326 327 327 327 327 327 326 325 326
nan nan nan nan nan nan nan nan nan nan nan nan nan nan nan nan nan nan nan nan nan nan nan 339 339 338 337 336 337 339 339 339 338 338 337 337 335 333 333 335 336 336 335 331 329 330 330 329 330 331 332 332 332 332 332 331 329 331 332 331 331 331 330 330 330 329 327 329 327 329 329 329 330 329 329 329 329 329 329 329 328 329 328 328 327 325 327 326 326 326 326 326 324 325
nan nan nan nan nan nan nan nan nan nan nan nan nan nan nan nan nan nan nan nan nan nan nan 339 339 338 334 337 337 337 338 338 337 337 336 335 334 332 333 335 335 334 334 334 333 332 329 330 331 332 332 332 331 331 331 330 331 331 331 331 331 329 326 327 329 327 328 328 328 328 329 329 329 329 328 328 329 329 329 329 328 328 328 328 326 325 325 326 325 325 326 326 326 326
nan nan nan nan nan nan nan nan nan nan nan nan nan nan nan nan nan nan nan nan nan nan nan 340 338 337 332 338 337 335 336 336 337 336 335 333 331 331 333 334 334 335 334 332 332 331 331 332 333 333 333 333 332 331 331 332 330 331 331 330 329 325 324 325 327 325 324 327 329 329 328 327 326 328 327 325 327 328 328 328 328 328 328 328 327 324 323 324 324 325 325 324 325 325
nan nan nan nan nan nan nan nan nan nan nan nan nan nan nan nan nan nan nan nan nan nan nan 339 339 336 337 337 335 333 333 336 336 335 333 329 328 330 333 334 335 335 333 330 331 331 332 332 333 333 332 332 332 331 330 330 331 331 331 329 326 323 321 322 325 326 328 329 329 328 328 324 325 324 323 322 322 326 328 327 327 327 327 327 327 324 323 323 323 325 324 321 320 323
nan nan nan nan nan nan nan nan nan nan nan nan nan nan nan nan nan nan nan nan nan nan nan nan 339 338 335 336 334 329 333 336 335 334 330 328 330 332 334 334 335 333 332 332 332 332 332 333 332 332 331 331 332 331 331 332 330 330 330 329 328 326 325 326 327 327 327 328 328 327 327 325 323 321 322 324 324 324 325 327 327 327 327 327 327 326 325 323 323 323 321 317 315 319
nan nan nan nan nan nan nan nan nan nan nan nan nan nan nan nan nan nan nan nan nan nan nan 339 339 336 333 335 332 332 336 336 334 332 326 326 331 333 334 334 334 335 334 333 333 333 333 333 332 332 332 332 332 332 332 332 330 329 327 327 325 325 322 321 319 318 323 326 326 325 325 321 321 317 317 321 323 323 323 325 326 327 327 327 327 323 324 324 322 321 322 321 320 322
nan nan nan nan nan nan nan nan nan nan nan nan nan nan nan nan nan nan nan nan nan nan nan 339 338 336 336 336 334 335 336 335 334 332 330 331 333 333 334 333 334 334 334 334 334 334 333 332 331 332 331 332 332 331 330 331 330 329 324 325 320 320 320 318 319 321 319 323 322 322 323 320 317 316 318 323 324 324 325 326 326 327 327 327 326 322 324 324 323 321 323 323 324 324
nan nan nan nan nan nan nan nan nan nan nan nan nan nan nan nan nan nan nan nan nan nan nan 339 337 335 336 335 335 336 335 335 333 332 331 331 332 333 333 333 333 333 333 333 334 333 333 332 332 331 332 331 330 328 327 330 330 329 323 323 321 321 315 313 319 322 320 321 320 320 323 318 320 321 321 323 325 326 326 326 326 326 327 327 327 325 325 325 323 322 324 324 322 324
nan nan nan nan nan nan nan nan nan nan nan nan nan nan nan nan nan nan nan nan nan nan 340 337 336 336 333 332 336 335 334 335 334 333 330 329 331 332 331 332 331 332 333 334 334 333 333 332 332 331 331 330 329 327 323 328 328 327 325 327 326 323 317 314 319 322 322 322 321 323 321 318 320 321 323 324 325 325 325 326 326 326 327 327 326 326 326 324 319 320 322 323 318 318
nan nan nan nan nan nan nan nan nan nan nan nan nan nan nan nan nan nan nan nan nan 340 339 336 336 335 334 335 336 334 333 334 334 331 330 329 331 332 331 332 332 333 333 334 333 333 332 332 331 331 329 328 328 326 325 327 326 327 326 324 325 320 315 314 318 322 320 316 316 318 317 318 315 318 318 320 323 322 324 325 326 327 326 326 326 326 326 325 322 319 321 323 321 318
nan nan nan nan nan nan nan nan nan nan nan nan nan nan nan nan nan nan nan nan 339 339 336 334 335 332 334 336 335 333 333 333 333 329 328 328 330 329 330 332 333 333 333 334 333 332 332 331 331 329 328 326 324 324 325 324 320 325 324 322 324 319 310 306 317 321 316 310 308 310 311 316 315 318 320 321 323 321 322 322 324 326 326 326 326 326 326 326 322 317 322 323 321 317
nan nan nan nan nan nan nan nan nan nan nan nan nan nan nan nan nan nan nan 340 339 338 334 334 333 334 335 335 334 331 331 333 331 331 330 328 329 329 331 332 332 333 333 333 332 332 331 330 329 327 323 320 316 321 319 318 316 323 321 323 325 317 308 313 320 319 312 305 303 306 313 313 314 319 321 322 324 322 323 324 323 325 325 325 326 326 326 326 325 323 322 324 322 319
nan nan nan nan nan nan nan nan nan nan nan nan nan nan nan nan nan nan nan 340 339 336 334 333 332 335 336 334 331 331 331 332 330 331 330 329 330 330 331 331 332 332 333 333 332 331 330 329 326 326 321 316 315 318 313 315 320 321 318 323 321 311 310 314 319 317 311 307 307 311 313 311 314 319 321 323 322 321 322 322 323 324 324 325 326 326 326 326 326 325 325 325 325 324
nan nan nan nan nan nan nan nan nan nan nan nan nan nan nan nan nan nan 340 340 338 334 334 331 334 335 335 332 329 329 331 329 330 329 328 329 327 327 330 332 332 332 333 332 332 329 327 327 325 322 321 320 320 315 311 319 321 319 315 319 315 312 310 315 316 313 310 307 308 312 312 310 313 319 321 323 321 321 322 321 323 325 325 325 323 326 326 326 326 326 326 325 325 325
nan nan nan nan nan nan nan nan nan nan nan nan nan nan nan nan nan nan 340 339 335 333 333 333 334 335 334 331 328 329 328 328 331 329 327 326 325 328 330 332 333 333 333 332 332 328 325 325 321 322 323 323 322 320 318 323 317 318 314 317 320 318 316 318 317 311 306 308 314 317 316 316 315 318 320 321 319 322 323 322 324 325 326 326 325 326 326 326 326 326 326 326 326 325
nan nan nan nan nan nan nan nan nan nan nan nan nan nan nan nan nan 338 340 339 334 332 334 334 335 334 333 329 325 326 328 329 330 327 326 328 329 329 332 332 333 333 333 333 331 330 326 324 323 323 324 325 322 322 323 321 315 319 312 316 320 318 318 320 318 313 305 310 313 317 319 319 319 319 321 322 317 321 324 323 324 325 325 326 326 326 326 326 326 326 326 326 326 325
nan nan nan nan nan nan nan nan nan nan nan nan nan nan nan nan nan 339 340 338 334 331 333 335 334 333 332 327 326 328 328 328 328 322 326 329 331 331 332 332 333 332 333 333 328 330 328 326 325 323 325 325 322 322 319 317 318 321 315 316 320 318 317 320 319 315 309 314 314 317 319 320 321 322 322 321 319 320 324 324 325 325 325 326 326 326 326 327 327 327 326 326 326 326
nan nan nan nan nan nan nan nan nan nan nan nan nan nan nan nan nan 339 339 337 335 335 335 335 333 330 329 327 325 325 326 326 328 325 328 329 331 332 332 332 333 333 333 332 327 329 327 325 326 324 325 326 324 325 316 318 323 322 318 318 316 319 318 320 318 316 315 317 317 319 320 320 319 320 320 319 321 322 323 323 323 324 325 326 326 326 326 326 326 326 326 326 326 326
nan nan nan nan nan nan nan nan nan nan nan nan nan nan nan nan 340 339 338 337 336 336 336 335 331 327 328 328 324 323 326 328 329 329 327 328 331 332 332 332 333 333 332 331 329 327 327 325 327 325 326 325 326 324 319 322 324 319 318 318 313 318 319 320 319 319 319 316 315 319 319 317 315 315 318 321 323 324 323 325 323 325 325 326 326 326 326 326 326 326 326 327 326 326
nan nan nan nan nan nan nan nan nan nan nan nan nan nan nan nan 340 339 337 335 335 337 336 334 330 328 330 327 323 322 327 328 329 331 329 330 332 332 333 332 332 333 332 329 327 326 327 326 328 327 327 326 326 322 321 323 324 320 318 316 312 318 320 320 321 321 321 316 314 317 317 311 312 314 317 323 322 323 325 326 325 325 326 326 327 326 326 327 327 327 326 326 326 326
nan nan nan nan nan nan nan nan nan nan nan nan nan nan nan 340 340 338 337 336 337 336 335 333 331 331 330 325 321 325 326 326 329 331 332 332 332 332 332 332 331 332 332 332 326 328 326 327 329 328 328 327 327 324 326 325 324 321 320 318 318 320 320 319 320 320 321 318 314 317 316 310 312 312 315 321 324 324 324 326 326 326 326 326 327 327 327 327 327 327 326 325 325 326
nan nan nan nan nan nan nan nan nan nan nan nan nan nan 340 340 339 338 338 337 337 336 335 334 330 329 329 323 323 327 326 327 330 331 332 332 332 332 332 332 331 330 329 332 327 329 327 327 329 329 328 328 328 327 327 326 324 322 321 321 318 319 317 317 316 319 322 320 317 316 319 316 317 319 320 321 325 323 319 325 327 325 325 327 327 327 327 327 327 327 327 326 325 325
nan nan nan nan nan nan nan nan nan nan nan nan nan 338 340 340 340 339 338 335 337 336 334 333 331 330 326 324 326 329 328 328 330 331 332 332 332 332 331 331 331 327 324 331 331 331 330 327 329 329 329 329 328 327 326 325 320 319 317 316 317 319 316 316 311 318 320 321 321 316 319 315 316 318 320 323 324 319 317 324 327 327 327 327 328 328 327 327 327 327 326 326 325 324
nan nan nan nan nan nan nan nan nan nan nan nan nan 337 339 340 340 340 339 338 337 335 332 331 332 330 328 326 328 329 328 328 328 327 329 331 332 331 329 330 331 328 326 330 331 331 330 329 330 330 329 328 328 326 324 324 320 314 313 312 314 319 318 319 314 316 322 322 323 319 318 317 312 315 318 321 323 318 317 321 326 326 324 327 328 328 327 327 327 327 325 325 325 324
nan nan nan nan nan nan nan nan nan nan nan nan nan nan nan 339 339 340 339 338 337 334 331 328 329 330 329 326 330 330 329 329 329 330 328 331 330 329 328 329 330 330 329 330 331 331 331 330 330 330 329 328 327 326 324 323 319 317 313 311 311 317 320 320 319 315 319 322 323 321 317 318 311 309 316 318 319 319 313 317 324 326 324 327 327 327 326 326 327 327 325 324 324 324
nan nan nan nan nan nan nan nan nan nan nan nan nan nan nan nan 339 340 339 338 337 335 332 329 326 327 327 329 332 330 329 329 332 329 330 330 329 326 327 327 330 331 330 331 331 331 331 330 330 329 328 327 327 325 325 323 320 316 314 313 313 314 320 321 320 315 319 322 323 322 318 320 316 312 316 315 315 319 315 313 322 326 326 327 327 327 326 326 327 326 326 325 324 321
nan nan nan nan nan nan nan nan nan nan nan nan nan nan nan nan 339 339 339 339 337 336 333 330 329 330 330 332 332 329 330 332 331 329 328 329 327 324 325 324 328 330 330 329 331 331 329 330 329 329 327 326 325 325 322 320 314 314 313 315 318 320 320 322 321 319 321 322 322 324 319 320 319 315 318 316 316 319 318 314 323 326 327 327 327 327 326 326 327 326 325 324 323 317
nan nan nan nan nan nan nan nan nan nan nan nan nan nan nan nan nan 339 340 339 336 335 335 333 331 332 333 334 332 332 332 332 330 328 327 326 325 323 319 321 326 329 329 329 330 330 328 329 329 328 326 323 322 323 320 315 315 315 316 318 318 315 321 322 322 321 323 323 323 323 322 319 321 317 319 317 317 320 320 317 324 326 326 326 326 326 326 326 327 326 325 324 322 315
