ecocropFuture/tif/c6/rcp585/ACCESS-CM2/tmax_3.asc
ncols        683
nrows        518
xllcorner    -87.691666666667
yllcorner    10.708333333333
cellsize     0.008333333333
NODATA_value  nan
[rows 294 to 335 of 518, columns 94 to 187 of 683]
355 353 351 349 347 345 344 343 343 343 341 340 343 347 349 348 343 343 341 343 346 350 354 353 354 355 356 356 357 358 358 359 359 359 360 360 360 360 359 359 360 361 362 363 364 364 364 364 364 364 364 363 362 360 359 357 356 356 356 356 355 355 355 356 356 356 357 357 357 359 359 359 358 357 356 354 353 351 348 346 345 341 342 342 341 337 340 344 340 340 337 330 327 329
357 355 353 352 350 348 346 346 347 347 348 348 349 350 350 347 339 333 331 332 335 342 349 350 351 353 354 355 356 356 357 357 358 360 360 360 360 360 360 360 360 361 362 363 363 364 364 364 364 364 365 364 362 360 359 357 356 355 355 355 354 354 354 355 355 355 356 356 357 358 359 359 358 357 354 354 354 352 350 345 347 345 346 346 345 344 345 346 345 342 341 334 331 330
359 357 355 354 352 350 349 349 350 350 352 352 353 352 350 347 341 329 317 322 325 338 346 348 349 350 351 353 355 355 355 355 357 360 361 361 361 361 360 360 360 361 362 362 363 363 364 364 364 365 365 364 362 360 359 357 356 355 354 354 353 353 353 354 354 354 355 356 356 358 359 360 359 357 353 352 352 349 349 350 350 346 348 348 348 347 348 347 348 346 343 340 336 333
360 359 357 356 355 353 352 352 353 354 354 354 355 354 352 348 341 329 324 327 333 343 347 347 348 348 349 351 353 353 353 354 355 358 360 360 360 360 360 359 360 360 361 361 362 362 363 363 364 364 364 363 362 360 358 356 355 354 354 354 353 353 353 353 354 354 354 355 356 358 358 359 360 357 352 352 349 350 348 349 351 350 349 349 350 346 347 348 348 347 341 332 329 336
361 360 359 358 357 357 356 355 355 356 356 356 356 355 353 349 345 339 338 338 341 345 347 346 346 346 347 347 348 350 351 351 353 356 357 358 360 359 359 358 358 359 360 361 361 361 362 362 363 364 364 363 361 359 358 355 354 354 353 353 353 352 353 353 353 353 354 354 355 356 357 357 358 356 352 351 350 350 350 351 352 352 351 350 351 350 349 349 349 346 338 331 327 336
362 361 361 360 359 359 358 358 358 358 358 358 357 356 354 352 351 347 345 346 346 347 346 344 342 343 344 344 345 347 347 349 351 354 356 357 358 358 355 356 357 359 359 360 360 361 361 362 362 363 363 362 361 359 357 355 353 353 353 353 353 352 352 353 353 353 353 354 354 355 356 356 357 356 355 351 350 351 352 352 352 352 351 351 352 352 351 350 349 346 342 337 334 336
363 362 362 362 361 361 360 360 359 359 359 359 358 357 356 354 353 351 349 348 347 346 345 339 334 338 338 338 339 340 344 346 351 354 357 358 358 358 357 354 356 358 358 359 359 360 360 361 362 362 363 362 360 358 356 354 353 353 353 353 352 352 352 352 352 353 353 353 354 354 355 355 356 355 354 350 349 350 350 352 353 353 351 352 352 351 351 351 349 349 345 341 340 338
363 363 363 363 363 362 362 361 361 360 360 360 359 358 356 355 354 352 350 349 347 345 344 340 332 333 328 327 332 335 336 342 348 352 357 358 358 358 357 354 355 356 357 357 358 359 360 360 361 362 362 361 359 357 355 353 352 352 352 352 352 352 352 352 352 352 352 352 353 353 354 354 355 354 353 352 350 352 352 352 353 353 353 354 353 350 350 351 350 350 349 346 343 342
363 363 364 363 363 363 362 362 361 361 361 360 359 358 357 355 353 352 350 348 344 344 342 337 329 328 319 322 323 321 322 333 344 350 355 356 357 357 356 353 354 354 355 356 357 358 359 359 360 361 361 361 359 357 354 352 351 351 351 351 351 351 351 351 351 351 351 351 351 351 352 352 352 352 353 353 352 351 353 354 352 352 354 354 354 352 348 352 351 351 350 349 348 347
363 363 363 363 363 363 363 362 362 361 361 360 359 358 356 354 352 351 349 347 345 343 340 337 333 322 308 313 309 310 315 330 344 352 354 357 357 357 356 354 353 353 354 354 356 357 358 359 359 360 361 360 358 356 354 352 351 351 351 350 350 350 350 349 349 349 348 348 349 348 348 348 348 349 350 350 351 351 351 351 352 351 352 353 353 352 352 352 351 351 350 349 348 346
362 363 363 363 363 363 363 362 362 361 361 360 360 358 356 354 352 350 348 346 344 342 339 338 334 323 314 307 301 308 324 336 346 354 356 357 357 356 355 352 352 351 352 353 355 356 357 358 358 359 360 359 358 356 354 351 350 350 350 349 349 349 348 348 347 347 346 346 346 345 345 344 344 345 346 347 348 349 350 350 351 352 350 351 352 352 352 352 352 352 351 351 348 343
362 363 363 363 363 363 363 363 362 362 361 360 359 358 356 354 352 351 348 346 344 341 339 337 334 330 323 317 316 320 330 340 349 355 357 357 356 355 353 351 350 349 350 352 354 355 356 357 358 359 359 359 357 355 353 351 350 349 349 348 348 347 347 346 346 345 344 344 343 342 342 341 340 342 343 344 345 346 348 349 350 352 353 352 350 352 353 353 351 352 352 351 350 348
362 363 363 363 363 363 363 363 363 362 361 361 360 358 357 355 353 350 348 346 344 342 340 338 336 333 332 329 330 333 336 338 350 355 357 356 351 349 350 348 347 349 349 351 353 354 355 356 357 358 359 358 357 355 353 351 349 348 348 347 347 346 345 345 344 343 342 341 340 339 338 337 337 338 339 341 342 344 345 348 349 351 353 353 350 352 353 353 350 351 352 352 351 348
362 362 362 363 363 363 363 364 363 362 361 361 361 360 357 355 353 351 348 347 345 343 341 340 338 338 337 335 337 340 342 348 352 355 357 356 351 348 342 345 351 355 351 351 352 352 354 355 356 357 358 357 356 354 352 350 348 347 347 346 345 345 344 343 342 341 340 339 338 337 335 334 333 335 337 338 340 341 344 346 348 350 353 354 354 354 354 353 353 353 352 353 352 351
361 361 362 362 362 362 363 363 362 362 361 361 361 360 358 356 354 352 350 349 347 345 344 343 342 342 340 326 331 344 348 350 353 355 357 356 353 349 340 344 352 353 351 347 347 349 350 351 354 355 356 356 354 352 350 348 346 345 344 344 343 342 341 341 340 339 338 337 336 335 334 333 333 334 336 337 339 340 342 345 347 350 352 354 354 354 354 354 354 353 352 353 352 352
361 361 362 361 361 362 362 362 362 362 362 362 361 360 359 357 355 354 352 351 349 348 347 346 346 346 346 341 343 350 351 352 353 355 355 354 354 350 350 351 352 352 347 340 341 344 344 346 348 354 355 354 352 350 348 345 344 343 342 341 340 340 339 338 338 337 336 336 335 334 333 332 332 334 335 336 338 339 341 344 347 349 352 354 354 354 354 354 354 354 353 353 353 353
361 360 360 361 361 361 361 361 361 362 362 361 362 361 360 358 357 355 354 353 352 351 350 349 349 349 349 350 351 354 352 353 354 354 354 354 354 353 348 350 351 347 339 330 328 334 340 343 346 351 353 352 350 348 345 343 341 340 340 339 338 337 337 336 336 335 335 334 333 333 332 332 331 333 334 336 337 338 340 343 346 349 351 353 353 353 354 354 355 354 354 354 354 354
360 360 360 360 360 360 360 361 361 362 362 362 362 362 361 360 358 357 356 355 354 353 352 352 351 351 352 352 351 353 353 354 354 354 354 354 353 353 352 350 346 338 330 312 302 322 336 340 345 346 352 350 348 346 343 341 339 338 337 336 335 335 334 334 333 333 333 332 332 332 331 331 331 332 333 335 336 337 339 342 345 348 351 352 353 353 354 355 355 355 355 355 355 355
360 359 359 359 360 360 360 360 361 361 362 362 363 363 362 361 359 359 358 357 356 356 355 354 354 353 353 353 353 353 354 353 353 353 353 353 353 352 352 350 346 339 326 307 294 318 333 338 343 347 350 349 346 344 341 339 337 336 335 334 333 332 332 332 331 331 331 331 331 331 331 330 330 331 333 334 335 336 338 341 344 347 350 352 353 353 354 355 355 355 355 355 355 356
359 358 358 359 359 359 359 360 360 361 361 362 363 362 361 360 360 360 358 357 357 357 356 355 354 354 352 353 354 353 353 353 353 352 352 352 351 350 349 348 346 340 330 320 315 321 328 331 337 343 346 346 344 341 339 337 335 335 334 333 332 331 331 331 331 331 331 331 331 330 330 330 330 331 332 333 334 335 337 340 342 345 347 349 350 351 352 354 355 354 354 354 354 355
358 358 357 358 358 359 359 359 360 361 361 361 362 361 361 360 360 359 358 358 357 357 356 356 355 354 354 354 353 353 353 352 352 351 351 350 349 348 347 345 344 342 336 332 329 324 324 326 334 343 344 343 341 339 337 336 334 334 333 332 332 331 331 331 331 331 331 330 330 330 330 330 330 331 331 332 333 334 335 338 340 342 344 346 347 349 350 352 354 354 354 354 354 355
356 356 354 357 358 358 359 359 360 360 360 361 361 360 360 360 359 359 358 358 357 357 357 356 356 355 355 354 353 353 352 352 351 350 350 349 347 346 344 342 341 341 340 338 337 332 329 329 334 340 341 340 338 337 336 334 333 333 332 332 331 331 331 331 331 331 330 330 330 330 330 330 330 330 331 331 332 332 334 336 337 339 341 342 345 347 349 350 353 353 353 353 354 354
353 352 352 355 357 358 358 359 359 359 360 360 360 359 359 359 359 358 358 358 358 357 357 357 356 356 355 354 354 353 352 351 349 349 348 347 345 343 341 339 338 338 338 338 337 337 337 336 337 337 337 337 336 335 334 333 332 332 331 331 331 331 331 330 330 330 330 330 330 330 330 330 330 330 330 330 331 331 332 333 335 336 337 339 342 344 347 349 352 352 352 353 353 353
348 350 352 355 356 357 358 358 359 359 359 359 359 359 359 359 358 358 358 358 358 358 357 357 357 356 356 355 353 351 352 350 348 347 347 346 344 341 338 336 335 334 334 334 334 334 334 334 334 334 334 334 333 333 332 332 331 331 331 331 331 330 330 330 330 330 330 330 330 330 330 330 330 330 330 330 330 330 330 331 332 333 334 336 339 342 345 348 351 351 351 352 353 353
343 346 350 355 356 357 358 358 358 359 359 358 358 358 358 358 358 358 358 357 358 357 357 357 357 356 355 355 354 352 351 350 348 347 347 346 343 340 338 335 333 333 333 332 332 332 332 332 332 332 332 332 332 331 331 331 331 331 331 330 330 330 330 330 330 330 330 330 330 330 330 330 330 330 330 330 330 330 330 330 331 331 332 333 337 340 344 347 350 350 350 351 351 351
346 345 348 353 356 357 358 358 358 359 359 359 358 358 358 358 358 358 357 357 357 357 357 357 357 356 355 355 354 354 352 351 350 348 348 347 345 342 339 336 335 334 334 333 332 332 332 332 332 332 332 331 331 331 331 331 331 331 331 330 330 330 330 330 330 330 330 330 330 330 330 330 330 330 330 330 330 330 330 330 331 331 331 333 336 339 343 346 349 348 347 348 348 348
350 351 347 348 354 356 357 358 359 359 359 359 359 358 358 358 358 357 357 357 357 356 356 356 356 356 356 355 355 354 353 352 351 350 348 347 346 343 341 338 337 336 335 334 333 332 332 332 332 332 331 326 324 331 331 331 331 331 330 330 330 330 330 330 330 330 330 330 330 330 330 330 330 330 330 330 330 330 330 330 330 331 331 332 335 338 341 345 348 347 345 346 346 345
349 348 350 351 351 356 355 358 359 359 359 359 359 358 358 358 358 357 356 356 356 356 356 356 356 356 355 355 355 355 354 353 352 351 350 348 347 345 343 340 338 337 336 335 334 333 332 332 332 331 331 329 329 331 331 331 331 330 330 330 330 330 330 330 330 330 330 330 330 330 330 330 330 330 330 330 330 329 330 330 330 330 331 332 335 338 341 343 346 345 344 344 343 342
347 349 349 352 354 356 356 356 357 358 359 359 359 358 358 358 357 357 356 356 355 355 355 355 355 355 355 355 355 355 355 354 353 352 352 350 348 346 344 342 340 338 337 336 334 333 332 332 332 331 331 331 331 331 331 330 330 330 330 330 330 330 330 330 330 330 331 331 331 330 330 330 330 330 330 330 330 329 330 330 330 330 330 331 334 337 339 342 345 344 343 342 340 339
349 350 351 352 354 356 357 358 356 356 359 359 359 358 358 357 357 356 356 355 355 355 354 354 354 355 355 355 355 356 355 355 354 354 353 351 349 348 346 343 342 340 338 336 335 333 333 332 332 331 331 331 331 330 330 330 330 330 330 330 330 330 330 330 330 331 331 331 331 331 331 331 331 330 330 330 330 329 329 330 330 330 330 331 333 336 338 341 344 343 341 340 338 336
348 348 349 350 352 354 355 356 356 356 358 358 358 358 358 357 357 356 356 356 355 355 355 355 355 355 355 355 355 355 355 354 354 354 354 352 350 349 348 346 344 343 341 340 338 337 336 335 334 334 333 332 332 332 331 331 331 331 331 331 331 331 332 332 333 333 334 334 334 334 334 334 333 333 332 331 330 330 330 330 330 330 330 331 333 335 337 339 342 341 339 338 336 334
347 348 349 350 351 351 353 355 355 356 357 357 358 358 358 357 357 356 356 356 356 356 356 356 355 355 355 355 355 355 355 354 354 354 354 353 352 351 350 349 347 346 345 343 342 340 339 338 337 336 335 334 334 333 332 331 331 331 332 332 332 332 333 334 335 336 337 337 337 337 337 336 336 335 334 332 331 330 330 330 330 330 330 330 332 333 335 337 339 338 337 336 334 333
346 346 348 349 349 350 352 353 353 355 356 357 357 358 358 357 357 356 356 356 356 356 356 356 356 356 355 355 355 354 354 354 354 354 354 353 353 352 351 351 350 349 347 346 345 344 342 341 340 339 337 336 335 334 333 332 332 332 332 333 333 333 335 336 337 339 340 340 340 340 340 339 339 337 335 334 332 330 330 330 330 330 329 330 331 332 334 335 337 336 335 334 333 331
345 345 345 346 348 350 351 352 353 354 355 356 356 357 357 357 356 356 356 356 356 357 357 357 356 356 355 355 354 354 354 354 354 354 354 354 354 354 353 353 352 351 350 349 348 347 346 344 343 341 340 338 337 335 334 333 332 333 333 334 334 335 336 338 340 341 343 344 343 343 343 342 342 339 337 335 333 331 330 330 330 329 329 329 330 331 332 333 334 333 333 332 331 330
344 344 343 345 347 349 350 351 352 353 354 355 356 357 357 357 356 356 356 356 356 357 357 357 357 356 356 355 354 354 354 354 354 354 354 354 355 355 355 356 355 353 352 351 350 350 348 347 345 344 342 340 338 337 335 334 333 333 334 335 335 336 338 340 342 344 346 346 345 345 345 345 344 342 339 336 334 331 330 330 330 329 329 329 329 330 331 331 332 331 330 330 329 328
nan nan 343 345 346 347 348 349 350 351 352 354 355 355 355 355 355 355 355 355 356 356 356 357 356 356 356 355 354 354 354 354 354 354 354 355 355 355 356 356 356 354 353 351 350 349 348 347 346 345 343 342 340 338 337 335 335 335 336 337 338 338 340 342 343 345 346 347 346 345 345 346 345 343 340 337 334 332 331 330 330 329 329 329 329 329 330 330 330 330 329 329 328 328
nan nan nan nan 345 346 347 347 348 349 350 351 352 353 353 353 353 353 353 354 354 354 355 355 355 355 355 355 355 354 354 354 354 354 354 355 355 355 355 355 355 354 352 351 349 348 346 345 344 343 343 342 342 340 339 338 337 338 339 340 340 341 342 343 344 343 344 345 343 344 344 345 345 342 340 337 335 332 331 330 330 329 329 329 329 329 329 329 330 329 329 329 328 328
nan nan nan nan nan 345 345 346 346 347 348 349 349 350 350 351 351 351 351 352 353 353 354 354 354 355 355 354 353 354 355 355 355 354 354 354 355 355 355 355 354 353 352 351 349 348 345 343 343 342 342 341 342 342 341 340 340 341 342 342 343 344 344 344 344 342 342 338 335 339 341 343 343 342 340 337 335 332 331 331 330 330 329 329 329 329 329 329 329 329 329 328 328 328
nan nan nan nan nan nan nan 344 344 345 345 346 347 347 348 348 349 349 350 351 352 352 352 353 353 354 354 354 353 355 355 355 355 354 354 354 354 354 354 354 354 353 352 351 349 348 346 343 341 341 342 340 340 341 342 342 342 343 344 345 346 347 346 345 344 341 336 340 338 332 333 337 342 342 340 337 335 333 332 331 330 330 329 329 329 329 329 329 329 329 328 328 328 328
nan nan nan nan nan nan nan nan 342 343 343 344 344 345 345 346 347 347 348 349 350 351 352 352 353 353 353 353 354 354 354 355 355 355 354 354 354 354 354 354 353 352 351 350 349 348 346 344 342 339 340 339 339 341 341 342 345 346 347 348 349 349 348 346 344 339 340 350 349 334 329 334 342 342 340 337 335 333 332 331 330 330 329 329 329 329 329 329 328 328 328 328 328 328
nan nan nan nan nan nan nan nan nan nan 341 342 342 343 343 344 345 345 347 348 349 350 351 351 352 353 352 352 354 355 355 355 355 354 354 354 354 354 353 353 352 351 351 350 349 347 346 344 342 340 338 338 337 338 340 341 345 347 349 350 351 351 350 348 345 341 337 345 346 336 337 337 340 340 340 337 335 333 332 331 330 330 329 329 329 329 328 328 328 328 328 328 328 328
nan nan nan nan nan nan nan nan nan nan nan 342 342 343 343 344 345 345 346 348 349 350 352 352 352 353 352 352 353 354 354 354 353 352 353 353 353 353 353 352 352 350 349 349 348 346 344 343 341 339 336 335 335 333 333 338 343 346 348 349 351 351 350 349 347 345 341 338 336 345 346 342 341 339 339 337 335 333 332 331 330 330 329 329 329 329 329 328 328 328 328 328 328 328
