ecocropFuture/tif/c6/rcp585/ACCESS-CM2/tmax_6.asc
ncols        683
nrows        518
xllcorner    -87.691666666667
yllcorner    10.708333333333
cellsize     0.008333333333
NODATA_value  nan
[rows 84 to 125 of 518, columns 376 to 469 of 683]
296 296 296 300 302 301 300 299 300 299 299 299 300 302 304 304 304 304 304 304 304 304 304 303 301 303 302 303 302 302 302 302 301 300 299 301 301 301 301 301 301 300 300 300 300 300 300 300 300 300 299 300 300 300 299 299 299 299 299 299 299 298 298 298 298 297 297 297 296 296 296 296 296 296 296 296 295 294 293 293 293 292 293 293 294 295 294 295 295 296 296 294 295 296
292 291 293 297 301 302 298 298 300 300 300 299 299 302 303 304 304 304 305 305 304 304 304 303 302 302 302 302 302 302 302 301 301 301 301 301 302 302 302 301 301 301 299 299 299 300 300 300 300 300 300 300 300 299 300 299 299 299 299 298 299 298 298 298 298 297 297 296 296 296 296 296 296 296 296 295 295 294 293 293 292 293 293 293 294 295 294 293 295 295 292 289 293 295
293 294 298 301 302 303 299 297 300 298 297 296 298 300 303 304 304 304 304 304 304 304 303 302 302 301 300 301 301 301 302 302 300 301 301 301 301 302 302 302 301 301 299 299 299 300 300 300 300 300 300 300 300 300 300 299 299 299 299 298 298 298 298 298 297 297 297 296 296 296 296 296 296 295 295 295 295 294 294 293 293 293 294 294 295 295 295 294 295 295 293 289 291 294
297 297 300 300 301 303 301 301 301 299 296 298 300 302 303 303 304 304 304 304 301 303 303 302 301 300 301 301 301 301 301 300 298 299 301 301 302 302 302 302 302 301 300 300 300 300 300 300 299 299 300 300 300 299 299 299 299 299 299 299 298 298 298 298 297 297 297 296 296 296 296 296 296 295 295 295 295 295 294 294 294 294 294 295 295 295 295 295 294 294 294 293 293 295
300 298 300 299 298 301 301 302 302 303 302 303 301 303 304 304 304 304 304 304 303 303 302 301 301 301 301 299 294 294 298 301 300 300 301 301 302 302 302 302 302 302 301 301 300 300 300 300 300 299 299 299 299 299 299 299 299 299 298 299 298 298 298 297 297 297 297 296 296 296 296 296 295 295 295 295 296 296 295 295 295 295 295 295 295 295 296 295 294 295 295 294 293 294
301 297 298 299 297 301 301 301 300 302 303 303 303 302 302 304 304 304 304 304 303 303 302 301 302 301 300 294 286 292 300 301 300 302 302 302 302 302 302 302 302 302 302 300 296 298 300 300 300 300 300 299 299 299 299 299 299 299 299 299 298 298 298 297 297 297 297 297 296 296 296 296 295 296 295 296 296 296 296 296 296 295 295 295 296 296 295 294 294 295 295 294 293 294
303 296 295 296 299 301 303 301 298 299 304 303 303 302 302 303 303 304 304 304 303 303 303 302 301 300 296 290 289 297 300 301 302 302 303 303 302 303 302 302 302 302 302 300 293 294 300 301 301 300 300 300 299 299 299 299 299 299 299 298 298 298 298 297 297 296 296 296 296 296 296 296 296 296 296 296 296 296 296 296 296 296 296 296 296 296 295 294 294 294 294 294 294 295
304 297 297 297 300 303 303 298 298 296 303 304 304 303 303 302 302 304 304 304 304 303 302 301 300 299 297 295 296 299 299 300 302 303 303 303 302 303 303 302 302 302 302 301 299 298 298 300 300 300 300 300 299 299 299 299 298 299 299 298 297 298 298 297 297 296 296 296 296 296 296 296 296 296 296 296 296 296 296 296 296 296 296 296 296 296 295 295 295 294 294 294 295 295
304 303 303 302 303 304 304 301 303 302 304 304 303 304 304 302 303 304 304 304 303 303 302 300 297 293 287 285 287 294 300 301 302 302 303 302 302 303 303 303 302 302 302 302 301 300 299 299 300 300 300 300 300 299 299 299 299 299 299 298 298 298 298 297 296 297 297 296 296 296 296 296 296 296 296 296 296 296 296 296 296 296 296 296 296 296 296 295 295 295 294 294 294 295
304 305 305 304 304 304 304 304 304 304 304 304 304 304 305 304 304 304 304 303 302 301 300 295 293 285 277 278 287 295 300 301 302 302 301 301 302 302 303 303 302 302 302 302 302 301 301 301 301 301 301 300 300 300 299 299 299 299 299 298 298 298 297 297 297 297 297 296 296 296 296 297 297 296 296 297 296 296 296 296 296 296 297 296 295 296 296 296 296 295 295 295 294 295
306 305 305 305 305 305 305 305 305 304 303 303 304 304 304 305 304 304 303 302 297 289 289 282 282 283 281 284 287 291 294 299 301 301 300 300 302 302 303 302 302 302 302 302 302 302 302 301 301 301 301 300 300 300 300 300 300 299 298 298 298 298 297 297 297 297 297 296 297 296 297 297 297 296 297 297 297 297 296 297 297 297 297 296 296 296 296 296 296 296 296 296 296 295
306 305 305 305 305 305 305 305 304 303 303 302 304 304 304 304 304 304 303 301 293 284 287 284 279 280 287 292 294 295 295 296 298 301 301 302 301 301 302 302 302 302 302 302 302 302 302 302 302 301 301 301 300 300 300 300 299 299 298 298 298 298 297 297 297 297 297 297 297 297 297 297 297 297 297 297 297 297 297 297 297 297 297 296 296 296 296 296 296 296 296 296 296 296
305 305 305 305 305 305 304 304 304 303 303 304 304 304 304 304 304 303 303 301 299 295 292 289 283 288 289 288 288 289 297 300 300 301 303 303 303 302 302 302 302 302 302 302 302 302 302 302 302 301 301 301 301 300 300 300 300 299 299 299 298 298 298 297 297 297 297 297 297 297 297 297 297 297 297 297 297 297 297 297 297 297 297 295 295 296 296 296 296 296 296 296 296 296
305 305 305 304 305 304 304 303 304 302 302 302 304 304 304 304 304 303 302 299 294 295 296 290 290 293 290 291 288 283 288 295 297 302 303 303 303 303 303 303 302 302 302 302 302 302 302 302 302 302 302 301 301 301 300 300 300 300 299 299 299 298 298 298 298 298 298 298 298 298 297 297 297 297 297 297 297 297 297 297 297 297 297 296 296 297 296 296 296 296 296 296 296 296
306 305 305 304 305 304 304 305 304 301 299 300 301 303 304 304 303 302 300 301 299 298 298 297 296 297 297 297 292 288 289 294 298 301 302 303 303 303 304 303 303 302 302 302 302 302 302 302 302 302 302 301 301 301 300 300 300 300 300 299 299 299 299 298 298 298 298 297 297 297 297 297 297 297 297 297 297 297 297 297 297 297 297 296 297 297 297 296 297 296 296 296 296 296
306 305 305 304 304 304 304 304 304 302 298 300 301 303 304 304 303 299 296 297 299 298 301 301 300 300 300 300 299 298 296 297 298 300 302 303 303 303 304 304 303 303 303 302 303 302 302 302 302 302 301 301 301 300 300 300 300 299 299 299 299 299 299 298 298 298 297 296 297 297 297 297 297 296 296 297 297 297 297 297 297 297 296 296 296 297 296 297 296 297 297 296 296 296
306 306 305 304 304 304 304 304 304 303 301 297 299 302 303 303 300 298 297 298 300 300 299 300 302 303 302 302 302 303 302 302 301 302 303 304 304 303 304 304 304 303 303 302 303 303 303 302 302 302 301 301 300 300 300 300 300 299 299 299 299 299 299 298 298 297 298 297 297 296 297 297 297 297 297 297 297 297 297 297 297 297 296 296 296 296 296 297 296 296 297 296 296 296
306 305 305 304 304 303 304 301 303 303 301 296 295 296 302 299 299 300 301 300 301 302 301 301 302 303 303 302 302 301 302 304 303 303 304 304 304 304 304 304 304 304 303 303 303 303 303 303 303 302 301 301 300 300 300 299 299 300 299 299 299 299 298 298 298 297 298 297 297 297 297 297 297 297 297 297 297 297 297 297 296 296 296 296 296 296 297 297 296 296 297 296 296 296
305 305 304 304 304 302 303 303 301 303 301 295 293 290 299 296 298 301 302 302 303 304 303 303 304 304 304 304 304 303 303 305 304 304 305 304 304 304 304 304 304 304 304 303 303 303 303 303 303 302 301 301 300 299 299 299 299 299 299 299 299 298 298 298 298 298 297 297 297 297 297 297 297 297 296 297 297 297 297 296 296 296 296 296 296 296 296 296 296 297 297 296 296 295
306 306 305 304 304 303 303 304 303 300 300 299 297 296 299 301 302 303 303 304 304 304 305 304 304 304 304 303 302 302 303 303 304 305 304 304 303 303 304 304 304 303 304 304 303 303 303 303 303 302 301 301 300 300 300 300 298 297 298 298 299 298 298 298 298 298 297 297 297 297 297 297 296 296 296 297 297 297 297 296 296 296 297 297 297 297 296 297 297 297 297 297 297 296
306 306 305 305 304 301 301 304 303 301 301 300 299 300 301 302 300 300 302 303 303 303 303 304 304 304 303 304 301 300 302 303 305 305 304 303 303 304 304 303 303 303 303 303 303 303 303 303 303 302 302 301 300 301 300 300 300 299 299 298 298 298 298 298 297 297 297 297 296 296 296 297 296 296 297 297 297 297 296 296 295 296 297 297 297 297 297 297 297 297 297 297 297 297
307 306 305 302 298 295 300 303 303 302 301 301 301 301 301 302 301 303 304 304 304 304 304 304 304 304 304 304 303 304 304 304 305 305 304 303 303 303 304 303 303 303 303 303 303 303 303 303 303 302 302 301 301 301 299 299 299 299 298 298 299 298 297 297 296 297 296 296 296 297 296 296 296 296 297 297 297 296 296 296 296 296 297 297 297 297 297 297 297 297 297 297 297 297
306 306 304 297 299 294 297 301 301 302 302 301 298 300 300 302 303 304 304 305 304 305 305 305 306 305 305 305 305 305 305 305 304 304 304 303 304 304 304 303 303 303 303 303 303 303 303 303 303 303 303 302 302 301 301 300 299 299 299 299 299 298 298 297 297 296 295 296 296 296 295 294 294 297 295 295 295 296 295 294 295 296 297 297 297 297 297 297 297 297 297 297 297 297
306 305 303 302 299 297 298 300 301 300 298 296 300 299 301 304 304 305 305 305 304 305 305 305 304 305 305 305 304 305 305 305 304 303 303 304 304 303 303 303 303 303 303 303 303 303 303 303 303 303 303 303 302 302 302 301 300 299 301 299 297 297 296 296 295 295 294 294 295 295 295 294 295 296 296 295 294 293 294 293 293 296 297 297 297 297 297 297 297 297 297 297 297 297
304 300 295 291 286 288 291 294 296 299 296 297 299 300 303 305 305 305 305 306 306 306 306 305 305 305 305 305 304 304 304 305 305 304 304 304 304 303 303 303 303 303 303 303 303 302 303 303 303 303 303 303 303 302 302 302 301 301 301 300 299 295 290 292 290 290 291 293 294 292 294 294 295 296 295 294 293 293 292 292 294 295 296 297 297 297 297 296 296 297 297 297 297 296
295 288 285 279 279 282 290 294 295 297 299 300 301 303 304 305 306 306 306 306 305 305 305 305 304 304 304 303 304 304 304 304 304 304 304 304 303 303 303 303 303 303 303 303 303 303 303 302 303 303 303 303 303 303 303 303 302 302 301 300 299 297 293 291 291 290 291 293 294 290 293 295 295 294 294 293 291 291 293 294 294 295 295 296 297 295 294 294 293 294 296 296 294 292
289 285 290 283 272 287 295 296 299 300 302 304 304 305 305 305 306 305 305 305 304 304 305 304 304 303 303 302 303 304 304 304 304 304 303 303 303 303 304 303 304 304 304 304 304 303 303 303 303 303 303 303 303 303 303 303 302 302 302 302 301 299 298 296 297 297 297 296 290 288 291 293 294 295 292 291 292 294 294 295 295 295 296 296 295 294 294 295 294 296 296 296 294 292
292 293 292 283 274 280 288 295 300 299 297 301 305 305 305 306 306 305 301 303 304 304 304 304 303 301 300 297 299 302 303 303 303 301 302 302 302 303 304 304 304 304 304 304 304 304 304 304 304 304 303 303 303 303 303 303 303 302 302 302 301 301 300 300 299 298 296 291 290 287 288 291 290 292 291 294 295 295 295 296 296 296 294 296 295 296 296 296 296 296 296 296 296 295
298 297 288 281 276 275 280 290 300 302 300 304 305 306 306 306 306 305 303 304 304 304 304 303 302 300 298 297 296 299 303 301 301 300 300 303 303 303 304 304 304 304 304 304 304 304 304 304 303 303 303 303 303 303 303 303 303 302 302 302 302 301 300 298 298 297 297 295 296 295 296 294 289 292 294 294 295 296 296 296 296 295 294 295 296 296 296 296 297 296 296 296 296 295
303 296 286 281 279 276 285 295 299 299 303 304 305 305 306 306 306 305 304 304 303 303 303 303 301 302 301 302 303 301 301 300 301 302 300 303 303 304 304 304 305 304 304 304 304 304 304 303 304 303 303 303 303 303 303 303 303 303 302 302 302 302 300 300 298 297 296 297 298 298 298 296 295 295 295 295 296 297 297 297 296 296 296 296 296 296 296 297 297 296 296 296 295 295
302 300 293 286 281 286 294 301 302 300 302 305 305 306 306 306 305 305 305 304 304 302 302 301 301 302 302 301 304 302 301 302 301 303 303 302 303 304 304 304 304 304 303 303 304 303 304 304 304 303 303 303 303 303 303 303 303 303 303 303 302 302 301 302 300 299 300 301 300 300 299 298 296 297 297 296 297 296 297 297 297 296 296 297 297 297 297 297 297 297 296 296 295 295
301 296 288 291 287 291 300 303 303 304 303 305 305 306 306 305 305 305 304 305 304 303 302 302 301 302 304 302 303 303 304 303 303 304 304 303 303 304 304 304 304 303 303 304 304 303 304 304 303 303 304 304 304 303 303 303 303 303 303 303 303 302 303 302 302 302 302 302 301 301 301 300 298 298 297 297 297 297 297 297 297 297 298 297 296 297 298 297 297 296 295 296 296 295
296 298 298 293 290 297 302 304 305 305 305 305 305 305 306 305 305 305 305 304 304 304 304 302 303 304 305 305 305 305 305 305 305 305 304 304 304 304 304 304 304 304 303 303 303 303 303 304 304 304 304 304 304 304 303 304 304 303 303 303 303 303 303 302 302 302 302 302 302 302 301 301 300 300 300 299 298 297 297 298 298 298 298 298 297 298 297 297 297 296 296 296 295 295
296 292 302 300 295 300 305 306 306 306 306 306 306 305 306 305 305 305 305 304 305 305 304 304 305 305 305 306 306 306 306 306 305 305 305 304 305 304 304 305 305 304 304 303 303 303 303 304 304 304 304 303 303 303 303 304 304 304 304 304 303 303 303 302 302 302 302 301 302 302 301 301 300 300 300 300 300 299 298 298 298 298 298 298 298 297 297 297 297 296 296 296 296 296
303 297 301 305 305 306 307 307 306 307 307 307 306 304 304 304 304 304 304 303 304 302 301 302 304 303 305 305 305 305 306 306 306 306 306 305 305 304 304 304 304 304 303 303 303 303 303 304 304 304 304 304 304 304 304 304 304 304 304 303 303 303 303 302 302 302 302 302 302 301 301 301 301 301 300 300 300 300 298 298 298 298 298 297 297 297 296 297 297 296 296 295 295 296
306 306 307 307 307 306 306 306 307 307 308 306 305 304 302 299 297 297 298 298 299 302 303 304 305 304 305 305 305 306 306 306 306 306 306 306 305 304 304 303 304 304 304 303 303 303 303 303 303 304 304 304 304 304 304 304 304 304 304 304 303 303 303 302 302 302 302 302 302 301 301 301 301 301 301 301 300 300 299 298 298 298 298 296 295 293 293 296 296 296 295 295 295 296
305 303 305 308 307 307 307 306 305 307 307 303 301 302 299 297 298 292 289 290 291 298 303 303 303 304 305 305 305 306 306 306 306 306 306 305 305 305 304 304 304 304 304 303 304 303 303 303 303 304 304 305 304 304 304 304 304 303 304 303 303 303 302 302 302 302 302 302 302 301 301 302 301 301 301 300 300 300 300 299 299 298 298 297 291 290 294 296 296 296 295 294 295 294
302 303 306 308 308 308 308 307 306 307 307 301 296 296 293 298 305 301 297 296 293 295 300 302 303 303 302 304 305 305 306 307 306 306 306 305 305 305 304 304 304 304 304 304 304 304 304 303 303 304 304 304 304 304 304 303 302 303 303 303 303 303 303 302 302 302 302 302 302 302 302 302 301 301 301 300 300 300 300 300 299 298 298 295 294 295 296 296 296 295 293 293 292 292
301 304 306 307 308 308 308 308 308 308 305 303 302 300 299 304 304 306 306 303 303 300 296 297 300 303 302 301 302 304 306 306 307 307 306 305 306 305 305 305 305 304 304 304 304 304 304 304 304 303 303 304 304 303 304 303 303 303 303 303 303 303 303 302 302 302 302 302 302 302 302 302 301 301 300 300 299 299 300 300 299 299 297 293 295 297 297 297 296 294 293 292 292 291
304 302 302 305 307 306 307 308 308 307 302 303 305 304 305 306 305 306 306 307 306 300 297 297 298 303 304 302 305 305 306 306 307 307 306 304 304 305 304 304 305 305 304 304 304 303 304 303 303 303 303 303 304 304 304 304 304 303 303 303 303 303 303 303 302 302 302 302 302 301 302 302 301 300 301 300 300 300 300 300 299 299 299 298 298 297 297 297 296 294 293 292 292 292
295 297 299 302 305 303 304 307 308 307 301 303 306 305 307 305 305 307 307 307 307 304 303 299 300 303 306 305 306 306 306 307 307 307 306 305 304 304 304 304 304 305 304 304 304 304 303 303 303 303 303 303 303 303 304 303 303 303 303 303 303 303 303 303 303 302 302 302 302 302 301 302 301 301 301 301 300 300 300 300 300 300 299 299 298 297 297 297 295 294 293 292 292 293
287 291 298 304 302 298 304 307 308 306 304 304 306 305 306 305 305 307 306 301 302 306 307 305 305 305 304 304 305 307 306 306 307 307 307 304 304 304 305 305 304 305 304 304 304 304 304 303 304 303 303 301 303 303 303 303 303 303 303 303 303 303 303 303 302 302 302 302 302 302 301 302 302 301 301 301 301 300 300 300 300 300 299 299 298 297 297 296 296 295 293 293 292 293
