ecocropFuture/tif/c6/rcp585/ACCESS-CM2/tmax_1.asc
ncols        683
nrows        518
xllcorner    -87.691666666667
yllcorner    10.708333333333
cellsize     0.008333333333
NODATA_value  nan
[rows 168 to 209 of 518, columns 94 to 187 of 683]
nan nan nan nan nan nan nan nan nan nan nan nan nan nan nan nan nan nan 291 292 295 297 295 291 284 283 278 276 278 280 275 267 269 271 274 272 274 281 290 291 291 291 296 298 299 299 300 301 303 303 303 304 303 304 303 303 303 303 301 298 298 300 301 299 297 293 297 296 295 293 292 292 289 291 287 285 281 281 276 270 269 273 276 274 275 280 279 276 282 282 282 281 284 287
nan nan nan nan nan nan nan nan nan nan nan nan nan nan nan nan nan 282 286 290 292 292 286 285 278 276 270 269 273 277 274 268 257 256 260 260 265 280 288 287 280 280 286 291 292 297 300 302 302 303 304 304 303 301 300 299 300 298 292 287 287 294 298 298 299 297 297 296 293 293 290 290 292 289 287 285 280 282 276 273 272 269 269 271 276 277 274 276 276 277 276 280 282 286
nan nan nan nan nan nan nan nan nan nan nan nan nan nan nan nan nan 279 283 285 289 286 278 270 264 266 263 268 271 275 278 269 259 258 262 267 270 279 282 277 277 285 292 291 293 297 298 298 297 301 301 301 300 297 297 295 294 289 280 284 289 293 294 296 296 298 296 293 292 293 289 289 291 286 284 281 279 283 278 276 275 272 272 273 274 271 270 272 271 274 276 280 283 286
nan nan nan nan nan nan nan nan nan nan nan nan nan nan nan nan nan 274 277 275 281 275 273 260 256 253 260 259 264 272 281 277 273 274 276 279 279 284 278 272 282 289 296 296 298 300 297 291 291 292 293 298 294 289 289 286 286 288 288 289 292 293 294 295 295 296 296 296 296 296 295 292 289 286 282 279 280 282 281 277 278 275 270 267 266 265 265 266 267 275 277 280 283 278
nan nan nan nan nan nan nan nan nan nan nan nan nan nan nan nan 263 268 273 271 276 270 264 262 255 253 261 271 274 278 283 284 284 283 285 279 283 289 284 282 290 292 296 297 299 298 298 298 297 294 292 293 289 279 276 280 284 287 289 290 291 291 288 287 290 288 289 288 289 290 288 293 287 283 278 277 280 286 281 282 278 272 265 262 258 254 256 264 271 275 279 276 280 273
nan nan nan nan nan nan nan nan nan nan nan nan nan nan nan nan 258 265 269 270 267 269 265 262 261 265 272 278 283 285 289 289 289 289 290 287 288 292 290 288 291 296 298 295 296 296 298 295 297 297 295 293 287 276 264 278 285 288 289 290 286 280 277 278 277 275 278 277 282 287 292 293 287 282 280 279 282 286 283 278 274 269 262 256 249 251 263 270 274 276 274 273 274 270
nan nan nan nan nan nan nan nan nan nan nan nan nan nan nan nan 253 255 258 259 258 259 256 251 258 264 268 276 280 286 291 292 292 293 293 294 295 294 293 294 297 297 295 291 291 294 296 293 295 295 293 289 285 277 263 277 283 286 287 285 280 279 281 281 278 272 274 279 285 288 290 294 290 287 284 284 285 288 280 280 275 271 262 251 246 251 262 268 273 269 269 265 269 264
nan nan nan nan nan nan nan nan nan nan nan nan nan nan nan nan nan 249 254 263 264 265 255 253 266 263 262 278 286 291 294 295 295 296 296 296 296 296 297 298 294 293 290 291 293 295 294 292 293 294 293 291 287 281 276 281 282 281 282 278 276 275 277 280 282 277 279 283 283 285 291 295 293 293 288 288 288 288 285 281 277 272 264 251 250 261 266 270 270 266 263 262 260 264
nan nan nan nan nan nan nan nan nan nan nan nan nan nan nan nan nan nan nan 265 271 262 254 266 270 265 275 281 285 293 296 297 297 298 298 298 298 298 298 298 295 296 294 290 293 293 292 288 292 290 289 287 285 284 284 284 284 280 275 272 273 274 276 280 283 282 280 285 286 286 290 294 295 296 291 291 289 291 288 283 276 269 263 251 246 256 262 266 263 265 263 265 264 262
nan nan nan nan nan nan nan nan nan nan nan nan nan nan nan nan nan nan nan 266 269 268 264 270 275 277 286 291 291 298 299 299 299 299 300 300 300 299 297 297 296 295 295 291 291 292 290 290 290 289 288 285 285 283 284 284 283 277 274 272 271 271 272 274 279 284 280 285 290 291 291 291 295 297 296 291 292 293 288 282 276 266 252 244 241 252 260 264 265 266 268 268 268 265
nan nan nan nan nan nan nan nan nan nan nan nan nan nan nan nan nan nan nan 259 266 273 275 276 283 286 291 294 297 299 300 300 301 301 302 301 300 299 297 296 294 292 292 291 291 290 289 289 290 288 288 281 284 285 285 285 282 280 276 276 268 267 266 272 281 286 285 287 287 286 288 292 292 295 297 292 294 293 287 280 273 263 252 243 247 255 264 264 260 259 262 265 269 265
nan nan nan nan nan nan nan nan nan nan nan nan nan nan nan nan nan nan nan 259 267 277 280 282 284 289 292 288 294 299 300 299 301 302 302 301 299 298 296 296 295 293 291 287 290 288 284 283 287 289 290 287 280 282 287 286 289 285 282 277 272 267 266 277 282 283 284 283 283 286 289 290 291 293 298 296 295 291 283 275 278 265 253 244 251 253 261 255 248 251 259 261 269 263
nan nan nan nan nan nan nan nan nan nan nan nan nan nan nan nan nan nan nan 255 264 273 281 278 283 287 288 290 296 298 298 296 301 302 302 300 299 297 296 295 294 292 291 287 285 283 276 274 280 287 290 290 289 286 283 287 290 290 286 285 281 275 270 272 277 280 282 282 285 288 286 288 291 292 293 295 297 293 283 282 278 268 253 248 253 259 256 248 249 257 259 263 269 269
nan nan nan nan nan nan nan nan nan nan nan nan nan nan nan nan nan nan nan nan 267 275 279 277 280 286 289 292 295 297 295 299 301 300 300 299 295 297 296 294 292 292 290 285 273 268 278 284 286 287 287 288 289 289 288 285 286 291 292 288 287 284 279 274 281 281 282 283 286 284 286 286 287 288 291 295 296 294 287 284 276 266 263 268 270 266 254 242 247 253 257 266 271 271
nan nan nan nan nan nan nan nan nan nan nan nan nan nan nan nan nan nan nan nan 265 272 275 275 272 280 289 285 283 292 296 299 298 294 295 297 295 295 295 293 290 290 289 284 282 277 284 289 289 286 287 286 287 291 290 290 292 293 295 291 291 290 289 285 284 283 282 282 286 288 290 291 292 294 293 291 294 294 290 284 279 274 274 278 273 260 250 245 243 253 263 264 264 272
nan nan nan nan nan nan nan nan nan nan nan nan nan nan nan nan nan nan nan nan 267 271 280 283 281 280 287 278 274 288 299 294 287 285 291 294 292 294 294 293 289 282 285 285 287 287 288 291 292 288 285 287 289 293 295 296 295 295 297 295 295 294 293 293 288 290 290 289 291 292 292 293 293 296 296 295 295 295 291 287 284 281 281 284 271 259 250 248 246 251 252 251 253 267
nan nan nan nan nan nan nan nan nan nan nan nan nan nan nan nan nan nan nan nan 270 274 280 287 285 282 292 281 279 291 298 286 277 282 288 292 290 291 292 291 289 280 276 280 285 288 291 291 292 293 292 289 291 291 291 296 297 297 297 298 298 297 297 294 291 292 293 293 291 294 294 297 297 293 291 290 290 293 293 290 287 283 285 280 270 262 255 252 246 244 243 242 248 256
nan nan nan nan nan nan nan nan nan nan nan nan nan nan nan nan nan nan nan nan 277 280 284 285 284 284 294 290 287 296 296 293 289 291 294 293 290 291 289 288 284 277 276 277 283 287 289 286 289 293 295 294 290 295 295 295 296 299 299 300 300 299 298 293 292 292 293 296 294 295 297 297 294 287 280 283 285 289 292 293 291 283 286 275 262 256 251 250 246 249 251 254 249 255
nan nan nan nan nan nan nan nan nan nan nan nan nan nan nan nan nan nan nan nan 283 285 287 285 279 282 295 296 297 299 298 296 296 296 296 293 290 288 284 285 281 272 272 277 284 285 283 285 287 290 293 296 295 293 295 298 299 299 300 302 302 302 299 296 294 294 295 296 297 298 294 291 286 278 267 270 275 279 287 290 292 289 281 267 256 261 253 256 256 260 266 267 262 266
nan nan nan nan nan nan nan nan nan nan nan nan nan nan nan nan nan nan nan nan nan 287 288 283 284 288 294 291 296 298 298 295 294 296 295 293 290 287 284 282 281 276 272 279 275 279 281 287 290 292 293 293 294 295 296 296 299 301 301 303 303 303 301 297 295 295 296 297 298 295 289 277 271 267 271 275 280 281 286 286 287 289 279 269 268 274 269 273 267 270 280 274 276 277
nan nan nan nan nan nan nan nan nan nan nan nan nan nan nan nan nan nan nan nan nan 281 284 286 287 286 292 291 296 295 295 296 293 293 294 290 288 285 280 274 276 277 275 271 274 281 283 287 287 290 292 292 293 295 298 299 300 301 302 303 304 304 304 302 301 300 298 299 298 294 286 268 259 267 275 277 276 272 276 275 272 277 285 282 280 280 280 280 279 277 285 282 286 285
nan nan nan nan nan nan nan nan nan nan nan nan nan nan nan nan nan nan nan nan nan 271 275 282 281 287 288 290 289 293 294 294 293 292 290 289 286 283 279 273 271 271 270 267 270 276 281 285 288 288 292 294 296 297 297 297 299 301 302 303 304 305 304 302 301 298 298 297 295 293 285 265 264 269 274 272 269 269 270 265 265 269 279 283 284 288 285 286 291 291 289 289 291 288
nan nan nan nan nan nan nan nan nan nan nan nan nan nan nan nan nan nan nan nan nan nan 268 277 285 287 280 281 288 291 292 292 290 290 288 286 284 280 275 267 262 264 264 260 268 272 276 279 284 286 291 293 292 292 293 295 297 299 301 303 303 303 303 300 299 294 295 294 292 293 283 270 270 264 266 267 263 264 263 253 253 257 267 270 271 281 288 289 282 283 290 291 287 291
nan nan nan nan nan nan nan nan nan nan nan nan nan nan nan nan nan nan nan nan nan nan 269 277 283 286 281 280 286 286 284 290 287 286 286 284 281 277 270 255 249 252 257 263 272 279 283 285 288 290 292 290 292 295 294 295 297 297 300 302 302 304 303 299 296 293 289 289 286 287 276 277 269 262 262 262 254 256 253 248 248 250 258 260 264 274 285 279 268 269 275 276 283 285
nan nan nan nan nan nan nan nan nan nan nan nan nan nan nan nan nan nan nan nan nan 261 272 279 282 284 280 281 283 282 281 288 286 282 280 282 279 273 265 245 234 250 264 273 278 279 283 283 288 291 293 294 294 295 296 297 299 299 300 301 302 303 301 300 296 293 291 290 283 278 278 280 277 274 270 261 250 252 250 244 242 242 247 256 269 279 286 278 267 259 263 280 284 281
nan nan nan nan nan nan nan nan nan nan nan nan nan nan nan nan nan nan nan nan 257 265 274 278 274 277 282 281 273 275 281 285 280 275 271 278 275 262 257 247 243 255 263 276 282 281 285 285 285 290 293 295 295 295 295 296 297 299 300 300 301 301 299 300 296 295 291 288 288 285 285 284 282 277 272 262 259 260 253 245 241 247 253 258 270 280 277 279 272 263 272 282 277 275
nan nan nan nan nan nan nan nan nan nan nan nan nan nan nan nan nan nan nan nan 258 267 273 276 271 272 274 279 277 273 280 278 279 272 271 269 266 257 249 238 253 269 275 281 285 283 284 288 289 291 290 294 295 296 296 295 297 298 299 299 300 299 299 300 296 294 291 287 286 286 283 282 281 279 272 263 267 266 256 247 245 254 265 269 280 279 268 269 262 262 276 279 268 266
nan nan nan nan nan nan nan nan nan nan nan nan nan nan nan nan nan nan nan 244 252 260 267 272 274 267 270 273 270 269 275 270 277 271 267 266 261 253 243 240 253 271 279 284 287 289 288 290 287 293 292 292 293 293 292 294 296 297 298 299 298 297 296 298 296 294 292 290 287 282 282 277 274 275 270 262 268 267 257 254 257 257 267 277 280 270 265 259 253 268 279 272 259 255
nan nan nan nan nan nan nan nan nan nan nan nan nan nan nan nan nan nan nan 241 247 254 263 269 276 273 268 265 266 263 266 261 273 270 267 264 255 248 243 243 258 275 278 281 287 291 291 291 292 291 291 292 292 291 289 288 294 295 297 298 296 297 297 297 296 294 292 289 287 282 278 277 272 267 259 259 266 269 261 263 268 267 274 280 274 262 252 252 253 267 278 268 261 254
nan nan nan nan nan nan nan nan nan nan nan nan nan nan nan nan nan nan nan nan 250 253 263 271 271 272 265 256 257 258 258 264 269 260 261 256 245 252 247 249 259 277 282 283 288 292 292 291 293 291 292 294 294 291 293 294 295 296 297 296 295 296 298 296 295 292 290 286 283 282 278 273 275 267 262 267 266 272 271 274 275 276 278 274 269 255 253 258 254 264 277 274 268 262
nan nan nan nan nan nan nan nan nan nan nan nan nan nan nan nan nan nan nan nan nan nan 260 264 265 269 262 255 252 252 248 258 265 254 246 248 238 251 257 259 263 273 285 285 289 290 292 293 293 293 292 289 288 293 294 293 294 294 293 293 294 297 297 294 292 290 289 285 281 275 273 264 268 264 265 269 271 274 275 275 279 278 270 266 259 263 265 267 263 264 269 277 274 266
nan nan nan nan nan nan nan nan nan nan nan nan nan nan nan nan nan nan nan nan nan nan nan 260 253 259 269 260 251 248 243 258 258 252 243 234 230 244 257 266 273 279 285 288 291 292 293 293 289 289 285 285 284 288 289 289 290 290 290 293 294 297 295 288 285 288 286 281 278 270 261 262 267 267 271 274 274 278 279 279 279 280 274 272 268 270 271 273 269 272 276 277 275 272
nan nan nan nan nan nan nan nan nan nan nan nan nan nan nan nan nan nan nan nan nan nan nan 258 250 258 268 256 252 247 244 250 254 248 243 237 229 235 249 254 266 276 284 288 290 292 291 289 287 284 286 281 279 284 285 284 284 286 290 293 294 296 294 286 286 289 286 275 266 262 259 264 268 264 264 272 275 276 273 275 279 278 277 277 274 267 272 272 274 272 270 276 273 268
nan nan nan nan nan nan nan nan nan nan nan nan nan nan nan nan nan nan nan nan nan nan nan nan 252 257 265 256 254 249 246 245 247 247 241 239 233 230 237 241 256 274 282 286 288 290 287 284 282 284 284 282 280 275 278 280 288 290 292 292 292 293 294 291 291 290 286 274 259 251 256 262 264 262 267 263 271 273 263 274 277 275 273 272 273 266 268 267 267 270 270 272 274 269
nan nan nan nan nan nan nan nan nan nan nan nan nan nan nan nan nan nan nan nan nan nan nan nan 252 261 263 260 253 247 244 239 237 241 236 233 227 228 240 251 262 271 277 282 285 287 286 283 280 278 273 275 279 274 281 283 289 289 290 288 288 290 292 292 292 291 285 274 268 261 257 255 256 253 254 261 273 266 261 274 277 271 268 270 268 265 267 262 261 269 270 270 271 271
nan nan nan nan nan nan nan nan nan nan nan nan nan nan nan nan nan nan nan nan nan nan nan nan 248 258 262 262 253 246 243 238 234 237 231 224 224 232 239 254 263 270 276 280 282 283 282 280 278 277 268 271 276 277 282 285 283 280 286 285 278 285 288 288 288 291 288 283 279 271 260 245 246 244 255 268 274 269 263 275 273 267 265 265 262 264 261 256 256 265 269 267 269 267
nan nan nan nan nan nan nan nan nan nan nan nan nan nan nan nan nan nan nan nan nan nan nan nan 243 252 257 259 257 244 240 237 238 242 234 229 227 236 245 252 262 268 273 272 273 274 278 274 276 274 267 265 270 273 279 285 285 278 277 281 277 279 283 280 285 290 289 281 277 269 262 249 248 255 256 267 272 267 265 272 275 270 270 267 262 261 260 259 257 262 266 265 263 260
nan nan nan nan nan nan nan nan nan nan nan nan nan nan nan nan nan nan nan nan nan nan nan nan 252 254 256 257 255 255 248 242 244 241 231 231 233 245 253 254 259 263 265 266 265 271 274 270 269 270 262 254 263 270 274 281 286 280 277 272 267 267 276 277 284 287 289 287 279 271 266 255 249 255 261 269 271 262 260 266 270 273 271 268 260 264 265 264 261 259 262 263 260 254
nan nan nan nan nan nan nan nan 248 252 245 239 237 nan nan nan nan nan nan nan nan nan nan nan 258 270 268 258 250 253 255 254 251 242 228 234 249 253 259 263 260 259 261 263 262 265 265 265 261 265 259 246 255 263 270 280 285 276 269 263 262 264 273 282 277 279 286 289 282 274 258 251 255 260 261 267 269 260 251 256 264 266 270 269 264 266 267 265 263 258 254 256 257 250
nan nan nan nan 296 289 285 265 257 270 260 256 254 245 nan nan nan nan nan nan nan nan nan 266 269 276 280 268 257 248 248 248 246 243 236 242 267 269 269 271 265 264 270 271 261 256 257 255 250 253 253 251 263 270 271 278 282 276 265 261 263 270 272 271 266 276 285 288 279 266 253 256 257 263 265 264 264 263 252 246 252 260 267 266 268 266 264 258 257 254 245 243 250 246
nan nan nan nan 304 301 293 275 266 283 278 273 268 259 263 274 nan nan nan nan nan nan 285 280 282 282 287 276 260 252 246 243 238 237 232 246 274 280 277 278 273 279 284 274 261 252 245 242 244 245 247 252 264 272 277 280 281 276 269 263 265 270 268 267 270 274 279 287 277 259 250 259 263 261 253 252 256 259 252 239 247 260 265 258 265 265 263 257 249 243 232 232 238 235
nan nan nan 314 308 300 294 285 284 288 296 286 274 280 278 285 276 nan nan nan 288 303 302 295 291 292 286 274 268 265 258 251 247 251 239 260 281 290 286 279 279 287 289 272 269 258 245 238 239 245 250 264 270 273 276 276 278 277 276 273 273 269 271 270 273 275 281 286 277 258 247 259 255 255 247 244 244 249 243 240 249 261 259 253 260 264 259 260 254 247 236 226 224 220
