ecocropFuture/tif/c6/rcp585/ACCESS-CM2/tmax_9.asc
ncols        683
nrows        518
xllcorner    -87.691666666667
yllcorner    10.708333333333
cellsize     0.008333333333
NODATA_value  nan
[rows 126 to 167 of 518, columns 94 to 187 of 683]
nan nan nan nan nan nan nan nan nan nan nan nan nan nan nan nan nan nan nan nan nan nan nan nan nan nan nan nan nan nan nan nan nan nan nan nan nan nan nan nan nan nan nan nan nan nan nan nan nan nan nan nan nan nan nan nan nan nan nan nan nan nan nan nan nan nan nan nan nan nan nan nan nan nan nan nan nan nan nan nan nan nan nan nan nan nan 274 281 280 277 285 284 277 284
nan nan nan nan nan nan nan nan nan nan nan nan nan nan nan nan nan nan nan nan nan nan nan nan nan nan nan nan nan nan nan nan nan nan nan nan nan nan nan nan nan nan nan nan nan nan nan nan nan nan nan nan nan nan nan nan nan nan nan nan nan nan nan nan nan nan nan nan nan nan nan nan nan nan nan nan nan nan nan nan nan nan nan nan nan nan 269 280 289 292 293 290 286 291
nan nan nan nan nan nan nan nan nan nan nan nan nan nan nan nan nan nan nan nan nan nan nan nan nan nan nan nan nan nan nan nan nan nan nan nan nan nan nan nan nan nan nan nan nan nan nan nan nan nan nan nan nan nan nan nan nan nan nan nan nan nan nan nan nan nan nan nan nan nan nan nan nan nan nan nan nan nan nan nan nan nan nan nan nan 258 268 279 288 294 298 299 298 298
nan nan nan nan nan nan nan nan nan nan nan nan nan nan nan nan nan nan nan nan nan nan nan nan nan nan nan nan nan nan nan nan nan nan nan nan nan nan nan nan nan nan nan nan nan nan nan nan nan nan nan nan nan nan nan nan nan nan nan nan nan nan nan nan nan nan nan nan nan nan nan nan nan nan nan nan nan nan nan nan nan nan nan nan nan 254 265 278 289 288 294 300 303 304
nan nan nan nan nan nan nan nan nan nan nan nan nan nan nan nan nan nan nan nan nan nan nan nan nan nan nan nan nan nan nan nan nan nan nan nan nan nan nan nan nan nan nan nan nan nan nan nan nan nan nan nan nan nan nan nan nan nan nan nan nan nan nan nan nan nan nan nan nan nan nan nan nan nan nan nan nan nan nan nan nan nan nan 255 254 259 272 278 285 279 287 288 295 304
nan nan nan nan nan nan nan nan nan nan nan nan nan nan nan nan nan nan nan nan nan nan nan nan nan nan nan nan nan nan nan nan nan nan nan nan nan nan nan nan nan nan nan nan nan nan nan nan nan nan nan nan nan nan nan nan nan nan nan nan nan nan nan nan nan nan nan nan nan nan nan nan nan nan nan nan nan nan nan nan nan nan 262 267 265 271 277 283 279 276 279 286 297 305
nan nan nan nan nan nan nan nan nan nan nan nan nan nan nan nan nan nan nan nan nan nan nan nan nan nan nan nan nan nan nan nan nan nan nan nan nan nan nan nan nan nan nan nan nan nan nan nan nan nan nan nan nan nan nan nan nan nan nan nan nan nan nan nan nan nan nan nan nan nan nan nan nan nan nan nan nan nan nan nan nan 274 274 278 275 274 272 275 281 285 281 293 302 307
nan nan nan nan nan nan nan nan nan nan nan nan nan nan nan nan nan nan nan nan nan nan nan nan nan nan nan nan nan nan nan nan nan nan nan nan nan nan nan nan nan nan nan nan nan nan nan nan nan nan nan nan nan nan nan nan nan nan nan nan nan nan nan nan nan nan nan nan nan nan nan nan nan nan nan nan nan nan nan nan 281 275 274 285 279 274 270 276 286 290 291 297 305 308
nan nan nan nan nan nan nan nan nan nan nan nan nan nan nan nan nan nan nan nan nan nan nan nan nan nan nan nan nan nan nan nan nan nan nan nan nan nan nan nan nan nan nan nan nan nan nan nan nan nan nan nan nan nan nan nan nan nan nan nan nan nan nan nan nan nan nan nan nan nan nan nan nan nan nan nan nan nan nan 286 285 276 281 288 285 281 277 281 289 289 296 304 308 309
nan nan nan nan nan nan nan nan nan nan nan nan nan nan nan nan nan nan nan nan nan nan nan nan nan nan nan nan nan nan nan nan nan nan nan nan nan nan nan nan nan nan nan nan nan nan nan nan nan nan nan nan nan nan nan nan nan nan nan nan nan nan nan nan nan nan nan nan nan nan nan nan nan nan nan nan nan nan nan 281 289 285 286 292 287 283 290 294 293 291 300 307 309 310
nan nan nan nan nan nan nan nan nan nan nan nan nan nan nan nan nan nan nan nan nan nan nan nan nan nan nan nan nan nan nan nan nan nan nan nan nan nan nan nan nan nan nan nan nan nan nan nan nan nan nan nan nan nan nan nan nan nan nan nan nan nan nan nan nan nan nan nan nan nan nan nan nan nan nan nan nan nan 274 276 284 292 292 293 292 286 293 299 301 299 306 309 310 310
nan nan nan nan nan nan nan nan nan nan nan nan nan nan nan nan nan nan nan nan nan nan nan nan nan nan nan nan nan nan nan nan nan nan nan nan nan nan nan nan nan nan nan nan nan nan nan nan nan nan nan nan nan nan nan nan nan nan nan nan nan nan nan nan nan nan nan nan nan nan nan nan nan nan nan nan nan 277 275 278 285 291 296 296 295 293 298 301 304 305 308 310 311 311
nan nan nan nan nan nan nan nan nan nan nan nan nan nan nan nan nan nan nan nan nan nan nan nan nan nan nan nan nan nan nan nan nan nan nan nan nan nan nan nan nan nan nan nan nan nan nan nan nan nan nan nan nan nan nan nan nan nan nan nan nan nan nan nan nan nan nan nan nan nan nan nan nan nan nan 283 283 281 276 283 289 290 290 295 300 301 303 302 307 307 309 311 311 311
nan nan nan nan nan nan nan nan nan nan nan nan nan nan nan nan nan nan nan nan nan nan nan nan nan nan nan nan nan nan nan nan nan nan nan nan nan nan nan nan nan nan nan nan nan nan nan nan nan nan nan nan nan nan nan nan nan nan nan nan nan nan nan nan nan nan nan nan nan nan nan nan nan nan nan 288 285 280 278 281 286 291 292 296 300 304 305 303 305 309 310 311 312 311
nan nan nan nan nan nan nan nan nan nan nan nan nan nan nan nan nan nan nan nan nan nan nan nan nan nan nan nan nan nan nan nan nan nan nan nan nan nan nan nan nan nan nan nan nan nan nan nan nan nan nan nan nan nan nan nan nan nan nan nan nan nan nan nan nan nan nan nan nan nan nan nan nan 270 278 286 288 285 284 285 285 289 291 295 300 304 307 307 307 310 311 312 312 311
nan nan nan nan nan nan nan nan nan nan nan nan nan nan nan nan nan nan nan nan nan nan nan nan nan nan nan nan nan nan nan nan nan nan nan nan nan nan nan nan nan nan nan nan nan nan nan nan nan nan nan nan nan nan nan nan nan nan nan nan nan nan nan nan nan nan nan nan nan nan nan nan 275 274 280 285 292 289 288 287 287 288 292 297 302 305 306 308 310 310 311 312 311 308
nan nan nan nan nan nan nan nan nan nan nan nan nan nan nan nan nan nan nan nan nan nan nan nan nan nan nan nan nan nan nan nan nan nan nan nan nan nan nan nan nan nan nan nan nan nan nan nan nan nan nan nan nan nan nan nan nan nan nan nan nan nan nan nan nan nan nan nan nan nan nan nan 277 279 280 284 291 294 293 290 289 290 293 298 303 306 307 308 311 310 311 312 310 306
nan nan nan nan nan nan nan nan nan nan nan nan nan nan nan nan nan nan nan nan nan nan nan nan nan nan nan nan nan nan nan nan nan nan nan nan nan nan nan nan nan nan nan nan nan nan nan nan nan nan nan nan nan nan nan nan nan nan nan nan nan nan nan nan nan nan nan nan nan nan nan nan 278 278 283 285 289 295 297 295 291 292 294 299 304 306 308 310 311 311 311 311 309 301
nan nan nan nan nan nan nan nan nan nan nan nan nan nan nan nan nan nan nan nan nan nan nan nan nan nan nan nan nan nan nan nan nan nan nan nan nan nan nan nan nan nan nan nan nan nan nan nan nan nan nan nan nan nan nan nan nan nan nan nan nan nan nan nan nan nan nan nan nan nan nan nan 282 277 280 285 287 293 298 301 299 296 298 304 307 307 309 311 312 311 311 310 308 303
nan nan nan nan nan nan nan nan nan nan nan nan nan nan nan nan nan nan nan nan nan nan nan nan nan nan nan nan nan nan nan nan nan nan nan nan nan nan nan nan nan nan nan nan nan nan nan nan nan nan nan nan nan nan nan nan nan nan nan nan nan nan nan nan nan nan nan nan nan nan nan nan 283 280 281 281 285 290 294 300 304 304 303 307 309 307 309 312 311 310 310 308 303 298
nan nan nan nan nan nan nan nan nan nan nan nan nan nan nan nan nan nan nan nan nan nan nan nan nan nan nan nan nan nan nan nan nan nan nan nan nan nan nan nan nan 270 268 271 260 nan nan nan nan nan nan nan nan nan nan nan nan nan nan nan nan nan nan nan nan nan nan nan nan nan nan 283 285 281 277 280 285 285 288 298 303 306 308 309 310 310 312 311 308 307 309 306 303 299
nan nan nan nan nan nan nan nan nan nan nan nan nan nan nan nan nan nan nan nan nan nan nan nan nan nan nan nan nan nan nan nan nan nan nan nan nan nan nan nan 276 272 266 263 270 269 nan nan nan nan nan nan nan nan nan nan nan nan nan nan nan nan nan nan nan nan nan nan nan nan 276 275 280 286 284 287 286 286 290 298 303 305 308 310 310 311 310 307 306 308 308 305 302 294
nan nan nan nan nan nan nan nan nan nan nan nan nan nan nan nan nan nan nan nan nan 307 303 302 299 297 297 296 297 nan nan nan nan 286 nan nan nan 278 277 274 273 278 275 270 275 274 273 nan nan nan nan nan nan nan nan nan nan nan nan nan nan nan nan nan nan nan nan nan nan nan 271 275 281 285 290 292 287 287 293 301 304 307 309 310 311 311 306 304 308 309 307 301 297 298
nan nan nan nan nan nan nan nan nan nan nan nan nan nan nan nan nan nan nan nan 312 307 305 300 297 295 295 293 294 295 291 290 287 280 276 278 277 269 268 274 272 272 280 278 280 276 271 271 nan nan nan nan nan 248 246 248 nan nan nan nan nan nan nan nan nan nan nan nan nan 259 266 273 281 286 290 292 295 292 295 295 302 305 308 310 311 310 308 308 310 310 304 298 293 300
nan nan nan nan nan nan nan nan nan nan nan nan nan nan nan nan nan 323 317 311 310 307 304 301 298 294 291 288 292 290 289 284 281 281 275 271 272 270 269 271 272 268 274 282 281 281 274 269 267 255 250 248 250 249 246 241 249 nan nan nan nan nan nan 244 255 nan nan nan 258 252 263 269 279 283 287 292 296 299 300 299 303 307 309 310 309 309 311 311 311 310 303 297 300 302
nan nan nan nan nan nan nan nan nan nan nan nan nan nan nan nan 320 320 315 311 309 305 305 302 300 296 293 290 291 288 286 281 284 282 274 276 283 281 277 275 273 275 273 277 284 283 277 277 274 264 250 248 251 251 252 239 239 232 229 234 229 232 244 241 250 252 250 253 260 254 264 273 271 281 282 285 289 296 301 304 305 306 308 308 305 304 308 311 311 309 306 303 306 304
nan nan nan nan nan nan nan nan nan nan nan nan nan nan nan nan 324 317 314 312 307 305 302 303 301 300 297 295 292 288 283 277 283 285 281 284 286 283 279 278 278 281 277 275 279 285 279 280 277 270 252 247 254 259 258 245 250 246 235 240 238 239 250 246 249 260 251 254 267 266 271 274 278 283 287 285 288 294 300 304 306 307 307 305 304 302 304 309 311 308 303 307 308 308
nan nan nan nan nan nan nan nan nan nan nan nan nan nan nan nan 321 322 317 314 310 306 303 302 303 301 300 297 295 291 286 281 286 289 289 288 284 281 277 281 281 283 280 275 277 279 285 284 277 263 256 251 259 262 264 256 256 260 253 254 252 244 253 261 253 257 264 262 268 274 274 281 285 285 287 290 292 294 299 303 305 304 304 305 306 303 302 306 311 310 302 306 309 311
nan nan nan nan nan nan nan nan nan nan nan nan nan nan nan nan nan 324 321 317 315 310 304 301 303 303 301 299 298 293 287 281 284 291 291 290 285 284 283 286 286 286 282 276 277 280 284 285 273 265 263 265 264 269 267 261 267 268 266 261 251 247 252 266 265 262 268 273 273 279 280 283 285 288 289 290 293 296 299 302 303 301 299 303 304 306 305 303 309 310 304 307 310 311
nan nan nan nan nan nan nan nan nan nan nan nan nan nan nan nan nan 326 323 321 318 312 306 303 306 304 303 302 299 293 287 281 286 292 293 292 290 289 289 289 285 284 283 279 276 279 282 288 284 277 274 268 273 273 276 270 270 275 272 263 255 252 255 266 273 269 273 278 278 281 284 285 285 288 290 292 294 296 300 302 301 299 298 298 301 304 307 307 307 310 309 310 312 312
nan nan nan nan nan nan nan nan nan nan nan nan nan nan nan nan nan 326 324 323 321 317 310 309 306 306 305 303 298 291 283 286 290 294 294 293 293 292 291 289 284 281 282 277 274 276 281 288 290 284 276 276 273 278 282 277 276 278 270 269 265 257 261 264 277 275 276 282 284 285 286 289 288 289 291 294 295 295 299 300 300 300 299 294 299 304 306 308 309 309 311 311 311 311
nan nan nan nan nan nan nan nan nan nan nan nan nan nan nan nan nan 325 325 324 323 321 316 312 310 309 305 301 292 283 285 290 292 295 295 294 293 292 291 289 286 281 278 278 271 271 275 280 291 291 287 286 280 282 285 283 277 281 272 276 271 263 269 269 277 283 279 280 287 289 287 287 291 290 290 292 295 298 300 301 300 302 301 298 300 304 306 308 309 307 307 309 310 308
nan nan nan nan nan nan nan nan nan nan nan nan nan nan nan nan 326 326 324 324 323 319 316 314 312 310 304 297 283 280 287 291 294 294 293 289 286 289 289 286 282 279 273 274 269 270 273 275 283 294 293 291 285 287 289 288 285 286 280 282 274 272 275 279 281 287 283 282 283 289 292 286 292 293 290 290 294 298 300 301 301 302 303 302 300 304 305 307 308 308 307 307 308 310
nan nan nan nan nan nan nan nan nan nan nan nan nan nan nan nan 324 326 325 325 321 319 315 314 311 307 302 292 284 286 286 291 295 294 292 287 282 289 292 289 282 278 275 276 274 277 273 279 286 290 297 296 291 288 291 294 287 291 288 287 285 279 285 286 287 290 284 287 286 284 290 291 293 293 293 291 295 299 301 302 302 301 303 303 302 304 306 307 308 307 304 305 309 311
nan nan nan nan nan nan nan nan nan nan nan nan nan nan nan 319 323 320 322 322 322 319 317 312 306 301 302 291 287 288 292 295 294 294 292 287 282 289 294 292 289 285 282 282 282 285 282 282 289 296 300 296 293 295 293 297 296 296 294 294 292 290 287 288 292 292 290 292 295 294 296 296 295 297 297 297 297 299 301 302 303 301 302 304 304 304 305 306 308 308 306 305 309 310
nan nan nan nan nan nan nan nan nan nan nan nan nan nan nan 315 320 315 315 311 312 313 317 312 307 302 302 295 289 282 290 295 295 294 294 290 287 288 294 294 291 286 288 287 286 283 291 290 291 297 302 299 294 295 299 300 300 296 295 296 295 295 294 294 296 296 297 298 298 299 300 301 301 300 300 299 298 298 299 300 302 303 303 303 305 305 306 308 308 309 307 308 310 310
nan nan nan nan nan nan nan nan nan nan nan nan nan nan 318 312 315 311 304 299 299 302 312 313 310 307 307 302 290 285 288 288 297 295 295 296 293 292 294 297 291 287 291 293 289 287 294 294 295 299 303 301 297 291 296 301 302 302 302 301 298 299 300 299 299 298 299 300 300 301 301 302 300 297 300 300 297 295 296 299 301 301 302 304 305 306 307 307 308 308 309 309 310 310
nan nan nan nan nan nan nan nan nan nan nan nan nan nan 307 307 307 305 301 295 297 304 311 316 314 311 309 299 291 286 285 288 294 299 299 299 298 297 298 299 295 290 292 295 294 293 296 298 299 295 299 304 301 297 298 302 303 304 304 304 302 302 302 302 301 300 301 301 302 301 302 302 302 299 300 301 297 294 295 297 299 300 299 303 304 305 305 306 306 306 308 310 310 309
nan nan nan nan nan nan nan nan nan nan nan nan nan nan 301 300 301 300 303 301 303 304 311 314 315 312 307 298 293 289 290 291 291 293 297 301 301 301 301 298 295 290 294 296 298 297 294 299 302 296 293 298 305 305 306 305 305 305 305 306 304 304 304 304 302 302 302 303 303 302 301 304 303 301 303 302 298 296 296 295 298 298 299 301 302 302 302 302 302 305 308 309 310 311
nan nan nan nan nan nan nan nan nan nan nan nan nan nan nan 298 301 303 304 304 307 309 311 314 311 307 302 305 301 293 286 283 280 285 291 297 302 304 303 301 301 299 298 294 298 301 301 301 302 303 304 306 308 307 308 306 306 306 307 307 306 305 305 305 304 304 304 305 304 303 303 304 304 304 304 302 300 297 295 294 295 295 298 299 298 299 297 295 301 306 306 308 309 308
nan nan nan nan nan nan nan nan nan nan nan nan nan nan nan nan nan nan 305 307 309 311 312 310 309 301 296 296 297 296 287 278 274 283 291 295 300 303 304 304 304 303 300 299 301 302 305 304 303 307 308 308 308 308 309 308 308 308 308 308 307 307 307 306 305 306 306 305 304 304 304 305 305 303 303 302 300 297 295 291 292 291 294 298 299 301 300 301 304 304 307 306 306 305
nan nan nan nan nan nan nan nan nan nan nan nan nan nan nan nan nan nan 305 306 307 309 310 308 304 300 296 293 293 296 289 281 286 290 295 296 296 300 303 303 305 306 305 304 304 304 306 307 308 308 309 309 309 309 309 309 309 309 309 309 310 309 307 305 303 305 306 306 306 305 304 304 304 304 303 302 298 297 294 291 291 293 292 296 298 300 302 301 300 304 302 300 302 302
