ecocropFuture/tif/c6/rcp585/ACCESS-CM2/tmean_9.asc
ncols        683
nrows        518
xllcorner    -87.691666666667
yllcorner    10.708333333333
cellsize     0.008333333333
NODATA_value  nan
[rows 190 to 227 of 518, columns 258 to 343 of 683]
250.5 250.5 247.5 246.5 243 236.5 232.5 231 229.5 228 233 237.5 241.5 246.5 250 250 249 255 258 259 259.5 264.5 266.5 267.5 266 264.5 267.5 269 269.5 268 267 269 268.5 267 266.5 264.5 265.5 265 263 258 268 268 266.5 265 260.5 264 267 267 266 264.5 259.5 256.5 260.5 264.5 258.5 265 262.5 263 270 268.5 270 271 271.5 271.5 269.5 269.5 268 266.5 268.5 270 270 270 271 272 271.5 271 271.5 271.5 273.5 273.5 274 274 274.5 274.5 274 274
248.5 246 242.5 243 239 234.5 232.5 230 227 231 236.5 241.5 243.5 244.5 247 251 251.5 253 255 257.5 260.5 263.5 264.5 265.5 259.5 263.5 265.5 268.5 268.5 266 267 269 266 261.5 260.5 261 264.5 265.5 261 262 267 270 270 268 265.5 268 269 267.5 264 265 260 254.5 259.5 263 260.5 262 266 265 269 269.5 271 271.5 272 270.5 270.5 270.5 267.5 268.5 269 271 270.5 270 271 271 270 269.5 271 272.5 273 273.5 273.5 274 274 274 274 274
239 240 239 235 234.5 235 232.5 229 229 229 235.5 242.5 244.5 240.5 242.5 249 253 252 256 261.5 263.5 262.5 265.5 266.5 264.5 262.5 266.5 268.5 268 267 267 268.5 265 254.5 249 257.5 261.5 262.5 265 260 265 270 271 270 269.5 269 269.5 267 263 264.5 258.5 252 255.5 260 260.5 256 257 266 269 270 271 271 271.5 272 272 271 271.5 271.5 271 272 271 271 270 271.5 271.5 272 272 272.5 272.5 273 273.5 274 274 274 273 274
233.5 230.5 233.5 233 235 236.5 235.5 229.5 230.5 230 235.5 243.5 242.5 239.5 242 246 251.5 254 255 262.5 265 263.5 261.5 265 265.5 266.5 268.5 268 266.5 266 267.5 268 263.5 253.5 249.5 254.5 255 256 261 258 262 269 271 271 271 271 270 268 261.5 262.5 260 252.5 256 256 253 257 254 263.5 267.5 269 270 271 270 271 272 272 272 272 272 272 272 272 271 272 271.5 271.5 270 270 270 272 273 274 274 274 272 273.5
235.5 227.5 232.5 235.5 238.5 240 235.5 231.5 232 233 241.5 245.5 242.5 239 236 247 250 255 255 262 263.5 265 262 264.5 267.5 266.5 268.5 267 264 266 265 266.5 266.5 262.5 261 257.5 253 250 255 262 263 269 269 270 270 270 268 265 258.5 256.5 256 252 251 251 249.5 256 261 262.5 267 269 269.5 268.5 268 270 272 272 272 272.5 272 272 272.5 272 272 272 271 270 269 267 268 272 273 273 274 273.5 273.5 273.5
237.5 231 235.5 236.5 242.5 239.5 235.5 235.5 230.5 235.5 244.5 242.5 238.5 236 235 239.5 248.5 255.5 253 254.5 257.5 262.5 265.5 265.5 265.5 265.5 267.5 265 264 263 263 263 266.5 265.5 266.5 265 260 254 257 265 266 268 268.5 268 267.5 270 269 265 256.5 251.5 253 246 244 251 252 253.5 255.5 264 267 268 270 266 265 269 271 271 272 272.5 272 272 272 273 272 271 270 269.5 270 270 271 272 272 273.5 273.5 273 272 272.5
237.5 231.5 234.5 240.5 242 238.5 238.5 233.5 232 239.5 245.5 235.5 234 231 237 243.5 240 254 255 256 257 262.5 265.5 266.5 266.5 267.5 265 261 260 260.5 260 264 265.5 263.5 265.5 268.5 266.5 265 260 265 268 267.5 266 267 269.5 269 263 264 259 257.5 256.5 252 249 252 256 250 257 259 268 269 270 268 267 270.5 271 271 272 272 272.5 272 272 272 272.5 272 271.5 271 271 270 270 271 272 273 272.5 272.5 272.5 270.5
236.5 232 233.5 239.5 242.5 241.5 235.5 229 231 241.5 247 238.5 236 234 235 244.5 250 254.5 254 256 261.5 265 265.5 266.5 267 266.5 265 262 258 259.5 263.5 265 263.5 263.5 264.5 266.5 268.5 269.5 266 268 270 269 264 266 270 270 266 265.5 260.5 259.5 262.5 256.5 257 260 260 255 259 266 269 270.5 270.5 270 270 271 272 272 272 272 272 272 272.5 273 272.5 272.5 272.5 271 270 269 271 272 272.5 273 270.5 269.5 268.5 266.5
235.5 231.5 235.5 241.5 243 240.5 237.5 234.5 234 243.5 247.5 242.5 240.5 239.5 233 241.5 253.5 256 253 258 262 265.5 265 266.5 267 266 266 263 258.5 257.5 263.5 264 258.5 265.5 266.5 268 268.5 269.5 270 270.5 270 268 263.5 267.5 271 270 267.5 268 265 263.5 265.5 262 264 259 257 262 264 269 270 269.5 271 271 272 271.5 272 272 272 272 273 273 273 273 272.5 272 272.5 271.5 271 270 272 272 273 272.5 271.5 268.5 266.5 268.5
240.5 237.5 237.5 243.5 242 238.5 239.5 239.5 238 240.5 249.5 247.5 244.5 238.5 235 236.5 249.5 256 258 257 262.5 262.5 265 267 266 265.5 265 264.5 260.5 259.5 262.5 261.5 260.5 268.5 268.5 269.5 269.5 269.5 270.5 271 271 269 263 266 271.5 270 267 268.5 268.5 267.5 267.5 265 262.5 256 256 263 266 268 270 270 271 271.5 271 272 272 272 272.5 272.5 272.5 273 273 273 272 272.5 272.5 271.5 271 271 271 272 271.5 270.5 270.5 268.5 267 270
239 240.5 238.5 243.5 243.5 243.5 247 244.5 237.5 241.5 247.5 252 245.5 243 238 236 241 249.5 254.5 259 259.5 258 264 266 265 264.5 264 263.5 258.5 263.5 263.5 266.5 264.5 269 270 268.5 264 267 270 270.5 271 270 265 267.5 272 268.5 263 267.5 269.5 269.5 268.5 263.5 258 249 253 265 263 265 268 271 271 271.5 272 272 272 272 272.5 273 272 273 273 272.5 272.5 272.5 272.5 271.5 271 272 272 270.5 271.5 269.5 270 269.5 269.5 270
233.5 235 236.5 243 245.5 246 251 247.5 241.5 239.5 246 251.5 241 243.5 241.5 237.5 237 244.5 254.5 259.5 259.5 260 264 263 258.5 258.5 253.5 256.5 256.5 265.5 265.5 267.5 268.5 268.5 269.5 268 266.5 267.5 267.5 268.5 270 271 270 271 271.5 269.5 265.5 269 270.5 270 269.5 263 253.5 242.5 249 263 267 264 268 270.5 271 271.5 271.5 271.5 272 272 272.5 273 273 273 273 273 273 272 271.5 270 272 272 272 272 271.5 271 270.5 270.5 269.5 269.5
228 230.5 232 239.5 247.5 251 254 252 245 244 244 252 242.5 246.5 245.5 241 237.5 246.5 254.5 259.5 260 259 257.5 255 247 251.5 256.5 260.5 264.5 266.5 267.5 269 268.5 269 269 269 266.5 265 261.5 268 271 271 271 271 270 271 270 270 270.5 269 269 264.5 256 249 252 261 268 268 269.5 270.5 270.5 271 271 270.5 271 272 272.5 273 273 273 273 273 272 270.5 269.5 269 271 272 272 272.5 271.5 271.5 270.5 271.5 270.5 269.5
224.5 226 232.5 237.5 243.5 254 258 255 249 251 245.5 253 247.5 249 246.5 241 239 249.5 256 260 260 257.5 252 247.5 241 248.5 258 264.5 265.5 265.5 268 268 263 267 268 267 266 261 263 268 270 271 270 269.5 270 269.5 271.5 271 270 269.5 270 268.5 263 259 260 266 265 270 270.5 271 271.5 271.5 270.5 269.5 264 266.5 272 273 273 273 273 272.5 271.5 271.5 270.5 271 272 272.5 272 272 272 270.5 269.5 271.5 271.5 271.5
227.5 230.5 233.5 238 242 249 255.5 259 255 250 246 250 255 252.5 249 239 240 252.5 258.5 260.5 258.5 255.5 251.5 246 247.5 255.5 262.5 264.5 263 266 268 265 260 259 266 266.5 264 263 266 267 269 271 270 270 270.5 270.5 271 269.5 271 270 271 270 267 263 265.5 265.5 264 269 271 271 271.5 271.5 267.5 269.5 266.5 267 272 273 273 273.5 273 273 272.5 270.5 272 272 273 271 270.5 271.5 272 270.5 271.5 272.5 272 271.5
228 233.5 235.5 237.5 244 247.5 253 259.5 257.5 252 255 256 253 248.5 248.5 240.5 240 248.5 256.5 260.5 257.5 254.5 250 248 254.5 259.5 260.5 258 260.5 267 264 258 251 250.5 262 266 264 265 265 268 270 270 270 270 270.5 271 271 270 271 271 271.5 271 268.5 264 270 265.5 269 270.5 270 271 271.5 272 269 269 271 269.5 272.5 273 273.5 273 273 273.5 273 273.5 273.5 273 273 272 272 271 272 272.5 271.5 272.5 272.5 272
231.5 236.5 237.5 238.5 242 247 249 253 260 258 261 258 256 250.5 246.5 241 240 245.5 253.5 259.5 257.5 258.5 252.5 249.5 260 263.5 258.5 257 265 260 254 247.5 243.5 252 262.5 266 264 265 266 268 269 268.5 269 270 270.5 270 270 269 270.5 269.5 269.5 270.5 270.5 269 271 271 271 269 269 269 271.5 272 272 271.5 272.5 272.5 271.5 272.5 272.5 273 273 273.5 273.5 273.5 273.5 273 272 272 272.5 269.5 271.5 272.5 272 272 272.5 272
234.5 237.5 242.5 242.5 239 241.5 247 251 255 262 264 262.5 257 250.5 244.5 245.5 245.5 249.5 255.5 259.5 251.5 255.5 255.5 253.5 259 263.5 263 264 261 248.5 245.5 245.5 246.5 256.5 263.5 265 263.5 259 262.5 265.5 267.5 268 269.5 269.5 270.5 270 270 268 270.5 269.5 269.5 270.5 269.5 267 271 271 271 267.5 267 269 271 272 272.5 272.5 272.5 272.5 273 273 273 273.5 273.5 273.5 273.5 273.5 273.5 272 272.5 272 272.5 271 271.5 272.5 272.5 272.5 272.5 272.5
241 239.5 245.5 248 242 244 245 253 255 256 264.5 264.5 253 246.5 245.5 247.5 254.5 255.5 258.5 261.5 252.5 253.5 256 259.5 262 262 264 263 253.5 245.5 242 239.5 244.5 261 265.5 265 263 259.5 258.5 258.5 261.5 265.5 268.5 268.5 270 270.5 269.5 269.5 270.5 268 267.5 269.5 270.5 270.5 271 272 271 270 268 270 270 270.5 272.5 272.5 272.5 272.5 273 273 273 273 273 273 273 273 273 273 273 272 273 272.5 273 272 272.5 272.5 272.5 272.5
247 243 243 251 249 248 249 252 259 257 262 265 261 254 254.5 253 257.5 261.5 262.5 260.5 254.5 251 251 258 260 253 259 253.5 246.5 244.5 242.5 240 251.5 263.5 266.5 265.5 261.5 260.5 256.5 249.5 255.5 262.5 267 266 268.5 270 269 267.5 269.5 265.5 267.5 269.5 270.5 271.5 271 272 271 269 268 271 267.5 270 272 272.5 272.5 273 273 273 273 273.5 273 272.5 272.5 272.5 273 273 273 272.5 273 272.5 273 272.5 272.5 272.5 272.5 272.5
250 248 248 251 253 253 251 252 257 261 262.5 260 265 260 260 258.5 261 263.5 262.5 260.5 257 250.5 251.5 258.5 258 252 251.5 242.5 244.5 245.5 247.5 251.5 262.5 266.5 267 265.5 259 254 256.5 252 252 261.5 267 267 263.5 265 269 268 269.5 269 267.5 264.5 267.5 271.5 272 272.5 271 269 269 271 270 270.5 272 272.5 272.5 273 273 273 273 273 272 272.5 272.5 272.5 273 273 273 273 273 273 273 272 272.5 273 272.5 272.5
251 252 245 247 246 256 254 253 258 263 266 265 267 266 264 262.5 264 263.5 264 261 258 253 256 260 258 251.5 245.5 242.5 246.5 246.5 252.5 259.5 265.5 267.5 267.5 266.5 261.5 256 254 259 259 263 267.5 268.5 264 260 268 266 268 266 263.5 262.5 266 271 272 272 272 270.5 268 271 272 271.5 272.5 272.5 272.5 272.5 272.5 272.5 272.5 273 272 272 272 272.5 273 272.5 273 272.5 273 273 273 273 272.5 272.5 272.5 272.5
250 251 251 244 243.5 253 257 255.5 258 261 262 263 262 262 267 266 265.5 263.5 260.5 259.5 259.5 257.5 260.5 257 256 253 254.5 248.5 248.5 254 260.5 253.5 264 267.5 268.5 267.5 265.5 261.5 256 257 263.5 266 268.5 269 262.5 258 266 261 265 262 263.5 266.5 268 271 271 272 272 272 268 270 272 272 272 272.5 272.5 272.5 272.5 272 272 271.5 272 272 272 272 272 272 273 272.5 273 273 273 273 273 272.5 272.5 273
249 249 253 253 246 249.5 257 259 258.5 258 260.5 260 259.5 258 263.5 266.5 268 264.5 262.5 261.5 259 260 263 261 256.5 260 263 257.5 258.5 263.5 260.5 253.5 264.5 267.5 268.5 268.5 267 263.5 259.5 262 264 268 268 269 265 258 267 261 263 261 262.5 265 269 271 271 272 271 272 272 271 272.5 272 272.5 272.5 272.5 272.5 272.5 272 272 271.5 271.5 272 272 272 272.5 272.5 272 272.5 273 273 273 273 273 273.5 273.5 273
247 246 252 257 254 250.5 256 260 262 260 261 263.5 266 265.5 260 262.5 268.5 267 263.5 262.5 259 261.5 263 262 257.5 262.5 265.5 265 263.5 264 258 260.5 267.5 267.5 265.5 268.5 267 263.5 265.5 266 266 265 268 268 269 264 269 267 267 265 264.5 264.5 268 271 270 270.5 267 270 272.5 272.5 273 272.5 273 273 273.5 272.5 272 272 271.5 272 272 272 272 272.5 272.5 272.5 272 272 272.5 273 273 273 273 272.5 272.5 272.5
243.5 245 254 256 257 258 257 259 262 263 265 265.5 266 267.5 264.5 266 267 268.5 264.5 263.5 259.5 262 265 263 261 263 265 266.5 264.5 261 262.5 266 267.5 268 265.5 268.5 268.5 267 266.5 262.5 259 265 269 270 270 264 266 270.5 270 269.5 265.5 267 268 271 271 270 268 269 272 272 273 273 273 273.5 273.5 272.5 272 271.5 271.5 272 272 272 272 272 272 272 271.5 272.5 272.5 272.5 272.5 272.5 272.5 272.5 272.5 272.5
238.5 247.5 255 251 249 255 256.5 256.5 255.5 259 260 260.5 260.5 265.5 267.5 266.5 266.5 267.5 268 267 264.5 264 265 267.5 266 265 263.5 265.5 266 259.5 262.5 261.5 267.5 268.5 267.5 267.5 264 267 266.5 261 255 261.5 270 270 271 267 265 269 271.5 270.5 268.5 270 270 271 271 271 269 270 271.5 272 272 273 273 273.5 273 271.5 271.5 272 272.5 272.5 272 272 272 272 272 271.5 271.5 272.5 272.5 272.5 272.5 272.5 272.5 272.5 273 273
244.5 251.5 249.5 246.5 249.5 252.5 255.5 251.5 248.5 254.5 258.5 261.5 263.5 265.5 267.5 267.5 267.5 267.5 268 269 268 267.5 268 269 268 268 267 267.5 265 256.5 256.5 260.5 267.5 269.5 269.5 266.5 260 265 264 262 258 263 268 270 271 268 269 269 271.5 271 270.5 270 271 272 272 271 271 270 270.5 272 272 273 273.5 273 273.5 273.5 272.5 271.5 272.5 272.5 273 272.5 272.5 272.5 272 271.5 272 272.5 272.5 272.5 272.5 272.5 272.5 272.5 272 272
243.5 250 243 240 236.5 240.5 248 249.5 250 250 255.5 259.5 263.5 266.5 267.5 267.5 267.5 267.5 266.5 268.5 269.5 269.5 270 269 270 270 268 268 260.5 254.5 255 260.5 268 269.5 269.5 265.5 261.5 260.5 264 263.5 265 267 268.5 267 271 270 266.5 270 271.5 270.5 266.5 269 271 272 272 272 271 270 271 272 272.5 273 273.5 273.5 273.5 273.5 272.5 271.5 272.5 272.5 273 273 273 273 273 273 272.5 272.5 272.5 272.5 272.5 272.5 272.5 272.5 272 272
247.5 248 244 239 231 234 236.5 240.5 247 250.5 254.5 258.5 260.5 265.5 266.5 266.5 267 267.5 266 265.5 268.5 269 266 265 265 270 270 267 261.5 259.5 265 260.5 268.5 269.5 268.5 267.5 263 260.5 263 264 266 269 269 266 270 272 268.5 271 271 270.5 266 269 267 271 272.5 271 271 270 270 271 272 272 272.5 272.5 273.5 273.5 273.5 273 272.5 272.5 273 273.5 273.5 273 273.5 273 272.5 272.5 272.5 272.5 272.5 272.5 272.5 272 272 272
249.5 245 241.5 240 232 226.5 227 231 236.5 248 255 259 261.5 264.5 264.5 263.5 265 266 266 265 267 268 267 267 268 269.5 269.5 268.5 264.5 267 261 263.5 270 268.5 263 260.5 262.5 261 261 268 266 269 269.5 267 269 272 272 273 273 272 269 271 270 271.5 272.5 272 272 271 271 270.5 272 273 273.5 273.5 273.5 273.5 274 273.5 274 273.5 272.5 273.5 273.5 273 273 273 272.5 272.5 272.5 272.5 272.5 272.5 272.5 272 272.5 273
250 248 245.5 240 233 222 220.5 225 234 244.5 255.5 257 259 260.5 260 263 264 265 264 264 265 266 268 269 270 270 269 270 268.5 269 268 268.5 270 265.5 259.5 260.5 262.5 254 259 268 270 268.5 270 269 271 272 272 272 273 273 272 271 268 272 273 273 272 272 271.5 271 272 273.5 274 273.5 273.5 273.5 273.5 273.5 273.5 274 273 273.5 273.5 273 273 273 273 273 273 273 273 272.5 272.5 272.5 273 273
253 251 247.5 243.5 234 223.5 228 226 232.5 243 249 261 261 258.5 261 263.5 266.5 265.5 263 262 265 266 268 268 270.5 270.5 270.5 270.5 267.5 269.5 269.5 268.5 269.5 266.5 263.5 265.5 263 255 259 267 272 271 271 271 272 273 273 272.5 273 272.5 272 268 263 267 272.5 273 273 272.5 272 271 272 273.5 273.5 274 273.5 273.5 273 273.5 274 274 273.5 273.5 272.5 273.5 273.5 273.5 273.5 273.5 273.5 273.5 273.5 273 273 272 272 272
254 248 242 241.5 239.5 232 235.5 234 239.5 248 253 261 264 263.5 264.5 266 267.5 268 265.5 262 266.5 268 269 268 270 271 270.5 269.5 268.5 271.5 271 271.5 271 268 260 266 267 263 266 270 271 272 271 269 271 271 272.5 273 273 271.5 270 268 265.5 268.5 272.5 273 273 273 272 272 272 273.5 273.5 274 273.5 273.5 273.5 273 273.5 273.5 273 272.5 273 273 273.5 273.5 273.5 273.5 273.5 273.5 273.5 273.5 273 272 272 272
252 243 238.5 243.5 246.5 243.5 243.5 243.5 245 250.5 256 261.5 264 265 260.5 260 261 265.5 269 269 268 269 270 270 271 270 269.5 270 271 270.5 271.5 271.5 271.5 270.5 266.5 267 271 271 271 268 267 270 271 270 271 271 272 273 272.5 268.5 264.5 266 268.5 270.5 272 272.5 273 272 273 272 272.5 273 273.5 273.5 273.5 273.5 273.5 272.5 273 273 272.5 272.5 273 273.5 273.5 271.5 271.5 272 271 271.5 272 273 272.5 273 273 272.5
252 243.5 236.5 241.5 248.5 250.5 249 246.5 249.5 249.5 254 260 264 266 263 260 260 261 267.5 269 269 269 268 270 269 266 264.5 264.5 268.5 270.5 270.5 269 270.5 271.5 271.5 271 269.5 269 267.5 265 262 268 272 272 269 271 272 273 272 267.5 267 266 268 270.5 271.5 272 272.5 272 273 273 273 273.5 273 273 273 273.5 272.5 272.5 272.5 272.5 272.5 273 273 272.5 271.5 271.5 270.5 271.5 270.5 271 271.5 273 273 273 272.5 271.5
252 243 240.5 240.5 247.5 252.5 254 255.5 254 256 257 258.5 263 266 265 259 261 266 269 269 269 269 270 267.5 267 263.5 262.5 267.5 269.5 270.5 269.5 266.5 264.5 267.5 270 271.5 270 267 265 263 261 269 272 272 270 269.5 272 272.5 271.5 267.5 270 269 267.5 270.5 272 272 272 272 272.5 272 272 272 272.5 273 273 272.5 272.5 272.5 272.5 271.5 272 272.5 272.5 272 270.5 271.5 271.5 271.5 271 272 272 272 272 272 271.5 271.5
255.5 251 249 249 249.5 254 254.5 260 258 258 260 256 260 266.5 267 265 264 267 270 270.5 269 268.5 267.5 266.5 261.5 261 266.5 267.5 269 267 261 260 259.5 263.5 267 270.5 271 269 265.5 261 254.5 265 271 271 270 270 272 272.5 271.5 268.5 268 270 270.5 271.5 272 272 272.5 272.5 272 272.5 272 272 272 272.5 272.5 272.5 272.5 271.5 272 272 271 271.5 272 272.5 271.5 272.5 272.5 272 272.5 272.5 272.5 272 272 272 272 272
