ecocropFuture/tif/c6/rcp585/ACCESS-CM2/tmean_6.asc
ncols        683
nrows        518
xllcorner    -87.691666666667
yllcorner    10.708333333333
cellsize     0.008333333333
NODATA_value  nan
[rows 266 to 303 of 518, columns 261 to 347 of 683]
270.5 269.5 270 270 269 269.5 270 269.5 269 269 268.5 268 267.5 265.5 262.5 262.5 261.5 262.5 264.5 266 267.5 267 265.5 266.5 265 264 262 260 258 255.5 259.5 264.5 266 268 270 270 271 270 271 272 272.5 272 271 270.5 271.5 270.5 268.5 266.5 269 270.5 270 269 270 270 268 268 269 267 266 267 268.5 270.5 269.5 269.5 269.5 268.5 266.5 264.5 265.5 263.5 262.5 258.5 258.5 259.5 259.5 260.5 262.5 263 262.5 261.5 260.5 260 260 262 263 265 265
270.5 271 271 270.5 269.5 270 270 270 270 269 268.5 268 267 266.5 263.5 260.5 260 264.5 264.5 266 267.5 266.5 267.5 266.5 264.5 263 262.5 259 257 253.5 259 261.5 264 265 269 270 271 271 270 270 271 271.5 271 270.5 271 271.5 266.5 266.5 270.5 270 270.5 271 271 268 269 267.5 268.5 269.5 268.5 269 270.5 269.5 269.5 267.5 268.5 268.5 266.5 261.5 261.5 258.5 258.5 259 258.5 258.5 258.5 259.5 260.5 261.5 261.5 261.5 261 261 261 263 264.5 265 266
270.5 270.5 270.5 270.5 270 270.5 269.5 269.5 269.5 269 267.5 268 265.5 265.5 264.5 261.5 265 265.5 263 266 267.5 268 266 265.5 265.5 265 264.5 262.5 260.5 258.5 259.5 260.5 263.5 265.5 269 270 269.5 269 269 269 270.5 271 269.5 271.5 270.5 271.5 270.5 271 269 267 270 270.5 268 268.5 270 269.5 268.5 269.5 270.5 270.5 268.5 268.5 268.5 267.5 266.5 269.5 268.5 263.5 259.5 257.5 258.5 259 259.5 259 258.5 258.5 260.5 260.5 261.5 262 262.5 262 261.5 263 265 266 265
270.5 270.5 270.5 270.5 271 270.5 269 268 267.5 266 266 267 265.5 266 264.5 264 266 266 264 267 267 268.5 267.5 267.5 266 267 266.5 264.5 261 257.5 261.5 263.5 263.5 264.5 266.5 269.5 270 269 269.5 269.5 271 271 270.5 270.5 270.5 271.5 271.5 271 268 267 269 266 265.5 269 271 271 270 269 270 270.5 269.5 267.5 266.5 263.5 265.5 268.5 269.5 267.5 263 259.5 259.5 260.5 260 260.5 258.5 257.5 260.5 261.5 263.5 263.5 264.5 264 264 264 265 265 263.5
270 270 270.5 270 270 270.5 269.5 267 264 266 266 266 268 267.5 265 265.5 267 264 264 267 268 269 269 268 267 267 265.5 263.5 261.5 256 257.5 263.5 264.5 266.5 264.5 266.5 269.5 270.5 271 270 270 271 270.5 271.5 270.5 271.5 271.5 271 269 266 263 262.5 266 268 269.5 270.5 270.5 269 270 270.5 268.5 267.5 266.5 264.5 262.5 266.5 267.5 268.5 266.5 262.5 261.5 261.5 260.5 260.5 259.5 257.5 261.5 262.5 263.5 264.5 264.5 265 264 265 266 265 264
270.5 270.5 270.5 269 269 270.5 270 269 269 266 267 269 267.5 267.5 267.5 267 266 265 266 267 268 268 268 269 268 267 266 264 261.5 259.5 256.5 264.5 266.5 266 267.5 266.5 268.5 270.5 271 271 271 269 270.5 270.5 269.5 270.5 271 265.5 267 266 263.5 265.5 268 267 268.5 270 269.5 270.5 270.5 270.5 269.5 268.5 266.5 264.5 260.5 262.5 263.5 263.5 267.5 266.5 264.5 262.5 261.5 260.5 260.5 260.5 262.5 263.5 264.5 264.5 265 265 265.5 266 265 265 264
270 270 270 269 269.5 269.5 269.5 267 268 268.5 268 268.5 267 269 268 267 267 267 266 268 268 268 268 269.5 268 268 268 265 262.5 262.5 259.5 264.5 266.5 267.5 268.5 268.5 268.5 270.5 270 270 270 267 267 270.5 270.5 271.5 270.5 268 266 267 265 267 268 268.5 269.5 270 270 269 270.5 270.5 269.5 268 266.5 264.5 263.5 261.5 260.5 261.5 264.5 266.5 267.5 264.5 262 261 259.5 259.5 261 262.5 263.5 263.5 265 265 265.5 264 263 265 264.5
269.5 269.5 269 269 269.5 268.5 267 265.5 263.5 270 270.5 269.5 268 269 265 268 268 267 267 268.5 268 267.5 265 268 268 269.5 269 268.5 265.5 262.5 262.5 263.5 266.5 267.5 267 269 268.5 268 268.5 269.5 268 267 267 269.5 270.5 270 269.5 269.5 270 268 266 265.5 266.5 267.5 268.5 269.5 269.5 269.5 269 270.5 269.5 268 268 266.5 263.5 262.5 262.5 262 262 262.5 265.5 265.5 262.5 260 260.5 260.5 261.5 263.5 264 264.5 265 265.5 265 263 262.5 263.5 264.5
269.5 269.5 269.5 268.5 268.5 268 266 265.5 262.5 269 269.5 270.5 270 268 269.5 269 269 269 268.5 269 269 268.5 268 265.5 267 269.5 269.5 268.5 267 265.5 265.5 264.5 264.5 266 266.5 267.5 267.5 267.5 267 268.5 268.5 269.5 268 268 269 268 271 269 268 270 268 266 265.5 264 265.5 268.5 269.5 269.5 269.5 270 270.5 269 269 267 264 263.5 263.5 263 262 261.5 263 266 266 263 260.5 261 262.5 263.5 263.5 264.5 264.5 264.5 264.5 264 263.5 263 263.5
269.5 269.5 269 268.5 267.5 268 268 267 268.5 269.5 270 270 269 264 268 270 270 269 268 269 269.5 270 268 264.5 268 269.5 269.5 268.5 264.5 265.5 265.5 264.5 264.5 263.5 266.5 265.5 266 268 266.5 266 268 270 270 269 269 271 271 269 266 268 268 267.5 265.5 265.5 267.5 268.5 266.5 269 269.5 268.5 270 270 269.5 267.5 265.5 265 264.5 263 262 262 264 266 266 264 263.5 262.5 260.5 263 263.5 264 264 264 264 264 263 261.5 262.5
269.5 269.5 269 268.5 268 267.5 269 270 270.5 270.5 268.5 268.5 268 264 267 269 270 269 269 269 268.5 270 268.5 266.5 268.5 270 267.5 268.5 268.5 266.5 267 265 264.5 263.5 265.5 266.5 266.5 264 264.5 263 265 267.5 271 271 271 268 269 268.5 265 263.5 265.5 267.5 267.5 267.5 268.5 266.5 265.5 268.5 269.5 268.5 269.5 270 268.5 267.5 266.5 265.5 264.5 264 263 262 262 264 266 265 264.5 263 260 261 262 262 262 262.5 261.5 263 263 262 262.5
270 269.5 270 269.5 270 268 269 270 269.5 268 267.5 267.5 266 264 266 269 270 270 271 270 269 270 270 268.5 270 270 268 267.5 267.5 268.5 266.5 267.5 264.5 261.5 262.5 266.5 266.5 267 267 264 263 266 267 271.5 270 264 266 268 264.5 262 265.5 267 267.5 267.5 268 267.5 266.5 268.5 268.5 269.5 269.5 270 269 268 266.5 265 264.5 262 261 261 260 263 266 264 264 263 261 260 260 260 259.5 261 260 261 263 262.5 263.5
270 269 267 269 268.5 269.5 269.5 269.5 267.5 267 267.5 267.5 266.5 264.5 266.5 269.5 269.5 270 271 270 271 270.5 271 268.5 270.5 270.5 268.5 268.5 268.5 270 269.5 267.5 267 267 261.5 266 267 266 269 268 267 268 270.5 270.5 270.5 265.5 261.5 265 263.5 262 259.5 260.5 258.5 261 266.5 266.5 267.5 268.5 268.5 269.5 270 270 268.5 266.5 266.5 265 262 260 260 261 262 264 264.5 263 263 263.5 261.5 260 259 259 259 258.5 258 260 262 262 262
269 268.5 267 265 265.5 269.5 269.5 268.5 266.5 267 266.5 266.5 266.5 265.5 269.5 269.5 270.5 271 270.5 270 268 268.5 270.5 271.5 270.5 268.5 268.5 269.5 268.5 270 268 268.5 265 268 268.5 268 268.5 267 266 269 270 271 270 268.5 268.5 269.5 264.5 259.5 262.5 264.5 261.5 261.5 257 259.5 264.5 267.5 268.5 267.5 267.5 269.5 269.5 269.5 268.5 267.5 267.5 264 263 261 261 261 263 263 263 262 262 263 262 261 260 259.5 259.5 259.5 258 259.5 261 261 262
269 268 267 265 266.5 269.5 269.5 268 266.5 266.5 266.5 266.5 267.5 268.5 270.5 270.5 270.5 271 271 270 268.5 268.5 270.5 271.5 271.5 271 270.5 270.5 270.5 268.5 267 266.5 267.5 267.5 269 267.5 269.5 268 267 264 265.5 268.5 271 268 265.5 265.5 265 262.5 260.5 261 260.5 261.5 263.5 262.5 264.5 267.5 267.5 267.5 267.5 269.5 269 269.5 269.5 267.5 266.5 265 265 264 262 261 261 262 260.5 261 261.5 262 262 261.5 261.5 259.5 259.5 260.5 257 258 260 260 262
267 266 265 266.5 268.5 267.5 269 268 266.5 266.5 266.5 267.5 268.5 269.5 270.5 270.5 270.5 270 271 271 270 270.5 270.5 270.5 271.5 270.5 268.5 271.5 269.5 267.5 270 268.5 264 267 267.5 268.5 266 269.5 270 268 263.5 265.5 269.5 270.5 266 263.5 260.5 260 260 259.5 259.5 261.5 262.5 265 266.5 267.5 268 267.5 268.5 268.5 267.5 268.5 269.5 268.5 267.5 267 266 266 263 261.5 262 263 262.5 262 262 262.5 262.5 263.5 262.5 260.5 259.5 261.5 260 260.5 261 259.5 262
268 266.5 267.5 266.5 266.5 265.5 267.5 267.5 266.5 266.5 267.5 266.5 266.5 269.5 269.5 270.5 270.5 270 270 271 271 270.5 269.5 270.5 271.5 269.5 269.5 271.5 268 269 271.5 268.5 265 264.5 266.5 266 266.5 270 270.5 271 267.5 266.5 268.5 270.5 267 263.5 261.5 261 261 259.5 258.5 259.5 259.5 261 262.5 265.5 267.5 267.5 268 268.5 267.5 265.5 268.5 268.5 268 267 267 267 266 264 264.5 265 263.5 263.5 262.5 261.5 265.5 263.5 264.5 261.5 260.5 261.5 264 263.5 260 260 261.5
269 268.5 266.5 265.5 265 264 264 264 264.5 265.5 265 265 267.5 268.5 269.5 270.5 270.5 270 269 270 271 270.5 269 271 270 270.5 271.5 271.5 271.5 271.5 271.5 270.5 269 267.5 268.5 265.5 266.5 267.5 270.5 271.5 271.5 267.5 269.5 271 266.5 263.5 262.5 262 260 257 258.5 259 258.5 259.5 262.5 263.5 263.5 267 266.5 266.5 267.5 265.5 267 268.5 268 267 267 267 267 266 266 266.5 265.5 264.5 262.5 264.5 265.5 265.5 265.5 265.5 262.5 262.5 262.5 264 261 259.5 260.5
268.5 267 266.5 266.5 266 264.5 264 264 264 263 263 264 264.5 267.5 270 269.5 269.5 269 268 270 271 270 270.5 270.5 269.5 269.5 270.5 271.5 269.5 268.5 270 272 269.5 270.5 269.5 267 264.5 265.5 270.5 271.5 270.5 271.5 271 271 267 264.5 265 262.5 258.5 258 258.5 258.5 259.5 259.5 259.5 259.5 261.5 263.5 266.5 263.5 265.5 264.5 264 268 268 267 267 268 267.5 267 265 265.5 264.5 264.5 263.5 262.5 265.5 265.5 266.5 265.5 263.5 262.5 264 264.5 263.5 260 257
268.5 267.5 267.5 267.5 266 264.5 264.5 265 264 263 262 263 267 269.5 269.5 269.5 269 269 269 271 270 270 270.5 270.5 270.5 265.5 264.5 269.5 269 268 270 272 271.5 271.5 269.5 270 269.5 269.5 270.5 271.5 269.5 270.5 269.5 271 267 266.5 262.5 259.5 259.5 259.5 259 258.5 259 259.5 260.5 259.5 260.5 263 263.5 266 263 262 261 267 268 267.5 268 268 268 267 266.5 265 263.5 263.5 263.5 263.5 263.5 265.5 266.5 267.5 264.5 263.5 265 265.5 266 262.5 260.5
267.5 267.5 267.5 266.5 265 264 263 264 263.5 262 263 264 267.5 268.5 268.5 268.5 267.5 268 270 270 270.5 270 271 270 268.5 264.5 264.5 266.5 266.5 268 268 269 270 270 268 271.5 272 271.5 270.5 270.5 271 269 267.5 271 268.5 265 262 261 262 261 259 260 260.5 259.5 260 260.5 260.5 260.5 261.5 265 265.5 262 263 266 267 268 268 268 267 268 267 266.5 264.5 262.5 263.5 261.5 260.5 264.5 266.5 266.5 266.5 265.5 265.5 266 266.5 265 264.5
265.5 265 266 264 261 261 260.5 258.5 262 263 264 266 266.5 267.5 266.5 265.5 266 268.5 270 270 270 270 271 270.5 266.5 266.5 265.5 266 268.5 269.5 268.5 269 271 271.5 269 271.5 271.5 271.5 271.5 271.5 270.5 267.5 269.5 271 269.5 265.5 265.5 265 263 259.5 260 260 260.5 260 259.5 260 260 258 259 262.5 264 264 262 263 266 268 268.5 268.5 268 268 267.5 267.5 266.5 265.5 263.5 260 259.5 261 263.5 266.5 267 267 266.5 266.5 266.5 266.5 266
266 263 262 263 258 254 254.5 254.5 261.5 263.5 263.5 265.5 267 266 264 265.5 268 269.5 269 269.5 269 269.5 270.5 270 269.5 267.5 265.5 266.5 268.5 269 270.5 271 271.5 271 272 271 271 270.5 270.5 269.5 265.5 266.5 268 271.5 270 268.5 267 265 260.5 261 260 260 260.5 261.5 261 260 261 259 259 260 260 262 262 265 266 267 268 269 268 267 267.5 266.5 263 259 261 263 264 262 264.5 264.5 264.5 266.5 266.5 267.5 267.5 266.5 267
266 262 260 259.5 258.5 252.5 250.5 253.5 258.5 257.5 261.5 265.5 265.5 265 266.5 267.5 268 267.5 267.5 268.5 267 268.5 269.5 270.5 270 268 269.5 268.5 266.5 264.5 269 271 270 271 271.5 271 271 268.5 267.5 268.5 265.5 265.5 269 271.5 270.5 268.5 267 264 262 263 262 262 261 260 261 261.5 260 261 259 259 259 259 258.5 259.5 265 267 268 269 269 268.5 268.5 267.5 265 257 258 263 265 263.5 261.5 264.5 265.5 266 267.5 268.5 267.5 266.5 267.5
264 264 259.5 256.5 258.5 253.5 249.5 254 255.5 260.5 263.5 265 265 266.5 267.5 268.5 265.5 264.5 264.5 267 265.5 266.5 268.5 270.5 270.5 270.5 268.5 265.5 266.5 265.5 268.5 269 267 270.5 271.5 271 270 270 266.5 268.5 268.5 266.5 270 270.5 270 268 266 265 265 263 262 263 262 260.5 259 261.5 261.5 261 259 258 257.5 257.5 260 260 260 265 268 269 269 268.5 268.5 268 266 264 260 265.5 266 260.5 255.5 263.5 263.5 265.5 263.5 267.5 268.5 268.5 267.5
263 262.5 259.5 253.5 255.5 253.5 247.5 247.5 254.5 259.5 262.5 262.5 262 265 266.5 266.5 265.5 264 264.5 266 263 268.5 269.5 269.5 270 270.5 269.5 268.5 268 269.5 270.5 269 269 271.5 271.5 270.5 269.5 270.5 269.5 269.5 269.5 268 268.5 269.5 270.5 268.5 268.5 268 265 262 262 263 262.5 262 261 260 262 261 260.5 259.5 258.5 257 259.5 261 260 266 268 269 269 269.5 269.5 269 268 267 266 267 266.5 263.5 262.5 265.5 265.5 266.5 264.5 266.5 268.5 268.5 268.5
263 261.5 262.5 257.5 253.5 249 244.5 246 254.5 257.5 262 261.5 259.5 264.5 264.5 262.5 264.5 265 266 265.5 265.5 268.5 267.5 268.5 269.5 269.5 269.5 268.5 267.5 269.5 269.5 270.5 270.5 271 271 271.5 270.5 270.5 270.5 269.5 269.5 270.5 268.5 270 270.5 270.5 269 267 265 262 263 264 263 263 262 262.5 262 262 261 261 260.5 257 259.5 263 263 265.5 265 268.5 269 269.5 268.5 269 269 268 268 268 267.5 266.5 265.5 266 266 266.5 267.5 267.5 268.5 267.5 268.5
264.5 262.5 260.5 261 258.5 254 249 253.5 254.5 255.5 260 261.5 258 263 259 254.5 261.5 264 264 263 265.5 268 268.5 268.5 267.5 269 268.5 267.5 268.5 269.5 268.5 267.5 266.5 268.5 269.5 271.5 272 269.5 267.5 266.5 269.5 270 270.5 269 266 268 268.5 267.5 267 265 264 265 264 263 263 262 262 261 261.5 260 259.5 259.5 260 261.5 262.5 265 267 268.5 268.5 269.5 269 269 269.5 269 269 268 268 268 266.5 266.5 266.5 265.5 265.5 267.5 266.5 265.5 267.5
263 261.5 258 260.5 258.5 252 249.5 254.5 257.5 258 260.5 257.5 257 262.5 259 253 257 258 261 261.5 266 267.5 266 265 266.5 267 268 268.5 269.5 267.5 266.5 266.5 268.5 271 270.5 271.5 271.5 270.5 266.5 263.5 267.5 268 269.5 268 266 268 268 266 266.5 265 264.5 264.5 264 263 263 263 262 259 260.5 260.5 260.5 261.5 262 262.5 263.5 266.5 268 268.5 267.5 267.5 269.5 269 268.5 269.5 270 269 268 266.5 267.5 266.5 266.5 265 263 267 266.5 265.5 267.5
261.5 261.5 257.5 256.5 255.5 252.5 250.5 251.5 251 254 258 256 254 261 260 255 250 258 261 264 265 265 263 263 266.5 267.5 267 268.5 268.5 266.5 265.5 268.5 270.5 270.5 268.5 269.5 270.5 271.5 268.5 265.5 264.5 266.5 267 267 268 267 267 266 264.5 264 265 264.5 264 263 263 262.5 262 261 259.5 258.5 256.5 260.5 262.5 262.5 265.5 267.5 268.5 268.5 268.5 267.5 269.5 269.5 269.5 269.5 270 269 268 267.5 267.5 267.5 267 266.5 265.5 266 267 266 267
264 262 259.5 257 253 251.5 252.5 253 252 253.5 257 256 255 256 255 249 248 258 261 261 263.5 266 266 267 269 269 269 269.5 268.5 268.5 269.5 269.5 269.5 270.5 266.5 267.5 268 270.5 270.5 268.5 266.5 267 265 266.5 267 266 267 263.5 262 264 264 264 264 264 262.5 262.5 262 260 258 259 260.5 262.5 264.5 266.5 267.5 267.5 265.5 267.5 268.5 268.5 269.5 269.5 269.5 270 270 269.5 269 267.5 267.5 266.5 267 267 266 266 266.5 267 267.5
263 260.5 258.5 257.5 255 251 251.5 250.5 249.5 254 255 253 251 252 253 251 249.5 251.5 255 258 265 265.5 266 269 270 270 270 269.5 269.5 270.5 270.5 267.5 268.5 270.5 268.5 266 265.5 269.5 270 270 268 268 265 266 266.5 267 267 265 263 264 264 262 263 262 262 262 260 260 259.5 257.5 259.5 265 265 267 265.5 262 261.5 267.5 268.5 269 269.5 269.5 269.5 269.5 270 269.5 268 267.5 266.5 266.5 267 267 267 266 266.5 267.5 268
264.5 261 257.5 253.5 251.5 250 250.5 247 250 249 249 249 244 248.5 252 256 253.5 247.5 249 256.5 262 266 267.5 268.5 268.5 269.5 270.5 270.5 270.5 270.5 269.5 267.5 266.5 268 266.5 268 264.5 267 268.5 270 269.5 265 261 262.5 265 266.5 265 264 263 264 263 262 261.5 261 260 260 259 260 257.5 256.5 257.5 259.5 263 265 260 259 264.5 263 268 268.5 269 269.5 269 269 270 269.5 268 267.5 267.5 267 267.5 267.5 267.5 266.5 266.5 266.5 267.5
263 258.5 252.5 250.5 250 253 250 247 249 245 243 245 238 247 253.5 257.5 257.5 253.5 252 260 264 267 266.5 267.5 268.5 269.5 270.5 270.5 270.5 271 269.5 267 265 264 259.5 263.5 265 266.5 266 268.5 270 264 262 265 266 265.5 263 263 263 262 262 260.5 259.5 259.5 259.5 261.5 260.5 258.5 251.5 254.5 256 263 265 260 257 261 261 262 267 268.5 269 269.5 269 269 269.5 269.5 268.5 268 267.5 265.5 267.5 267.5 267.5 266.5 266.5 267 267.5
262 260.5 254 250.5 254 252.5 244.5 245 247 243.5 240 242 242 249 254.5 258 259 255.5 249 256.5 264.5 267 267.5 269.5 270.5 270.5 271.5 270 270.5 271 270 268.5 266.5 266.5 264.5 263.5 263 261 264.5 268 268 267.5 265 266 266 263 263.5 264 262 260 259.5 259.5 260 260.5 260.5 260.5 259.5 259.5 257.5 258 256 259 263 257 257.5 257 256.5 263.5 268 267 268.5 269.5 269.5 269.5 269.5 270 268.5 268.5 268.5 267.5 265.5 268 267.5 267.5 267.5 266.5 267.5
254 256.5 251.5 248.5 252.5 254 252 251 253 250 251 252 251 252 256.5 260 260 255 244.5 253.5 262.5 268 268.5 270.5 270.5 270.5 271.5 270.5 270.5 270.5 269.5 268.5 267.5 267 265 264 265 264 266.5 265 266 268 268 268 266 263 265 262 261 260 259.5 261 262 263.5 261.5 258.5 259.5 259 256.5 257 256.5 257.5 256.5 255 259.5 261 263.5 267 263 264 269 269 269.5 269.5 270 270 269.5 269 269.5 268 267 267.5 268.5 268.5 268.5 267.5 268.5
251.5 250.5 251.5 253.5 253 256 255 255 257 251.5 257 258 256.5 256 258.5 261.5 259.5 254.5 247.5 255.5 262 268 268.5 269.5 271.5 271.5 271.5 270.5 270.5 270.5 269.5 268.5 266.5 265.5 266.5 265.5 263.5 265.5 266 263 265 267.5 268 269 267.5 266.5 263.5 259 262 261 261.5 262.5 264.5 262.5 260.5 255.5 257 256.5 254 255.5 256 255.5 255.5 257.5 261.5 264 266.5 262.5 263.5 268 269 269 268.5 269 269.5 269.5 270 269.5 268.5 268 266.5 267.5 268.5 269 268.5 268.5 268.5
253.5 249.5 252.5 256 258 258 253.5 259.5 255.5 250 256 260 261 257 259.5 260.5 254.5 258 258.5 263.5 266.5 266.5 266.5 267.5 270 271 270.5 269.5 270 270.5 270 269.5 268.5 267.5 267.5 266 262 264 264.5 265 266 267 266 268 268 266.5 264 262 263 262 263 263 265.5 265.5 261.5 260.5 258.5 256.5 257 258 257 255.5 256.5 258.5 262.5 265.5 264.5 262.5 266.5 268.5 268 269 268.5 269.5 269 269.5 269.5 270 269.5 268.5 268 267.5 268.5 269.5 269.5 269.5 268.5
