ecocropFuture/tif/c6/rcp585/ACCESS-CM2/tmean_11.asc
ncols        683
nrows        518
xllcorner    -87.691666666667
yllcorner    10.708333333333
cellsize     0.008333333333
NODATA_value  nan
[rows 418 to 455 of 518, columns 258 to 343 of 683]
276.5 276.5 276.5 276 276 276 276 276 276 276 276 276 276 276 276 276 275.5 275.5 275.5 275.5 275.5 275.5 275.5 275.5 275.5 275.5 275.5 275.5 275.5 275.5 275.5 275 275 275 275 275 275 275 275 275 275 275 275 275 275 275 275 274.5 274.5 274.5 274.5 274.5 273.5 274.5 274.5 274.5 274.5 274.5 274 274 273.5 273.5 273.5 273 272.5 272 273 273.5 274 274 274.5 274.5 273.5 273.5 273.5 273.5 273 273 272.5 272.5 272.5 272.5 272.5 272 272 270.5
276.5 276.5 276.5 276 276 276 276 276 276 276 276 276 276 276 276 276 275.5 275.5 275.5 275.5 275.5 276 276 276 276 276 276 275.5 275.5 275.5 275.5 275 275 275 275 275 275 275 275 275 275 275 275 275 275 275 274.5 274.5 274.5 274.5 274.5 274.5 274.5 274.5 274.5 274.5 274.5 274.5 274 274 274 273.5 273.5 273.5 273 273 272.5 273 274 274.5 274.5 274 273.5 273.5 273.5 273.5 273.5 273 273 273 272.5 273 272.5 272.5 272 271.5
277 276.5 276.5 276.5 276 276 276 276 276 276 276 276 276 276 276 275.5 275.5 275.5 275.5 276 276 276 276 276 276 276 276 276 276 276 275.5 275 275 275 275 275 275 275 275 275 275 275 275 275 275 275 274.5 274.5 274.5 274.5 274.5 274.5 274.5 274.5 274.5 274.5 274.5 274.5 274 274 274 274 273.5 273.5 273.5 273.5 273 273 272.5 273 273.5 274 273.5 273.5 273.5 273.5 273.5 273 273 273 273 273 273 272.5 272.5 271.5
276.5 276.5 276.5 276 276 276 276 276 276 276 276 276 276 276 276 275.5 275.5 276 276 276 276 276 276 276 276 276 276 276 276 276 275 275 275 275 275 275 275 275 275 275 275 275 275 275 275 274.5 274.5 274.5 274.5 274.5 274.5 274.5 274.5 274.5 274.5 274.5 274.5 274 274 274 274 274 273.5 273.5 273.5 273.5 273.5 273 272.5 272 272.5 273.5 273.5 273.5 273.5 273.5 273.5 273 273 273 273 273 273 272.5 272 271.5
276 276.5 276.5 276.5 276 276 276 276 276 276 276 276.5 276.5 276.5 276.5 276 276 276 276 276 276 276 276 276 276 276 276 276 276 275.5 275 275 275 275 275 275 275 275 275 275 275 275 275 275 275 274.5 274.5 274.5 274.5 274.5 274.5 274.5 274.5 274.5 274.5 274.5 274 274 274 274 274 274 273.5 273.5 273.5 273.5 274 273.5 273.5 273.5 273 272.5 273 273.5 273.5 273.5 273.5 273.5 273.5 273 273 273 272.5 272.5 272 271
276 275.5 276 276 275.5 276 276 276 275.5 276 276.5 276.5 276.5 276.5 276.5 276 276 276 276 276 276 276 276 276 276 276 276 276 275.5 275.5 275 275 275 275 275 275 275 275 275 275 275 275.5 275.5 275 275 274.5 274.5 274.5 274.5 274.5 274.5 274.5 274.5 274.5 274.5 274.5 274 274 274 274 274 274 273.5 273.5 273.5 273.5 273.5 273.5 273.5 273.5 273 273 273 273.5 273.5 273.5 273.5 273.5 273.5 273.5 273 273 272 271 272 270.5
274 273.5 274 273.5 273.5 273.5 274.5 274 275.5 276 276.5 276.5 276.5 276.5 276.5 276 276 276 276 276 276 276 276 276 276 276 276 276 275.5 275.5 275.5 275 275 275 275 275.5 275.5 275.5 275.5 275.5 275.5 275.5 275.5 275.5 275 274.5 274.5 274.5 274.5 274.5 274.5 274.5 274.5 274.5 274.5 274 274 274 274 274 274 274 273.5 273.5 273.5 273 273 273.5 273.5 273.5 273 273 273 273 273.5 273.5 273.5 273.5 273.5 273.5 273 273 272.5 270.5 268.5 267
271 270 268 268 268 270 270.5 271 274.5 276 276.5 276.5 276.5 276.5 276 276 276 276 276 276 276 276 276 276 276 276 276 275.5 275.5 275.5 275.5 275 275 275 275.5 275.5 275.5 275.5 275.5 275.5 275.5 275.5 275.5 275.5 275 275 274.5 274.5 274.5 274.5 274.5 274.5 274.5 274.5 274 274 274 274 274 274 274 274 274 273.5 273 273 273 273 273.5 273 273 273 273 272.5 273.5 274 273.5 273.5 273.5 273.5 273 273 272.5 271.5 268.5 267
265 263 259.5 256 256.5 261.5 264 266.5 272 275 276.5 276.5 276.5 276.5 276 276 276 276 276 276 276 276 276 276 276 276 275.5 275.5 275.5 275.5 275.5 275 275 275.5 275.5 275.5 275.5 275.5 275.5 275.5 275.5 275.5 275.5 275 275 275 274.5 274.5 274.5 274.5 274.5 274.5 274.5 274.5 274 274 274 274 274 274 274 274 274 273.5 273 273 273 273 273.5 273 273 273 273 273 273 274 273.5 273.5 273.5 273.5 273 273 273 271.5 268.5 267.5
262 256 246 239.5 241 247.5 255 263 269.5 274.5 276.5 276.5 276.5 276.5 276 276 276 276 276 276 276 276 276 276 276 276 275.5 275.5 275.5 275.5 275.5 275.5 275.5 275.5 275.5 275.5 275.5 275.5 275.5 275.5 275.5 275.5 275 275 275 275 274.5 274.5 274.5 274.5 274.5 274.5 274.5 274 274 274 274 274 274 274 274 274 274 274 273 273 273 273 273 273 273 273 272.5 272.5 273 273 273 273.5 273.5 273.5 273 273 273 272 270 267
259.5 248 231 222.5 226.5 229.5 245 259.5 268 273.5 276.5 276.5 276.5 276.5 276 276 276 276 276 276 276 276 276 276 276 275.5 275.5 275.5 275.5 275.5 275.5 275.5 275.5 275.5 275.5 275.5 275.5 275.5 275.5 275.5 275.5 275 275 275 275 275 274.5 274.5 274.5 274.5 274.5 274.5 274.5 274 274 274 274 274 274 274 274 274 274 274 273.5 273 273 273 273 273 273 273 273 272.5 272.5 273 273 273 272.5 273 272.5 273 273 272.5 271.5 268.5
257.5 242 222.5 211 219 224.5 240.5 257.5 267.5 273.5 276.5 276.5 276.5 276.5 276 276 276 276 276 276 276 276 276 276 276 275.5 275.5 275.5 275.5 275.5 275.5 275.5 275.5 275.5 275.5 275.5 275.5 275.5 275.5 275 275 275 275 275 275 275 274.5 274.5 274.5 274.5 274.5 274.5 274 274 274 274 274 274 274 274 274 274 274 274 273.5 273.5 273 273 273 273 272.5 273 273 272.5 273 273 273 273 272.5 272.5 272.5 272 273 273 273 271.5
261 247.5 231 219 223 232.5 242.5 259 269 273.5 276.5 276.5 276.5 276 276 276 276 276 276 276 276 276 276 276 275.5 275.5 275.5 275.5 275.5 275.5 275.5 275.5 275.5 275.5 275.5 275.5 275.5 275.5 275 275 275 275 275 275 275 275 274.5 274.5 274.5 274.5 274.5 274 274 274 274 274 274 274 274 274 274 274 274 274 273.5 273.5 273 273 273 273 273 272.5 273 273 273 273 273 273 272.5 271.5 272 272 272 272 272 271.5
266.5 257.5 249.5 234 234.5 240 252 263 270 274 276.5 276.5 276.5 276 276 276 276 276 276 276 276 276 276 276 275.5 275.5 275.5 275.5 275.5 275.5 275.5 275.5 275.5 275.5 275.5 275.5 275 275 275 275 275 275 275 275 275 275 274.5 274.5 274.5 274.5 274 274 274 274 274 274 274 274 274 274 274 274 274 273.5 273.5 273.5 273 273 273 273 272.5 272.5 272.5 273 273 272.5 272.5 273 272 271.5 271 272 272 272 272 271.5
271.5 266.5 261.5 251.5 250.5 254.5 262 269 272 274.5 276.5 276.5 276 276 276 276 276 276 276 276 276 276 276 276 275.5 275.5 275.5 275.5 275.5 275.5 275.5 275.5 275.5 275.5 275.5 275 275 275 275 275 275 275 275 275 275 275 275 274.5 274.5 274 274 274 274 274 274 274 274 274 274 274 274 274 273.5 273.5 273.5 273.5 273.5 273 273 273 272.5 272.5 272.5 273 273 272.5 272.5 272 270.5 270.5 270.5 269 271 272 272 271.5
275 271.5 269.5 265 264.5 267.5 271.5 274 275 276 276 276 276 276 276 276 276 276 276 276 276 276 276 275.5 275.5 275.5 275.5 275.5 275.5 275.5 275.5 275.5 275.5 275.5 275 275 275 275 275 275 275 275 275 275 275 275 275 275 274 274 274 274 274 274 274 274 274 274 274 274 274 273.5 273.5 273.5 273.5 273.5 273.5 273 273 273 272.5 272.5 272.5 272.5 273 272.5 272.5 271 270 269.5 270 269 270 271 272 271
276 275.5 274.5 274 273 274.5 275 276 276 276 276 276 276 276 276 276 276 276 276 276 276 276 276 275.5 275.5 275.5 275.5 275.5 275.5 275.5 275.5 275.5 275.5 275 275 275 275 275 275 275 275 275 275 275 275 275 275 275 274.5 274 274 274 274 274 274 274 274 274 274 274 274 273.5 273.5 273.5 273.5 273.5 273.5 273 273 272.5 272.5 272.5 272.5 272.5 273 272.5 272.5 271.5 271.5 269.5 269 269 270 271 272 270
276 276 275.5 275.5 276 276 276 276 276 276 276 276 276 276 276 276 276 276 276 276 276 276 276 275.5 275.5 275.5 275.5 275.5 275.5 275.5 275.5 275.5 275.5 275 275 275 275 275 275 275 275 275 275 275 275 275 275 274.5 274.5 274.5 274 274 274 274 274 274 274 274 274 274 273.5 273.5 273.5 273.5 273.5 273.5 273.5 273.5 273 272.5 272.5 272.5 272.5 272.5 272.5 272.5 272.5 272 272 271.5 269 269 269.5 271 272 272
276.5 276.5 276.5 276.5 276 276 276 276 276 276 276 276 276 276 276 276 276 276 276 276 276 276 276 275.5 275.5 275.5 275.5 275.5 275.5 275.5 275.5 275.5 275 275 275 275 275 275 275 275 275 275 275 275 275 275 274.5 274.5 274.5 274.5 274.5 274.5 274 274 274 274 274 274 274 273.5 273.5 273.5 273.5 273.5 273.5 273.5 273.5 273.5 273 272.5 272.5 272.5 272.5 272.5 272.5 272.5 272.5 272 271.5 272.5 270.5 270 267.5 269 271 272
276.5 276.5 276.5 276.5 276.5 276 276 276 276 276 276 276 276 276 276 276 276 276 276 276 276 276 275.5 275.5 275.5 275.5 275.5 275.5 275.5 275.5 275.5 275 275 275 275 275 275 275 275 275 275 275 275 275 275 274.5 274.5 274.5 274.5 274.5 274.5 274.5 274 274 274 274 274 274 273.5 273.5 273.5 273.5 273.5 273.5 273.5 273.5 273.5 273.5 272.5 272.5 272.5 272.5 272.5 272.5 272.5 272 272.5 269.5 271 272.5 271.5 271 270 271 270 272
276.5 276.5 276.5 276.5 276 276 276 276 276 276 276 276 276 276 276 276 276 276 276 276 276 275.5 275.5 275.5 275.5 275.5 275.5 275.5 275.5 275.5 275 275 275 275 275 275 275 275 275 275 275 275 275 275 274.5 274.5 274.5 274.5 274.5 274.5 274.5 274.5 274.5 274 274 274 274 273.5 273.5 273.5 273.5 273.5 273.5 273.5 273.5 273.5 273.5 273.5 273 272.5 272.5 272.5 272.5 272.5 272.5 272 272 271.5 271.5 272 271.5 272 271 272 272 272
276.5 276.5 276.5 276.5 276 276 276 276 276 276 276 276 276 276 276 276 276 276 276 276 275.5 275.5 275.5 275.5 275.5 275.5 275.5 275.5 275.5 275.5 275 275 275 275 275 275 275 275 275 275 275 275 275 274.5 274.5 274.5 274.5 274.5 274.5 274.5 274.5 274.5 274.5 274 274 274 273.5 273.5 273.5 273.5 273.5 273.5 273.5 273.5 273.5 273.5 273.5 273 273 272.5 272.5 272.5 272.5 272.5 272.5 272 272 271.5 272 271 271.5 272 272 272 272 272
276.5 276.5 276.5 276.5 276 276 276 276 276 276 276.5 276.5 276.5 276.5 276.5 276 276 276 276.5 276 276 276 275.5 275.5 275.5 275.5 275.5 275.5 275.5 275 275 275 275 275 275 275 275 275 275 275 275 275 274.5 274.5 274.5 274.5 274.5 274.5 274.5 274.5 274.5 274.5 274.5 274.5 274 273.5 273.5 273.5 273.5 273.5 273.5 273.5 273.5 273.5 273.5 273.5 273 273 273 273 272.5 272.5 272.5 272.5 272 272 272 272 271.5 272 271.5 271.5 271.5 272 272 272
276.5 276.5 276.5 276 276 276 276 276 276.5 276.5 276.5 276.5 276.5 276.5 276.5 276.5 276.5 276 276 276 276 276 276 275.5 275.5 275.5 275.5 275.5 275 275 275 275 275 275 275 275 275 275 275 275 275 274.5 274.5 274.5 274.5 274.5 274.5 274.5 274.5 274.5 274.5 274.5 274.5 274.5 273.5 273.5 273.5 273.5 273.5 273.5 273.5 273.5 273.5 273.5 273.5 273 273 273 273 273 272.5 272.5 272.5 272.5 272 272 272 272 271.5 271.5 271.5 271.5 271.5 271.5 272 271.5
276.5 276.5 276.5 276 276 276 276.5 276.5 276.5 276.5 276.5 276.5 276.5 276.5 276.5 276.5 276 276 276 276 276 276 276 276 276 275.5 275.5 275.5 275 275 275 275 275 275 275 275 275 275 275 275 274.5 274.5 274.5 274.5 274.5 274.5 274.5 274.5 274.5 274.5 274.5 274.5 274.5 274 274 273.5 273.5 273.5 273.5 273.5 273.5 273.5 273.5 273.5 273.5 273 273 273 273 273 272.5 272.5 272.5 272 272 272 272 272 271.5 271.5 271 271.5 271.5 271.5 271.5 271.5
276.5 276.5 276.5 276.5 276.5 276.5 276.5 276.5 276.5 276.5 276.5 276.5 276.5 276.5 276.5 276 276 276 276 276 276 276 276 276 276 276 276 275 275 275 275 275 275 275 275 275 275 275 275 275 274.5 274.5 274.5 274.5 274.5 274.5 274.5 274.5 274.5 274.5 274.5 274.5 274 274 274 273.5 273.5 273.5 273.5 273.5 273.5 273.5 273.5 273.5 273 273 273 273 273 273 273 272.5 272.5 272 272 272 272 272 272 271.5 271.5 271 271.5 271.5 271.5 272
277 276.5 276.5 276.5 276.5 276.5 276.5 276.5 276.5 276.5 276.5 276.5 276.5 276.5 276 276 276 276 276 276 276 276 276 276 276 276 275.5 275.5 275 275 275 275 275 275 275 275 275 275 275 274.5 274.5 274.5 274.5 274.5 274.5 274.5 274.5 274.5 274.5 274.5 274.5 274 274 274 274 274 273.5 273.5 273.5 273.5 273.5 273.5 273.5 273 273 273 273 273 273 273 273 272.5 272.5 272 272 272 272 272 272 271.5 271.5 271.5 271 271.5 271.5 271.5
276.5 276.5 276.5 276.5 276.5 276.5 276.5 276.5 276.5 276.5 276.5 276.5 276.5 276 276 276 276 276 276 276 276 276 276 276 276 275.5 275.5 275.5 275.5 275.5 275 275 275 275 275 275 275 275 275 274.5 274.5 274.5 274.5 274.5 274.5 274.5 274.5 274.5 274.5 274.5 274 274 274 274 274 274 274 273.5 273.5 273.5 273.5 273.5 273.5 273 273 273 273 273 273 273 273 273 272.5 272 272 272 272 272 272 272 271.5 271.5 271.5 271.5 271.5 271.5
276.5 276.5 276.5 276.5 276.5 276.5 276.5 276.5 276.5 276.5 276.5 276.5 276 276 276 276 276 276 276 276 276 276 276 276 275.5 275.5 275.5 275.5 275.5 275.5 275.5 275.5 275 275 275.5 275.5 275.5 275.5 274.5 274.5 274.5 274.5 274.5 274.5 274.5 274.5 274.5 274.5 274.5 274.5 274 274 274 274 274 274 274 274 273.5 273.5 273.5 273.5 273 273 273 273 273 273 273 273 273 273 273 272 272 272 272 272 272 272 271 271.5 271.5 271.5 271.5 271.5
276.5 276.5 276.5 276.5 276.5 276.5 276.5 276.5 276.5 276.5 276.5 276 276 276 276 276 276 276 276 276 276 276 276 275.5 275.5 275.5 275.5 275.5 275.5 275.5 275.5 275.5 275.5 275.5 275.5 275.5 275.5 275 275 274.5 274.5 274.5 274.5 274.5 274.5 274.5 274.5 274.5 274.5 274 274 274 274 274 274 274 274 274 274 273.5 273.5 273 273 273 273 273 273 273 273 273 273 273 273 272.5 272.5 272 272 272 272 272 271 271 271.5 271.5 271 271.5
276.5 276.5 276.5 276.5 276.5 276.5 276.5 276.5 276.5 276.5 276 276 276 276 276 276 276 276 276 276 276 276 276 275.5 275.5 275.5 275.5 275.5 275.5 275.5 275.5 275.5 275.5 275.5 275.5 275 275 275 275 275 274.5 274.5 274.5 274.5 274.5 274.5 274.5 274 274 274 274 274 274 274 274 274 274 274 274 273 273 273 273 273 273 273 273 273 273 273 273 273 272.5 272.5 272.5 272.5 272 272 272 272 271.5 271.5 271.5 271.5 271.5 271
276.5 276.5 276.5 276.5 276.5 276.5 276.5 276.5 276.5 276 276 276 276 276 276 276 276 276 276 276 276 276 275.5 275.5 275.5 275.5 275.5 275.5 275.5 275.5 275.5 275.5 275.5 275 275 275 275 275 275 275 274.5 274.5 274.5 274.5 274.5 274.5 274 274 274 274 274 274 274 274 274 274 274 274 273.5 273 273 273 273 273 273 273 273 273 273 273 273 273 272.5 272.5 272.5 272.5 272 272 272 272 271.5 271.5 271.5 271.5 271.5 271.5
276.5 276.5 276.5 276.5 276.5 276.5 276.5 276.5 276 276 276 276 276 276 276 276 276 276 276 276 276 276 275.5 275.5 275.5 275.5 275.5 275.5 275.5 275.5 275.5 275.5 275 275 275 275 275 275 275 275 275 274.5 274.5 274.5 274.5 274 274 274 274 274 274 274 274 274 274 274 274 273.5 273.5 273.5 273 273 273 273 273 273 273 273 273 273 273 272.5 272.5 272.5 272.5 272.5 272 272 272 272 271.5 271.5 271.5 271.5 271.5 271.5
276.5 276.5 276.5 276.5 276.5 276.5 276.5 276 276 276 276 276 276 276 276 276 276 276 276 276 276 275.5 275.5 275.5 275.5 275.5 275.5 275.5 275.5 275.5 275.5 275 275 275 275 275 275 275 275 275 275 275 274.5 274.5 274 274 274 274 274 274 274 274 274 274 274 274 273.5 273.5 273.5 273.5 273 273 273 273 273 273 273 273 273 273 273 272.5 272.5 272.5 272.5 272.5 272.5 272 272 272 271.5 271.5 271.5 271.5 271.5 271.5
276.5 276.5 276.5 276.5 276.5 276.5 276 276 276 276 276 276 276 276 276 276.5 276.5 276.5 276.5 276 276 275.5 275.5 275.5 275.5 275.5 275.5 275.5 275.5 275 275 275 275 275 275 275 275 275 275 275 275 275 275 274.5 274 274 274 274 274 274 274 274 274 274 274 274 273.5 273.5 273.5 273.5 273.5 273 273 273 273 273 273 273 273 273 272.5 272.5 272.5 272.5 272.5 272.5 272.5 272.5 272 272 272 271.5 271.5 271.5 271.5 271.5
276.5 276.5 276.5 277 277 276.5 276.5 276.5 276.5 276 276 276 276.5 276.5 276.5 276.5 276.5 276.5 276.5 276 276 276 275.5 275.5 275.5 275.5 275.5 275.5 275 275 275 275 275 275 275 275 275 275 275 275 275 275 274.5 274.5 274.5 274.5 274 274 274 274 274 274 274 274 274 273.5 273.5 273.5 273.5 273.5 273.5 273 273 273 273 273 273 272.5 272.5 272.5 272.5 272.5 272.5 272.5 272.5 272.5 272.5 272.5 272 272 271.5 271.5 271.5 271.5 271.5 271.5
276.5 277 276.5 276.5 276.5 276.5 276.5 276.5 276.5 276.5 276.5 276.5 276.5 276.5 276.5 276.5 276.5 276 276 276 276 276 275.5 275.5 275.5 275.5 275 275 275 275 275 275 275 275 275 275 275 275 275 275 275 274.5 274.5 274.5 274.5 274.5 274.5 274 274 274 274 274 274 274 273.5 273.5 273.5 273.5 273.5 273.5 273 273 273 272.5 272.5 272.5 272.5 272.5 272.5 272.5 272.5 272.5 272.5 272.5 272.5 272.5 272.5 272.5 272.5 272 271.5 271.5 271.5 271.5 271.5 271.5
276.5 276.5 276.5 276.5 276.5 276.5 276.5 276.5 276.5 276.5 276.5 276.5 276.5 276.5 276.5 276.5 276 276 276 276 276 276 276 275.5 275.5 275.5 275 275 275 275 275 275 275 275 275 275 275 275 275 275 274.5 274.5 274.5 274.5 274.5 274.5 274.5 274.5 274 274 274 274 273.5 273.5 273.5 273.5 273.5 273.5 273.5 273.5 273 272.5 272.5 272.5 272.5 272.5 272.5 272.5 272.5 272.5 272.5 272.5 272.5 272.5 272.5 272.5 272.5 272.5 272.5 271.5 271.5 271.5 271.5 271.5 271.5 271.5
