ecocropFuture/tif/c6/rcp585/ACCESS-CM2/tmean_11.asc
ncols        683
nrows        518
xllcorner    -87.691666666667
yllcorner    10.708333333333
cellsize     0.008333333333
NODATA_value  nan
[rows 152 to 189 of 518, columns 86 to 171 of 683]
nan nan nan nan nan nan nan nan nan nan nan nan nan nan nan nan nan nan nan nan nan nan nan nan 263 256 252.5 249.5 245 242.5 238.5 240.5 238 235.5 233 230 225.5 221.5 215.5 209.5 216.5 218.5 213.5 218 219 216 211.5 210.5 210.5 213.5 209.5 207.5 211.5 217.5 212 212.5 210 201.5 185 180 186 191 190.5 178 182.5 179 169 173.5 171.5 172.5 183 179 182 193 185 187.5 201 200 205.5 209 212.5 218.5 222 221 223.5 229.5
nan nan nan nan nan nan nan nan nan nan nan nan nan nan nan nan nan nan nan nan nan nan nan nan 260 261.5 256 252.5 248 244 240.5 239.5 239.5 238 235.5 232 229.5 225 219.5 214 219.5 223 223 222 217.5 214 209.5 214 213.5 216.5 212.5 207.5 209 212 218.5 217 209.5 195 189.5 184.5 191.5 194 196.5 188.5 188.5 193 185.5 187 185 177 186 193.5 186.5 190 197.5 195.5 202 208 209 215.5 220 220.5 222.5 226 227.5 230
nan nan nan nan nan nan nan nan nan nan nan nan nan nan nan nan nan nan nan nan nan nan nan nan nan 263.5 260.5 257 254 249 242 239 241 239.5 238 235.5 233 228 221.5 214.5 217.5 225.5 225.5 224.5 219 217.5 216.5 220 219.5 219.5 215.5 209 209 213 217.5 219 206.5 198.5 196.5 197.5 197.5 201.5 200 194.5 200 201 199 194 184 180.5 186 199 199 195.5 202.5 207.5 207.5 214 215 217.5 221 223.5 224.5 226 229 232
nan nan nan nan nan nan nan nan nan nan nan nan nan nan nan nan nan nan nan nan nan nan nan nan nan 265.5 263.5 260.5 258 251.5 244.5 241 244.5 241.5 240 239 234.5 228.5 221 214.5 220 227 228 227 224.5 223.5 223.5 223 219 217.5 217 211.5 209 211 215.5 222.5 218 211 207.5 201 207 207 209.5 203 203.5 208.5 205.5 196.5 188.5 186 189.5 200.5 207.5 203.5 208 213 212.5 216 220 221 221 223.5 226.5 228 230 232.5
nan nan nan nan nan nan nan nan nan nan nan nan nan nan nan nan nan nan nan nan nan nan nan nan nan 265.5 264.5 263.5 261 257 249 247.5 244.5 244 242.5 239.5 233.5 225.5 216.5 220 224.5 229 229.5 228.5 228 227 226 223 218 214.5 215.5 210.5 207 209 214.5 222 225 218 209.5 209.5 207 212.5 216.5 211 209.5 212.5 203.5 203.5 199 191 195.5 198.5 212 209.5 211.5 217.5 220 221 221.5 225 224 225 227.5 230 231 231.5
nan nan nan nan nan nan nan nan nan nan nan nan nan nan nan nan nan nan nan nan nan nan nan nan nan 265.5 265 263.5 262.5 260.5 255.5 250 248 246.5 242.5 237 226.5 216.5 218.5 224.5 228 230.5 230.5 229.5 228 227 225.5 223.5 220 215 210.5 210.5 203.5 204 208 214 226 226 222 221 214 216.5 220 218 211 215.5 206 210.5 205 197 203.5 203 212.5 219 215 215.5 223.5 225 223 223.5 227.5 226 226.5 228.5 231.5 234
nan nan nan nan nan nan nan nan nan nan nan nan nan nan nan nan nan nan nan nan nan nan nan nan 265.5 265.5 264.5 263.5 262.5 258.5 255.5 253 250.5 247.5 241.5 232.5 215.5 213.5 222 226 229.5 229.5 228.5 224 220 223.5 223.5 221 216 212 206 207.5 201.5 202.5 206 208.5 217 230 229 227 220 222.5 224.5 223.5 220 221.5 214.5 216.5 208.5 207 210.5 214.5 217 223 219 218 218.5 226 228 223 229 230 226.5 226.5 230.5 235
nan nan nan nan nan nan nan nan nan nan nan nan nan nan nan nan nan nan nan nan nan nan nan nan 264.5 265.5 265.5 264.5 260.5 258 254 252 248.5 245 238 226 217 220 220.5 226.5 230.5 229.5 227.5 221.5 215.5 224.5 228 223.5 216.5 211.5 208.5 209.5 208 210.5 207 213 221 226 233.5 231.5 226 223.5 227 230 222.5 227 224 223 221 214.5 221 222.5 223 226.5 220.5 224 222 220.5 226.5 228 230 230 229.5 228 232.5 236
nan nan nan nan nan nan nan nan nan nan nan nan nan nan nan nan nan nan nan nan nan nan nan 259 263 259.5 262 261.5 261.5 258 255 250.5 243 237 238 224.5 221 223 228 230.5 230.5 230.5 228 222.5 215.5 224.5 230 228 225 220 216.5 216.5 216.5 220 217 216.5 224.5 232.5 236 231.5 229.5 231 229.5 233.5 232.5 232.5 231 230 229.5 226 224 224.5 229 229 227 229 232.5 231.5 234 233 232.5 234 234 234 234 235.5
nan nan nan nan nan nan nan nan nan nan nan nan nan nan nan nan nan nan nan nan nan nan nan 254 259.5 254 253.5 249.5 250.5 251 256 250.5 244 238.5 238 230 223 215.5 224.5 231 231.5 230.5 230.5 225.5 222 223.5 230.5 230 227.5 221.5 224 222 221.5 218.5 227.5 225.5 227 234 238.5 236 230 231 235.5 237 236 233 232.5 233.5 232 232 231 231 234 233.5 235 235.5 235.5 236.5 237.5 238 238 237.5 237 236 235 235
nan nan nan nan nan nan nan nan nan nan nan nan nan nan nan nan nan nan nan nan nan nan 257.5 250.5 253.5 250 241.5 235 235.5 238 249.5 251.5 247.5 243.5 243.5 237.5 223 219 222 222.5 233.5 231.5 231.5 232.5 229 228 230.5 234 227.5 222 227.5 229 225.5 222 230.5 230 231 235.5 240 238 233.5 227 232.5 238 238.5 239 239.5 239 235.5 237 237.5 237 236.5 235.5 236.5 238 238 238 239 240 238 235 237.5 237 234 232
nan nan nan nan nan nan nan nan nan nan nan nan nan nan nan nan nan nan nan nan nan nan 245 245.5 245 242.5 238 230.5 233 240.5 248.5 254 252 248.5 245 234 224.5 220 219 222.5 229.5 235.5 235 236 235 233.5 235 236 231 226.5 228 231.5 231 230 233 235 235.5 231.5 235 241 238.5 234 235 238.5 240.5 241 241.5 241.5 240.5 240 240.5 240 238.5 238 239 239 240 238.5 240 240 239 236.5 237.5 238.5 234.5 231
nan nan nan nan nan nan nan nan nan nan nan nan nan nan nan nan nan nan nan nan nan nan 238 237 238 236.5 239.5 237.5 239.5 240.5 248.5 252 253 249.5 243 233 227 223.5 224.5 225.5 226 228.5 234 238 238.5 237.5 237 234.5 231.5 226 230.5 232.5 234 234 231 236.5 239.5 232.5 229.5 234.5 242 242.5 243 242 242 242 243 243 242 241.5 241.5 241.5 240.5 240 240.5 240.5 241.5 239.5 239 241.5 240 239 240.5 239.5 235.5 233.5
nan nan nan nan nan nan nan nan nan nan nan nan nan nan nan nan nan nan nan nan nan nan nan 234 237.5 240 240.5 240.5 244.5 246.5 248.5 251 248.5 243 238 241.5 237 229 220.5 216 213.5 218.5 226 233 238.5 240.5 239.5 237.5 237.5 235 234 231 235.5 238 239 238 238.5 240 240.5 243 245 244.5 245 243.5 243.5 243.5 244.5 244.5 243.5 243 243 243 242 242 242.5 243 242 240.5 240.5 242.5 242 242 241.5 240 237 234.5
nan nan nan nan nan nan nan nan nan nan nan nan nan nan nan nan nan nan nan nan nan nan nan nan nan nan 242 243.5 246 248.5 250 247 246 237 231 231 231.5 231.5 220.5 210.5 206.5 216 225.5 231 236.5 239 241 241 241 240 237 235.5 239 239 242 241 240 244 245.5 245.5 246 246 246 245 245 245.5 245.5 246.5 244.5 244.5 245.5 244.5 243 244 244 243 242 241.5 241.5 242.5 243.5 241 240.5 240 237.5 235.5
nan nan nan nan nan nan nan nan nan nan nan nan nan nan nan nan nan nan nan nan nan nan nan nan nan nan 241 242.5 244 246.5 246.5 244.5 240 235.5 230.5 227 226.5 231.5 223.5 214 219.5 225 230 231 232 235.5 239.5 240 242 243 242 241.5 241.5 242 244 244.5 246 246 246.5 246.5 246.5 247 247 246.5 246.5 247 246.5 247.5 248 247.5 245.5 243 241 243.5 245 244 244 243 242.5 241.5 242 242 241 240 236 235
nan nan nan nan nan nan nan nan nan nan nan nan nan nan nan nan nan nan nan nan nan nan nan nan nan nan 240 241 243 243.5 241.5 238 232 231 227.5 225.5 228.5 230.5 225 218.5 219.5 221.5 224 222 223 229.5 237.5 237.5 238 237.5 241.5 243.5 244 244 245 245.5 247 247 247.5 247.5 247 248 248 247.5 247.5 247.5 247 244 244 246.5 247 246 244 241.5 245 244.5 244 242.5 241.5 241.5 240 242 239.5 237 234.5 235
nan nan nan nan nan nan nan nan nan nan nan nan nan nan nan nan nan nan nan nan nan nan nan nan nan 232.5 236.5 239 240 240 234.5 233 227 225.5 220.5 219.5 224 227.5 225 219.5 209.5 207.5 212 211.5 215.5 229 236 235 228.5 228 233 237 238 243 245.5 247 246.5 247.5 248 248 248 246 246 245 246 244 238.5 235 235 241.5 245.5 246 247.5 245 245.5 244.5 242.5 242 240 240 242.5 240.5 238.5 237.5 233.5 236
nan nan nan nan nan nan nan nan nan nan nan nan nan nan nan nan nan nan nan nan nan nan nan nan nan 229.5 233 235 237.5 235.5 227 219.5 215 216.5 214.5 219.5 221.5 226 228.5 220 211 209.5 213.5 217 220 228.5 230.5 226 225.5 233 239 237.5 239 242.5 244 243 242 246 246 245.5 245.5 243 243 242 241.5 237 229 232.5 237.5 241 243 244 245.5 246.5 245.5 243 242 243 239.5 239.5 242.5 238 236 234 233 237
nan nan nan nan nan nan nan nan nan nan nan nan nan nan nan nan nan nan nan nan nan nan nan nan nan 225 229 226 231 226 223.5 211 207 205 211.5 211 215.5 223 231 227.5 223.5 223.5 225.5 228 228.5 233 227.5 222.5 230.5 236.5 242 242.5 243.5 245.5 242.5 237.5 237.5 238 239 243 240.5 237 236.5 234.5 234.5 236.5 237.5 238.5 240.5 242 243.5 244 245 245 246 246 246 246 245 243 240.5 237.5 235 232 234 236
nan nan nan nan nan nan nan nan nan nan nan nan nan nan nan nan nan nan nan nan nan nan nan nan 216 220.5 225 222.5 227.5 221.5 215.5 213.5 207 206 212.5 221.5 224 228 232 233 233 232.5 233.5 229 231.5 237 233 231.5 237.5 239.5 243 243.5 244.5 243.5 244 243.5 243 239.5 237.5 239.5 237 228.5 225.5 229.5 233.5 237 239 240 241.5 240.5 238 237 240.5 239 239.5 239.5 240.5 241 239 244 238 235.5 231 230.5 233.5 239
nan nan nan nan nan nan nan nan nan nan nan nan nan nan nan nan nan nan nan nan nan nan nan nan 211.5 217.5 221.5 222 219.5 220.5 217.5 214 213 216.5 222.5 227.5 232 233.5 236.5 236.5 236.5 236 237 235 236 239 238.5 236 239 243 244.5 242 242 242.5 244.5 241.5 243 243 241 239 234.5 225.5 215 228 235.5 238 239 240 236.5 231 228.5 230 229 227 230 229.5 233.5 239 242.5 243.5 238 234 232 232 235 239.5
nan nan nan nan nan nan nan nan nan nan nan nan nan nan nan nan nan nan nan nan nan nan nan nan 206.5 209.5 212 213 211.5 212 209.5 204 211 216 218.5 225.5 228 233.5 238 239 238.5 239 239.5 240 241 240.5 240.5 241.5 244 243.5 242 238 238 240 242.5 240 241 241 239.5 235.5 233.5 226.5 214.5 227 233 235.5 237 235.5 231 230.5 232 233 230 225 226.5 231 236 239 241 245 240 238.5 236 236.5 237.5 240.5
nan nan nan nan nan nan nan nan nan nan nan nan nan nan nan nan nan nan nan nan nan nan nan nan nan 203 208 216 217 217.5 208.5 206.5 217.5 214.5 213 226.5 232.5 236.5 239.5 239.5 240.5 240.5 241.5 241.5 242 242 243 244 240.5 240.5 237.5 237.5 240 242 241 239 240 240 240 238 234.5 229.5 226 231 232.5 231 233 230 228.5 227.5 229 232 234 229.5 231 235 234.5 236.5 242 245 243.5 243.5 239.5 239.5 239.5 239.5
nan nan nan nan nan nan nan nan nan nan nan nan nan nan nan nan nan nan nan nan nan nan nan nan nan nan nan 218.5 223.5 215 208.5 218.5 222 216.5 224 229 231 237.5 240.5 241 241.5 242 242.5 243 243.5 243.5 244 244 242 242.5 240.5 237.5 240 240 238.5 235.5 239 236.5 236.5 234 233 232.5 233.5 233.5 234 231 226.5 225 226 227 228.5 232 235 234 232 236.5 237.5 237.5 240 244.5 245 246.5 241 242 239.5 242.5
nan nan nan nan nan nan nan nan nan nan nan nan nan nan nan nan nan nan nan nan nan nan nan nan nan nan nan 219.5 222.5 221 217 222.5 226 227 233 236 235.5 240.5 242 242 242.5 242.5 243.5 244 244 244.5 243 243 242.5 241.5 241.5 238 238 239.5 237 237.5 237 236.5 235 233 233.5 231.5 233.5 234.5 234 228.5 226.5 225 224.5 224.5 226 227 231 235.5 232.5 236.5 240.5 241 241 241 244.5 246.5 245.5 242 242 244
nan nan nan nan nan nan nan nan nan nan nan nan nan nan nan nan nan nan nan nan nan nan nan nan nan nan nan 212 218.5 225 226 227 232 234.5 237.5 239 240.5 242 242.5 242.5 243.5 243.5 244 244.5 244 243.5 242.5 243 241.5 239.5 238.5 238.5 238 237.5 236 236.5 237 235 235 229.5 232.5 234 233.5 234.5 232 231 228 228.5 221.5 221.5 220.5 225 232.5 237 236 238.5 238.5 236.5 238.5 242 241.5 245 246.5 242 244.5 243
nan nan nan nan nan nan nan nan nan nan nan nan nan nan nan nan nan nan nan nan nan nan nan nan nan nan nan 211 218 227.5 230 231.5 232.5 236 237.5 233.5 238.5 242 242.5 242 243.5 244.5 244.5 244 243 242.5 242 242 241.5 239.5 237.5 234 237 235 231.5 230.5 235 236 236.5 235 229 230.5 235 235 237.5 234.5 232 228 224 219.5 219.5 228.5 233 234 235 234.5 234 236.5 239.5 240 240.5 243 247.5 246 245.5 241.5
nan nan nan nan nan nan nan nan nan nan nan nan nan nan nan nan nan nan nan nan nan nan nan nan nan nan nan 206 214 222.5 229 227 230.5 234 234 235 239.5 242 241 239 243.5 244.5 244 243 242.5 242 241 240.5 240.5 239 238 234 232.5 231.5 224.5 222.5 228.5 234.5 236.5 236.5 236 234 231.5 235.5 238 239 235.5 234.5 231 226 222 224 228 230.5 232 233 235.5 237.5 236.5 237.5 241.5 242 243 245 247.5 243.5
nan nan nan nan nan nan nan nan nan nan nan nan nan nan nan nan nan nan nan nan nan nan nan nan nan nan nan nan 216.5 223 227 225 227.5 232 234.5 237 239.5 241 238.5 242.5 243.5 243 242.5 242 239.5 241.5 241 240 238.5 238.5 237 232.5 221.5 218 226 231.5 233 234 234.5 235 236.5 236.5 235 233 234.5 239 239.5 236 235.5 232.5 229 224.5 231 231 232 233 235.5 234 236 236 237 238.5 241.5 245 247 244.5
nan nan nan nan nan nan nan nan nan nan nan nan nan nan nan nan nan nan nan nan nan nan nan nan nan nan nan nan 213.5 220 222 222.5 220 226.5 234.5 231.5 229.5 237 240 243 242 237.5 238 240.5 238.5 240 240.5 239 237 236 236 231.5 229.5 225.5 231.5 236 236 233 234 233 234 237.5 237.5 236.5 239.5 239.5 241.5 238.5 237.5 237.5 236 233.5 232.5 232.5 232 232 235.5 237.5 239.5 241 242.5 243.5 243 241 245 244.5
nan nan nan nan nan nan nan nan nan nan nan nan nan nan nan nan nan nan nan nan nan nan nan nan nan nan nan nan 215 218 225.5 229 227 226 232.5 225 222 234 242.5 238.5 232 230 234.5 238 236 239 239.5 238.5 236 230 232.5 232.5 234.5 234.5 235 237 238 234.5 232 234 235.5 239.5 241 241 241 241 242 240.5 240.5 240 239.5 239.5 236 238 238 237.5 239.5 240.5 241.5 242.5 243 245.5 246.5 246 246 246
nan nan nan nan nan nan nan nan nan nan nan nan nan nan nan nan nan nan nan nan nan nan nan nan nan nan nan nan 218 221.5 227 232 231 228.5 236.5 228 225.5 236 241.5 231.5 223.5 227 232.5 236.5 235 236.5 237.5 238 236 229 225.5 228.5 232.5 235.5 237 238 238.5 239.5 237.5 235.5 236.5 237.5 237 241 242 242.5 242.5 243 242.5 242 242 240 237.5 239.5 241 241 240 242.5 243.5 246.5 246.5 243 241 241 241 244.5
nan nan nan nan nan nan nan nan nan nan nan nan nan nan nan nan nan nan nan nan nan nan nan nan nan nan nan nan 224.5 227.5 230.5 231.5 230.5 230 238.5 235 232.5 240.5 239.5 237 233.5 235 237.5 237 235.5 236.5 236 235.5 233 226.5 225.5 226 231 234.5 235.5 233.5 235 238.5 240 239.5 236 240 240.5 240 241 243.5 243.5 244.5 244 242.5 242.5 239 238.5 239.5 241 243.5 242 243.5 246 246.5 243.5 238 232 234.5 237 240.5
nan nan nan nan nan nan nan nan nan nan nan nan nan nan nan nan nan nan nan nan nan nan nan nan nan nan nan nan 229.5 232 233 231.5 227 229.5 239 240 241 242 241.5 239.5 239.5 239.5 239 237.5 236 235 232.5 234 231.5 223 223 227 232 233 231 232.5 233.5 236 238.5 240.5 240 238.5 240 242 243 243 243.5 245 245 245 243.5 241.5 240 241 242 244 245 246.5 243.5 240.5 237 229.5 220.5 223 228.5 232
nan nan nan nan nan nan nan nan nan nan nan nan nan nan nan nan nan nan nan nan nan nan nan nan nan nan nan nan nan 234 235 230 231.5 234 239.5 235.5 240 241 240.5 239 237 239 239 237.5 236 234.5 233 232.5 231 227 223.5 229 225.5 228.5 229.5 234.5 236 237 238.5 237.5 238.5 239.5 240 240 242.5 244.5 244.5 246 245.5 246.5 245 241.5 240 241 243 245 246 244 238 228.5 223.5 220 224 228 232.5 234
nan nan nan nan nan nan nan nan nan nan nan nan nan nan nan nan nan nan nan nan nan nan nan nan nan nan nan nan nan 229 232 233.5 234.5 232.5 237.5 235.5 239 238 238 239 237 237 237.5 235.5 235 233 230 226.5 227.5 228 226.5 222.5 225 230 231 234.5 233.5 236 237 237.5 237.5 239 241 242.5 243.5 243.5 245 245.5 246 246.5 246.5 246 245.5 246 244.5 246.5 245.5 242 235.5 220.5 213 220 227.5 230 229.5 226.5
nan nan nan nan nan nan nan nan nan nan nan nan nan nan nan nan nan nan nan nan nan nan nan nan nan nan nan nan nan 221 225 230.5 230 234 234 235 234 237 238 238.5 236.5 236.5 235 235 233.5 232 229 225.5 223.5 223.5 222.5 218.5 221 225.5 229 232 234.5 234.5 237.5 238.5 240 240 241 240.5 241.5 243.5 245 245.5 246.5 246.5 247.5 245.5 245.5 244 244.5 244.5 243 241.5 235 218 217.5 222 227.5 225.5 223 223.5
