ecocropFuture/tif/c6/rcp585/ACCESS-CM2/tmean_1.asc
ncols        683
nrows        518
xllcorner    -87.691666666667
yllcorner    10.708333333333
cellsize     0.008333333333
NODATA_value  nan
[rows 342 to 379 of 518, columns 87 to 173 of 683]
nan nan nan nan nan nan nan nan nan nan nan nan nan nan nan nan nan nan nan nan nan nan nan nan 281.5 282 281 280.5 281 279.5 281 279.5 278.5 278 277.5 277.5 277.5 277 275.5 274.5 277 275.5 274 274.5 274 272.5 272.5 271.5 271 270 269.5 268.5 267.5 266.5 265.5 264 264.5 263.5 262.5 262 260.5 259.5 258.5 257.5 256.5 255 263.5 269 271 272.5 274 274.5 275.5 276 276 275 277 277 276 275 275 275 274.5 274 274 273.5 273.5
nan nan nan nan nan nan nan nan nan nan nan nan nan nan nan nan nan nan nan nan nan nan nan nan nan 282 281.5 280.5 280 278.5 280 279.5 276.5 276.5 276 276.5 278.5 280 279 278.5 277 276.5 276 275 273.5 272.5 271.5 270.5 271 270.5 269 268.5 267.5 267 266 266.5 266 264.5 262.5 262 261 259.5 258.5 256 255.5 254 260 267 269.5 272 273 273.5 274.5 275 275 273 275 276.5 276 276 275.5 275.5 275 275 275 275 275
nan nan nan nan nan nan nan nan nan nan nan nan nan nan nan nan nan nan nan nan nan nan nan nan nan 281.5 280.5 281.5 280 279.5 280.5 280 277.5 275.5 276 275.5 274.5 280 279.5 279 278 276.5 275 274 273 272.5 272.5 271.5 271.5 270.5 270 269.5 269 269.5 269 267.5 266 264.5 263 261 259.5 258.5 257 255 254 252.5 256 264.5 267 269.5 271.5 272.5 273 274 274 273 274 276 275.5 275 275 275 275.5 275.5 275.5 275.5 275.5
nan nan nan nan nan nan nan nan nan nan nan nan nan nan nan nan nan nan nan nan nan nan nan nan nan nan 281.5 281 281.5 280.5 281 278.5 278 276.5 277.5 275.5 277 280 279.5 279 277 275.5 274.5 275 274 274 272.5 272 271.5 270.5 271 270.5 271 269.5 268 268.5 267.5 266 265.5 263.5 261.5 259.5 258 256 255 254 252.5 260 265.5 268 270 271 271.5 272.5 272.5 272 270.5 276 274.5 274 274 274 274.5 275 275.5 275.5 274.5
nan nan nan nan nan nan nan nan nan nan nan nan nan nan nan nan nan nan nan nan nan nan nan nan nan nan 281.5 281 281.5 281 282 279 278.5 276 278.5 279.5 280 280 279 277.5 277 277 276 275 275 274 273.5 273.5 273.5 272.5 272.5 272.5 272 270.5 270.5 270 267.5 266 264 263.5 262 260 258.5 257 256.5 254.5 252.5 254.5 262 265.5 267.5 269 270 270.5 270.5 270.5 270.5 273.5 274.5 272 272 272 273 273.5 274 273.5 273.5
nan nan nan nan nan nan nan nan nan nan nan nan nan nan nan nan nan nan nan nan nan nan nan nan nan nan nan 280.5 280.5 280.5 280.5 281 278.5 277 275.5 280 280.5 280 279.5 278 277 276 276.5 276 275 275 275 276 274.5 274.5 274.5 274.5 273.5 272 270.5 269.5 268 266.5 266 263.5 262.5 261 259.5 259.5 256.5 254.5 252.5 251.5 256.5 262.5 265 266.5 268 268.5 269 268.5 266 268 269.5 269.5 270.5 270.5 271.5 271.5 272 272 272
nan nan nan nan nan nan nan nan nan nan nan nan nan nan nan nan nan nan nan nan nan nan nan nan nan nan nan 280.5 281 280 279 278 277.5 277.5 275 279.5 280 280 280 279 277 277 278 278 277 277 277 277 276 275.5 275 274.5 273.5 273 271.5 270 269 268 267 265 262.5 262 261 259 256.5 255 254 252 251 259.5 262.5 264.5 265.5 266 266.5 267 266.5 273 267.5 268 268 268.5 269.5 269.5 269.5 269.5 270
nan nan nan nan nan nan nan nan nan nan nan nan nan nan nan nan nan nan nan nan nan nan nan nan nan nan nan 281.5 280.5 280 279 277.5 275 275.5 275.5 277 280.5 280.5 280 278.5 277.5 278 279 279 279 278 277.5 277 277 276 275.5 275 274.5 273.5 273 271.5 271 269.5 267.5 266 265 263 261 259.5 258.5 256 254 251.5 249.5 256.5 260 262.5 263 263.5 264.5 264.5 264.5 269.5 265 265 266 266 266 267 267 267.5 268
nan nan nan nan nan nan nan nan nan nan nan nan nan nan nan nan nan nan nan nan nan nan nan nan nan nan nan nan 280.5 280.5 279.5 279 275.5 273 273.5 274 280 280.5 280 279 278 278 279 279 279 278 277.5 277 277 276 276 275 275 273.5 272 270.5 268.5 268 267.5 265.5 264 263.5 262 261 259.5 256.5 254 252 248.5 253.5 258.5 260 261 261 262 262 261.5 261.5 262.5 262.5 263.5 263.5 263 264.5 264.5 265 266
nan nan nan nan nan nan nan nan nan nan nan nan nan nan nan nan nan nan nan nan nan nan nan nan nan nan nan nan 280 280 279 278.5 276.5 273 271.5 275 280.5 280.5 280.5 279.5 279 279.5 279.5 279 279 278 278 277 277 276.5 276 275.5 274.5 273.5 272.5 271 269.5 269 267 266.5 266 264.5 263 261 259.5 257 254.5 251.5 249 249 255 257.5 258.5 259 259 259 258 260 260 260 260.5 260 260 260.5 261 262 262.5
nan nan nan nan nan nan nan nan nan nan nan nan nan nan nan nan nan nan nan nan nan nan nan nan nan nan nan nan 281 280.5 279 278 278.5 275.5 274.5 272 277.5 280.5 280.5 279.5 279.5 279.5 279.5 279 278.5 278 277.5 277.5 277 276.5 276 275.5 274.5 273.5 272 271 270.5 269.5 269 267.5 266.5 264.5 262.5 261 259.5 257.5 255 252.5 250 247.5 251.5 254 255 255.5 256 256 255.5 256.5 257.5 256.5 257 256.5 256 256.5 258 258.5 259.5
nan nan nan nan nan nan nan nan nan nan nan nan nan nan nan nan nan nan nan nan nan nan nan nan nan nan nan nan nan 280 279 278 279.5 279 278 279 280.5 280.5 280.5 280.5 279.5 278 278.5 279.5 278.5 278 277.5 277.5 277 276.5 276 275.5 274.5 274.5 273 273 271.5 270.5 270 268 266 264 263.5 262 259.5 257.5 255 252.5 249.5 246.5 245 249 251.5 252.5 252.5 253 252.5 253.5 254.5 253.5 253.5 253 252.5 252.5 254.5 254.5 256.5
nan nan nan nan nan nan nan nan nan nan nan nan nan nan nan nan nan nan nan nan nan nan nan nan nan nan nan nan nan nan 279 279.5 279 278.5 279 280.5 281.5 281.5 280.5 280.5 279.5 279 278.5 278.5 278 278 278 277.5 277 276 276 275.5 275.5 274.5 274 273 272 271.5 270.5 269.5 267.5 266 263.5 263 260.5 258 255 251.5 249 246 243 243 246.5 248.5 248.5 250 250 249 251 250 249 250 249 248.5 250.5 251.5 253
nan nan nan nan nan nan nan nan nan nan nan nan nan nan nan nan nan nan nan nan nan nan nan nan nan nan nan nan nan nan 280 279 278 278 277 278 281.5 281.5 280.5 280.5 280.5 279.5 278.5 278.5 278.5 278 277.5 277.5 277.5 276 276 275.5 275.5 274.5 274 273 272.5 272 270.5 269.5 267.5 266 264.5 262 259.5 257 254.5 252 249 246.5 244 240.5 240 245 245 246.5 246.5 246.5 246.5 246.5 245.5 245.5 245 245 247 248 250
nan nan nan nan nan nan nan nan nan nan nan nan nan nan nan nan nan nan nan nan nan nan nan nan nan nan nan nan nan nan nan 280 280 278.5 278.5 278.5 280.5 281.5 281 280.5 280.5 279 278.5 278 278.5 278.5 278 277.5 277.5 277 276 276 275 275 274 273.5 272.5 271.5 270.5 269.5 268 266 264.5 262 260 257.5 254.5 252 249 246.5 243.5 240.5 237 238 240 242 242.5 243 242 243 242 241.5 241.5 240.5 242.5 244.5 246.5
nan nan nan nan nan nan nan nan nan nan nan nan nan nan nan nan nan nan nan nan nan nan nan nan nan nan nan nan nan nan nan 280 278.5 279.5 279.5 278.5 279.5 281 281 281 280 279 279 278.5 278.5 278 278 277.5 277.5 276.5 276.5 275.5 275 274.5 274 273.5 272.5 272 271 269 267 265 262.5 262 259.5 256 254.5 251 248.5 245.5 242.5 239.5 236.5 233.5 233 236.5 238.5 239.5 239.5 239.5 239.5 238 238 237 238 241 242
nan nan nan nan nan nan nan nan nan nan nan nan nan nan nan nan nan nan nan nan nan nan nan nan nan nan nan nan nan nan nan nan 277.5 280.5 280.5 279.5 280 280 281 280.5 280 279.5 278.5 278.5 277.5 278 278 278 278 277.5 276.5 275.5 275 275 274.5 273 272 271 270 269 267 264 262.5 260.5 258.5 256.5 254 252 248.5 246 243 240.5 237.5 234.5 230.5 231.5 234.5 235.5 235.5 236 235 234 233.5 233.5 233.5 235.5 237
nan nan nan nan nan nan nan nan nan nan nan nan nan nan nan nan nan nan nan nan nan nan nan nan nan nan nan nan nan nan nan nan nan 280 280 280 280 279.5 280.5 280.5 280.5 279.5 278.5 278.5 278 279 278 278 278 277.5 277 276.5 275.5 275 274 273 271.5 270.5 268.5 267 266 265.5 264 261.5 259.5 257.5 255.5 252.5 249.5 247 244 240.5 237.5 233.5 231 228.5 231 232 232 231.5 231 230.5 229.5 229 229 230.5 233
nan nan nan nan nan nan nan nan nan nan nan nan nan nan nan nan nan nan nan nan nan nan nan nan nan nan nan nan nan nan nan nan nan 280 278 281 280.5 280.5 280.5 280.5 280 279.5 279 279 279 278 278.5 278.5 278 278 277 277 276 275 274 272 270 269.5 269 268.5 267.5 266.5 265 263.5 261 257.5 255 252.5 250 247 244.5 240.5 237 234 231 228 226.5 228.5 228.5 227.5 227 226.5 225 225 224 227.5 235
nan nan nan nan nan nan nan nan nan nan nan nan nan nan nan nan nan nan nan nan nan nan nan nan nan nan nan nan nan nan nan nan nan nan 278 281 281 279.5 279 279 280 279 279 279.5 279 279 279 278 278 278 277 277 276 275 274 272.5 271.5 271 270 269.5 268.5 267 265.5 263 260 258.5 255.5 253 250.5 247 243 240.5 237 234 231.5 228.5 225.5 224.5 225 224 223 221 219 220 223.5 231 237.5
nan nan nan nan nan nan nan nan nan nan nan nan nan nan nan nan nan nan nan nan nan nan nan nan nan nan nan nan nan nan nan nan nan nan 280.5 281 280.5 280 279 279 280 280 280 280 279 279 279 278.5 278 277 277 277 276 275 274.5 273.5 272.5 272 271 268.5 267.5 266 264 262 260.5 258.5 256 252.5 250 247.5 244.5 240.5 237 234 231.5 228.5 226 222.5 221.5 221 218.5 217 220 222.5 225.5 231 239.5
nan nan nan nan nan nan nan nan nan nan nan nan nan nan nan nan nan nan nan nan nan nan nan nan nan nan nan nan nan nan nan nan nan nan nan 280.5 280.5 280.5 280.5 279.5 280 280 279.5 279 279 279 278 278 277.5 277 277 276 276 275 274.5 273.5 272.5 271.5 270 268.5 267 265.5 264.5 262.5 260.5 256.5 255 253.5 250 247 243.5 240 237.5 234.5 232 229 226 223 218.5 216 216.5 218.5 220.5 223.5 228.5 232.5 235.5
nan nan nan nan nan nan nan nan nan nan nan nan nan nan nan nan nan nan nan nan nan nan nan nan nan nan nan nan nan nan nan nan nan nan nan nan 280.5 280 280 279.5 278.5 280 279 279 279 279 278.5 278 278 277 277 276.5 276 275 274.5 273.5 272.5 271.5 270 268.5 267 265.5 264 262 260 258.5 256 252.5 249.5 246 243.5 240.5 238.5 236 233 230 227 223.5 218 216.5 218.5 220 222 225.5 227 233 239.5
nan nan nan nan nan nan nan nan nan nan nan nan nan nan nan nan nan nan nan nan nan nan nan nan nan nan nan nan nan nan nan nan nan nan nan nan nan 280.5 280 280 278.5 279.5 279.5 279 279 278.5 278.5 278 277.5 276.5 276 276.5 275.5 275 274 273.5 272.5 271 270 268.5 267 266 263.5 262 259.5 258 255 251.5 248.5 246.5 244.5 242.5 239.5 237 234 231 227.5 224 219 217 218.5 220.5 221.5 224.5 232 236 240
nan nan nan nan nan nan nan nan nan nan nan nan nan nan nan nan nan nan nan nan nan nan nan nan nan nan nan nan nan nan nan nan nan nan nan nan nan nan 280.5 280 279.5 279.5 280 279 279 278 278.5 277.5 275.5 276.5 275.5 275.5 275.5 275 274 273.5 272.5 271 270 269 267 265.5 263.5 260 257.5 255 253 251 249.5 248 247 243.5 240.5 237.5 235 231.5 228.5 225 220 218 218.5 219.5 223 225.5 227 230 236
nan nan nan nan nan nan nan nan nan nan nan nan nan nan nan nan nan nan nan nan nan nan nan nan nan nan nan nan nan nan nan nan nan nan nan nan nan nan nan 280 279.5 279.5 279.5 279 279 278 277.5 277 275.5 276.5 275 275.5 276 275 273.5 273.5 272.5 271 270.5 268 265.5 263.5 261 258.5 257 255 253.5 252.5 251.5 250 247 244.5 241 238 235 232 230 226 222.5 219 220.5 222.5 222 223 226.5 229.5 229.5
nan nan nan nan nan nan nan nan nan nan nan nan nan nan nan nan nan nan nan nan nan nan nan nan nan nan nan nan nan nan nan nan nan nan nan nan nan nan nan nan 279.5 279.5 279 279.5 279.5 278 278 277 276 277 276 276 276 274.5 274.5 273.5 272.5 270 268.5 267 265 263 261.5 259 257.5 256 255.5 254.5 252.5 250 247.5 244.5 241.5 239.5 236 234 230.5 228 226 220.5 220 221.5 221.5 222 222.5 223 226
nan nan nan nan nan nan nan nan nan nan nan nan nan nan nan nan nan nan nan nan nan nan nan nan nan nan nan nan nan nan nan nan nan nan nan nan nan nan nan nan nan 279.5 279 279 278.5 278.5 278.5 277.5 277 276 276 275.5 275.5 274.5 273.5 273 271.5 270 269 267.5 264.5 263 261 260 259 257.5 256.5 254.5 252 250 248 245.5 242.5 240 237.5 234.5 233 230 227 223 221 221.5 221.5 222.5 223 224 226
nan nan nan nan nan nan nan nan nan nan nan nan nan nan nan nan nan nan nan nan nan nan nan nan nan nan nan nan nan nan nan nan nan nan nan nan nan nan nan nan nan 279 278.5 278 278 277.5 277.5 277.5 277 276.5 276.5 275.5 275.5 274.5 273 271.5 270 270.5 269 266.5 263.5 263 261.5 261 258.5 257 255.5 254 253 251.5 249.5 246.5 244.5 242 239 237 234 232 229 225.5 222 222.5 223.5 223.5 225 225.5 227.5
nan nan nan nan nan nan nan nan nan nan nan nan nan nan nan nan nan nan nan nan nan nan nan nan nan nan nan nan nan nan nan nan nan nan nan nan nan nan nan nan nan nan 279 278.5 277.5 278 278 277.5 276.5 276 275 275.5 274.5 274 273 272 271.5 270 268.5 265.5 264.5 263.5 263 261 259 257.5 256 256 254 252 250 247.5 245.5 243.5 241 238 236 233.5 230.5 228 225 223 224 225.5 225.5 226.5 228.5
nan nan nan nan nan nan nan nan nan nan nan nan nan nan nan nan nan nan nan nan nan nan nan nan nan nan nan nan nan nan nan nan nan nan nan nan nan nan nan nan nan nan 278.5 278.5 278.5 277.5 277.5 277 276.5 276 275 275 274 273 272.5 271.5 271.5 270 269 267.5 266 263.5 261.5 261 259.5 258.5 259.5 257 255 252.5 250.5 249 247.5 246 242.5 240 237 235 232.5 230 228 226 225 226 227 227.5 229.5
nan nan nan nan nan nan nan nan nan nan nan nan nan nan nan nan nan nan nan nan nan nan nan nan nan nan nan nan nan nan nan nan nan nan nan nan nan nan nan nan nan nan 278.5 279 278.5 277.5 277 277 277 276 275 274 274 273 272.5 271.5 270.5 269.5 268.5 266.5 265 264 263.5 264 263.5 262.5 259.5 258 256 254.5 252 251 250.5 246.5 244.5 241.5 238.5 236.5 234 232 230 229 227 227 227.5 228.5 229.5
nan nan nan nan nan nan nan nan nan nan nan nan nan nan nan nan nan nan nan nan nan nan nan nan nan nan nan nan nan nan nan nan nan nan nan nan nan nan nan nan nan nan 279 279 278.5 278.5 277.5 277 277 276 276 274 273 273 272 271.5 270.5 270 269 267.5 266 265.5 266.5 266 265 262.5 260.5 259 257 255.5 254.5 254 250.5 247.5 245.5 243.5 240.5 238.5 236 234.5 232.5 231 230 229 228.5 229 229.5
nan nan nan nan nan nan nan nan nan nan nan nan nan nan nan nan nan nan nan nan nan nan nan nan nan nan nan nan nan nan nan nan nan nan nan nan nan nan nan nan nan nan nan 279 278.5 278.5 278 277 276.5 277 275 274.5 273 272.5 271.5 270.5 270.5 270.5 270 267.5 268.5 267.5 267.5 266 264.5 263.5 262.5 260 258 259 257 253 251 249.5 246.5 244.5 242.5 239.5 238 237 234.5 233 232 231 230.5 229.5 230.5
nan nan nan nan nan nan nan nan nan nan nan nan nan nan nan nan nan nan nan nan nan nan nan nan nan nan nan nan nan nan nan nan nan nan nan nan nan nan nan nan nan nan nan nan nan 278.5 278.5 278.5 277 276.5 275.5 275 274.5 273 273 271.5 271.5 271.5 270.5 269.5 269.5 269 267.5 266.5 267 265.5 263.5 262 262 259.5 256 254 253 250 249 246.5 243.5 242.5 240.5 238.5 236.5 235 234 233.5 232.5 231.5 231.5
nan nan nan nan nan nan nan nan nan nan nan nan nan nan nan nan nan nan nan nan nan nan nan nan nan nan nan nan nan nan nan nan nan nan nan nan nan nan nan nan nan nan nan nan nan nan 279 278.5 277.5 276.5 276.5 275.5 274 274.5 273 273.5 271.5 271.5 272 272 270.5 270 268.5 269 268 267 265.5 265 262 259 258 256 254 252 250 248 245.5 243.5 241.5 239.5 238 237 235 235.5 234.5 233.5 233.5
nan nan nan nan nan nan nan nan nan nan nan nan nan nan nan nan nan nan nan nan nan nan nan nan nan nan nan nan nan nan nan nan nan nan nan nan nan nan nan nan nan nan nan nan nan nan nan 278.5 278 277 276.5 277 275 274.5 275 274.5 273 271 272.5 273 271.5 271.5 270.5 270 269 268 266.5 263.5 261.5 261 260 257 256 253 251 250 247.5 245.5 243.5 241.5 239.5 238.5 237 237 235.5 235 234.5
nan nan nan nan nan nan nan nan nan nan nan nan nan nan nan nan nan nan nan nan nan nan nan nan nan nan nan nan nan nan nan nan nan nan nan nan nan nan nan nan nan nan nan nan nan nan nan nan 278.5 277.5 276.5 276.5 276.5 275.5 274.5 274 273 272 273 273.5 272.5 272.5 271 271 269.5 269 266.5 264.5 263.5 263 261 260 257 255 253 251.5 249.5 247.5 245.5 244 242.5 240.5 239.5 238 237.5 237 236
