ecocropFuture/tif/c6/rcp585/ACCESS-CM2/tmean_6.asc
ncols        683
nrows        518
xllcorner    -87.691666666667
yllcorner    10.708333333333
cellsize     0.008333333333
NODATA_value  nan
[rows 114 to 151 of 518, columns 435 to 521 of 683]
272 271.5 271.5 270.5 271.5 270 269 270 271 270.5 270 269.5 268.5 266.5 267 267.5 266.5 267.5 267 267.5 268 268 267.5 267.5 268.5 268.5 268.5 269 269 269 269 268 268 267.5 267.5 267.5 267.5 267.5 267 268 268 269 268.5 269 268.5 269.5 269.5 268.5 268.5 271.5 272.5 273.5 274 275 275.5 276 276 276 276.5 277 277 277.5 277.5 278 278 278 278.5 278.5 278.5 278.5 278.5 278.5 279 279 280 280 280.5 281 281 281 281 282 282 282.5 283.5 284 284
272 272 272 272.5 272 272 272 272 272 271.5 271.5 271.5 270.5 268.5 268 267.5 267.5 267.5 267.5 268 268 268.5 268 269 268.5 268 269 269.5 269 269 268 267.5 268 268 267.5 267.5 267 267 267 268 268.5 269 270 269.5 269.5 270.5 269 267.5 268.5 271.5 273 273 274 275 276 276 276 276.5 277 277 277.5 277.5 278 278 278 278.5 278.5 278.5 278 278 278.5 279 279 279.5 280 280 281 281 281 281.5 281.5 282 282 282.5 283 283.5 nan
272.5 272.5 272.5 272.5 272 272 272 272 272 272 272 271.5 271.5 270 270 270 269 268.5 268 268 269 269 269 269.5 269.5 269 269.5 269 269 269 268 268.5 268 267.5 268 267.5 267 267 267.5 267.5 268 269 270 270.5 270.5 271.5 271 270.5 271.5 270.5 272.5 273 275 276 276 276.5 277 277 277 277.5 277.5 277.5 278 278 278.5 278.5 278.5 278.5 278.5 278 278.5 279.5 279.5 280 280 280.5 281 281 280.5 281.5 281.5 282 282 283 283 284 nan
273 272.5 272.5 272.5 272 272 272 272 271.5 272 272 271.5 271.5 270.5 270.5 270.5 270.5 270.5 269.5 269 269 269 269 269.5 269.5 269.5 269 269 269.5 269 268.5 268.5 268.5 268.5 269 269 268.5 268 267 267 268 269 270 269 270.5 271.5 271.5 272 272 272.5 273 274.5 275 276 276.5 276.5 277 277 277 277.5 277.5 278 278 278 278.5 278.5 278.5 279 279 278.5 279 279.5 279.5 280 280.5 280.5 280.5 281 281 281.5 281.5 281.5 282 283 283 nan nan
272.5 272.5 272.5 272.5 272 272 272 272 272 272 271.5 271.5 271.5 271 271 270.5 270.5 270.5 270.5 269 269 269.5 269.5 269.5 269 268.5 269 268.5 269 269.5 268.5 268.5 268 268 269 269 269 269 268 268 269 270 271 271 272 272 272 272.5 272 273 274 275 275.5 276 276.5 277 277 277 277.5 277.5 277.5 278 278 278.5 278.5 278.5 279 279 279 279 279 279.5 280 280 280 280 280.5 281 281 281 281.5 281.5 281.5 283 nan nan nan
273 272.5 272.5 272.5 272 272 272 272 272 272 271.5 271.5 271.5 271 271 271 271 270.5 270.5 270 269 269 269.5 270 268 267 265 265.5 268.5 268.5 268.5 268 268 268 269 269 269.5 269 269.5 268.5 268 271 271 271.5 272 272 273 272 273 274 275 275 276 276 276.5 277 277 277.5 277.5 277.5 277.5 278 278 278.5 278.5 279 279 279 279 278.5 279 279.5 280 279.5 280 280 280.5 281 281 281 281.5 281.5 282 nan nan nan nan
272.5 272.5 272.5 272 272 272 272 272 272.5 272.5 271.5 272 272.5 271.5 271.5 271.5 270.5 270.5 270.5 271 270 270.5 269.5 269.5 268.5 262.5 262.5 266.5 268 268.5 268.5 268 267 268 267 267 267.5 269.5 270 268 269 272 272 272 272.5 273 273 273.5 274 274.5 275 275.5 276 276.5 277 277 277 277.5 277.5 277 278 278 278 278 278 278.5 278.5 278.5 279 278.5 279 279.5 280 279.5 279.5 280 280.5 280.5 281 281 282 282 nan nan nan nan nan
272.5 272.5 272.5 272.5 272 272 272 272 272.5 272.5 272.5 272.5 272.5 271.5 271.5 271.5 270.5 270.5 270.5 271 271 270.5 269.5 269.5 266.5 266 267 268 268 268.5 267.5 266 266 265 265 265 265.5 266.5 270 269 270 272 272.5 272.5 273 273.5 273.5 274.5 274.5 274.5 275 275.5 276 276 277 277 277 277.5 277.5 277.5 277.5 278 278 278 278.5 278.5 278.5 279 279 278.5 279 279.5 279.5 279.5 279.5 280 280 280.5 281 281 nan nan nan nan nan nan nan
272.5 272.5 272.5 272.5 272 272 272 272 272 272.5 272.5 272.5 273 271.5 271.5 271 271 270 270 271 271 270.5 270.5 269 265 267 269 269 269.5 268.5 267 266 265 265 264.5 265 264.5 265.5 267.5 271 271.5 272 273 273.5 273.5 274.5 274.5 275 275.5 275.5 275.5 276 276 276 276 276.5 277 277.5 277.5 278 277.5 278 278 278.5 278.5 278 278.5 278.5 278.5 278.5 278.5 279.5 279.5 279 279 280 280 280.5 280.5 nan nan nan nan nan nan nan nan
272.5 272.5 272.5 272.5 273 272.5 272 272.5 272 272 271.5 272 272.5 271.5 271 271.5 271 271 271 271 271 270.5 270.5 270.5 270 270 269 269.5 269.5 268.5 266.5 265.5 265 265 265 266 265.5 265.5 266 270 272 272.5 273.5 274 274 274.5 274.5 275.5 275.5 276.5 276.5 276.5 276.5 277 277 276.5 276.5 277 277.5 278 277.5 278 278 278.5 278 278.5 278.5 278.5 278 278 278 278.5 278.5 278.5 279 279.5 280 280 nan nan nan nan nan nan nan nan nan
272.5 273 273 273 273 273 272.5 272.5 272 272 272 271.5 272.5 271.5 271.5 271.5 271.5 271 271 271 271 271 271.5 271 270.5 270 269 269 269.5 267.5 267 266 265 265.5 266.5 266 265.5 266.5 267 269 272 272.5 273.5 274 274.5 274.5 275.5 275.5 275.5 275.5 275.5 276 276 276.5 276.5 276.5 276.5 277 277 277 277.5 278 277.5 278 278 nan nan nan 278 277.5 277.5 277.5 278.5 278.5 279.5 279.5 279.5 279.5 nan nan nan nan nan nan nan nan nan
272.5 273 273 273 273 272.5 272.5 272.5 272 272 272 271.5 272.5 272.5 271.5 271.5 271.5 271.5 271 271.5 271.5 271.5 271.5 271 270.5 270 269.5 269.5 268.5 268.5 267.5 266 266 265 266 266 266 266 268 270.5 272 272.5 273.5 273.5 274.5 274.5 275 275.5 275.5 276 276 276 276 276.5 276.5 277 277 277 277 277.5 277.5 278 278 278.5 nan nan nan nan nan nan 277.5 277.5 278.5 278.5 279.5 279.5 279.5 nan nan nan nan nan nan nan nan nan nan
273 273 272.5 272.5 272.5 272.5 272.5 272.5 272 272 271.5 271.5 272.5 272.5 272.5 271.5 271.5 271.5 271 271.5 271.5 271.5 271.5 271 271 270 269.5 269 268.5 267 266 267 267 266 266 266 266 266 267.5 271 272 273 273 274 274 274.5 275 275 275.5 276 276 276 276.5 277 277 276.5 277 277.5 278 278 278.5 278 278 278.5 nan nan nan nan nan nan 277.5 278.5 278.5 278.5 278.5 279 279.5 nan nan nan nan nan nan nan nan nan nan
273 272.5 272.5 272.5 272.5 272.5 272.5 272.5 272 272.5 271.5 272 272.5 272.5 272.5 272 272 272 271 270.5 270.5 270.5 270.5 271 271 270.5 270 270.5 269 266.5 267 267 266.5 267.5 268 266.5 266.5 267 267.5 269 272 272.5 273 273 274 274 275 275 275 276 276 276 276.5 276.5 277 277.5 277.5 277 277 278 278.5 278.5 278 278.5 nan nan nan nan nan nan 278 278 278.5 278.5 279 279 nan nan nan nan nan nan nan nan nan nan nan
272.5 272.5 272.5 272.5 272.5 272.5 272.5 273 272.5 272.5 272 272 272.5 272.5 272.5 272 272 272 272 271.5 270.5 270.5 270 270 269 269 268.5 269.5 269 269 268 268 267.5 268.5 268.5 268.5 268.5 266.5 268.5 269 271.5 272 272.5 272.5 273 273.5 274.5 275 275 275.5 275.5 276 276.5 276.5 277 277.5 277.5 277.5 278 278 278.5 278.5 279 278 nan 278 277.5 278 nan nan nan 278 278.5 278.5 278.5 279 nan nan nan nan nan nan nan nan nan nan nan
272.5 272.5 272.5 272.5 272.5 272 272.5 273 272 272 272 272.5 272.5 272 272.5 272 272 272 272 271.5 271.5 270.5 270.5 270 268.5 268 267.5 268.5 269 269 269 270 270.5 270 269 269 269.5 270.5 270.5 270.5 271.5 272.5 272.5 272.5 272.5 273.5 273.5 274.5 274.5 275 275.5 275.5 276.5 276.5 277 277.5 277.5 278 278 278 278.5 278.5 278.5 278 278 278 277.5 278 278 nan nan 278 278.5 278.5 278.5 nan nan nan nan nan nan nan nan nan nan nan nan
272.5 272.5 272.5 272.5 272 272 272.5 273 272 272 272 272 272.5 272 272.5 272 272 272 272 271.5 271.5 271 271.5 270.5 269 268.5 268.5 270.5 270.5 270 268 269 271 271 271 270 270.5 271.5 271 271 272 272.5 273 273.5 273.5 273.5 274 274.5 274.5 275 275.5 275.5 276 276.5 276.5 277.5 277.5 278 278 278 278.5 278.5 278.5 278 278 278 278.5 nan nan nan nan nan 278.5 279 278.5 nan nan nan nan nan nan nan nan nan nan nan nan
272.5 272.5 272 272 272 272 273 272.5 272 272 272 272 272 272 272 272 272 272 272 271.5 271.5 271.5 272 272 271 271 271 270.5 269.5 270 270.5 270 271 272 271.5 272 272 272 272 272.5 273 273 273.5 274 274 274 274.5 274.5 275 275 275.5 276 276 276.5 276.5 277 277.5 278 278 278 278.5 278.5 279 278.5 278 278.5 278.5 nan nan nan nan nan nan 278 nan nan nan nan nan nan nan nan nan nan nan nan nan
272 272.5 272.5 272.5 272 272.5 273 272.5 271.5 272 272 272 272 272 272 273 272.5 272.5 272 272 271.5 272 272 271 271 270.5 269.5 268.5 267.5 269.5 271.5 271.5 271.5 272.5 272 272 272 272.5 273 273 273 274 274 274 274 274 274.5 275 275 275.5 276 276 276.5 276.5 276.5 277 277 278 278 278 278.5 278.5 279 278.5 278.5 279 279 279 nan nan 279 279 278.5 278.5 nan nan nan nan nan nan nan nan nan nan nan nan nan
271 272 272 272 272.5 272.5 272 271.5 271.5 272 271.5 271 272 272 272 272.5 272.5 272.5 272.5 272.5 271.5 272 271 271.5 271.5 271 269.5 268 268.5 268.5 269.5 271.5 272.5 272.5 272.5 272.5 272.5 272.5 273 274 274 274 274 274 275 275 275 275 276 276 276 276 276.5 276.5 277.5 277.5 277.5 278 278 278.5 278.5 278.5 279 278.5 278.5 279 279 279 279 279 279.5 279.5 279 279 nan nan nan nan nan nan nan nan nan nan nan nan nan
271 272 272 271.5 272.5 272 272 270 271 271 271.5 271.5 272 272 272 272.5 272.5 272.5 272.5 272.5 272 272.5 271.5 271 272 272 270.5 270 270.5 270.5 271.5 272.5 273 273.5 273 273 273.5 273.5 273.5 273.5 274.5 274.5 275 275 275 275 275 276 276 276 276 276.5 276.5 276.5 276.5 277.5 278 278 278 278.5 278.5 278.5 279 278.5 278.5 279 279 279 279.5 279.5 279.5 279 279 nan nan nan nan nan nan nan nan nan nan nan nan nan nan
272 272 272 271.5 271.5 272 272 271.5 270 271 271 271 271.5 271.5 271.5 272.5 272.5 272.5 272.5 272.5 272.5 272.5 272.5 272 272 272 272 272 272 272.5 272 273 273.5 274 273.5 273.5 273.5 273.5 274.5 273.5 274 274.5 275 275 275 275 275.5 276 276 276 276.5 276.5 277 277 277.5 277.5 278 278 278 278.5 278.5 278.5 279 278.5 278.5 279 279 279 279.5 279.5 279.5 280 280 nan nan nan nan nan nan nan nan nan nan nan nan nan nan
272 272 272 271.5 271 271.5 271.5 271 269 268.5 270.5 270.5 270.5 271.5 272 272.5 272.5 272.5 272.5 272.5 272.5 272.5 273 272.5 272.5 272 272 272 273 273 273 274 274 274 274 273.5 274 273.5 274 274 274.5 274.5 275 275 275 275 276 276 276 276.5 276.5 276.5 276.5 277.5 277 277.5 278 278 278 278.5 278.5 278.5 279 278.5 278.5 279 279 279.5 279.5 279.5 280 280 280 nan nan nan nan nan nan nan nan nan nan nan nan nan nan
272.5 272 272 271.5 271 271.5 271 271.5 270.5 266.5 269.5 271.5 271.5 272 272.5 272.5 272.5 272.5 272.5 272.5 272.5 272.5 273 273 272.5 272 272 273 273 273.5 274 274 274 275 274.5 273.5 274 274.5 274.5 274.5 274.5 274.5 275 275 275 275 276 276 276.5 276.5 276.5 276.5 277.5 277.5 277.5 277.5 278 278 278 278.5 278.5 278.5 279 278.5 278.5 279 279 279.5 279.5 279.5 280 280 280 nan nan nan nan nan nan nan nan nan nan nan nan nan nan
272 272 273 271.5 271.5 271.5 271.5 272 271.5 269.5 270 271.5 271.5 272.5 272.5 271.5 272 272.5 272.5 272.5 272.5 272.5 272.5 273 272.5 273 273 273 273 274 274 274 275 275 275 273 274 272.5 274.5 274.5 274.5 275 275 275 275 276 276 276 276.5 276.5 276.5 277 277.5 277 277.5 278 278 278 278 278 278 278 278.5 278.5 279 279 279 279.5 279.5 280 280 280 280 nan nan nan nan nan nan nan nan nan nan nan nan nan nan
272 272 273 272 272 272 272 272 271 268.5 270.5 271 271.5 271.5 272 272 272 272.5 272.5 272.5 272.5 272.5 272.5 272.5 273 273 273 273 273.5 274 274 274 275 275.5 275 275 274.5 271.5 274.5 275 274.5 275 275 275 275 275 275.5 276 276.5 276.5 276.5 277.5 277 277 278 278 278 278 277.5 278 278 278 278.5 278.5 279 279 279 279.5 279.5 279.5 280 280 280 nan nan nan nan nan nan nan nan nan nan nan nan nan nan
272.5 273 273 272.5 272.5 272 272 272 270 268.5 271 270.5 271.5 272.5 272.5 272 272 272.5 272.5 272.5 272.5 273 273 273 273 273 273 273 274 274 274.5 275 275.5 275.5 275.5 275 275 275 275.5 275.5 275 275 275 275 275 275 276 276.5 276.5 276.5 277.5 277.5 277 277 278 278 278 278 278 278 278 278 278.5 278.5 279 279 279.5 279.5 279.5 279.5 280 280.5 nan nan nan nan nan nan nan nan nan nan nan nan nan nan nan
272.5 273 273 272.5 272 271.5 272 272 272 272 271 271.5 271.5 272.5 272.5 272.5 272.5 272.5 272.5 272.5 272.5 273 273 273 273 273 273 273 274 274 274.5 275 275 276 276 275.5 275.5 275.5 275.5 275.5 275.5 275.5 275.5 275.5 276 276 276 276.5 276.5 276.5 277.5 277.5 277.5 277.5 278 278 278 278 278 278 278 278 278.5 279 279.5 279.5 279.5 279.5 279.5 280 280 nan nan nan nan nan nan nan nan nan nan nan nan nan nan nan nan
273 273 273 272.5 272 271 272 272 272 272 272 272 272.5 272.5 272.5 272.5 272.5 272.5 272.5 272.5 273.5 273.5 273.5 273 273 273 273 273 274 274 274 275 275 275 275.5 275.5 275.5 275.5 275.5 275.5 275.5 275.5 275.5 276 276 276 276 276 276.5 276.5 276.5 277.5 277.5 277.5 278 278 278 278 278 278 278 278 279 279 279 279.5 279.5 279.5 280 280 280 nan nan nan nan nan nan nan nan nan nan nan nan nan nan nan nan
272.5 273 273.5 273.5 273 273 272.5 272.5 273 273 272.5 271.5 272 272.5 273 273 273 273 272.5 272.5 273.5 273.5 273.5 273.5 273 273 273 273 273 274 274 275 275 275.5 275.5 275.5 275.5 276 276 275.5 276 276 276 276.5 276 276 276 276 276.5 276.5 276.5 277.5 277.5 277 277 277.5 277.5 277.5 278 278 278 278.5 279 279 279 279 279.5 279.5 280 280 nan nan nan nan nan nan nan nan nan nan nan nan nan nan nan nan nan
273.5 273.5 273.5 273.5 273.5 273 273 273 273 273 273 272 272 273 273 273 273.5 273.5 273 273.5 273.5 273.5 273.5 273.5 273.5 273 273 273 273 274 274 274.5 274.5 275 275 275.5 276 276 276 276 276 276 276 276 276.5 276.5 276.5 276.5 276.5 276.5 276.5 276.5 277.5 277 277 277.5 277.5 277.5 278 278 278 278.5 279 279 279 279.5 279.5 279.5 279.5 279.5 nan nan nan nan nan nan nan nan nan nan nan nan nan nan nan nan nan
274 274 273.5 273.5 273.5 273.5 273.5 273 273 273 273 273 272.5 273 273 273.5 274 274 273.5 273 273.5 274 273.5 273.5 273.5 273.5 273 273 274 274 274 274 274.5 274.5 275 275 275.5 276 276 276 276 276 276 276 276.5 276.5 276 276 276 276.5 276.5 277 277.5 277 277 277.5 277.5 277.5 278 278 278 278.5 279 279 279.5 279.5 279.5 279.5 280 280 nan nan nan nan nan nan nan nan nan nan nan nan nan nan nan nan nan
274 274 274 273.5 274 273.5 273.5 273.5 273.5 273.5 273.5 274 273 273 273.5 274 274 274.5 274 274 274 274.5 274 273.5 273.5 273.5 273.5 273 273 273.5 274 274 274.5 275 275 275 275 275 276 276 276 276 276 276.5 276.5 276.5 276 276 276 276.5 276.5 277 277.5 277 277 277.5 277.5 277.5 278 278 278 278.5 278.5 279.5 279 279.5 279.5 280 280 280 nan nan nan nan nan nan nan nan nan nan nan nan nan nan nan nan nan
274.5 275 274 274 274 274 274 274 273.5 274 274 274.5 274.5 274.5 274.5 274.5 275 275 274.5 274 274.5 274.5 274.5 274 273.5 274 273.5 273 273 274 274 274.5 274.5 275 275 275 275 275 276 276 276 275.5 275.5 275.5 276 276 276 276 276 276.5 276.5 277 277.5 277 277 277 277.5 277.5 278 278 278 278.5 278.5 279 279 279 280 280 280 nan nan nan nan nan nan nan nan nan nan nan nan nan nan nan nan nan nan
275 275 275 275 274 274.5 274.5 274.5 274.5 274.5 274.5 274.5 274.5 275.5 275.5 275.5 275.5 274.5 274.5 274.5 275 274.5 274.5 274.5 274 274 274 273.5 273.5 274 274 274.5 275 275 275.5 276 276 276 276 276 275.5 275.5 275.5 275.5 276 276 276 276 276 276.5 277 277 277 277 277.5 277 277.5 277.5 278 278 278 278.5 278.5 279 279 279.5 279.5 280 280 nan nan nan nan nan nan nan nan nan nan nan nan nan nan nan nan nan nan
275 275 275 275 275 274 274.5 275 275 274.5 275 275 275 275.5 275.5 275.5 275.5 275 275.5 275 275 275 274.5 274.5 274.5 274.5 274.5 274 274 274 275 275 275 276 276 276 276 276 276 276 276 275.5 275.5 275.5 276 276 276 276 276 276 277 277 277 277 277.5 277.5 277.5 277.5 278 278 278 278.5 278.5 279 279 279.5 279.5 279.5 280 nan nan nan nan nan nan nan nan nan nan nan nan nan nan nan nan nan nan
275.5 275.5 275.5 275.5 275 275 275 275 275 275 275 275 275.5 276 276 276 276 276 275.5 275.5 275 274.5 275 274.5 274.5 274.5 274.5 274 274 274.5 275 275 275.5 276 276 276 276 276 276 276 276 275.5 276 275 275.5 276 276 276 276 276 277 277 277 277 277.5 277.5 278 277.5 278 278 278 278.5 278.5 279 279 279.5 279.5 279.5 nan nan nan nan nan nan nan nan nan nan nan nan nan nan nan nan nan nan nan
275.5 275.5 275.5 275.5 275.5 275 275 275 275 275.5 276 276 276 276 276 276 276 276 276 275.5 275.5 274.5 275 275 275 274.5 274.5 274.5 275 275 275 275.5 276 276 276 276 276 276 276 276 276 276 276 275.5 275.5 276 276 276 276 276.5 277 277 277 277 277.5 277.5 278 277.5 278 278 278 278.5 278.5 279 279 279.5 279 279.5 nan nan nan nan nan nan nan nan nan nan nan nan nan nan nan nan nan nan nan
