ecocropFuture/tif/c6/rcp585/ACCESS-CM2/tmean_5.asc
ncols        683
nrows        518
xllcorner    -87.691666666667
yllcorner    10.708333333333
cellsize     0.008333333333
NODATA_value  nan
[rows 234 to 272 of 518, columns 348 to 434 of 683]
283.5 284 285 284.5 285 285 283 284 285 285 286 286 285.5 285 285.5 285.5 284.5 283.5 284 283 281.5 282 283 284 283 281.5 282 281.5 281.5 283.5 283.5 282 283 284 284 283.5 283.5 283.5 283 283 283 283 282 282 282.5 282.5 282 282 282 282.5 282.5 283.5 283 283 283 283 284 283.5 284 284.5 283.5 283 283.5 282.5 282.5 282.5 282.5 282 281.5 281.5 281 280.5 281 281 280.5 280.5 280.5 280.5 281 281 281 280.5 280.5 280 280 280.5 279.5
283.5 284 284.5 284 284 284 284 285 285 286 285 284.5 285 285.5 285.5 285.5 285.5 284.5 284.5 283.5 281 282 284 284 283.5 282.5 282.5 282.5 283.5 284 284.5 283 284 284 285 284.5 283.5 284 283.5 283 283 283 282.5 282.5 282.5 283 282 281 282 282.5 283.5 283.5 283 283 283 283 283 283.5 284 284.5 282.5 282.5 282.5 282.5 282.5 282.5 282 282.5 282 281.5 281 281 281 280.5 280 280 280.5 280.5 280 280 280.5 281 281 280.5 280.5 280.5 280
282.5 284 284.5 283 283.5 285 285.5 285.5 285 284.5 284.5 284 283.5 282.5 282.5 284.5 285 285 285 284 281.5 279 283 284.5 284.5 284.5 283 282.5 283.5 284 285 285 285 285 285 284.5 285 284.5 284 283.5 284 283 282.5 283 283.5 283 282 281 282 283 283.5 283.5 283.5 283 283 283 283 283.5 284 284.5 283 282.5 282 282.5 282.5 282.5 282 282.5 282 281.5 281 281 281 280.5 280.5 280.5 280.5 280.5 280 280 280.5 280.5 280.5 281 280.5 280.5 280.5
282.5 283 284.5 283.5 283.5 284 285 285 284 284 283.5 283 282.5 281.5 283.5 283.5 284.5 285 285 285 283 282 283 284.5 285 283.5 284.5 283.5 284 284.5 285.5 284 284 285 285 284.5 284.5 285 285 284 284 284 283.5 283.5 283.5 282.5 282 282 283 283 283 283.5 283.5 283.5 283 283 284 284.5 284 284 283 282 281.5 282 282.5 282.5 282.5 282.5 281.5 281.5 281 280.5 281 280.5 280.5 280.5 280.5 280.5 280.5 280 280 280.5 280 280.5 281 280.5 280.5
281 281 283 284 282 284 285 284 283.5 283 282.5 282 281.5 282.5 283.5 284 284 284 285 285 285 283 283 284.5 284 281 281.5 285 285 284 284.5 283.5 283 283.5 284 283.5 283.5 284 284 285 284 284 284 283.5 283.5 282 281 282.5 283 282.5 282.5 283.5 283.5 283.5 283.5 283.5 283.5 283.5 282 282 283 282.5 282 282 282 282.5 282.5 282 282 281 281 281 281 280.5 280.5 279.5 279.5 280.5 281 280.5 280.5 280.5 280 280 280.5 280 280
282 283 283 284 283 283 285 284 283 283 280.5 281 281 281.5 283.5 283.5 283.5 283.5 284 285 285 285 284.5 285 282.5 282.5 280.5 282.5 283.5 282.5 284 283 282 283 283 283 282.5 283 284 285 285 284.5 284.5 284.5 284.5 282.5 280 282 282.5 282 282.5 282.5 283.5 283 283 282.5 283.5 283 282 282 282 282 282 282 281.5 282 282.5 281.5 282 281 281 281 280.5 280.5 280.5 280 280 280.5 281 280.5 280.5 280.5 280.5 280 280 280 280
282 281 281 283.5 285 283.5 285 284 283 281 280 281 280.5 279.5 282.5 282.5 281 281.5 283.5 284 284 285 284.5 284 282.5 282.5 281.5 281.5 282 282 283 283 282 282 282.5 282.5 282 282.5 283 284 284 284 284.5 284.5 284.5 283.5 282 283 283 281.5 282.5 282.5 283 283.5 284 283.5 282.5 282 282 282 282 282 282 281.5 281 282 282 282 282 281 280.5 281.5 280.5 280.5 280 280 280 280 280.5 280.5 280.5 280.5 280.5 280 280 279.5 280
283 282.5 282.5 283 285 284 284.5 284 283 283 282 281.5 280.5 280 282.5 282.5 279.5 280 282.5 284 284 284 283.5 283.5 282.5 282.5 282 281.5 282.5 283 283 283 282 282 282 282 282 282.5 283 283 283 282.5 283 283.5 282.5 284 284 284 283 282 283.5 283.5 283.5 284 284 282.5 282.5 282 282 282 282 282 282 281 281.5 282 282 282 281 280.5 280.5 280.5 280.5 281 280.5 280.5 280 280 280.5 280.5 280.5 280.5 280 280 280 279.5 279.5
284 282.5 281.5 281.5 283 284.5 283 282.5 284 283 282 281 280.5 280.5 282.5 282.5 281.5 279 279 283 283.5 284 282.5 283 283 282.5 281.5 281.5 281 282 282 283 282.5 282 282.5 282 282.5 283 283 283 283 282.5 282.5 282.5 282.5 283 285 284 283.5 283 284.5 284.5 284.5 284 284 282.5 282.5 282.5 282 282 282 282 282 282 282 282 282 281.5 281 280.5 280.5 280 280.5 281 280.5 281 280 280 280 280.5 280.5 281 280.5 280 280 279.5 279.5
283 282 281 280 281.5 284.5 284 283 283 282 280.5 279.5 279.5 279.5 281.5 281 281 279.5 276 282 283 283.5 282.5 282.5 282.5 282.5 281 281 281 281 282 282 282.5 281.5 282 282 282 283 282 282 283 282.5 281.5 281.5 282.5 283 284 285 283 284 283.5 283.5 283.5 283 283 282.5 282 282 282 282 282 282 282 282 282 282 282 281.5 281.5 280.5 280.5 280.5 280.5 281 281 280 280 280 279.5 280.5 280.5 281 281 281 280 279.5 279.5
280.5 280 280 281.5 283 284 284 284 283.5 281.5 280 280 279.5 279.5 280.5 280 277 280 280 282.5 282.5 282.5 282.5 281.5 281.5 281.5 280 280.5 281 279.5 281 282.5 282 281.5 282 282 282 282 282 282 282 282.5 282 282.5 282.5 283 284 284 284 284.5 283.5 283.5 283.5 283.5 282.5 281.5 281.5 282 282 282 282 282 282 282 282 282 282 281.5 281 280 280.5 280.5 280.5 280.5 281 280 280.5 280 280 280.5 280.5 281 281 281 281 280 279.5
280.5 282 282 283 284 284 284 283.5 283 281 279.5 279.5 279.5 278.5 278.5 277.5 274 277 278 281 282.5 282.5 281.5 280.5 280.5 280.5 280.5 280 280 280 281 281 281.5 281.5 282 282 281.5 282 282 281 281 282 282 282.5 283 283.5 283 284 284.5 284 283.5 283 283.5 282 281.5 281.5 281.5 281.5 282 282 282 282 282 281.5 281.5 282 282 281.5 281.5 280.5 280.5 281.5 280.5 280.5 281 281 280 280 280 280.5 280.5 280.5 281 281 281 280 279.5
281.5 282.5 283 283 284 283 283 283 282.5 282.5 282.5 281.5 280.5 278 277 277.5 278 277 276 279 281 281.5 281.5 280.5 280.5 280 280 280 280 280 279 279 281 281 281.5 281.5 281 281 281.5 280 281 282 282 282.5 283 283.5 282.5 283.5 284 283 283.5 283.5 283 281.5 281 281.5 281.5 281.5 281.5 281 281.5 282 281.5 281.5 281.5 281.5 282 281.5 281.5 281.5 281.5 281.5 281.5 280.5 280.5 281 281 280.5 280.5 280.5 280.5 280.5 281 281 281 280.5 279.5
282 282 283 284 284 282 282.5 282.5 282.5 282.5 282 281.5 281 281 280 279 280 280 279 278 278 279.5 281 281 280.5 280.5 281 280 280 280 280 281 281 281 281.5 281 281.5 281.5 281 280 281.5 282 282 283 283 283.5 282.5 283 283 283 282.5 282.5 282 282 281.5 281.5 281.5 281.5 281.5 281 281 281.5 282 281.5 281.5 281.5 281.5 282.5 281.5 281.5 281.5 281.5 281 281.5 280.5 281 281 281 280.5 280.5 280.5 280.5 281 281 281 280 279.5
281 282 283 283 283.5 282 281.5 281.5 281.5 282.5 280.5 280 280 280.5 280 279 280.5 280 278.5 279.5 276.5 280.5 280 280.5 280.5 280.5 281 281 279 280 281 281 281.5 281 281.5 281 280.5 281.5 282 280.5 281 282 282 283 283 282.5 283.5 283 283 282.5 282.5 283 282.5 282 282 281.5 281.5 281.5 281.5 281 281 281.5 281.5 281.5 281.5 281.5 282 282.5 281.5 281.5 281.5 281.5 281.5 281.5 281 281 281 281 281 280.5 280.5 280.5 281 281 281 280.5 280.5
281 282.5 283.5 283 282.5 282 281.5 281.5 281.5 282 281.5 281 280 280 280 281 280 279 279.5 280 279.5 280.5 280.5 280.5 280.5 281 281 281 281 281 281 281 281.5 281 281.5 281 280.5 281 282 282 282 282 283 283 283 282.5 282.5 283 283 283 282.5 282.5 283 282.5 282 281.5 281.5 282 281.5 281 281 281 281 281.5 281.5 281.5 281.5 282 281.5 281.5 281.5 281.5 281.5 281.5 281.5 281 281 281 281 281.5 281.5 281 281 281 281 280.5 280.5
283 283 283 282 282.5 281.5 280.5 281.5 281 281.5 281 281 280.5 280 280 280 280 280 279.5 280 280 280.5 280 280.5 280.5 280.5 281 281 281 281 281 281 281.5 281 281.5 281 281 280.5 281 282 282 283 283 283 283 282.5 282.5 283 283 282.5 282.5 282.5 283 282.5 282.5 281.5 281.5 281.5 281 281 281 281 281 281.5 281.5 281.5 281.5 282 281.5 281.5 281.5 281.5 281.5 281.5 281.5 282 281.5 281 281 281 281 280.5 280.5 281 281.5 281 280.5
279 280.5 281.5 281.5 282.5 280.5 279.5 281 280.5 281 281.5 281 280.5 279 279 279.5 279 280 279.5 279 279.5 279.5 279.5 280 280.5 281 281 281.5 281.5 281 281 282 282 282 281 281 281 281.5 281 282 283 283 283 282.5 282.5 282.5 282.5 282.5 282 282 282.5 283 283 283 282.5 281.5 281.5 281.5 281 281 281 281 281 281 281 281 282 282 282.5 282 281.5 282.5 282.5 282 281.5 282 282 282 281 281 281 280.5 280.5 281 281.5 281.5 281.5
279.5 279.5 280.5 281.5 281 278.5 276.5 279.5 280.5 279.5 280.5 281 280 279 278 278.5 279 280 280 279 279.5 279.5 278.5 279.5 280.5 281 281.5 281.5 281 280.5 281 281 281.5 281.5 282 281.5 281.5 281.5 282 282 282 282 283 283 282.5 282.5 282.5 282.5 282 282.5 282.5 283.5 283.5 283.5 283 281.5 281.5 281.5 281.5 281 281 281 281 281 281 281 281.5 282 282 282.5 281.5 281.5 282.5 282.5 282.5 282.5 282.5 282 281 281 281 280 280 280.5 281 281 281.5
278.5 278.5 280.5 279.5 280.5 278.5 276.5 279 279.5 279 279.5 281 280 279 278 279 280 280 280 280 280 280 280 280.5 280.5 280.5 281 281 281 280.5 281 281 281 281 281.5 281.5 281 281.5 282 282 281 282 282.5 282.5 283.5 282.5 282.5 283 282 281.5 282 282 283 283 283 281 281.5 281.5 281.5 281 281 281 281 281.5 281.5 281 282 281.5 281.5 281.5 281.5 281.5 281.5 282 281.5 281.5 282 282.5 281.5 281.5 281 281 280 280.5 280.5 280 281
277.5 278.5 279 277.5 280 278 274 276.5 277 279 279 280 280 279 279 279.5 279 279 280 280 280 280.5 280.5 280.5 280.5 280.5 280.5 281 280.5 280 281 281 281 280.5 281.5 281 280.5 281 281.5 281.5 282 282 282.5 282.5 283 282.5 283 283 282 281.5 281.5 282 283 283 283 282 282 282 281.5 280.5 281 281.5 282 282 282 282 282 282 282 282 281.5 281.5 282 282.5 282 281.5 281.5 282.5 282 282 281.5 281 280.5 280.5 280.5 280 280.5
276.5 277.5 278 273.5 276.5 279 276.5 276.5 278.5 279 279 280 280 279.5 279 279 278.5 279 279 279.5 279.5 279.5 279.5 279.5 280 280.5 280 280 280 280 281 281.5 281.5 281.5 282.5 281 281 281 282 282 282 282.5 282.5 282.5 282.5 283 283 282 282 282 281 282 282 283 283 283 282 282 282 282.5 282.5 282.5 282 282.5 282.5 283 283 283 282 282.5 282.5 282.5 282.5 282.5 282.5 282 282 282.5 282.5 282.5 282.5 282 281.5 281 280.5 281 281
276.5 276.5 277.5 276.5 276 280 279.5 279 278 279 278 280 280 280 279 278 278.5 278.5 279.5 279.5 279.5 280 279 279.5 279.5 280 280 279.5 280 281 281 280.5 281.5 281.5 282.5 281 281 282 282 282 282.5 282.5 283.5 283.5 282.5 283 283 283 282 282 281 282 282 282.5 283.5 283.5 282.5 282.5 282 283 283 283 282.5 282.5 282.5 283.5 283.5 283 282.5 282 283 283 282.5 282.5 282.5 282.5 282.5 282.5 282 282 282 282.5 282 281.5 281.5 281.5 281.5
276.5 276.5 276.5 276 276 277 280 278 277 278 279 280 280 281 279.5 277 279 278.5 279.5 279.5 279.5 279.5 279.5 279.5 279.5 279.5 279 279.5 280 280.5 280.5 280.5 281.5 282 282 282 282 281.5 281.5 282 282.5 282.5 283.5 283 282.5 283 283 282.5 282.5 282 281.5 281.5 282.5 282.5 282.5 283.5 283.5 282.5 283 283 283 283 283 283 283.5 283 283 283.5 283 283 283 283 283 282.5 282.5 282.5 282.5 282.5 282 282 282 282 282 281.5 281.5 281 281
275.5 276.5 275.5 275 275.5 275 278 279 278 278 279 279.5 280 280.5 280 276.5 279 279.5 279.5 279.5 279.5 279 279 280 280 279 279 280 280 280 280.5 280.5 281.5 281 281.5 281.5 282 282 282 282 282.5 282.5 282.5 283 283 283 283 282.5 283 283 282.5 282 282.5 282.5 283 283.5 283.5 283.5 283.5 283.5 283.5 283.5 283.5 283 283 283 283 283.5 283.5 283 283 283 282 282 282.5 282.5 282.5 282.5 282.5 282 282 282 282 281.5 281.5 281 281
275 276 275 275 275 273 277 279 278 278 279 279 280 280.5 280.5 278 277.5 279.5 279 279 279 278.5 279 280 280 279 279 280 280 280.5 280.5 280.5 281.5 282 282 282 281.5 282 281.5 282.5 282 281.5 282.5 282.5 282.5 283 283 282.5 282.5 283 282 282.5 282.5 283.5 283.5 283.5 283.5 283.5 283.5 283.5 283.5 283.5 283.5 283 283 283 283 283.5 283.5 283.5 283 282.5 282 281 282 282.5 282.5 282.5 282.5 282.5 282 282 282 282.5 282.5 281 281.5
275 277 275.5 275 273 271 274.5 278 277.5 278 279 279 278 279.5 280.5 280.5 279.5 279.5 279.5 279 279 276.5 278 280 280 280 280 280 280 280.5 280.5 280.5 281.5 282 282 281.5 282 282 282 282 282 282.5 282.5 282.5 282.5 282 282.5 283 282 283 282.5 282.5 283 283.5 283 282.5 282.5 283.5 283 282.5 282.5 282.5 283 283 283 283 283 283 283 283 282.5 282.5 282.5 282 282 283 283 282.5 282.5 282.5 282.5 282 282 282 282 282 281
276.5 277.5 278 274 272 272 272.5 277 278 277.5 279 279 279.5 279 280 280.5 280.5 280 279.5 279 279 279 275 278 280 280 280 280.5 281 281 281.5 281.5 281.5 282 282 281.5 282 281.5 282 282 282 282 282.5 282.5 282 282 283 283 283 283 282.5 283 283.5 282.5 282 282.5 283 282.5 283 282.5 282.5 282.5 282.5 282.5 283 283 282 282 282 282 282.5 283 283.5 282.5 283 283 283 282.5 282.5 282.5 282.5 282.5 282 282 281.5 281 280.5
278 278 278.5 276 276 274.5 273 275.5 278 278 279 279 279.5 280 280.5 280.5 280.5 280.5 280 279.5 279 279 279 280 280.5 280 279.5 280 280.5 280.5 281.5 281.5 281.5 281.5 281.5 281 281.5 282 282 282 282 281.5 281 281.5 280 282 282.5 282.5 282.5 283.5 283.5 283 282.5 282 282.5 283 282 282 283 282.5 282.5 282.5 282.5 282.5 282.5 283 282.5 283 282.5 283 283 283 283.5 283.5 282.5 282.5 282 282 282.5 282.5 282.5 281.5 281.5 281 281 280 280
277 278 279 277.5 278 278.5 276.5 277 278 279 279 279 279 279.5 280.5 280.5 281 280.5 280 280 279 280 281 281 281 280 280 279.5 280 281 281 280 280.5 280.5 280.5 281 281 281.5 282 281 281.5 281.5 280.5 281.5 278 281.5 283 283.5 283.5 283.5 282.5 282 282.5 283 282 282 283 282.5 282.5 282.5 282.5 282.5 282.5 282.5 282.5 282.5 283 283.5 283.5 283.5 283.5 283.5 284 283 282.5 282.5 282.5 283 282.5 282 281.5 281.5 280.5 280 280 280.5 280.5
277 278 277 273 279 279 277.5 276 278.5 279 279 279 279 279.5 280.5 280.5 281 280.5 280 280 279.5 280 281 281 280 280 280 280.5 281 281.5 281 281 280 281 281 280.5 281 281 281 281 281.5 279.5 282 283 282.5 283.5 283.5 283 282.5 282.5 282 282 282 282 281.5 281 282 283 283 282 282.5 282.5 283.5 283 283.5 283.5 283 283.5 283.5 283.5 283.5 283.5 283.5 283 283 282.5 282.5 282.5 282 282 281.5 280.5 280.5 280.5 281 280 280
277.5 276 275 272.5 278 279 279 278 277.5 278 277.5 278 278 278.5 279.5 279.5 280.5 280.5 280.5 280.5 280.5 280 281 281 280.5 280.5 280.5 281 281 281.5 281 281 281 281 281 281.5 281 281 281.5 282 281.5 282.5 282.5 283 283 283.5 283 282 282.5 281.5 282 282 282 281.5 281.5 280.5 281 282.5 282.5 282.5 282.5 282.5 282.5 282.5 283 282.5 283 283 283 283.5 283.5 283.5 283 283 282.5 282.5 282.5 282.5 282 281 280.5 280.5 281 280.5 280.5 279.5 279.5
277 277 275 276 278.5 280 279 278 278 278 278 278 278 278.5 278.5 279.5 280.5 281 280.5 281 281 280.5 281 281 281 281 280.5 281 281 281.5 281 281 281 281 281.5 281.5 281.5 281 281.5 281.5 282 282.5 282.5 283 282.5 282.5 282.5 282 282 282 282 281.5 281.5 281 280 281 281.5 281.5 282.5 282.5 282 281.5 281.5 282 283 282.5 282 282 283 283 283 283 283 282.5 282.5 282.5 282.5 281.5 281 281 280.5 280.5 280 280.5 280.5 279.5 279.5
276 276.5 277 278.5 279 280 278.5 278 279 279 279 279 278.5 279 278.5 279.5 280.5 280.5 281 281 281.5 281 281 281 281 281 281 280.5 280.5 281.5 281 281 281 281 281.5 281.5 282 282 282 281.5 281.5 282.5 283 282.5 282 282.5 282.5 282 282 281.5 281 281 281 280.5 280.5 281.5 281 281.5 282.5 282.5 281.5 281.5 282 282 282 282 281.5 282 282 282.5 282.5 283 282.5 282.5 282.5 282.5 281.5 281 280.5 280 280.5 280 280.5 280.5 280 279.5 280
275 275.5 277 279 280 280 279 279 279 278 278 279.5 279.5 279 279.5 279.5 279.5 280.5 281.5 281.5 281.5 281 281 281 281 281 280.5 279.5 280.5 281 282 281 281 281 281 281 281 282 282.5 282.5 282.5 282.5 282 281.5 281.5 282 282 282 282 281 281 280.5 280 280.5 280.5 281.5 280.5 281 282 282 281.5 281 281 282 281.5 282 281 281.5 282 282 282 283 282.5 282.5 282 281.5 281.5 280.5 280 280 280 279.5 280.5 279.5 280 280 280.5
274 273 273 277.5 279 280 280 280 279 276 275 279 280 279.5 279.5 280.5 280.5 280.5 281.5 281.5 281.5 281.5 281.5 281.5 281 281.5 281 280.5 280.5 281.5 282 282 282 282 282 282 281.5 282 282.5 282.5 281.5 281.5 281.5 281.5 282 282 282 282 282 281 279.5 279.5 279.5 279.5 281 281 281 281 282 281 281 281 281 281.5 282 282.5 281.5 281.5 281.5 281.5 282 282.5 282.5 282 281.5 281 280.5 280 280 280 280 280 280 280.5 280.5 280.5 280.5
275 274 274 277 279 280 280 280 280 279 278 280 280.5 280 280.5 280.5 280.5 280.5 281.5 281.5 281.5 282 282 282 281 281 281 280 281.5 282.5 282 282 282 282 282 282.5 282.5 282.5 282.5 282.5 281.5 281 281 281.5 281.5 282 281 281 282 281 280 279.5 279 279.5 280.5 281 281 281.5 281 281 281 281 281 282 281.5 281.5 281.5 280.5 281.5 281.5 282.5 282.5 281.5 281.5 281.5 280.5 280 279 279 278 280 280 279.5 280 280.5 280.5 280.5
273 272 273 276 280 280 280 280 280 280.5 281 280.5 281 280.5 281 281.5 281.5 281.5 281.5 282 282 282 282 282 281.5 281 281 281.5 282 282.5 281.5 282 282 281.5 282 281.5 282 282 281.5 281.5 281.5 280.5 281 281 281 281 281 281 282 281.5 280.5 280.5 280.5 280.5 281 281 281 281 281 280 279 280 281.5 281.5 281.5 280.5 281.5 280.5 281.5 281.5 281.5 281.5 281.5 280.5 280.5 280.5 280 279 278.5 279 279.5 279.5 279.5 279.5 280.5 280 279.5
274 273 274.5 278.5 279.5 280 280 280 281 281 281 281 281 281 281 281.5 281.5 281.5 281.5 282 281.5 282 282 282 282 282 281 282 283 282 281.5 282.5 282 281.5 282 281 282 281.5 281.5 280 278 280.5 280.5 281 281.5 281 280.5 279.5 281.5 281 280 280 280.5 280.5 281 281 280 280 281 280 280.5 281 282 281 281 281 280.5 281.5 281.5 281.5 281.5 281.5 281 281 280 279.5 278 278 278 279 278.5 278.5 279.5 280 280.5 279.5 279.5
