ecocropFuture/tif/c6/rcp585/ACCESS-CM2/tmean_11.asc
ncols        683
nrows        518
xllcorner    -87.691666666667
yllcorner    10.708333333333
cellsize     0.008333333333
NODATA_value  nan
[rows 152 to 189 of 518, columns 344 to 429 of 683]
264.5 264 265 265 264 261.5 260.5 258.5 257 253.5 250.5 255 258 258 260 261 259.5 257.5 255.5 252 250 256 257.5 257 253.5 258 259.5 259.5 260.5 260.5 260 259.5 259 260.5 262 263.5 262.5 260 259.5 259 261 262 264 265 265.5 265.5 267 267 265.5 267 268 267.5 265.5 265 265 266 268 268 268 268 267 268 268 268 267.5 268.5 267.5 267.5 267.5 268 267.5 268 268 268 268 267.5 268 268 268.5 268.5 268.5 268.5 268.5 268.5 269 269
265.5 265 265 264 263.5 261.5 260.5 259 257 250.5 253.5 259.5 260 260 258.5 261.5 262 261 259.5 257.5 255.5 256 259 260 261.5 262.5 263.5 262.5 262 261.5 260 260 259 262 262 262 263.5 263.5 263.5 263.5 263 264 265 266 267 267.5 267.5 265.5 267 268 267.5 266.5 266.5 266.5 266 265 268 268 269 268 268 268 269 268.5 268.5 268.5 268.5 267.5 267.5 267.5 267.5 268 268 268 268 268 268 268 268.5 268.5 268.5 268.5 269 269 269 269.5
264.5 265 266 263.5 262.5 262.5 260.5 261.5 259.5 254.5 256.5 261 261.5 261.5 260 263 263 261 258 257.5 254.5 252 255 259.5 262 264 265 265 263 263 261 259 262 262 262.5 260 263 265.5 264.5 264 263.5 264 264 265 266 267 266.5 263.5 263 267 268 266.5 266.5 267.5 267.5 266 268 268 268 268 268 268.5 269 268.5 268 268.5 268.5 268 267.5 268 267.5 268 268 268 268 268 268 268 268.5 268.5 268.5 269 269 269 269.5 270
265.5 265.5 265 264 261.5 263 261.5 262.5 262 261 258.5 260.5 260.5 261.5 263.5 263.5 263.5 261.5 259 259 257.5 253.5 254 259.5 261.5 263.5 264.5 266 265 262.5 264 263 261.5 262 263 262 262.5 264.5 266.5 266 265.5 266.5 265.5 266.5 265.5 266 266 266 266.5 267 267 268 267.5 268 268 268 269 269 268 268.5 268 269 268.5 268.5 268 268 268.5 268.5 268 268 268.5 268.5 268.5 268 268 268 268 268 268 268 269 269 269 269 269.5 270
265.5 265 265 264 264 264.5 263.5 263 260 260 260.5 259.5 259.5 257.5 260.5 264.5 264.5 261.5 260.5 261 263 262.5 260.5 262.5 265.5 264.5 265.5 265.5 266 265.5 265 264 263 263 264 263.5 263.5 265.5 266.5 267.5 266.5 266.5 266.5 267.5 267.5 267 264 265 267 267 266.5 267 268.5 268.5 268.5 269 268.5 268 268.5 268.5 268 268 268.5 268.5 268 268 268 268.5 268.5 268 268 268 268.5 268 268 268 268 268 268 268.5 268.5 269 269 269.5 269.5 270.5
266 264.5 265 265 265 265 264.5 263.5 262.5 262 262 259.5 260.5 258.5 261.5 264.5 263.5 259.5 259 262 264 265 265 264.5 266 266.5 266.5 266 266.5 266.5 265.5 263.5 266 264 265.5 266 266 267 267.5 268 268 267.5 267.5 268 268.5 267.5 267 266 267 268 266 266.5 268.5 268.5 268.5 268.5 268 268 269 268 268 268 268.5 268.5 267.5 268 268 268.5 268.5 268.5 268 268 268 268.5 268 268 268 268 268 269 268 268.5 269 269 269.5 270
266 264 265 266 266 265.5 264.5 263.5 264 264 264 262 261.5 260.5 263.5 265 263.5 261.5 260.5 260.5 263 265.5 266 266.5 267 267 267 267 266.5 267.5 267.5 267 266.5 266.5 265.5 266 266 265 265 267 268 268.5 267 268.5 268.5 268.5 268.5 268 267.5 268 267.5 267.5 268.5 268.5 268.5 268 268 268 268.5 268.5 268.5 267.5 268 267.5 267.5 267.5 267.5 268 268.5 268.5 268 268 267.5 267.5 268 268 268 268 268 268 268 268 269 269 269 269.5
266 265 266 266 266 266 264.5 262.5 261.5 265 265 265 264.5 265 265 265 264.5 261.5 262 264 261 263 265 267 267 267.5 267 267.5 267.5 267 268 268 268 267.5 266.5 266.5 267 266.5 266 267 268.5 269 268.5 268.5 268.5 269 269 268.5 268.5 268.5 268 268 268 268 268 268.5 268 268 268 267.5 268.5 267.5 268 267.5 267.5 267.5 267.5 267.5 268 268 268 267.5 268 268.5 268 268 268 268 268 268 268 268 268.5 269 269 269
267 266 266 266 266.5 266 265.5 263.5 262.5 263 265 265.5 265.5 265.5 265.5 265 264.5 264.5 265.5 265.5 261 260 265 267 267.5 267.5 267.5 268 267.5 267.5 268 268 268 268.5 268.5 268.5 268.5 268.5 268.5 268.5 269 269 269 268 268.5 269 269 268.5 268.5 268 268 268 268 268.5 268 268.5 268 268 268.5 268.5 268 268.5 268 268 268 268 267.5 267.5 267.5 267.5 267.5 266.5 268.5 268 268.5 268.5 268 268 267.5 268 268 268 268 268.5 269 269
266 266 266 266 266.5 266 266 265.5 265.5 263 265 266 266 265.5 265.5 266 265.5 265.5 265.5 266 265.5 265 267 266.5 267.5 267.5 267.5 268 267.5 267.5 268.5 266 267 268 269 269 269 269 269 269 269 269 269 269 269 269 269 269 268.5 268.5 268 268 268.5 268.5 268.5 268.5 268.5 268.5 268.5 268 267.5 267.5 268 268.5 268 268 267.5 267.5 267.5 267.5 266.5 267.5 267.5 268.5 268.5 268.5 268 268 267 268 268 268 268 268 268 268
265 265 266.5 266 266.5 266.5 266.5 266.5 265.5 263.5 265 266 266 266 266 266.5 266.5 265.5 265.5 266.5 266 266 266 266 267.5 268.5 268.5 268.5 268.5 268.5 268.5 268 268 268.5 269 269 268.5 267 263.5 269 269 269 269 269 269 269.5 269.5 269 269 268.5 268.5 268 268.5 268.5 268.5 268.5 268.5 268 268.5 268 267.5 267.5 268 268 267.5 268 267.5 267.5 267.5 267.5 267 267.5 268.5 267.5 267.5 267.5 268 267.5 267 267 268 268 268 268 268 268
266 265.5 267 267 265.5 266 266.5 266.5 265.5 265 265.5 265.5 265 263.5 265.5 266 264.5 264.5 265.5 265 265.5 266 265 265.5 267.5 267.5 263.5 268 268.5 267.5 268.5 268.5 268.5 269 269 268.5 268.5 268.5 268.5 269 269 269 269 269 269 269 269 269 268.5 268.5 268 267 268.5 268.5 268.5 268.5 268.5 268.5 268 267.5 267.5 267.5 267.5 267.5 267.5 267.5 267.5 267.5 267.5 267.5 267.5 267.5 267.5 267.5 267.5 268 267.5 267 267 267.5 268 268 268 268 268 268
265 266 266.5 267 266.5 267 267 265.5 266.5 267 266.5 264 262 260 263.5 265.5 265.5 265 264.5 261 261 265 265 264.5 265.5 265.5 265.5 265.5 267.5 268.5 268.5 268.5 268.5 267.5 268 268.5 268.5 269.5 269 268.5 269 269 269 269 269 269 269 268.5 268.5 268.5 267.5 267 266.5 267 267.5 268 267.5 268 268 267.5 267.5 267.5 267.5 267.5 267.5 267 267.5 267.5 267.5 267.5 267.5 267.5 267.5 267.5 267 267 267 267 267 267.5 268 268 268 268 268 268
265.5 265.5 266.5 266.5 266.5 267 267.5 267 267.5 267 266.5 264.5 262 261 261.5 263 266 263 263 262 259 261 258.5 262 265.5 265.5 264.5 264.5 265.5 268.5 268.5 268.5 268.5 268.5 268.5 268.5 269 269.5 269.5 269 269 269 269 269 269 269 269 268.5 268.5 267.5 267.5 267 265 266 267.5 268 268 268 268 267.5 267 267.5 267.5 267.5 267.5 267.5 267.5 267 267.5 267.5 267.5 267.5 267.5 266.5 266.5 266 267 267 267 268 268 268 268 268 268 268
265.5 263.5 265 266 266.5 266 266.5 267.5 266.5 264.5 266.5 267 265 261.5 259.5 263 265.5 266 261 255.5 257 255 251.5 258 264 266.5 266.5 265.5 264.5 266.5 267.5 268.5 269 268.5 269 269 268.5 268.5 269.5 269 269 269 269 269 269 269 268.5 268.5 267.5 267.5 267 266.5 265 264.5 266.5 267.5 267.5 267 267 266.5 266.5 267.5 267.5 267.5 267.5 267.5 267.5 267 267.5 268 267.5 267.5 267 266 266 266 267 267 267.5 268 268 268 268 268 268 268
265.5 261.5 262.5 265 266.5 265.5 266 267 266.5 265.5 265 267 267 265.5 261.5 262 264 266 266 263.5 257 256 254.5 261 264 265 265 266.5 266 267 267.5 268.5 269 269 269 269 268.5 269 269 269.5 269 269 269 269 269 269 268.5 268.5 267.5 267.5 267 267 265.5 264.5 265.5 266.5 267 267 267 266 266.5 267.5 267.5 267.5 267.5 267.5 267.5 267.5 267.5 268 268 267.5 267 266 266 266 266.5 267 267 268 268 268.5 268 268 268 268
264.5 260.5 262.5 264 266.5 265 266 265.5 266 266.5 264.5 264 265 267 264.5 265.5 265 265 266 267 265.5 260 252.5 261 263 262.5 262 263.5 264 267.5 268 269 269 269 268 268 268 267.5 268.5 269.5 269.5 269 269 269 269 269 268.5 268.5 268 267.5 268 267 265.5 264.5 265.5 265.5 267 267 267 266.5 266.5 267 267.5 267.5 267.5 267.5 267.5 267.5 268 268 268 267.5 267.5 266.5 266 266 266.5 267 267 267 268 268 268 268 268 268
264.5 263.5 261.5 265.5 266.5 266.5 265 260.5 263.5 264.5 265 263.5 264 266 267 267 265.5 264 265.5 267 266 259.5 260 264 264.5 262 262 261 261 263 265 268 269 269 268 268 266.5 266.5 268.5 268.5 269 269 268 269 269 269 268.5 268.5 268.5 268 268 267 266.5 265.5 265.5 266.5 266.5 267 267 266.5 266.5 267.5 267.5 267.5 267 267.5 267.5 267.5 268 268 268 267.5 267.5 267 266.5 266 266.5 266.5 267 267 268 268 268 268 268.5 268.5
267.5 265.5 264.5 266 267 267 265.5 262.5 264.5 264.5 266 266 265 266 267 267.5 264.5 263 265 267 267 266 266 266.5 264 261.5 263 262.5 262.5 261.5 263 267 268 268.5 268.5 268.5 268.5 268 268.5 268.5 268.5 269 269 269 269 269 268.5 268.5 268.5 268 268 267.5 267 266 266 266.5 266 267 267 266.5 266.5 267 267 267 267 267 267.5 267.5 268 268 268 267.5 267 267 266.5 266 266.5 266.5 267 267 267.5 268 268 268 268.5 268.5
266.5 267.5 266.5 267.5 267.5 267 265.5 264.5 262.5 264.5 264 265 266 267 267 267.5 266.5 266.5 266 266 267.5 267 267 266.5 262.5 260.5 261.5 264.5 263.5 264.5 265 266 268 268 268.5 268.5 268.5 268.5 268.5 268.5 268.5 268.5 269 268.5 269 269 267.5 268.5 268 268 268 267.5 267 266.5 266.5 267 266 267 267 266 266 266.5 267 266.5 267 267 267.5 267.5 267.5 267.5 267.5 267.5 267.5 267 267 266.5 266.5 266.5 267 267 267 268 268 268.5 268.5 268.5
265.5 266.5 267.5 268 267.5 267.5 266.5 266.5 264.5 263.5 264 263 265 267 267 266.5 267.5 267.5 267 266.5 268 267.5 266 266.5 264.5 261.5 262.5 264.5 265.5 266.5 267.5 267.5 268.5 267.5 267.5 269 268.5 269 268.5 268.5 268.5 268.5 269 269 269 269 268 268.5 268.5 268 268 268 267.5 266.5 267 267 267 266 266 266 266 266 266.5 266.5 266.5 267 267 267 267.5 267.5 267.5 267 267.5 267 267 266.5 266.5 267 267.5 267.5 268 268 268 268.5 268.5 268.5
266.5 265.5 267 267.5 267.5 267.5 266.5 266.5 265.5 264.5 264 265 265 265.5 266.5 266.5 266 266.5 267.5 267.5 268 268 266 265.5 265.5 264.5 262.5 260.5 264.5 266.5 266.5 266.5 267.5 267.5 268.5 269 269 269 268.5 268.5 268.5 268.5 269 269 269 269 268.5 268.5 268 268 268 267.5 267.5 267 267 267.5 267 266 265.5 265.5 266 266 266.5 266.5 266.5 267 267 267 266.5 266.5 267 267.5 267.5 267 267 266.5 266.5 267 267 268 268 268 268 268.5 268.5 268.5
266.5 266.5 266.5 267.5 267.5 267.5 267.5 265.5 263.5 262.5 262 264 264.5 263.5 265 265.5 266.5 267.5 267.5 267.5 267 267 267 266 266 265 261.5 262.5 263.5 266.5 266.5 266.5 267.5 267.5 268 268.5 268.5 269 269 268.5 268.5 269 269 269 269 268.5 268.5 268.5 268 268 268 267.5 267.5 267.5 267 268 267.5 266.5 266 265.5 265.5 266 266.5 267.5 267 267.5 267.5 266.5 266.5 267 267 267 267 268 267 267 266.5 267 268 268 268 268 268.5 268.5 268.5 268.5
266.5 266.5 266.5 267.5 267.5 267.5 266.5 264.5 262.5 261 263 263 263 262.5 263 263.5 265.5 266.5 267.5 267 266.5 267 267 265 264 264.5 261 260.5 263 266.5 267 267.5 268.5 268 267 268 268 268.5 268.5 268.5 268.5 268.5 268 268.5 268.5 268.5 268.5 268.5 268 268 268 267.5 268 268 267 267 268 267 266.5 265.5 266 265.5 266.5 267 267.5 267.5 267.5 267.5 266.5 267 267 266.5 267 267.5 267.5 267 267 267 267 267.5 268 268 268.5 268.5 268.5 269
265.5 267 266.5 267.5 267.5 267.5 266.5 264 259 260.5 262 263 262 261 258.5 261.5 260.5 259.5 263 267 267 267.5 268 265.5 264 264 265 265.5 266.5 267 267.5 267.5 267.5 268.5 268 268 267.5 268 268 268 268.5 268.5 268.5 268.5 268.5 268.5 268.5 268 268 268 268.5 268 267.5 268 267 268 268 267.5 267 265.5 266.5 266.5 266.5 266.5 267.5 268 268 267.5 267.5 267 267 266.5 267 267 267 267.5 267 267 267.5 267.5 268 268 268.5 268.5 268.5 268.5
265.5 266.5 267.5 267.5 267.5 267.5 266.5 266.5 263 261 263 264 262 259 253.5 259 255.5 256 260.5 261.5 265.5 267.5 267.5 266.5 267 267 267 267 266.5 267.5 268 268.5 268.5 268 267.5 267 268 268 268 267.5 268.5 268.5 268.5 268.5 268.5 268.5 268 268 268.5 268 268 268 268 268 267 268 268 268 267 266.5 266.5 267 267 267 267.5 268 268 268 267.5 267.5 267.5 267 267 267 267 267 268 268 267.5 267.5 268.5 268.5 268.5 268.5 268.5 268.5
267 267.5 267.5 267.5 267.5 267.5 266.5 265.5 263.5 262.5 263 265 263.5 262 259.5 258.5 257.5 256 257.5 262.5 264.5 264.5 267 267.5 267 267.5 267 267.5 267.5 267.5 266.5 268 268.5 268.5 267.5 267.5 267.5 268 268 268.5 268 268 268 268.5 268.5 268.5 268 268 268.5 268.5 268 268 268 268 266.5 266.5 267.5 267.5 267.5 266.5 266.5 267 267 267 267 267.5 268 267.5 267.5 267.5 267.5 267.5 267.5 267 267 267 268 267.5 268 267.5 268 268.5 268.5 268.5 268.5 268.5
267.5 267 267 267.5 267.5 267.5 266 264.5 263.5 264.5 265 265 262.5 258 258.5 262.5 263.5 261.5 261 264.5 265 265 265.5 266 267 267.5 267.5 267 267 267 267.5 268 267.5 268 268.5 267.5 267.5 267.5 268.5 268.5 268 268 268 268.5 268.5 268 268 268 268 268.5 268.5 268 268 268 267.5 266.5 267.5 267.5 267.5 266.5 266.5 266.5 267 267 267 267 267.5 267.5 267.5 267.5 267.5 267.5 267.5 267.5 267.5 268 268 268 268 268 268 268 268 268 268 268
266 267.5 267.5 267.5 267.5 267.5 265.5 264.5 265.5 265 261 264 264 258 256.5 262.5 264.5 264.5 262 263.5 262 262 265 266 266.5 267.5 267.5 267.5 267.5 267.5 267.5 266.5 266 267.5 268 268 268.5 268 268.5 268 268 268 268.5 268.5 268 268 268 267.5 267.5 268 268 268 268 268 267.5 266.5 267 267.5 267.5 267.5 267.5 267 267 267 266.5 267 267.5 267.5 267.5 267.5 268 267.5 267.5 268 268 268 268 268 268 268 268 268 268 268 268 268
266 267 268 268 268 266.5 265.5 264 264 265 263 261 263.5 264 262.5 264 265.5 263.5 262.5 263 264 264 265 265.5 265.5 266.5 266.5 267.5 267.5 267.5 267.5 267 267 267.5 267.5 268 268 268 268 267.5 268 268.5 268.5 267.5 267.5 268 267.5 267.5 267.5 267.5 268 268 268 268 267.5 267 267 267.5 267.5 267.5 267.5 267 267.5 267 267.5 267 267.5 267.5 268 267.5 267.5 268 268 268 268 268 268 268 268 268 268 268 268 268 268 268.5
266.5 267.5 267.5 268 267.5 265.5 266.5 264.5 261.5 262 263 262 261.5 266 266.5 266 266 262.5 261 264 264 263 263.5 264.5 266 266 266.5 267 267.5 267 267 267 267 267 267 267 267.5 267.5 267.5 267.5 268.5 268.5 268 268 267.5 267.5 267.5 267.5 267.5 267.5 267.5 267.5 267.5 267.5 267.5 267.5 267.5 267.5 267.5 267.5 267.5 267 267 267 267 267 267 267.5 268 268 268 268 268 268 267.5 268 268 268 268 268 268 267.5 267.5 267.5 267.5 268
266.5 267.5 267 268 267 264.5 265.5 263 261.5 264 262 263.5 264 265 264 266.5 266.5 265.5 264.5 265 262.5 262.5 262.5 265.5 265.5 266 265 266.5 267 267 266.5 267 267 267 267 267.5 267.5 265.5 267 268 268.5 268 267.5 267.5 268 267.5 267.5 267.5 267.5 267.5 267.5 267.5 267.5 267.5 267.5 267.5 267.5 267.5 267.5 267 267.5 267 267 267 267 267 267 267 268 268 268.5 268 268.5 268.5 268 268.5 268 268 268 268 267.5 267.5 267.5 267.5 267.5 267.5
266.5 267.5 267 267 267.5 265.5 266 264.5 265 264 264 265 263.5 263 263 266.5 267 264.5 265.5 264 258 261.5 264.5 264.5 264.5 265.5 264 265.5 265.5 266.5 266.5 267 267 267 267 267 267.5 266.5 265.5 266.5 267.5 268 268 268 267 267.5 267.5 267.5 267.5 267.5 267.5 267.5 267.5 268 267.5 267.5 267.5 267.5 267.5 267.5 267.5 267.5 267 267 267 267 267 267 267.5 267.5 268.5 268.5 268.5 268.5 268.5 268.5 268.5 268.5 268 268 268 268 268 268 267.5 267.5
267.5 267.5 267 267 268 267.5 266.5 265 266 265.5 266 265 262 263.5 266 266.5 266.5 265.5 265.5 264 262 261.5 262.5 263.5 262.5 264.5 264.5 265.5 265.5 266.5 267 267 267 267 267 267 267 267.5 267 266.5 267.5 267.5 268 268 268 267.5 267.5 267.5 267.5 267.5 267.5 267.5 267.5 268 267.5 267 267.5 267.5 267.5 267.5 267.5 267.5 267 267 267 267 267 267 267.5 267.5 268.5 268.5 268 268.5 268.5 269 269 268.5 268.5 268.5 267.5 268 268 268 268 268
267.5 267.5 267 267.5 267.5 265.5 267.5 266 267 266.5 267 266.5 265 265.5 266 267 266.5 265.5 266 265 265 261.5 260 262.5 263.5 264.5 264.5 265.5 266.5 266.5 266.5 267 267 267 267 267 267.5 267.5 267.5 267.5 267 267 268 268 268 267.5 267.5 267.5 267.5 267.5 267.5 267.5 268 268 267.5 266.5 266.5 266.5 267 267 267 267.5 267 267 267 267 267 267.5 267.5 267.5 268 268 268 268 269 269 269 269 269 268 268 268 268.5 268.5 268.5 268
267.5 267.5 267 268 267.5 265 266.5 267.5 267.5 267 267 267 266 265 265.5 266.5 267 266.5 265.5 265.5 265 265 264 263.5 263.5 262.5 262.5 265.5 266.5 266.5 266.5 267.5 267 267 267 267 267.5 267.5 268 268 267.5 267 267 267.5 267.5 267.5 267.5 267.5 267.5 267 267.5 267.5 267.5 267 266.5 266.5 266.5 266.5 266.5 266.5 267 267 267 267 267 267.5 267.5 267.5 267.5 268 268 268 268 268 268.5 268.5 268.5 269 269 269 268.5 268 268 268 268.5 268.5
267.5 267.5 268 268 265.5 264.5 264.5 266 268 267 267 267 266 266 266.5 267 267.5 266.5 264.5 266 266 266 264 265 264.5 264.5 262.5 264.5 266.5 266.5 266.5 266.5 266.5 267 267 267 267 267.5 267.5 268 268 268 267.5 267.5 267.5 267.5 267.5 267.5 267.5 267 267.5 267.5 267.5 267 266.5 266.5 266.5 266.5 266.5 266.5 267 267.5 267.5 267 267 267.5 267.5 267.5 267.5 267.5 268 268 268.5 268.5 268.5 269 269.5 269.5 269 269 269.5 268.5 268.5 268.5 268.5 268.5
267 267 267.5 267.5 266.5 263.5 264.5 266 267.5 267 267 267 267 266.5 266.5 266.5 266.5 267 265.5 265.5 266.5 266 266 265 265 264.5 265.5 264.5 266.5 265.5 266.5 266.5 267 266.5 267 267 267.5 267.5 267.5 267.5 268 268 267.5 267.5 267.5 267.5 267.5 267.5 267.5 267.5 267.5 267.5 268 268 267 266.5 266.5 266.5 266.5 266.5 266.5 266.5 266.5 267 267 267.5 267.5 267.5 267.5 267.5 268 268 268.5 268.5 268.5 269 269 269 269 268.5 269 268.5 268.5 268.5 268.5 268
