ecocropFuture/tif/c6/rcp585/ACCESS-CM2/tmean_9.asc
ncols        683
nrows        518
xllcorner    -87.691666666667
yllcorner    10.708333333333
cellsize     0.008333333333
NODATA_value  nan
[rows 114 to 151 of 518, columns 344 to 429 of 683]
266 266 264 258.5 254 257 263 260 255.5 257 263.5 267.5 268 268 269.5 270.5 269 268.5 266.5 268 270.5 271 271.5 271.5 269 266.5 262.5 262.5 265 266 269.5 267.5 265.5 263.5 257.5 251 246 251 259 266 268 266 268 271 272 272 273 272 272 272 271.5 271 271.5 269.5 269.5 268.5 268 269 269.5 268.5 271.5 270.5 269.5 270.5 270 272 272 270.5 272.5 273 273 273.5 273 273 273 273 273.5 273 274 273.5 273 273 273 273 273.5 273.5
265 264.5 260 251.5 245.5 250.5 259.5 255.5 248.5 252.5 260.5 265.5 266.5 268 268.5 269.5 263.5 262.5 258.5 264 268 266.5 270 270.5 269 268.5 268.5 266 264 264 268 263 264.5 260 252.5 256 252 256 266 268 269 269 269 271 272 272 272 272 272 272 271.5 272 271.5 271.5 269 269 268 269 271 269.5 270.5 271.5 272.5 271.5 271.5 272.5 273 272.5 272 273 273 274 273 273 273 273.5 273.5 273.5 274 273 273 273 273 274 274 274
262.5 262 254.5 241 240.5 248 257.5 253 242.5 246.5 257.5 261.5 266.5 266.5 266.5 266.5 262.5 254.5 255.5 257.5 261 264 266.5 268.5 269.5 268.5 268.5 265.5 261.5 264 267 264.5 259.5 262.5 261.5 257 255 262 267 269.5 270 271 270 270.5 272 272 272 272 271 272 272 271.5 271.5 272.5 271 270 271 272 273 272.5 273 273.5 273.5 273.5 272.5 273.5 273 273 273 273 274 274 273 274 273 273.5 273 273.5 273.5 273 273 274 274 274 274 274
258.5 257.5 252 244 239.5 247.5 254.5 250 241.5 249.5 256.5 261.5 264.5 266.5 260.5 260.5 258.5 255.5 258.5 259.5 264.5 267 267.5 268.5 269 268.5 267.5 262.5 257.5 261.5 267 266.5 259 256.5 265.5 263.5 259.5 264.5 269.5 271.5 271.5 272 271.5 272 272 272 272 272 272 271.5 272 271.5 272.5 273.5 272 272 273 273 273 274 274 274 274 274 273.5 273.5 273.5 273 273.5 273.5 274 274 274 274 273.5 273.5 273 273 273.5 273 273.5 273 274 273 273 273.5
249 245 248 242.5 242.5 247.5 251.5 251.5 249 247.5 251 256.5 262.5 266.5 261.5 257.5 259.5 260.5 259.5 263.5 266 267 268 268.5 268.5 268.5 264 262.5 259 258 268 268.5 266 261 265 268.5 269.5 270.5 271.5 272 271 272 272.5 273 272 271 270 271 270.5 271 270.5 270 271 269.5 269 270 271 271 273 273 273 273 274 274 274.5 273.5 274 273.5 273.5 273 273 274 274 274 273.5 273.5 273.5 273.5 273.5 273 273 273 273.5 273 274 274
246 242 247.5 243 244.5 247.5 251.5 253 254.5 256.5 255.5 260.5 263.5 262.5 262.5 261.5 263.5 265.5 263.5 266 267 267.5 268.5 268 268.5 267.5 266.5 267.5 266.5 268 270 269.5 269 270 271.5 271.5 271.5 271 270.5 271 272 273 273 272 271 270.5 268 265.5 263 263.5 264.5 265 266 269 270.5 272 272 272 272 273 273 273.5 274 274 274.5 274.5 274.5 274.5 274 273.5 273 273 274 274 274 273.5 273.5 273.5 273.5 273 273 274 274 274 274 274
245 246 249 247 248.5 250.5 251.5 257 255 256.5 261.5 261.5 259.5 259.5 257.5 260.5 264.5 266.5 267.5 267 267.5 267 266.5 266 267.5 266.5 267 269 269 268 267.5 269 268.5 266.5 268.5 272.5 271.5 271.5 271.5 271 271 272 273 269 267 268 265 263.5 264.5 258 255 256 258 265 271 271 271 272 273 273 273 274 274.5 274 274 274.5 274.5 274 274 274 273.5 273 274 274.5 274 274 274 273.5 273.5 273 273 274 274 274.5 274.5 274.5
246 247 251 251.5 248.5 251.5 254.5 256 250.5 251 255.5 254.5 258 256.5 254.5 259.5 262.5 266 266.5 264.5 264.5 265 261.5 257 264.5 267 265 266 265.5 264 261 263.5 265.5 266.5 270.5 272 272.5 272.5 273 272 271 273 273 267 262 262 259 264.5 272 267.5 263.5 262 260 262 268 270 271 271 270 272 272.5 273 274.5 274.5 274.5 274.5 274.5 274 274.5 274 274 274 274 274.5 274.5 274.5 274.5 274 273.5 273 273 274 274 274 274 274
248 245.5 251 252.5 253 254 253.5 253.5 253.5 249.5 250 254.5 256.5 252.5 254 260.5 264.5 266 263.5 260.5 260 261.5 258 260 261 260 262 264 263 264.5 262.5 262.5 264.5 267.5 270.5 271 272.5 273 273 273 274 274 270 268 267.5 266 265 270.5 271 272 273 270.5 270 267 263 264 267 270.5 270 268.5 270 272 274 274.5 275 274.5 274.5 274.5 274.5 274.5 275 275 274.5 274.5 274.5 274.5 274.5 274.5 274.5 274 273.5 273 273.5 273.5 273.5 273.5
250 249 251 252.5 253 252.5 249.5 250.5 251.5 242.5 246.5 253.5 255.5 256.5 256.5 260.5 264.5 263.5 259 258.5 260.5 259 259.5 257 256.5 255.5 258.5 262 258.5 262.5 263 266.5 268 266 266 270 272 271 272 274 274 273 267 269 271 270.5 271 273 271 272 272.5 273.5 273.5 267 265 264 266 271 272 270 273 273 274 274.5 275 275.5 274.5 273.5 273 275 274 274 274.5 275 274 274 274 273.5 274 273 273 273 273.5 273.5 273.5 273.5
256 253 252 252.5 252.5 249.5 246.5 253 253.5 251.5 250 252.5 254.5 257 257.5 261.5 262.5 259 259 260 260 259 258 253.5 249.5 248.5 254.5 261.5 260.5 263 258 260.5 259.5 261 263.5 266 270 268 269 272 274 273 267 269 272 272 273 272 272 273.5 273.5 274 274 272 271 267 267 271 273.5 273.5 274 274.5 274.5 275 275.5 275.5 275.5 273.5 273 274 274 274 274 275 274 274 274 274 273 273 273.5 273 272.5 272.5 273.5 273.5
260 254 252 256 252 249.5 246.5 249.5 255.5 257 256.5 256.5 258.5 260.5 261 259.5 257.5 256 258 259 259 257 253 249.5 247 250.5 257.5 260.5 256.5 259.5 257 254 251.5 256 262 268 266 263 269.5 273 274 272 270 270 272 272 273 271 272 273.5 272.5 267.5 268.5 273.5 274 272 272 273 271 271.5 273 274.5 274.5 274.5 275 275.5 275.5 273.5 273 274 275 275 274 275 274.5 274 274 274 274 273.5 273.5 273.5 273 271.5 272.5 273.5
261 257 256 259 258 255.5 252.5 253.5 256.5 257.5 258.5 260.5 260.5 259.5 259.5 258.5 258 255 256.5 259 258 256 249.5 246.5 245 254.5 257.5 260.5 257.5 253.5 253.5 251.5 248 253 265 266 264 262 266 271 274 271 271 270.5 271 273.5 273 271 271 272.5 267.5 263 268 271 273 273 275 275 275 274.5 274 273.5 274.5 274.5 274.5 275.5 275.5 275.5 274 274.5 275 275 275 275.5 275 274 274 274 274 274 273.5 273.5 273 272.5 273.5 273.5
261 261 258 260 262 261 258 257.5 258.5 258.5 258.5 259.5 257 256 257 256.5 256.5 254 255.5 259 259 258 255 248.5 244.5 248.5 254.5 258.5 256.5 256 255 252 250 257 264 263 263 262 262.5 272.5 273 272 274 273 274 274 271 272 271 269 268 270 271.5 272.5 275 275 276 276 276 276 276 275.5 275.5 275.5 275.5 275.5 275.5 276 275 275 275 275 275 275.5 275 274 274 274 273.5 273.5 273.5 273.5 273 273.5 273.5 274.5
260.5 262.5 262 264 262 259 258.5 258.5 259.5 259.5 259.5 258.5 257 258 258.5 258.5 258.5 258 258 258 259 259 259 255 255 254.5 258.5 257.5 261.5 261.5 261.5 259.5 256.5 258 257.5 261 264 264 268 274.5 272 271.5 275 275 274 274.5 271.5 273 271.5 271 269.5 273 274.5 273.5 274 274 276 276 275.5 276 276 276 275.5 275.5 275.5 275.5 275.5 275.5 276 276 275.5 275 275.5 275.5 274 274 274 274 273.5 273.5 272.5 273 272.5 272.5 273.5 273.5
262 263.5 265 262 258 257 258.5 259 258.5 259.5 258.5 257 257 255.5 257.5 256 257 258 260 260 260 260 261 260 259.5 261.5 261 258.5 264.5 265.5 265 262.5 263.5 260 256.5 259 263.5 266 271 275 274 273.5 275 276 274.5 274.5 273.5 274.5 274.5 273.5 272.5 272 275.5 275.5 275.5 276 276 276 276 276 276 275.5 275.5 275.5 275.5 275.5 275.5 275.5 275 275.5 275.5 275.5 275.5 275.5 274.5 274 274 273.5 273.5 273.5 272.5 272.5 272.5 272.5 273 273
265 265.5 261 258 257 257 257 256.5 257.5 258.5 257.5 256.5 255 254.5 254 254.5 256 256 258.5 260 260 261 262 262 261 262.5 265.5 266.5 268 268.5 267 268.5 265.5 259.5 255 256 263 269.5 272 274 275 274.5 275 275 275.5 275.5 275.5 274.5 274 274.5 275 272.5 275 276 276 276 276 276 276 276 276 275.5 275.5 275.5 275.5 275.5 275.5 275 275.5 275 275.5 275.5 275.5 275.5 274 274 274 273.5 273.5 273.5 273.5 273 273 273.5 272.5 272
259.5 263.5 262 258.5 257 256 257 257.5 256 255.5 254 254 255 254.5 253 251 250.5 253 256 256.5 259 258.5 260.5 261.5 264.5 264.5 262.5 264.5 260.5 266.5 269.5 268 266 259 256 261 265 270 272.5 274 275 275.5 275 275 275.5 275.5 274.5 272.5 273 275.5 275.5 274 276 276 276 276 276 276 276 275.5 275.5 275.5 275.5 275.5 275.5 275.5 275.5 275 275 275.5 275.5 275.5 275.5 275.5 274.5 274 274.5 274 273.5 273.5 273.5 273 273.5 273.5 272.5 272.5
260 261.5 259 260 259 258 257.5 257 255.5 254.5 254 254.5 254.5 255 255.5 255.5 255 253 251 249 251.5 256 258.5 260 260.5 263.5 265.5 264 260 263.5 268 267 265 263 259 259.5 266 269.5 273 273.5 274 274.5 274.5 276 275.5 275.5 276 275 274 275 276 276 276 276 276 276 276 276 276 275.5 275.5 274.5 275.5 275.5 276 275.5 275 275 275 275.5 275.5 275.5 275.5 275 274.5 274.5 274.5 274 273.5 273.5 273.5 273 273 273 272.5 272
261.5 259.5 257 262 260 256 257 255.5 254.5 254.5 254.5 254.5 254.5 256 256 256 256 255 254 253 250.5 254.5 254 255.5 260 262.5 261.5 262 262 260.5 267 270 269 265.5 264 263 266.5 270 273.5 274 274.5 275 275.5 276 275.5 275.5 275.5 276 276 276 276 276 276 276 276 275.5 276 276 276 275.5 275.5 274.5 275.5 276 276 275 275 275 275 275 275 275 275 274.5 274.5 274.5 274.5 274.5 273.5 273.5 273 272.5 272 272 272 272
263.5 259.5 260.5 262.5 261 261 260.5 257 255.5 256.5 255.5 255.5 254 255.5 256 256 256 256 255.5 252 247.5 246.5 245.5 252.5 260 258.5 259 260.5 258.5 259 265 270 268.5 262.5 260.5 261.5 267.5 272 273.5 274.5 275.5 275.5 275 275.5 275 275.5 275.5 276 276 276 276 276 276 276 276 274 275 276 275.5 275.5 275 275 275.5 276 275 274.5 275 275.5 275.5 275 275 275 275 274.5 274.5 274 273.5 273.5 273.5 273.5 273 273 272 271 271.5 271
265.5 260 260 264 264 263 261 259.5 259 259 257.5 255.5 255 255.5 256 255 255 254.5 256 255.5 252.5 244.5 244.5 251.5 258 256 251 254 255.5 254 256.5 265 271 268.5 266.5 264.5 266.5 270.5 273.5 275.5 275 274.5 274.5 274.5 274.5 274 275 275.5 275.5 276 276 276 276 276 276 276 276 275.5 275.5 275.5 275.5 275 276 276 275 275 275 275.5 275.5 275 275 275 275 274.5 274 274.5 273.5 274 273.5 273.5 273 273 272.5 272 272 271.5
265 262.5 263 263 266 263 263 263 263 260.5 257 257 256 255.5 254.5 255 254 253 252 254.5 255.5 250.5 250.5 249.5 252.5 251 249 248 253 260 261 262 268.5 272 271.5 270 264.5 265.5 273 274.5 274 274 274.5 274.5 274 273.5 274.5 275 276 276 276 276 276 276 276 276 276 275.5 275.5 275.5 275.5 275.5 275.5 276 276 275 275 275.5 275.5 275 275 275 274.5 274.5 274.5 274.5 274 274 273.5 273.5 273 273 273 272 272.5 272
265 266 267 266 267 264.5 267 267 264.5 260.5 257.5 258 258 257 256 256 254 252.5 251 253 256.5 255.5 248 246.5 246 246 242 248 253.5 263 267 269 268.5 268 268.5 271.5 272.5 272.5 273.5 274.5 273.5 274 274 274.5 275 275 275 275 276 276 276 276 276 276 276 276 276 275.5 275.5 275.5 275.5 275.5 275.5 275.5 276 276 275.5 275.5 275.5 275 275 275 275 274.5 274.5 274.5 274 273.5 273.5 273 273 272.5 272 272.5 272.5 272.5
263 266 267.5 268 267.5 267 268 267 264.5 262.5 261.5 259.5 258.5 256.5 256 255.5 254.5 251 252.5 254.5 254.5 256.5 250.5 245 250 250 245 252 256 263 266 265 262.5 261 260 265.5 269.5 271.5 269.5 272 273 273.5 274 274 274.5 275 275.5 275.5 276 276 276 276 276 276 276 276 276 276.5 276 276 275.5 275.5 276 275.5 276 276 276 275.5 275.5 275 275 275 274.5 274.5 274.5 274 274 273 273 273 273 272 270 272.5 273 272.5
265.5 267 268.5 269 267 267.5 267 264 260.5 258 257 257 257 257 256 255 253.5 249.5 250.5 253 256 257.5 257.5 256.5 256.5 255.5 254 257 255 262 265 264 259.5 255.5 250.5 256 263.5 269 267 271 273 274 274 274.5 275 275 275.5 275.5 276 276 276 276 276 276 275.5 276 275.5 275.5 275.5 275.5 275.5 275.5 276 276 276 276 276 275.5 275.5 275 275 275 274.5 274.5 273.5 274 273.5 272 273 273 273 272.5 273 272.5 273 273
267.5 266.5 268 269 267 265 261.5 258.5 256.5 255.5 255 255 256 255 256 255 249 244.5 245.5 251.5 255.5 256.5 257.5 258.5 258 259 259 258 256 258 264 262 256.5 250.5 244.5 246 258.5 264.5 265 271 273 274 274.5 275 274.5 274.5 274.5 275.5 275.5 276 276 276 275 273 275 274.5 274.5 275.5 275.5 275.5 275.5 275.5 275.5 276 276 276 276 275.5 275.5 275 275 274.5 274.5 274.5 274 274 274 273.5 273 272 272 272.5 273 273 273.5 273.5
269 268 267 269 269 266 261 260.5 257 255 253 253 251 253 257 255 247.5 237.5 240.5 249.5 251.5 253.5 256.5 257.5 258 257.5 256 255 254 259 263 259.5 255 255 247.5 245 253.5 261 262 270.5 273 274 275 275 274.5 274.5 275 275.5 275.5 276 275.5 275 273 274 274.5 274.5 275 274.5 275.5 275.5 275.5 275.5 275.5 276 276 276 276 276 275.5 275 275 275 274.5 274.5 274.5 274 274 272 270.5 267 271 272.5 272.5 272.5 272.5 273.5
268.5 269.5 269.5 269 268 265 263 258.5 255.5 254.5 250 250 249 256 257 256 253 248 247.5 253.5 253.5 253.5 257.5 257.5 256.5 253.5 251.5 250 254 259 261 259 255.5 258 253.5 247.5 249 258.5 259 269 273 274 274.5 274.5 275 275.5 275.5 275.5 275.5 276.5 276 276 274 274 274.5 274.5 274.5 275.5 275.5 275.5 275.5 275 275.5 275 275 275.5 276 276 275.5 275 275 274.5 274.5 274.5 274.5 274 273 268 264 262 268.5 272 272.5 272.5 272.5 272.5
268.5 269.5 270 268.5 263 261 257 256.5 260.5 254.5 247 249 252 257 257 257 256 255.5 256 257.5 258 258.5 258.5 257.5 256.5 252 250 250 255 259 260 254.5 256 261.5 255.5 246.5 253.5 261 261.5 269 273 274 274 274 275 275 275.5 275.5 275.5 276.5 276 276 275 274 275 275.5 275.5 275.5 275 275 276 275 275 275.5 275 274.5 275 275.5 275 275 275 275 274.5 274.5 274.5 274 272 266 265 261.5 266.5 272 272.5 270.5 267.5 269.5
270.5 270 269 266 259 257 258 258 262.5 253.5 245.5 250 255.5 257 258 258 258 258 258 258 258.5 257.5 255.5 254.5 256 256.5 254.5 251 253 253 256 257 261 264 259.5 255.5 262 267.5 268.5 271 273 273 274 274 275 275 275 275.5 275.5 276 276 276 276 276 275.5 275 275.5 275.5 275.5 275 275 275.5 275.5 275 274.5 274.5 275 275 275 275 275 275 274.5 274.5 274.5 274.5 274 273 271 270.5 271 271.5 272.5 271.5 269.5 267.5
270.5 270.5 268.5 264 262 260.5 261.5 263.5 262.5 256 254.5 254.5 256 256 254 256 257 257 257 257 256.5 254.5 254.5 254 254 253 249 253 257 256 262 265 268 269 267 266.5 269.5 271.5 272.5 273 273 273 274 275 275 274.5 275 275.5 275.5 276 276 276 275 275 275.5 275.5 275.5 275.5 275 275 275 275 275.5 275 274.5 274.5 275 275 275 275 275 275 275 274.5 274.5 275 274 273.5 272.5 272.5 272.5 271.5 273 271.5 272 268.5
271.5 270 268.5 262 263 263.5 265 265.5 262.5 257.5 254 253 250 247 245 254 256.5 257 256.5 255.5 256.5 256.5 255.5 254.5 254 255 257 258 261 263 265 267 268 268.5 268.5 270.5 271.5 272 272.5 272 270 269 272 274 274 274.5 275.5 275.5 275.5 275.5 275.5 274 275 274.5 275.5 275.5 275 275 275 275.5 275.5 275.5 275.5 275 274.5 275 275 275 275 275 275 275 274.5 274.5 275 275 274 274 273 273 273.5 273.5 273.5 273.5 273.5 273.5
271 269.5 267 265 261 265 267 263.5 258.5 251 247 246 243 244 249 254 256.5 257.5 256.5 254.5 255.5 254.5 253 251 251 256 259 261 263 263 262 263 258.5 261.5 262.5 263.5 269 268.5 268.5 266 262 263 268 270 273.5 275 275 275.5 275.5 275.5 275 270.5 273.5 274.5 274.5 275.5 275.5 275.5 275 275 275 275 275.5 275.5 275 275 275 275 275 275 275 275 274.5 274.5 275 275 275 274 273 274 274 274 274 274.5 274.5 274.5
271.5 268 268.5 268 266 266.5 268 265.5 261.5 261 257 250.5 246 252 257 257 260.5 260 255.5 251.5 253 250.5 246.5 245 251 254 255 255 257 259 259 259 254 260.5 265.5 265.5 267.5 268.5 266.5 265 263 262 267.5 271.5 274 274 275 275.5 275.5 275 275 273 271.5 269.5 272.5 274.5 275.5 275 275 275 275 275 275 275.5 275 275 275 275 275 275 275 275 275 274.5 274.5 275 275 275 274 274.5 274.5 274.5 274.5 274 274.5 275
271.5 270.5 268 268 265 268 267 263 261.5 260.5 259 250 244 252 260 262 256.5 255.5 254.5 251 246.5 244.5 240 244 249 253 257 253 251.5 258 261 262 262.5 265 266 264.5 264.5 264.5 267 267 267 266.5 269.5 270.5 272 274 275 275 275 275 275 272 271.5 270.5 273.5 275 275 275 275 275 275 275 275 275.5 275 275 275 274.5 274.5 275 275 275 275 275 274.5 274.5 275 275 275 275 274.5 275 275 274.5 275 275.5
271.5 270.5 269 269 268 269 266.5 265.5 264.5 262.5 259 253 252 256.5 262 260.5 251 249.5 246.5 243.5 242.5 244 247.5 252 256 260 260 258.5 259.5 258.5 264 263.5 265.5 267 266.5 263.5 259.5 261.5 263 265.5 263.5 266 269.5 270.5 270.5 271.5 274 275 274 274 275 274 274.5 274.5 274.5 275 275 275 275 275 275 274.5 275.5 275.5 275 274.5 274.5 274.5 275 275 275 274.5 274.5 274.5 274.5 274.5 275 275 275 275 275 275 275 275 275 275.5
270.5 270.5 269.5 269.5 270 268 266 265 263.5 261.5 256 257 260 261 265 261 257.5 254.5 253 249.5 251 253.5 258 257 257 262 259 263 264.5 264 265 265.5 265 265.5 268 267.5 263.5 261.5 260.5 260 261.5 263.5 267 268.5 270.5 271.5 274 274.5 274 274 274.5 274 271.5 272.5 271.5 274.5 275 275 275 274.5 274.5 274.5 275 274.5 274 274.5 274.5 274.5 274.5 275 275 274.5 274.5 274.5 274.5 274.5 275 275 275 275 275 276 275 275 276 276
