ecocropFuture/tif/c6/rcp585/ACCESS-CM2/tmean_4.asc
ncols        683
nrows        518
xllcorner    -87.691666666667
yllcorner    10.708333333333
cellsize     0.008333333333
NODATA_value  nan
[rows 152 to 189 of 518, columns 174 to 260 of 683]
263 264 264 262 261.5 259.5 261.5 267.5 269.5 267 262 265.5 267.5 266.5 270 269 268 266 263.5 259.5 256 249 247.5 247 247.5 247 250.5 243 234.5 237 241 237 235.5 232.5 230 235.5 238.5 242.5 247 248 250 246 245 248.5 254 261 268.5 268 271 271 273 271.5 271 274 279.5 283 276 274 276.5 272.5 271 268.5 269 273 273.5 276.5 271.5 274 277 272 265.5 260.5 253 253 252.5 242.5 243 238.5 240 233.5 238.5 250 246.5 247 244.5 247.5 253.5
262 261.5 262 262 263.5 261 259.5 264.5 269.5 268 261 264 268 270 270.5 268 267 265 263 262.5 257 252.5 254 250.5 247 250.5 249 241 240.5 241.5 241.5 233 232.5 232.5 232.5 239 243 245 241 244 245.5 244 249 253 257.5 265.5 268.5 267 270 268.5 270.5 273.5 275.5 278.5 283 277 271.5 273 274.5 272.5 267.5 270 270.5 274.5 273 271.5 267.5 272 275.5 270.5 261.5 253.5 242 244.5 249 246 248 247.5 240 239 238.5 246 255.5 250.5 245 252.5 261
260 258.5 256.5 260.5 262 263 263 261 267 269.5 263 266 269 270.5 271 268 267 265 265 264 257.5 258 255.5 250 249.5 253 246 239.5 243 246.5 239 236 235 233 238 243 243 246 242 243.5 242.5 243.5 249 255 261 263.5 264 266.5 264.5 263.5 269 267 275.5 279.5 282 277.5 273 274.5 272.5 270.5 265.5 266 271.5 273 266.5 267 270.5 268.5 270.5 272.5 261 259 248 239.5 243 248.5 251 251 245 242.5 242.5 244 254 258 251.5 246.5 259.5
258 256.5 255.5 255.5 258.5 261.5 264.5 265 266 269 268.5 269 271.5 272 272 269.5 267.5 267.5 267 264 259 260.5 258.5 252.5 247.5 254 246.5 245.5 247.5 247.5 241 236.5 240 237 242.5 246.5 247.5 249 250 247 243.5 242.5 240.5 248 257 261.5 261 260 260 262.5 262.5 270.5 274.5 278 283 277.5 275.5 276.5 273.5 271 266 268.5 271 269 265 265.5 269.5 261.5 258.5 267 267 269 258 248 251 243.5 250 252.5 250.5 246 245 247 253 261.5 252.5 249.5 255
258 257.5 257 252 256.5 261.5 264 266.5 267.5 268 270 270.5 271 270.5 272.5 269 267.5 269.5 267 265.5 264 261.5 256 247.5 247.5 251.5 254 250.5 244.5 246 243.5 243 242 238.5 244.5 245.5 243.5 245.5 253 248.5 243.5 236 240 247 257 257.5 255 257 258.5 263.5 269 274 276 278 283 279 279.5 275.5 271.5 269 264.5 264.5 268 268 265 261.5 264 263.5 251 253 262.5 268 266.5 257.5 255.5 244.5 247 254.5 250.5 244 243.5 242.5 250 262 256.5 253.5 253.5
258 259.5 258.5 255.5 257.5 261.5 263.5 266 267.5 266 265.5 268.5 269 267.5 270.5 272 270.5 268 266.5 263.5 260 257.5 250.5 246.5 243 251.5 251 244 241 243.5 239.5 239 241 240 245 244 245.5 250.5 251.5 254 245.5 240.5 249 252.5 255.5 255 254 261 267 271 271.5 273.5 276 281 282 279 278 277 273 270 262.5 259 265 262 259 257.5 254 260 254 252.5 253.5 258 263 264.5 253.5 252.5 254 253.5 255 250 244.5 242.5 252 257.5 262.5 256 253
258.5 260.5 261.5 259.5 258.5 261.5 263.5 265.5 267 266.5 266 265.5 267 270 270 271 272 270 266 264 260 252.5 246.5 244 250 254.5 251.5 247 241.5 236 233.5 236 237.5 243 247.5 250.5 250 248 253.5 254 241 238.5 248 251.5 252.5 252.5 256 265 268 271 275 277 279.5 282.5 282 279 278 276 271 265.5 257.5 258 263.5 254.5 249.5 253 247.5 250 255 251 250.5 246.5 252 264 262.5 261 259 256.5 254.5 254.5 249 250.5 257 259.5 261 255.5 255
259.5 259.5 260.5 261.5 260 262.5 264.5 265.5 266.5 266 263 263.5 268 270 271 270 270 271 268 267 257.5 252.5 248.5 245 249 250 257 253 247.5 237.5 236 232 236 246.5 251.5 253.5 252.5 248 252.5 252.5 246 250 251.5 254.5 254.5 255 260 269.5 273 275 276 280 281 281.5 277 280.5 277 276 271.5 266.5 256 255 259.5 257.5 248.5 248 247 249 256.5 256.5 254 254 250.5 257 263.5 256.5 250 244 246.5 253.5 251 251.5 259 263.5 263.5 261 259
261 259.5 260.5 262.5 262 262 263.5 264.5 266.5 266 264.5 264 268 270 268 268 269 270 270.5 261.5 252.5 251 254 249 248 248.5 258 250 243 239.5 237 235 245 250 254 257 257 252.5 256 261 257.5 257.5 257.5 257 261.5 255 264.5 269.5 271 274 274.5 277.5 283 280 276 279.5 277 274 269.5 262.5 258 258.5 255.5 249.5 246 247 252.5 252.5 255.5 259 259 259 259.5 262 262.5 256.5 247.5 240.5 239 246.5 253 251.5 252.5 262.5 266.5 263.5 262
260.5 261.5 261.5 261.5 263.5 263.5 265 266.5 267.5 267.5 266 266.5 269 269 268 268 268.5 271.5 267.5 256.5 253.5 251.5 255.5 257 257.5 253 259.5 250 244.5 241.5 236 243.5 251.5 254 252 255.5 259 254.5 255 259.5 265.5 259.5 262.5 259.5 263.5 261.5 265.5 266 270 275 279 283 281.5 279 274 279.5 275.5 273.5 270 268 263.5 256.5 252 246 249 252.5 254 254.5 256.5 257 260 256.5 257.5 261 259 258 249.5 248.5 241 239.5 254 260.5 254 264.5 269.5 260 266
259 259.5 260.5 262.5 263.5 264.5 265.5 266 266.5 267.5 269 269 269.5 269.5 267.5 267.5 267 269.5 267.5 259.5 255 255 254.5 259 263 257.5 257 251.5 248.5 243 244.5 255 255 257 253 257.5 260 261 260.5 261 265 268.5 266.5 258 263.5 267.5 268 262.5 267.5 275 280 283 279 278 274.5 276.5 276.5 275 273 272.5 267.5 256 246 243.5 247.5 254 254 253 257 259 260 259 259 262 259 258.5 255.5 252 243 242.5 249 262.5 264 268.5 268.5 261 268
258 258.5 257.5 261 262.5 263.5 263.5 264.5 265 264.5 267.5 269 270.5 269 267 266 268.5 269.5 270.5 262 263 262.5 262 266 262 259.5 260 247.5 240.5 243 255 259 259 256.5 255 259 262 262.5 265.5 264 264.5 263.5 270 260 260 269 264 261.5 267.5 271.5 276.5 282 277.5 273.5 275 275 272.5 266.5 261.5 268.5 266.5 252 242.5 242.5 250.5 253 254 256 257 259 257.5 257 260 258.5 254 254.5 251 248 246.5 246.5 250 258.5 267 271.5 268.5 261.5 271
256.5 257 257 259 261 261 260.5 261 261.5 264.5 267.5 269 270 270.5 268.5 268.5 271 269.5 270 269.5 269.5 270.5 269.5 271.5 263 258 265 257 249.5 253.5 261.5 263 258 253 253 258 260 263.5 266.5 268.5 268.5 267.5 273 264.5 264.5 270.5 267.5 265.5 268 276.5 279 282.5 280.5 279 277 274 271 268 265 264 264.5 259 246.5 243.5 250 253 254 255.5 255 255 256 257 261 258 250.5 244.5 250 252 252 252.5 256 260 256.5 267 272.5 267 269
254 253 256 257 257 258 255.5 254 260.5 265.5 265.5 268 269 268 268.5 268.5 269.5 265 269 261 263.5 266.5 262.5 272 268 259.5 261.5 265.5 264 262.5 266 262.5 256.5 252 254 258 257 260 265 268.5 269.5 270.5 274 272.5 273.5 274.5 276 272.5 269.5 276.5 282.5 282 277.5 275.5 275 270.5 269.5 266 264 261 253.5 259.5 253 245 246.5 252 248 249 252.5 249 255.5 257 259 258.5 253 250.5 253 257 254.5 258.5 263.5 264.5 259.5 267.5 271 273.5 271
250 250 252.5 256.5 258 259.5 258 259.5 264 263.5 266.5 265.5 265 265.5 265.5 267 269 265 264 260 259.5 259.5 262.5 269 272 268 268 266.5 269 269.5 264.5 261.5 257.5 250.5 252.5 253 259 261 264 270 272.5 270 273 271.5 276.5 275.5 280 279.5 275 276 281.5 283.5 279.5 278 275 269 261.5 257 259.5 254 246.5 251 254 242 241 247 241 247.5 247 248 256.5 257 257 258 257.5 254.5 252 257.5 258.5 262 265 265.5 257 260 268 271 274.5
250 251.5 250.5 254 256.5 259 261 260 259 263 261.5 259 262 262 265.5 269 266 263 261.5 255 254.5 254.5 259.5 262.5 267.5 269.5 272 271.5 272 265 257 253.5 258.5 257 249 251 257 259 265 267 271.5 273 271.5 263.5 268 278.5 275.5 279.5 279.5 280 283.5 282.5 278.5 275.5 272.5 269.5 263 253 248.5 242 237 236.5 247 240.5 238.5 241.5 237.5 242.5 241.5 243.5 252.5 254.5 254.5 255 254.5 253.5 253 256 262 260 263 264.5 264.5 270 272 269 270.5
246.5 249.5 252.5 251.5 252 256.5 255.5 252.5 258.5 258 257 256.5 259.5 262 263.5 265.5 262 261.5 262 258.5 251 247.5 252 255.5 261 266.5 272.5 270.5 265 259.5 257 251 251.5 254 252.5 248.5 253.5 252.5 252.5 257.5 267 260.5 258.5 268.5 273.5 276 276 280.5 281.5 284 283.5 280 280.5 278 273.5 266.5 265.5 259 249.5 236.5 226.5 226 239.5 239.5 231 234 231 238 244 246 251 253 249.5 249.5 250 256 261.5 263.5 262 265 265.5 268 268.5 263.5 268 271.5 269
249 247 247 248 253.5 254 251 253 252.5 253.5 252.5 255.5 258 261.5 265 261.5 260 260 257.5 259 253.5 246.5 250 258 265.5 269 273 272.5 264.5 254.5 250.5 245.5 244 242 244 239.5 244 244 245 253.5 256 248 252.5 260.5 269.5 276.5 278.5 279.5 279.5 283.5 281.5 277 275 271.5 271.5 270.5 266 259 253.5 243.5 230 218.5 227 231 221.5 223.5 224 230.5 243.5 247.5 243.5 248 250.5 251 254 257.5 262.5 267 265 264.5 267.5 267.5 261 257.5 264 271 271
251.5 249 249 250.5 250.5 248.5 247.5 249.5 248 251 253 256 258.5 262 260.5 258.5 255.5 259.5 254.5 255.5 253 249 253.5 259.5 268.5 270 275 269.5 263.5 255.5 241 237 242 234 235 239 243 248 257 253.5 242.5 243.5 250 254.5 268.5 275.5 279 277 279.5 282.5 281 278.5 273 267 269 268 262.5 258 249 242 233.5 218 223.5 227.5 214 213 215 219.5 232 238.5 243 249.5 255.5 255.5 256.5 258 264.5 266 266.5 264.5 264.5 258.5 262 263.5 266 268 271.5
254.5 251 247.5 245 244 243 243 244 244.5 252 253.5 257 259.5 254.5 252.5 250.5 251 254 253 251.5 252 257 262 265 268.5 273.5 275.5 268 260 249 241.5 247.5 243.5 234 242 244.5 246.5 249.5 258.5 246.5 234 233.5 239 251 266.5 275.5 277.5 275 277 281 279 278.5 273.5 264 262 262.5 258 258 252 239 225 215.5 213 225 221 209.5 212 216 225.5 235 247 252 248 251 255 256 254 254 252 254 257.5 259.5 261.5 263.5 266.5 270.5 273.5
254.5 248.5 242.5 240.5 236.5 234 236 243 249 252.5 256 253 256.5 250 247 246.5 247.5 245.5 248 247 249 258.5 263.5 266.5 270 275 274.5 266 251.5 239.5 243 251 251.5 244.5 248.5 243 253 255.5 257 243 229.5 232 239 247.5 263 273.5 276 272.5 279 283 281 274 274.5 267 261 256.5 255 253 248.5 239 226.5 212.5 212 219.5 216 209.5 210.5 218.5 231 239.5 244.5 245.5 247 250.5 250 250 249 249 250 252 255.5 258.5 262 266.5 269.5 272.5 273.5
250.5 246 240 234.5 229 230.5 242 247 251.5 253 251.5 250 251 247 239 243 244 247 250 251 253.5 258.5 263.5 267.5 270.5 276 274 263 247.5 243.5 240.5 247 256 249 255.5 248.5 260.5 261 255 239.5 234.5 237.5 240 252 265.5 272 274 275.5 279 280 282 276.5 277 266.5 261 259 257 251 248 241 236 214.5 210 209 212 204.5 208.5 218 224 233 238.5 243.5 246.5 249 245 244 248 248 249 253 255 256 256.5 260.5 268.5 273 275
250.5 247.5 239.5 230.5 226.5 230.5 240.5 245.5 250 246.5 246.5 243 246 241.5 243.5 251.5 255.5 258 260.5 257 261 255 263.5 267.5 272.5 276.5 276 263 250 253 245.5 253.5 260 258 260 259 266.5 262.5 255.5 236.5 239.5 253 254.5 262 267.5 271 273.5 274.5 279 281 282 279 276 274.5 266.5 264 262 257.5 255.5 249.5 239.5 223.5 212.5 203 205 206.5 210 213.5 222.5 232 238.5 243.5 246.5 249.5 248.5 249.5 250.5 243.5 240.5 246.5 247.5 245.5 250 256.5 264.5 270 275
251.5 248 241 230.5 229 239.5 243.5 248 247.5 244 242 240 238.5 242 248 250 254.5 258.5 259.5 264.5 263.5 262 268 270 275 273.5 277 269.5 263.5 258.5 253.5 262.5 264.5 260.5 262 266.5 270 266 258 240 243 258.5 265.5 268.5 270 270 274.5 276 277.5 283 280 279 275 271.5 270.5 267.5 265.5 262 253.5 246.5 239 217.5 203.5 206 212 215 213.5 218.5 226 236 236 239.5 242.5 246.5 250.5 252.5 249.5 245.5 243 242.5 242 247.5 251.5 257.5 264 271 274.5
250.5 244 240 230.5 225.5 234.5 240 244 242 243 241.5 242.5 241.5 240 241 248.5 254 256 260 261.5 263.5 268.5 269.5 272.5 270 262 272.5 276.5 267.5 263 257 267.5 261 258 261.5 267.5 273 270.5 264.5 253.5 247.5 258 269 272 272 271.5 275.5 276.5 276.5 279 282 281 270 265 269 271.5 268.5 263 251.5 239.5 228.5 212 214 210 207.5 222 223.5 228 235.5 241 237 237.5 239 242.5 247.5 255 254 251 245.5 245 245 249.5 255.5 259.5 268 273.5 272.5
250 241.5 230.5 224 221 231 238 242 243.5 244.5 245 246 245.5 242.5 240.5 242 248.5 248 257 258.5 259.5 261.5 264 268 264 258 268.5 275 274 269 269 271 269 268 270 273 274.5 270 271.5 266.5 262 262 271 274 274 275.5 273.5 276 278.5 274.5 275.5 281 271.5 264.5 268 273.5 270.5 264 251.5 234.5 222.5 219 230.5 224.5 218 218.5 231 235 237.5 243 241 238.5 239 242.5 244.5 254 258.5 254 245 246 246.5 250.5 256.5 266.5 272.5 269.5 270.5
246.5 239 230 223 226.5 233.5 241 241.5 238.5 237.5 240.5 242.5 246 242 242.5 240.5 236.5 245.5 255 252.5 250.5 251.5 256.5 255.5 258.5 263 271 274.5 277 275.5 276 275 273 271 275 277 277 275 275 273.5 271.5 271.5 273 274 275.5 278 275 273.5 278 280 278.5 276 274 274 274 273 269.5 264 255.5 245 235 234 239.5 235 232 228.5 231.5 240 242 246 242 242.5 242.5 242.5 245.5 252 259 257 248.5 249 249 253 257.5 270.5 272.5 266 269.5
251.5 241 230.5 222.5 229.5 230.5 239 234 228 230.5 237 239 246 241 244 244.5 241 242.5 241.5 239 236.5 242 249.5 261.5 266.5 267.5 273 277 279 277 277 276.5 275 275 277.5 277.5 278 278 276.5 275.5 274.5 273.5 275 274 275 278.5 279.5 277.5 277.5 280.5 278.5 273 272.5 279 277.5 275 273 266.5 260 250.5 243.5 243 247 243.5 240.5 237.5 234.5 239 246.5 250 245 242 246 248 246 253 259.5 261.5 253.5 251.5 256 256 263 273.5 270 266 267
252 242.5 230 226 230.5 236 234 228 228.5 235.5 237.5 241 246 246.5 245 242.5 240 235 241 245.5 247.5 257.5 261 269 274 276 276.5 277.5 279 278.5 279 278.5 277.5 276.5 278.5 278.5 278.5 278 278.5 276.5 278 276.5 277.5 272 274 277 280 280 280 280 278.5 280 279 280 279.5 277.5 274.5 268.5 266 260.5 251.5 251 253 250 247 245.5 240 240.5 247.5 252.5 251.5 245.5 251.5 249.5 250.5 249.5 260 262 256 256 260.5 262 271.5 271 269 269 265
249.5 241.5 238 242.5 245 242.5 232.5 222.5 226.5 232 235.5 243 248 247.5 248 245.5 233.5 232 249 260 260 267 273.5 274.5 273.5 276 278 277.5 276.5 278.5 279.5 280.5 278.5 278.5 278 277 278.5 279 279 277.5 278.5 280 280 276.5 276.5 278 278 271.5 276 279 279 281 282 281.5 279 277.5 275 272.5 271 267 257 258 260 255 252.5 250 245 246 246.5 251 254 255 254 251 254 254 260.5 262.5 260.5 261.5 265 270 272 265 264.5 265.5 259
252 248 247.5 251.5 247 236.5 228.5 224 223.5 232 241 241.5 241.5 248.5 250.5 245.5 235.5 231.5 243.5 257 270.5 273.5 277 275 274 276 277.5 276.5 277 278 279 280 280 279 276.5 276.5 278.5 279 279 276.5 279 279.5 280 279.5 276.5 278.5 277 267.5 268.5 277.5 278.5 280 280 279 280 277 271.5 275 274.5 266 261 261.5 263.5 259 258.5 251.5 243 245.5 251 252 253.5 260.5 260 255.5 258.5 261 261 264 264 264.5 271 271 272 266.5 265 262.5 256.5
256.5 254 254 256.5 245.5 236 228 227 225.5 230 231 230 231.5 243.5 250.5 251.5 246.5 240 248 265 276 276 274 272 273 275 275 275.5 274.5 275 276.5 277.5 277.5 278.5 280 278.5 278 279.5 279 279.5 281 279.5 277.5 275.5 272 270.5 273.5 272 270 273.5 277.5 279 278 278.5 280 280 277 277 276 272 269 268.5 269 264.5 261.5 254 247.5 246 249.5 255.5 254 260 263.5 257 261.5 264.5 263.5 263.5 266 266 270.5 271 265 269.5 267.5 263.5 261
260.5 256 258.5 254 245.5 238 232 230.5 225 224.5 223 222 227 234.5 242.5 256.5 250 252 261.5 271.5 274 272 264 265 265 265 267.5 270.5 272 272.5 275 275.5 277 274.5 276.5 280 281 280 279 280 281 273.5 265 272 271.5 268 268.5 269 270.5 268.5 276.5 277.5 273 276 278 279.5 277.5 274.5 275.5 274 272.5 270 269 266.5 262 252 251.5 254 251 255.5 260.5 262 264 257 260 265.5 265.5 264.5 267 270 269.5 262.5 259 267.5 266 264.5 262
265 257 260 249.5 238 233.5 229 228.5 225 227.5 230 232.5 228.5 233.5 245 259 260.5 254 265 273.5 266 268.5 261 256 253 250 253.5 265.5 270.5 274 276 277 278 277 279 279 280.5 280.5 279 281.5 278.5 263 261.5 271.5 272 264.5 267 269 269.5 269.5 275.5 277 272 271 274.5 275.5 279 278.5 277.5 276.5 275.5 270.5 268.5 265.5 260.5 257 256.5 260 256 256 262.5 264 266 265 264 264.5 265.5 266 267 269.5 265.5 262 260.5 262.5 268.5 267 265
266.5 264 255.5 243 233.5 237.5 231 234 233.5 237.5 242 243.5 239.5 243 250.5 257 264 259 267.5 270.5 267.5 267.5 261.5 259.5 248.5 244.5 253 266 272 274.5 274.5 275 274 276 274 276.5 279.5 279.5 280 281 278.5 267 264 265.5 270 268 260.5 263 267.5 266.5 273.5 275.5 271.5 270 273.5 273.5 278 279 278.5 278 277.5 274 263 258.5 257 259.5 259.5 261 264 261 259.5 264.5 265 267 265.5 266.5 266 266 270.5 268.5 263 260 259 259.5 262.5 262 264
261.5 264 254.5 245.5 244.5 249.5 244.5 248.5 243.5 246 256 250 251.5 253 256 258.5 261 267.5 267.5 261.5 266 264 256.5 251 251 248 252 265 270.5 272 272.5 273.5 273.5 272.5 274 277 277.5 277 278 281 279.5 273.5 263.5 259 263.5 266 260.5 261.5 265.5 269 270.5 273.5 270.5 269.5 270.5 275 278 274 269 271 275 274 268 261.5 260 262 263 264.5 266 262 262 265.5 268 267 266 264 265 265 269.5 265.5 262 260.5 257.5 258 258 258 264.5
248 253 262 259 256 256 255.5 255.5 254.5 253 260.5 257.5 262 260.5 261 264.5 268 269.5 257 253.5 251.5 251 249 244 246 249 248.5 262 268.5 269 270 269.5 272.5 270.5 274 277 274.5 275.5 277.5 280.5 278 275.5 268 265.5 265.5 264.5 264 262.5 265.5 268 268.5 269.5 268.5 272 271 276.5 275 270 265 267 270.5 275.5 273 268.5 265 265.5 266.5 265.5 265.5 267.5 268 268.5 268.5 267 263.5 263.5 262.5 264 263.5 265 261 258.5 256.5 255 256.5 257 264
241.5 245 255 259 260.5 264.5 261 262 266.5 267 265.5 266 268 265 266 269.5 268 262 254.5 247.5 242.5 239 242.5 236.5 239 245.5 249 258.5 261 268 268 271 271.5 268.5 273.5 276.5 273 275.5 275.5 280 277.5 276.5 271.5 266.5 263.5 261 262 267 264 266 269 265.5 269 273.5 273 276.5 266 254.5 260 269.5 273.5 274 272.5 273 272.5 269.5 269 269 269 270 269.5 265.5 266.5 267.5 262 265.5 261 261.5 258.5 262 264.5 256.5 253 253.5 256.5 261.5 260.5
