ecocropFuture/tif/c6/rcp585/ACCESS-CM2/tmean_7.asc
ncols        683
nrows        518
xllcorner    -87.691666666667
yllcorner    10.708333333333
cellsize     0.008333333333
NODATA_value  nan
[rows 456 to 493 of 518, columns 344 to 429 of 683]
277 277 277 277 276.5 276 275.5 276.5 276.5 276 277 277 277 277 277 277.5 277 276.5 275.5 275.5 274 275 276 276 276 276 275 273 268 271 274 275 275 274 274 274 273.5 272.5 270.5 272 272 270.5 268.5 267.5 271.5 273.5 273.5 273.5 273.5 272.5 272 273 272.5 271.5 272 271 271 271 271 270 269 267.5 266.5 265 261 258.5 258.5 259 259 260 261 262.5 258.5 260.5 261.5 264 264.5 265 264.5 262.5 260.5 257.5 263.5 267 268.5 268.5
277 277 277 277 276.5 276 275.5 276.5 276 276 276.5 276.5 276.5 275 276.5 276.5 277 276 274.5 275 274 275 276.5 276 276 275.5 274.5 272.5 269 271.5 274 274.5 274 274 273 274 272.5 270.5 269.5 271 270 268.5 268.5 270.5 271.5 272.5 273.5 273.5 273 272 273 272.5 272 271.5 270 271 270 270 271 270 267.5 266.5 265 261.5 258.5 259 258.5 258.5 259 261.5 263 264.5 262.5 262.5 263.5 263 261.5 261 262 259.5 258.5 258.5 259.5 263.5 267.5 267.5
277 277 277 277 277 276.5 276 277 276.5 275 275.5 275.5 275.5 274.5 275.5 275.5 276.5 276.5 276.5 276.5 275.5 275 277 276 276 275.5 274 272 271 274 275 274.5 274 274 273 273 272 271.5 271.5 269.5 267.5 268.5 271.5 272 272 273.5 273.5 273.5 272.5 273.5 272.5 271.5 272 270.5 269 270 268 269 270 270 269 266.5 262.5 259.5 258 259.5 263 264 265 266 266 266.5 263.5 261.5 260.5 259.5 260.5 261 261.5 261.5 261.5 260.5 259 259.5 263 264.5
277 277 277 277 277 276.5 277 277 277 276 276 275 274.5 275.5 275.5 276.5 276.5 276.5 276 276.5 276.5 276 276.5 276 276 275 274 272 272 275 275 274 274.5 275 274 274 272.5 272 271.5 270 266.5 267.5 270 272 272.5 273 273.5 272.5 273 273 272.5 271 270.5 270.5 268.5 270 269 269 269 269 268 265.5 265.5 264.5 260.5 260.5 261 263 264 266 267.5 265 262.5 262.5 259.5 259.5 261 263.5 263.5 262 260.5 258.5 256.5 256 256.5 258
277.5 277.5 277.5 277.5 277 276.5 277 277 277 276 275 274 276 276.5 276 276 277.5 276.5 276.5 276.5 276.5 276.5 276.5 275.5 275.5 275 272 269 271 274 274.5 275.5 275 274.5 273 274 273.5 272.5 272 268.5 268 268 270.5 271 272 273 274 273.5 273.5 272.5 272 271 269.5 269.5 267.5 268.5 268 268 269.5 269.5 268.5 268.5 267 264.5 265.5 263.5 264 265.5 267 267.5 267 265 264.5 263.5 260.5 260.5 262.5 263.5 263.5 264 262 257.5 256.5 256 256 253
277.5 277.5 277.5 277.5 277.5 276.5 277 277 277 276 274 275 276.5 277 277 276.5 277 277.5 276.5 277.5 277 276.5 276.5 276.5 275.5 275 273 273.5 273.5 275 274 275.5 274.5 273 272 274 273 271 271.5 270.5 270.5 269 269.5 269 271.5 272.5 274 274 273 272 271 270 268.5 268 267.5 267 267 269 270.5 270 269.5 267.5 265.5 265 266.5 267.5 267.5 268 268 268 268 267 267 264 262 263.5 264.5 265.5 265.5 264 260 258.5 254.5 255.5 255.5 254.5
277.5 278 278 278 278 277.5 277 276 276.5 276 275 275.5 277 277.5 277 277 276.5 277.5 277.5 277 277.5 277 276.5 276.5 276.5 275.5 275.5 274.5 275.5 275.5 275.5 275.5 273.5 273 274 273 272 273 272.5 272.5 272.5 271.5 271.5 269.5 272 273 274 274 272.5 272.5 272 271 271 271 269.5 269.5 270.5 270.5 271.5 270.5 268 268 268 268 268 269.5 268.5 269.5 269.5 269 268 267 265 263.5 263.5 265.5 266.5 267.5 262.5 259 257.5 256.5 255 254.5 254.5 258.5
278 278.5 278.5 278.5 278.5 278 277.5 276 276.5 276 275 275.5 277 277.5 277.5 277 277.5 277.5 277.5 277.5 277 277 277 276.5 276 275.5 275.5 275.5 275.5 275.5 275.5 275.5 274.5 274.5 273 273 273 274 273 272 273 272.5 272 272 272 272 274 274 273 272 271 271 270 271.5 270.5 270.5 271.5 271.5 271.5 271 270 270 270 269 269.5 270.5 269.5 269.5 268.5 267.5 267 265 264 265 265 266 267 266.5 261.5 260 260 256.5 254.5 254 259.5 263.5
278.5 278.5 278.5 278.5 278.5 278.5 278 278 277.5 277 276 277 277.5 277.5 277.5 276.5 277.5 277.5 277.5 277.5 277.5 277.5 277 276.5 275.5 275.5 276.5 275.5 275.5 276.5 275.5 275.5 275.5 274.5 273.5 274 274 274 272.5 271 273.5 273 272.5 272.5 272 272 273 274 272 272 271 269 268 271 270.5 270.5 271.5 271.5 272 271.5 271 271 271 270.5 270.5 269 268.5 267.5 267.5 266 266 264 263.5 266 266 265 267 268 266 262.5 259 257.5 259 257.5 259.5 264
278.5 278.5 278.5 279 279 278.5 278.5 278 278.5 278 277 277.5 277.5 278 277.5 277.5 277.5 278 277.5 277.5 277.5 277.5 277 277 276.5 276.5 276.5 276.5 275.5 276.5 275.5 275.5 274.5 274.5 273.5 274 274.5 274 273 274 274 274 273.5 273 273 272 273 273.5 272 272 271 271.5 272 272 270.5 271 271.5 271.5 272 271.5 271 270 270 269 268.5 267.5 266 265.5 266 265.5 266 265 263.5 264 266 266.5 267.5 267 268 266.5 265.5 264 262 262.5 263 264
278.5 278.5 278.5 279 279 279 278.5 278 278 278.5 278 278 278 278 278 278.5 278.5 278 278 277.5 277.5 277.5 277.5 277.5 276.5 276.5 276.5 276.5 276 275.5 275.5 275.5 274.5 273.5 274.5 274.5 274.5 274 274 274 274 274 274 273.5 272.5 272 273 273.5 273 272.5 271.5 272 272 271.5 271.5 271.5 270.5 272.5 269.5 270.5 270 270 269 269 268.5 266 264.5 265 266 266 266 265 264 265 266 267 263 265 267 268 268 267.5 267 268 268 269
278.5 278.5 279 279.5 279 279 278.5 279 279 278.5 278 278.5 278.5 278.5 278.5 278.5 278.5 278 278 277.5 277.5 277.5 277.5 277.5 277.5 276.5 276.5 276.5 276 275.5 275.5 274.5 275.5 274.5 274.5 275 274.5 274.5 274.5 274.5 274.5 274 274 273 272.5 272.5 273.5 273.5 272.5 272 272 272 272 272 271.5 271.5 271.5 271.5 269 268.5 268 269 269 268.5 267.5 265.5 264.5 262 265 265.5 265 264 266 267 267 266 263 265 267 266 264 264 268 266 267.5 268
279 279 279 279 279 279 279 278.5 279 279 279 279 279 279 278.5 278.5 278 277.5 277.5 277.5 277.5 277.5 277.5 277.5 277 276.5 276.5 276.5 275.5 274 274 275.5 275.5 275 274.5 274.5 274.5 274.5 274.5 274.5 273.5 273 273 273 274 274 274 273 272 272.5 272.5 272.5 272.5 272 271.5 271.5 271.5 271.5 270.5 270 269 268.5 268.5 268 266.5 265.5 265.5 265 266 266 266 267 267 267.5 266 265.5 263 265 266 265 262 265 268 267.5 267 267.5
279 279 279 279 279 279 279 279 279 279 279 279 279 279 278.5 278 278 278 278 277.5 278 277.5 277.5 277.5 277.5 276.5 276.5 275.5 274.5 272.5 274.5 275.5 275.5 275.5 274.5 274.5 274.5 274.5 274.5 274.5 274 273.5 273.5 273.5 274 274 274 273 272.5 272 272.5 272.5 272 273 271.5 271.5 269.5 269.5 269.5 268 269 269 269 267.5 264.5 262.5 265 265.5 265.5 265.5 265 265 266 266.5 265.5 264.5 264 265 265 263.5 265 266.5 267.5 264 265 269
279 279 279 279 279 279 279 279 279 279 279 279 279 279 278.5 278 278 278 278 278 278 277.5 277.5 277.5 277.5 277.5 276.5 275.5 274.5 274.5 275.5 276.5 275.5 275.5 275 274.5 274.5 274.5 274 274 273.5 273.5 274 274 274 273.5 273.5 273.5 272.5 271 272 272.5 272.5 273 271.5 270.5 270.5 270.5 270 270.5 269.5 268 268 267.5 264.5 261.5 264 264 261.5 262 263 262 265 265.5 266.5 266 266.5 266 265 264.5 265 266.5 265.5 261.5 263 266
279 279 279 279.5 279 279 279 279 279 279 278 278 278 278.5 278 278 278 278 278 278 278 278 277.5 277.5 277.5 277.5 276.5 275.5 275.5 276.5 276.5 276.5 276.5 275.5 275.5 274.5 275 274.5 274.5 273.5 273.5 273.5 273.5 274 273.5 273.5 272.5 272.5 272.5 271.5 272.5 272.5 273 272.5 271.5 270.5 269.5 269.5 270.5 270 268.5 266 264.5 265 261.5 260.5 265.5 266.5 262.5 263 266 266 266.5 266.5 266.5 266 266.5 266 265 262 263 264.5 263 260 258 262
279 279 279.5 279 279 278.5 279 279 279 279 278 278 278 278.5 278 278 278 278 278 278 278 278 277.5 277.5 277.5 277.5 277 276.5 276.5 276.5 276.5 276 276.5 276 275.5 275.5 273.5 273.5 273.5 273.5 273.5 273.5 273.5 273.5 273.5 273 272.5 272.5 273 273 273 273 272.5 272.5 270.5 270.5 269.5 270.5 269.5 269.5 269.5 268 268 266 263.5 265.5 267.5 266.5 263 264 264 266 266.5 266.5 265.5 266 266.5 266 265 262 264.5 262.5 260.5 256.5 253 253
279 279 279 279 279 279 279 279 279 279 279 278 277.5 277.5 278 278 278 278.5 278 278 278 278 277.5 277 277 277 277 277 276.5 275.5 276 275.5 276.5 276 275.5 275.5 274.5 274.5 274 273.5 273 273.5 273.5 274 273.5 273 273 272.5 273 272.5 272 273 272.5 271.5 271 271 271 271 271 270.5 270 269 270 268 267 267.5 267.5 266.5 264.5 261 260 262 263.5 265 265.5 265.5 266 266 265 265 265.5 264.5 260.5 256.5 250.5 250
278.5 279 279 279 279 279 279 279 279 279.5 279 278.5 278 277.5 278 278 278 nan 278 278 277 277.5 277 277 277 277 277 277 276 275.5 276 276.5 276.5 276 275.5 275.5 274.5 274.5 274.5 273.5 273.5 273.5 274 274 273 273 273 273 273 272.5 272.5 273 272 271.5 271.5 271 271 271.5 271 270.5 270 269.5 269 268 268 268.5 267.5 267.5 266.5 263.5 258 259 262 264 263 265 265.5 263.5 263 263.5 263.5 262 260.5 257.5 257 257
279 279.5 279 279 279.5 279 279 279.5 279.5 279.5 279.5 278.5 278.5 278.5 278 nan nan nan nan nan 277 277 276.5 277 277 277 277 277 276 275.5 276 276 276 276 275.5 275 274.5 274.5 274.5 273.5 273.5 273.5 273.5 273.5 272.5 273.5 273.5 273 273 272.5 272.5 272 271.5 271.5 272 271 271 271 271 270.5 269.5 269.5 269.5 269 269 269 267.5 266.5 266.5 266.5 263.5 260 261 262 260 263.5 264.5 261 260 261 260 259 258 259 262.5 263
279.5 279 279 279.5 279 279 279 279 279 279 278.5 279 279 278.5 nan nan nan nan nan nan nan 277 277 277 276.5 276.5 276.5 276 276 276 276 275.5 275.5 276 275.5 275.5 275.5 274.5 274.5 273.5 273.5 273.5 273.5 272.5 272.5 273.5 273.5 273 273 272.5 272 272 271.5 272.5 272 272 271 271 271 270 269.5 269 269.5 270 270 268 265 265.5 267.5 267 262 263 264.5 264 261 261 261.5 259 263 263 264 262 263.5 264.5 265.5 266.5
279.5 279.5 279.5 279.5 279.5 279.5 279.5 279.5 279 279 279 279 nan nan nan nan nan nan nan nan nan nan nan 277 276.5 276.5 275.5 275.5 276 276 276 275 275 275.5 275.5 275.5 275 275 275 274.5 274 273.5 273.5 272.5 272.5 273.5 273.5 273 272.5 272 272.5 272 272 271.5 271.5 271.5 271.5 271 270.5 269.5 269.5 270 268 268 269 267.5 266.5 267.5 268.5 267.5 265.5 266 265 262.5 262 264.5 266.5 265.5 266.5 267 266 266 266 268 267.5 267.5
279.5 279.5 279.5 279.5 279.5 279.5 279.5 279.5 279.5 279.5 nan nan nan nan nan nan nan nan nan nan nan nan nan nan nan 276 275.5 275.5 nan nan 276 275 275 275 275 275 274 274 274.5 274.5 274.5 274 273.5 273.5 273.5 273.5 273.5 273.5 272.5 272.5 272.5 272.5 272 272 271 270.5 270.5 270.5 271 270 269.5 269 267 267 269 268.5 267.5 268.5 267.5 267.5 267 264.5 262.5 258.5 262.5 265.5 263.5 266.5 267 267 267.5 268.5 268.5 269 269 268.5
279.5 279.5 279.5 279.5 280 280 280 279.5 279.5 nan nan nan nan nan nan nan nan nan nan nan nan nan nan nan nan nan nan nan nan nan nan 275.5 275 275 274.5 274.5 274 273.5 274 274 274 273.5 272.5 273.5 273.5 273 272.5 272.5 273 272.5 272 272 272 271 271.5 271.5 271.5 271 270 269.5 270 269 269 269 269 268.5 268.5 268.5 268.5 265.5 266.5 265 264 259.5 261.5 263.5 266.5 266.5 267 266 268 268.5 269.5 268 267 269
279.5 280 280 280 280 280 280 nan nan nan nan nan nan nan nan nan nan nan nan nan nan nan nan nan nan nan nan nan nan nan nan nan nan 275 274.5 274.5 274 274 274.5 273 272.5 272.5 272.5 273 273.5 273 272.5 272.5 272.5 272.5 272 272.5 272 272 271.5 271.5 271 270.5 271 269.5 269.5 269 269 269 269 269 269 269 268.5 267.5 266.5 264 261.5 258 256 262.5 265.5 267.5 267.5 267.5 267.5 268.5 268 266.5 265.5 268
280 280 280 280 280 nan nan nan nan nan nan nan nan nan nan nan nan nan nan nan nan nan nan nan nan nan nan nan nan nan nan nan nan nan nan nan 274.5 274.5 274 273 272 272.5 272.5 273.5 273.5 272.5 272.5 272.5 272.5 271.5 271 271.5 272 272.5 271.5 270.5 270 270 269.5 269.5 269 269 269 269 268.5 268.5 269.5 268.5 266.5 268 266.5 263.5 261.5 260.5 257 260.5 265.5 266.5 267 266.5 267.5 267 267 266 267.5 268.5
280 280 280 280 nan nan nan nan nan nan nan nan nan nan nan nan nan nan nan nan nan nan nan nan nan nan nan nan nan nan nan nan nan nan nan nan nan nan 274.5 273 272 272.5 273.5 273 273.5 273 272.5 273 272.5 270.5 270 270 271 272 271.5 271.5 270.5 270 269 269 269 269 269.5 269 269 269 270 269 268.5 265.5 265.5 264.5 265.5 264.5 259.5 260 262.5 266.5 268 268.5 268.5 267.5 266.5 266 267.5 267
280 280 nan nan nan nan nan nan nan nan nan nan nan nan nan nan nan nan nan nan nan nan nan nan nan nan nan nan nan nan nan nan nan nan nan nan nan nan nan nan 272 273 273 273 273 273.5 273 273 271.5 270.5 270.5 270.5 271 271.5 270.5 271 271.5 270 270 268 269.5 269 269.5 269 270 270 268.5 269 269 267.5 265.5 266.5 265.5 263.5 262.5 259.5 263.5 266.5 268.5 268.5 268.5 268.5 268.5 268.5 265.5 263.5
nan nan nan nan nan nan nan nan nan nan nan nan nan nan nan nan nan nan nan nan nan nan nan nan nan nan nan nan nan nan nan nan nan nan nan nan nan nan nan nan nan 273 273.5 273 273 273 273 273 271.5 270.5 271 271.5 271 271 270.5 270.5 271.5 271 270 269 270 270 271 270 270 269 269 269 269 268 268 265.5 261.5 259.5 258.5 259.5 264.5 267.5 267.5 268.5 268.5 269.5 269 268.5 267.5 265.5
nan nan nan nan nan nan nan nan nan nan nan nan nan nan nan nan nan nan nan nan nan nan nan nan nan nan nan nan nan nan nan nan nan nan nan nan nan nan nan nan nan nan 273.5 273 273 273 273 273 272 271.5 271.5 271.5 271 271 270.5 nan 270 272 271 270.5 270.5 270.5 270 269.5 269 266 268 268.5 269 268 267 267 264.5 262.5 261.5 263.5 266 266 265.5 266.5 267.5 266.5 264.5 269.5 269.5 269.5
nan nan nan nan nan nan nan nan nan nan nan nan nan nan nan nan nan nan nan nan nan nan nan nan nan nan nan nan nan nan nan nan nan nan nan nan nan nan nan nan nan nan nan 273 273 273 273 272 271 271.5 271.5 271.5 271.5 nan nan nan nan 271 272 270.5 269.5 269.5 269 269 269 268 268 268 269 269 268.5 268 266.5 264 264.5 265 266 266.5 267 267.5 267.5 263.5 266 269 269.5 270
nan nan nan nan nan nan nan nan nan nan nan nan nan nan nan nan nan nan nan nan nan nan nan nan nan nan nan nan nan nan nan nan nan nan nan nan nan nan nan nan nan nan nan nan 273.5 273.5 273 272 272 272 272.5 nan nan nan nan nan nan 272.5 271 270.5 270.5 270 269 268 268 269 268 268 269.5 269 269 267.5 267.5 266 266.5 264.5 265.5 265.5 266 267 266.5 263 264.5 267.5 269 270.5
nan nan nan nan nan nan nan nan nan nan nan nan nan nan nan nan nan nan nan nan nan nan nan nan nan nan nan nan nan nan nan nan nan nan nan nan nan nan nan nan nan nan nan nan nan 273.5 273 272.5 272.5 nan nan nan nan nan nan nan 273 273 272.5 271 270.5 270.5 268 267 268 268 268.5 269 270 269.5 269 268 266.5 268 267 265.5 264.5 264.5 266.5 266 264.5 263.5 267.5 269 270 269
nan nan nan nan nan nan nan nan nan nan nan nan nan nan nan nan nan nan nan nan nan nan nan nan nan nan nan nan nan nan nan nan nan nan nan nan nan nan nan nan nan nan nan nan nan nan nan nan nan nan nan nan nan nan nan nan 272 273 273.5 272 271 271 270.5 269.5 268.5 269 269 269 270 268 268 268 268 269 268 267 264.5 264 264.5 263.5 264.5 266.5 269 269 269 267
nan nan nan nan nan nan nan nan nan nan nan nan nan nan nan nan nan nan nan nan nan nan nan nan nan nan nan nan nan nan nan nan nan nan nan nan nan nan nan nan nan nan nan nan nan nan nan nan nan nan nan nan nan nan nan nan nan 272 273 273 272 271 270 269 268 269.5 269.5 270.5 270 270 269.5 269 269 268 267.5 266 264.5 264 263.5 265 267 267 267.5 267.5 264.5 266.5
nan nan nan nan nan nan nan nan nan nan nan nan nan nan nan nan nan nan nan nan nan nan nan nan nan nan nan nan nan nan nan nan nan nan nan nan nan nan nan nan nan nan nan nan nan nan nan nan nan nan nan nan nan nan nan nan nan nan 272.5 273 272 271 270 271 269.5 270.5 270 270 269.5 269.5 270 269 267 267 267 265.5 266 265 265 266 267 266.5 267 264 260 263
nan nan nan nan nan nan nan nan nan nan nan nan nan nan nan nan nan nan nan nan nan nan nan nan nan nan nan nan nan nan nan nan nan nan nan nan nan nan nan nan nan nan nan nan nan nan nan nan nan nan nan nan nan nan nan nan nan nan 272.5 272 273 273 273 272.5 271.5 271.5 270.5 270 270 269.5 268.5 266 262 267 268 268 267.5 267 267 267 267 266 266 263 261.5 265
nan nan nan nan nan nan nan nan nan nan nan nan nan nan nan nan nan nan nan nan nan nan nan nan nan nan nan nan nan nan nan nan nan nan nan nan nan nan nan nan nan nan nan nan nan nan nan nan nan nan nan nan nan nan nan nan nan nan nan 272.5 272.5 273 273 272.5 271.5 271.5 269.5 270 270 270 268 263 264 267 269 269 267 267 266.5 266 265 263.5 262 263 264.5 266
