ecocropFuture/tif/c6/rcp585/ACCESS-CM2/tmean_3.asc
ncols        683
nrows        518
xllcorner    -87.691666666667
yllcorner    10.708333333333
cellsize     0.008333333333
NODATA_value  nan
[rows 156 to 194 of 518, columns 261 to 347 of 683]
250 259.5 260 253.5 257.5 263.5 267 268 268.5 270 270.5 269.5 268.5 268.5 268.5 268 267 266 266 262 263.5 262 260 261.5 259.5 258.5 254.5 247 248 256 260 257 251 252.5 245 240 246 253 256.5 261.5 263.5 262 263.5 264.5 265.5 263.5 255.5 247.5 239.5 231 218 208.5 203 203 209 213.5 222 232.5 241.5 248.5 249 242.5 235 240.5 244.5 249.5 259.5 271 275 277 277 277.5 278.5 278.5 279 279.5 279.5 279 280 280 279.5 279.5 279.5 279 278.5 279 278
251.5 257.5 261 256.5 260.5 262.5 267.5 268 265 269.5 270.5 269 268 267.5 266 262 257 256 260.5 261.5 261.5 261 259.5 260.5 258.5 256 249.5 242.5 247 254 261 253.5 251 247 245 239.5 245 249 257 259 260 265 265.5 266.5 265.5 260 252 247 240.5 229.5 213 202 198.5 199.5 203 206.5 212.5 226.5 240 248 252 244.5 245 245 252 260.5 265.5 271 275 276.5 276.5 277.5 278.5 278.5 278.5 279 279.5 279.5 279 280 279.5 279 280 279 278 279 279
246.5 257 258.5 258.5 261.5 263.5 267 268.5 269 269.5 270 268 267 266.5 263.5 257 246.5 249 255.5 261 260 261 259.5 257.5 252.5 249.5 246 246.5 251.5 258 258.5 255.5 248.5 242.5 241 249.5 246 246.5 259.5 263 264 264 266.5 267 265 261 252 246 240.5 232.5 224 213.5 210.5 206 211 219.5 222.5 231.5 244 251 252 247.5 253.5 256.5 255 256.5 263 271.5 274.5 277.5 277.5 278 279 279 279 279.5 279.5 279.5 279.5 280 279.5 279 280 279 277.5 279 280
247.5 258.5 260 258.5 261.5 263.5 267.5 268.5 268.5 267.5 269 266.5 266 263.5 265 258.5 249.5 247.5 254.5 259.5 258 259 260.5 253 251 251.5 250.5 253 257 260.5 256.5 260 253.5 244.5 245 247 256 253.5 260 264 265 266 267 267.5 265 261.5 252 244 239 227.5 217 216 218 219 220 220.5 231 239 248.5 254.5 251 250.5 254.5 258.5 262.5 266 267 274 276 277 277.5 278 278 279 279.5 279.5 279.5 280 280 280 280 280 280 279 279 279 280
256.5 262 263 262.5 261.5 267.5 267.5 268.5 268.5 269 268 265.5 261.5 263 262 258.5 253.5 250.5 253 257 254 256.5 262.5 256 253 260 257.5 260 261.5 262 263.5 261 254.5 249 252 242.5 256 260 260.5 262 266.5 267 268 267 262.5 263 253 246 238.5 224 212.5 209 216.5 222 227.5 231 231 239 250 257 255 254 255.5 255 263.5 269.5 272 275 274.5 275.5 277 278 278.5 279 279 279.5 279.5 279 280 280 280 280 280 279.5 279.5 280 279.5
260 263 264 259.5 262 266.5 267.5 268.5 269 267 262.5 264 261 252 253 255.5 252 252 256 254.5 254.5 259.5 263 261.5 258.5 261 260 263.5 264 265.5 264.5 260 250.5 247.5 258.5 250 255 260 262.5 262.5 267.5 269 268.5 266.5 263.5 260.5 255 245 237 226.5 219 212 209.5 212 221 236 242.5 247.5 254 255 255 251 249.5 253 262 269 271.5 273.5 273 274.5 277 278 278 278.5 279 279.5 279.5 277.5 279 279.5 280 280 280 279 279.5 280 279
262 264 264.5 259 263 266.5 268.5 268.5 267 263 260 261 258 244 242.5 247 247 254.5 258.5 254.5 257.5 263 263.5 264.5 263.5 264 264.5 266 265.5 264.5 262.5 254.5 246.5 246.5 255.5 261 262.5 261.5 265 264 267.5 269 267 266 262.5 261.5 257 246.5 240 228 219 212.5 214 221.5 224 231.5 242.5 253.5 258.5 255 260 251 246 253 262 268 273 273 273.5 272.5 276 277.5 277.5 278 278.5 278.5 275.5 276 278 278 279 280 280 278 278.5 279.5 279
263 261 264.5 265.5 267 267.5 268 267 265 264.5 261.5 260.5 255.5 242 237 241 249.5 253.5 259 259.5 261.5 264 263.5 265.5 265.5 266 266.5 267 266.5 262.5 261.5 257.5 248 242 245.5 255.5 263 264.5 265 267.5 268.5 268.5 264.5 264.5 263 262 255.5 245.5 244 237.5 229.5 224.5 221.5 227 237 240.5 249 256.5 261.5 264 265 258.5 257 262.5 268 271 274 274.5 275 274 276 277.5 277.5 278 278.5 278 275 276.5 278 279 278.5 280 279.5 278.5 278.5 280 280
262.5 258.5 261.5 265.5 266 264.5 268 267 266 263.5 259 256.5 246 237 230 239.5 250 252.5 257.5 261.5 264 265.5 265 266 267 267.5 267.5 268 267 262.5 257 259 254 251 250.5 261 261.5 262.5 265 267.5 269.5 267.5 265.5 261.5 261.5 263 256.5 243.5 247 247.5 243 238 239 240 243 251 255.5 257 257 263 267.5 266 266 265.5 268.5 271.5 273 272.5 275.5 275 276 277 277.5 278 278 278 276.5 277 278.5 279 279 280 279.5 278 279 280 280
262 261.5 262.5 267 266 263.5 267 267 262.5 258.5 261 245 238 238.5 239.5 239 248.5 256 258 259.5 262.5 264 266 267 267 267.5 268.5 267.5 265 264 264 264.5 262.5 260.5 259.5 259.5 264 264.5 267 268.5 268 265.5 266.5 263 265 261 254 246.5 245 249.5 252 253 253 255.5 258 258 260 261.5 259.5 263.5 269 267 266.5 268 271.5 273 272.5 272 273 276 276 276.5 277.5 277.5 278 278 277 277.5 278.5 279 279 280 279.5 278 278.5 279.5 279.5
263.5 265 266.5 264.5 262 261 266 266.5 265 264 259.5 248.5 244.5 239 245 244.5 245.5 253.5 256.5 259.5 262.5 264 266 267.5 268 269 268.5 266.5 262.5 259.5 265.5 265.5 265.5 265.5 259 257 258 260 267 270 267 265 267 264 266 263 256.5 247.5 245 244 250.5 258.5 262 262.5 263 264 265 264 266.5 268.5 267 266.5 269 272 273 273 273 272 271.5 274 276.5 277 277.5 277.5 278 278 277 278 278.5 279 279 280 279.5 278.5 277 278 279
256.5 261.5 267 264 261 263.5 265.5 266 266 265.5 263 257 249 246 248 252 249 248.5 255 255.5 257 263 266.5 267.5 268.5 269 268.5 264 257.5 257.5 261.5 267 267 264 260 251.5 252.5 263 268.5 270 268 267.5 265.5 264.5 264 258 254.5 253 253 251 250 258.5 263 265.5 264.5 266.5 266.5 264.5 265.5 268.5 269 271 272.5 274 274 272 274 274 274 276 276.5 277 277.5 277.5 278 278 278 278.5 279.5 279.5 279 280 278.5 278.5 274 275 278
255 264 266 266 265.5 264.5 264.5 264.5 264 263.5 264.5 263 256 253 256.5 254 247.5 244.5 249.5 246 251.5 263 267 268.5 268.5 268 268.5 266.5 266.5 267 267 267.5 265 264 262.5 253 258 265 269 270.5 269 268.5 263.5 259.5 257 258 249 255 259.5 256.5 257.5 262 264.5 265.5 266.5 267.5 265.5 265.5 266.5 270 271 273 273.5 274 273 273 274 274 274 276 276 277 277.5 277.5 278 278 278 278.5 279.5 279.5 280 279.5 279.5 277.5 273 275 277
260.5 264 265 265 264.5 262.5 262.5 260.5 261 260 263 263 261.5 259.5 260 255 253 247.5 250.5 246 252.5 263 267 268.5 269.5 268.5 269 268 268.5 269.5 268 266 261 263 263 260 263 266 269.5 271 270 268.5 266 256.5 248.5 248 246 250.5 258.5 261.5 262 264.5 263.5 262 262 266.5 264.5 268.5 269.5 271 272.5 273.5 273.5 274 274 274 273 272 274 275.5 275 277 277.5 277 275.5 277 278 278.5 279.5 279 279 279 279.5 276.5 276 274 278
263 265.5 263 264 261 258 262.5 259 259 262.5 263 259.5 263 262 260 256 257 252.5 254 255.5 260 265 268 268.5 269.5 269.5 269 270 270 269.5 267.5 263.5 262.5 263.5 260 261.5 266 268 270.5 271 270 268 265.5 262 256 251 246 244.5 253 258 260 263 261 254.5 261 266.5 269.5 269.5 269 268 272 274 274 274.5 274 273.5 272 274 274.5 274 275.5 277 277 277 277 276 277.5 278.5 278.5 278.5 278 279.5 279 279.5 278.5 277 278.5
262.5 265.5 262 261 258 255 257.5 257 257 259.5 261.5 261.5 262.5 254.5 259 256 259 259 261 264 265.5 266 263.5 266.5 269.5 270 270 270.5 269.5 267.5 265 258.5 262.5 261 252 258 264.5 269.5 271 271 268.5 269.5 262.5 258.5 257 255.5 252.5 253 256 258.5 260.5 257 256 252.5 262 265 268 270.5 269.5 266.5 269 273 274 274.5 274.5 274 275 275 275 276 277 277 277 278 276 275 277.5 278.5 277.5 278 279 279 277.5 279 279.5 278.5 279.5
264.5 265 264 262.5 257.5 255.5 252.5 254.5 256 260 264 262.5 261.5 252 258.5 261 258 260 262 263.5 260.5 258.5 249 259 267.5 269.5 270.5 270.5 268 265 264.5 260 265 258 247.5 255 262 269.5 271.5 270 268 268.5 268 263 259 260.5 261.5 258 257.5 255.5 252.5 245.5 247 253.5 263.5 261 262 265.5 270 269 269 271 274 274 275 275 275 276 276 276.5 277 277 277.5 277.5 275 277 278 277.5 276.5 278 279 278.5 277.5 277.5 279 279.5 280
265.5 262.5 263.5 261.5 254 251 253.5 258 258.5 257 263.5 260.5 261.5 258.5 262 264 262 261.5 262 263 255.5 247.5 248 262.5 266.5 269.5 270 271 270 267.5 267.5 266 266 258 250.5 258 265.5 270.5 270.5 265 265 267.5 265 259 264 260 257 259.5 259 255.5 246 237 241.5 255 262.5 259 261.5 266 269 271 271 272.5 273.5 274 274 275 275 276 276 276 276.5 277 277.5 277.5 277 277.5 277.5 277.5 278 278.5 278.5 278.5 278 278 277.5 279 279.5
264 261 260.5 258.5 258.5 250.5 255 260 261.5 262.5 258.5 254 258.5 257.5 260 264 265 264 263 257.5 253.5 253.5 257.5 262.5 268 270 270 270.5 270.5 270.5 269 269 266.5 259.5 258.5 264 269.5 271.5 269 260 262 265.5 264.5 257 253.5 253 247 247.5 246.5 251 255 245.5 246.5 248.5 258.5 251 258.5 263.5 270.5 272.5 273.5 273.5 273 273 274 274 275 276 276 276 276.5 276.5 277 277.5 277.5 276.5 277.5 278 278 278 278.5 278.5 278.5 277.5 278 278.5 279.5
262 258.5 258.5 259 255.5 248.5 252.5 260.5 261.5 261.5 254.5 248 250.5 250.5 256.5 255.5 260.5 265.5 260 252.5 259.5 263.5 264.5 266.5 269 269.5 269 269.5 269 270 270 268 265.5 262.5 266 269.5 271.5 269.5 263.5 254.5 260 263 259.5 254.5 245.5 243.5 239 236.5 240 246 251 258.5 257 255.5 251.5 245 259 264.5 270.5 272 273 274 274 274 274 274 274 275 275.5 276.5 276.5 277 276.5 276.5 276.5 276.5 277 278 278 278 278 279 278.5 277.5 278.5 278.5 279.5
258 251.5 252.5 253.5 254 245.5 249.5 260.5 262.5 259.5 253.5 247.5 250 249 249 254.5 260 265 263.5 255.5 255.5 263.5 266.5 268 267 266.5 267.5 268 266 267.5 268.5 270.5 268.5 268.5 270 271.5 268.5 261 254.5 258 261.5 250.5 243.5 239 240.5 234 230 237.5 245.5 249.5 248.5 253.5 260 263 257 251 255 263 268.5 270 273 273 273 273 274.5 275 275 275 275 275.5 276 276.5 276.5 276.5 277 277 277 277 277 277.5 278.5 278.5 278.5 277.5 278.5 278.5 279.5
259.5 257.5 257 252.5 252 250.5 254 260.5 261.5 258.5 256.5 249 244.5 244.5 254.5 254.5 258.5 261 266.5 266 260 264 267 267 258.5 257 265.5 261.5 255.5 260 263.5 268 271 271 272 271 266 254.5 255 252 248 242.5 231.5 225 231 229.5 225 230 241 248 255.5 255 259.5 261.5 264 264 262.5 265 267 270 272 271 270.5 272.5 272.5 274 275 275 275 275 275.5 276 276.5 276.5 277 277 277 277 277.5 278 278.5 278.5 278.5 277 278.5 279.5 279.5
257 258.5 257.5 253.5 254 256.5 257.5 257.5 261 260.5 258.5 254 249.5 253.5 255.5 262 263 265.5 266.5 268 268 268 267.5 265.5 259 251.5 257.5 259 252.5 253.5 261.5 266.5 270.5 272 272 266.5 261 262 256 247 244 237.5 226.5 223.5 224.5 223 222.5 230 242.5 249 253.5 253.5 255 258.5 261 258.5 266 268 269 271 270 267.5 269.5 272.5 273 273 273 274 275 275.5 275.5 276 276.5 276.5 277 277 277 278 277 278 277.5 278 279 278.5 279 279.5 279.5
253 250 253 247.5 256.5 255 249.5 256 258 257 255 252 246 248 252 259 263.5 264 265 267 269 269 264.5 260 259 259.5 257.5 258.5 256.5 257 264.5 266.5 271 272 271 260.5 263 265.5 253 246 240 231.5 227 226.5 229 229.5 233.5 235 241.5 246 246 249 252 256 261.5 256.5 263.5 268 270 270 268.5 268.5 271 272 273 273 274 272 274.5 275.5 275.5 275.5 276.5 277 277 277 277 278 278 278 278 279 279 279 279 278.5 279
245 245 249.5 252 255 252 249.5 253.5 255.5 254.5 253.5 248 244 249 252 258 262.5 264 266 267.5 268.5 269.5 267 266 267 264 264.5 260 258 263 264 269 272 271.5 270.5 267 266.5 261.5 251.5 248 240 234 232.5 235 237.5 239.5 245 246 246.5 249.5 248 249.5 252.5 256.5 263.5 264 265.5 269.5 270.5 271.5 271 270.5 271 271 272.5 273.5 274.5 274.5 274.5 275.5 275.5 276.5 274.5 275.5 277 277.5 277.5 277.5 278 278 277.5 279 277.5 277 279 278.5 279
246 239.5 245.5 248.5 248 248 250 245 253.5 247.5 253.5 244.5 246 251 255.5 261.5 263 265 267 267.5 268.5 269 269.5 270 269 267 268 260.5 261 267.5 267.5 269.5 272 271 271 268.5 259.5 254 257 250 237 231 237.5 245.5 242.5 237 242 252.5 255.5 251.5 251.5 256 256.5 256.5 260.5 267.5 269.5 270.5 271.5 272.5 272 272 270.5 269.5 271 273.5 274.5 273.5 273.5 273.5 274.5 275.5 274 274.5 276.5 276.5 277 277.5 277.5 277.5 278.5 278.5 278 277.5 278 279.5 279
244.5 240 233.5 243 241 242.5 244.5 243.5 248 239.5 248 246 250 253 258 257 262.5 265 266.5 267.5 268.5 269 270 270 270 269 266 256.5 264 270 270 271 271.5 272 271 266 258 248 248 245.5 238 231.5 239 250 249 246 240 248 257.5 258.5 253 256.5 264 261 262.5 266.5 270.5 271.5 272.5 272.5 273 273 271.5 269.5 270 272.5 273.5 273 271.5 272.5 272.5 273.5 274 275 277 277 277 278 276 276 277 278.5 278.5 278 278.5 278.5 279
247 238 232 233 236 234 237.5 237 237.5 233.5 242 246.5 248.5 250 247.5 252 260 265 266.5 268 268 269 269 269.5 270.5 270 270 264 263 270.5 271 272 272 272 271 265 259.5 254.5 257.5 252 247.5 240 243.5 250 255.5 252.5 244 246 251.5 259 258 259.5 262 267 266 269.5 270.5 271.5 272 273 273 273.5 273 272.5 270.5 274 273.5 268.5 264 268.5 273.5 274.5 273.5 274 277 277 277 277 277 278 277.5 278.5 278.5 278 279 278.5 279
247 238.5 234 236 242 237 232.5 229.5 230.5 234 237.5 237.5 237 238.5 231 237.5 251 263 267 267.5 268.5 268.5 269 269.5 270 267 269.5 270.5 269.5 272 271.5 272 272 271.5 270.5 265.5 260 261 258.5 247.5 239.5 235 245.5 253 257.5 252.5 250.5 250 253 259.5 261 263 265 267 269 270 271.5 271.5 272.5 272.5 273 274 273.5 273 273.5 274 270 265.5 266.5 272.5 273.5 274.5 274.5 275 276.5 277 276 277 278 278 278.5 278.5 278.5 278 278.5 278.5 278
248 241.5 241 242 244.5 241 235 228.5 224.5 227.5 223.5 220 226 225 221 232.5 251 262 266 267 267.5 268.5 269 269.5 269.5 267.5 268.5 270 270 271.5 271.5 271.5 271.5 271.5 271 267.5 263 264.5 258.5 248.5 238.5 231.5 235 246.5 258.5 258.5 260.5 253 251 259 262 264 266 267.5 269 271 271 272 272.5 272.5 273 274 273.5 272.5 273.5 273 271.5 267.5 271.5 273.5 274.5 274.5 275.5 275 276.5 276.5 277 278 278 278 278.5 278.5 278.5 278.5 278 278.5 278
249 249.5 248 245 237 231.5 232 229.5 228.5 229 219 216 220 219 234 245 254 261 264 266 267.5 268.5 269.5 269.5 269.5 269.5 268 269.5 270 271 271 270 267 270.5 271.5 268.5 266 266 257 249.5 241.5 240.5 247 245.5 257 260.5 262.5 256 253 260.5 263.5 265 261 267.5 270 270 271.5 272 272.5 272.5 273 273.5 273.5 273.5 273 273 271.5 271 270.5 274 275 275.5 275.5 276.5 276.5 276.5 277 277 278 278 278 278 278.5 278 278 278.5 278
251 245 242.5 235.5 227.5 225 221.5 220.5 226 231 230 231 233.5 235 241 251 254 261 260 262 268 268 269 270 270 270 269 269.5 270 271 271 268 267.5 270.5 271 269 266.5 263 250.5 243.5 243.5 252 254 259.5 262 265.5 263.5 258 252 260.5 265 265 267.5 268 269.5 269 271.5 271.5 272 272.5 273.5 273.5 272.5 273 273 273 271.5 271 267.5 270 274 275 275.5 276 276.5 276.5 277 277 277 277.5 277.5 277.5 278 278 278 277.5 278
248 238.5 232 230 230.5 225.5 219 217.5 224.5 230.5 236 236 242.5 245.5 249.5 253.5 259 261.5 261.5 263.5 268 268.5 269 269 269.5 270.5 269.5 270 270 270.5 270 267.5 268 270 269 268.5 268.5 258 246.5 240 246.5 252 256 259.5 265 264.5 264 256 253.5 262 263.5 266.5 266.5 264 270 268 271.5 272 272 272.5 273.5 273.5 272.5 272.5 273 272 271.5 270 264.5 271 274 275 275 275.5 275.5 275.5 276.5 276.5 277 277.5 277.5 278 278 278 278 278.5 278
240 235 233 230.5 227.5 221 217.5 219.5 227 232 240.5 240 242.5 244.5 247 254.5 259.5 260 259 265.5 267.5 268.5 268 268.5 269.5 269.5 270 270 270 269.5 269.5 268 265.5 267 266 265.5 263.5 265.5 257 253.5 257 256.5 264 266 267.5 267 265 257 255 262.5 265 260 265.5 264 268 269.5 269.5 270.5 272.5 272 273 273.5 271.5 270.5 271 271 272.5 271 266.5 269.5 274 274 275 274.5 274.5 275 276.5 277 277.5 277.5 277.5 277.5 278 277 277.5 277.5 278
241 237.5 230 225 224 222.5 221.5 226.5 231.5 236 241.5 245.5 246 245 251.5 255.5 257 258 263.5 266.5 267.5 266 264 267.5 269.5 269.5 268 267.5 269.5 269 267.5 267 265 266 265.5 263 258 268.5 269 267.5 265.5 260.5 264.5 268 268 267 265 259 256 260.5 265 258 265.5 262.5 263.5 270.5 269 271.5 271.5 272.5 273 270.5 270.5 269 267.5 270 272 271.5 271.5 272.5 273 273 273 274 273.5 276 276.5 276.5 277 277 277 277 277 277 277.5 277.5 277
237 233 227.5 225.5 222.5 219.5 223.5 230.5 236 238 239 242.5 247.5 247.5 250 252.5 255.5 259 262.5 263.5 265.5 258 263 265.5 268.5 268.5 266 267.5 269.5 266.5 261.5 259.5 260.5 264.5 265.5 261 262.5 268 271.5 271 268.5 265.5 268.5 269.5 268 264.5 265.5 259.5 254 259 263 260 261.5 266 265.5 270 270 272 272.5 272.5 271.5 272 272 269 270 270 273 271.5 271 272.5 273 272 272 273.5 275 275.5 276 276.5 277 277 277 276.5 276.5 274.5 276.5 277 275.5
228 228 228 225 221.5 221.5 222 229 237 239 235 237 244.5 249.5 248.5 253.5 259.5 262.5 262 265 265.5 264 261.5 267 268 268 267 267.5 268.5 265 252.5 246 256.5 261.5 262.5 264.5 260 265.5 271 272 271.5 270.5 269.5 270.5 268 263 264.5 258 250 254.5 259.5 259.5 254.5 255.5 266 269 271 271 272 272.5 273.5 273.5 272 273 273 272.5 273.5 272.5 272.5 271 273 273 274 274 275 275 276 276 277 277 276.5 275.5 276.5 276 276 277 275
226 228 229.5 228.5 222.5 223.5 223 229.5 238 237 233.5 236.5 241.5 247.5 251.5 252.5 261 264.5 263 261 264.5 265.5 266 268.5 268 266.5 265.5 267.5 268 263 251.5 247.5 253 254 255 261 257 262 269.5 271.5 272.5 272 271.5 271 268.5 261.5 263 259.5 251 255 254.5 252 255.5 252 263 267.5 269.5 270 271 271 271.5 273.5 273.5 273.5 273.5 273.5 273.5 273.5 273 272.5 273 273 274 272 272 272 275 276 276 276.5 276.5 274.5 276 277 277 276.5 275.5
229 232.5 233.5 228.5 224.5 225.5 226.5 236 240.5 237 233 230 242.5 246.5 252.5 252.5 260.5 262.5 264.5 261 263.5 267 266 268.5 267 264 265.5 264.5 266 266 262 260 256.5 251.5 247.5 254 262 263 269.5 270.5 270.5 271 271.5 268.5 265.5 258.5 255.5 255 250.5 249.5 249 247.5 254.5 260 262 266.5 269.5 270 269 269 270.5 272.5 272.5 272.5 273.5 273 273 273.5 273.5 273.5 273 272.5 272 271 269 270 274.5 276 275.5 276 275.5 275.5 276 276 276 275.5 274
