ecocropFuture/tif/c6/rcp585/ACCESS-CM2/tmean_3.asc
ncols        683
nrows        518
xllcorner    -87.691666666667
yllcorner    10.708333333333
cellsize     0.008333333333
NODATA_value  nan
[rows 39 to 77 of 518, columns 261 to 347 of 683]
nan nan nan nan nan nan nan nan nan nan nan nan nan nan nan nan nan nan nan nan nan nan nan nan nan nan nan nan nan nan nan nan nan nan nan nan nan nan nan nan nan nan nan nan nan nan nan nan nan nan nan nan nan nan nan nan nan nan 273.5 273.5 272.5 270.5 268.5 268 272 270 269 269 268 268.5 268.5 270 269 270 271 271 271 271 271.5 271.5 271.5 271.5 271.5 271.5 271.5 272.5 272.5
nan nan nan nan nan nan nan nan nan nan nan nan nan nan nan nan nan nan nan nan nan nan nan nan nan nan nan nan nan nan nan nan nan nan nan nan nan nan nan nan nan nan nan nan nan nan nan nan nan nan nan nan nan nan nan nan nan nan 273 274 272 267 264 266.5 272 269 269 269 269 269 269.5 269 270 269 270.5 271 270.5 271 271.5 271.5 271.5 271 271.5 271.5 272 272 271.5
nan nan nan nan nan nan nan nan nan nan nan nan nan nan nan nan nan nan nan nan nan nan nan nan nan nan nan nan nan nan nan nan nan nan nan nan nan nan nan nan nan nan nan nan nan nan nan nan nan nan nan nan nan nan nan nan nan nan 273 273 270 262 262.5 268.5 271 269 269 269.5 269.5 269.5 270 270 270 270.5 270.5 270.5 269 269.5 270.5 271 270.5 270.5 271 272 272 271 271
nan nan nan nan nan nan nan nan nan nan nan nan nan nan nan nan nan nan nan nan nan nan nan nan nan nan nan nan nan nan nan nan nan nan nan nan nan nan nan nan nan nan nan nan nan nan nan nan nan nan nan nan nan nan nan nan 274 273 273 273 268.5 263.5 267.5 270 270 269 269.5 268.5 268.5 268.5 269 269 269.5 270.5 270.5 270.5 269.5 270 270 270.5 270 271 271 271 270.5 270.5 270.5
nan nan nan nan nan nan nan nan nan nan nan nan nan nan nan nan nan nan nan nan nan nan nan nan nan nan nan nan nan nan nan nan nan nan nan nan nan nan nan nan nan nan nan nan nan nan nan nan nan nan nan nan nan nan nan 272.5 273 268.5 270 271 269 268.5 270.5 269.5 270 268.5 268.5 269.5 269 270 270 270 270 270.5 270.5 271 270.5 271 271 270 271 270.5 269.5 270 270.5 270.5 271
nan nan nan nan nan nan nan nan nan nan nan nan nan nan nan nan nan nan nan nan nan nan nan nan nan nan nan nan nan nan nan nan nan nan nan nan nan nan nan nan nan nan nan nan nan nan nan nan nan nan nan nan nan nan nan 272.5 273 269.5 270.5 269 270.5 271 267.5 269 270 268.5 269 269.5 269 269 268 267 268 269.5 270.5 270.5 270.5 270.5 271 271 271 270.5 269.5 269.5 270.5 270.5 270.5
nan nan nan nan nan nan nan nan nan nan nan nan nan nan nan nan nan nan nan nan nan nan nan nan nan nan nan nan nan nan nan nan nan nan nan nan nan nan nan nan nan nan nan nan nan nan nan nan nan nan nan nan nan nan nan nan 273 273 273 271.5 272.5 270 268.5 270 270.5 269.5 268.5 269 269 270 269 268 269.5 269.5 267.5 269.5 270.5 269.5 269.5 270.5 270.5 270 269 268.5 269.5 270 270.5
nan nan nan nan nan nan nan nan nan nan nan nan nan nan nan nan nan nan nan nan nan nan nan nan nan nan nan nan nan nan nan nan nan nan nan nan nan nan nan nan nan nan nan nan nan nan nan nan nan nan nan nan nan nan nan nan nan 270 273 273 271.5 270.5 271 270.5 271 270.5 269 269 269 269.5 268 267 269.5 267.5 268.5 269.5 269 268.5 269 270 270 269.5 268 268 269 270.5 271
nan nan nan nan nan nan nan nan nan nan nan nan nan nan nan nan nan nan nan nan nan nan nan nan nan nan nan nan nan nan nan nan nan nan nan nan nan nan nan nan nan nan nan nan nan nan nan nan nan nan nan nan nan nan nan nan nan nan 273 272.5 270.5 271.5 271.5 270 271.5 270.5 269 269 268 269 268.5 268.5 267.5 267.5 269 270 268.5 268.5 268 269 270 269 268 269.5 270.5 271.5 272
nan nan nan nan nan nan nan nan nan nan nan nan nan nan nan nan nan nan nan nan nan nan nan nan nan nan nan nan nan nan nan nan nan nan nan nan nan nan nan nan nan nan nan nan nan nan nan nan nan nan nan nan nan nan nan nan nan 273 273 271.5 272.5 272.5 271 270.5 271.5 268.5 267 267 268 269 268 267 266 267.5 269 269.5 268 268 268.5 268 269.5 269.5 269.5 270.5 271 271.5 272
nan nan nan nan nan nan nan nan nan nan nan nan nan nan nan nan nan nan nan nan nan nan nan nan nan nan nan nan nan nan nan nan nan nan nan nan nan nan nan nan nan nan nan nan nan nan nan nan nan nan nan nan nan nan nan nan 273 273.5 273 274 273.5 272.5 271.5 271 270.5 267 266.5 267 268.5 268.5 268.5 266.5 267.5 268.5 269.5 269 268.5 268 269 270 270.5 270.5 270.5 270.5 271.5 271.5 272
nan nan nan nan nan nan nan nan nan nan nan nan nan nan nan nan nan nan nan nan nan nan nan nan nan nan nan nan nan nan nan nan nan nan nan nan nan nan nan nan nan nan nan nan nan nan nan nan nan nan nan nan nan nan nan nan nan 270.5 272.5 274 273.5 272.5 272 272 270 268.5 268 267 268.5 268.5 267 265.5 267 268.5 269 269.5 269.5 270 271 271 270.5 269.5 271.5 271.5 272 272 272
nan nan nan nan nan nan nan nan nan nan nan nan nan nan nan nan nan nan nan nan nan nan nan nan nan nan nan nan nan nan nan nan nan nan nan nan nan nan nan nan nan nan nan nan nan nan nan nan nan nan nan nan nan nan nan nan nan nan 274.5 273.5 273.5 273.5 273 272.5 271.5 270.5 269 268.5 269.5 268.5 266 266 267.5 268.5 269 269.5 271 271 271.5 271.5 271.5 271.5 272 272 272 271 271
nan nan nan nan nan nan nan nan nan nan nan nan nan nan nan nan nan nan nan nan nan nan nan nan nan nan nan nan nan nan nan nan nan nan nan nan nan nan nan nan nan nan nan nan nan nan nan nan nan nan nan nan nan nan nan nan nan 274.5 273.5 272.5 272.5 272 272.5 272.5 269.5 270 269 270 269 268 266 267 268.5 269.5 269.5 270.5 271 271 271.5 271.5 271.5 271.5 271.5 271 271 270 270
nan nan nan nan nan nan nan nan nan nan nan nan nan nan nan nan nan nan nan nan nan nan nan nan nan nan nan nan nan nan nan nan nan nan nan nan nan nan nan nan nan nan nan nan nan 274.5 274 274 nan nan nan nan nan nan nan nan 274 273 272 272.5 270.5 269.5 272.5 272.5 271 270 270 268 268.5 269 268 268.5 269.5 270 270.5 271 271 271 271.5 271.5 271.5 271 271 271 270 269 268
nan nan nan nan nan nan nan nan nan nan nan nan nan nan nan nan nan nan nan nan nan nan nan nan nan nan nan nan nan nan nan nan nan nan nan nan nan nan nan nan nan nan nan 274 274 273.5 272.5 270.5 274.5 nan nan nan nan nan nan 275 274 272 271 270.5 269.5 271.5 272.5 271.5 270.5 271 270 269 269 269.5 269 269.5 270.5 270.5 270.5 271 271 271.5 271.5 270.5 269.5 271.5 271 271 271 269 269.5
nan nan nan nan nan nan nan nan nan nan nan nan nan nan nan nan nan nan nan nan nan nan nan nan nan nan nan nan nan nan nan nan nan nan nan nan nan nan nan nan nan nan nan 273.5 274.5 273.5 272.5 271 273.5 273 nan nan nan nan 274.5 274 272.5 270 269 270.5 270.5 272.5 272.5 271.5 269.5 268.5 269 269 268 268 269.5 270.5 271 271 271 272 271.5 271 269 271.5 271.5 271.5 271 270.5 270.5 268.5 269
nan nan nan nan nan nan nan nan nan nan nan nan nan nan nan nan nan nan nan nan nan nan nan nan nan nan nan nan nan nan nan nan nan nan nan nan nan nan nan nan nan nan nan nan 273.5 274.5 272.5 271.5 271 273 274.5 274 274.5 273.5 273.5 273 272.5 271 269 269.5 271.5 272.5 272.5 271.5 267.5 266.5 267.5 268 267.5 269 270 271 271 271.5 271.5 271 271 268 270.5 271.5 271 271.5 271 270 270 270 268.5
nan nan nan nan nan nan nan nan nan nan nan nan nan nan nan nan nan nan nan nan nan nan nan nan nan nan nan nan nan nan nan nan nan nan nan nan nan nan nan nan nan nan nan nan 274 273.5 272.5 268.5 272 272.5 272.5 273.5 273.5 272.5 273.5 272.5 271.5 270.5 268.5 269 271 271.5 270.5 271 270.5 270 270 267.5 269 270 270.5 271 271.5 270.5 271 270 270 270.5 270.5 271.5 271 271 269 266.5 267 269 267
nan nan nan nan nan nan nan nan nan nan nan nan nan nan nan nan nan nan nan nan nan nan nan nan nan nan nan nan nan nan nan nan nan nan nan nan nan nan nan nan nan nan nan nan 274.5 272.5 272 267.5 273 272 271 271.5 272.5 273 272.5 271 268.5 267.5 267.5 270 270.5 271.5 271.5 271.5 269.5 269.5 268.5 268.5 270 270.5 270.5 270.5 271 270.5 269.5 269 270 270 270.5 271.5 270.5 269 265.5 265 266 267.5 265.5
nan nan nan nan nan nan nan nan nan nan nan nan nan nan nan nan nan nan nan nan nan nan nan nan nan nan nan nan nan nan nan nan nan nan nan nan nan nan nan nan nan nan nan nan 274.5 273.5 271.5 272 272 271 269 269 272 272.5 271.5 269.5 264.5 263.5 266 270 271.5 272 272 270.5 267.5 268.5 269 269.5 270 270.5 270.5 270.5 270.5 270 269 269 269 271 271.5 271 269.5 266 264 262 262 265.5 267.5
nan nan nan nan nan nan nan nan nan nan nan nan nan nan nan nan nan nan nan nan nan nan nan nan nan nan nan nan nan nan nan nan nan nan nan nan nan nan nan nan nan nan nan nan nan 274.5 272.5 270.5 272 269 264.5 269 272.5 271.5 270.5 265.5 264.5 266.5 269 270.5 270.5 272 271 269.5 269 269 270 270 270.5 270 269.5 269.5 269.5 270.5 270 270 271.5 270.5 271 270 270 268 267 265.5 266.5 267.5 267.5
nan nan nan nan nan nan nan nan nan nan nan nan nan nan nan nan nan nan nan nan nan nan nan nan nan nan nan nan nan nan nan nan nan nan nan nan nan nan nan nan nan nan nan nan 273.5 273.5 271.5 268.5 271 267.5 267 271.5 272 270.5 268.5 262.5 262.5 268 270.5 270.5 271.5 271.5 272 271 271 271 271 271 270.5 269.5 270 271 271 271 271 271.5 271.5 270.5 270 267 267 266 265.5 263 262 260 259.5
nan nan nan nan nan nan nan nan nan nan nan nan nan nan nan nan nan nan nan nan nan nan nan nan nan nan nan nan nan nan nan nan nan nan nan nan nan nan nan nan nan nan nan nan 274.5 273.5 271.5 271.5 271 270 271 271.5 271.5 270.5 268.5 267 268 270 270.5 270.5 270.5 271 271.5 272 272 272 271.5 271 270.5 269.5 270 270 271 271 270.5 269.5 270 271 269.5 265 265 261 260 261 259 260 261.5
nan nan nan nan nan nan nan nan nan nan nan nan nan nan nan nan nan nan nan nan nan nan nan nan nan nan nan nan nan nan nan nan nan nan nan nan nan nan nan nan nan nan nan nan 274.5 272 270.5 271.5 271 271 272.5 271.5 271.5 269.5 268.5 268 268 268.5 270.5 270.5 270.5 270.5 270.5 270.5 271 272 271.5 271 270.5 270.5 270 270.5 270.5 269.5 267 266.5 269 270 268 262.5 263 261 260.5 254 253 259 262.5
nan nan nan nan nan nan nan nan nan nan nan nan nan nan nan nan nan nan nan nan nan nan nan nan nan nan nan nan nan nan nan nan nan nan nan nan nan nan nan nan nan nan nan 274.5 272 271 271.5 268.5 268 272 271.5 270.5 271 270 270 267 266 268.5 269.5 268.5 269.5 268.5 270 271 271.5 272 271.5 271.5 270.5 270 270 270 269.5 268.5 266.5 262 267.5 268 266.5 265 266.5 265.5 263.5 257 254 259.5 262
nan nan nan nan nan nan nan nan nan nan nan nan nan nan nan nan nan nan nan nan nan nan nan nan nan nan nan nan nan nan nan nan nan nan nan nan nan nan nan nan nan nan 275 274 271 271 270.5 269.5 271 272 270 269.5 271 270.5 268 267 266 268 269.5 268.5 269.5 270 270.5 271 272 271.5 271.5 270.5 270 270 270 268 267 266.5 265.5 264.5 266.5 266 267 266.5 264 265 260 255 254 258.5 262.5
nan nan nan nan nan nan nan nan nan nan nan nan nan nan nan nan nan nan nan nan nan nan nan nan nan nan nan nan nan nan nan nan nan nan nan nan nan nan nan nan nan 273.5 274 271 269.5 270.5 267.5 269.5 272 271.5 269.5 269.5 270 270 266 265 265 267.5 266.5 268.5 270 270.5 271 271.5 272 271.5 270.5 271 270 269.5 268.5 267.5 265.5 263.5 263.5 264.5 264.5 260 265 264 262 264.5 260 249.5 245.5 257.5 261.5
nan nan nan nan nan nan nan nan nan nan nan nan nan nan nan nan nan nan nan nan nan nan nan nan nan nan nan nan nan nan nan nan nan nan nan nan nan nan nan nan 274.5 273.5 273 268.5 269 268.5 269.5 271.5 271.5 270.5 268 267.5 269.5 268.5 269 267 265 266 266.5 269.5 269.5 270 271 271.5 271.5 270.5 270.5 270 269 267.5 266 262 259 255 261 258 257.5 255.5 263 261 263.5 265.5 257 247.5 253 260.5 259.5
nan nan nan nan nan nan nan nan nan nan nan nan nan nan nan nan nan nan nan nan nan nan nan nan nan nan nan nan nan nan nan nan nan nan nan nan nan nan nan nan 275 274 271 269 268.5 267.5 271 272 271 267.5 267.5 267.5 268.5 266.5 268 267 266.5 267 268.5 268.5 269 270 271 271.5 271.5 270.5 270 269 268 265 265.5 260 255 254 257.5 252 255 260.5 261 258.5 263 261 251.5 250 254 260 258.5
nan nan nan nan nan nan nan nan nan nan nan nan nan nan nan nan nan nan nan nan nan nan nan nan nan nan nan nan nan nan nan nan nan nan nan nan nan nan nan 275 275 273.5 268.5 269 267 270 271 271 268.5 266 265.5 268 266 267 267 265 266.5 264 264.5 267.5 269.5 270.5 271 271.5 271.5 270.5 268 266 266 264 261.5 260.5 259 259.5 254.5 251 259.5 261 259 255 260 255.5 252 250.5 256 257 253.5
nan nan nan nan nan nan nan nan nan nan nan nan nan nan nan nan nan nan nan nan nan nan nan nan nan nan nan nan nan nan nan nan nan nan nan nan nan nan nan 275 274 270 268 268 268.5 270 271 270 267.5 264 265.5 264.5 265 268 266.5 264.5 263 263 265.5 268.5 270.5 271 271.5 271.5 271.5 270.5 267 264.5 264.5 260 261.5 262 262.5 261.5 259.5 257.5 263 257.5 258 254 258 261 258.5 256.5 259 258 252
nan nan nan nan nan nan nan nan nan nan nan nan nan nan nan nan nan nan nan nan nan nan nan nan nan nan nan nan nan nan nan nan nan nan nan nan nan nan 273 274.5 274.5 269 266.5 269.5 270 271 270.5 269.5 265.5 261.5 262.5 265.5 267 267 265 264 266 266.5 267.5 269.5 270.5 271.5 271 271.5 271.5 270 269 265 263.5 262 262 263.5 264.5 262.5 261.5 262.5 261 254.5 260 252.5 256.5 261 259 259 261 259 254
nan nan nan nan nan nan nan nan nan nan nan nan nan nan nan nan nan nan nan nan nan nan nan nan nan nan nan nan nan nan nan nan nan nan nan nan nan nan 274 275 273 269.5 266 269 271 270 269 268 263 262.5 264.5 265.5 265 265 259.5 263 266.5 268.5 269.5 270.5 270.5 271.5 271 271.5 271.5 267.5 269 267 265 264 263 264.5 264.5 262.5 261.5 258.5 257.5 257.5 261.5 254.5 256.5 260 258.5 258 261 260 256.5
nan nan nan nan nan nan nan nan nan nan nan nan nan nan nan nan nan nan nan nan nan nan nan nan nan nan nan nan nan nan nan nan nan nan nan nan nan nan 275 275 272.5 270.5 270.5 271 271.5 269.5 267.5 265 264 262.5 261.5 263 263.5 265 263 266 267 269 270.5 270.5 270.5 271.5 271.5 272 270.5 266 268 266.5 265 266 263 265 266 264.5 265 256.5 258.5 264 262 258 259 257 260 259 261.5 259 257
nan nan nan nan nan nan nan nan nan nan nan nan nan nan nan nan nan nan nan nan nan nan nan nan nan nan nan nan nan nan nan nan nan nan nan nan nan 275 274 274 272 271.5 272 272.5 271.5 268.5 263.5 264.5 265.5 260.5 260 264 266 267 267 265 266 269.5 270.5 270.5 271 271.5 271 271 270 268 266.5 266 264.5 266.5 264 266 265.5 265.5 264.5 258.5 262 264 259.5 258.5 258.5 253.5 259 260 261 260 260.5
nan nan nan nan nan nan nan nan nan nan nan nan nan nan nan nan nan nan nan nan nan nan nan nan nan nan nan nan nan nan nan nan nan nan nan nan nan 275 274 272 270.5 271.5 273 272.5 270.5 267.5 264.5 266.5 264.5 259.5 259 265 266 266.5 269 267.5 268.5 270.5 270.5 271.5 270.5 270.5 271.5 271 268 266 265.5 266.5 266 267.5 267 267.5 266.5 266.5 262 261 263.5 265 260 258.5 256.5 252.5 258.5 261 261 262 262.5
nan nan nan nan nan nan nan nan nan nan nan nan nan nan nan nan nan nan nan nan nan nan nan nan nan nan nan nan nan nan nan nan nan nan nan nan 274.5 275 273 273 272 273.5 273 272 270 268.5 268 266.5 262.5 257.5 262 263 263.5 267 269.5 270 270.5 270.5 271 271 271 270 271 271 271 265 267.5 265 266.5 268.5 268 268.5 267.5 267.5 264.5 266 265 264.5 261.5 260.5 258.5 258.5 261 261 260 261 261
nan nan nan nan nan nan nan nan nan nan nan nan nan nan nan nan nan nan nan nan nan nan nan nan nan nan nan nan nan nan nan nan nan nan nan 274.5 275 273.5 273 273 273 273.5 272 271 270.5 267 266 265.5 260 260.5 265 263.5 265 268.5 269.5 270.5 270.5 270.5 270.5 271 270.5 269.5 269 268 271 266 268.5 266.5 266.5 268.5 269 268.5 268.5 268.5 267.5 267 266 265 263 262 262 259.5 260 258 258.5 257 260
