ecocropFuture/tif/c6/rcp585/ACCESS-CM2/tmean_5.asc
ncols        683
nrows        518
xllcorner    -87.691666666667
yllcorner    10.708333333333
cellsize     0.008333333333
NODATA_value  nan
[rows 195 to 233 of 518, columns 261 to 347 of 683]
248.5 254.5 251 246.5 247 241.5 247 257 254.5 250.5 247.5 246.5 252 261.5 269.5 267 269 272 278 281 281 281.5 281.5 283.5 281.5 279.5 278.5 278.5 279 282.5 281.5 282.5 280.5 275.5 268.5 271.5 280.5 282 284 284 284 283 286.5 284.5 281.5 271.5 266.5 268 259.5 257.5 265 266 267 269 278 282 282 284 280.5 279 283 285 286 286 287 287 287 287 287.5 287 285.5 285 285 285.5 285 286.5 287.5 287.5 289.5 289 289 287.5 288 288.5 288 287.5 286.5
252.5 254 250 250 245 243.5 251.5 258 247 245.5 242.5 249 256.5 252.5 267.5 269.5 271 272 278 281.5 282.5 282.5 283.5 281.5 276.5 275.5 275.5 275.5 279 281 279 281 284.5 282.5 280.5 274.5 280.5 284 283.5 282 282 285 285 279 280.5 274.5 272.5 272 266 262.5 266 270.5 263 271 273 283 283.5 284.5 281.5 281 284.5 285 286 286.5 287 287 287 287 287 287 286.5 286 286.5 286.5 285.5 285 286.5 287.5 288.5 288 288 288 286 284 284.5 286.5 286.5
251.5 255 253 247 240.5 242 253 260 250 247.5 245.5 246.5 257.5 263.5 268.5 268.5 270 276.5 280.5 281.5 282.5 283.5 282.5 281 277 273 275 279 281 279 279 280 282 284.5 285.5 281.5 284 285.5 284.5 279.5 281.5 286 287 282.5 281.5 276.5 275 278 271 271.5 275 274.5 268.5 273 281 284 285 284.5 284.5 284.5 285 286 286 286.5 287 287 287 287 287.5 287 287 287 286.5 285.5 284.5 286.5 287.5 288 288.5 286 285 284 281.5 278.5 280.5 286.5 287.5
253.5 255 252 249.5 246 245 255.5 261 255 252.5 251.5 244.5 253.5 267.5 270.5 267.5 272.5 277.5 281.5 280.5 282 282.5 281 282 279 273.5 273 279 279.5 274 281 282.5 284 284.5 285.5 286.5 286.5 286.5 284 279 283 287 287 284 284.5 281 279.5 280.5 277 278.5 273 271.5 276 278 283 284.5 284 286 286 286.5 286 286.5 286 286 287 287 287 287 288 287 287 287 287 286.5 285.5 286.5 287.5 288 288 287 284 281.5 284 281.5 284 286.5 287
256 254 251 251 251 250 252 263 260 257 250.5 246.5 248.5 262.5 270.5 272.5 271.5 277.5 277.5 280.5 282 281 281 281 280 276 275 278 277 276 284.5 284.5 285.5 285.5 285 286.5 287.5 286.5 284.5 278.5 281.5 288 287 284 285 285 283.5 282.5 280 277 270.5 270.5 277.5 280.5 282 285 285 286 286 286 286.5 286.5 286.5 287 287 287 288 288 287.5 287 287 287 286.5 286.5 286.5 286.5 287 286.5 286 285.5 283.5 282 285 284.5 285.5 287 287
255.5 256 256 260 257 249 254 261 266 259 255.5 250.5 247.5 253.5 263 268.5 273.5 274.5 272.5 279 282 281 280 279.5 279 273.5 279.5 279 282.5 280.5 284.5 285.5 284.5 279.5 282.5 286 286.5 287 285.5 280.5 283.5 288 285 278.5 284 285.5 285.5 283.5 278.5 272.5 263 267.5 279.5 277 279.5 283 285.5 286 286 286.5 287 287 286.5 287 287 287 288 287.5 287 287 287.5 287 287 286.5 286.5 286.5 285.5 286.5 285 285 285 284 285 283.5 285.5 286.5 287
255.5 258 259 265 260.5 253.5 252 259 265 254 257 254.5 249.5 249.5 257 269 274.5 274.5 275 279 279 274 274 268 271 271.5 280.5 281.5 283.5 284.5 284.5 285 283.5 282.5 283.5 283 284 286 287 286 287 287 286 281.5 285.5 286.5 286.5 285.5 278 267.5 256 263 277.5 281.5 278.5 283 285 286 286 286 286 286.5 286 287 287 287 288 287.5 287 288 287 286 285 287 287 287 286.5 287 286 285.5 286 285 284.5 285 285.5 286.5 287
251.5 260.5 265.5 268 265.5 258 257.5 256.5 266 255 259 258.5 253.5 249.5 259.5 268.5 274.5 275 274.5 272 269.5 260.5 266 272 275.5 280.5 282.5 283.5 284.5 284.5 285 285 285 282 280 276.5 283 286 287 287 287 286 287.5 286.5 286.5 287 285.5 284.5 280 270.5 263 266.5 275.5 282.5 282.5 284 285 285 285.5 285.5 285 285.5 286 287 287 287 287.5 288 288 286.5 285 284 284 286 287.5 287.5 287.5 286.5 286.5 285 287 285 284 285 285.5 286 286
249.5 256.5 267.5 272.5 269.5 262.5 264.5 258.5 267.5 261 263 260 253.5 251.5 262.5 270.5 275 275 272.5 266 260.5 254 262 273 280.5 281.5 281 283.5 284 278.5 283 284 283 282 276 278 284 286 286.5 286 285 285.5 286 287.5 287.5 286.5 285.5 285.5 283.5 278 274 274 281 279.5 284.5 285 285.5 286 286 285 283.5 278 280 286 287 287 288 288 287 286 286 285.5 286 287 287.5 287.5 287 286.5 285.5 284.5 286.5 286 286.5 286.5 286.5 286.5 286
250 254.5 262.5 270.5 274.5 270 264 260 264 270 267 263 251.5 252.5 266.5 273.5 276 273.5 270 265 259 261 270 278 280.5 278.5 282 283.5 281 275 274 281 282 279 278 281.5 282.5 284.5 286.5 285.5 285.5 286.5 286.5 287.5 286 287.5 286.5 286.5 285.5 282 278 280.5 280.5 278.5 283.5 285.5 286 286 286 281.5 283.5 280.5 281 286 287 287.5 288 288 287.5 287 285 286.5 287 288 286 286 286.5 287 285.5 286 287 287 286.5 286.5 286.5 286.5 286
249.5 256.5 261 267.5 275 273 266.5 270 271 267.5 262.5 262.5 253.5 252.5 262.5 271 275.5 272.5 269.5 264 261 269 274.5 275.5 272.5 275.5 282.5 279.5 272.5 265 264.5 277 281.5 279.5 280.5 280 283.5 285.5 285.5 285.5 285.5 286.5 287.5 287.5 286.5 287.5 287.5 287.5 286.5 284 279 285.5 280 284 285.5 285.5 285.5 285.5 286.5 283.5 283 285 284 286 287 288 287.5 287.5 288 287.5 287.5 288 288 288 287 287 286 287 287 286.5 287 287 286.5 286.5 286.5 286.5 286
251 255 260 262.5 267.5 276 273.5 277 273.5 270.5 264.5 260 254 253 259 268.5 275 273 273.5 267 263.5 275 278.5 273.5 271.5 280.5 275 268 260.5 257 266 277.5 281.5 279 280.5 281.5 283.5 284.5 284.5 284.5 285.5 286.5 286.5 286.5 285.5 287 286 285.5 286 286 284 286.5 286 286.5 284 284 283.5 286.5 286.5 286.5 286 286.5 286 285.5 287 287 287.5 287.5 287.5 288 288 288 288 287 286.5 287.5 284 286.5 287 286.5 286.5 287 286.5 287 286.5 286.5 286
255.5 251.5 254 260 265 269.5 278.5 280.5 278.5 272.5 264.5 257.5 259 259.5 263 270.5 275.5 265.5 270.5 270.5 268 274 279.5 278.5 279.5 276 262.5 259 258.5 260 271 279 280.5 278.5 273.5 277.5 280.5 283 283 285 285 286 286 286 284.5 287 286 285.5 286.5 285 282 286 286.5 286.5 282 282 283.5 286 286.5 286.5 286.5 286.5 287 287 287 287 287.5 288 287.5 288 288 288 287 287 287 287 286 286.5 286.5 286.5 287 287 287 286.5 286.5 286.5 286
261 254.5 256.5 258.5 267.5 270 271 281 281.5 267.5 260.5 259 261 269 270.5 273.5 277.5 266.5 268 271 275 277.5 277.5 279.5 278.5 267.5 258.5 254.5 252 257.5 275.5 280.5 280 277.5 274.5 273 273 277 280 284 284 285.5 286 285 285 286 284 282.5 285 286 286 286.5 287.5 286 284.5 283 284.5 284.5 285 287.5 287.5 287.5 287.5 287.5 287.5 288 288 287.5 288 288 287 288 287 287.5 287 287 287 287.5 286.5 287 287 287 287 286.5 286.5 286.5 285.5
264.5 262.5 262 262.5 266.5 275 273 278.5 282 277 269 269.5 268 273 277.5 278.5 276 269.5 265 265.5 273.5 275.5 267 273.5 267.5 259.5 258 255 252.5 266 278.5 281.5 280.5 276 275 271 263 269.5 277.5 282.5 281 284 285.5 284.5 283 285 281 283 285 286 287 287 288 286 284 283 285.5 282 284.5 287 287.5 287.5 287.5 287.5 287.5 288 288 287.5 287.5 287 287 287.5 287.5 287.5 287 287 287 287.5 286.5 287 287 287 287 287 286.5 286.5 286.5
264.5 267 267.5 265 266 272 277.5 279.5 276.5 281.5 276 276 274 277 279.5 278.5 276 272.5 264.5 266 274 272.5 266.5 265.5 255.5 258 258.5 261 265 277 281.5 282 280 273.5 268 270.5 265.5 266 276 282.5 282 278.5 280 284.5 283.5 285 284 283 279.5 283 287 287.5 288 287 284 284 286 285 285.5 287 287.5 287.5 287.5 287.5 288 288 288 286.5 287 287 287 287 287.5 287.5 287.5 287.5 287.5 287.5 286.5 287 287 287 287 287 286.5 286.5 286.5
259.5 259.5 271.5 268.5 268 273.5 280 282.5 282 284 283 280.5 278.5 280.5 280.5 280.5 277 273.5 268 271 276 273.5 265.5 258.5 256 259.5 259.5 266.5 274 280.5 282.5 283 281.5 276 270 268 274 274 278 283 284 279 275 283.5 281.5 283.5 281.5 278.5 277.5 281 287 287 288 287 285.5 283 285.5 287 286.5 287 287.5 287.5 287.5 287 287 287 288 286.5 286.5 287 287 287 287 287 287 287.5 287.5 287.5 287.5 287 287 287 287 287 286.5 286.5 286.5
256.5 256.5 268 273 270.5 273.5 277 278.5 279.5 279 279 284 282.5 282.5 279.5 276.5 275 275 273 276 272.5 271 267.5 269.5 262.5 262.5 268.5 276 267.5 279 282.5 283.5 283 280.5 276.5 270.5 271 279 281.5 284 284.5 277.5 272.5 281.5 276 280.5 276.5 278.5 281.5 283 287 287 287 287.5 287 283 285 287 286.5 287 287.5 287 287.5 287 287 287 286 286.5 286.5 287 287 286.5 287 287 287 287.5 287.5 287.5 287.5 287.5 287 287 287 287 286.5 286.5 286
267 259.5 263.5 273 275 274 273.5 276.5 276 275.5 274 280 283.5 285 280.5 279 277 275 276 279 277 271.5 275.5 278.5 272.5 273.5 279 275 268 279 283 283.5 283.5 282.5 278.5 274.5 277 279 283 283.5 284.5 279.5 272.5 282 275.5 277.5 275.5 277.5 280 284 286 286 287 285.5 287 287.5 286 287.5 286.5 287 287.5 287.5 287 287 286.5 287 286 286.5 286.5 286.5 287 287 287 286.5 287 287.5 287.5 287.5 287.5 287.5 287 287 287 287 286.5 286.5 286
272 269 265 271 276 278.5 276 277 280 282.5 282.5 276.5 279.5 285.5 284 280.5 279 275 278 279.5 278 273 278.5 281.5 281 279 280 273 276 282.5 283.5 281 284.5 282.5 279 281 281 281 280 283 283 284.5 279 284 282 282 279.5 279.5 279.5 283 286 285.5 286 282 285 287.5 287.5 287.5 287.5 287.5 287.5 287.5 287 287 286.5 286.5 287 286.5 286.5 286.5 287.5 287 287 286 286 287 287.5 287 287.5 287.5 287 287 286.5 287 286.5 286.5 286
271.5 273 274 272.5 275 278 280 281.5 282.5 283 284.5 281.5 283 284 286 281 280 275 278 281.5 279.5 276.5 278.5 280.5 282.5 280 276 278 282 283 283.5 281.5 284.5 284.5 282.5 282.5 277.5 274 280 284.5 285 285.5 278.5 281 285 285 284 281 282 283 286 286 285 283 284 286.5 287.5 287.5 287.5 287.5 288 287.5 287 287 286 286.5 286.5 286.5 287 286.5 286.5 286.5 286.5 285.5 287 287 287 286.5 286.5 287 286.5 287 286.5 286.5 286.5 286 286
265 262.5 270.5 271.5 272 271 275 276 276.5 276.5 282.5 285 283.5 284 285 285 284 281 280 281.5 284 281.5 281.5 279.5 281.5 282 274.5 278 276.5 283.5 283.5 282.5 283.5 279.5 282.5 282 276.5 269.5 276.5 285 285.5 286.5 281.5 279 284 286 285 284 285 285 286 286.5 286 284 284.5 286.5 286.5 286.5 288 287.5 287.5 287.5 286.5 286.5 286.5 287 287 286.5 286.5 286.5 286.5 286.5 286 286 287 287 287 286.5 286.5 286.5 287 287 287 286.5 286.5 286 285
259.5 263 267 270.5 266.5 262.5 269.5 273.5 278.5 280.5 282 284.5 284.5 284.5 285 285 286 284.5 284 284.5 285.5 284.5 284.5 283 284 281 271.5 271 276 283.5 284.5 285.5 281.5 275.5 280.5 279 277 272.5 278 284 285 286 282.5 283 283.5 286 286 286 285 286 287 287 285.5 285.5 284.5 285.5 286.5 286.5 287.5 288 287.5 287.5 288 286.5 285.5 286.5 287 287.5 287 287 287 286 286 286 286.5 286.5 286.5 286.5 286.5 286.5 287 286 286.5 286.5 286.5 286 285
252 249 253 261 263.5 264 264.5 271 275.5 280.5 284 284.5 284 285 284.5 283 285 286 286 286.5 285.5 286.5 286.5 284 284 276 269 269.5 276 283.5 285.5 284.5 281 276.5 275.5 279.5 278.5 280.5 282 284 282 286 284.5 281 284.5 286 285 281 284 286 287 287 286.5 286 284.5 285.5 286.5 287 287 288 287.5 287.5 288 287.5 286.5 286.5 286.5 287.5 288 287.5 287.5 287.5 287 286.5 286.5 286.5 286.5 286.5 286 286 286 285.5 285.5 286 285 285 285.5
251 242.5 245.5 248.5 253 260 264.5 269.5 274.5 277 282.5 283 283 284 284 283 282 285 286 282.5 280.5 281.5 287 286 283 277 275 280.5 275.5 284 285.5 284.5 283 278.5 275.5 278.5 279.5 281.5 284.5 284 281 286 287 283 286 286 285 281 284 281 286 287.5 286 285.5 284.5 284.5 286 286.5 286 287 286 287 288 288 287 287 287 288 288 288 288 288 286.5 286.5 286.5 286.5 286 286 286 286 285.5 285.5 286 286 286 285.5 286
252.5 244 237 238 242.5 249 261 270 275 278 281 281 280 282 283 283 281.5 284 284 283.5 283.5 284 286 286 284.5 280 282.5 276.5 278.5 285.5 284 278.5 275.5 277.5 275.5 275.5 283.5 281 284 285 282 284 287 287 287.5 288 286 283.5 286 285 286 287 286.5 286.5 285.5 285.5 285 286 287 287.5 287 288 288 288 288 288 287.5 287.5 288 288 287.5 287 286.5 286.5 286.5 286.5 286.5 286 286 285.5 285.5 286 286 286 285 285.5 285.5
252.5 244.5 232.5 231 235.5 245.5 257 271 273 275 277 276.5 280 281 281 280 280.5 281 282 284.5 285.5 286.5 286.5 285 285.5 284.5 285 283.5 284.5 286 281 274 275.5 277.5 268.5 274.5 283.5 285 284 285 284 286 287 287 287 288 288 287 285 282 286.5 287.5 287.5 286.5 286 285.5 285 286 288 288 287.5 287.5 287.5 287.5 287.5 288 288 287.5 288 288 287.5 287 286.5 287 286.5 287 287 286.5 286.5 285.5 286 286 286 286.5 285.5 285 283.5
255.5 246 234 239 237 244.5 256 263 277 277 274 277 280 283 282 279.5 278.5 281 282.5 284.5 284.5 287 287 286.5 286.5 283.5 285.5 285.5 284.5 285.5 282 278.5 281 278 269.5 273.5 282.5 287 286 286 286.5 287.5 287.5 287.5 287 288 287 286.5 283 277 281 287 287.5 287.5 286.5 286 285.5 286.5 288 288 288 288 287 287 287.5 288 288 288 288 287 287.5 287.5 287 287 287 287 286.5 286.5 286.5 286.5 286 286 286 286.5 286.5 285 283.5
253.5 251.5 243 247.5 245.5 252 262 268 277.5 280.5 280 281.5 283 284.5 285 282 278 283 284 285.5 284.5 286 287.5 287 285.5 284.5 287 287 287 287 283.5 275 281.5 282.5 278.5 281.5 286 287 287 286 284 286 286 287 287.5 288 286 284 283 279.5 283 286.5 287.5 287.5 287.5 286.5 286 286.5 288 288 288 288 288 288 287 288 287.5 287.5 287 287.5 287.5 288 287.5 287 287 287 287 286.5 287 286.5 286 286 286 285.5 286.5 285.5 285.5
257 259.5 255.5 256.5 256.5 258 264.5 271 278 281 282.5 276.5 276 277 282 285.5 285.5 284.5 285.5 286 286 287 286 285.5 285.5 287 286.5 287 287.5 287 286.5 282 282 287 286 286.5 283 282 285 286.5 285.5 286 286 286 287 287 283 279 280 283 284.5 286.5 287.5 287.5 286.5 287.5 286.5 286.5 287.5 288 287.5 288 288 287 286 287 287 287 287 287.5 287.5 287.5 285.5 286 286 284.5 285 285.5 286.5 286 286 286 286.5 286.5 286.5 286.5 285.5
255 262.5 264.5 262.5 259.5 263.5 263.5 268.5 276.5 280.5 282.5 279.5 275.5 275.5 277.5 284.5 285.5 285.5 285 284 286 285 282 280.5 280.5 284.5 285.5 286 284.5 286 287.5 287 287 285 284.5 283 280 276.5 282.5 287.5 287.5 283.5 285 287 287 286.5 282 281.5 280.5 282.5 285.5 286.5 286.5 286.5 286.5 287.5 287.5 287.5 287.5 287.5 287 287 287.5 287 286 287 287 287 287 287.5 287 285.5 285 285 285 284 284.5 285.5 286.5 286.5 286 286 285.5 285.5 286.5 286.5 286.5
253 261.5 267.5 268.5 270.5 268.5 271.5 273.5 274.5 279.5 283.5 281.5 275.5 277.5 283 286 285.5 285 286 287 284 283 279.5 278 282.5 285 286 284.5 281.5 280 283 285.5 287 285 282 280.5 278 276 284 287 286.5 284.5 284 286.5 287 286 282 284.5 283.5 281.5 285 286.5 286.5 286.5 286.5 287 287 286.5 286.5 286.5 287 287 287 286.5 286 286.5 286 286.5 287 287 286.5 285 285.5 285 285 284.5 285.5 285.5 285.5 286 286 285 284.5 284.5 285.5 286.5 286.5
263 263 268.5 269.5 276 274 273.5 276 272 276.5 283.5 284.5 281.5 280.5 283.5 287 287 285 285 284 282 277 276.5 282.5 283.5 285 282.5 276 275 274.5 279 282 286 286.5 284 280.5 276 268.5 280 286.5 285.5 285.5 285 286.5 287 286 283 283 284.5 285 285.5 286.5 286.5 286.5 287 287 287 286.5 286.5 286.5 286.5 286.5 286.5 286.5 285 286 286 285.5 286 286 287 286 286 286 285.5 286 286 286 286 286 285.5 285 285.5 284.5 285.5 285.5 286
268 267 272.5 268 272 280.5 281.5 277 278 276 280.5 285.5 282.5 284 286 287 287 284 281 276 278.5 274.5 278.5 277.5 281.5 283 278.5 271.5 265.5 267.5 275 280 285.5 286 282.5 277.5 275.5 268.5 278.5 285 284 283 285 286 286 286 283 281 281.5 283.5 286 286.5 286.5 286.5 287 287 287 287 286.5 286.5 286.5 286.5 286.5 286.5 285.5 285.5 285 286 286 285 287 287 285.5 285 286 286 285.5 285.5 285.5 286 285 284.5 284.5 282.5 280.5 282.5 284.5
266.5 268 270 276 275 278 284 282 281 279 279.5 285.5 284.5 284.5 286 286 286 283 276.5 270 271.5 269.5 275.5 277.5 279 277 277.5 274.5 271.5 271 274 276 284 285.5 283 277.5 273 271.5 278.5 284.5 284.5 285 286 285 284 286 284 283.5 281.5 283.5 285.5 286.5 284.5 285.5 287 287 287 287 287 287 286.5 286.5 286.5 285.5 285.5 285 285.5 285.5 286 285 286 285 285.5 285 285.5 285.5 285.5 285.5 285.5 285 285 283.5 283.5 283.5 282.5 281.5 284
271.5 269.5 272 274 279 281.5 285 286 284 283 281 284 286.5 285.5 287 285 283 283.5 278.5 268 260.5 266.5 271 268.5 275.5 271.5 271 273 274 271 271 278 283 285 284 282 276 273 278 281.5 283.5 285 285.5 285 285.5 285.5 285 284.5 285 282.5 284.5 285.5 285.5 286 287 287 287.5 287 287 286.5 286.5 286.5 286.5 285.5 285.5 285.5 286 286 287 286 286 285 285.5 285 285 285.5 285.5 285.5 285 285 284.5 284 283.5 282.5 279.5 282.5 284
282.5 280.5 277.5 280.5 282.5 285 285 286 287 286 284 284 285.5 286.5 287 285 281.5 280.5 280.5 269.5 260.5 262.5 261 265 267 266 268 272 274 274 272.5 278 283 283 284 282 279 274.5 275 276.5 276.5 283 285 283.5 285 285 285.5 285.5 285.5 284.5 284.5 284.5 285.5 286.5 286.5 287 287 286 285.5 286.5 286.5 286.5 285.5 286.5 286.5 286.5 286.5 286.5 286.5 286 285 284 285.5 286 285.5 285.5 285.5 284.5 285 285 284 284 283.5 283 282.5 282 284
277 283.5 285 284 285 281.5 280.5 282.5 283.5 287 286.5 286.5 286 285.5 287 284.5 278.5 274.5 279.5 268.5 257.5 256.5 260 261 266 264 265 274 275 275 275.5 278 281 282 284.5 281 277 273.5 272.5 279 277.5 282 284.5 283 283 283.5 285 286 285.5 285.5 285.5 284.5 286.5 285.5 286.5 286.5 286.5 285 285.5 285.5 286.5 286 285.5 285.5 286.5 286.5 286.5 285.5 285.5 285 285 285.5 285.5 286 285.5 285.5 282.5 284 284.5 284 283.5 283.5 282.5 280 282 280 282.5
272 272 279.5 284 283 274.5 277.5 281.5 283 283.5 285.5 284.5 284.5 281.5 286 283.5 282.5 277.5 274.5 269 256.5 259.5 261 262.5 263.5 264 263 269 272 274 277 279 278 282 284 281 275 274 276.5 280.5 279.5 283.5 284 282 283 284 285 285 285.5 285.5 286.5 285.5 286.5 286.5 287 286.5 286 284.5 284.5 285.5 285.5 285.5 283.5 284.5 286 286.5 285.5 285.5 285 286 285 285.5 286 285.5 285.5 285.5 285 283.5 284.5 283 280.5 279.5 279 276 273 280 283
