ecocropFuture/tif/c6/rcp585/ACCESS-CM2/tmean_6.asc
ncols        683
nrows        518
xllcorner    -87.691666666667
yllcorner    10.708333333333
cellsize     0.008333333333
NODATA_value  nan
[rows 0 to 37 of 518, columns 435 to 521 of 683]
nan nan nan nan nan nan nan nan nan nan nan nan nan nan nan nan nan nan nan nan nan nan nan nan nan nan nan nan nan nan nan nan nan nan nan nan nan nan nan nan nan nan nan nan nan nan nan nan nan nan nan nan nan nan nan nan nan nan nan nan nan nan nan nan nan nan nan nan nan nan nan nan nan nan nan nan nan nan nan 276.0 276 276 nan nan nan nan nan
nan nan nan nan nan nan nan nan nan nan nan nan nan nan nan nan nan nan nan nan nan nan nan nan nan nan nan nan nan nan nan nan nan nan nan nan nan nan nan nan nan nan nan nan nan nan nan nan nan nan nan nan nan nan nan nan nan nan nan nan nan nan nan nan nan nan nan nan nan nan nan nan nan nan nan nan nan nan nan 276 276 275.5 275.5 275.5 276 nan 276
nan nan nan nan nan nan nan nan nan nan nan nan nan nan nan nan nan nan nan nan nan nan nan nan nan nan nan nan nan nan nan nan nan nan nan nan nan nan nan nan nan nan nan nan nan nan nan nan nan nan nan nan nan nan nan nan nan nan nan nan nan nan nan nan nan nan nan 274.5 274.5 274.5 nan nan nan nan nan nan nan nan 275 275 275.5 275.5 275.5 275.5 275.5 nan 276
nan nan nan nan nan nan nan nan nan nan nan nan nan nan nan nan nan nan nan nan nan nan nan nan nan nan nan nan nan nan nan nan nan nan nan nan nan nan nan nan nan nan nan nan nan nan nan nan nan nan nan nan nan nan nan nan nan nan nan nan nan nan nan nan nan nan 274.5 274.5 274.5 274.5 274.5 nan nan nan nan nan nan 275.5 275.5 275.5 276 276 276 276 276.5 276 277
nan nan nan nan nan nan nan nan nan nan nan nan nan nan nan nan nan nan nan nan nan nan nan nan nan nan nan nan nan nan nan nan nan nan nan nan nan nan nan nan nan nan nan nan nan nan nan nan nan nan nan nan nan nan nan nan nan nan nan nan nan nan nan nan 274.5 274.5 274.5 274.5 274.5 274 274.5 nan nan nan 274.5 275 275 275 275 275.5 275.5 275.5 276 276 276.5 276.5 277
nan nan nan nan nan nan nan nan nan nan nan nan nan nan nan nan nan nan nan nan nan nan nan nan nan nan nan nan nan nan nan nan nan nan nan nan nan nan nan nan nan nan nan nan nan nan nan nan nan nan nan nan nan nan nan nan nan nan nan nan nan nan nan nan 273.5 274 274 274 274 274 274 274 274 274 274 274.5 274.5 274.5 275 275 275.5 275.5 275.5 276 276 276.5 277
nan nan nan nan nan nan nan nan nan nan nan nan nan nan nan nan nan nan nan nan nan nan nan nan nan nan nan nan nan nan nan nan nan nan nan nan nan nan nan nan nan nan nan nan nan nan nan nan nan nan nan nan nan nan nan nan nan nan nan nan nan nan 273.5 273.5 273.5 273.5 273.5 273.5 273.5 273.5 274 274 274 274 274 274 274.5 274.5 275 275 275 275.5 275.5 276 276 276 276.5
nan nan nan nan nan nan nan nan nan nan nan nan nan nan nan nan nan nan nan nan nan nan nan nan nan nan nan nan nan nan nan nan nan nan nan nan nan nan nan nan nan nan nan nan nan nan nan nan nan nan nan nan nan nan nan nan nan nan nan nan nan nan 273.5 273.5 273.5 273.5 273.5 273.5 273 273.5 273.5 274 274 274 274 274 274 274.5 275 275 275 275.5 275.5 276 276 276 276
nan nan nan nan nan nan nan nan nan nan nan nan nan nan nan nan nan nan nan nan nan nan nan nan nan nan nan nan nan nan nan nan nan nan nan nan nan nan nan nan nan nan nan nan nan nan nan nan nan nan nan nan nan nan nan nan nan nan nan nan nan nan 273.5 273.5 273.5 273.5 273 273 273 273 273.5 274 274 273.5 274 274 274 274 275 275 275 275 275.5 276 276 276 276
nan nan nan nan nan nan nan nan nan nan nan nan nan nan nan nan nan nan nan nan nan nan nan nan nan nan nan nan nan nan nan nan nan nan nan nan nan nan nan nan nan nan nan nan nan nan nan nan nan nan nan nan nan nan nan nan nan nan nan nan nan 272.5 272.5 273 273 273 273 273 273 273 273 273.5 273.5 274 274 274 274 274 274.5 275 275 275 275 275.5 276 276 276
nan nan nan nan nan nan nan nan nan nan nan nan nan nan nan nan nan nan nan nan nan nan nan nan nan nan nan nan nan nan nan nan nan nan nan nan nan nan nan nan nan nan nan nan nan nan nan nan nan nan nan nan nan nan nan nan nan nan nan nan 272.5 272.5 272.5 272.5 273 273 273 273 273 273 273 273 273.5 273.5 274 274 274 274 274 275 275 275 275 276 276 276 276
nan nan nan nan nan nan nan nan nan nan nan nan nan nan nan nan nan nan nan nan nan nan nan nan nan nan nan nan nan nan nan nan nan nan nan nan nan nan nan nan nan nan nan nan nan nan nan nan nan nan nan nan nan nan nan nan nan nan nan nan 272.5 272.5 272.5 272.5 272.5 273 273 273 273 273 273 273.5 273.5 273.5 274 274 274 274 274 274.5 275 275 275 275 275.5 275.5 275.5
nan nan nan nan nan nan nan nan nan nan nan nan nan nan nan nan nan nan nan nan nan nan nan nan nan nan nan nan nan nan nan nan nan nan nan nan nan nan nan nan nan nan nan nan nan nan nan nan nan nan nan nan nan nan nan nan nan nan nan nan 272 272 272 272 272 272 273 273 273 273 273.5 274 274 274 274 274 274 274 274 274.5 274.5 275 275 275 275 275.5 275.5
nan nan nan nan nan nan nan nan nan nan nan nan nan nan nan nan nan nan nan nan nan nan nan nan nan nan nan nan nan nan nan nan nan nan nan nan nan nan nan nan nan nan nan nan nan nan nan nan nan nan nan nan nan nan nan 271.5 271.5 271.5 271.5 271.5 271.5 271.5 272 272 272 272 273 273 273 273.5 274 274 274 274 274 274 274 274 274 274 274 274.5 274.5 274.5 274.5 274.5 275
nan nan nan nan nan nan nan nan nan nan nan nan nan nan nan nan nan nan nan nan nan nan nan nan nan nan nan nan nan nan nan nan nan nan nan nan nan nan nan nan nan nan nan nan nan nan nan nan nan nan nan nan nan nan nan 271 271 271 271 271 271 271.5 271.5 272 272 272 272 273 273 273.5 274 274 274 274 274 274 274 274 274 274 274 274.5 274.5 274.5 274 274 274
nan nan nan nan nan nan nan nan nan nan nan nan nan nan nan nan nan nan nan nan nan nan nan nan nan nan nan nan nan nan nan nan nan nan nan nan nan nan nan nan nan nan nan nan nan nan nan nan nan nan nan nan nan nan 271 270.5 270.5 270.5 270.5 270.5 271 271 271 271.5 272 272 272.5 273 273 273.5 274 274 274 274 274 274 274 274 274 274 274 273.5 274 274 274 274 274
nan nan nan nan nan nan nan nan nan nan nan nan nan nan nan nan nan nan nan nan nan nan nan nan nan nan nan nan nan nan nan nan nan nan nan nan nan nan nan nan nan nan nan nan nan nan nan nan nan nan nan nan nan 270.5 270.5 270.5 270.5 270.5 270.5 270.5 270.5 271 271 272 272 272 272 273 273 273.5 274 274.5 274.5 274.5 274.5 274.5 274 274 274 274 273.5 273.5 273.5 274 273.5 273.5 273.5
nan nan nan nan nan nan nan nan nan nan nan nan nan nan nan nan nan nan nan nan nan nan nan nan nan nan nan nan nan nan nan nan nan nan nan nan nan nan nan nan nan nan nan nan nan nan nan nan nan 270 270 nan nan 270 270.5 270.5 270.5 270.5 270.5 270.5 271 271 271.5 271.5 272 272 272.5 273 273.5 273.5 274.5 274.5 274.5 274.5 274.5 274.5 274.5 274 274 273.5 273.5 273.5 273.5 273.5 273.5 273.5 273.5
nan nan nan nan nan nan nan nan nan nan nan nan nan nan nan nan nan nan nan nan nan nan nan nan nan nan nan nan nan nan nan nan nan nan nan nan nan nan nan nan nan nan nan nan 269.5 nan 269.5 269.5 269.5 269.5 269.5 270 270 270 270 270 270 270.5 270.5 270.5 270.5 271.5 271.5 271.5 272 272 272.5 272.5 273.5 273.5 274 274 274.5 274.5 274.5 274.5 274.5 274 274 273.5 273.5 273 273.5 273.5 273 273.5 273
nan nan nan nan nan nan nan nan nan nan nan nan nan nan nan nan nan nan nan nan nan nan nan nan nan nan nan nan nan nan nan nan nan nan nan nan nan nan nan nan nan nan nan 269 269.5 268.5 269 269.5 269 269 269.5 270 270 270 270 270 270 270.5 270.5 270.5 271 271.5 271.5 271.5 272 272.5 272.5 272.5 273.5 273.5 274 274 274 274.5 274.5 274.5 274.5 274 273.5 273.5 273 273 273.5 273 273 273 273
nan nan nan nan nan nan nan nan nan nan nan nan nan nan nan nan nan nan nan nan nan nan nan nan nan nan nan nan nan nan nan nan nan nan nan nan nan nan nan nan nan nan nan 268.5 268.5 268.5 269 269 268.5 269 269.5 270 270 270 270 270 270 270 270.5 270.5 271 271 271.5 271.5 272 272.5 272.5 273 273 274 274 274 274 274 274.5 274.5 274.5 274 274 273.5 273 273 273 273 273 273 272.5
nan nan nan nan nan nan nan nan nan nan nan nan nan nan nan nan nan nan nan nan nan nan nan nan nan nan nan nan nan nan nan nan nan nan nan nan nan nan nan nan nan 268.5 268.5 268.5 268.5 268.5 268.5 268.5 268.5 268.5 269 269.5 269.5 270 270 270 270 270 270 271 271 271 271.5 271.5 272 272.5 272.5 273 273 273.5 274 274 274 274 274 274.5 274.5 274 274 273.5 273 273 273 272.5 273 272.5 272.5
nan nan nan nan nan nan nan nan nan nan nan nan nan nan nan nan nan nan nan nan nan nan nan nan nan nan nan nan nan nan nan nan nan nan nan nan nan nan nan nan nan nan 268 268.5 268.5 268.5 268.5 268.5 269 269 269 269.5 269 269.5 270 270 270 270 270 270 271 271 271 271.5 272 272 272.5 273 273 273.5 273.5 274 274 274 274 274.5 274.5 274 274 273.5 273 273.5 273 272.5 273 272.5 272.5
nan nan nan nan nan nan nan nan nan nan nan nan nan nan nan nan nan nan nan nan nan nan nan nan nan nan nan nan nan nan nan nan nan nan nan nan nan nan 268.5 268 268.5 268.5 268.5 269 269 269 269 269 268.5 268.5 269 269 269.5 269.5 269.5 270 270 270 270 270 270.5 271 271 271.5 272 272 272 273 273 273.5 273.5 274 274 274 274 274.5 274.5 274 273.5 274 273.5 273.5 273 273 273 272.5 272.5
nan nan nan nan nan nan nan nan nan nan nan nan nan nan nan nan nan nan nan nan nan nan nan nan nan nan nan nan nan nan nan nan nan nan nan nan 267.5 268.5 268 268 268.5 268.5 268.5 268.5 269 269 269 269 268 268.5 268.5 268.5 269.5 269.5 269.5 269.5 269 269 269 269 270 271 271 271 271.5 272 272 273 273 273.5 273.5 273.5 274 274 274 274 274.5 274 273.5 274 273.5 273.5 273.5 273 273 272.5 272.5
nan nan nan nan nan nan nan nan nan nan nan nan nan nan nan nan nan nan nan nan nan nan nan nan nan nan nan nan nan nan nan nan nan 267.5 267.5 nan 267.5 268 267.5 267.5 268 268 268.5 268.5 268.5 268.5 268.5 268.5 268 268.5 268.5 268.5 268.5 268.5 269.5 269.5 269.5 269.5 270 270 270 270 271 271 271 272 272 272 272.5 273 273.5 273.5 274 274 274 274 274.5 274 274 274 273.5 273.5 273.5 273 273 272.5 272.5
nan nan nan nan nan nan nan nan nan nan nan nan nan nan nan nan nan nan nan nan nan nan nan nan nan nan nan nan nan 267.5 267.5 267.5 nan 267.5 267.5 267.5 267.5 267.5 267.5 267.5 267.5 267.5 267.5 267.5 268 267.5 267.5 267.5 268 268 268 268.5 268.5 268.5 268.5 269 269 269.5 269 269 269.5 270 270 270 271 271 271.5 272 272.5 273 273.5 273.5 274 274 274 274 274.5 274 274 274 274 273.5 273.5 273 273.5 273 272.5
nan nan nan nan nan nan nan nan nan nan nan nan nan nan nan nan nan nan nan nan nan nan nan nan nan nan nan nan nan 267.5 267 267.5 267.5 267.5 267 267 266.5 266.5 266.5 266.5 266.5 266.5 267 267.5 267.5 266.5 266.5 267 267 267 267.5 268 268.5 268.5 268.5 268.5 268.5 269 269 269 269.5 270 269.5 270 270.5 271 271.5 272 272.5 272.5 273.5 273.5 273.5 274 274 274 274.5 274 274 274 274 273.5 273.5 273 273.5 273 272.5
nan nan nan nan nan nan nan nan nan nan nan nan nan nan nan nan nan nan nan nan nan nan nan nan nan nan nan 267.5 266.5 266.5 267 266.5 266.5 266.5 266.5 266.5 266.5 266 266 266 266 265.5 266.5 266.5 266.5 266 266.5 266.5 266.5 267.5 267.5 268 268 267.5 268 267.5 268 268.5 269 269 269 269 269 269.5 270 271 271 271.5 272 272.5 272.5 273 273.5 274 274 274 274 274 273.5 274 273.5 273.5 273.5 273 273 272.5 272.5
nan nan nan nan nan nan nan nan nan nan nan nan nan nan nan nan nan nan nan nan nan 268 268 nan nan nan 267.5 267 266.5 266.5 266.5 266.5 266.5 266.5 266.5 266 265.5 265.5 266 265 265 265 265.5 265.5 266 265.5 265.5 265.5 266 266.5 267.5 267.5 268 267.5 267.5 267.5 267.5 268.5 268.5 269 269 268.5 269 269 270 270.5 270.5 271 271.5 271.5 272 272.5 273 273 273.5 273.5 273.5 274 273.5 274 273.5 274 273.5 273 272.5 272.5 272
nan nan nan nan nan nan nan nan nan nan nan nan nan nan nan 268.5 268.5 268.5 268.5 nan 268 268 267.5 nan 267 267 266.5 266.5 266.5 266 266.5 265.5 265.5 265.5 265.5 264.5 265 265 265 265 264.5 264 264.5 265 265.5 265 265.5 265 266 266.5 267 267 267 267.5 267.5 266.5 267.5 268 268 268 268 268 268.5 269 269.5 269.5 270 270.5 271 271.5 272 272 272 273 273 273.5 273.5 273.5 273.5 273.5 273.5 273.5 273.5 273 272.5 271.5 272
271.5 270.5 270.5 nan nan nan nan nan nan nan nan nan nan nan nan 268.5 268.5 268.5 268 268 268 267 267 266.5 266 266 265.5 266 265.5 265.5 265.5 265.5 265.5 265.5 264.5 264.5 264.5 264.5 264 264.5 264 263 263.5 264 264 264 265 265 266 266 266 267 267 267 267.5 266.5 267.5 267.5 267.5 267.5 267.5 268.5 269 268.5 269.5 269.5 270.5 270.5 270.5 271.5 272 272 273 273 273 273.5 273.5 273 273.5 273 273.5 273 273 273 273 272.5 272
270.5 270.5 270.5 nan nan nan nan nan nan nan nan nan nan 269 268.5 268.5 268.5 268.5 268 267 267 266 266.5 266 265.5 265.5 265.5 265.5 265.5 265.5 265.5 265.5 265 264.5 264.5 263.5 263.5 263.5 263.5 264 264 263 263 263 263.5 264 264.5 265 265.5 265 266 266 267 266.5 266.5 266.5 267 267.5 266.5 266.5 267.5 268.5 269.5 269.5 269.5 269.5 269.5 270.5 270.5 271 271.5 272 272 272.5 272.5 272.5 273 273 273.5 273 273 273 273 272.5 273 272.5 272.5
270.5 270 270 nan nan 270 270 269 269.5 269 269.5 269 269 268.5 268.5 267.5 268 267.5 267 267 266.5 266 265.5 265.5 265 265.5 265 265 264.5 264.5 264.5 264.5 264.5 264.5 263.5 262.5 263 262.5 262.5 263 263 263 263 263 263 264 263 264 264 264.5 265 266 266 266 266 267 267 267 267 267 268 268.5 269 269.5 269.5 270 270.5 270.5 270.5 271 272 272 272 272 271.5 272 272.5 272.5 272.5 273 273 273 273 273 273 272.5 272.5
269.5 269.5 270 270 270 269.5 269.5 269 269 269 269 269 269 268.5 267.5 267.5 267 266.5 266.5 266 266 265.5 265 265 264.5 264.5 264.5 264.5 264.5 263.5 263.5 263.5 263.5 263.5 263.5 263.5 263.5 262.5 262.5 262.5 263 263 263 263 263 264 263 264 264 264 265 265 265 265.5 266 266.5 267 267 268 268 268 268.5 269 269 269.5 270 270.5 270.5 271 271 272 272 271.5 271.5 271.5 272 272 272 272.5 273 273 273 273 272.5 272.5 273 272.5
269.5 269 269.5 269.5 269.5 269.5 269 269 268.5 268.5 268.5 268.5 269 267.5 267 266.5 266.5 266 266 266 265 265 265 264.5 264 264 264 264.5 264 263.5 263.5 264 264 263.5 263.5 263.5 263.5 263 263 263 263 263 263 263 264 264 264 264 264.5 265 264.5 265 265 265 266 267 267 267.5 268 268.5 269 269 269.5 269 269.5 270 270 270 271 271 271 271 270.5 271.5 271.5 272 272.5 272.5 272.5 272.5 273 272.5 272.5 273 272.5 272.5 272
269.5 268.5 269.5 269.5 268.5 268.5 268.5 269 268.5 268.5 268 268.5 268 267 267 266.5 266.5 266 266 265 264.5 264.5 264.5 264 263.5 263 263.5 263.5 263.5 264 263.5 263.5 263.5 263.5 263.5 263.5 263.5 263.5 263.5 263.5 263.5 263 263 263 264 264 264 264 264 265 265 265 265 265 266 266 267 267 268 268 268.5 269 269.5 269 269 269 270 270 270 270 270.5 270.5 270.5 271 271.5 271.5 272.5 273 272.5 272.5 273 273 272.5 273 272.5 272.5 272
268.5 268.5 269.5 269.5 268.5 268.5 268.5 268.5 268 268 268.5 268.5 268 267 266.5 266.5 266.5 265.5 265 265 264 264.5 264.5 263.5 262.5 263 263 263.5 264 263 263 263 263 263 263 263.5 263.5 263.5 263.5 264 264 264 264 264 264 264 264 264 265 265 265 265.5 266 265 265 266 266 267 267.5 268 268 268.5 268.5 268.5 269 269 269 269.5 270 270 270.5 271 271.5 271.5 271.5 272 272.5 272 272.5 272.5 273 273 272.5 272.5 272.5 272.5 272
