ecocropFuture/tif/c6/rcp585/ACCESS-CM2/tmean_7.asc
ncols        683
nrows        518
xllcorner    -87.691666666667
yllcorner    10.708333333333
cellsize     0.008333333333
NODATA_value  nan
[rows 38 to 75 of 518, columns 344 to 429 of 683]
275 275.5 276 276 275.5 275.5 275.5 276 276 276 276 nan nan nan nan nan nan nan nan nan nan nan nan nan nan nan nan nan nan nan nan nan nan nan nan nan nan nan nan nan nan nan nan nan nan nan nan nan nan nan nan nan nan nan 273.5 273.5 273.5 273.5 nan nan nan nan nan nan nan nan nan 271 270 269 269 269 269.5 269.5 268.5 268.5 269.5 269 268.5 268.5 268.5 268.5 267.5 267 267 267
276 276 276 276 275.5 275.5 275.5 276 276 276 276 276.5 277 nan nan nan nan nan nan nan nan nan nan nan nan nan nan nan nan nan nan nan nan nan nan nan nan nan nan nan nan nan nan nan nan nan nan nan nan nan nan nan nan 273.5 273.5 273 273.5 273 nan nan nan nan nan nan nan nan nan 270.5 269 268.5 269 269 269 268.5 268.5 268.5 268.5 268 268 267.5 268.5 268 268 267 267 267
275.5 276 276 275.5 274.5 274.5 275 274 275 275 275.5 275.5 275.5 276.5 nan nan nan 276.5 nan nan nan nan nan nan nan nan nan nan nan nan nan nan nan nan nan nan nan nan nan nan nan nan nan nan nan nan nan nan nan nan nan nan nan 273 272.5 272.5 272.5 272.5 nan nan nan nan nan nan nan nan nan 270 269 268 268 269 268.5 268.5 268.5 267.5 267 267 267.5 267 267.5 267 267 267 267 266.5
275 275.5 274.5 275 275 275 275 274.5 275 275 275 275.5 275.5 275.5 276.5 nan 276.5 276.5 276.5 nan nan nan nan nan nan nan nan nan nan nan nan nan nan nan nan nan nan nan nan nan nan nan nan nan nan nan nan nan nan nan nan nan 272.5 272 272 272 272 272 nan nan 271.5 271 271 nan nan nan nan 270 270 269 268.5 268.5 268.5 267.5 267.5 267 266 266.5 267 267 267 267 266.5 266.5 266.5 265.5
274.5 274.5 274.5 274.5 274 275 274 273.5 274 274.5 275 275.5 275.5 275.5 276.5 276.5 276.5 276.5 276.5 276.5 276 276 276 nan nan nan nan nan nan nan nan nan nan nan nan nan nan nan nan nan nan nan nan nan nan nan nan nan nan nan nan 272 272 272 271.5 271 271 271 271 271 270.5 270.5 270.5 nan nan nan nan 270 270 269.5 268 268.5 268.5 268.5 268 267 266 266.5 267 267 266 265.5 266 266 266 265.5
273.5 274.5 274.5 274.5 274.5 274.5 274 274 274 275 275.5 275.5 275 276 276.5 277 276 276 276 276 276 276 275.5 275.5 276 275.5 nan nan nan nan nan nan nan nan nan nan nan nan nan nan nan nan nan nan nan nan nan nan nan nan 272 271 271 271 271 270 269.5 270 270 270.5 270 270 270.5 270.5 270 nan 270 269 269 269.5 268.5 267.5 268 268.5 268 267.5 267 266 265 266.5 265 265 265.5 265.5 265.5 265.5
273.5 274 274.5 274.5 275 274.5 274 274.5 275 275 275 275 275 276 276 276 276 276 276 275.5 276 275.5 275.5 274.5 275 275 275 275 275 275 275 274.5 274 274 274 274 274 nan nan nan nan nan nan nan nan nan nan nan nan 272 271 271 271 271 271 270 270 269.5 269.5 269.5 269.5 270 270 270 270 270 269 269 269 269 268.5 267.5 267.5 267.5 267.5 267 267 266 265 266 265.5 265 264.5 265 264.5 264.5
271.5 272.5 273.5 274.5 274.5 274 274 274.5 275 275 275 276 276 276 276 275.5 275 275.5 275.5 275.5 275.5 275.5 275.5 274.5 274.5 275 274 274 275 274.5 274 274 274 274 274 274 273.5 nan nan nan nan nan nan nan nan nan nan nan nan 272 271 271 271 271 270.5 269.5 270 269.5 269 269.5 269.5 269.5 270 270 270 269.5 269 268.5 268.5 268.5 268.5 268 267.5 267.5 267 267 266 266 265.5 265 265 264 264.5 264.5 264 263.5
271.5 272.5 274 274.5 275 274.5 274 275 275 275 275 275 275.5 275.5 275.5 275 275.5 274.5 274.5 274.5 274.5 275.5 275 274 274.5 274 274 274 274 274 273.5 273 273.5 274 274 nan nan 273.5 273.5 nan nan nan nan nan nan nan nan 272.5 272 272 271 271 270.5 270.5 270 269.5 269.5 269.5 269 268.5 269 269 270 270 269 269 268.5 268 268.5 268.5 268 267.5 267.5 267.5 267 267 266 266 265.5 265 265 263.5 262.5 261 262 263
273 274.5 274.5 275 275 275 275 274 274 275 275 275.5 275.5 275 274.5 275.5 274.5 274.5 274.5 274.5 274.5 275 274.5 274 274 274 274 273.5 274 273.5 273 273 273 273.5 273.5 274 273.5 273.5 273.5 nan nan nan nan 272.5 272.5 272 272 272 271 271.5 271.5 271 270.5 270.5 270 269.5 269 269 268 268 269 269 269 269 268.5 267.5 267.5 267.5 268.5 267.5 267.5 267.5 267.5 267.5 267 267 267 266 266 264.5 264.5 263.5 262 260 260 260
274 274.5 274.5 275 275 275 275 275 275 275 275.5 275 274.5 274.5 274.5 274.5 274 274 274 274.5 275 274.5 274 274 274 274 273.5 273.5 273.5 273.5 272.5 273 273 273 273.5 274 273.5 274 273.5 274 274 273.5 nan 272.5 272.5 272.5 272.5 271.5 271.5 271 271 270.5 270.5 270 269.5 269.5 269 269 268 268 268 267 266 269 268.5 267.5 266.5 267.5 267.5 267.5 267.5 267 267 267 267 267 267 266 265.5 265.5 264.5 264 263 260 259 259
273.5 274.5 274.5 275 275 275 275 274.5 275 275 275 274.5 274.5 274.5 274.5 274 274 274.5 274.5 275 274.5 274 274 274 274 273.5 273.5 273.5 273.5 273.5 272.5 272.5 272.5 273 273.5 274 273.5 274 273.5 273 273 273 273 272.5 272.5 272 272.5 271.5 271.5 270 270.5 270.5 270 269.5 269 269 269 269 268.5 268.5 268.5 266 266 268.5 268.5 267.5 267 267.5 266.5 266 267 267 267 267 267 266.5 266.5 266 265.5 264.5 264.5 263.5 263 262 260 259
274.5 274.5 275 274.5 274 272 273.5 273 273 274.5 274.5 274.5 274.5 274.5 275 274.5 274.5 274.5 274 274 273 274 274 274 273.5 273.5 273.5 273.5 272.5 272.5 272 272 273 273 273.5 273.5 273.5 273.5 273 273 273 273 273 272.5 272.5 272 272.5 271.5 271.5 270 270.5 270.5 269.5 269 268 267 265 267.5 267.5 268 268.5 267.5 267 268 267.5 266.5 267 267 267 266 265 266 267 266 266.5 266 266 265.5 265.5 264.5 264.5 264 263 261 260 259
274.5 274.5 274 274 272 266 268.5 273 273.5 273.5 274 273.5 273.5 273 274 274 274.5 274 273.5 273 273 274 274 274 273.5 273.5 273.5 273.5 273.5 272 272 273 273 273 273 273 273 273 272.5 272.5 272.5 272.5 272.5 271.5 272.5 272.5 272.5 272 271.5 270 270.5 269.5 268 266 263.5 261 263 263.5 261.5 266.5 267.5 265.5 266.5 268.5 268.5 267.5 267.5 265.5 265.5 266 264 264 266 266 266 266 265.5 265.5 265.5 264.5 264 263.5 262.5 261 260 259
273.5 273.5 272 272.5 270 264.5 267 268.5 273 273.5 273.5 273.5 272.5 273.5 274 274 274 274 274 273 274 274 273.5 273 273.5 273 272.5 273.5 273 272.5 272 272 272 273 273 273 273 273 272.5 272.5 272.5 272.5 272.5 272 272.5 272.5 272 272 271.5 270.5 270.5 269.5 268 267.5 267 265.5 262.5 259.5 264 266.5 267.5 267.5 267.5 267.5 268.5 267.5 267.5 266.5 265 265 263 262.5 263.5 264.5 264.5 264.5 264.5 265.5 265.5 264.5 264 263.5 262.5 261 259 258.5
273.5 272.5 271.5 271 271 271 272 272.5 273.5 272.5 272.5 273 273 273 273.5 274 274.5 274 273 273 274 274 273.5 273.5 273.5 272.5 272.5 272.5 272.5 272 271 270 272 272.5 273 273 272.5 272.5 272.5 272.5 272.5 272.5 272 272.5 272.5 271.5 272.5 271.5 271.5 271 270 270 268.5 267.5 268.5 268 266 265 264 264 265 267 266 266 268 268 267.5 265.5 263.5 262 261 261.5 262.5 263.5 262.5 263 264 264.5 264.5 265 264 263.5 262 262 260 259.5
273.5 273 271 272 272 272.5 273 273.5 273.5 271.5 271 272 272 272 273 273 274 274 274 274 273.5 273.5 273.5 273 273.5 273.5 272.5 272.5 272.5 271 271 271 271.5 272 273 272.5 272.5 272.5 272.5 272.5 272 272.5 272.5 272.5 272 271.5 272 271.5 271.5 271 270 270 269.5 268.5 268 269 267 266 260 258 260.5 265.5 265 267 268 267 266 263.5 262.5 261.5 261.5 262 261.5 262.5 261.5 262.5 262.5 263.5 264.5 264 263.5 263 263 262 260 259.5
273 272.5 271 271 271 272 272 272.5 272.5 272.5 272.5 273 273 273 274 274 274 274 273 273.5 273 273 273 270.5 271.5 271.5 272 272.5 272 272 270 271.5 272 272.5 272.5 272.5 272 272 272.5 271.5 271.5 272.5 272.5 272 271.5 271.5 272 271.5 270 271 270.5 270.5 270.5 269.5 269 269 267.5 265 261 260 263 265 265 266.5 266 265 265.5 264.5 264.5 264 263 263 262.5 261.5 262.5 262.5 262 263 263 262.5 262.5 262 262 261.5 261 260
272.5 272 272 271 269.5 271.5 269.5 271.5 271.5 272.5 273 273 273 273 273 273 273.5 273.5 273 273 273 273 271.5 270.5 271.5 271.5 271 271 271 271 270 271 272.5 272.5 272.5 272.5 272 272 271.5 271.5 271.5 271.5 271.5 271.5 271.5 271.5 272 272 270 271 270.5 270.5 270.5 270 269.5 269.5 269 267 266 266 266 266 266 266.5 266 266 266 266.5 266.5 265 265 264.5 264.5 262.5 262.5 262.5 262.5 263 262.5 261.5 262 262 262 262 261.5 260.5
268.5 269 271 269 270.5 270 270.5 271.5 272.5 272.5 272.5 273 271 272 273 273 273 273 273 273 272.5 272.5 271.5 269.5 270 270.5 270.5 271 271 272 272 272 272 272 272 271.5 271 270.5 271.5 271.5 269.5 271.5 271.5 271.5 271.5 270 271 271.5 271 271 271 270.5 270.5 270 270 269.5 269 268 268 267 267 266 266 265.5 266 266.5 266.5 266.5 266.5 265 265 265.5 265.5 265.5 263 262.5 264.5 264.5 263.5 262 262 262 263 262 262 259.5
267 268 270 267.5 266.5 270 272.5 271.5 271.5 270.5 269.5 271 271 269 271.5 273 273 273 273 272.5 272.5 272.5 271.5 269.5 268 269.5 270 271 271 270 271 271.5 272 272.5 272 271.5 270.5 269.5 269.5 270.5 270.5 270.5 271 271 271 270.5 269.5 271 271.5 271 271 271 270.5 270.5 270.5 270 269.5 269 268 267 267 267 266.5 266 266.5 267 267 266.5 266.5 266 266.5 266.5 266.5 266.5 265.5 265 266 265 264 263.5 263 263.5 263.5 263.5 262 261
264 264 267 269 270.5 271.5 271.5 270.5 271.5 268 269 267 267 266 265.5 270.5 272 272 272.5 272.5 272.5 272.5 272.5 269.5 268 269 268.5 271 269.5 267 266 268.5 271.5 271.5 271.5 272 271 270 269.5 269.5 269.5 269 270 270 270 270 269.5 268.5 270.5 270.5 270.5 270.5 270.5 270.5 270.5 270 269.5 269.5 268.5 268 268 267.5 267.5 267 267.5 267.5 267.5 267.5 267.5 267.5 267 267 266.5 265 265 265 266 265.5 265 264.5 263.5 264.5 264.5 263.5 263 262.5
268 268 269.5 269.5 270.5 270.5 271 270.5 271 268.5 267 264.5 266 267.5 268 268 270 271.5 271.5 272.5 272 272.5 272 271 270 268 269 269 267 262.5 260.5 265.5 270.5 271.5 271.5 271.5 271.5 271.5 271.5 270.5 270 269 269 269 269 269 269 268.5 269.5 270.5 270.5 270.5 270.5 270.5 270 270 270 269.5 269 269 268 268 268 267.5 267.5 267.5 267.5 267.5 267.5 267 267 266.5 266 265 266 266 266.5 266 265 264.5 264 264 264.5 264.5 263 263
265 263.5 261.5 260.5 266.5 269 269.5 268.5 268.5 264 264 260.5 260 265.5 267 267.5 267.5 269.5 271.5 272.5 271.5 272.5 272 268 270 269 267.5 267 268.5 267.5 266.5 268.5 271.5 270.5 271.5 271.5 270.5 269.5 269.5 270 270.5 270 269.5 269 268 268 268.5 268.5 268.5 268.5 269.5 270.5 270 270 270 270 270 269 269 269 268.5 268.5 267.5 267.5 267.5 267.5 267.5 267.5 267.5 267.5 267 266.5 267 267 267 266.5 267 266 266 264.5 263.5 263.5 263.5 264.5 263.5 263
262.5 260.5 261.5 263.5 262 266.5 265.5 265 266 263.5 260 259 261.5 267.5 268 268.5 269.5 270.5 271.5 271.5 271.5 272 271.5 267 270 270 269 266.5 269.5 269.5 270.5 270.5 271.5 269.5 269.5 271 270.5 268.5 266.5 268 270 271 271 270 270 269 269 268.5 269.5 269.5 270 270.5 270 270 270 270 269 269 269 268.5 268.5 268 267.5 267.5 267.5 267.5 267.5 267.5 267.5 267.5 267 266.5 267 267 267 267 266 266 266 265 264.5 263.5 264.5 264.5 263.5 263
255.5 254.5 260.5 264.5 263 264.5 263 264 266 262 264 264.5 265 267.5 269.5 270.5 270.5 271 271.5 271.5 271.5 272 272 271 271 270 269 268.5 270 270.5 268.5 270.5 269.5 269.5 270 270.5 270.5 271 268.5 268 269 269 270 271 271 270.5 269.5 269.5 269.5 269.5 270.5 270.5 270 270 270 270 269 269 268.5 268 267.5 267.5 267.5 267.5 267.5 267.5 267.5 267.5 267.5 267.5 267.5 267 267 267 267 267 266 266 265 265 264.5 264 264.5 265.5 264.5 263.5
258.5 256 261 264 265 265 265 266.5 265 261.5 264 265 267.5 268.5 269.5 269.5 269.5 270.5 270.5 271.5 272 272 271.5 271 272 270 265 266 268.5 269.5 264.5 264.5 268 268.5 269.5 270 270.5 271.5 271 270 270 270 269 269 270.5 271 270 269.5 269.5 270.5 270.5 270.5 270 270 270 269 269 268.5 268.5 267.5 267.5 266.5 266.5 267.5 267.5 267.5 267.5 268 267 267 267 267.5 267 267 267 267 266 266 266 265.5 265 265 265.5 265.5 264.5 264.5
256.5 255.5 260 264.5 263.5 260 259.5 261.5 260.5 261.5 258.5 261.5 262 264.5 267.5 266.5 268.5 270.5 271.5 271.5 271.5 271.5 271.5 271 272 271 268 264.5 267.5 269.5 267.5 264 262 265 265.5 266 270.5 271 271.5 271.5 271 271 271 271 269.5 270.5 270.5 270.5 270.5 270.5 270.5 270 270 270 269 269 269 268.5 267.5 267.5 266.5 266.5 266.5 267 267 267 267 267 267 267 267 267 267 267 267 267 267 267 266.5 266.5 266 266 265.5 265.5 265.5 265
251 247 259 263 259 253 251 253 254.5 260 258.5 261.5 264.5 265.5 267.5 265.5 266.5 267.5 269.5 271 271 272 272 272 272 272 268 263.5 268 269.5 267.5 263.5 263.5 266 267 267.5 270.5 271 271 271 272 271.5 271.5 271 270.5 270.5 271.5 270.5 270.5 270 270 269 270 270 269 269 268.5 268.5 267.5 267.5 266.5 266.5 266.5 266.5 267 267 267 266 267 266 266.5 267 267 267 267 267 267 267 266.5 266.5 266.5 266.5 266.5 265.5 265.5 265.5
249 254.5 262.5 261 256 247.5 245.5 248.5 256.5 256.5 257.5 263.5 266 267.5 268.5 266.5 268.5 268.5 268.5 270.5 270.5 270 271.5 272 272 272 271 269.5 268.5 270.5 268.5 264.5 265.5 267 268.5 269.5 270.5 271.5 272 272 271 271.5 271.5 270 269.5 270.5 270.5 270.5 270 269.5 269 268 268 269 269 269 268.5 268 268.5 267.5 267 267 266.5 266.5 266.5 266.5 267 267 266.5 266 266 266 267 267 267 266.5 267 267 266.5 266.5 266.5 266.5 266 265.5 266 265.5
251 255 261.5 259.5 253 248.5 249 253.5 255.5 253.5 257.5 262.5 264 266.5 267.5 266.5 266.5 267.5 268.5 269.5 269.5 271 271.5 272 272 272.5 272 271.5 271.5 271 271.5 270.5 269.5 270.5 270 270.5 271 271.5 272 272 271 271.5 271 270 268.5 269.5 270.5 270.5 269 269 269 267 268 269 269 269 268.5 267.5 267.5 267.5 267 267 267 266.5 266 266 266 266 266 266 266 266.5 267 267 266.5 266.5 267.5 267.5 266.5 266.5 266.5 266 266 265.5 266 265.5
252 257 258.5 255 252.5 248.5 250 254.5 255 252.5 256.5 262.5 265 266.5 265.5 266.5 267 266.5 268 270.5 270.5 271 269 272 272 272 272 272.5 272 271.5 271.5 271.5 271.5 271.5 271.5 271 271 272 271.5 271 271 271 271 270.5 269.5 268.5 269.5 270 269 269 269 268 268.5 269 268.5 268.5 268.5 267.5 267.5 267 267 267 267 267 267 267 266 266 266 266.5 266.5 267 267.5 266.5 266.5 266.5 266.5 267.5 267 266.5 266.5 266 266 266 265.5 266
257.5 260 259 253.5 248 250.5 256.5 260 259 259 258 261.5 263.5 265.5 263.5 267.5 268.5 267.5 269.5 270.5 271.5 271.5 271.5 272 272 272.5 272.5 272.5 272.5 272.5 272 271.5 271.5 272 272 271.5 271 271.5 272 271 271 271 271 271 270.5 267.5 268 269 269 269 269 269 269 269 268.5 268.5 267.5 267.5 266.5 267 266.5 267 267 267 267 267 266.5 266.5 266.5 266.5 266.5 267 266.5 266.5 266.5 266.5 266.5 267 267 267 267 266 266 266 266 266
260 262 260.5 255 246.5 252 255.5 260.5 262.5 263 262 262.5 264.5 265.5 262 266.5 269.5 269 269.5 270 271 272 272 272 273 272.5 272.5 273 272.5 272.5 271.5 271.5 270.5 272 272.5 272 271.5 271.5 271 270 271 271 270.5 270.5 270.5 269.5 267 268 269 269 269 269 268.5 268.5 268 268 267.5 266.5 265.5 266 267 267 267 267 267 267 267 267 267 267.5 267 266.5 265.5 265.5 266.5 266.5 266.5 266.5 266 266.5 267 267 266 267 266 266
259 262.5 261 258 251 257 257 260 262.5 264 264.5 265.5 266 265.5 264.5 264.5 269 270 270.5 270.5 271 272 272 272 273 273 273 273 272.5 272.5 272.5 272.5 271.5 272 271.5 271 270 270 270.5 270.5 270.5 270.5 270.5 270.5 270.5 270 268 268 268 269 269 269 269 268.5 268.5 266.5 267.5 265.5 265 266.5 267 267 267 267 267 267 267.5 268 267.5 267 264.5 265.5 266.5 266.5 267 266 265.5 266.5 267 267 267 266.5 266 266 266 266.5
260 262.5 260 258 257 260 259 262.5 263.5 263.5 262.5 263.5 264.5 262.5 265.5 265.5 267.5 267.5 267 270 271 272 272 272 272 272.5 272 272.5 272 272.5 272.5 272.5 272.5 272 271 270 270 269 269 270 268.5 269.5 270 269.5 270 270 269 268 267 268 268.5 268.5 269 268.5 267.5 266.5 266.5 266.5 266.5 266.5 267 267 267 267 268 268 268 266.5 266.5 266.5 265.5 265.5 265.5 266 267 266.5 266.5 266.5 267 266 266.5 266 266 266 266 266
260.5 262 261 261.5 262 259 257 262 262 260 257.5 258.5 261.5 264.5 267.5 268.5 268 269.5 268 270.5 271 272 272 272 272 272.5 273 272.5 273 273 272.5 272.5 272 272 271 271 270 269 267.5 268 268.5 269.5 269.5 269 269.5 270 269 268 268 268 268.5 268.5 268.5 267.5 266.5 264.5 265.5 264.5 266.5 266.5 267 266.5 266 267 268 268 267 265.5 265.5 265.5 265.5 265.5 265.5 266 267 266.5 266 267 266.5 266 266.5 266 266 265.5 265.5 266
262 262.5 263 264 263 259 256 260.5 259.5 253.5 254.5 257.5 260.5 266.5 266 267.5 270 270.5 269.5 271 272 272 273 272.5 273 273 273 273 272.5 272.5 272.5 272 272 271 271 270.5 269 267.5 266.5 267.5 268.5 267.5 268 267.5 269 270 269 268 267.5 267 268.5 268 268.5 267.5 263.5 260.5 264 265.5 266.5 266.5 267 267 267 267 268 267.5 267 265.5 265.5 265.5 265.5 265 264.5 266 267 266 265 266 266.5 266 266.5 265.5 265.5 265.5 265.5 265.5
