ecocropFuture/tif/c6/rcp585/ACCESS-CM2/tmean_7.asc
ncols        683
nrows        518
xllcorner    -87.691666666667
yllcorner    10.708333333333
cellsize     0.008333333333
NODATA_value  nan
[rows 228 to 265 of 518, columns 258 to 343 of 683]
251.5 253.5 248 247.5 247 251.5 248 251 258 259 254.5 255.5 254 258 263 259.5 261.5 264 265 265 262 259.5 254.5 256.5 253.5 256.5 256.5 260.5 262 257.5 250.5 245.5 247.5 254 259.5 265 266 262 257 255 249 258.5 265.5 264.5 263.5 265.5 266 266 266.5 263.5 261.5 262 264.5 267 267 267 267 268 267.5 268 268 268 268 268 268 268 267.5 266.5 266.5 266.5 266 266 266 267.5 267.5 267 266.5 267.5 268 267.5 267.5 268 268 267 267 267.5
249.5 255.5 251.5 246 247.5 249 254 253 255.5 262 258.5 257.5 256 256.5 263 261.5 262 264 264 264 260.5 254.5 249.5 250.5 248.5 254.5 256.5 258.5 256 256.5 253.5 251 250.5 253 255 264 265 263 257 253 251.5 258.5 264.5 264.5 265.5 266 265 264 266 264.5 263.5 261.5 263.5 266.5 267 265.5 266 267.5 267.5 268 268 268 268 268 268 268 267 267 266 266.5 266 267 265.5 267 266 267 266.5 267.5 267.5 267.5 267.5 268 268 267 266 266.5
253.5 255.5 252 249.5 248.5 251 252 256.5 258.5 262.5 262.5 260.5 259.5 258 261 264 263 264 263 261 261.5 256.5 247.5 240.5 246.5 250.5 248.5 254.5 250.5 250.5 252.5 253.5 250.5 250 257 262.5 265 264 261.5 255.5 253 257.5 261.5 263.5 265.5 265.5 264.5 265.5 266 265.5 264.5 265.5 263 265 266.5 265.5 267 267.5 268 268 268 268 268 268 268 268 267 266.5 266.5 267.5 267 267 266 267 265.5 267 266.5 266.5 267.5 267.5 267.5 267 267 267 266.5 265.5
258.5 260.5 257 259.5 257.5 255 257.5 259.5 262.5 262 263.5 264.5 262.5 260.5 261 262.5 264 265 263 259 258.5 258.5 248.5 240.5 242.5 241.5 244.5 247 246 247.5 251 254 253 252 257 263 262 264 261 258.5 254.5 254.5 256.5 256.5 263.5 265 263.5 265 265.5 265.5 265.5 266.5 264.5 265 265.5 266 267 267.5 267.5 267 267 266 267 268 267.5 267 268 268 267.5 267.5 267 267 267 265.5 265 266.5 267.5 267 267 267 266 267 267 266.5 266.5 265.5
259 260.5 261 254.5 260.5 262 261 262.5 258 257.5 259.5 260.5 264 263.5 263.5 263 263 264 262 256.5 252.5 257.5 247.5 238 237.5 240 241.5 246 244 245 253 254 254 255 258 260 261 264 260 256.5 253.5 252.5 258.5 257.5 262.5 264 262.5 263 263.5 265 266.5 266 266.5 266.5 264.5 266.5 266.5 267 267 267 265.5 266 267 267 267 266.5 267 267.5 267.5 267.5 266 266 265.5 265.5 266.5 266.5 267.5 267.5 267 264 266 266.5 266 265.5 265.5 264.5
259 259 259 250.5 251 256.5 261.5 260 252 255 258 259.5 260 262.5 261 261 258 263.5 261 259.5 255.5 252.5 248 237 240 241 242.5 243.5 244 243 248 251 253.5 256 258 257 261.5 263.5 260.5 254.5 253.5 256.5 260.5 259.5 263.5 263.5 262 263 263.5 265.5 265.5 265.5 266 267 265.5 267.5 267.5 267.5 267 267 265.5 265 267 267 267 265 265.5 267.5 267.5 266.5 266.5 266.5 266.5 266 267 267 266.5 267 267 267 265 266.5 265 262.5 261.5 261.5
258 256.5 255.5 255 255 256.5 259 262 255 252.5 258 256 259 262 261 259 256 260 263 263 260.5 257 255.5 243.5 242 244 244 245 245 243 242 248.5 251 258 259 255.5 261 262 261.5 257.5 256.5 255.5 260.5 259 263.5 261.5 260.5 263.5 264.5 264.5 265.5 266 266.5 267 267 267 267.5 267.5 267 266 265 266 266 267 267 266 265.5 266.5 267.5 267.5 266.5 267.5 267.5 267 267 266.5 266.5 266.5 267 267 266.5 266.5 265.5 262.5 261.5 261
258 258 256 254 256 261 260.5 261.5 257 254.5 255 254 259 261 258 258 252 251.5 253.5 259.5 263.5 261.5 258.5 250 248 247 247 247 242.5 241 244 245 247.5 252.5 258.5 254 259.5 261.5 261 259.5 258.5 255 261 263 263.5 261.5 262.5 263.5 263.5 265.5 266.5 266.5 267.5 267.5 267 267 267 267 267 266 266 266 266 266.5 266.5 266 265.5 266.5 267.5 267.5 267.5 267 267 267 267 266.5 266.5 266.5 266 265.5 266 265.5 265.5 262.5 263 262
259.5 257.5 259.5 258 257 259 262 257.5 249.5 247.5 250.5 257 257 253.5 255 253 248.5 242.5 252 260.5 256 261 261 255 251 249 251 248.5 246 243 245 243.5 250 255 258 255 256.5 262.5 261.5 258.5 255.5 253 261 262 264 262.5 264.5 264.5 265.5 266.5 266.5 266.5 267.5 266.5 265.5 267 267 266.5 267 266 264 266 266 266 266 266.5 266 266.5 266.5 266.5 266.5 266.5 267 267 266.5 264.5 266 266 265 265 264.5 264 264 264 264 257.5
258.5 258 257 259 258 258.5 260.5 257 253.5 249.5 251 255.5 253 247 249.5 249.5 248.5 246.5 256.5 253 249 249 258 259 255.5 252 252.5 252.5 254 250.5 244.5 244.5 251 251.5 254 256.5 256 262.5 258.5 260.5 259 255.5 259 259 263.5 264.5 265.5 265.5 266 266.5 266.5 266.5 266.5 266.5 266.5 266 266.5 266 267 265 264 264 264.5 265 266 266 265 265 266.5 266.5 264.5 265 266 266 266 264.5 265 266 266 263.5 263.5 262 262 264 263 253
251 253 255 257.5 260 260.5 260.5 259.5 259 256.5 251.5 251.5 249 249.5 250.5 251.5 251.5 255.5 256.5 250 251 251 255 261 256 255.5 254 255 255 251 246.5 245 248.5 251.5 252.5 252.5 255.5 261.5 258.5 255.5 258.5 257.5 259 256 261 262.5 265.5 266.5 266.5 267 266.5 266 265.5 266 266.5 266.5 267 265 266 266 265 264.5 264 264.5 263.5 265 264.5 263.5 264.5 266.5 264.5 261 263 263.5 263.5 263 265 264.5 265 260.5 259.5 259.5 263.5 264 264 253.5
244.5 246 253 258 260.5 260 259.5 258.5 257.5 257 253.5 246.5 246.5 250.5 252.5 251.5 248 254.5 252.5 250 253 255 252 256.5 260 255.5 257.5 258 255 253.5 255.5 253.5 245.5 247.5 248.5 248 253.5 260 254.5 251.5 256.5 256.5 258 255.5 261.5 264 265.5 266 267 266.5 265.5 266 265 265 266 265 266 264 266 266 263.5 263.5 264 264.5 264 264.5 265.5 264.5 265 266 266 262.5 260 258.5 257.5 262 264 263 264.5 261.5 259 261.5 263.5 264 264 262.5
239.5 240 251 258 257.5 257.5 258 257 253.5 255 254.5 247 247.5 249.5 250.5 250.5 249.5 251 252 252 254 254.5 246.5 249 259 259 258 259.5 258.5 258.5 257 253.5 246.5 242.5 240.5 244.5 249 258 256.5 251.5 255.5 257.5 256.5 257.5 260 263.5 263.5 266 267 267 265.5 266 263 262.5 263 263.5 265 264.5 265.5 265.5 264.5 264.5 264 264 264.5 264.5 265.5 265.5 265.5 266 265.5 265 262 257.5 255 258.5 262.5 260.5 263.5 262.5 259.5 263 264 264 265 265
248 242.5 255 259 256.5 253.5 252.5 254.5 252 250 252.5 249.5 248.5 249 251.5 251.5 249.5 249 255 254 255 254 249 249.5 256.5 261 262 261 260.5 257.5 255.5 253.5 247.5 238.5 234.5 239 243.5 252 256.5 251.5 254 257.5 257.5 259.5 259.5 259.5 261.5 266 266 267 266 264 262 258.5 256.5 257 263.5 264.5 265 266 263.5 262.5 264 263.5 263.5 263.5 264.5 265 265 265.5 263 263.5 261.5 258.5 255 256.5 260.5 259.5 261.5 262.5 261.5 261 264.5 265 265 265
250 254.5 257 255.5 256 254.5 248.5 249 247 244 245.5 250.5 250.5 252 253.5 254 254 253 255 254 254.5 252.5 249 253 258.5 261 262 261 259.5 258.5 254.5 251.5 247.5 241.5 230.5 235 236.5 241 250 253 255.5 256 256.5 260.5 261.5 260.5 263.5 266 265 265 265 262 261.5 256.5 258 259.5 263.5 263.5 262.5 264.5 265.5 263.5 262.5 264.5 264.5 263.5 265 265 265 264.5 263.5 260.5 259 253.5 253 254.5 258.5 260.5 261.5 263 264 264.5 265 265 264 264
247.5 255.5 252.5 250.5 253.5 248 244 245 246 248 248 249.5 252.5 253.5 251.5 253 253 256 257 256.5 255.5 254.5 254.5 258.5 261 261 261 260 257.5 257.5 254 250.5 243.5 236.5 228 222.5 227.5 232 244.5 248 250 253.5 259 258 261 260.5 261.5 266 265 265 264 263.5 261.5 259.5 258.5 260.5 262.5 262 263.5 263.5 265 264 262.5 263.5 264.5 265 265 264 262.5 262.5 264.5 262.5 260 258 254 255.5 257 260.5 263.5 263.5 264.5 264 262 263.5 264 262
251.5 251.5 249.5 244.5 244.5 245 246 246 247 248.5 247.5 249 252.5 252.5 252.5 251.5 251 251.5 256.5 258 259.5 258.5 260.5 261 261 261.5 261.5 261.5 259.5 256.5 255.5 249.5 241 232.5 223 210.5 211 217.5 234.5 240 245 253.5 257 256 260 261.5 263.5 265 265 265 265 263 262.5 261.5 260.5 260.5 260.5 260.5 262.5 263.5 265 264.5 263 262 262.5 264 263 261 262.5 263.5 262 263 261 258.5 257 257.5 257.5 258.5 262.5 262.5 262.5 262.5 264 263.5 262 260
253.5 249 242 240 238 242 246.5 247.5 247.5 247.5 248 250 249 251 250 250.5 247.5 249.5 251.5 258 259.5 260.5 260.5 260 259.5 260 262 261.5 259.5 254 252.5 247.5 239.5 221 215.5 216 213 209 218.5 228 241 252 256 256.5 258.5 261.5 264.5 265 265 266 266 265 263.5 261.5 262.5 261.5 260.5 260.5 262.5 264 263.5 264.5 264 262 259 259 257 256.5 256.5 258.5 261.5 264 263 258.5 260 259.5 258.5 255.5 259.5 259.5 259.5 260.5 264.5 264.5 263.5 261.5
251.5 246 242 242 242.5 239.5 242.5 243.5 246 246 246 248.5 244 242 247 244.5 244.5 250.5 253.5 257.5 259.5 255.5 256.5 256.5 256.5 256.5 259.5 259.5 257.5 253.5 249.5 247.5 241.5 232 228 230.5 221.5 224.5 227.5 225 237.5 250.5 255.5 257.5 256.5 259 263 262 265 265 266 265 264.5 263.5 261.5 261.5 261.5 261.5 262 264 263 263 263 260 256 253.5 254.5 257.5 253 252.5 258 263 263 260 260 258.5 258.5 255.5 255.5 260.5 260.5 259.5 263.5 264.5 264.5 263.5
250 245 244.5 244.5 242.5 239 239.5 238 239 242 241.5 245.5 241.5 234.5 241.5 241 246 249 253.5 257.5 254.5 255.5 251.5 253.5 256.5 257.5 258 258.5 256.5 255.5 255.5 251.5 245.5 241.5 240.5 240.5 231 235 233 228 242.5 253.5 257.5 257.5 258 260 263 263 262 264.5 265 264.5 264.5 263.5 260.5 259.5 261 262 263 263 262 262 262 260 256.5 253.5 256.5 258.5 257.5 252.5 255 261.5 262 259 260 255.5 258.5 260.5 261.5 265 264.5 261 260.5 262.5 264.5 264.5
248 246.5 246.5 245.5 243.5 240 235 232.5 234.5 236.5 235.5 236.5 236.5 230.5 235.5 235 246 252 255 256.5 255.5 252 249.5 250 256 258.5 259.5 258.5 258.5 258.5 255.5 252.5 249.5 250 250 249 245 246 240 239 248.5 256 258 258 258.5 260.5 262 262 263 264.5 265.5 263.5 264.5 263.5 261.5 258.5 257 262 263 261 260 259 260.5 259.5 256.5 254 255 257.5 261 258 260 263 262 261 261 258.5 260.5 263 263.5 264.5 263.5 260.5 258.5 261 264.5 265.5
250 248.5 247.5 245.5 241.5 236 231 223 219.5 222.5 218.5 218.5 225 224.5 229 237.5 248 249 253.5 252.5 252 251.5 246.5 250.5 255.5 258.5 260.5 259.5 259 258 255.5 246.5 241.5 246.5 253.5 256 256.5 257 252 251 255.5 258.5 259.5 259 257 254 259.5 262 262 263.5 264.5 263.5 264.5 263.5 260.5 257.5 256 259 260 260 254 251.5 254.5 255.5 251.5 253.5 252.5 253.5 257.5 260 260 256 256 260 262 261.5 259.5 262.5 264.5 264.5 264.5 260.5 262.5 263.5 265.5 265.5
249.5 248.5 247.5 244.5 235.5 226 222 220 222 217.5 212 212 215.5 214 230 242 249 247 250.5 249.5 247 246.5 249 253 257.5 258 259.5 260 259 258.5 256.5 249.5 247 243 245 251 256.5 259.5 258.5 259 258.5 260 260 258 258 255 258.5 262 260.5 262.5 263.5 264.5 264.5 263.5 261 255 256 256 256 258.5 252.5 250.5 252.5 254.5 253.5 251 254 253 254 254 254 251 250 257 261 262.5 261.5 262.5 263.5 263.5 265.5 262.5 265 265 265 265.5
249.5 248.5 244 241.5 237.5 231 217 225.5 225.5 217.5 219.5 220.5 216 221 233.5 244.5 251 251 251 249.5 246.5 245 245 253.5 258 260 260 260 259 259 258.5 255 255 250 251 250 258 261.5 259.5 261 260 260.5 260 260 258 256.5 258 260.5 259.5 261.5 264.5 264.5 264.5 263 260 252.5 255 257.5 257 256.5 253.5 253.5 256.5 257.5 256.5 251.5 252 255.5 256 255 254.5 255 248 253 262 260.5 260.5 260.5 263.5 264.5 264.5 265.5 264.5 263.5 264.5 264.5
247.5 245 241.5 238 240.5 235.5 225 231.5 233.5 228.5 225.5 218.5 218 224.5 235 243 252 253 253 251 246.5 247 247.5 249 255 254 257 256 260 261 260 258 253 251 254 254 256 262 262.5 261.5 261 261 261 260.5 257.5 257.5 255.5 259.5 260.5 263 264 264.5 263.5 263.5 259.5 253 254 257.5 255.5 254 253 254 255.5 257.5 258.5 255.5 253 254 254 253 253 259 251.5 250.5 262 262 255 262.5 264.5 265.5 264.5 264.5 264.5 263 262 263.5
243 238 243.5 245.5 245 242 233 237 239.5 231 219.5 218.5 226.5 229 233.5 243 252 254 254 250 247 248.5 252 253 251 249 251 251.5 258 262 262 260 253 253.5 257 252.5 258.5 262.5 263.5 261.5 261 261 261 260.5 258.5 259.5 258.5 260.5 262 262.5 263 263.5 262.5 263 261 258 255 257 255.5 253.5 255.5 256.5 255.5 258.5 259.5 256.5 254.5 252 252 252.5 257 260 260 259.5 261 263.5 256.5 264.5 265.5 264.5 263.5 263.5 264 263.5 262 262.5
238.5 242 248.5 251.5 252.5 248.5 243 246 236 225.5 226.5 229.5 232 236.5 240.5 249 254 256 255 250.5 249 251 252.5 253 251 249.5 250 250.5 254.5 258.5 262.5 263 257.5 257.5 258 253.5 260.5 262.5 262.5 261.5 261 261 261.5 261 258.5 258.5 261.5 261.5 261.5 261 262 263.5 263 262 262 259 254 254.5 257.5 256.5 256.5 258.5 256.5 259 259.5 257 256.5 254 251 251 252 254 255 263 260 263.5 262.5 265 264.5 263.5 263 262.5 261.5 263 262.5 261.5
233 244.5 249.5 253.5 255.5 253.5 253.5 253 245 239 238.5 235.5 238.5 239.5 243.5 251 255 256 256 252 252 252 255 254 252 249.5 252.5 253 252.5 257.5 262 263 259.5 259.5 258 255.5 262.5 263.5 263.5 262.5 261.5 260.5 261.5 261.5 259.5 257 258.5 260.5 261 259 261.5 263 264 263 260.5 260.5 257.5 254.5 257.5 258.5 257.5 257.5 259.5 260.5 259.5 259 257 251 250 253 256 257.5 263 264 262 264.5 264.5 259.5 262.5 264 263.5 262.5 261.5 261.5 261 260
243.5 246 252.5 256 258.5 258.5 252 253.5 249.5 242 243 236 238.5 241.5 243.5 253 255 258 255 253 254 256 255 253 252.5 252 255 257.5 258 257 259 263 263.5 260.5 259.5 256.5 262.5 264.5 264.5 263 260 260.5 261.5 261.5 260.5 256 253 256.5 260 256 260 258 263 261.5 259 258.5 255.5 254.5 254.5 257.5 259 260 258.5 258 261 259 254 249 251 251.5 250 251 262 260 254 258.5 264.5 261.5 261.5 263.5 262.5 263 262 261.5 261 259
250 252 255 259 260 261 257.5 250.5 249.5 248 249 245 240 248 250.5 257 258 259 257 255.5 257.5 254.5 250 252.5 253.5 256 254.5 254 254 255.5 257.5 262.5 263.5 263 259.5 253.5 260.5 264.5 264.5 263.5 261.5 262.5 261.5 261.5 261.5 258 252 252 257 255 257 255 260.5 262 258.5 257.5 254.5 251.5 254 254.5 257.5 258.5 260 259 261 258 254 253 249.5 254.5 254.5 257 263 262 254 258.5 263.5 263.5 263.5 262.5 262.5 262.5 262.5 261.5 259.5 258.5
256 257 259 261 261.5 261.5 258.5 253.5 250.5 253 253 246 248.5 254 255.5 259.5 260.5 259.5 258.5 257.5 254.5 252 250.5 250.5 252.5 257 256 253.5 249 248.5 250 258 263.5 264.5 261.5 258.5 260.5 264.5 265 264.5 263.5 263.5 263.5 262.5 262.5 260.5 256.5 256.5 258 257 259 254.5 260 262.5 260 257.5 257.5 250.5 252.5 254.5 254 256 258.5 261 262 259 257 257 254 258 262.5 262 264 261 255 260.5 263 263.5 262.5 261.5 261.5 262.5 261.5 260.5 257.5 257
259.5 261 262 262 262 262 260 258.5 253.5 254.5 256.5 253 253 253 258.5 261.5 260.5 259 258 256.5 254 251.5 247.5 248.5 252.5 257.5 257 254 251.5 252.5 249.5 255.5 261.5 264.5 264.5 263.5 263.5 262.5 264.5 264.5 264.5 264.5 263.5 263 262.5 262.5 259.5 259 259 261 258.5 259.5 261.5 262.5 259.5 259.5 258.5 252.5 251 256 257.5 259 259 262 260.5 262 262 261.5 260.5 261.5 264 262 258 259 257.5 261 262.5 263 262.5 261.5 259.5 259.5 261.5 259 257 254
259 259 262 263 262.5 262 261.5 260.5 258.5 258 260 258 256 256 259.5 260.5 258 259.5 258 253.5 252.5 250 244.5 250.5 257.5 257 258.5 255.5 251.5 254 251 257.5 259.5 263.5 264.5 265 262 263.5 264.5 265 264.5 265 264.5 263.5 262.5 263 262.5 261 261 261 258 256.5 259 262.5 261.5 259.5 259.5 256.5 252.5 253 256 259 261 262 262 262 261 259.5 263 264 264 255.5 255 252.5 255 260 262 261.5 261.5 260.5 256.5 255.5 258.5 259.5 258 253
260.5 260.5 262 263 260.5 261 262 260.5 261 261.5 261 261 261 262 262.5 260.5 259.5 257.5 256.5 252 249 248.5 252.5 256 258.5 259.5 258 256.5 257 255.5 255.5 258.5 260.5 263 264 265 265 264.5 265 265.5 264.5 265.5 264.5 264.5 262.5 262 263.5 263.5 263 262 260 257 260 261 263.5 261 259.5 260 257.5 255.5 256 255 258 262 263.5 261 260.5 261.5 263.5 263.5 260 256 257 253.5 255 257 260.5 260.5 257.5 256.5 256.5 254.5 253.5 256 254.5 253
262 263 263 263 262 262.5 262.5 261.5 261.5 262 262 262 262 262.5 261.5 260.5 257.5 256.5 254.5 252 249 250.5 252.5 254.5 258 259.5 259.5 258.5 257.5 254.5 252.5 255.5 260 260 263 265 265.5 265.5 265 265.5 265.5 264.5 265.5 263 262.5 262.5 265 265 264 262 262 260.5 261 259.5 261.5 263 262.5 260.5 255.5 255 259 258.5 254 259 263 263 260 260.5 263 264 261 259 260 257 255 256 258.5 261 261 258.5 256.5 254.5 253.5 253 252 251
263 263 263 263 262.5 262.5 261.5 261.5 262 262.5 262 263 263 262.5 261.5 259.5 258 254 254.5 252.5 251 255.5 256 256 258.5 260.5 260.5 259.5 258.5 256.5 255.5 255.5 256.5 258 262.5 264 264.5 265.5 265.5 264.5 265.5 265.5 265.5 265.5 263.5 262 264.5 265.5 264 258 259 263 262 260 258.5 263.5 263.5 259.5 258.5 253 255.5 261 255 257 260 263.5 260 262 265 264 264 263 261 257 255.5 255 256 258 259 260.5 257.5 255.5 255.5 253 251.5 251
264 263.5 263.5 263 262.5 262.5 261.5 261.5 262.5 263 263 263 263 262 260.5 260.5 257.5 254 255 251 253.5 258.5 259.5 258 261 260.5 259.5 258.5 258.5 257.5 257.5 258 259 261.5 263 262.5 263.5 264.5 265.5 265.5 266.5 266.5 266.5 265.5 264.5 263.5 265 266.5 264 262 263 264 263 258 258.5 261.5 265 262.5 261 257 255.5 261 261 261 263 264 265 264 265 261 261 262 258 259.5 256.5 256 255.5 255.5 256.5 259.5 258.5 255.5 254.5 252.5 250.5 251.5
263.5 263.5 263.5 263.5 261.5 262 262.5 262.5 263 263 263.5 263.5 263.5 262.5 261.5 261 259.5 258 254 254 256.5 259.5 259.5 260.5 261.5 260.5 260.5 259.5 258.5 256 250.5 250 252 259 258 261.5 263 263.5 264.5 265.5 266 266.5 266.5 266.5 265.5 265.5 266 266 264 263 262 266 262.5 259.5 258 262.5 265.5 264.5 262 261 257.5 257 260 264 264.5 265 265 265 263 262 261 263 260.5 258.5 257 255 254.5 254.5 255.5 258.5 257.5 256.5 254.5 253.5 253 252
