ecocropFuture/tif/c6/rcp585/ACCESS-CM2/tmean_10.asc
ncols        683
nrows        518
xllcorner    -87.691666666667
yllcorner    10.708333333333
cellsize     0.008333333333
NODATA_value  nan
[rows 273 to 311 of 518, columns 0 to 85 of 683]
nan nan nan nan nan nan nan nan nan nan nan nan nan nan nan nan nan nan nan nan nan nan nan nan nan nan nan nan 284 284 283.5 284 284 283 283 282.5 280.5 281 278.5 279.5 279.5 280 279.5 280.5 281.5 280.5 279.5 280.5 279.5 276.5 276 276 278.5 280 281 280 281.5 282 281 279.5 279.5 281 281.5 282.5 282.5 282.5 281.5 281.5 280.5 280.5 280 279.5 279 278 278 276.5 275.5 274.5 272.5 270.5 268.5 266 263 257.5 249 247.5
nan nan nan nan nan nan nan nan nan nan nan nan nan nan nan nan nan nan nan nan nan nan nan nan nan nan nan nan nan 284 283.5 283.5 283.5 283 283 282.5 281.5 280.5 280.5 280.5 280.5 281 281.5 282.5 282 281.5 281 281 280 277 276 278 276 278 281 280.5 282 282 281.5 280.5 281 280.5 280.5 281.5 281.5 281.5 281 280.5 280 279 279 278 277.5 276.5 275.5 271.5 272.5 271 268 266 264 261 258 254 249 250.5
nan nan nan nan nan nan nan nan nan nan nan nan nan nan nan nan nan nan nan nan nan nan nan nan nan nan nan nan nan nan 284 283.5 283.5 283 283 282 281.5 281.5 280.5 281 281.5 282 282 282.5 282.5 282 282 282 282 280 277 281 280 280.5 281.5 281.5 282 282 282 282 281.5 281.5 281.5 281.5 281 280.5 280.5 280 279 279 278 277 276 274.5 273.5 270 270 268 264 261 258.5 255 251.5 251 252 255
nan nan nan nan nan nan nan nan nan nan nan nan nan nan nan nan nan nan nan nan nan nan nan nan nan nan nan nan nan nan nan 283.5 283.5 283 283 282 281 280.5 280 281.5 282 282 282 282.5 282 282 282 282 282 282 281 281.5 282 282 282 282 282 282 282 282 281.5 281.5 281.5 281.5 281 280 280 279 279 278 277 276 274.5 273.5 271.5 268 264 262 257 254.5 250.5 243.5 239.5 239.5 244.5 248.5
nan nan nan nan nan nan nan nan nan nan nan nan nan nan nan nan nan nan nan nan nan nan nan nan nan nan nan nan nan nan nan nan 283.5 283.5 283 282 282 280.5 280.5 281 281.5 282 282 282.5 282.5 282.5 281.5 281.5 282 282 282 282.5 282.5 282.5 282 282 281.5 282 282 282 282 281.5 281.5 281 281 280 279 279 278 277 276.5 274.5 273.5 272 269 265 259 252.5 251 248.5 241.5 228 218 223.5 234.5 242.5
nan nan nan nan nan nan nan nan nan nan nan nan nan nan nan nan nan nan nan nan nan nan nan nan nan nan nan nan nan nan nan nan nan 283.5 282.5 282 282 281 281 281.5 281.5 282 282 282 281 280 280 281 281 281.5 281.5 282 282 282.5 282.5 282 281.5 282 282 282 282 281.5 281 281 280.5 280 279 278.5 277.5 276.5 275.5 274 272.5 270 267 260 248 235 241.5 244.5 234.5 213 199 212 227.5 235.5
nan nan nan nan nan nan nan nan nan nan nan nan nan nan nan nan nan nan nan nan nan nan nan nan nan nan nan nan nan nan nan nan nan nan nan 282.5 281.5 281 281.5 281.5 281.5 281.5 282 281.5 280 280 281 282 281 281 281.5 282 282 282.5 282.5 280.5 281.5 282.5 282 282 281.5 281.5 281 281 280 280 279 278.5 277.5 276.5 275 273.5 271.5 269 265.5 261 251.5 240.5 245.5 244.5 236.5 222 214 220 227 220.5
nan nan nan nan nan nan nan nan nan nan nan nan nan nan nan nan nan nan nan nan nan nan nan nan nan nan nan nan nan nan nan nan nan nan nan nan 280.5 281 281 281 281 281.5 281.5 282 281 280.5 282 282 282 281.5 281.5 282 282 282.5 282.5 281.5 281.5 282 282 282 281.5 281 281 280 280 279.5 278.5 277.5 276.5 276 274.5 273 272 269 266.5 263.5 258.5 253.5 253 250.5 247 240.5 235.5 235.5 236.5 228.5
nan nan nan nan nan nan nan nan nan nan nan nan nan nan nan nan nan nan nan nan nan nan nan nan nan nan nan nan nan nan nan nan nan nan nan nan 281.5 281.5 281 281 281.5 281.5 282 282 280.5 281.5 282.5 282 282 282 281.5 281.5 282 282.5 282.5 282.5 282 282 282 282 281.5 281 281 280 280 279 278.5 277.5 276.5 275.5 274.5 273.5 272 270 268 266.5 263.5 261 258.5 256.5 254.5 251.5 249 246.5 245.5 241
nan nan nan nan nan nan nan nan nan nan nan nan nan nan nan nan nan nan nan nan nan nan nan nan nan nan nan nan nan nan nan nan nan nan nan nan nan 281 281 280 281.5 282 282 282 281.5 282.5 282 281.5 282.5 281.5 282 281.5 282 282.5 282 282.5 282 282 282 282 281.5 281 281 280 280 279 278.5 278 277.5 276.5 275.5 274 273 272 270 269 266.5 264.5 262.5 260.5 259.5 257.5 255.5 253.5 251.5 249.5
nan nan nan nan nan nan nan nan nan nan nan nan nan nan nan nan nan nan nan nan nan nan nan nan nan nan nan nan nan nan nan nan nan nan nan nan nan 281 280.5 280 281.5 281.5 281.5 281.5 281.5 282 281.5 282 282.5 281.5 282 282 281.5 281.5 281.5 281.5 281.5 281.5 281.5 281.5 280.5 280.5 280.5 280.5 280 279.5 279 278 277.5 276.5 275.5 274.5 274 273 271.5 270 268.5 267 265.5 264.5 263.5 261.5 259.5 257.5 255.5 255.5
nan nan nan nan nan nan nan nan nan nan nan nan nan nan nan nan nan nan nan nan nan nan nan nan nan nan nan nan nan nan nan nan nan nan nan nan nan nan 281 281 281.5 281.5 281.5 281.5 281.5 282 282 281.5 282 282 281.5 282 281.5 281.5 281.5 281.5 281.5 281.5 281.5 281.5 281 280.5 280.5 281 280 280 279 278.5 278 277.5 276.5 275.5 274.5 274 272 271.5 270 269 267.5 266.5 265.5 264 262.5 260.5 260 259.5
nan nan nan nan nan nan nan nan nan nan nan nan nan nan nan nan nan nan nan nan nan nan nan nan nan nan nan nan nan nan nan nan nan nan nan nan nan nan nan 281 280.5 281 281.5 281.5 281.5 282 282 282 282 282 281.5 281.5 281.5 281.5 281.5 281.5 281.5 281.5 281 281 281 280.5 280.5 281 280 280 279 279 278.5 277.5 276.5 276.5 275.5 274.5 273 272.5 272 270.5 269.5 269 267.5 266.5 265.5 263.5 263.5 262.5
nan nan nan nan nan nan nan nan nan nan nan nan nan nan nan nan nan nan nan nan nan nan nan nan nan nan nan nan nan nan nan nan nan nan nan nan nan nan nan 281 280.5 281 281 281.5 282 282 282 282 282.5 282 281.5 281.5 281 281.5 281.5 281.5 281 281 281 281 281 280.5 280.5 281 280.5 280 279.5 279 278.5 278 277.5 276.5 276 275 274.5 274 273 271.5 271 270.5 269.5 268.5 267.5 267 266.5 265.5
nan nan nan nan nan nan nan nan nan nan nan nan nan nan nan nan nan nan nan nan nan nan nan nan nan nan nan nan nan nan nan nan nan nan nan nan nan nan nan nan 281 281 nan 281.5 281.5 281.5 282 281.5 282 282 281.5 281.5 281 281.5 281.5 281.5 281 281 281 281 281 281 280.5 281 280.5 280 279.5 279.5 278.5 278.5 277.5 277.5 276.5 276 275 275 273 273 272 272 271 270 270 268.5 269 268.5
nan nan nan nan nan nan nan nan nan nan nan nan nan nan nan nan nan nan nan nan nan nan nan nan nan nan nan nan nan nan nan nan nan nan nan nan nan nan nan nan nan 281.5 nan nan 281.5 281.5 281.5 281.5 281.5 281 280.5 281 281 280.5 281.5 280.5 280.5 280.5 280.5 280.5 280.5 280.5 280 280.5 280 280 279 279 279 278 278 277 277 276.5 276 275 274 274 274 273 272.5 272 271 270.5 270 270
nan nan nan nan nan nan nan nan nan nan nan nan nan nan nan nan nan nan nan nan nan nan nan nan nan nan nan nan nan nan nan nan nan nan nan nan nan nan nan nan nan nan 281.5 281.5 281.5 281.5 282 282 281.5 281 281 281 281 281.5 281.5 281 281 280.5 280.5 280.5 280.5 280.5 280.5 280.5 280 280 280 279 279 279 278 278 277.5 277.5 277 276.5 275 275 275 274.5 274 273 273 272 272 272
nan nan nan nan nan nan nan nan nan nan nan nan nan nan nan nan nan nan nan nan nan nan nan nan nan nan nan nan nan nan nan nan nan nan nan nan nan nan nan nan nan 281.5 nan nan 282 282 282 282 281.5 281 281 281.5 281 281.5 281 281 281 280.5 280.5 280.5 280.5 280.5 280.5 281 280 280 280 280 279 279 279 278.5 278 278 278 277.5 276.5 276.5 276 275.5 275 274.5 274 273.5 273 273
nan nan nan nan nan nan nan nan nan nan nan nan nan nan nan nan nan nan nan nan nan nan nan nan nan nan nan nan nan nan nan nan nan nan nan nan nan nan nan nan nan nan nan nan nan nan 282 282 281.5 281.5 281 281.5 281.5 281 281 281 281 281 280.5 280.5 280.5 280.5 280.5 281 281 280 280 280 280 280 279 279 279 279 278.5 278 278 277.5 277 276.5 276 275.5 275 275 274.5 274.5
nan nan nan nan nan nan nan nan nan nan nan nan nan nan nan nan nan nan nan nan nan nan nan nan nan nan nan nan nan nan nan nan nan nan nan nan nan nan nan nan nan nan nan nan nan nan nan 282 282 281.5 281.5 281.5 281.5 281 281 281 281 281 281 281 280.5 280.5 280.5 281 281 280.5 280 280 280 280 279.5 279.5 279 279.5 279 279 278.5 278 277.5 277.5 276.5 276.5 276 276 275.5 275.5
nan nan nan nan nan nan nan nan nan nan nan nan nan nan nan nan nan nan nan nan nan nan nan nan nan nan nan nan nan nan nan nan nan nan nan nan nan nan nan nan nan nan nan nan nan nan nan nan nan 281.5 281.5 281 281 281.5 281.5 281 281 281 281 281 281 280.5 280.5 280.5 280.5 280.5 280 280 280 280 280 280 279.5 279 279 278.5 278.5 278 278 277.5 277 277 276.5 277 276.5 276
nan nan nan nan nan nan nan nan nan nan nan nan nan nan nan nan nan nan nan nan nan nan nan nan nan nan nan nan nan nan nan nan nan nan nan nan nan nan nan nan nan nan nan nan nan nan nan nan nan nan 281.5 281.5 281 281 281.5 281.5 280.5 280.5 280.5 281 281 281 281 281 280.5 280.5 280.5 280 280.5 280.5 280 280 279.5 279.5 279.5 279 279 279 278.5 278 278 278 277.5 278 277.5 277
nan nan nan nan nan nan nan nan nan nan nan nan nan nan nan nan nan nan nan nan nan nan nan nan nan nan nan nan nan nan nan nan nan nan nan nan nan nan nan nan nan nan nan nan nan nan nan nan nan nan nan nan 281.5 281 281 281 281 280.5 280.5 280.5 281 281 281 281 281 280.5 280.5 280.5 280.5 280.5 280.5 280 280 279.5 279.5 279.5 279.5 279.5 279 279 279 278.5 278 278.5 278 278
nan nan nan nan nan nan nan nan nan nan nan nan nan nan nan nan nan nan nan nan nan nan nan nan nan nan nan nan nan nan nan nan nan nan nan nan nan nan nan nan nan nan nan nan nan nan nan nan nan nan nan nan nan nan 281 281 281 280.5 280.5 280.5 281 281 281 281 281 281 280.5 280.5 281 280.5 280.5 280.5 280.5 280 279.5 279.5 280 280 280 280 279.5 279 279 279.5 279 278.5
nan nan nan nan nan nan nan nan nan nan nan nan nan nan nan nan nan nan nan nan nan nan nan nan nan nan nan nan nan nan nan nan nan nan nan nan nan nan nan nan nan nan nan nan nan nan nan nan nan nan nan nan nan nan nan 281.5 281 281 281 281 280.5 281 281 281 281 281 281 281 281 281 280.5 280.5 280.5 280.5 280.5 280.5 280.5 280 280 280 280 279.5 279.5 279.5 279 279
nan nan nan nan nan nan nan nan nan nan nan nan nan nan nan nan nan nan nan nan nan nan nan nan nan nan nan nan nan nan nan nan nan nan nan nan nan nan nan nan nan nan nan nan nan nan nan nan nan nan nan nan nan nan nan nan 281.5 281.5 281 281 281 281.5 281.5 281.5 281.5 281 281 281 280.5 281 281 280 280 280 280 280 280 280 280.5 280.5 280 280 279.5 279.5 279.5 279
nan nan nan nan nan nan nan nan nan nan nan nan nan nan nan nan nan nan nan nan nan nan nan nan nan nan nan nan nan nan nan nan nan nan nan nan nan nan nan nan nan nan nan nan nan nan nan nan nan nan nan nan nan nan nan nan nan nan 281.5 281.5 281.5 281 281 281.5 281.5 281 280.5 281 280.5 281 281 281 280.5 280.5 280.5 280.5 280.5 280 280.5 280.5 280.5 280 280 279.5 279.5 279.5
nan nan nan nan nan nan nan nan nan nan nan nan nan nan nan nan nan nan nan nan nan nan nan nan nan nan nan nan nan nan nan nan nan nan nan nan nan nan nan nan nan nan nan nan nan nan nan nan nan nan nan nan nan nan nan nan nan nan 281.5 nan 281.5 281.5 281.5 281.5 281 281.5 281 280.5 281 281 281 281 281 281 281 280.5 280.5 280.5 281 280.5 280.5 280.5 280 279.5 279.5 279.5
nan nan nan nan nan nan nan nan nan nan nan nan nan nan nan nan nan nan nan nan nan nan nan nan nan nan nan nan nan nan nan nan nan nan nan nan nan nan nan nan nan nan nan nan nan nan nan nan nan nan nan nan nan nan nan nan nan nan nan 282 nan 281.5 281.5 nan 281.5 281 281 281.5 281.5 281 281 281 281 281 281 281 281 280.5 281 281 280.5 280.5 280.5 280.5 279.5 279.5
nan nan nan nan nan nan nan nan nan nan nan nan nan nan nan nan nan nan nan nan nan nan nan nan nan nan nan nan nan nan nan nan nan nan nan nan nan nan nan nan nan nan nan nan nan nan nan nan nan nan nan nan nan nan nan nan nan nan nan nan 282 282 nan 281.5 281.5 281.5 281 281.5 281.5 281.5 281 281 281 281 281 281 281 281 281 281 280.5 280.5 280.5 280.5 279.5 279.5
nan nan nan nan nan nan nan nan nan nan nan nan nan nan nan nan nan nan nan nan nan nan nan nan nan nan nan nan nan nan nan nan nan nan nan nan nan nan nan nan nan nan nan nan nan nan nan nan nan nan nan nan nan nan nan nan nan nan nan nan nan 281.5 281.5 nan 281 281.5 281.5 281 281 281.5 281.5 281 281 281 281 281 281 281 281 280.5 280 280 280 280.5 280 279.5
nan nan nan nan nan nan nan nan nan nan nan nan nan nan nan nan nan nan nan nan nan nan nan nan nan nan nan nan nan nan nan nan nan nan nan nan nan nan nan nan nan nan nan nan nan nan nan nan nan nan nan nan nan nan nan nan nan nan nan nan nan 281.5 281.5 nan 281 281 281 281.5 281 281 281 281.5 281.5 281 281 281 281 281 281 281 280 280 280 280.5 280.5 280
nan nan nan nan nan nan nan nan nan nan nan nan nan nan nan nan nan nan nan nan nan nan nan nan nan nan nan nan nan nan nan nan nan nan nan nan nan nan nan nan nan nan nan nan nan nan nan nan nan nan nan nan nan nan nan nan nan nan nan nan nan nan 281.5 nan nan 281 281 281 281.5 281 281 281 281.5 281 281 281 281 281 281 281 281 280 280 280.5 280.5 280.5
nan nan nan nan nan nan nan nan nan nan nan nan nan nan nan nan nan nan nan nan nan nan nan nan nan nan nan nan nan nan nan nan nan nan nan nan nan nan nan nan nan nan nan nan nan nan nan nan nan nan nan nan nan nan nan nan nan nan nan nan 282 nan nan nan nan 281.5 281 281 281 280.5 281 281 281 281.5 281 281 281 281 281 281 280.5 280 280 280.5 280.5 280.5
nan nan nan nan nan nan nan nan nan nan nan nan nan nan nan nan nan nan nan nan nan nan nan nan nan nan nan nan nan nan nan nan nan nan nan nan nan nan nan nan nan nan nan nan nan nan nan nan nan nan nan nan nan nan nan nan nan nan nan nan nan nan nan 281 nan nan 281.5 281 281 281 281 281 281 281 281 281 281 281 280.5 281 281 280.5 280 280.5 280.5 280.5
nan nan nan nan nan nan nan nan nan nan nan nan nan nan nan nan nan nan nan nan nan nan nan nan nan nan nan nan nan nan nan nan nan nan nan nan nan nan nan nan nan nan nan nan nan nan nan nan nan nan nan nan nan nan nan nan nan nan nan nan nan nan nan 281 nan nan nan nan 281 281 281.5 281.5 281 281 281 280.5 280.5 280.5 280.5 280.5 280.5 280.5 280.5 280 280 280
nan nan nan nan nan nan nan nan nan nan nan nan nan nan nan nan nan nan nan nan nan nan nan nan nan nan nan nan nan nan nan nan nan nan nan nan nan nan nan nan nan nan nan nan nan nan nan nan nan nan nan nan nan nan nan nan nan nan nan nan nan nan nan nan nan nan nan nan nan nan 281 281.5 281.5 281 281 281 281 280.5 280.5 280.5 280.5 280.5 280.5 280.5 280 280
nan nan nan nan nan nan nan nan nan nan nan nan nan nan nan nan nan nan nan nan nan nan nan nan nan nan nan nan nan nan nan nan nan nan nan nan nan nan nan nan nan nan nan nan nan nan nan nan nan nan nan nan nan nan nan nan nan nan nan nan nan nan nan nan nan nan nan 281 nan nan nan 281 281.5 281.5 281 281 280.5 281 281 280.5 280 280 280 280.5 280.5 280
nan nan nan nan nan nan nan nan nan nan nan nan nan nan nan nan nan nan nan nan nan nan nan nan nan nan nan nan nan nan nan nan nan nan nan nan nan nan nan nan nan nan nan nan nan nan nan nan nan nan nan nan nan nan nan nan nan nan nan nan nan nan nan nan nan nan nan nan 281 281 281.5 nan 281.5 281.5 281 281 281 281 281 281 280 279.5 279.5 280.5 280.5 280.5
