ecocropFuture/tif/c6/rcp585/ACCESS-CM2/tmean_12.asc
ncols        683
nrows        518
xllcorner    -87.691666666667
yllcorner    10.708333333333
cellsize     0.008333333333
NODATA_value  nan
[rows 342 to 379 of 518, columns 87 to 173 of 683]
nan nan nan nan nan nan nan nan nan nan nan nan nan nan nan nan nan nan nan nan nan nan nan nan 279.5 279.5 279 278 278 276.5 277.5 275.5 275.5 274.5 274.5 274 274 273.5 272.5 271.5 273.5 272.5 271 271 271 270 269 268.5 267.5 267 267 266 265.5 264.5 263 262.5 262.5 262 261 260.5 259.5 258 258 257 255.5 254.5 262 267 268.5 270 271.5 272 273 273.5 273 273.5 275.5 275 274.5 274.5 274.5 274 274 274 273.5 273.5 273.5
nan nan nan nan nan nan nan nan nan nan nan nan nan nan nan nan nan nan nan nan nan nan nan nan nan 279.5 279 278.5 277 275.5 277 276.5 273.5 273.5 272.5 273 275 276 275.5 275 273.5 273 272.5 271.5 270.5 270 269 268 268 267.5 266.5 266 266 264.5 263.5 264 263.5 262.5 261 260.5 259.5 258.5 257 255.5 255 253.5 259 265.5 267 269.5 270.5 271 271.5 272.5 273 271.5 273 275 275 274.5 274.5 274.5 274.5 275 275 275 275
nan nan nan nan nan nan nan nan nan nan nan nan nan nan nan nan nan nan nan nan nan nan nan nan nan 279.5 279 279 277.5 276.5 277.5 276.5 274 272 272.5 272 271.5 276 275.5 275.5 274.5 273.5 271.5 270.5 270 269.5 269.5 269 269 267.5 267.5 267 266.5 267 266.5 265 264 262.5 261 259.5 258 257 256 254.5 253 252.5 255.5 263 265 268 269.5 270.5 271 272 272 271.5 272.5 274 274.5 274 274.5 274.5 275 275.5 276 276 275
nan nan nan nan nan nan nan nan nan nan nan nan nan nan nan nan nan nan nan nan nan nan nan nan nan nan 279 278.5 278.5 278 278 275.5 275 273.5 273.5 272.5 273.5 276.5 275.5 275 273.5 272.5 271.5 271.5 271.5 270.5 269.5 269 269 268 268.5 268 268.5 267 265.5 266.5 265 264.5 263 262 260.5 258.5 257 255.5 254.5 254 252.5 258.5 263.5 266 267.5 269 270 270.5 270.5 270.5 269.5 274 273 273.5 273 274 274 274.5 275.5 275 275
nan nan nan nan nan nan nan nan nan nan nan nan nan nan nan nan nan nan nan nan nan nan nan nan nan nan 279 279 278.5 278 279 276.5 275.5 273 275 275.5 276 276.5 275.5 274.5 273.5 273.5 272.5 272 271.5 270.5 270.5 270.5 270 269.5 270 270 269 268 268 267.5 265.5 263.5 262 261 260.5 258.5 258 256 256 254 252 254 260.5 264 266 267.5 268 269 269 269 269 272 273.5 271.5 271.5 271.5 272 273 273.5 273.5 273.5
nan nan nan nan nan nan nan nan nan nan nan nan nan nan nan nan nan nan nan nan nan nan nan nan nan nan nan 278 278 278 278 277.5 275.5 273.5 272 276.5 276.5 276.5 275.5 274.5 273.5 272.5 273.5 272.5 272.5 271.5 272.5 272.5 271.5 271.5 271 271 271 269.5 268 267 265.5 264 263.5 262 261 259.5 258 258 256 254 252 252 256 261 263.5 265 266.5 266.5 267.5 267.5 265 267.5 269 269 269.5 270 270.5 271.5 271.5 271.5 271.5
nan nan nan nan nan nan nan nan nan nan nan nan nan nan nan nan nan nan nan nan nan nan nan nan nan nan nan 278 278 277.5 276 275 274.5 274 272 276 276 276.5 276 275.5 273.5 273.5 274.5 274.5 273.5 273.5 273.5 273.5 272.5 272.5 272 272 271 270 269 267.5 266.5 266 265 263.5 261 260.5 259.5 258 256 254.5 254 252 251.5 258.5 261.5 263.5 264.5 264.5 265 265.5 265.5 271.5 267 267.5 267.5 268 269 269.5 269.5 269.5 270
nan nan nan nan nan nan nan nan nan nan nan nan nan nan nan nan nan nan nan nan nan nan nan nan nan nan nan 279 278 277.5 276.5 274.5 272 272.5 272.5 274 277 276.5 276 274.5 274 274.5 275.5 275.5 275 274.5 274 273.5 273.5 272.5 272.5 272 271.5 271 270 269 268.5 267 265 264 263 261.5 259.5 258.5 257 255.5 254 251.5 249.5 256 259.5 261 262.5 263 263 263.5 263.5 268.5 264.5 264.5 265.5 265.5 266 267 267 267.5 267.5
nan nan nan nan nan nan nan nan nan nan nan nan nan nan nan nan nan nan nan nan nan nan nan nan nan nan nan nan 278 277.5 276.5 276.5 272.5 270.5 270.5 271 276 276.5 276 275.5 274.5 274.5 275.5 275.5 275 274.5 274 274 273.5 273 272.5 272.5 272 271 269.5 268 266 265.5 265 263.5 262.5 262 260.5 259.5 258 256 254 251.5 249 253.5 257.5 259.5 260 260.5 261 261.5 260.5 261.5 262.5 262 263 263 263 264.5 264.5 265 266
nan nan nan nan nan nan nan nan nan nan nan nan nan nan nan nan nan nan nan nan nan nan nan nan nan nan nan nan 278 278 277 275.5 273.5 270 269 271.5 276.5 277 277 275.5 275.5 275.5 275.5 275.5 275.5 274.5 274.5 273.5 273.5 273.5 272.5 272.5 271.5 270.5 269.5 268.5 267 266.5 265 264.5 263.5 262.5 261.5 260 258 256 254 251.5 249 249.5 255 257 257.5 258 258 259 258 260 260 259.5 260.5 260.5 260 260.5 261.5 262 262.5
nan nan nan nan nan nan nan nan nan nan nan nan nan nan nan nan nan nan nan nan nan nan nan nan nan nan nan nan 278.5 278 276.5 275.5 275.5 272 271.5 269.5 274 277 277 276 276.5 275.5 276 275.5 275.5 274.5 274.5 274 273.5 273.5 273 272.5 271.5 271 269.5 268.5 268 267.5 266.5 266 264.5 263 261 259.5 258 256.5 254.5 252.5 250 248 251.5 253.5 255 255.5 256 256 255.5 256.5 258 256.5 257.5 257 257 257 258 259 259.5
nan nan nan nan nan nan nan nan nan nan nan nan nan nan nan nan nan nan nan nan nan nan nan nan nan nan nan nan nan 277.5 276.5 275.5 276.5 276 275 275.5 276.5 277 277 276.5 275.5 274.5 275.5 275.5 275 274.5 274 274 274 273 273 272.5 272 271 270.5 270 269 268 267.5 266 264 262 261.5 260.5 258.5 257 254.5 252 250 247 246 249.5 251.5 252.5 253 253.5 253 254 255 254 254 254 254 253 255 255.5 256.5
nan nan nan nan nan nan nan nan nan nan nan nan nan nan nan nan nan nan nan nan nan nan nan nan nan nan nan nan nan nan 277 277 276 275.5 276 277 277.5 277.5 277 276.5 276 275.5 275 275 275 275 274 274 274 273 273 272 272 271.5 271 270.5 269.5 269 268 267 266 263.5 262 261.5 259.5 257 254.5 251.5 249 246 244 244 247.5 249 249 250.5 250.5 250 251.5 251 250.5 250.5 250.5 249.5 252 252.5 254
nan nan nan nan nan nan nan nan nan nan nan nan nan nan nan nan nan nan nan nan nan nan nan nan nan nan nan nan nan nan 278 276.5 276 275.5 274.5 275 277.5 277.5 277 276.5 276.5 276 275 275 275 274.5 274.5 274.5 274 273 273 272.5 272 272 271.5 270.5 270 269.5 268.5 267.5 266 264.5 263 260.5 258.5 256 254.5 252 249 247 245 242.5 241.5 246.5 245.5 247.5 247.5 247.5 247.5 248 247 247 246.5 246.5 248.5 249 251
nan nan nan nan nan nan nan nan nan nan nan nan nan nan nan nan nan nan nan nan nan nan nan nan nan nan nan nan nan nan nan 277.5 277 275.5 275.5 275.5 277 277.5 277.5 277 277 276 275 274.5 275 274.5 274.5 274.5 274.5 273.5 273 272.5 272.5 272 271.5 270.5 270 269 268.5 267.5 266 264.5 262.5 260.5 259 257 254 252 249 247 244.5 242 239 239.5 242 243.5 244 244.5 244 245 244 243.5 243 243 244 246 248.5
nan nan nan nan nan nan nan nan nan nan nan nan nan nan nan nan nan nan nan nan nan nan nan nan nan nan nan nan nan nan nan 277.5 276 276.5 276 275.5 276 278 277.5 277 277 276 275.5 275.5 275 274.5 274.5 274.5 274.5 273.5 273.5 272.5 272.5 271.5 271.5 270.5 270 269.5 268.5 267 265 263.5 261 260.5 258.5 256 253.5 251 249 246.5 243.5 241 238 236 235 238 240 241 241 242 241 240 240 239.5 240.5 243 244
nan nan nan nan nan nan nan nan nan nan nan nan nan nan nan nan nan nan nan nan nan nan nan nan nan nan nan nan nan nan nan nan 275.5 277.5 277 276.5 276 277 277.5 277 276.5 275.5 275 274 274 274.5 274 274 274 274 273 272 272 272 271 270 269.5 268 267 266.5 265 262 260.5 259 257 255.5 253 251.5 248.5 246 243.5 241.5 239.5 236 232.5 233 236 237 237 238 237 236 235 235.5 235.5 238 239
nan nan nan nan nan nan nan nan nan nan nan nan nan nan nan nan nan nan nan nan nan nan nan nan nan nan nan nan nan nan nan nan nan 277.5 277 277.5 276.5 276 277.5 277.5 276.5 275 274 274.5 274 275 274.5 274.5 274.5 274 273.5 272.5 272 272 271.5 269.5 269 268 265.5 264.5 264 263 262.5 259.5 258 256.5 254.5 252 249 247 244.5 241.5 238.5 235 233 230 232.5 234 234 234 233 232.5 232 231.5 231.5 232.5 235
nan nan nan nan nan nan nan nan nan nan nan nan nan nan nan nan nan nan nan nan nan nan nan nan nan nan nan nan nan nan nan nan nan 277.5 275.5 277.5 277 277 277 277.5 276.5 276 275 275.5 275 274.5 274.5 274.5 274.5 274 273.5 273.5 272.5 272.5 271 269 267 267 266.5 266 266 264.5 262.5 262 259.5 256.5 254 251.5 249.5 247 244.5 241.5 238.5 236 233 230 228.5 230.5 230.5 229.5 229.5 229 228 227.5 227 230 237.5
nan nan nan nan nan nan nan nan nan nan nan nan nan nan nan nan nan nan nan nan nan nan nan nan nan nan nan nan nan nan nan nan nan nan 275.5 277.5 277.5 276.5 276.5 276 276.5 275.5 275.5 275.5 274.5 275 274.5 274.5 274.5 274 273.5 273.5 272.5 271.5 271 269 269 268 267.5 267 266 264.5 263.5 261 258.5 257 255 252.5 250 247 243.5 241.5 239 236 233 230.5 227.5 227 227.5 226.5 225.5 223 222 223 227 233 239.5
nan nan nan nan nan nan nan nan nan nan nan nan nan nan nan nan nan nan nan nan nan nan nan nan nan nan nan nan nan nan nan nan nan nan 278 278 277.5 277 276 276 276.5 276 276 275.5 275.5 275.5 274.5 274.5 274 273.5 273.5 273.5 272.5 272 271.5 271 269 269 267.5 266 265 263.5 262 260 259 257 255 252.5 250 247.5 244.5 241.5 238.5 235.5 233 230.5 228 225 223.5 223.5 221 219.5 222 225 228 233 241
nan nan nan nan nan nan nan nan nan nan nan nan nan nan nan nan nan nan nan nan nan nan nan nan nan nan nan nan nan nan nan nan nan nan nan 277.5 277.5 277.5 276.5 276.5 276 276 275.5 275.5 275 275 274.5 274 274 273.5 273.5 273 272.5 271.5 271 270.5 270 268.5 267.5 266 265 263.5 262 261 258.5 256 254.5 252.5 249.5 247 244 241.5 238.5 236 234 231 228 225 221 218.5 219 221 223 226 231 235 238
nan nan nan nan nan nan nan nan nan nan nan nan nan nan nan nan nan nan nan nan nan nan nan nan nan nan nan nan nan nan nan nan nan nan nan nan 277 277 276.5 275.5 275.5 276 275.5 275.5 275 275 275 274.5 274 273.5 273.5 273 272.5 272 271.5 270.5 269.5 269 267.5 266 265 263.5 262 260 258.5 257 255 252.5 249 246 244 241.5 239.5 237 234.5 232 229 226 220.5 219 220.5 222.5 224.5 228 230 235 241
nan nan nan nan nan nan nan nan nan nan nan nan nan nan nan nan nan nan nan nan nan nan nan nan nan nan nan nan nan nan nan nan nan nan nan nan nan 277 277 276.5 274.5 275.5 275.5 275.5 275.5 275 274.5 274.5 274 273 272.5 273 272 271.5 271.5 270.5 269.5 268 267.5 266 265 264 262 260 258 257 254 251.5 248.5 247 245 243 240.5 238 235 233 229 226 221 219.5 220.5 223.5 224 227 234.5 238.5 242
nan nan nan nan nan nan nan nan nan nan nan nan nan nan nan nan nan nan nan nan nan nan nan nan nan nan nan nan nan nan nan nan nan nan nan nan nan nan 277 277 275.5 275.5 276 275.5 275.5 274.5 274.5 274 272.5 273 272 272 272 271.5 270.5 270 269 268.5 267.5 266.5 265 263.5 261.5 258.5 256.5 254 252 250.5 249.5 248 247 244.5 241.5 238.5 236 233.5 230.5 227 222 221 221.5 222.5 225.5 228 229.5 232.5 238.5
nan nan nan nan nan nan nan nan nan nan nan nan nan nan nan nan nan nan nan nan nan nan nan nan nan nan nan nan nan nan nan nan nan nan nan nan nan nan nan 276.5 276 275.5 275.5 275.5 275.5 274.5 274 273.5 272.5 273 272 272 272 271.5 270.5 270 269.5 268.5 267.5 266 263.5 262 259 257.5 256 254 252.5 252.5 251 250 247.5 245 242 239.5 236.5 234 232 228.5 225 222 223 225.5 224.5 226 229 232 232
nan nan nan nan nan nan nan nan nan nan nan nan nan nan nan nan nan nan nan nan nan nan nan nan nan nan nan nan nan nan nan nan nan nan nan nan nan nan nan nan 276 276 276 275.5 275.5 274.5 274.5 273.5 272.5 273.5 273 272.5 272.5 271.5 271 270 269.5 267.5 266 265 262.5 261 259.5 257.5 256 255.5 254.5 253.5 252 250 248 245 242.5 240.5 237.5 235.5 232.5 230 228 223 222 223.5 224.5 224.5 225 226 228
nan nan nan nan nan nan nan nan nan nan nan nan nan nan nan nan nan nan nan nan nan nan nan nan nan nan nan nan nan nan nan nan nan nan nan nan nan nan nan nan nan 276 275 275 275 274.5 274.5 274 273.5 272.5 272.5 272.5 272 271.5 271 269.5 268.5 267.5 267 265 262.5 261 259.5 258.5 257.5 256.5 255.5 253.5 251.5 250 248 246 243.5 241 238.5 236.5 234.5 232 229 225 223 223.5 224 224.5 225.5 226 228
nan nan nan nan nan nan nan nan nan nan nan nan nan nan nan nan nan nan nan nan nan nan nan nan nan nan nan nan nan nan nan nan nan nan nan nan nan nan nan nan nan 276 275.5 275 274 274 274.5 274 273.5 273 273 272.5 271.5 271 270 268.5 267.5 267.5 267 264.5 261.5 261 260.5 259.5 257 256 255 253.5 253 251 249 247 245 243 240.5 238.5 236 233.5 231 228 224 225 226 225.5 227.5 227.5 229.5
nan nan nan nan nan nan nan nan nan nan nan nan nan nan nan nan nan nan nan nan nan nan nan nan nan nan nan nan nan nan nan nan nan nan nan nan nan nan nan nan nan nan 275.5 275 274.5 275 274.5 274 273.5 272.5 271.5 272 271.5 271 270 269 268.5 267 266.5 263.5 263 262 261.5 259.5 258 256 255.5 255 253 252 250 248 246 244.5 242 239.5 237.5 235.5 232.5 230 227 225.5 226.5 228 228 229 230.5
nan nan nan nan nan nan nan nan nan nan nan nan nan nan nan nan nan nan nan nan nan nan nan nan nan nan nan nan nan nan nan nan nan nan nan nan nan nan nan nan nan nan 275.5 275.5 275 274 274 273.5 273 273 272 272 271 270 269.5 269 268.5 268 266.5 265.5 264 262 260.5 259 258 257.5 258.5 256.5 254.5 252 250.5 249 247.5 246 243.5 241 238.5 236.5 234.5 232 230 228 227 228 229 230 231.5
nan nan nan nan nan nan nan nan nan nan nan nan nan nan nan nan nan nan nan nan nan nan nan nan nan nan nan nan nan nan nan nan nan nan nan nan nan nan nan nan nan nan 275.5 275.5 275 274 274 274 273 273 272 271 271 270 269.5 268.5 268 267 266 264.5 263 262 261.5 262.5 262 261 258.5 256.5 255 254 252 251 250 247 245 242.5 240 237.5 236.5 234 232 230.5 229 229 230 230.5 232
nan nan nan nan nan nan nan nan nan nan nan nan nan nan nan nan nan nan nan nan nan nan nan nan nan nan nan nan nan nan nan nan nan nan nan nan nan nan nan nan nan nan 275.5 275.5 275.5 275 274 274 273 273 272.5 271 270 270 269 268.5 268 267.5 266.5 265.5 264 263 264 264 263 261 259.5 257.5 256.5 254.5 254 253.5 250.5 248 246 244 242 240 237.5 236.5 234.5 232.5 231.5 231 231 231 232
nan nan nan nan nan nan nan nan nan nan nan nan nan nan nan nan nan nan nan nan nan nan nan nan nan nan nan nan nan nan nan nan nan nan nan nan nan nan nan nan nan nan nan 275.5 275.5 275 275 274 273 273.5 272 271.5 270.5 269.5 268.5 268 268 268 267 265.5 266 265 265.5 263.5 262.5 262 261 258.5 257.5 257.5 256 252.5 250.5 249.5 247 245.5 243 241 239 238.5 236 234.5 234 233 232 232 232
nan nan nan nan nan nan nan nan nan nan nan nan nan nan nan nan nan nan nan nan nan nan nan nan nan nan nan nan nan nan nan nan nan nan nan nan nan nan nan nan nan nan nan nan nan 275.5 275 275 273.5 273.5 272.5 271.5 271.5 269.5 270 268.5 268 268.5 268 267 267.5 267 265 264.5 264.5 263.5 262 260.5 260.5 258.5 255.5 253.5 252.5 250.5 249 247 244 243 242 239.5 238 236.5 235.5 235 234 234 233
nan nan nan nan nan nan nan nan nan nan nan nan nan nan nan nan nan nan nan nan nan nan nan nan nan nan nan nan nan nan nan nan nan nan nan nan nan nan nan nan nan nan nan nan nan nan 275.5 275.5 273.5 272.5 273 272.5 271 271 270 270.5 269 268.5 269 269 268.5 268 266 267 265.5 264.5 263.5 263 261 257.5 256.5 255.5 253.5 252.5 250.5 248 246 244.5 243 241 239 238 237 237 236 235 235
nan nan nan nan nan nan nan nan nan nan nan nan nan nan nan nan nan nan nan nan nan nan nan nan nan nan nan nan nan nan nan nan nan nan nan nan nan nan nan nan nan nan nan nan nan nan nan 275.5 275 274 273 273.5 272 271 272 271 270 268 270 270 269.5 268.5 268 268 267 265.5 265 262 260 259.5 258.5 256.5 255.5 252.5 251.5 249.5 248 246 244.5 243 241 240 238.5 238.5 237.5 236.5 236.5
nan nan nan nan nan nan nan nan nan nan nan nan nan nan nan nan nan nan nan nan nan nan nan nan nan nan nan nan nan nan nan nan nan nan nan nan nan nan nan nan nan nan nan nan nan nan nan nan 275 275 274 273.5 273 272 271.5 271 270 269 270 270.5 269.5 269.5 268.5 268 267 266.5 264.5 263 262 261.5 260 258.5 256.5 254.5 252.5 251.5 249.5 248 246 245 243.5 242 241 239.5 239 238.5 237.5
