ecocropFuture/tif/c6/rcp585/ACCESS-CM2/tmean_2.asc
ncols        683
nrows        518
xllcorner    -87.691666666667
yllcorner    10.708333333333
cellsize     0.008333333333
NODATA_value  nan
[rows 304 to 341 of 518, columns 348 to 434 of 683]
256.5 256.5 255.5 256 256 256.5 256 255.5 254.5 252.5 253.5 254.5 254.5 254.5 255 255 254 255.5 256 256 256 256.5 257 256.5 257 257 257 257.5 257.5 257.5 258 257 256 255.5 254.5 254.5 254.5 255.5 256 255.5 256 256.5 257.5 258 256.5 256.5 257 258 258 258 258 258 257.5 257.5 256.5 257 257.5 256.5 256.5 256.5 255.5 255 254.5 254 254 254 254 253.5 253 253.5 253 253.5 252 252.5 252.5 251.5 249.5 248.5 249.5 252 252 254 255 255 254.5 254 254
255 255.5 256.5 255.5 256 254.5 254.5 254.5 254.5 252.5 252.5 254 254 254.5 254 254.5 255.5 256 256 256.5 257 257 257 257 256 257 257 257.5 257.5 257.5 258 257.5 257 255.5 255.5 255.5 255.5 255.5 256.5 256.5 256.5 256.5 257.5 258 258 257.5 258 258 258 258.5 258.5 258.5 258.5 258.5 257.5 257.5 257.5 257.5 256.5 255.5 254.5 254.5 255 255 255 254.5 254 253.5 253.5 253.5 253.5 253 253 253.5 253 251 249.5 249.5 250 253 254.5 255 256 255 254.5 254 254.5
255 256 255.5 254.5 255.5 254.5 254.5 254.5 254.5 253.5 253.5 254 253.5 253.5 254.5 255.5 256 256.5 257 257 257 257 257 256.5 256.5 256 254.5 255.5 257.5 257.5 258 258.5 257.5 256.5 256 256.5 256 256.5 255.5 256 256.5 256.5 257.5 258.5 258.5 258.5 258.5 259 258.5 258.5 258.5 258.5 258.5 258.5 258.5 258 258 258 256.5 256 255.5 255 255 255 255 254.5 254 254 254.5 254.5 254.5 254 254 254 253 252 251 251 251 251 253 255 256 256 255 255 254.5
255.5 254.5 253.5 252 254.5 253.5 254 254.5 254 253 253.5 252.5 254.5 254.5 254.5 254.5 253.5 255.5 256.5 256 256.5 257.5 257.5 257.5 257.5 257.5 257.5 256.5 257.5 257.5 257.5 257.5 258.5 258 258 258 258 257.5 256.5 255.5 256.5 256.5 257.5 258.5 258.5 259 259 259 259 259.5 259.5 259 258.5 258.5 258.5 258.5 258.5 258.5 257 256 256.5 256 256 255 255.5 255 254 254 255 255 254.5 255 254.5 254.5 254 253 252 251 251 252 253 254.5 256.5 257 256 256 254.5
253.5 251 253.5 253.5 253.5 254 253.5 253.5 254 253.5 253.5 252.5 251 251.5 251.5 252.5 252.5 252.5 256 254.5 253.5 256.5 256.5 258.5 258.5 258.5 258.5 258.5 257.5 256.5 257.5 258.5 258.5 259 259 259 258.5 257.5 256.5 255.5 256.5 258 258.5 258 258.5 259 259 259 259 259.5 259.5 259 258.5 258.5 258.5 258.5 258.5 259 258.5 258 257 257 256 256 256 255 254 254 255 255.5 255.5 255.5 255 255 254 253 252.5 253 254 255 255 254 256 257 256 256 255.5
250.5 250.5 253.5 253.5 254.5 253.5 255.5 255.5 255.5 254.5 251.5 250.5 253.5 254.5 252.5 253.5 254.5 253.5 255.5 256.5 256.5 257.5 256.5 257.5 258.5 258.5 259 259 259.5 259 259 258.5 257.5 258.5 259 259.5 259 258.5 257.5 258 258 258 258 258.5 258.5 258.5 258 255.5 259.5 259.5 260 260 259.5 258.5 258.5 257.5 257.5 259 259.5 259 259 257.5 256 256 255 255 255 255 255 255.5 255.5 256 255.5 255 254 253.5 253 252 253.5 255.5 256.5 256.5 257 257 257 257 256.5
250.5 252.5 252.5 254.5 255.5 255.5 256 256.5 255.5 253.5 254 253.5 254.5 256.5 254.5 255.5 256 256.5 257 258 258 258.5 258.5 258.5 258.5 259 259 259 260 260 259.5 259.5 258.5 257.5 258.5 259.5 259.5 259.5 258.5 259.5 259 259 258.5 258.5 258 258.5 258.5 257.5 259 259 260 260 260 259.5 259.5 259.5 259.5 259.5 260 259.5 259 258 257 257 257 256 256 255.5 256 255.5 256.5 256.5 255 253.5 253 252.5 252.5 253.5 255.5 256.5 257 257 257 257.5 257 257 257
249.5 252 254 254 254 255.5 256.5 257 255.5 256 256.5 257 257 257.5 257 256.5 257 258 258 258 258.5 258.5 258.5 258.5 259 259 259 259.5 259.5 260 260 260 260 259.5 257.5 259 259.5 259.5 259.5 259.5 258.5 259 259.5 260 260 259 258.5 258 258.5 259.5 260 260 260 259 260 260.5 260.5 260.5 260 260 258 256.5 256 255.5 256 255 256 256 257 256.5 256.5 257.5 255.5 253.5 254 253.5 254.5 254.5 256.5 257.5 257.5 257 258 258 257.5 257 257.5
249 252 253 254 255 257 257 257 257 257 258 258 258 258 258 258 258 258 258.5 258.5 258.5 258.5 258.5 258.5 259 259 259 259.5 259.5 259.5 259.5 260 260 260.5 259.5 259.5 259.5 260 259.5 260 259.5 259.5 260 260 260 260 259.5 257.5 258.5 259.5 260 260.5 260 261 261 261 260.5 260.5 260.5 259 256.5 256.5 256 255.5 255 255.5 256 257 257 257 257.5 257.5 255.5 253 253 254.5 255.5 256.5 256.5 257.5 258 257.5 258 258 257.5 257.5 257.5
250 252 253.5 255 256 257 258 258 258 258 258 258 258 258 258 258 258 258.5 259 258.5 258.5 258.5 258.5 259.5 259 258.5 259 259 259 259 259.5 259.5 259.5 260 260 260 260 260 260 259.5 260 259 260 260 260 260.5 260 258.5 258.5 259.5 259.5 260.5 261 261 261 261.5 261 260.5 260.5 259.5 258 257 256 255.5 254.5 255 255.5 256 257 257.5 257.5 257.5 255.5 253.5 254 254 255.5 257.5 257.5 258 258 258 258 258.5 258 257.5 257.5
251 252.5 254 254 256 257.5 258 257 258 258 258 258 258 257 257 258 258 258 258 258.5 258.5 258.5 258.5 259 258.5 258.5 258.5 259 259 259.5 259.5 259.5 260 259.5 259.5 259 259.5 260.5 260 260 260 260 260 260 260.5 260.5 260 260 260 259.5 261 261 261 261 261 262 261.5 260.5 258.5 259 259 257.5 256.5 255 255.5 255 256 256 256 258.5 258.5 257.5 255.5 254 253.5 253.5 255 258 258 258 258.5 258.5 258.5 258.5 258.5 258.5 257.5
252.5 253.5 253 254.5 256 257 256 255.5 257 258 257 256 257 256 255.5 257 258 258 256.5 258 258 256.5 257 259 259 258 258.5 259 259 259 259 259.5 258.5 258.5 258.5 258.5 257.5 258.5 259.5 260.5 260.5 260.5 260.5 260.5 260.5 260.5 259.5 260 261 261.5 261.5 261.5 261.5 261.5 262 262 261 259 258.5 260 260 258 256.5 256 256 255 256 257 256.5 257.5 258.5 257.5 256.5 257 256.5 257.5 258.5 258.5 257.5 257.5 257.5 258 258 258.5 258.5 258.5 258.5
253.5 254 254.5 256 257 257 257 257 256 257 258 257 257 256 257 257 257 256.5 255 257 258 256 257 259 259 258 258.5 258.5 259 259 259 258.5 258 258 258 258 255 255.5 260 260 260 260 260.5 260.5 260.5 259.5 260.5 261 261.5 262 262 261 261 262 262 262 262 260.5 259.5 261 260.5 258 257.5 256 256 256 256.5 257 257.5 257.5 258.5 259 258.5 258.5 258.5 259 258.5 258.5 258.5 258.5 258.5 258 258 258 258 258 258
252.5 254.5 256 255 256 257 257 253.5 250.5 254 257 257 255 253.5 253.5 253.5 255.5 254.5 255 256 257.5 257 256.5 258.5 258.5 258 258.5 258.5 258.5 258 258 258 256.5 257.5 256.5 257.5 258.5 259 260 259 259 259.5 260 261 261 261 261 261 261.5 261 262 262 262 262 262 262 262 261.5 261.5 261.5 261 259.5 258 258 258.5 258.5 258 258.5 258.5 258.5 259 258 258.5 259 259.5 258.5 258 258 258 259 259 258.5 259 258 257.5 258 258
253.5 254.5 255.5 255.5 256.5 257 254 250 251.5 255 255 255 254 253 253 252.5 255 255 255 254.5 255.5 256 258 258.5 258.5 258.5 259 259 257.5 255 255 255.5 253.5 253.5 255 256 255.5 257.5 260 259 259 259 260 260 259 259 261 261.5 260.5 261 261 262 262 262 262 262 262 262 262 261.5 261 260 260 260 260 258.5 257.5 257.5 256.5 258 258 258 258.5 258.5 258.5 258 258 258 259 259 259 259 259 258 257.5 258 258.5
253.5 254.5 255.5 256.5 256.5 253 250.5 251 253 252.5 251.5 254 253.5 253 253 253.5 255 255 256 255 255 256 258.5 258.5 258.5 258.5 258.5 258 256 253 252 252 251.5 254.5 255.5 257.5 258.5 258.5 259.5 257 258 259 259.5 259 256 257 259.5 260.5 260.5 261 261 261.5 262 262 262 262.5 262.5 261.5 262.5 262.5 261.5 261 261 260.5 259 258 257.5 256.5 256.5 256.5 257 258 258.5 258.5 258.5 259 259 259 259 259 259 259 259 259 259 258 258.5
250 253.5 255.5 256.5 255 251.5 252 253 254 253 253 254 253.5 252 253 254.5 254 256 256 256 256 255.5 256.5 257.5 258 258.5 259 257.5 255 254 253 253 253.5 256 257.5 258.5 258.5 259.5 259 256 257 258 258 258 259 259 258.5 258.5 259.5 260.5 261.5 261.5 261.5 262.5 262.5 262.5 262.5 262.5 262.5 262.5 262.5 262 262 261 259.5 259 258.5 257.5 258 258 258 258 257.5 257.5 258.5 259 259 259.5 259.5 259.5 259 259 259 259 259 258.5 258.5
248.5 253.5 255 256.5 253.5 252 252 253 254 254 254 254 254.5 253.5 254.5 255 255 254.5 254.5 255.5 255 254.5 254.5 253.5 255.5 256.5 259 258 257 255 253 253 254 253.5 256.5 257.5 259.5 259.5 258.5 258 254 254 257 258.5 259.5 260 259 259 259 260 260.5 261.5 261.5 262.5 262.5 262.5 262.5 262.5 262.5 262.5 262 261 261 260.5 260 259 258.5 258 258 258 258 258 257.5 258 258.5 259.5 259.5 259 259 259 259 259 259 259 259 259.5 258.5
246.5 251.5 253.5 255.5 254 253 253 252.5 253 254 254.5 254.5 254.5 253.5 254.5 253.5 253 251.5 253 253 252 252.5 252.5 253.5 255.5 255.5 258 258 257 257 256 253 253 253 255.5 258.5 259.5 259 259 259 258 257.5 258 259 260 260.5 260.5 261 261 261 261 261 261.5 262 262.5 262.5 262.5 262.5 263 262.5 262 261.5 261 261 260 259.5 259.5 259 258 258 258 257.5 258 258.5 259.5 259.5 259 259 259.5 259.5 259.5 259 259 259 259 258.5 259
248.5 245.5 248.5 253.5 254 254 254 254 254 254 253.5 253.5 255 254.5 254.5 254.5 252.5 252.5 252 251.5 251.5 252.5 255.5 256.5 257 257 258 257 256 256 256 255 256 256.5 257.5 258.5 258.5 256.5 257.5 258 258 256 257.5 259 259 260 260.5 261 261 262 262 262 262 262 262.5 262.5 263 263 263 263 262.5 262 262 261.5 260.5 259.5 258.5 256.5 257 258 257 258 258 259 258.5 258.5 259 259 259.5 259.5 259.5 259 259 259 258.5 259 259
248 251.5 252.5 253.5 253.5 254.5 254 253 253 252 252.5 254.5 253.5 253.5 254.5 254.5 253 252.5 252 253.5 254.5 256.5 256.5 257 256.5 257 258 256 255.5 256 254 254 254.5 256 256.5 257 258 257 258 258 257 257 256 257.5 256.5 258.5 260.5 261 261 261 261 261 260.5 262 262.5 262.5 263 263 263.5 263 263 262 261.5 260 259.5 260 259 257.5 258 258 258 258 258 258 258.5 259.5 259.5 259.5 259.5 259.5 259.5 259 259 258.5 258.5 258.5 258.5
248.5 253 253.5 253.5 254.5 254.5 254 253.5 251 250.5 252.5 251.5 250.5 252 254.5 254.5 252.5 250.5 251.5 252.5 253.5 256.5 256.5 255.5 255.5 256 257 254.5 254 255 255 253 254 256.5 257 257.5 256 254 256 258 257 256.5 256 257 258 258.5 259 261 261 261 260 259.5 261 262 262.5 262.5 263 263 263 264 263 263 262 260 260 260 259 258.5 258.5 259 259 259 259 258.5 258.5 258.5 259.5 260 260 260 260 259.5 259 258.5 259 259 258.5
248.5 251 252.5 253.5 254.5 254.5 253.5 252 250 252.5 252.5 250.5 250.5 251.5 252.5 254 253.5 252.5 252.5 253.5 254.5 253.5 254 254.5 253.5 256.5 255 255.5 255 254 254 254 255 255.5 256 256.5 256 255 256 256 257 256.5 257 258 257 257 258 260.5 261 260 260 259 259.5 261 261 261.5 263 263 263 264 263.5 263 262.5 261.5 260.5 261 260 259 259.5 258.5 258 258 257.5 257.5 258.5 259.5 260 260 260 260 260 259.5 259 259 259.5 259 259.5
246.5 247 248.5 251.5 253.5 254.5 253.5 251.5 249.5 251.5 252.5 253.5 253.5 253.5 253.5 253.5 252 253 253.5 253 252 250 251.5 252.5 252.5 255.5 256 255 253.5 253 254 253 253 253 255 256 255 255 256 255 256 256.5 258 258.5 258.5 257.5 258.5 260 260 260 260 261 260.5 260 261 262 262 262.5 263 263.5 264 263.5 261.5 261.5 262 261.5 261 260 258.5 258 257 257.5 257.5 258.5 259.5 259.5 260 260 260 260 259 259.5 259 259 259.5 259.5 259.5
250.5 251.5 250.5 252.5 254 254 254 253.5 252 252.5 252.5 251.5 253.5 253.5 250.5 253.5 253.5 252.5 252.5 252.5 252.5 251.5 253.5 253 255 256.5 257 256.5 255 254 254 253.5 252.5 253 255 255 255 255.5 254.5 254.5 255 256 256 257 258.5 259.5 260 260.5 261 260 261 261 261 262 262 262 262 262 263.5 263.5 264 263.5 263.5 263 261.5 261 259 259 259 259 259 259.5 260 260.5 260.5 260 260 260 260 260 259 259.5 259 259 259.5 259.5 259.5
252.5 253.5 253.5 253.5 254 254 254 253 252.5 252.5 251.5 251.5 253 253 251.5 252.5 253.5 252.5 252 252.5 252.5 253.5 255 256 256 256 257 256.5 256 255 253.5 253 253 252 253 255 255 255 254 254 253 255 256.5 258.5 259.5 258.5 259.5 259.5 260 260 260 260 261 262 262 262 263.5 264 264 264.5 264.5 263.5 263.5 262.5 262.5 261.5 260 260 261 261 260.5 261 260.5 260.5 260.5 260.5 260 260 260 259 259 259.5 259.5 259 259 259 259
252.5 252.5 253 254 254 254 254 253 252 253 251.5 253 252 252.5 251.5 251.5 253.5 252.5 252 253.5 254.5 255.5 255.5 254.5 254.5 256 255 256.5 256.5 255 253 253 252.5 252 252.5 253 255 255.5 255.5 255.5 256 256 257.5 257.5 257.5 257.5 259 259.5 259 261 260 259 261 262.5 263.5 264 264 264 264 264.5 263.5 262.5 263.5 261.5 259.5 260.5 260.5 261 261.5 261.5 261.5 261.5 261.5 261 261.5 261 260.5 260.5 260.5 260 260 260 260 259.5 259 259 259
253 252 252.5 253 252.5 253.5 251 247.5 251.5 251.5 250.5 250 252 252.5 250 252 253.5 252.5 253.5 254.5 254.5 255 253.5 251.5 254 256 254.5 255 255.5 256 255 254 251.5 252 254 254.5 255.5 255 255 255 255 256.5 255.5 255.5 255.5 256.5 260.5 260.5 260.5 261.5 262 261.5 262 263 263.5 263 263.5 264.5 264.5 263.5 263 262.5 262.5 262 261.5 261.5 261.5 261.5 262 262.5 262.5 262.5 261.5 261.5 262 261.5 261.5 261 261 260.5 260.5 260.5 260 260 260 259.5 259.5
252.5 252 250.5 248.5 251 249.5 250 245.5 248.5 249.5 250.5 251.5 251 249.5 249.5 252.5 252.5 253.5 253.5 253.5 255 254.5 253.5 250.5 252.5 255 253 253.5 253.5 254 255 253.5 252.5 253.5 254.5 255 255 254 253.5 254.5 255.5 256.5 255.5 255.5 256.5 258 260.5 261.5 261.5 262 262 262 263 263 261 262.5 264.5 264.5 264.5 264.5 263 263.5 263 263 262 262.5 263 263 262.5 262 262.5 262.5 262 262 262 261.5 261.5 261.5 261.5 261 260.5 261 261 260 260 260 259.5
250 250.5 248.5 246.5 249.5 248.5 250 250.5 248.5 246.5 250.5 251.5 251 249.5 251.5 251 250.5 250.5 252.5 254.5 253.5 253 254 254 255 253.5 252 252 251.5 252 253 254.5 253.5 253 252.5 252.5 253.5 252 252 254 255.5 256.5 256.5 255 256 258.5 261 261.5 261.5 261 261 261 261 262 262.5 264 264.5 264.5 264.5 265.5 264.5 263.5 264 263 263.5 263.5 263.5 263 263 263 263 263 263 262.5 262.5 262.5 262 261.5 261.5 261.5 261.5 261 260.5 260.5 260 259.5 259
248.5 248.5 248.5 249.5 250.5 251 251.5 251.5 250.5 252 252 252 252 252.5 252 251.5 251.5 250.5 252 252.5 250.5 252 254.5 255 254 254.5 252.5 252.5 252 252 253.5 253 251 252 249 248.5 252.5 254 254.5 255.5 256 258 256 255.5 258.5 261 261.5 260.5 259.5 259 260.5 260 261.5 262.5 264 263.5 264 264.5 265.5 265.5 263.5 263.5 264 263.5 264 264 264 263.5 263.5 263 263 263 263 263 262.5 262.5 262.5 262 261.5 261 260.5 260.5 261 260.5 260 259 259.5
249.5 249.5 247.5 246.5 248.5 251 252 251.5 251.5 251 251.5 252 252 252 251.5 252 252 251 250.5 252 253 253 254 254 254 254 255 254 253.5 253 252 250.5 248.5 250 250 252 254 255 255 255 257 258 259 259 261 261 261 257.5 258.5 259 261.5 261.5 262 263 264 265 265.5 265.5 265.5 265.5 265.5 264.5 264 264 264 264.5 264.5 264 263.5 263.5 264 263 263 263.5 263 263 262.5 262 261.5 261.5 261 260.5 261 260 260 259 259.5
250.5 249.5 248 248.5 250.5 251 250.5 251 250 250.5 251 251 249 249.5 250.5 251.5 250 249.5 249.5 251 250.5 253.5 254 253.5 252 253 254.5 254.5 253.5 251.5 249.5 248.5 245.5 249 248.5 250.5 254 254 254 255 256 256 259 259 257.5 260.5 260.5 258.5 259.5 261.5 262 263.5 263.5 264.5 264 264 265 265.5 265.5 265.5 265.5 264.5 265 265 265 265 265 264.5 264 264 264 264 264 263.5 263.5 263 262.5 262 262 261.5 260.5 260.5 260.5 260 259.5 259.5 259.5
250.5 248.5 248.5 251.5 252 250.5 250.5 250.5 250 249.5 250 250 247 248.5 249.5 250 249.5 249.5 250 249.5 252 253 254 254 253 254 254.5 254.5 254.5 252.5 251.5 251 250 248.5 246.5 246.5 247.5 251.5 252 256 257 258 258 257 257 258.5 258.5 258.5 260 262.5 263 262.5 262 262.5 263 264.5 265.5 265.5 265.5 266 266 265.5 265.5 265 265 265 265 265 265 265 264 264 264 263.5 263 263 262 262 261.5 261 260 261 261 260.5 259.5 259.5 259.5
252 249.5 252.5 252 250.5 250 250.5 249.5 249.5 249.5 249.5 249.5 248 249.5 249.5 250.5 252 252.5 252 253 253 252.5 253 253 253 252.5 254 253.5 250.5 249 249.5 250.5 250 247.5 248 247 250.5 254 255 256 257 257 257 257.5 261 261 260.5 259.5 260.5 262 261.5 261 260.5 262 263.5 265 264 265.5 266 266.5 266.5 266.5 266 265.5 265 265.5 265 265 265 265 265 264 264 264 264 263 263 262 261.5 261 261 261 261.5 261 260.5 260 259
251.5 253 252.5 250.5 249.5 248.5 248.5 249.5 249.5 247.5 247.5 248.5 249.5 251 251.5 251 252 252 250.5 252 250 250 250.5 251 252.5 252.5 253.5 253.5 253 252.5 251.5 252 251 251 249 247.5 251 253 256 257.5 258 259 259 258.5 261 261.5 262 262.5 263.5 263.5 264.5 264 263 263.5 261 265.5 265.5 266 266 266.5 266.5 266.5 266 266 266 266 265 265 265 265 265 264.5 264 264 264 263.5 263 263 263 262 262 261.5 262 261.5 261 260 259.5
252 252.5 252 251.5 250.5 248.5 247 248 247 246 248.5 251 251.5 251 249.5 249.5 251 248 246.5 250.5 251 250 249.5 251 252 252 252.5 252.5 253 252.5 252 252 252 251.5 251 250 249 249 252 256 258 259 259 260.5 260 260 260.5 259.5 262.5 262.5 264.5 264.5 264.5 265 265.5 266 266.5 266.5 266.5 266.5 266.5 266.5 266.5 266.5 266 266 265.5 265 265 265 265 265 264 264 264 264 263.5 263 262.5 262.5 261.5 261 261.5 261.5 261 260.5 260
254 254 252 249.5 249.5 249.5 249.5 249 249.5 249.5 250.5 250.5 250.5 249.5 250 249.5 249.5 245.5 247.5 250.5 251 250 248.5 247.5 248 250 252.5 251 252.5 251.5 252 251 251 251 250.5 246.5 247.5 251 255 257 257 254 257 259 257 256.5 258.5 261.5 262.5 263.5 264.5 265.5 265.5 265.5 265.5 266.5 266.5 266.5 266.5 266.5 266.5 266.5 265.5 265.5 265.5 265.5 265.5 265 265 265 265 265 264.5 264 264 264 263.5 263.5 263 262.5 262 262 261.5 261.5 261.5 261 260
