ecocropFuture/tif/c6/rcp585/ACCESS-CM2/tmean_1.asc
ncols        683
nrows        518
xllcorner    -87.691666666667
yllcorner    10.708333333333
cellsize     0.008333333333
NODATA_value  nan
[rows 190 to 227 of 518, columns 87 to 173 of 683]
nan nan nan nan nan nan nan nan nan nan nan nan nan nan nan nan nan nan nan nan nan nan nan nan nan nan nan nan nan 209.5 218.5 226 227 220 220.5 226.5 229 230 230.5 228.5 229 227 225.5 224 221 216.5 209.5 204.5 206 205.5 201.5 208.5 212.5 215.5 218 223 224 229 230.5 229.5 229.5 230.5 232.5 234 236 238.5 240 240 239.5 240.5 238 237.5 233.5 235 234.5 232.5 234 224.5 212.5 212.5 207 209 210 207 208 207.5 198.5
nan nan nan nan nan nan nan nan nan nan nan nan nan nan nan nan nan nan nan nan nan nan nan nan nan nan nan nan nan 211 218.5 224 226.5 221 219.5 225 225 223 229 226.5 225.5 226 224.5 221.5 218.5 212 198.5 192 194.5 199 204.5 212.5 218.5 222 224 226 228.5 229.5 227.5 229.5 232.5 231.5 232.5 234 234 237.5 239 239.5 241 241 237 235 232.5 229 229.5 226.5 228 218 219 211.5 205 205 205.5 198 200 197.5 193.5
nan nan nan nan nan nan nan nan nan nan nan nan nan nan nan nan nan nan nan nan nan nan nan nan nan nan nan nan 203 214 221.5 224 225.5 221 221 222.5 221.5 221 227.5 226 222.5 220.5 223 220.5 214.5 207.5 188.5 178 193 205.5 213.5 218 218 222 222 226 229 231 231.5 231.5 232.5 233.5 234.5 236.5 236.5 237.5 238.5 239.5 240.5 239 238.5 235 232.5 231 230.5 224 219.5 219.5 222 219 216.5 212.5 204.5 194.5 196 194.5 189.5
nan nan nan nan nan nan nan nan nan nan nan nan nan nan nan nan nan nan nan nan nan nan nan nan nan nan nan 199.5 208 216.5 220.5 216.5 219 223.5 221.5 213.5 215 221.5 225 221 216.5 212.5 219.5 217 204.5 200 190.5 186.5 197.5 204.5 216 221.5 219.5 223.5 223.5 223 227.5 231 232.5 232.5 232.5 232.5 233.5 234.5 236.5 237.5 237.5 238.5 239 237.5 238.5 235 234.5 231 228.5 228.5 226.5 226.5 225.5 223.5 219 214.5 205 202.5 203.5 197.5 190
nan nan nan nan nan nan nan nan nan nan nan nan nan nan nan nan nan nan nan nan nan nan nan nan nan nan nan 201 210 216 219 214 214 215.5 220 217.5 213.5 220.5 219 220 214 213 211.5 208.5 199.5 192.5 182 196 211 216 220.5 224 221.5 222.5 226.5 227 229 227.5 231.5 233 233.5 233.5 233 234.5 235.5 237 237 238 237 237.5 239 235.5 234 231.5 227.5 227 227 224.5 224 223 221.5 215 206 210 209.5 200 192
nan nan nan nan nan nan nan nan nan nan nan nan nan nan nan nan nan nan nan nan nan nan nan nan nan nan 187.5 195.5 203 210 215 216.5 209.5 212 214.5 211 210 216 212 219 213 210 209 204 196.5 187 184 196 212.5 219.5 224 226.5 227 226.5 228.5 225.5 231 230.5 230.5 231.5 231.5 230.5 232.5 234.5 235 236.5 237.5 236 235.5 235 237 235.5 234 232.5 231 228.5 224 224 219 216.5 217.5 213 205.5 211.5 210.5 201 199
nan nan nan nan nan nan nan nan nan nan nan nan nan nan nan nan nan nan nan nan nan nan nan nan nan nan 184.5 190.5 197.5 206 212 219 215 210 206.5 207.5 204.5 208 203.5 215.5 213 210.5 207.5 199 192 187 187 201 216.5 218.5 221 226.5 229.5 229.5 229.5 230.5 230 230 231 231 230 228 227 233 234 235.5 236.5 235 236 236 237 236 234.5 233 230.5 228.5 224 220 219.5 215 210.5 202.5 203 209.5 212.5 205 207.5
nan nan nan nan nan nan nan nan nan nan nan nan nan nan nan nan nan nan nan nan nan nan nan nan nan nan nan 193 196.5 206 214 213.5 214.5 207.5 198.5 199 200 200.5 206.5 212 203.5 205.5 200.5 189.5 196 191 193 202 218.5 223 223 227.5 230.5 231 230 232 230 231.5 233.5 233.5 230.5 232.5 233.5 234.5 235.5 236 235.5 234 235 237.5 236 235.5 233 231 227.5 225 224 220.5 216.5 218 211 206 211 210 215.5 215 218
nan nan nan nan nan nan nan nan nan nan nan nan nan nan nan nan nan nan nan nan nan nan nan nan nan nan nan nan nan 203 207.5 208 212 205 197.5 194.5 194.5 191 201 208.5 198.5 191 193 183 195.5 201 202.5 206 215 225.5 225 228 228.5 231 232 232.5 233 232 229.5 228 233 234 233 234 234 233 232.5 233.5 236 237 234 232.5 231.5 230.5 227 223.5 218 216 208 212 208.5 209 213 215 217.5 218.5 219
nan nan nan nan nan nan nan nan nan nan nan nan nan nan nan nan nan nan nan nan nan nan nan nan nan nan nan nan nan nan 203 196.5 202 211.5 202.5 194 191 186.5 201.5 202.5 197 189 180 176 189 201 209.5 216 220.5 226 228 230.5 231 232 232.5 229 229.5 226 225.5 224.5 229 230 229.5 230.5 230.5 230 233 234 236.5 235.5 228.5 226 229.5 227.5 223.5 220.5 213.5 205.5 206.5 211.5 211.5 215.5 218 218 221.5 223 222.5
nan nan nan nan nan nan nan nan nan nan nan nan nan nan nan nan nan nan nan nan nan nan nan nan nan nan nan nan nan nan 201.5 194 201.5 210.5 199 195 190 188 194 198 193.5 189 183 175 180.5 193.5 198 209 218 225.5 228.5 230 231.5 231 229.5 227.5 225 227.5 222 220.5 225 226 225 224.5 226.5 230.5 233.5 234.5 236 234.5 227 227 231 228 217.5 209 205.5 203.5 208.5 212.5 208.5 208.5 216 219 220 217 219
nan nan nan nan nan nan nan nan nan nan nan nan nan nan nan nan nan nan nan nan nan nan nan nan nan nan nan nan nan nan nan 195.5 200.5 208 199 197 192.5 190 189.5 191.5 192 187 185 179 175.5 182 185.5 199.5 216.5 223.5 227.5 229 230 228 225 223 225.5 226 224 221.5 216.5 219.5 221 229 231 233 233 233 234 235 232.5 232.5 232 228 217 203 195 200.5 206.5 209 207 211.5 207.5 215.5 217 207.5 218.5
nan nan nan nan nan nan nan nan nan nan nan nan nan nan nan nan nan nan nan nan nan nan nan nan nan nan nan nan nan nan nan 195.5 204 206 203.5 196.5 190.5 188 183.5 182 186.5 182.5 179 173 174 185 195.5 205.5 214 219.5 224 226.5 228.5 227.5 225 222 220.5 215.5 217.5 221 216 222.5 224.5 230.5 230.5 231.5 229.5 229 231.5 233.5 234 234 233.5 227.5 217 211.5 205 201.5 200 201 198.5 199 205.5 217 211 206 218.5
nan nan nan nan nan nan nan nan nan nan nan nan nan nan nan nan nan nan nan nan nan nan nan nan nan nan nan nan nan nan nan 192 201.5 205.5 205 196.5 189.5 187 183 179.5 182.5 177.5 170.5 170.5 177.5 184 198 207 213 219 223 224.5 225 224.5 222.5 221 220 211.5 213.5 218.5 219 224 226.5 224.5 221.5 227.5 227 220 227.5 230.5 230.5 230.5 233.5 230.5 226 222 214.5 204 190.5 191.5 189.5 200 212.5 218.5 214 208 220
nan nan nan nan nan nan nan nan nan nan nan nan nan nan nan nan nan nan nan nan nan nan nan nan nan nan nan nan nan nan nan 187.5 195.5 201 202.5 200.5 188 184.5 182 183.5 187.5 180.5 175 173 181.5 189.5 196.5 206 211.5 216.5 215.5 216.5 217 221 217.5 219.5 217.5 210.5 208.5 213 215.5 221 226.5 226.5 219.5 219 223.5 220 221.5 226 223 227.5 233 232 223.5 220.5 213 206.5 194.5 193.5 200 201.5 211.5 217 211.5 210 217
nan nan nan nan nan nan nan nan nan nan nan nan nan nan nan nan nan nan nan nan nan nan nan nan nan nan nan nan nan nan nan 196 197.5 200 200.5 198.5 198.5 192.5 187 189 186.5 177.5 177 179 190 197.5 198 203 207 209 209.5 208.5 214.5 218 214 213 214 206 198.5 206.5 212.5 216.5 222.5 227.5 222 219.5 214.5 210 210.5 219 220 227 230 232 230 222 215 210 200 194.5 200 206 213.5 216 207.5 205.5 211.5
nan nan nan nan nan nan nan nan nan nan nan nan nan nan nan 191.5 196 189.5 184 182.5 nan nan nan nan nan nan nan nan nan nan nan 202 213.5 211.5 202 194 197 199 198.5 196 187.5 174.5 180 194 197.5 203 206.5 203.5 202.5 204.5 206.5 206 209 209 209 205.5 209 203.5 191 199 206.5 213 222.5 227 218 211.5 206 205 207 216 225 220 222 229 232 225.5 218 203 196.5 200.5 205.5 206.5 212 214.5 206 197 202
nan nan nan nan nan nan nan nan nan nan nan 237.5 230.5 227 207.5 200 213 203.5 200 198 189.5 nan nan nan nan nan nan nan nan nan 209.5 212.5 219.5 223.5 211.5 200.5 192 192.5 192.5 191 188.5 182 187.5 211 213 212.5 214 208.5 207.5 213.5 214.5 204.5 200.5 201.5 199.5 195 197.5 197.5 195.5 207 213.5 214 220.5 224.5 218.5 208 204 206 213 214.5 214 209.5 219 228 231 222.5 210.5 198 201.5 202.5 208.5 210.5 210 210 209 198.5 193
nan nan nan nan nan nan nan nan nan nan nan 245.5 242.5 234.5 217 208 225 220.5 215.5 211 202.5 206.5 217.5 nan nan nan nan nan nan 228 223.5 225 225 230 219.5 203.5 196 190.5 188 183.5 182.5 178.5 191.5 218 223.5 220.5 220.5 215.5 222 227 217.5 204.5 196.5 190 187 189 190 192 196.5 208 215.5 220.5 223 223.5 219 211.5 206 208 212.5 211 210 213 217 222 230 221 204 195.5 204.5 208.5 207 199.5 199 202.5 206 199 186.5
nan nan nan nan nan nan nan nan nan nan 255 248.5 241 235 226 225.5 229.5 237.5 227.5 216.5 222 220 227.5 218.5 nan nan nan 230.5 246 245 238 234.5 235.5 229 217.5 212 209 202 195.5 192 196.5 185 205 225 233.5 229 221.5 221.5 229.5 232 215.5 212.5 202 190 183 184 190 195 208.5 214 217 219.5 219.5 221 220 219 216 216 211.5 214 213 216 218 224.5 229.5 221 203 193 204.5 201 201 194 191 191.5 196.5 191 188
nan nan nan nan nan nan nan nan 265.5 262.5 255 245 242.5 238 234.5 237 240 243.5 231 229.5 233.5 234.5 233 227 223.5 215.5 225 238.5 246.5 250 250 244 238 221 213.5 221.5 217 212 201.5 211.5 213 200.5 210.5 227.5 238.5 232.5 231 236 239.5 230.5 210 208.5 203 195.5 193 187.5 192.5 202 202.5 205.5 210 214 217.5 210 210.5 211 214 208 205.5 210.5 212.5 215 219 228.5 225.5 218 205 194.5 199 194 189 188 184 182.5 186 185 192.5
nan nan nan nan nan nan nan 267 265.5 261.5 254.5 253 250 245.5 245.5 245.5 241.5 248 243.5 243.5 242 236.5 232.5 234.5 239.5 223.5 221.5 233 237.5 240.5 253 246 232 214.5 218 225.5 226.5 221 220 221 212.5 198 209 228.5 240 242.5 240 245 244 229.5 214 220 218.5 215 209 198.5 193 195 192 197.5 200.5 206.5 212 209 199.5 200.5 203 206.5 206 210.5 212.5 216 220 228 225.5 216 206.5 198 194 189.5 185.5 183 182.5 182 182 188.5 196.5
nan nan nan nan nan nan 269 270 268 264.5 260.5 254 246 246.5 252 253.5 246 252 253 249 239 232 235 240 247.5 239 224.5 223 228 245.5 255.5 248.5 236 226 226 232.5 234.5 234.5 226 218 208.5 199 218.5 232 239.5 247.5 247.5 249 239 225 228.5 234 223 226.5 220.5 211 195.5 190 191 194.5 189.5 190 201 210.5 207.5 204.5 204 209 210 210 214 217.5 218.5 223 227 220 217 205.5 195 198.5 192 187.5 182 181.5 181 185 189.5
nan nan nan nan nan nan nan 270 266 265 260.5 254 247.5 247.5 255 258 253 253 256 251 246 239 238 245 251 245 233 228 236 247.5 254.5 256 250 239.5 227 228.5 241 236 220 207 199.5 207.5 223.5 235 240.5 244.5 250 249.5 234.5 233.5 242.5 236.5 235 231 222 213.5 205 201.5 198.5 188 187.5 187 200 203 206.5 207 207.5 210 209.5 212.5 217 218 219 219.5 225.5 225 223.5 215 199.5 202 199.5 193 186.5 181 180 180.5 181.5
nan nan nan nan nan nan 271.5 269.5 269.5 265 259 252 247.5 252 255 258.5 257 257.5 258 255.5 253 250.5 250 253 252.5 247 239 239 249 254 258 257.5 244.5 236.5 225.5 233.5 243 234 216 205.5 205 213 231 241.5 248.5 249 253.5 252.5 239.5 240.5 247 242.5 236.5 229.5 228 222.5 223.5 217.5 213 195.5 193.5 190.5 190 194.5 199.5 206 209 212.5 212 213 215.5 218.5 219 219.5 219.5 223 225 215.5 210 210 202 196.5 193 184.5 182 182 182.5
nan nan nan nan nan nan 272 272.5 269.5 265 260.5 259.5 259 262 260.5 262 256.5 260 257.5 257.5 259.5 257 258 257 251 254.5 251.5 244.5 253 258 261 258 248 245 238 242.5 244 233 219 216.5 220 212.5 227 241.5 249.5 255 257.5 256.5 252.5 249.5 249.5 242 234 230.5 236 230 233 230.5 223.5 213 200 188 187.5 192.5 199.5 204.5 208 213 214 214 215 216.5 220.5 222 222 225 222.5 218 215.5 213 207.5 201 192.5 188 186.5 186.5 183
nan nan nan nan nan nan 273.5 272 269 267 266.5 258.5 257 260 265.5 266 260.5 264.5 257.5 257 260.5 262.5 260.5 260 258.5 257 260.5 255.5 257 257.5 261 257 254.5 254.5 252.5 248 239 233 226.5 234 230 221 230.5 243.5 244.5 256.5 259.5 255.5 251.5 247.5 251 246 241.5 235.5 239 236.5 232.5 223.5 222.5 218.5 206 194.5 191.5 193 198.5 205.5 208.5 214 215.5 214 215 216 218 222.5 225.5 223.5 219.5 212 206.5 206 207 202.5 195 194.5 192.5 187 183.5
nan nan nan nan nan nan 275 270.5 268.5 267.5 268.5 268 261 256 257 266.5 267.5 264.5 258.5 257.5 262.5 259 255 253.5 259 260.5 262.5 262.5 262 260 264 259 259 259 255.5 244.5 235.5 229 236 247 232.5 235 246 256 255.5 260.5 260.5 259 255.5 250.5 254 251.5 247.5 243 241.5 239.5 236.5 229.5 220 208 203 199 200.5 200.5 202 206.5 209.5 214 215.5 215 216 216 217.5 220 224.5 222 216.5 209.5 204.5 195.5 195 197 198.5 195.5 195.5 190 188.5
nan nan nan nan nan 278 276 270.5 268.5 271 270 271 270.5 266.5 261.5 260.5 270 264.5 257.5 260.5 267.5 265.5 259.5 258.5 254.5 260 263.5 265.5 264.5 265 265.5 264 262.5 260.5 259.5 253 248 242 239 253 246.5 249 258 261.5 261.5 262 262 261 255.5 248.5 255.5 255 252.5 248 242.5 240.5 243 237.5 224.5 209.5 199 199 202.5 203.5 205.5 206.5 213.5 216 218.5 217.5 218.5 220 220.5 221 224 220.5 216 208.5 201.5 193.5 191.5 191 191 190 193 190.5 190
nan nan nan nan nan 279 274 271.5 271 269 269 271 271 272.5 271 267 268.5 267.5 265.5 266.5 269.5 262.5 256.5 257.5 252.5 252.5 262 266.5 264.5 266.5 265.5 265.5 261.5 262 260.5 256.5 256.5 251.5 249.5 249.5 258 258 263.5 264.5 263.5 263.5 263 261 257 257 257.5 255.5 252 251.5 248.5 242.5 244 238 230 216.5 205.5 203.5 206 208 208 205.5 210.5 215.5 218.5 220 221 222 222.5 221.5 223.5 221 216.5 209.5 201 194 192 190.5 189.5 189.5 188.5 189.5 190
nan nan nan nan 281.5 277.5 276.5 273 269 267 269 271 269 271 273.5 275 274 267 266.5 271.5 261.5 253.5 248.5 253.5 248.5 252.5 260 266 268 265.5 265.5 264.5 263.5 264 261.5 260 259.5 261 263 259 262 265.5 266.5 266 265 264.5 264 262 261 259.5 256.5 253 249.5 244.5 244.5 245.5 243.5 235 225.5 209 201.5 203.5 206 210.5 207 206.5 210 214.5 214.5 217 221 223 224 225 224.5 221.5 215 209 199.5 195 193.5 192.5 191 189.5 186 187.5 191.5
nan nan nan nan 283 281.5 273.5 274 271.5 271 271 270 268.5 268 273 276 274.5 276.5 274.5 274 262 256 250 250.5 246.5 254 260 265 264.5 264 265.5 264.5 263.5 265 264.5 261.5 262.5 266.5 265 262 258.5 265.5 266.5 266 265.5 264.5 263.5 261.5 259.5 258.5 257 253.5 246 236.5 235 237 244 235.5 224 206 195 196 202 208.5 213 209.5 210 214 215 216.5 221 223 224 223 224 221 214.5 207 198 196.5 196.5 195 194 190.5 188.5 189.5 193.5
nan nan nan nan 283.5 284 280.5 278 269.5 275.5 277.5 268.5 267.5 266.5 268 276 278 278 279 278 274 269 266 265 260 262.5 265.5 265.5 259.5 261.5 263.5 265 264 266 264.5 261.5 265.5 266.5 259.5 251.5 259 265.5 265.5 262.5 263 263 262 256 249.5 255 254.5 251.5 248 243 233 231 241.5 235.5 220.5 215 205 199 199.5 207.5 212.5 209 207.5 214.5 217 219.5 222.5 224 223 221.5 222.5 221 215.5 207 197 196.5 198 198 196 194.5 192 192.5 194.5
nan nan nan nan 282.5 284 283 278 271 274.5 277.5 271 273.5 274.5 269.5 272.5 277 277.5 278.5 280.5 278.5 276.5 273.5 272 267 268 268.5 259 254 256.5 258.5 264.5 267 265.5 267.5 266.5 267.5 266.5 264 260.5 263.5 265 264.5 263.5 261 257.5 257.5 248.5 245.5 251.5 253 249.5 244 239.5 230.5 220 233 238 231.5 225.5 217 201 198 207 211 209.5 211 216.5 220 221.5 222.5 223 220 221 224 222 217.5 208 201.5 197 195 202 203 199.5 195.5 194.5 195.5
nan nan nan nan nan 284.5 285 280 277 279.5 276.5 274 278 277.5 272.5 275.5 278 278.5 277 281 280 278 275.5 274.5 271 272 272 263 254 255.5 258.5 260 264 268.5 268.5 268 265.5 263.5 260 257 263.5 264 263.5 262 259 258 252.5 240 245.5 248 250.5 244.5 242 235 227 217 224 236.5 234 228.5 217 207.5 200 208.5 206.5 209 211 216.5 219.5 220 222 222.5 219 220.5 223 222 215 207 204 203.5 199 204 206 199 197.5 198.5 198
nan nan nan nan 285.5 286 283 280 283.5 282.5 281 281 280 278 273.5 278.5 281 281 281.5 282.5 281 280.5 280 277.5 275 273.5 271.5 266 260 264.5 261 265 269 268.5 265.5 263.5 265.5 264.5 262 260 261 263 261 260 252.5 252.5 248 242 247 246.5 241 238 234 232 224.5 208.5 221.5 233 228.5 220 217.5 212.5 200 203.5 201.5 203.5 205 212.5 216 216 219 222 223 222.5 223.5 221 216.5 207.5 201.5 205.5 202.5 203 210 207 206 200.5 195.5
nan nan nan nan 287 287 286.5 284 285 283.5 283 283.5 283 280 278.5 282.5 283 283.5 283.5 283 282 281.5 279.5 279 278 276.5 268.5 269 267 264.5 263 272.5 269 266 262.5 262 263.5 265.5 259.5 258.5 260.5 260.5 255.5 253 248 242 237.5 240 236.5 240 231 223.5 227 226 214.5 198 216 227 222 218.5 205.5 199 201 201.5 199.5 198 199.5 207.5 209 213 217 221.5 223 223.5 223.5 223 220 211.5 209 207 205.5 203.5 208.5 211 210.5 205.5 196
nan nan nan nan 287 287 286.5 284.5 285.5 285 284.5 284 280.5 276.5 281 283.5 284 283 283 282.5 282.5 281.5 281 280 279 278 269.5 271 269.5 267.5 269 272.5 272.5 270 268.5 268.5 265.5 263.5 252 251 256.5 252.5 247.5 243.5 243 233 227.5 229.5 229.5 231 224 211.5 218.5 214.5 203 198 217 216 205 204 198 195.5 198.5 199 193.5 191 198.5 202.5 208.5 212.5 217 221.5 223 223.5 224 223.5 222 216 212.5 208.5 204.5 211 211 214 213 213.5 206.5
