ecocropFuture/tif/c6/rcp585/ACCESS-CM2/tmean_12.asc
ncols        683
nrows        518
xllcorner    -87.691666666667
yllcorner    10.708333333333
cellsize     0.008333333333
NODATA_value  nan
[rows 228 to 265 of 518, columns 87 to 173 of 683]
nan nan nan nan 281.5 281 281 281 280 279.5 279.5 279 277.5 274.5 277 278 277.5 277 277 276 276 275.5 275 274.5 274.5 272.5 270 266.5 266 268 272.5 271.5 272.5 271 267.5 267 264.5 262 251.5 249 249.5 245 235 228 230 230 225 228 229 232 228 218.5 214 207 199.5 205.5 211 200.5 195 195.5 194.5 195.5 197 196 189.5 188.5 197.5 204.5 212 217 219.5 222.5 225 226 226 225.5 224 216.5 212.5 210.5 210 212 209.5 210 206 215 218.5
nan nan nan nan 282 281.5 282 281 280 280 280 279.5 278 277.5 278.5 277.5 274 272.5 275.5 276 276 275 274.5 275.5 275.5 272.5 273 273.5 268.5 264.5 270.5 273.5 272 269.5 268 266 267 264 257 247.5 246.5 243 234.5 231.5 230 233 231.5 237.5 237.5 235 229 224.5 216.5 210 204.5 202.5 196 195 202.5 205 202 202 195.5 191 185 185.5 197.5 207.5 212.5 218 221 223.5 225.5 226 226 225.5 223 219.5 216 215.5 215 208 199 198.5 201.5 204 208
nan nan nan nan 282 282.5 282 281.5 280.5 281 281 280 279.5 279 279 277.5 275.5 275.5 276 275.5 275.5 274.5 273.5 275.5 275 272 275 274.5 274.5 268.5 271.5 272.5 273 272 270 267 268 264 258.5 252 256 249 241.5 236 236.5 242 242 241.5 241.5 237.5 231 225.5 217 208 215.5 216 208.5 202.5 211 218.5 219.5 213.5 197 185.5 184 187.5 200.5 206.5 210 216 221.5 223.5 225 225.5 225.5 225 219.5 216.5 215 213 209 205.5 198 197 201.5 207.5 212.5
nan nan nan nan nan 282.5 282.5 281.5 281.5 281 281 280.5 280 280 279.5 278 276.5 275 275 275.5 274.5 274 275 275 277 276 276 275.5 273.5 275 273.5 270.5 271.5 272 270 268 267 264 260.5 260 258 248 242 240 242 248.5 252 249 238.5 237.5 232.5 226 220.5 209 219 225.5 219.5 208 217.5 225.5 220.5 206 197 191 184 194 204.5 208.5 210.5 216.5 221 223 225 225.5 225.5 224 219 215.5 214 210 202 199 201.5 201 203 205.5 208.5
nan nan nan nan nan 282.5 282.5 282 282 282 281.5 281 281 280.5 279.5 278.5 277.5 275 274.5 275.5 276 274.5 275 276.5 276 277 277.5 276.5 273 272.5 269.5 266.5 268.5 270 269 268.5 265 264.5 262.5 258 256 244.5 237.5 241.5 245.5 246.5 253.5 248 238.5 235.5 233.5 228 221.5 210.5 221 231 228 224.5 223 231.5 223.5 213 210 204.5 192.5 198 204 213 215 214 219 223 224.5 224.5 225 220 217 212 208.5 206 206 209.5 214.5 210 208.5 211.5 207.5
nan nan nan 283 283.5 282.5 282.5 282.5 282 282 281.5 281.5 281 280 279.5 279 279 277.5 277 277.5 277 277.5 276.5 277.5 275.5 273 275.5 276.5 274 273 271.5 267.5 263.5 264 261.5 263 265.5 264.5 259.5 254.5 256.5 247.5 240 243.5 249 252 253 247.5 240 237.5 232 229.5 229.5 222 219 233 236 236 234 234 224.5 221 221 215.5 208 206 212 213.5 215 217 220 222.5 223 224 223.5 218 215.5 210 209 213 212.5 218.5 222.5 222 221 224 214.5
nan nan 284 283.5 281.5 282.5 282.5 282.5 282.5 282 281.5 281.5 281 280.5 279.5 279.5 279.5 278.5 278 278 277.5 278.5 278.5 277 276 275 273.5 275.5 273 270 271.5 271.5 268.5 263.5 259 253.5 255.5 258.5 260 257.5 259 256 251.5 254 252.5 255.5 255.5 250.5 246.5 241.5 239 236 235 232 220.5 226 236.5 240.5 241 234 232.5 229 221 215.5 209 209.5 212 206.5 205.5 217.5 221 222 222 223 222.5 219.5 212 207 214 221 222.5 225.5 226.5 228.5 231 230 218
nan 284 283 282.5 282.5 282.5 282.5 282.5 282.5 282 282.5 282 281 280.5 280 280.5 280 279.5 279 279 279 278.5 278.5 278 277 275 271.5 273 274 269 267.5 268.5 269.5 266 258 250.5 252.5 251.5 253 259 261 260.5 259 259 259 259 258 255 252.5 244.5 241.5 240.5 240 236 232.5 235 239 242.5 242.5 229 221 221 214.5 202.5 198 198 203.5 207 213 219 221 221.5 221 222 221.5 219 214.5 207 214.5 219.5 223.5 221 218 224 230.5 232 224.5
nan 284 283.5 283.5 283.5 283.5 283 282.5 283 282.5 282.5 282 281 279.5 280.5 279 280 280 279.5 279 278 276.5 276.5 276.5 277 275.5 272.5 272.5 272.5 270 265.5 265.5 267.5 267 262.5 257 259 258.5 258.5 261.5 261.5 261.5 261 260.5 260.5 260 259.5 257.5 249.5 241 239 239 239.5 238.5 239.5 241 245 245 245.5 234 220 216 209.5 208.5 205.5 194 198.5 209 213.5 217 218 218 220.5 220 219 217.5 214.5 210 209 214 220 220 215.5 218.5 226 233 234.5
nan 284 284.5 284.5 283.5 283.5 283.5 283 283 282.5 281.5 281.5 281.5 280.5 281 278 278 279 277.5 278 278 277 277 276.5 277 276 274.5 273.5 273 269.5 266 261.5 262.5 262.5 265 262 261 257.5 260 261.5 262 262 262 261.5 260.5 259.5 257 255.5 250.5 248 235 236.5 241.5 241.5 241.5 241.5 247 249 247 239 233.5 226 222 223 213 203 202.5 207.5 214.5 216 218 218 219 218.5 212.5 211.5 211.5 212.5 209.5 207 211 209.5 211.5 217.5 222 229 231
285 284.5 284.5 284.5 284 283.5 283.5 283.5 282.5 282.5 282 281.5 281.5 281.5 281 280.5 279 278.5 278.5 279 278 278 278.5 277.5 277 275 273 269 267.5 272 268 267.5 265.5 263 266 262.5 259.5 256 256 260.5 261 259 260.5 260.5 259.5 256.5 253 252 255.5 251.5 239.5 232.5 240.5 243.5 241.5 241.5 246 250 247 244 240.5 237.5 235 228.5 224 209 205.5 211 212.5 214.5 216 214 216 216 212.5 210 212 211.5 207.5 202 199 203 211 216.5 219.5 224 231
285 285 284.5 284.5 284 284 284 283.5 283 283 282 281.5 281.5 282 281 280.5 280 280.5 279.5 279.5 278.5 279 278 276 276.5 275.5 274 270 263.5 265 267 263.5 264 265 262.5 261.5 252.5 253.5 254.5 258 257.5 253.5 257.5 259 262 262 257.5 257 257 252.5 240 236.5 242.5 245.5 243 245.5 249.5 251 247 242.5 241.5 242.5 241 237 229.5 217.5 205 207 208.5 208.5 210 205.5 212.5 213 209 210 210 211 211 205 194 202.5 212.5 219.5 225 222 225
284.5 285 285 284.5 283.5 284 284 284 283.5 283 282.5 282.5 282 281.5 280.5 280.5 280.5 280.5 279.5 278.5 279.5 280 278 276 277.5 277 275 274.5 272.5 270 267 263.5 257.5 261 260.5 260.5 258.5 259.5 258 257 257 256.5 258.5 261 263 263 262.5 261 251.5 251.5 240 238.5 243.5 247.5 245 248 250.5 251.5 249 245.5 241.5 242.5 243.5 241 232.5 220 210.5 205 207 205 202.5 204.5 209 211 209.5 207.5 209.5 213.5 213.5 204.5 198 205.5 215.5 222 231 229 228
284.5 284.5 284.5 285 285 284.5 284 283.5 283 282.5 280.5 282 281 280.5 280.5 280.5 280.5 279.5 279.5 278.5 278.5 279.5 280 279.5 279 278.5 277.5 277 276.5 274.5 273 271 266.5 265 266 263.5 262.5 261.5 258.5 258 256 258 259 261 262 260 263.5 261.5 253.5 244.5 241.5 244 241 248.5 251 250 251 252 248 250 243.5 243.5 243 240 237.5 228 217 203.5 203.5 198.5 196.5 198 204.5 206.5 209 206 208 213 214.5 208.5 212.5 217 224 228 231 229.5 232
284.5 284.5 284.5 284.5 284.5 284.5 284 283.5 283.5 282.5 281 281 280.5 280 280 279 280 280 278.5 280.5 280.5 279.5 280.5 280 280 280 278.5 278 277.5 276 276 273 271 269.5 266.5 259 262 265 261 259.5 260 258 262.5 264.5 265.5 264.5 264.5 262.5 259 249 247 252 246 248 253.5 253.5 251 254 254 252.5 249.5 244.5 234 233 233 225.5 209.5 199 199 192 192 193.5 197.5 201 208 205.5 206.5 213.5 215.5 216.5 219.5 225 226 232.5 233.5 234.5 233.5
284.5 284.5 284.5 284.5 284.5 284.5 282.5 283.5 283.5 283 282 280 278.5 279.5 279.5 280 280 279.5 279.5 280 281 280.5 280.5 280.5 280 280 278.5 276.5 276.5 275 273 275 273.5 270.5 266 260 263 267 263.5 262 266 267 267.5 263 263 265 265.5 263.5 261.5 257 255 253 252 247 253 255 253 254.5 251 251 250.5 246.5 233.5 231 228 220.5 203 200 199 189 187 190.5 193.5 201.5 206 203.5 205.5 212 214.5 215.5 218.5 218 224 227 228 234.5 238.5
283 284 285 284.5 284.5 284 283 283 283 281.5 282 281.5 279.5 280.5 280.5 280.5 280.5 280.5 280 281 281 280.5 280.5 280.5 279.5 279 278.5 276.5 276 271.5 264.5 273 274 268.5 263.5 260.5 262 268.5 267.5 266.5 270.5 269 262.5 257.5 256.5 260 265 264.5 263 261 257 254 256 253 254 255 253 255 251 250 251 246 236 234.5 228 223 209 214.5 204.5 194.5 193 185 190 198.5 203 199.5 203.5 210.5 212 209 210.5 211 214.5 220 224.5 230 230
284 283.5 284 285 284.5 284 284 284 283 282 282.5 282 280.5 281.5 281.5 281.5 280.5 281 280.5 280.5 281.5 281 281 280.5 279.5 279 278 277.5 276 273.5 268 271.5 274 273 269 263.5 265 270 271 271 271 269 263.5 255 252.5 257.5 264.5 265.5 263.5 261.5 258 257 256 256 255 253 254 254.5 252 249 250 248 238 232.5 231.5 231.5 224.5 226 214.5 206.5 198.5 187.5 190.5 192 196 198 200 203.5 205.5 206 213 212 209.5 217 223.5 222.5 225.5
285.5 285 285 284.5 284.5 284 284 284 282.5 283 282.5 282.5 282.5 282.5 282.5 282 282 282 281.5 281.5 281.5 280.5 280 280 279.5 278.5 277 274.5 275.5 275 272.5 270.5 273 273 273 269 269.5 272 272.5 271.5 271 270 264.5 258 255.5 258.5 265.5 266 263.5 258.5 249 251 253.5 254 249.5 249 253 253 247 247 248.5 248 240 234.5 236 235.5 231.5 225 219 210 196.5 192 193.5 193.5 192.5 196 206.5 208.5 208.5 208.5 216 218 215.5 222 229.5 227.5 231
285.5 285.5 285 284.5 284.5 284.5 284.5 283.5 283 283.5 283 283 283 282.5 282.5 282 282 282 281.5 281.5 281 279.5 279.5 279 278.5 277.5 277 274.5 273.5 273 273.5 270.5 270.5 272.5 273.5 272.5 272 271.5 273 273 272.5 272 268 263.5 259 263.5 267 264 257.5 256 247 247 251.5 251.5 245.5 250 253 252.5 249.5 247 246 246.5 239.5 236.5 237 236.5 234 228 219 210 197.5 194.5 195.5 196 194 195 201 211 217 218 219.5 225 227 231 231.5 233.5 235.5
286 285 285 284.5 284.5 284.5 284 283.5 283.5 283.5 283.5 283.5 283 282.5 282.5 282 282 282 281.5 281 280.5 280 279 278.5 278 276.5 275 273.5 273.5 271 273 272.5 268.5 265.5 269.5 272.5 269.5 269.5 272 273.5 273.5 273 271.5 268 264.5 267 269 265 252.5 252.5 251 253.5 256 254 249.5 248.5 250 252 252.5 251.5 247 245.5 240 234 234 237 236.5 233 227 213 206 206 206 203 197 197 200 209.5 214.5 215 226 230 228 221 213 222 223.5
285.5 284.5 284.5 284.5 284 284 284 284 283.5 283.5 283.5 283 282.5 282.5 282.5 282 282 281.5 281 280.5 280.5 280 279 276.5 274.5 275.5 274 269.5 273 271.5 272.5 272 267 263 267 272 269 268 270 272 273.5 273.5 272.5 271 268 268.5 269.5 267.5 258.5 260 260 258 255.5 252.5 249 241 243.5 248 251 252 251 248 245 236 229.5 236 239.5 230.5 220 213 212 219 216 215.5 204 202 203 212.5 210.5 207.5 216 221 216 208.5 209 213 213
284.5 284.5 284 284 284 283.5 283.5 283.5 283.5 283 283 283 282.5 282.5 282.5 282 281.5 281 281 281 280 279.5 279.5 277.5 275.5 275.5 274 273 273.5 274.5 272.5 270.5 270 269 270 271.5 270 269 269.5 272.5 274 274 273 270.5 268.5 270 270 269.5 266 264.5 257.5 253.5 251 250 245 237.5 233.5 241.5 249 251 250 248 243.5 230 228.5 234.5 242.5 234.5 222 220 225 229.5 224.5 222.5 215.5 208 209.5 212.5 204 200 206.5 211.5 208 206 209 211 217
284 284 284 283.5 283.5 283.5 283 283.5 283.5 283 283 283 282.5 282.5 282 281.5 281.5 281 281 281 280 280 279.5 277.5 276.5 277.5 276 275 275 275.5 275 271.5 271.5 269 270 270 270 269.5 269.5 272 274 274 273.5 273 272 271.5 271.5 269.5 266.5 264 258 252.5 256 255 249.5 243 235.5 236.5 245.5 249.5 249.5 248 240 224 230.5 239.5 243.5 239.5 232 232 238 238.5 232.5 219.5 217 212 206 205.5 200 200 202.5 201.5 200.5 205 209 216.5 227.5
283.5 283.5 283.5 283 283 283 283 283 283 283 283 283 282.5 281.5 282.5 281.5 281.5 281.5 281 280.5 280.5 279.5 279.5 278 278 277 275 276 275.5 276 274.5 273 274.5 272.5 269.5 269 268.5 267.5 270.5 272 273.5 274 273.5 273 273 272 272 270.5 270 268.5 263.5 258 257.5 260 256 248.5 241.5 234 236 246 246 245 239.5 222 228.5 241.5 244.5 247 238.5 243.5 245.5 236.5 230.5 223 222.5 217 215 209 206 203.5 205.5 207 205 206 210.5 217.5 214.5
283.5 283 283 283 282.5 283 283 283 283 282.5 282.5 282.5 282.5 282 282.5 281.5 281.5 281.5 281 280.5 280 279 277.5 278 277 278 277 275 277 277 275.5 275 276 273.5 272.5 270 268 269 270.5 272.5 273.5 274 273.5 273.5 272.5 272.5 272 272 271 269.5 268 266.5 264 262.5 257 250.5 242 233.5 232.5 240 236.5 238 234 218.5 228 236.5 239.5 250 247 249 251 241.5 232.5 226.5 229.5 225 227.5 219.5 215.5 214 211.5 210 210 209.5 211.5 212 213
283 283 283 282.5 282.5 283 282.5 282.5 283 282.5 282.5 282 282 282 282 281.5 281 281 281 280.5 280 280 279 279 279 278.5 277 276 277.5 276.5 277.5 275.5 276 276 273.5 272 268 269 269.5 272 273 273.5 273.5 273 273 272.5 272 271.5 271 270.5 269.5 268.5 266.5 262.5 257.5 248 237 235.5 232.5 225.5 225 231 228 219.5 223.5 229 234.5 249.5 254 254.5 244 231.5 226 222 228.5 232.5 236 228.5 222.5 218 220 215.5 212 212 211.5 215.5 218
283 283 282.5 283 283 282.5 282.5 282.5 282 282 282 281.5 281.5 282 282 281 281 281 281 280 280 278 280 279.5 279 278.5 278.5 278 278.5 277.5 277.5 277.5 275.5 275 274.5 272 271 268 269.5 271.5 273 273 273 273 272.5 272 272 271.5 271 270.5 270 269 267 263.5 258.5 250 248.5 244 235 222.5 219.5 226 230 227 232 234 236.5 241.5 251.5 253.5 238.5 237.5 237 233 238.5 238.5 237.5 232.5 230 227 222 224 225.5 227.5 221 219.5 220.5
283 283.5 283 283 282.5 282.5 282.5 282 282 282 282 281.5 281.5 281.5 281.5 281.5 281 281 280.5 280 280 279 280 279.5 279.5 279 278.5 278.5 279 278 276 277.5 275 273 272.5 273.5 270 268 269 270 272.5 272.5 272.5 272.5 272.5 272 272 271.5 271 270.5 269.5 269 267.5 264.5 262 258.5 253.5 244.5 236.5 228 220.5 224 227 223 231.5 237.5 243.5 242.5 253 254.5 245.5 244.5 246.5 240.5 246.5 245.5 237.5 230.5 227.5 225.5 223.5 224 224 229 234.5 230.5 224.5
283 283 283 282.5 282.5 282.5 282.5 282 282 282 281.5 281.5 281.5 281.5 281.5 281.5 280.5 280.5 278.5 280 280 278 280 279.5 279.5 278.5 278.5 279.5 279 279 279 278 276 275 272.5 273 273 268 266 269.5 272 272.5 272 272 272 271.5 271.5 271.5 271 270.5 270.5 269.5 268 262.5 257 255.5 253 246.5 245 239 233.5 223 223 225.5 233 238 249.5 248.5 250.5 258 252.5 250.5 248.5 245.5 248.5 250.5 236.5 226 223 223.5 227.5 228.5 231 228 234 238.5 238.5
283.5 283 283 282.5 282.5 282.5 282 281.5 281.5 281.5 281 281 281 281 281 281 280.5 280.5 280 279 280 280 279 280 280 279.5 279 279.5 279.5 279 279 278.5 277.5 277 275.5 273 273 270 268.5 270.5 271.5 272.5 272 272 272 270 271.5 271.5 271 271 270.5 270.5 269 261 255.5 255.5 257 256 253 245.5 235 225 233 238 242.5 247.5 253.5 256 257.5 256.5 260 253.5 254.5 247.5 248.5 252.5 247.5 234.5 220 220 223.5 226.5 230 233.5 235.5 239.5 243
283.5 283 282.5 282.5 282.5 282 281.5 281.5 281.5 281 281 281 281 281 280 280.5 280.5 280.5 280.5 280.5 280 280 278 280 280 280 279 279.5 279.5 279 279 278.5 278 277.5 276.5 274.5 272.5 269 269 271 271 272 272 271.5 271.5 269.5 271 271 270.5 270.5 270.5 269.5 269 266 257.5 259 260.5 258 252 239 227.5 223 232 243.5 247.5 250.5 258 259 259 262 262 254 257 249 246.5 254 250 238.5 230.5 220 221 221.5 226.5 229.5 234.5 240 244
283 283 283 282.5 282.5 282.5 282 281.5 281 281.5 281 281 281 281 280.5 280 280 280 280 280 280 279.5 279.5 279.5 280 280 280 279 279 278.5 278 278 277.5 277 276.5 275 273 271.5 268.5 268.5 271 271 271.5 271.5 270.5 270.5 270.5 271 270 270 270 269.5 269 267.5 264.5 263.5 262.5 259.5 256.5 251 242 227.5 235 245.5 252 252 254.5 256.5 260.5 264.5 263.5 257 260.5 258 257 251 250 245 240 233.5 224.5 220 225.5 227.5 230.5 235 239
283.5 283.5 283 282.5 282.5 282.5 282 282 282 282 281 281 281 280.5 280 280 280 280 280 279.5 279 279 279 279.5 279.5 279.5 278.5 279.5 278.5 278 278 278 277.5 277.5 277 276.5 275.5 274.5 273 270 269.5 270.5 269.5 269.5 267 268 270 269.5 269.5 269.5 270 270 269.5 268 266 264.5 266 264 260.5 257 248.5 240 243.5 249.5 243.5 242 247 251.5 261 265 262.5 261.5 263.5 259.5 253.5 244.5 247.5 247 240.5 236 227 221.5 225.5 225.5 226.5 229.5 236.5
283.5 283.5 282.5 282.5 282.5 282.5 282 282 282 282 281 281 281 280.5 280 280 279.5 279.5 279.5 279 279 279 279 279 279.5 279.5 279 279 279 278 278 276.5 276.5 277 276.5 275 273.5 273.5 272.5 271 267 269.5 266 259 264 264.5 266 266.5 268.5 269 269 270 269.5 268.5 268 267.5 267 265 263 258.5 249 247.5 254 252 240 247 251.5 255.5 262 264.5 266 263.5 265.5 260 253.5 248 244 243.5 242.5 238.5 233.5 230.5 222.5 224.5 228 233 237
284 283.5 283 282.5 282.5 282.5 282 282 282 282 281 281 280.5 280 279.5 279.5 279.5 279 278.5 278.5 278.5 278.5 278.5 279 279 279 279 279 278.5 277.5 277.5 276.5 275.5 273.5 276 274.5 270.5 272 270.5 267.5 264.5 268 263 255 256 256.5 259.5 263.5 266 266.5 267.5 269 269.5 269.5 268 267 267.5 266 264 256.5 253.5 257 254.5 247.5 245 252 256 261 264.5 264.5 267.5 267.5 265 260 255 249.5 247.5 239.5 239.5 245.5 241.5 233 225.5 224.5 223.5 229 234
284 283.5 283 283 282.5 282 282 282 282 282 281.5 281 280.5 280 279.5 279.5 279 278.5 278.5 278 278 278.5 278.5 278.5 278.5 279 279 278.5 278.5 278 278 277.5 277.5 276 275 274 272 270.5 266.5 265.5 266 267.5 259.5 259.5 251.5 249 258.5 261.5 261.5 262.5 267.5 268 269.5 269.5 267 266 266 266.5 265.5 262 260.5 257 244.5 238.5 246 254.5 259 262.5 265.5 267 268.5 268.5 265.5 259.5 258 252.5 253 246 238.5 244.5 241 237.5 231.5 237.5 236 237.5 240
284 284 284 283.5 283.5 283 283 283 283 282.5 282 281.5 281 280 279.5 279.5 279.5 279 278.5 278.5 278.5 278.5 278.5 277.5 278.5 278.5 277.5 278.5 278.5 278 278 278 277.5 277 276.5 274.5 270.5 272 264 259.5 259.5 268 266 261 251 251 250 254 262 265 267 267 268.5 269.5 264.5 265 266 267 265.5 264 261 255 243 240 248 257 263 264 265.5 267.5 268.5 268.5 268 265 263 259.5 257 250 251.5 249 242.5 240.5 235.5 239.5 247.5 250.5 251.5
