ecocropFuture/tif/c6/rcp585/ACCESS-CM2/tmean_10.asc
ncols        683
nrows        518
xllcorner    -87.691666666667
yllcorner    10.708333333333
cellsize     0.008333333333
NODATA_value  nan
[rows 195 to 233 of 518, columns 172 to 257 of 683]
227 225.5 227.5 227.5 235 242.5 245 238 234.5 229.5 226 237.5 246.5 241 231.5 229 227.5 228.5 229.5 233 236 240.5 238 239.5 243 239 237.5 237.5 237 236 245.5 253.5 257.5 260.5 262.5 263.5 264 265 265 265.5 264.5 261 258 252.5 249 255.5 256 250.5 242 241 245.5 251 254 256 260 253.5 245 245.5 250.5 257.5 258 249 245.5 250.5 251.5 252 256 259 260.5 257.5 256.5 256 255 249 254 256 257 250.5 245 244 253 251 248 247.5 245.5 244.5
230 231 235 235 240.5 245 240.5 231.5 225 225 225.5 237 245.5 238 232.5 227 224.5 228 232 235 236 240.5 238 240.5 241 236.5 234.5 232.5 235 240.5 249 255.5 259.5 261 262.5 263 264 265 264.5 264.5 264.5 263 260 254.5 250 250.5 253 250.5 243 234.5 240 248.5 254 259 259 251 245.5 246.5 251.5 256 255 248.5 247.5 247.5 248.5 251.5 255.5 255.5 261 259.5 258 255 254 253 254.5 256.5 255.5 247.5 243 243 250 250.5 247 245.5 244 243
237.5 239.5 240 241 242.5 240 236.5 226.5 225 229 225.5 234 244 242.5 237.5 233 228 232 235.5 238.5 240.5 238 237 238 238 236.5 232.5 230.5 237.5 245.5 252 256.5 259.5 260.5 262 263 263.5 264 264 264.5 263.5 262 261 258.5 250 247 245 245.5 241 230.5 232.5 241 252.5 258 258 255 250 248.5 252.5 254 253.5 248.5 244 246 247 252.5 254.5 254.5 258.5 260 259 257 257 256 256 256 253.5 244 241 242.5 250 246.5 242.5 244.5 242.5 241
239.5 240 243 242 236.5 233.5 229 232 233.5 235.5 233 234 237.5 244 242 236 230 232.5 237 239 240 236.5 233 234 233 234 230.5 227 238 247.5 252.5 256 259.5 260.5 261.5 262 263 263.5 263.5 264 263 261 259.5 257.5 254.5 250 245.5 237.5 237 235 233.5 238 246.5 256 249.5 246.5 251.5 248.5 250.5 252.5 250 245 240.5 245 248.5 250 252 253 256.5 258 259.5 259 258 254.5 255.5 255.5 250.5 244 241.5 242.5 249 245 238 239 243 241
243 242 243 243.5 239 237.5 235.5 237 238.5 240 237.5 240 243 244 243 240.5 235.5 231 234 235 239 236.5 232 228.5 223.5 224 227 227 234 247 252 256.5 259 260.5 261.5 262 263 263 263.5 263.5 262 260.5 258.5 253 244 244 245 237.5 236.5 240 239 242 248.5 256 245 243 249.5 245 242.5 244 245.5 242.5 235 239.5 244.5 245.5 249 253 254.5 253.5 258 258.5 258.5 254.5 254.5 254.5 250 245 242.5 245.5 248 244.5 240 238 242 243
238.5 240 242.5 242 242 241 239.5 235.5 239 239 241 240 238.5 243.5 241.5 237.5 233 229.5 231.5 233.5 234.5 235.5 234.5 224.5 224.5 224 228.5 233.5 235.5 246.5 253 256.5 258.5 259 260.5 261.5 261.5 262.5 262.5 262 261 259 255.5 250 238.5 234.5 236.5 239 236 242 247.5 248.5 254.5 249.5 241 242 246.5 246 242 238 237.5 233 227 230 233 240 246.5 251 251 251 255.5 257 256 254 253 253.5 249 242.5 242.5 246.5 247.5 243.5 241 237 239.5 235.5
231 239.5 242 240 238.5 238.5 239 234 235.5 235.5 235.5 238.5 238.5 240.5 242.5 238.5 237.5 234 231.5 232.5 231.5 229 232 230 227.5 227.5 230.5 237 239 245 252 255 256 258 259.5 260.5 261.5 262 261 260.5 259.5 256.5 251 244 234.5 228.5 232.5 237.5 240.5 242 247.5 253.5 255 245.5 243.5 244.5 242 239 242 241 239 235.5 228 222 232.5 236.5 241.5 247 251.5 255 253.5 252 253.5 250 250 251.5 249.5 242 242 246 247 241.5 239.5 235.5 238 232.5
230 239.5 242 237.5 235.5 237.5 235.5 233.5 235 232 231 237.5 238.5 239.5 240.5 240.5 233 230.5 229.5 231.5 231.5 227 227 227.5 226.5 228 235.5 239.5 243 245 250.5 254.5 256.5 258 259.5 261 260.5 260 259.5 258.5 256.5 253 243.5 232.5 227 230 232.5 236.5 239 244 246 250.5 255 250.5 248.5 243 236 237 239 236 229.5 231 227 221.5 231 234 243 249.5 252 253 248.5 247 248.5 247.5 247 248.5 249.5 244 241 245.5 246.5 242 235.5 231 233.5 232.5
231.5 240.5 239 234.5 233 233.5 231 232.5 231 227 227 234.5 237.5 236.5 238.5 237 228.5 225 227 230 230 228.5 222.5 223.5 223.5 224.5 233 239.5 243.5 247.5 248 251.5 255.5 256.5 258.5 259.5 258.5 258.5 257.5 255.5 253 250 243 232 226.5 228 232.5 232 231.5 239 243 244 250.5 250.5 249.5 242.5 241 241 238.5 240 236.5 232 222.5 220.5 226 235 243 249.5 249.5 249.5 244.5 242 242 242.5 243 246 246 243 239 245 245 241 236.5 230 226 229
233 238 240.5 236.5 237.5 235.5 231 231 230 229.5 228 232 236 235 234 231.5 227.5 226 227.5 229 229.5 227 222 219.5 221 223 226.5 233 239.5 243.5 242.5 245.5 250 254.5 257 258 256.5 256 255 253 250 243 235 228 224.5 227.5 229.5 229.5 234 236 242 245.5 249.5 247.5 249.5 247.5 245.5 243.5 245.5 244.5 241 232.5 230 223.5 229 236 244.5 247.5 248.5 246 241 234 234.5 234 237.5 241.5 237 236 236.5 240.5 245 240.5 233 229 225.5 227
228.5 234 237 239.5 238.5 236.5 230 233 234 233.5 231 229.5 233 233.5 231.5 227 220.5 222.5 222 225 229.5 228.5 223.5 219.5 222.5 225.5 225.5 229 232.5 238 237 234 237 247.5 254 256 253 251.5 251 249 246 239.5 230 226.5 226 225.5 227 230 232 233.5 239 242 249.5 250.5 251.5 250.5 248.5 247.5 249 247.5 244 238.5 232 225.5 225.5 233 240 244 243 239 235 229 224.5 221.5 230 235 236 236 238 242.5 243 241.5 233 226.5 231 230
223 227 233.5 235 238 237 233 235 236 235 233 228.5 226 228 229 224 215 214 221.5 224.5 229 228 225.5 223.5 225 226.5 228.5 230.5 231.5 232 230.5 229 230.5 237.5 251 250 248 246 244 242.5 239.5 235 225.5 227 228 226 226.5 228.5 229 231.5 238 243 245.5 237.5 245 248 250.5 248.5 244.5 245.5 245.5 241 233.5 222.5 219.5 230 234 240 235 232.5 229 223 220.5 215 220.5 227 235 238.5 239.5 237.5 241 238.5 235.5 232.5 235.5 238.5
224.5 220.5 225 230 236 235.5 237 236 234 229.5 227.5 226 220 219.5 223.5 221 209.5 214 222.5 225.5 227.5 228 227 226.5 225 227 228 229 230 232.5 231.5 230.5 231 238 249.5 245 239.5 234 234 232.5 229 227 227 228.5 227.5 227 229 230 232.5 233.5 239 243 240 232.5 235.5 243 248.5 249.5 247.5 244.5 245.5 243 233.5 229.5 227 226.5 229 232 231.5 219.5 219.5 214 215 213 218 228.5 233 236 235 233.5 233 235.5 236.5 241.5 238 241.5
224.5 216 221.5 231 234.5 230 235 235.5 233.5 228 222.5 219 212 212 216 214 210 214 219.5 222.5 223.5 225.5 226 225 225.5 227 225.5 225.5 228.5 233 234 235.5 233.5 244 239.5 242 232.5 226.5 227.5 227.5 227.5 226.5 228.5 229 227.5 226 228 227 231 235.5 238.5 237 234.5 232.5 233 240 245.5 247.5 243.5 237.5 241 243 239 236.5 231 220.5 221 224.5 216.5 205.5 206.5 213.5 221.5 221.5 215 222.5 230.5 236 235 235 236.5 240.5 237.5 240.5 246 245.5
219 217 223 232 230.5 226 231.5 234.5 230 231.5 226 221.5 214.5 206.5 205.5 203 205 207.5 213.5 216 220.5 223.5 224.5 227 228 228 226 228.5 230.5 233 232.5 231.5 238.5 236 233.5 231.5 231.5 225.5 227.5 227.5 227.5 227.5 229 230.5 228.5 226.5 228.5 229 227 229 231.5 228.5 229.5 229.5 231.5 239 240 244 244.5 238.5 234 241 237 232.5 229 216 209 209.5 203 200.5 211 219.5 226.5 227.5 222.5 229 233 238.5 237 238 240.5 246.5 246.5 245.5 248 249.5
214.5 220 228 230.5 230.5 225.5 229.5 230 227 228 228 224.5 218 209.5 203.5 203 204 208.5 212.5 215.5 221 224 226.5 227 229 230 230 231 232 232 229.5 230.5 232.5 229.5 226 222 222 224 226.5 228.5 228.5 230 229.5 229.5 229.5 229.5 230.5 229.5 227.5 225 226 223 224 226 230.5 234.5 237 239 242.5 243 233 237 238 234.5 228.5 218.5 208.5 203.5 200.5 203 212.5 217.5 224.5 233 232 235.5 239 241 240.5 240 243.5 249 249.5 247.5 246.5 250.5
217 222.5 224.5 224.5 226 225.5 222.5 223.5 220.5 222 218.5 217.5 215.5 209.5 204 206.5 209.5 207.5 210 215 218 221.5 222.5 223.5 226.5 227 228 227.5 229.5 227.5 224.5 228.5 228.5 227 225 220 221 225 227.5 228 228.5 231.5 231.5 230.5 231.5 230.5 232.5 230.5 229.5 227 224 224 224 224 227.5 233.5 236 234 237.5 243 243 242 239 234.5 226.5 213.5 207 209.5 208.5 206 206 211.5 222 230 235 241.5 244.5 245.5 242.5 245.5 248 249.5 250 250 250 251
214.5 217 219 218 219 219 214.5 215 215 215 212 214 213 211 210 210 215 210.5 211.5 213 213 217 217.5 219 221.5 224 224.5 225.5 228 227 226 227.5 227.5 227.5 228 226 226 227.5 229 229.5 230 231.5 232.5 232.5 232.5 233 233 232.5 231.5 228.5 224.5 224 224.5 224.5 225 228.5 231 236.5 238.5 238.5 240 243 240 235.5 231 222.5 217.5 212 203 201 202 209 220.5 224 231 241.5 247 245.5 240 242.5 243 245 246.5 250 250.5 251.5
210.5 211.5 211.5 211.5 211.5 212.5 209.5 211.5 218.5 223 223 222 220 216.5 215.5 215.5 216.5 215.5 216 216 213 213 213 214.5 216 218 218 221.5 223.5 224.5 226.5 228.5 228.5 229 229.5 229.5 229.5 229 230 230.5 230.5 232 232 231.5 231.5 231 231.5 232 232 228.5 226 224 225.5 224.5 223.5 223.5 225 230.5 236.5 237 238.5 240.5 239.5 235.5 231.5 227 222 219.5 213.5 199 206 211 224 233 233.5 242 247.5 243 239.5 237.5 233.5 239.5 244.5 249 249.5 249.5
211.5 211.5 209.5 209 209.5 210.5 209.5 210 215 225 229.5 227 224.5 222 218.5 220 217.5 220 218.5 219 216.5 215 215 215 215 214.5 215 219 222.5 225.5 227 228 228 228 227.5 228.5 229.5 230.5 230.5 231 230.5 231.5 231.5 230.5 230.5 228 227.5 230 233 230.5 225.5 224.5 227 226.5 225.5 225.5 223 224.5 229.5 234.5 236.5 236 233.5 234.5 229.5 226 225.5 223.5 220.5 212.5 219 217.5 218.5 233 241.5 246.5 248.5 245.5 242 235.5 231.5 239.5 245.5 249.5 249.5 246.5
214.5 212 209.5 209.5 213.5 216.5 215 213 218.5 224 231.5 228.5 227.5 228 221 222 222.5 222 220 219.5 217.5 218 217 216 215.5 215 216 218 219.5 224 227 227 224.5 226 224.5 226.5 229 228.5 229.5 231 231 231.5 231.5 230.5 229.5 227.5 226 227.5 232.5 229 225.5 225.5 227.5 228 227.5 226.5 224 222 223 226 233.5 234.5 232.5 234.5 234.5 231 230 227 225 223.5 225.5 229.5 226 234.5 241.5 245.5 249.5 248.5 243.5 237.5 233.5 241.5 246.5 249 249 245.5
215 212 210.5 210.5 216 221.5 219.5 217 217.5 226 230 233.5 232.5 226.5 222.5 220.5 221 224 222 219.5 218.5 216 215 215 216.5 216 216 217.5 220 221.5 226.5 224 221.5 225.5 227.5 227.5 226 228 230 231 231 230.5 229.5 228.5 227.5 227 228 228.5 232.5 229.5 228.5 226.5 228.5 227.5 227.5 225.5 224 223.5 223.5 225.5 230 234.5 233.5 235 234 235 234.5 233 231 229 230.5 235 235 236.5 240.5 243.5 247.5 250 249.5 240.5 239.5 239.5 240.5 247.5 247.5 240.5
216 215 216 214 218 222.5 223.5 218.5 221.5 223 225 233.5 235 228.5 224.5 225 223.5 224.5 221 219 217.5 214.5 213 214 217 218 218 220.5 222 225.5 225.5 225.5 225 227.5 229.5 230 229 230 231 231 230.5 228 225.5 226.5 224 224.5 227.5 228.5 229.5 232.5 229.5 229 228.5 227.5 227.5 225.5 226 225 223.5 224.5 227 234 234 235 234.5 236 238 237 234 233 236 239 238 240.5 243.5 247 249.5 249 251 247 245.5 239.5 239.5 244 245.5 241
216.5 215.5 217.5 216 221.5 225.5 225.5 223.5 225 227 229.5 234.5 235 231.5 229.5 231 227.5 226 220.5 220.5 218.5 216.5 216 215.5 218.5 220.5 221.5 224.5 225.5 227.5 224.5 229 229 230 230 230 231 230.5 231 230 230 228 224.5 222.5 221 219.5 224 229 232.5 230 229 229.5 228.5 226.5 227 226 224 222.5 220.5 224.5 227 231 237 236 237 240.5 239 239 237 236 238 241.5 240 241 240.5 249 252 251 252 250 248 245.5 241.5 239 242.5 241
215.5 215 218.5 219.5 223 228 229 227 228.5 230.5 232 236 236 235 234 226.5 227.5 225.5 221 221 221 219.5 218.5 219 222 222 222.5 223.5 228 229 227.5 229.5 229.5 230 230 230 230.5 230 230 230 230 228.5 227.5 224.5 224 223 226 228.5 235 233.5 230 228.5 228 225.5 225 226 225 222.5 221 223 224.5 228.5 236 238 235.5 244 243.5 241.5 242 245.5 245.5 243.5 245 243 240 242 250.5 253 252 250 248 244 237 237 241 247
213.5 216.5 221.5 225 227 230 232 229.5 231.5 234.5 235 238 237 233.5 228.5 224.5 225.5 226 224 225 223 221.5 221.5 222 224.5 222.5 224.5 226.5 228 229 229 229.5 229.5 229.5 229.5 229.5 229.5 230.5 230 230 229 229.5 228.5 227.5 227 226.5 227 228 231 237 234.5 229.5 226.5 225.5 223.5 223 222.5 219.5 222 224.5 225.5 229.5 233 239 239 242 250.5 246 249 251.5 249.5 244 246.5 245 245 242 243.5 250 253 251 243.5 238.5 235 237 243 246
214.5 217.5 219 223 226 230.5 234 229.5 233.5 237 238 239 237 232.5 225.5 224 225.5 224.5 223 223 225 225 224.5 225.5 223.5 220 221.5 225 228 228 227.5 228 229 229.5 229.5 229.5 228.5 229.5 229.5 229.5 229 229.5 228.5 228 227.5 226.5 226.5 226.5 228 230 237 235.5 229.5 225 223.5 222 218.5 217 220.5 226 232.5 235 233.5 237 240 240.5 245.5 253.5 254.5 255.5 251.5 243 245 247 247.5 248 245.5 249 254 253 247 240.5 240 242.5 245 246
216.5 217.5 218.5 219.5 223 230 235 231.5 235 238 240 239 235 229 227.5 228.5 228.5 223 220 219.5 223 224.5 225.5 226.5 222 221 222 224 227 228.5 227.5 228 228 229.5 229.5 229.5 228.5 229 229.5 228.5 227.5 227.5 226.5 225.5 224 224.5 223 222 225 227.5 234 239.5 233.5 225 223.5 220.5 222.5 221.5 220 226.5 233.5 237.5 235 235.5 238.5 243.5 242 250.5 256.5 255.5 249.5 241 241 243 249 250.5 252.5 254 255 254 248 241.5 241.5 250 249.5 252
217.5 218.5 221.5 224.5 226.5 230 236.5 233.5 233.5 235.5 241 239 234 230 229.5 235 235 228.5 225 222 223 221.5 223 227.5 224.5 224 226.5 226 227.5 229.5 229.5 229 229 229.5 229.5 228.5 227 228.5 228.5 229 223 221.5 221 219 218.5 218.5 218 216.5 219.5 226.5 231.5 238.5 233.5 224.5 220 220 230.5 227.5 225 227.5 232.5 237 237 237.5 239 246 247 250.5 257.5 256.5 251.5 246.5 243 245.5 243.5 250.5 256 254 255 255.5 250 243.5 244.5 251.5 251.5 254.5
219.5 219.5 221.5 224 226 229 231.5 237.5 236.5 238.5 241 239 234.5 235.5 237 239 236 233.5 230.5 230 224 223 225.5 228.5 229.5 227.5 229 230 230.5 229.5 228.5 229 229 229.5 229.5 226.5 224 226.5 228 228 225 221.5 216.5 212 210 211 209 211 215.5 225.5 231 235.5 239.5 233.5 226 230 241 234.5 227 227 231 238 241 241.5 244.5 247 251 252 256.5 257.5 253.5 248 241.5 242.5 247.5 250.5 255 254.5 252.5 255.5 253.5 250 251.5 255.5 256.5 257.5
221.5 217.5 218 222.5 224.5 228.5 233.5 236.5 236.5 239.5 240.5 238 237.5 242 242 241.5 240 238.5 235.5 236.5 228 221.5 222.5 226.5 229.5 230 230.5 230.5 230.5 229 228.5 229 229 229 228.5 225 220.5 222.5 226 227 226 224 219.5 217 215 210 206.5 205.5 217 224.5 230.5 234 238.5 241 232 238.5 246 240.5 231.5 228 231.5 240.5 243 244 249 250 253.5 254.5 258.5 259.5 255.5 251 244.5 235.5 243 251.5 256.5 259.5 256 254.5 254.5 253.5 256.5 253.5 252 258
224.5 218 218.5 220.5 224.5 229 234 238.5 234.5 241.5 238.5 235.5 240.5 244.5 245 243 241 242 240.5 239.5 230 220.5 220 223.5 227 230 230.5 230.5 229.5 228.5 229 229 229 229 227.5 220 217.5 219 222 226 226 220.5 216 211 211 212.5 211 207.5 210.5 221 227.5 234 239 243 240 245 249 248 242 234.5 235.5 244 243 245.5 250 253.5 255.5 257.5 258.5 258.5 258 254 245.5 234 233 245 253.5 256.5 261.5 261.5 260.5 257.5 255 249 250 258.5
232 225.5 227.5 225.5 228.5 233.5 238 238 236.5 239.5 238.5 234.5 241.5 245 246 244.5 242.5 243 243 237.5 229.5 222 221 222.5 225 229 229.5 228.5 226.5 227 225.5 227 225 227.5 223.5 215 213.5 217 219.5 224 223 222.5 216 210.5 208 205.5 207.5 208 215.5 222.5 227 236 240.5 243 240 243 250.5 252 250 243 240.5 248 247 248 249 253.5 257.5 260 260.5 259.5 257.5 254 247 241.5 234 239 249 256 258.5 256.5 261.5 258.5 249.5 248.5 248.5 256.5
230.5 234 235.5 236 235.5 237 240 240 236 240.5 240.5 236 241.5 245.5 243.5 242 245 245 244 241.5 235 226 226 224.5 226 229 228 228 223.5 223.5 224.5 223.5 220 224.5 219 209 213 212.5 218 219.5 218 222.5 216.5 213 208 202.5 204.5 211.5 221 222 226.5 236.5 239 240 238 239 244 249 251 248.5 248.5 251 249 247 248 251.5 256 257.5 261.5 259.5 258.5 255 250 248.5 241 234 244.5 250.5 248.5 254.5 259.5 261.5 256.5 250.5 252.5 254.5
221 224 228 234 233.5 235 236.5 240 240.5 241.5 242 242.5 243.5 245 241 237.5 242 244 246 242.5 237.5 236 233.5 234 232.5 232 227.5 225.5 219.5 220 222.5 216 218 220 209.5 210 209 213 216.5 217 218 222 220 214.5 210 207.5 207.5 206.5 217 223 227.5 231.5 235.5 235.5 234.5 236.5 241 244 247.5 250 253.5 252 249 251 248 247 257.5 259 260.5 260 262 258 258 255.5 249.5 237 247.5 257.5 254.5 257.5 261.5 263 260.5 259.5 257 257
224 228.5 231.5 228 228.5 229 231.5 233.5 236.5 235 236.5 240 241.5 240.5 238.5 239.5 242.5 243 244 247 244.5 242.5 240 242 243 239.5 231 226 221.5 217.5 225.5 223 216 214 204.5 208 209 212 213 214 218 218 221 217.5 215 211 209.5 206.5 207.5 211 216 223.5 229.5 231.5 237 240 243 245 250 253.5 255.5 254 251 253 247 247 252 260 261 259.5 261.5 256 260 259.5 252.5 241.5 246.5 258.5 262 261 261.5 263 262.5 264.5 261 258
222 225 224 223 226 231 233.5 236.5 235.5 236 235 236 236 233 235.5 239.5 238.5 237.5 242 244.5 246.5 247.5 245.5 244.5 241 235.5 227 223.5 218.5 218 226.5 224 214 210 205.5 208 211 211 210 214 213 214 220 217 214.5 214 213 210.5 211.5 210.5 214 215.5 223 228 238 243.5 247 249 249 252 258.5 256 254 249 250 249 253 260.5 263.5 259 263.5 256.5 260 257 251 248.5 242.5 249.5 261.5 265 263.5 263.5 262 265 265 261
227 224 218.5 218.5 222.5 228 233.5 239.5 240.5 241.5 240.5 238.5 236.5 230 231 233.5 233.5 233 234 238.5 245.5 247.5 245 239.5 237 231.5 228 224.5 219.5 217.5 226 225 217.5 210 205 208.5 207.5 207.5 211.5 211 211 213.5 215 220 218.5 216 215.5 215 214 215 214.5 216 225 231 235.5 242.5 249 252 253.5 255.5 258.5 256 255 252 252.5 255 255 263 264 264.5 264 264 261 257.5 257.5 255 243.5 244 250.5 261.5 265.5 266.5 265.5 265.5 266 267
237.5 229.5 216.5 217.5 224 227.5 235 238 241.5 243.5 244.5 242.5 237 232 232.5 233 233 234 234 238.5 243.5 243 249.5 241 230.5 229.5 227 219.5 215.5 215 223 223.5 217 205 199.5 205 205 206.5 209 207 212 215.5 216.5 219.5 218 217 214 213 213 215 214 216.5 227.5 236.5 239 240 248 249 253.5 256.5 259.5 258.5 256.5 255.5 252.5 257 259 263.5 263 262.5 262 264 264 262 261 254 248.5 252 252.5 260 264.5 265 257.5 252.5 255.5 262.5
