ecocropFuture/tif/c6/rcp585/ACCESS-CM2/tmean_10.asc
ncols        683
nrows        518
xllcorner    -87.691666666667
yllcorner    10.708333333333
cellsize     0.008333333333
NODATA_value  nan
[rows 429 to 467 of 518, columns 172 to 257 of 683]
nan nan nan nan nan nan nan nan nan nan nan nan nan nan nan nan nan nan nan nan 279.5 278 276.5 278 278.5 277.5 274 274.5 276.5 271.5 265 263 267 266 268 272.5 275.5 277.5 278.5 277.5 277.5 277.5 277 273 272.5 273 274 274 276 277 277.5 278.5 278.5 278.5 278.5 278 278.5 278.5 278 278 277.5 278.5 278.5 278.5 278.5 278.5 278.5 278.5 278.5 278 278 278 278 278.5 278.5 278.5 278.5 278.5 278.5 278 278 278 278 277 274.5 269.5
nan nan nan nan nan nan nan nan nan nan nan nan nan nan nan nan nan nan nan nan nan 278 274.5 274 277.5 278 278.5 278 277.5 272.5 267.5 265 269.5 270.5 269 270 274.5 277.5 278.5 278.5 278 275.5 274.5 271.5 272.5 273.5 274.5 273 274 276.5 277.5 277.5 278.5 278.5 278.5 278 278 278.5 278 278 277.5 278.5 278.5 278.5 278.5 278.5 278.5 278.5 278.5 278.5 278.5 278 278 278 278 278 278 278 278 278 277.5 278 278 277.5 275.5 272
nan nan nan nan nan nan nan nan nan nan nan nan nan nan nan nan nan nan nan nan nan nan 276 275 278 278.5 279 279 278.5 277.5 274.5 270.5 272 271.5 267 270 274.5 277.5 277.5 278.5 277 275 269 271 271.5 274.5 275.5 274.5 274 276.5 277.5 277.5 277.5 278.5 278.5 278 278.5 278.5 278 278 278 278.5 278.5 278.5 278.5 278.5 278.5 278.5 278.5 278.5 278.5 278.5 278 278 278 278 278 278 278 278 278 277.5 278 278 277.5 275.5
nan nan nan nan nan nan nan nan nan nan nan nan nan nan nan nan nan nan nan nan nan nan 276.5 277.5 278 279 279.5 278.5 278.5 278 276.5 274 273 267 270.5 272 275.5 277.5 277.5 278.5 279 278.5 272.5 271 274.5 275 275.5 276 276.5 276.5 277.5 278 278.5 278.5 278.5 278 278 278.5 278.5 278 278 279 278.5 278.5 278.5 278.5 278.5 278.5 278.5 278.5 278.5 278 278 278 278 278 278 278 278 278 278 277.5 278 278 278 277
nan nan nan nan nan nan nan nan nan nan nan nan nan nan nan nan nan nan nan nan nan nan nan nan 279 278.5 277.5 276.5 276 276.5 276 274 270.5 268 269.5 274.5 275.5 277.5 278.5 278.5 279.5 279 277.5 271.5 274.5 276 276.5 276.5 276.5 276.5 277 277.5 277.5 277.5 278.5 278 278 278.5 278.5 278 278 278 277.5 277.5 277.5 277.5 278.5 278.5 278.5 278.5 278.5 278 278 278 278 278 278 278 278 278 277.5 277.5 277.5 278 278 277.5
nan nan nan nan nan nan nan nan nan nan nan nan nan nan nan nan nan nan nan nan nan nan nan nan nan nan 277.5 275.5 277 277 277 276 273.5 272.5 272.5 273.5 276.5 277.5 279 279 279 278.5 279 276.5 273.5 276.5 276.5 276 275.5 276.5 276 276.5 276.5 277.5 277.5 278 278 278 278.5 278.5 278 278 278 277.5 277.5 277.5 278.5 278.5 278.5 278.5 278 278 278 278 278 278 278 278 278 278 277.5 277.5 277.5 278 278 278
nan nan nan nan nan nan nan nan nan nan nan nan nan nan nan nan nan nan nan nan nan nan nan nan nan nan nan 278 276 276 278 277 276 275 277 277 274.5 277.5 279.5 279.5 278.5 276.5 277 278 275.5 277 277 276.5 275.5 276.5 274.5 276.5 276.5 277.5 278 278 278 278 278 278.5 278 278 278 277.5 277.5 277.5 278.5 278.5 278.5 278.5 278 278 278 278 278 278 278 278 278 278 277.5 277.5 277.5 278 278 278
nan nan nan nan nan nan nan nan nan nan nan nan nan nan nan nan nan nan nan nan nan nan nan nan nan nan nan 278.5 277.5 278 276 273 273 275 276 278.5 276.5 277.5 279.5 277.5 275 274.5 273.5 275.5 277.5 278 277.5 277.5 277.5 276.5 274.5 275.5 276.5 277.5 278 278 278 278 278 278 278.5 278 278 277.5 277.5 277.5 278.5 278.5 278.5 278 278 278 278 278 278 278 278 278 278 278 277.5 278 278 278 278 278
nan nan nan nan nan nan nan nan nan nan nan nan nan nan nan nan nan nan nan nan nan nan nan nan nan nan nan 278.5 276 275 275 272 271.5 271 276 278.5 279.5 278.5 278.5 277 275.5 273.5 275 275.5 276 276.5 276.5 277.5 277.5 277.5 276.5 276.5 277.5 277.5 278 278.5 278.5 278 278 278 278 278.5 278 278 277.5 277.5 278.5 278.5 278 278 278 278 278 278 278 278 278 278 278 278.5 278 278 278 278 278 278
nan nan nan nan nan nan nan nan nan nan nan nan nan nan nan nan nan nan nan nan nan nan nan nan nan nan nan nan nan nan 278 276 274 270.5 277 279 279.5 279.5 278.5 274.5 272.5 274 275 276 276.5 277 277 277.5 278 277.5 277.5 277.5 278 278.5 277.5 277.5 278.5 277.5 278 278 278 278 277.5 278 278 277.5 278 277.5 277.5 277.5 277.5 278 278 278 278 278 278.5 278.5 278.5 278.5 278 278 278 278 278 278
nan nan nan nan nan nan nan nan nan nan nan nan nan nan nan nan nan nan nan nan nan nan nan nan nan nan nan nan nan nan 278 277 273.5 272.5 278 279 279.5 278.5 277 274 270 270 271.5 276 276.5 277 277.5 277.5 277.5 277.5 277.5 277.5 278 278 278 278 277.5 277.5 277.5 277.5 278 278 278 277.5 277.5 277.5 278 277.5 277.5 277.5 277.5 278 278 278 278.5 278.5 278.5 278.5 278.5 278 278 278 278 278 278 278
nan nan nan nan nan nan nan nan nan nan nan nan nan nan nan nan nan nan nan nan nan nan nan nan nan nan nan nan nan nan nan nan 276 275 278.5 279 279 278.5 278 277 272 269.5 271.5 275 276 277 277.5 277.5 277 276.5 277 277 277 277 277.5 278 278 277.5 277.5 277.5 278 278 278 278 277.5 277.5 278 278 277.5 277.5 277.5 278 278 278 278.5 278.5 278.5 278.5 278.5 278 278 278 278 278 278 278
nan nan nan nan nan nan nan nan nan nan nan nan nan nan nan nan nan nan nan nan nan nan nan nan nan nan nan nan nan nan nan nan nan nan 279 279 278 277 274 275 274 273 271.5 270.5 273.5 276.5 277.5 277 277 277 277.5 278 277.5 277 278 278 278 277 277 278 277.5 277.5 277.5 278 278 277.5 278 278 277.5 277.5 277.5 278 278 278.5 278.5 278.5 278.5 278.5 278.5 278 278 278 278 278 278 278
nan nan nan nan nan nan nan nan nan nan nan nan nan nan nan nan nan nan nan nan nan nan nan nan nan nan nan nan nan nan nan nan nan nan nan nan 278 274.5 270.5 275 277 276 273 270.5 271 276 276.5 276.5 277 277 277 278 278 277 277 277 277 276 277 278 276 276.5 277.5 277.5 278 278 278 278 278 277.5 277.5 278 278.5 278.5 278.5 278.5 278.5 278.5 278 278 278 278 278 278 278 278
nan nan nan nan nan nan nan nan nan nan nan nan nan nan nan nan nan nan nan nan nan nan nan nan nan nan nan nan nan nan nan nan nan nan nan nan nan 277 274 273 278 277 276 274 274 273.5 275.5 276.5 276.5 276.5 277 277 277.5 277.5 278 277 275.5 275.5 277 277 275.5 276 276.5 277.5 277.5 277.5 278 277.5 277.5 277.5 277.5 278.5 278.5 278.5 278.5 278.5 278.5 278 278 278 278 278 278 278 278 278
nan nan nan nan nan nan nan nan nan nan nan nan nan nan nan nan nan nan nan nan nan nan nan nan nan nan nan nan nan nan nan nan nan nan nan nan nan nan 275 274 278 278 277 277 275 272.5 272.5 275.5 276.5 277 277 277 277 277.5 277.5 277.5 276.5 277 277.5 277 276 276 276 277 277.5 277.5 277.5 278 278 277.5 277.5 278.5 278.5 278.5 278.5 278.5 278.5 278 278 278 278 278 278 278 278 278
nan nan nan nan nan nan nan nan nan nan nan nan nan nan nan nan nan nan nan nan nan nan nan nan nan nan nan nan nan nan nan nan nan nan nan nan nan nan nan 276 278 278 277 275 271 274 273.5 272.5 275.5 276.5 276.5 277 277 277.5 277.5 277 277 277 277.5 276.5 276.5 276.5 277 277 278 278 277.5 277.5 277.5 277.5 277 278.5 278.5 278.5 278.5 278.5 278 278 278 278 278 278 278 278 278 278
nan nan nan nan nan nan nan nan nan nan nan nan nan nan nan nan nan nan nan nan nan nan nan nan nan nan nan nan nan nan nan nan nan nan nan nan nan nan nan nan nan 278 277 275 276 277 276 274 273.5 273 275.5 276 276 277 276.5 276.5 276.5 276.5 277.5 276.5 276.5 277.5 277.5 277.5 277.5 277.5 278 277.5 277.5 277.5 277.5 278.5 278 278.5 278.5 278 278 278 278 278 278 278 278 278 278 278
nan nan nan nan nan nan nan nan nan nan nan nan nan nan nan nan nan nan nan nan nan nan nan nan nan nan nan nan nan nan nan nan nan nan nan nan nan nan nan nan nan 278 276 276 278 275.5 273.5 272.5 269 268.5 272 275 275.5 276 275.5 275.5 275.5 276.5 276.5 276.5 277 277 277.5 277.5 277 277.5 277.5 277.5 277 277.5 277.5 278.5 278.5 278 278 278 278 278 278 278 278 278 278 278 278 278
nan nan nan nan nan nan nan nan nan nan nan nan nan nan nan nan nan nan nan nan nan nan nan nan nan nan nan nan nan nan nan nan nan nan nan nan nan nan nan nan nan nan 278 279 278 274.5 270.5 269.5 266 266.5 271 271 273 270.5 272.5 273.5 275.5 275.5 275.5 276.5 276.5 276.5 277 277 277 277 276.5 277.5 277 277 277.5 278 278 278 277.5 277.5 278 278 278 278 278 278 278 278 278 277.5
nan nan nan nan nan nan nan nan nan nan nan nan nan nan nan nan nan nan nan nan nan nan nan nan nan nan nan nan nan nan nan nan nan nan nan nan nan nan nan nan nan nan nan 278 278 275.5 272.5 270.5 268 269.5 272 270.5 269.5 268.5 268 269.5 273.5 272.5 273.5 274.5 275.5 276.5 277 277 277 277 276.5 276.5 277.5 277.5 277.5 278 278 278 278 278 278.5 278.5 278 278 278 278 278 278 277.5 277.5
nan nan nan nan nan nan nan nan nan nan nan nan nan nan nan nan nan nan nan nan nan nan nan nan nan nan nan nan nan nan nan nan nan nan nan nan nan nan nan nan nan nan nan 278.5 278.5 277.5 276.5 276.5 273 274 273 268.5 267.5 272.5 272 269.5 269 266 269 273.5 274.5 275.5 276.5 276.5 277 277 277 277 276.5 277 277.5 278 277.5 277.5 278 278 278.5 278.5 278.5 278.5 278 278 278 277.5 277.5 277.5
nan nan nan nan nan nan nan nan nan nan nan nan nan nan nan nan nan nan nan nan nan nan nan nan nan nan nan nan nan nan nan nan nan nan nan nan nan nan nan nan nan nan nan nan 277.5 278 279 279 278.5 278 275 271 270.5 275 273 270.5 265 261 265 270.5 271.5 273.5 275.5 276 276.5 277 277 277 277 277 277 277 277 277 278 277.5 278 278 278.5 278.5 278 278 277.5 277.5 278 278
nan nan nan nan nan nan nan nan nan nan nan nan nan nan nan nan nan nan nan nan nan nan nan nan nan nan nan nan nan nan nan nan nan nan nan nan nan nan nan nan nan nan nan nan nan nan 278.5 277.5 279 278.5 276.5 275.5 275 275 270 268.5 266.5 266.5 269.5 269 265 270.5 273.5 275 276 276 276.5 276.5 277 277 276.5 276.5 276.5 277 277 278 278 278 278 278 278 278 278 278 278 278
nan nan nan nan nan nan nan nan nan nan nan nan nan nan nan nan nan nan nan nan nan nan nan nan nan nan nan nan nan nan nan nan nan nan nan nan nan nan nan nan nan nan nan nan nan 278 276.5 275.5 276 278 278 277 276.5 273 266.5 264 265.5 271 272.5 269.5 265 269 270 271 273 275 276 276.5 276.5 276.5 276.5 276.5 276.5 276.5 276.5 277 277.5 277.5 277.5 276.5 276 278 278 278 278 278
nan nan nan nan nan nan nan nan nan nan nan nan nan nan nan nan nan nan nan nan nan nan nan nan nan nan nan nan nan nan nan nan nan nan nan nan nan nan nan nan nan nan nan nan nan nan nan 278 274 273.5 276 274 273 271.5 265.5 267.5 272 274 274 268.5 263 263.5 263.5 262.5 271 274 275 276 276 276 276 276 276.5 276 276 276 277 277 277 276 275.5 277 276.5 277.5 277.5 277.5
nan nan nan nan nan nan nan nan nan nan nan nan nan nan nan nan nan nan nan nan nan nan nan nan nan nan nan nan nan nan nan nan nan nan nan nan nan nan nan nan nan nan nan nan nan nan nan nan 276 275 275 273 275 270.5 268.5 274 275 275 268.5 265 264 264 265 264.5 266 272 274 275 275 275 275 276.5 276 275.5 275 275.5 276.5 277.5 277 274.5 274 275 274 274 275 276
nan nan nan nan nan nan nan nan nan nan nan nan nan nan nan nan nan nan nan nan nan nan nan nan nan nan nan nan nan nan nan nan nan nan nan nan nan nan nan nan nan nan nan nan nan nan nan nan nan 278 275 275.5 271.5 271.5 275 276 276.5 274 267.5 269.5 267 266 270.5 268 266.5 271 273 271 274 274 274 275.5 275.5 274.5 274.5 274.5 276.5 277.5 276.5 274 269.5 270.5 269.5 270.5 272 273.5
nan nan nan nan nan nan nan nan nan nan nan nan nan nan nan nan nan nan nan nan nan nan nan nan nan nan nan nan nan nan nan nan nan nan nan nan nan nan nan nan nan nan nan nan nan nan nan nan nan nan 277.5 272 273.5 273 276 277 275 271 270 273.5 266.5 270.5 271.5 265 263.5 270 272 271 270 271 270 272.5 274.5 274.5 274.5 275 276.5 277 276.5 274 266.5 264 265 268.5 269.5 271
nan nan nan nan nan nan nan nan nan nan nan nan nan nan nan nan nan nan nan nan nan nan nan nan nan nan nan nan nan nan nan nan nan nan nan nan nan nan nan nan nan nan nan nan nan nan nan nan nan nan nan 276 275 275 278 276 270.5 268.5 273.5 273.5 271.5 272.5 266.5 262.5 263.5 264 270.5 268 266 265.5 267 272 273 273 274 275 276 nan nan nan nan nan nan 266 267 270.5
nan nan nan nan nan nan nan nan nan nan nan nan nan nan nan nan nan nan nan nan nan nan nan nan nan nan nan nan nan nan nan nan nan nan nan nan nan nan nan nan nan nan nan nan nan nan nan nan nan nan nan nan 276 278 276.5 270.5 273 274.5 275 275.5 274.5 270.5 265.5 266 265.5 262.5 269 266 264 265 267 270.5 268.5 271 273.5 274.5 275 nan nan nan nan nan nan nan 263.5 270.5
nan nan nan nan nan nan nan nan nan nan nan nan nan nan nan nan nan nan nan nan nan nan nan nan nan nan nan nan nan nan nan nan nan nan nan nan nan nan nan nan nan nan nan nan nan nan nan nan nan nan nan nan nan 276.5 274.5 273 276.5 277.5 276.5 274.5 273.5 269 268 269.5 265 261.5 264.5 264.5 263 267 269.5 268.5 266.5 270.5 271.5 274.5 nan nan nan nan nan nan nan nan nan 271.5
nan nan nan nan nan nan nan nan nan nan nan nan nan nan nan nan nan nan nan nan nan nan nan nan nan nan nan nan nan nan nan nan nan nan nan nan nan nan nan nan nan nan nan nan nan nan nan nan nan nan nan nan nan 277 276 277.5 278 276 272.5 270.5 271 271.5 272.5 269 263.5 259 262.5 263.5 264.5 263.5 266.5 267.5 268 268 271.5 274.5 nan nan nan nan nan nan nan nan nan nan
nan nan nan nan nan nan nan nan nan nan nan nan nan nan nan nan nan nan nan nan nan nan nan nan nan nan nan nan nan nan nan nan nan nan nan nan nan nan nan nan nan nan nan nan nan nan nan nan nan nan nan nan nan nan 278 276.5 273.5 273.5 268 271 274.5 273 267 263.5 261 265.5 267.5 268.5 267 263 258.5 261.5 266.5 270.5 272.5 nan nan nan nan nan nan nan nan nan nan nan
nan nan nan nan nan nan nan nan nan nan nan nan nan nan nan nan nan nan nan nan nan nan nan nan nan nan nan nan nan nan nan nan nan nan nan nan nan nan nan nan nan nan nan nan nan nan nan nan nan nan nan nan nan nan 277.5 276.5 275.5 275.5 270 274.5 275 270 270 267.5 268.5 271 270.5 267.5 263 258.5 260.5 265 271 272.5 nan nan nan nan nan nan nan nan nan nan nan nan
nan nan nan nan nan nan nan nan nan nan nan nan nan nan nan nan nan nan nan nan nan nan nan nan nan nan nan nan nan nan nan nan nan nan nan nan nan nan nan nan nan nan nan nan nan nan nan nan nan nan nan nan nan nan nan 277.5 276.5 274.5 274 276.5 275 274 270 270 273 272 267.5 264 261 265 266 267.5 271.5 272 nan nan nan nan nan nan nan nan nan nan nan nan
nan nan nan nan nan nan nan nan nan nan nan nan nan nan nan nan nan nan nan nan nan nan nan nan nan nan nan nan nan nan nan nan nan nan nan nan nan nan nan nan nan nan nan nan nan nan nan nan nan nan nan nan nan nan nan nan 277.5 277.5 277.5 274.5 272 272 273 275 273.5 266.5 265 260.5 266 270 267 268 269 nan nan nan nan nan nan nan nan nan nan nan nan nan
nan nan nan nan nan nan nan nan nan nan nan nan nan nan nan nan nan nan nan nan nan nan nan nan nan nan nan nan nan nan nan nan nan nan nan nan nan nan nan nan nan nan nan nan nan nan nan nan nan nan nan nan nan nan nan nan 278.5 278.5 276.5 274.5 271 275.5 276 273 270.5 264 260.5 261 267 271 270.5 270 nan nan nan nan nan nan nan nan nan nan nan nan nan nan
nan nan nan nan nan nan nan nan nan nan nan nan nan nan nan nan nan nan nan nan nan nan nan nan nan nan nan nan nan nan nan nan nan nan nan nan nan nan nan nan nan nan nan nan nan nan nan nan nan nan nan nan nan nan nan 278 277.5 277.5 276 273 275.5 277 275 274 268.5 264 265.5 265 268.5 273 270 268.5 nan nan nan nan nan nan nan nan nan nan nan nan nan nan
