ecocropFuture/tif/c6/rcp585/ACCESS-CM2/tmean_1.asc
ncols        683
nrows        518
xllcorner    -87.691666666667
yllcorner    10.708333333333
cellsize     0.008333333333
NODATA_value  nan
[rows 190 to 227 of 518, columns 174 to 260 of 683]
199 203.5 213.5 216.5 217 227 233.5 234.5 227.5 228.5 236 237 233 237.5 235.5 231.5 233 225 216 209.5 207.5 208 208 205.5 206.5 212 217.5 224.5 229.5 233 237 238 235.5 238.5 240.5 242 240.5 242 243 244.5 245.5 241.5 238 235 236 234.5 233 235 235.5 236.5 237.5 239.5 239.5 240.5 242.5 240 227 221.5 224.5 236 239 238 238 238 239 238 236 239 238 237 238 234 233 235.5 233.5 235 232 228 227 233 230.5 226 224 224.5 227.5 227.5 224
194 196.5 204.5 206.5 210 220 231 224.5 213.5 215 221 222.5 229.5 231.5 232 225.5 231 225 214.5 210.5 210 214.5 211 209.5 210 211 216 222.5 228.5 232 236 231.5 232.5 237.5 238 240 240.5 240.5 239 242 244.5 243 240 236.5 238 232 232.5 234 234 232.5 232.5 237.5 235.5 237.5 242 236.5 229 223 227 234 230 225 234 237 239 238 235 234.5 233 232.5 237 237 233.5 233.5 235.5 234.5 230 225 227.5 232 225.5 224 223 223.5 226 223 219
188 188.5 193.5 202.5 215 224.5 232 223.5 213 205.5 210 226.5 230.5 228 223 221.5 224.5 226 218.5 219.5 219.5 215 209 210.5 214.5 215 219 221.5 227.5 232.5 232 227.5 231.5 234 235 236 237 239 241 244.5 242.5 241 241.5 241 234 228.5 226.5 227.5 224 223 232.5 237 238 239 241.5 238 234 229 230 234.5 227 231.5 235.5 238.5 240.5 237 235.5 232.5 232.5 232 235 234.5 230.5 234.5 235.5 234.5 228 222.5 226 231 228 223.5 222.5 221.5 216 216 215.5
187 193 199 204 216 225.5 222.5 225 218 209.5 219 229 224 222.5 214.5 218.5 217.5 218.5 224 219.5 222.5 219 216 215.5 217.5 217.5 217 216.5 225.5 226.5 231 229 232.5 235 240 241 239 237.5 240 244.5 241 237 239 239 233 230.5 221.5 214.5 216.5 220.5 227 233 238 240.5 240.5 237.5 237.5 234.5 234.5 234.5 230.5 231.5 235.5 235.5 239.5 238.5 235 234 231.5 232 232 233 230 232.5 235 233.5 228.5 223.5 227.5 230 229.5 223.5 222.5 217.5 210 207 209.5
190.5 199.5 210.5 214.5 225.5 224.5 214 215 208.5 209 222.5 226 215.5 214 211 213.5 207 211.5 218.5 218 215.5 219 217.5 218.5 216.5 217.5 215 213.5 222.5 227.5 235 238 240.5 242 243.5 244 243.5 242 243.5 241 236 234.5 235 234 235.5 229.5 219 215 219.5 223.5 225 229 238.5 237.5 233.5 231.5 232.5 236.5 234.5 232 223.5 228 231 228.5 234.5 238.5 236.5 234 232 232 231.5 229.5 230.5 230.5 235 231 223.5 224 230 228.5 228 226 221.5 218 212 203.5 209
202 202.5 212 222 225.5 215.5 211 205 200 214.5 225.5 218.5 206.5 203 200 203 203 207.5 211 217 213 215.5 219.5 215.5 213.5 213.5 213 212 223 232 237 239.5 241.5 243 244.5 244.5 245 245 244 240 237 230.5 226.5 233.5 233.5 227 218 217 221.5 227.5 230.5 233.5 238 230.5 221 221.5 226.5 235 235 225 222 226.5 227.5 228.5 233.5 237 239 235 233.5 233.5 231.5 225.5 231.5 233 234 226.5 220.5 220 228.5 227.5 224 223.5 221 220 214 207 211.5
212.5 212 218.5 225 219 207.5 198.5 198.5 199.5 213.5 224.5 215 208 201.5 197 202 207 210 212 216.5 214 216.5 217.5 212.5 209.5 207.5 210.5 217 227 234 238.5 240.5 242 242.5 244 244.5 244 244.5 244 242.5 239 233 227.5 228.5 230 227 219 209.5 215.5 224.5 231 236.5 237 227.5 221.5 222 228 233 231.5 224 223.5 223.5 225 228 232.5 232.5 238.5 237 235.5 232 231 230 231 233.5 232.5 223.5 218.5 218.5 225.5 226.5 223 221 219.5 218.5 214.5 207.5 210.5
219 220.5 222.5 219 214 201 199 204 200.5 210 223 220.5 214.5 209 202 207.5 211.5 214.5 217 214 212.5 214.5 214.5 212 208 205.5 213.5 222.5 230.5 235 238.5 240.5 241.5 242.5 243.5 243.5 244 244 243.5 242 240.5 236.5 227.5 224.5 221 221.5 217 204.5 208 216.5 229 235 235.5 232 226 225 229.5 230.5 229.5 224.5 220 221 223 228.5 231.5 231 236 237.5 236.5 234.5 234.5 233 232.5 233.5 229.5 220 217 218 225.5 222 218 219.5 218 215.5 213.5 208.5 210.5
223 222 214.5 211 204.5 208.5 210 212.5 209 210.5 215 223 220.5 213 205.5 208.5 213.5 216 217 212.5 208.5 210 209 209.5 205 201 214 224.5 231 235 238.5 240.5 240.5 241.5 243 243 243.5 244 242.5 240.5 238.5 236.5 233 227 222 212.5 212.5 210 208.5 214 222 232.5 226 223 228 224.5 226.5 228.5 226 220 215.5 220.5 224 226 228 229.5 234 235.5 237 236.5 235 231 232.5 232 227 220 217 218 225 220.5 213 213.5 218.5 216.5 212 208 211.5
223 224 218 216 213 215 216 218 214.5 218 222 223 221 218.5 212 206.5 210.5 211 215.5 213 207 203.5 197.5 197.5 201.5 201 210 224.5 230.5 235.5 238.5 239.5 240.5 241.5 242.5 242 243 243 241.5 239.5 237 231 221 220.5 221.5 212.5 211.5 215.5 215 218 224 233 221 219 226 220.5 218 220 221 218.5 210 214.5 219.5 221 225 229 231 229.5 235.5 235.5 235.5 232 231 232 226 220.5 217.5 221 224 220 215.5 213.5 217 218 217 213.5 214.5
223 222 221.5 221.5 218.5 212.5 217 217 219.5 218 216 222.5 219.5 215 210 205.5 207 210 211 211 210.5 198.5 198 198 203.5 209.5 212 224.5 231.5 235 238 238 240 241 241.5 241.5 242 241.5 240 238 234 227.5 215 210.5 211.5 214.5 211.5 217.5 223.5 224.5 231 226 217 218 222 221.5 217.5 213.5 213 207.5 201 204.5 207.5 215.5 222 227 227 227 232 234 233 230.5 229.5 230 224.5 218 218 222 223 218.5 216.5 212 215 211 215 217 215.5
221.5 219.5 217.5 217 218 211.5 213.5 213 213 216 216.5 218.5 221 216 214.5 210.5 208 209 207.5 204 208 206 202.5 202.5 206 213 215.5 222 230 233.5 235.5 237 238.5 240 241 241.5 240.5 240 238.5 235 229 221 210.5 203.5 207.5 213 216 218.5 223.5 230 231.5 221 219.5 220 217 215 218 216.5 214.5 210.5 202 195.5 207.5 211.5 216.5 222.5 227.5 231.5 229.5 228.5 229.5 226 225.5 227 225.5 217.5 217.5 221.5 222.5 216.5 214.5 211 213 208 210 211.5 213.5
221.5 215.5 213 215.5 213 210.5 212.5 208 207.5 215 216.5 217 218 218 209.5 206 205.5 207 207 201.5 202 203 202 204 211 216 219.5 222.5 228.5 233 235 237.5 238.5 240 239.5 239 238 237.5 235 231 220 208.5 202 205.5 207.5 211.5 214.5 219.5 221.5 226.5 232 227 225 219 211 213 214 211 204 205.5 200.5 195 205.5 208.5 218.5 224.5 228 229 224 222.5 223.5 222.5 222 224 225 219 216.5 221 222 217 211 206 208 207 204 207 208.5
218 212 210.5 210.5 208 209.5 207 202.5 202 211.5 215.5 214 216 214.5 204 199.5 202.5 206 205.5 204 197 197 197.5 199 209 217 221 226 226.5 229.5 234 236 237.5 239 237.5 237 235.5 234 231 228 219.5 207.5 201.5 203.5 207.5 207 206 214.5 218.5 219.5 227 226.5 226 218 216 216.5 214 215 211.5 207 195.5 193 200 210.5 218.5 224.5 226 225 220 217.5 217 217.5 218 221 220.5 218.5 214 219.5 220 216 212 204 201 203.5 200.5 202.5 209.5
220 215 215.5 213 208 207 206.5 205.5 203.5 208.5 213 212 211 208 203.5 201.5 203.5 204.5 205.5 202 196 191.5 194.5 197.5 202 210 217 221 220 223 228 233.5 236 236.5 235 234 233 231 227 219.5 211.5 203 199 202 204 204 209 211.5 217.5 221.5 225.5 223.5 225 223 220.5 219.5 220.5 219.5 216.5 207 204.5 197 203.5 211.5 219.5 223 224 221.5 216.5 209 209 209 212 216 212 210.5 211.5 215.5 219.5 215.5 208 204 200 202 204 207 210.5
215.5 218.5 217 214 206.5 210 211 210.5 207.5 205.5 209 210.5 208 202.5 193 196.5 196 200 205.5 204.5 198 192.5 196.5 200.5 201.5 205.5 209.5 215.5 214.5 210.5 214.5 225.5 233 234 231 229 229 226.5 223 215.5 205.5 201.5 201 200.5 201.5 205 207 208.5 214.5 217.5 225.5 227 227.5 226.5 224 223 224.5 223 219.5 213.5 207 199.5 199.5 207.5 215 219 218 214 210 204 198.5 195.5 204.5 209.5 211 210.5 213 217.5 218 216.5 208 201 206 205 205 210.5 212.5
210.5 212 216 215 210.5 212.5 213.5 211.5 210 205 201.5 204 205 199 186 184.5 195 200 204.5 204 201 198 200.5 202.5 205 207 208.5 209 207.5 205 207 214.5 229 228 226 223 221 219.5 216 211 200.5 202.5 203 201 201 203.5 204 206.5 213.5 218.5 221.5 213 220.5 224 227 224 220 220.5 221 216.5 208 196.5 193 205 208.5 215 209.5 207.5 203 196.5 193.5 187.5 193.5 201.5 209.5 213 214 212.5 216 214 211 208 211 214 208.5 213.5 215.5
199 206.5 213.5 213 214.5 213 211 205 204 201.5 193 191.5 198.5 195 178.5 184.5 197.5 201 203.5 204.5 203 202.5 200.5 203 205 205.5 207 209.5 208.5 207 207 215 227 222 216 211 210 208.5 205 202 202.5 204.5 202.5 202.5 204.5 205 207.5 208.5 214.5 218.5 215.5 207.5 211 218.5 224.5 225 223 220 221 217.5 208 204 201.5 200 203.5 206.5 206 193 193 186 187 184.5 190.5 202.5 208 211 210 208.5 208 210.5 212 217 213.5 217.5 211.5 214.5 220
194.5 207 212 205.5 212 212.5 210 204 196.5 191.5 181 181 187.5 184.5 179 184.5 193.5 196.5 199.5 201.5 202 201 202 203.5 202 201.5 205.5 209.5 211 212.5 211 222 217 220 209.5 203 204 203.5 203.5 202 204 204 202.5 200.5 202.5 201.5 206.5 211 213.5 212.5 209.5 208 208.5 216 221.5 224 219 213 216 218.5 214.5 211 206 193 194.5 198 188.5 176 177.5 185.5 194.5 195 187.5 196.5 205 211 210 210 211.5 215.5 213 216 221.5 221.5 218.5 216.5 223
197 208.5 206.5 201 208 211.5 206.5 207.5 201.5 195 185 175.5 173.5 170.5 173.5 176 184 188 194.5 198.5 200.5 203.5 205 205 203 205.5 207.5 210.5 209.5 208 216 213 211 208.5 208 201.5 204 204 204 203 204.5 206 204 201.5 203.5 204.5 202 204 206.5 203.5 204.5 204.5 206.5 214.5 216 219.5 220 214 209 216.5 212.5 207.5 203 188 179.5 181 173 169.5 182.5 192 200 202 197 204 207.5 213.5 212.5 213 216.5 222.5 222 221 224 225.5 223.5 220.5 220
204 207 207 201 205.5 207 203 203.5 203.5 200 190.5 179 172 171.5 172 178 182 187 195.5 200 202.5 203.5 205.5 207 207 208.5 209.5 209.5 206.5 208 209.5 207 202.5 197.5 197.5 199.5 203.5 205 206 206 205.5 205.5 205.5 204.5 205.5 204.5 202.5 199.5 200.5 197.5 198 200.5 206 209.5 212.5 214.5 218 218 208 212.5 213.5 209.5 203 191 179.5 174 170.5 173 184 190 199 207 207 210 214.5 216 216 215.5 218.5 224.5 225 223.5 222.5 226.5 227.5 226 226
199 200 202 201 197 198 194 196.5 191 191 187 179 173 176 179.5 177 179.5 186.5 191 197 198.5 199.5 203 204 205 205 206.5 204.5 201 205.5 206 204 201 194.5 196.5 201.5 204.5 205 206 207 207.5 207 207 206 208 206.5 205.5 201.5 198.5 198.5 198.5 198.5 202.5 208.5 211.5 209.5 212.5 218.5 218.5 216.5 214.5 209.5 201 185.5 178 181 179.5 177.5 176.5 183.5 195.5 204.5 209.5 217 219.5 220.5 218 221 223.5 225.5 226 226 226 227.5 229 229.5 222.5
192 191 193 192.5 186 187 186.5 186.5 182.5 185.5 184.5 182.5 181 180 187 180.5 182 184.5 183.5 189 190.5 193.5 197.5 201 201.5 202 205.5 204.5 203 204 205 205 205 203 202.5 204.5 206 206.5 207 208 208.5 209 208.5 209 209 208.5 206.5 203.5 199 198.5 198.5 199.5 199.5 203.5 206.5 212 213.5 213.5 215.5 218 215.5 210.5 206 196.5 190 184 173.5 171.5 172.5 180.5 194 198 205.5 216.5 222.5 221 215.5 217.5 218.5 220.5 222.5 226 227 227.5 227 228.5 229.5
182 182 182.5 183 180 182.5 193 199.5 199.5 198 195.5 189.5 189 189 190 188.5 189 188.5 184.5 183.5 184 186 188 192 192.5 197.5 200.5 201.5 204 205.5 206.5 206.5 207 207 207 206 207.5 208 208 208.5 208.5 208 208 207 207 208 207.5 204 201 198.5 200 199 197.5 197.5 199.5 205.5 211.5 212.5 214 216 215 211 207 201 196 193.5 186 169.5 177.5 183 198 208 209 217.5 222.5 218 214.5 212.5 209 215 219.5 224.5 225.5 226 226 226.5 231
180 179 180 181.5 180 180.5 188 202.5 207.5 205.5 202.5 199.5 194 196.5 192 196 193.5 194 189.5 187.5 186.5 187.5 186.5 186.5 187.5 194 199.5 202.5 204.5 206 205.5 205.5 205.5 206.5 207.5 208 208 208.5 208.5 208.5 208.5 207.5 206.5 204.5 203.5 206 209 206 200.5 199.5 202 201 200 200 196.5 199 204.5 209.5 212 211.5 209.5 209.5 205 201 200.5 197.5 194.5 185 192.5 191.5 192.5 208.5 217 221.5 224 221 217.5 211 207 215 221.5 225 225 222.5 224 223 230
180.5 179.5 185 189.5 188 185.5 193.5 201.5 210.5 208 207 207.5 199 200.5 201 200.5 196.5 195.5 191.5 192.5 190.5 188.5 188.5 187.5 189.5 191.5 194.5 201.5 205 205 201.5 203.5 201.5 204.5 207 207 207 209 208.5 208.5 208.5 207.5 206 203.5 201.5 203 208.5 205 200 201 203 203.5 203 201.5 198.5 196 197 200.5 209 209.5 208.5 210 210 206.5 205 202.5 200 198 200.5 205 201 209.5 217 221 225 224 219 213 209 217 221.5 224.5 225 221 221 222 232.5
182 181 189 197.5 195.5 191.5 193 204.5 209.5 213.5 212.5 206.5 201.5 198.5 199 203 200 196 194 189 187 188 190 189 189 191.5 196 198.5 204 201.5 197.5 203.5 205.5 205 203 205.5 208 208.5 208.5 207.5 206.5 205.5 204.5 203.5 203.5 204 208 205 204 201 204 203 202.5 200.5 198 198 198 200.5 205 210 209 210.5 209.5 211 210 209 207 205 206 210.5 211 212 216.5 219 223 225.5 225.5 216 215 215 216.5 223 223.5 216 216 224 233.5
190 187 192.5 200 201.5 194.5 199 202 205 214 215 209 205 206 203.5 204.5 199.5 195 192.5 187 185 186.5 191 192 193 197 199 203.5 203.5 203.5 203 206 208 208 207 208 209 209 208.5 205.5 201.5 202.5 200.5 200.5 203.5 204.5 206 209 206 205 204 203 203 200.5 200.5 200 198 199 202 210 210 211 210.5 212 214.5 213 210 209 212 214.5 214.5 217 219.5 222.5 225.5 225 227 223 221 216 215 219.5 221 217 222 228.5 226.5
192.5 190.5 198.5 204 204.5 202 204.5 207 210.5 215.5 215.5 212.5 211 212.5 209 207 198 198.5 194.5 191 190 188.5 194 197.5 198.5 203 204 205.5 203 207 207 208 208.5 208.5 209 209 209 208 207.5 205 201 198.5 196.5 194.5 200 205.5 209.5 206 205 205 204 202 202.5 201.5 199 197 194.5 198.5 202 207 213 212 213 217 216 216 213.5 213 214.5 218 216.5 217.5 217 225 228.5 227.5 228 226 223.5 221 217.5 215 218 217 220.5 227.5 220.5
195 196.5 201.5 207.5 208.5 207 209.5 211.5 214 218 218 216.5 215.5 208.5 209 206.5 200.5 200 199 196.5 194 195.5 200.5 200.5 201.5 202 206.5 207.5 206 207.5 208 208 208.5 208.5 208.5 208.5 208.5 208 208 206 204 201 200.5 199 202.5 205.5 212 210.5 207 204.5 204 201 200 201.5 199.5 197 195.5 197.5 199.5 203.5 212.5 214.5 212 221 220 218.5 219.5 222.5 222.5 220 221.5 219.5 216.5 218 227 230 228 226 223.5 220 213 212.5 217 223 224.5 225 221
200 204.5 206.5 210 212.5 210 213 216.5 217.5 220.5 219 215.5 211 205.5 208 207.5 205 205.5 203.5 200.5 200.5 201 204 202 203.5 206 207 208 207.5 208 208 208 208 207.5 208.5 208.5 208 208 207.5 207 206 205 204 203.5 204 205 208 214 212 206 202 200 198.5 198 197 193.5 196.5 199.5 201 205 209.5 215.5 216 219 228 223.5 226.5 230 227.5 221.5 224 222.5 221.5 218.5 220 227 230 227 219.5 214.5 210 212.5 219 221.5 227 222 218
196 203 206 211 215 211 215.5 219 221 222.5 220 215 209 206 208.5 206.5 203.5 203 205.5 206 204.5 205.5 203.5 197.5 199.5 204 207.5 207 206 206.5 207.5 208 208 207.5 207.5 208 208 208 208 207 206.5 205.5 205 204 203.5 203.5 204.5 206.5 214 212 205 200 198.5 197 193 190.5 195 201.5 208.5 211.5 210 213.5 217 217.5 223 232 233 234.5 229.5 220.5 222 223.5 224.5 225 222 225.5 231 230 222.5 216.5 216 218.5 220.5 222 227 225 222.5
196 198 202.5 211 216.5 213.5 217.5 221 224 222.5 217.5 212 210.5 211 211 204 198 197.5 204 205.5 206 206.5 201 199.5 200.5 204 206.5 207 206.5 206.5 206.5 208 208 207.5 206.5 207.5 208 207 205.5 205 204 203 200.5 201 199 198 201 204 211 215.5 210.5 200.5 198.5 195 197 196.5 194.5 202.5 210.5 214.5 211.5 212.5 215.5 221 220 229 236 235.5 227.5 218.5 218 220 225.5 227 229.5 231.5 232.5 231 224 217 218 226.5 226 228.5 231 229 225
200.5 205 207 211 218.5 215.5 215.5 218.5 225 222.5 217.5 213 213 218 217.5 211.5 207.5 203 203.5 201.5 203.5 208 205.5 204.5 206.5 206 207.5 209 208 207.5 207.5 208 208 207 204.5 206 206.5 206.5 200.5 197.5 197 194.5 194 194 192.5 190.5 194.5 203.5 208 216 210.5 200.5 195.5 195 207 204 201.5 203.5 209.5 213.5 214 214.5 216.5 223.5 224 228.5 237.5 236.5 230.5 224 220 222.5 220 227.5 233.5 231.5 232.5 233.5 226.5 220 221 228.5 228 232 232.5 226.5 219.5
200 204.5 207 211 213.5 219.5 218.5 221.5 225.5 222.5 217.5 218.5 219.5 222 219 216 213 211.5 206 204 206.5 209.5 210 208 209.5 210 209.5 209 207.5 208 207.5 208 208 205.5 201.5 204 205.5 205.5 202 198 191 184.5 181.5 183 181 184 189.5 202 207.5 213 217 211 203 207 218 211 203.5 203.5 208 215 218.5 219 222 225 229.5 230 236 237 232.5 226 219.5 219.5 224.5 227 233 232 229.5 232.5 230.5 226.5 228.5 233 235 235.5 230 221 216.5
196 202.5 206 210.5 215.5 219.5 219.5 223.5 224.5 221.5 220.5 226.5 225.5 225.5 223 221 217 217.5 210 202 203.5 208 210.5 211 210.5 210 209.5 208 207.5 208 207.5 208 207 203.5 196.5 199.5 203.5 205 203.5 201 195.5 192 189 182.5 178 177 190.5 200.5 207.5 211.5 215.5 219 209 216.5 223.5 217.5 209 204.5 209 217.5 220.5 221.5 226.5 228 232 234 239 239.5 235 229.5 222.5 213 220 228.5 234 238 234 232 232.5 231 234 230.5 229.5 236.5 230.5 222 215
197 200.5 206.5 211.5 216.5 221.5 217.5 225.5 221.5 219 224.5 230.5 230.5 227.5 224.5 225 223.5 221.5 212.5 199.5 199 204.5 208 211 210.5 210 209.5 208 208 207.5 207.5 207 206 197.5 192.5 194 199.5 203.5 203 196.5 190 184 183.5 185.5 183.5 179 183 196 204.5 211 216.5 220.5 218 223.5 227.5 225.5 219.5 212 213 221.5 220.5 223.5 228.5 232.5 234.5 237.5 239 239 238 232.5 223.5 211 209.5 222 231.5 235 240.5 240 239 235.5 233 225.5 227 237.5 231 222 219
209 207 210.5 216 221 220.5 219 223 222 218 225.5 231.5 231.5 229.5 226.5 227 226.5 220 211.5 203 200.5 203.5 206 210 210 209 206.5 207 204.5 206 203 206 202 190 187 191.5 195.5 201 200 199.5 190.5 183 180 176.5 179.5 180 189 198.5 204 213 218 221 217.5 221 229 230.5 228.5 221 218.5 226.5 225.5 225.5 227.5 232.5 237.5 240 240.5 240 237 232.5 225 219 211 215.5 226 234 236.5 235 241 237 226.5 225.5 225.5 235 235 230 228
