ecocropFuture/tif/c6/rcp585/ACCESS-CM2/tmean_12.asc
ncols        683
nrows        518
xllcorner    -87.691666666667
yllcorner    10.708333333333
cellsize     0.008333333333
NODATA_value  nan
[rows 228 to 265 of 518, columns 261 to 347 of 683]
235.5 235 239.5 235.5 239 246.5 247 244 244 243 247 251 248 249.5 252 252.5 252.5 249.5 247.5 242.5 244.5 241 244 244 247.5 249 245 238.5 233.5 235.5 241.5 246.5 251.5 252.5 249 244 242.5 236.5 246 252.5 251 250.5 252.5 253.5 253 254 251 249 249.5 252 254 255 254 254 255 254.5 254.5 254.5 254.5 254.5 254.5 254.5 254.5 254.5 252.5 253.5 252.5 253 253 253 254 254.5 253.5 253.5 254 254 254 254 254.5 254.5 254 253.5 254 252 250 252 254
234.5 236 237.5 243 242 244 250 248 247 245 245.5 251 250 250 251.5 251.5 251.5 248.5 242.5 237.5 238.5 236.5 241.5 243.5 245.5 243.5 243.5 241 238.5 238.5 240.5 243 250.5 251.5 249.5 244 240.5 239 246 252 252 252 253 252.5 251.5 253 252 251.5 249.5 251 254 254 253 253.5 254.5 254.5 254.5 254.5 254.5 254.5 254.5 254.5 254.5 253.5 253.5 252.5 252.5 252.5 253.5 252 253.5 252.5 253.5 253.5 253.5 254 254 254 254.5 254.5 253.5 252.5 253 253 252 251 253
238.5 237 239 241 245 247 250.5 251 249.5 248 247 249.5 252 251 252.5 250.5 249 249.5 245 235 228.5 233.5 237.5 235.5 241.5 238.5 237.5 239.5 241 238.5 238 245 249.5 251.5 250.5 248.5 243 240.5 245 249 250.5 252.5 252.5 252 253 253 253 252 252.5 250.5 253 254 253 254 254.5 254.5 254.5 254.5 254.5 254.5 254.5 254 254 253 253 252.5 253.5 253.5 254 253 254 252 253.5 253.5 253.5 253.5 254 254 253.5 253.5 253.5 253 253 252 249 252 253.5
248 246.5 244 246 248 251 250.5 251.5 252.5 251 249 249 250.5 252 252.5 250.5 247 247 246.5 236 228.5 230 228.5 232.5 234.5 233.5 235 238.5 241 240.5 239.5 244 249.5 249 250.5 248 246 242 242.5 244 244 250.5 252.5 250.5 252 253 253 253 253.5 252 253 253 253 254 254.5 254.5 254.5 253.5 253 254 254 254 253 254 254 254 253.5 253.5 253.5 253 252 252 253 253.5 253.5 253.5 254 253 253.5 253.5 253.5 253 253 252 252 252 253.5
243.5 248.5 250 249.5 251 247 246 248 249 252 252 252 251.5 250.5 252.5 250 244.5 241 245 235 225.5 225 227.5 228.5 233.5 231.5 232.5 240 242 242 242 245 247.5 248 251 247 244 241 240.5 246 245 249.5 251.5 250.5 250.5 251 252 253.5 253.5 253.5 253.5 252 254 253.5 254.5 254.5 254 252.5 253 253 254 254 253 253 254 253.5 253.5 252.5 252.5 252 252 253 253.5 253.5 253.5 253.5 251 252 253.5 253 252.5 252 252 249.5 251.5 250 252.5
239.5 239.5 245 250 248 241 244 247 248 249 251 249.5 249.5 246.5 251.5 249 248 244 241 236 225 227.5 228.5 230 231 231.5 230.5 235.5 239 241 243 245.5 244 248.5 250.5 247.5 242.5 241.5 244 248 247 251 250.5 249.5 250.5 251 252.5 253 252.5 253.5 254 252.5 254.5 254.5 254.5 254 253.5 252 252 253 253 253.5 251.5 252 253.5 253.5 252.5 252.5 252.5 253 252 253 253.5 253.5 253.5 254 253 252 253 252 250 249 248.5 245.5 243.5 250 252.5
243.5 244 245.5 248 250 244 241 247 245 247.5 250.5 249.5 248 244.5 249 251 251 248.5 245 243 231.5 230.5 231.5 231.5 232.5 232.5 230.5 229.5 236 238.5 245.5 246 242.5 247.5 249 248.5 244.5 244 243 248 246.5 250.5 249.5 247.5 250.5 251.5 251.5 252 253 253 253.5 254 254 254 254 254 253 252 252 253 253.5 253.5 252.5 252 252.5 253.5 253.5 252.5 253 253 253 253.5 253.5 253.5 253 253.5 253.5 253.5 253 252 249.5 249 248.5 246 237.5 241.5 252
243 244.5 249 249 250 246 243 244.5 243.5 247.5 249.5 246.5 246 241 240.5 242 248 251 249.5 246.5 239 236 235 235 235 230.5 228.5 231.5 232.5 235 240 246 241.5 246.5 248.5 248 246.5 245.5 242 248 250 250.5 249.5 249.5 250.5 250.5 252.5 253 253 254 254 253.5 253.5 254 254 254 252 252 252 252 253 253.5 252.5 252.5 253.5 253.5 253 253.5 253 253 253.5 253 252.5 253 253 253 252.5 253 253 252 249.5 250 249.5 245 239 237 247.5
247 245 248 250.5 246 238 236 239.5 245.5 246 242 244 242 237 231 241 249 244 249 249 243.5 239 237.5 239 236.5 234 231 232.5 231 237 242.5 245.5 242 243.5 249.5 248.5 246 243 241 248 248.5 250.5 250 251.5 251.5 252.5 253 253 253 254 253 252 254 253 253 253 252 251 252.5 253 252.5 252.5 253 252.5 253 253 253 253 253 253 253 252.5 251.5 253 253 252.5 252 252 251 251.5 251 251 245.5 241.5 242.5 244 247
248 247 247 249 245.5 242.5 237.5 240 245 242 236 238.5 238.5 238 235.5 245.5 242 238 237.5 247 247.5 244 240 241 241 242 238 232 232 238 239 241.5 243.5 243.5 249 245.5 247.5 246 243 246 246 250 251.5 252 251.5 252.5 253 253 253.5 253 253 253 253 253 252 253 252 251 251 251.5 251.5 252.5 252.5 251.5 251.5 253 253 251 251 252 252.5 252.5 251 252 252.5 252.5 250.5 250.5 249.5 249.5 251 250.5 241 238.5 239.5 239 244
246 249 249 249 248.5 247.5 245 241 240 238 238.5 239.5 240.5 240.5 244.5 245.5 239 240 240 243.5 249.5 244.5 244 242 243 243 239 234 233 236 239 240.5 239.5 242.5 248 245 243 246 244 246 243 247.5 250 252.5 252.5 252.5 253.5 253 252.5 252 253 253 253 253 252 252.5 252 251 251 250.5 251 250.5 251.5 251 250 251 253 251.5 248.5 249.5 250 250 250 252 251.5 252.5 248.5 247 247.5 251 251.5 251.5 241.5 238.5 236.5 240 242
247 249 248.5 248 246.5 246.5 245.5 243 235 235.5 239.5 241.5 240.5 237.5 243.5 241.5 239.5 242 243.5 240.5 245 248.5 244 245.5 246 243 241.5 243 241 233 235.5 236 235 240 247 241.5 238 244 243.5 245 243 248 250.5 251.5 252.5 253.5 253 252 253 252 252 252.5 251.5 252 251 252 252 250 250.5 250.5 251 251 251 252 251.5 251.5 252.5 252.5 249.5 247 246 245 250 251.5 250.5 252 249 247 249.5 251 252 251.5 250 241.5 235.5 238 247.5
247 246 246.5 246.5 245.5 242.5 243.5 243 236 237 238.5 240 239.5 238.5 240.5 240.5 240.5 243 243.5 235.5 237.5 247.5 247.5 246.5 247.5 246.5 246.5 244.5 241.5 234.5 230 228.5 231 236 244.5 243.5 238.5 242 244 243 244 246.5 250 250.5 252.5 253.5 253 252 252 250 249.5 250 250 251.5 251 252 252 251 250.5 250.5 251 251 251.5 252 252.5 252.5 252.5 252 252 249 245 242.5 246.5 250 248 251 250.5 247 250.5 252 252 252.5 252.5 251 246.5 246 251
247.5 245 242.5 241.5 243.5 240.5 238.5 241.5 238 238 238 240.5 240.5 238.5 238.5 243.5 243 244 243 238 238.5 245.5 249.5 250.5 249.5 248.5 245.5 243.5 241.5 235.5 226 221.5 226 230.5 238.5 243 238 241 244 244 246 246 246.5 248 252.5 252.5 253 252 251 249 245.5 244 244 250 251 251.5 252.5 250 249.5 250.5 250 250.5 250.5 251.5 252 252 252.5 250.5 250.5 248.5 246 242.5 244.5 248 247.5 250 250.5 249.5 248.5 252 253 252.5 252.5 252.5 252.5 250.5 252.5
244 245 243.5 237.5 237.5 235.5 232.5 235 239.5 239.5 241.5 242.5 243.5 243.5 242.5 244 243 244 242 238 242 247 249.5 250.5 249.5 247.5 246.5 242.5 240 235.5 228.5 218.5 222 223 227.5 236.5 239.5 242 242.5 243 247 247.5 247 249.5 252.5 251.5 252 252 249 248.5 244 245 246.5 250 250 249.5 251 251.5 250 249.5 251 251 250.5 251.5 252 252 252 250.5 248.5 246.5 241.5 241 243 247 249 249.5 250.5 251.5 252 252.5 253 252.5 251.5 252 250.5 251.5 252.5
238.5 241.5 236.5 232 233 234 236.5 236.5 238 241 242 240 242 242 245 246 245 244.5 243 243 247 249 249.5 249.5 248.5 246 246 242 238.5 232 224.5 215.5 210 214 219 231.5 235 237.5 241 245.5 245 248 247.5 247.5 252.5 251.5 252 251 250 248.5 246.5 246 247.5 249.5 248.5 249.5 250.5 251.5 251 249 250 250.5 251.5 252 251 250 249.5 251.5 250 247.5 246 242 244 245 249 251 251.5 252 251.5 250 251 252 250.5 249.5 250.5 248 252
232.5 232 233 233.5 234.5 235 236 235.5 237 240.5 240.5 241 240.5 240 240.5 245.5 246.5 247.5 247 248.5 249.5 249 249.5 249.5 250 247.5 245 243.5 237.5 229.5 220.5 210.5 197 197.5 204 221.5 227.5 232.5 241 244.5 243.5 247.5 248.5 250.5 252 251 252 251.5 250 249.5 248.5 247.5 247.5 247.5 247.5 249 250 251.5 251 249.5 249 249.5 250 249.5 248 249.5 250.5 249.5 250 248 246 245 246 246 247 250.5 250 250.5 250.5 252 251 250 248 246.5 248 247.5 248
227 225.5 229.5 234 235 235.5 235.5 235.5 238 236.5 239 238 239 236 238.5 240.5 246.5 248 248.5 248.5 248.5 248 248.5 250 249.5 247.5 242.5 241 236 228 208.5 203 203 200 196 206 216 229 240 243.5 244 245.5 249 251 251 252 252.5 252.5 251.5 250.5 248.5 249 249 247 247.5 249 250.5 250 251.5 250.5 248.5 246 246 244.5 244.5 244 246 249 251 250 246 248 247 246 244 247.5 247.5 247 248.5 252 252 251 249.5 248 248 249 250
229.5 230 227 230 230.5 233 233 233 236 231.5 230 235 233 233 239 242 246 248 244.5 245.5 244.5 245 245 248 248 246 242 238 236 230 220.5 216.5 218.5 209 212 215 212 226 238.5 243.5 244.5 244.5 246.5 250 249 251.5 251.5 252.5 252 251 250 249 248.5 248.5 248.5 249 250.5 249.5 249.5 249.5 247 243 241 241.5 245.5 240.5 240 246 250 250 248 247.5 247 246 244 243.5 249 248.5 247 251.5 252 252 251 250 251 251 251
232 229.5 225.5 226 224 225.5 228.5 228.5 232 228.5 221.5 229.5 229.5 234.5 237.5 242 246 243 244 240.5 241.5 245 245.5 246.5 247 245 244 244 240 235 230 229 228.5 219 224 221 216 231.5 241.5 245.5 245.5 246 247 250.5 250.5 249.5 251.5 252 251.5 251 250 248 246.5 248 249.5 250 250 249 249 249 247 243.5 241.5 243.5 245.5 245 240 242.5 248.5 249 246.5 248 244 247 248.5 249 252.5 252 249 248 250.5 251.5 252 251 251.5 251.5 251.5
233 231 227 222 219 221 222.5 221.5 223 223.5 217.5 222.5 223 234.5 240.5 243.5 245 244 240.5 238 238.5 244.5 247 248.5 247 247 246.5 244 241.5 238.5 239 239 237.5 233.5 234.5 228 227 237.5 244.5 246 246 246 248 249.5 249.5 250 251.5 252 251 251 250.5 249 245.5 244.5 248.5 249.5 248 247 246 247.5 247 243.5 241.5 242 245 248 245 247.5 249.5 249.5 248.5 249 247 248 251 251 252 251.5 248.5 246.5 248.5 252.5 252.5 252 252.5 251.5 250.5
234 229 223.5 217.5 209.5 205.5 209 204.5 204.5 211.5 211.5 216 225.5 236.5 237.5 242 241 240 240 235 239.5 244.5 247 248.5 247.5 247.5 246.5 243.5 235.5 230 235 242.5 244 244.5 245 240.5 239.5 243.5 247 247 246.5 245 242 247.5 249.5 249 250 251 251 252 250.5 248 245 243.5 246.5 247 247 242 239 241.5 242.5 238.5 241.5 240 241 245 247.5 247.5 243.5 243.5 247.5 249.5 249.5 247.5 250 252 252 252 249 250 250.5 253 252.5 252.5 252.5 252.5 252
232.5 223 213 208.5 206.5 208.5 204 198 198 202 201 217 231 237.5 236 239 238 235.5 235 238 241.5 246 246.5 247.5 248.5 247.5 246.5 244.5 238.5 235.5 231.5 234.5 239 245 247.5 247 247 247 248 248 246 245.5 242.5 246 249 247 249 251 251.5 251 250.5 248 242.5 243.5 243 243.5 246 240 238 240 242 240.5 238.5 241.5 240 242 241.5 242.5 239 238 244.5 248.5 250 249 250 251 251 252 250.5 252.5 252.5 252.5 252.5 252.5 250.5 250.5 252
229.5 225.5 218.5 204 213 212.5 204.5 206.5 207.5 203 208 221 233 240 240 239.5 238 235 233.5 234 242 246 248 248 248.5 248 247 247 243.5 243.5 239 240.5 238.5 246 249.5 247.5 248.5 248 248.5 248 247.5 245.5 244 245.5 247.5 246.5 249 251.5 251.5 251.5 250 247 240.5 242.5 245 244 244 241 241.5 243.5 244.5 243.5 239.5 239.5 243 243.5 242.5 242.5 242.5 236 241 249.5 248.5 248 248 251 251.5 252 252.5 252 251 252 252 251.5 251.5 249.5 246.5
226.5 228.5 223.5 212.5 219 221 216.5 212.5 205.5 205.5 211.5 223 231.5 241 242 242 240 235.5 235.5 236.5 238 244 243 245 244 248 249 249 247 241.5 239.5 243 242 244.5 249.5 249.5 249.5 248.5 248.5 248.5 247.5 245 245 243 247 247.5 249.5 250.5 251.5 250.5 250.5 246.5 240.5 241 245 242.5 241.5 240.5 241.5 242.5 245.5 246.5 243 241 242 241.5 241.5 240.5 246.5 239.5 238.5 249.5 249.5 243 250 252 252.5 252 251.5 252 250.5 249.5 251 251 250.5 248.5 247
235 234.5 231 221.5 226 228 219 206.5 206 214 216.5 221.5 232 241 243 243 239 235.5 237.5 240.5 241.5 240 238 240 240 246.5 250 250 249 242 242 246 241.5 246.5 250.5 250.5 249.5 248.5 248.5 248.5 248.5 246.5 247 245.5 247.5 249.5 249.5 250.5 250.5 249.5 250 248 245 242.5 244 243 241.5 242.5 244.5 243.5 245.5 246.5 244 242 240 239.5 240.5 244.5 247.5 247.5 247 248.5 250.5 244.5 251.5 252.5 252 251 250.5 251 251 249.5 250 249.5 249 248.5 248.5
241 242 238 232 235.5 225 214 215 218 220 224.5 228.5 238 243 245 244 239.5 238 239.5 241 242 240 238 238.5 239.5 243 247 250.5 250.5 246 246 246.5 241.5 248 250.5 250.5 249 248.5 249 249 248.5 246 246 248.5 249 249 248 249 250.5 250 249 249 246 242 242 245.5 244 243.5 245.5 244.5 246.5 246.5 244.5 244 242 239.5 239.5 240 242.5 242.5 250.5 247.5 251.5 249.5 252.5 252 251 250.5 249.5 249 250.5 249.5 249 249.5 248.5 248 248.5
243.5 246 243 243 242.5 234 228 227 224 227 228 232.5 240.5 244 245 244 241 241 240.5 243.5 243 240.5 238.5 241.5 241.5 241.5 246.5 250 251.5 247.5 247.5 246.5 243 250 251 251 250 249.5 248.5 249 249 247 245 246.5 247.5 248 246.5 249 250 251 250 248 247.5 244.5 242 245.5 245.5 245 245.5 247 248 247.5 246 245 239 238 241.5 244 245.5 250.5 251.5 249.5 252 251.5 247 250.5 251.5 250.5 250 248.5 249.5 248.5 247.5 247.5 248.5 248.5 248
246 248.5 248.5 242 243 239 231.5 231.5 224.5 227 230 232 242.5 244 247 244 242 243 244.5 243.5 241.5 241.5 240.5 243.5 246 246.5 245.5 247.5 250.5 251.5 248.5 247.5 244 250 252 251.5 250.5 248 248.5 249 249 248 244 241 244.5 247.5 243.5 247 245.5 250 248.5 246 246 242.5 242.5 242.5 245 246.5 247 245.5 245.5 248 246.5 242 237 239 239.5 238.5 239.5 249.5 248.5 242 246.5 251.5 249.5 249.5 250.5 250.5 250.5 249.5 249 248.5 247.5 246 248 248 248
249 250 250.5 247.5 240 239 237.5 238.5 234 228.5 237 239 246 247 247.5 245.5 244.5 246.5 243.5 239.5 241.5 242 244.5 243.5 243 242.5 244 246 250 251.5 251 248 242 248 252 252 251 249.5 250.5 249 249 249 245.5 240 239.5 245 242.5 245 243 248 249 245.5 245.5 241.5 239.5 241.5 242 245 246 247.5 246.5 248.5 245.5 242 241 237.5 242.5 243 244.5 250.5 249.5 242 246.5 251.5 251.5 250.5 250.5 250.5 250 250.5 249 247.5 246.5 245 246.5 247 248
251 251.5 252 248.5 243.5 240.5 243 243 235.5 238 243 244.5 248.5 249 248 247 246.5 243.5 241 239.5 239.5 241 246 244 242 238 237 238.5 246 251 252 249.5 246 248 252 252 252 251 251 251 250 250 248.5 244.5 244.5 245.5 245 246 242 247.5 249.5 247.5 245 244.5 238.5 240 242 242 244 246 248.5 249 247 245 245 242.5 246 250 249.5 251.5 248.5 243 248.5 250.5 251.5 250.5 249.5 249.5 250 249 248.5 246 245.5 244 246 247 247
252 252 252 250 248.5 243.5 244.5 246.5 243 242.5 243 247.5 250 249 247.5 246.5 244.5 243 240 236.5 237.5 241.5 246 246 243 240 241 238 244 249.5 252 252 251 251 250 252 252 252.5 252 251 250.5 250.5 249.5 247.5 247 246.5 248 246 246.5 248.5 249.5 246.5 246.5 246 240.5 239 244 245 247 246.5 249 248 249.5 249 249 248.5 249.5 252 249.5 245.5 246.5 245.5 249 250.5 250.5 250.5 249.5 248 248 249 247 245.5 242 243 245 246 246
253 252.5 252 251.5 250.5 248.5 248 249.5 247.5 245.5 245 248.5 249.5 247 248 246.5 242 241.5 239 233.5 240 246 246 247 244 240 243 240 245 248 251 252.5 252.5 249.5 251 252 252 252 252.5 252 251 249.5 250.5 249.5 248.5 249 249 245 244 246.5 249.5 248.5 246.5 246.5 244 240 241 244 247 248.5 250 249.5 249 248.5 247.5 250.5 251.5 251.5 243.5 243 240.5 243 248 250 249.5 249.5 248.5 244.5 243.5 247 248 246 241 241.5 244 244.5 244
253 250.5 251 252 250.5 250.5 251 250.5 250.5 250 251 251 249 248 246.5 245.5 240.5 238.5 238 241 245 247 248 246.5 245 245 244 244 246.5 248.5 250.5 252 252 252 251.5 252 252.5 251.5 252.5 252 251.5 249.5 249.5 250.5 251 250 249 247 245 247 248.5 250.5 248.5 247 247.5 245 243 244 243 245.5 249 251 249 248 249 251 251 248.5 243.5 244.5 241.5 243 245 248.5 248.5 245.5 244.5 244.5 243 242 244 243 242 243 245.5 247.5 247.5
253 252 252.5 252 251.5 250.5 251 251 251.5 251 251.5 250.5 249 246.5 245.5 243.5 240.5 238 240 241 243.5 247 248 248 247 245.5 243 241 243.5 248 247.5 251 252 252.5 252.5 252.5 252.5 252.5 252 252.5 250 250 249.5 252.5 252 251.5 250 249 248 248.5 246.5 248.5 250.5 249.5 247.5 243 243 247 246 242.5 246.5 251 251 248 248 251 251.5 248.5 246.5 248 244.5 243 244 246.5 248.5 249 246.5 244.5 243 242 241 240 240 241.5 243.5 245.5 247.5
253 252.5 252 251 251 251.5 252 252 251.5 252 251.5 250 248.5 246.5 242.5 243.5 241 240 244 245 245 247 249 249 248 247 245 244 243.5 244.5 246.5 250.5 251.5 251.5 252.5 252.5 251.5 253 252.5 252.5 252 250.5 249.5 251.5 252.5 251 245 246 250 249.5 247 246 250.5 250.5 247.5 246 241 243.5 248 243 245 248 251 248 249 252 251.5 251.5 250.5 248.5 245 243 243 244.5 245.5 247.5 248.5 245.5 244 243 241.5 240 239 240.5 242 244.5 246.5
253 252 252 251 251 251.5 252 252 252.5 252 250.5 249.5 249 246.5 242.5 243.5 240 242 247 248 247 249 249 248 247 247 246 246 246.5 247.5 249.5 250.5 250.5 251.5 252.5 253 252.5 253.5 253.5 253 252.5 251.5 250.5 252.5 253.5 251.5 249 250 251 249.5 245 245.5 248.5 252 250 248.5 244.5 243.5 248 249 249 250 251 252.5 252 252 248.5 248.5 249.5 245.5 247 244.5 244.5 243.5 243.5 244.5 247.5 247 244 243 241 239 240 241.5 242.5 245.5 248.5
253 252 252 252.5 252 252.5 252 252.5 252.5 252.5 251.5 250 249.5 248.5 246.5 243 242.5 245.5 248 248 249 250 249 249 248 247 244.5 239 238.5 240.5 246.5 245.5 249 250.5 251 252 253 253 253.5 253.5 253.5 252.5 252.5 253 253 251 251 249.5 252.5 249.5 246.5 245.5 249.5 252 251 249 248 245 244.5 248 251 252 252 253 252.5 251 249.5 248 250 248 246 244.5 243 242.5 242.5 243.5 246 246 244 242.5 242 241 241 242.5 244.5 247 248
