ecocropFuture/tif/c6/rcp585/ACCESS-CM2/tmean_6.asc
ncols        683
nrows        518
xllcorner    -87.691666666667
yllcorner    10.708333333333
cellsize     0.008333333333
NODATA_value  nan
[rows 114 to 151 of 518, columns 348 to 434 of 683]
257 260 266 263 258.5 260 267 270.5 271 271 272 273 272 271 270 271 273 274 274 274 272 269 265.5 265.5 268.5 269 272 270 268 266.5 259.5 253 248 253 261 268 269 267 269 271.5 271.5 272 272.5 272.5 271.5 271.5 271.5 270.5 271 269.5 269.5 268.5 268.5 269 269.5 268.5 271.5 270 269 270 269 271 271 270 271 272 272 272 272 272 271.5 271.5 272 271.5 272.5 272.5 272.5 271.5 271.5 271.5 272 272 272 272.5 272 272 272
248.5 253.5 262.5 258.5 250.5 254.5 263.5 268.5 270 271 272 272 266 265 261 267 271 270 273 273 272 272 271 269 267.5 267 271 265.5 267 262.5 254.5 258 253.5 258 267 270 270 270.5 270 272 271.5 272.5 272.5 271.5 271.5 271.5 271 271.5 271 270.5 269 269 268 269 271 269 270.5 271 271.5 271 271 272 272 271 271 272 272 272 272 271.5 271.5 272 272 271.5 272.5 272.5 271.5 271.5 272.5 272.5 272.5 272 272 272.5 272.5 272 272
243.5 250.5 260.5 256 245 249.5 260.5 264.5 269.5 270 270 269 265.5 257.5 258 260.5 264 267.5 270 272 272 272 271 268.5 264.5 266.5 270 267 262 264.5 264.5 259.5 257 264 269 271 271.5 272 271.5 271.5 271.5 271.5 272.5 271.5 271.5 271.5 272 271 271 271.5 271.5 269.5 270.5 271.5 272.5 272 272.5 272.5 272.5 272.5 272.5 272.5 272 272 272 272 272.5 272.5 272 272.5 271.5 271.5 271.5 271.5 271.5 272 272 272.5 272.5 272.5 272.5 272.5 272 273 273 272.5 272.5
242.5 250.5 257.5 252.5 244 252 259.5 264.5 267.5 270 264 263.5 261 258 261 263 268 270.5 271 272 272 272 270.5 265 260.5 264.5 269.5 269 262 258.5 268 266 261.5 266.5 271.5 272.5 272.5 272.5 272.5 272.5 272.5 271.5 272.5 272 271.5 271.5 272 271 272 272.5 271.5 271.5 272.5 272.5 272.5 273.5 273.5 273.5 273.5 273.5 273 272.5 272.5 272 272.5 272.5 272.5 273 273 272.5 272.5 271.5 271.5 271.5 271.5 272.5 272.5 272 272.5 272 272 272 272 273 273 273 273
244.5 250.5 254.5 254.5 251.5 250 253.5 259.5 265.5 269.5 264.5 260.5 263 263.5 263 267 269.5 270.5 271.5 271.5 272 272 267 265 261.5 260.5 270.5 271.5 269 263.5 267.5 271 271.5 272.5 273 273.5 272.5 273.5 273.5 273.5 272 270.5 270.5 271 270.5 271 271 270 271 269.5 268.5 269.5 271 270.5 272.5 272.5 272.5 272.5 273.5 273.5 273.5 273.5 273.5 273 273 272 272 272.5 272.5 272.5 272 272 271.5 271.5 271.5 272.5 272 272 272.5 272.5 272.5 272.5 272.5 273 273 273 273
246.5 250.5 254.5 256 256.5 259.5 258.5 263.5 267.5 266 265.5 265 267 268.5 267 269 270.5 271 271.5 271 271.5 271 270 270.5 269.5 271 273 272 272 272.5 273.5 273.5 273.5 272.5 272.5 272.5 273.5 274 274.5 273 271.5 270.5 268.5 266 263.5 264 265 265.5 266 269.5 270.5 271.5 272 271.5 272 272.5 272.5 273 273.5 273.5 273.5 273.5 273.5 273.5 273 272.5 272 271.5 272.5 272.5 272.5 272 272 272 271.5 271.5 271.5 272.5 273 272.5 272.5 273 273 273 273 273 273
251 253.5 254.5 260.5 258 259.5 264.5 265.5 263.5 262.5 260.5 263.5 267.5 269.5 271 270.5 271 271 270 269.5 271 270 270.5 271.5 272 271.5 270.5 272 271 269 271.5 274 273.5 273.5 273.5 272.5 272 273.5 274 270 267.5 268.5 265.5 264 265 259 256 257 258.5 265.5 270.5 270.5 270.5 271.5 272.5 272.5 272.5 273.5 273.5 273.5 273.5 274 274 273 273 273 272.5 272 272.5 273 272.5 272 272.5 272 272 271.5 272 272.5 273 273.5 273 273 273 273 273 272.5 273
251 254.5 257.5 259.5 253.5 254 258.5 257.5 261.5 259.5 257.5 262.5 266 269.5 270 268 268 269 265 260 268 270.5 268 269.5 268.5 267 264 266 268.5 269 272.5 274 274.5 274.5 274.5 273.5 272.5 274 274 268 262.5 263 260 265 272 268 264 263 260.5 262.5 267.5 269.5 270.5 270.5 269.5 271.5 272.5 272.5 273.5 274.5 273.5 274 274 273 273.5 273 272.5 272.5 272.5 273 272.5 272.5 272.5 272.5 272.5 272 272 272.5 273 273 273 273 273 272 271 272.5 272.5
256 257 256.5 256.5 256.5 252 252.5 257.5 259.5 255.5 257 263.5 267.5 269.5 266.5 263.5 263.5 265 261.5 263.5 263.5 263 265 267 266 267 266 265.5 267.5 270.5 272.5 273.5 274.5 275 274.5 274.5 275 275 272 270 268.5 266.5 265.5 270.5 270.5 272.5 273 270.5 270 267.5 263.5 264.5 267.5 270.5 269.5 268.5 270 271.5 273.5 274 274.5 274.5 274 273 274 273.5 273.5 273.5 273.5 273 273 272.5 273 273 273 273 272.5 272 272 273 273 272 273 272.5 272.5 272.5 272.5
256.5 256 252.5 253.5 254.5 245 249 256.5 259 259.5 260 263.5 267.5 267.5 262.5 261.5 263.5 262 262.5 259.5 259 258 261.5 265 260.5 265.5 266 269.5 270.5 268.5 268.5 272 273.5 273 274 275 275 274 269 270 271.5 270.5 271.5 272.5 271.5 272.5 273 274 273 267.5 265 264.5 266 270.5 271.5 269.5 272.5 272.5 273.5 274 274.5 275 274 272.5 272 273.5 272.5 272.5 273.5 273.5 273 273 273 272 273 272 272 272 272 272.5 273 273 273 273 273 272.5 272.5
255.5 252 249 256 256.5 254.5 252.5 255.5 257.5 260.5 260.5 265 266.5 262.5 262.5 263.5 263.5 262.5 261.5 256 252 251 256.5 264.5 263.5 266 260.5 263.5 261.5 263.5 266 269 272 270 271 274 275 274 268.5 270.5 272.5 272 273.5 271.5 271.5 273.5 273.5 274 274 271.5 270.5 266.5 267.5 271 273.5 273 273.5 274 274 274.5 275 275 274.5 273 272.5 272.5 272.5 272.5 273 273.5 273 273 273 273 272 272 272.5 272 272 272 272.5 272.5 273 272.5 272.5 272.5 272.5
255.5 252 249.5 252.5 259 260.5 259.5 259.5 261.5 263.5 264.5 262.5 260.5 259 261.5 262.5 262.5 260.5 255.5 252 249 252.5 260 263 258.5 262.5 259.5 256.5 253.5 258 264.5 270.5 269 265 271.5 274.5 275.5 273 271.5 271 272.5 272 272.5 271.5 271.5 273.5 272.5 268 269 273.5 274 272 272.5 272.5 271.5 271.5 272.5 274.5 274 274 274.5 275 275 272.5 272 272.5 273.5 273.5 272.5 274 273 273 273 273 273 272.5 273 272.5 272 270.5 272 272.5 272.5 272.5 272.5 272.5 272.5
261.5 259 255.5 257 259.5 261 262.5 263.5 263.5 263 262.5 262 261 258.5 259.5 262 261.5 259 252 248.5 247 256.5 260.5 263 259.5 256 255.5 253.5 250 255 268 269 266 264.5 268.5 272.5 275.5 272.5 272.5 271.5 271.5 273.5 273 271.5 271.5 273 268 264 268 271 272.5 273 275 274.5 274.5 274 273.5 273 274 274 274 275 275 275 273.5 273.5 274.5 274 274 274 274 273 273 273 273 273 273 272.5 272 271.5 272.5 272.5 272.5 272.5 273 273 273
265.5 264.5 262 261 262 262 262 263 260.5 259.5 260.5 259.5 259.5 256.5 258.5 261.5 262 260.5 257.5 251 246.5 250.5 257.5 261.5 258.5 258.5 257.5 254 252 259 266.5 265.5 266 264 264.5 274 274 273.5 275 273.5 274 274.5 271 272 271.5 269.5 269 270.5 272 273 275 274.5 275.5 275.5 275.5 275.5 275.5 275.5 275 275 275 275 275 275 274.5 274.5 274.5 274 274 274 274 273.5 273 273 272.5 272.5 273 272.5 272.5 272.5 272.5 273.5 273 273.5 273 272.5 273
265.5 262.5 262 262 263 263 263.5 262 260.5 261.5 261.5 262 262 261 261.5 261.5 262.5 262.5 262 258 258 257.5 261.5 260.5 263.5 263.5 264.5 261.5 258.5 260.5 260 263 266 266.5 269.5 275 273 272 275 275 274.5 275 272.5 273.5 272 271.5 270 273.5 274.5 273.5 274 274 275.5 275.5 275.5 275.5 275.5 275.5 275.5 275 275 275 275 275 275 275 274.5 274 274 274 274 273.5 273 273 272.5 272.5 271.5 272.5 272.5 271.5 272.5 272.5 272.5 272 272 272 272
262 260.5 262 262.5 262 262.5 261.5 260.5 260.5 258.5 260.5 259 260 261.5 263 263 263 263 264.5 263 263 264.5 264 261.5 267.5 269.5 268 265.5 266 263 259 261 266 267.5 272.5 275 274.5 274 275 276 275.5 275 274.5 274.5 274.5 274.5 273 272.5 275.5 275.5 275.5 276 276 276 275.5 275.5 275.5 275.5 275.5 275 275 275 275 275 274.5 274.5 274.5 274.5 274 274 274 273.5 273 272.5 272.5 272.5 271.5 271.5 272 271.5 272 272 271 272 272 272 272
260.5 260 260.5 260 261 262 261 259.5 258.5 257.5 257.5 257.5 259 258.5 261.5 263 263.5 264.5 265 265 264 265.5 268.5 269.5 271.5 271.5 270 271 268.5 262 257 258.5 265 271.5 273.5 274.5 275 275 275 275.5 276 276 276 275 274.5 274.5 275.5 272.5 275 276 276 276 276 276 275.5 275.5 275.5 275.5 275.5 275 275 275 275 274.5 274.5 274.5 274.5 274.5 274 274 274 273.5 273.5 273.5 272.5 272.5 272.5 272 272.5 272.5 271.5 271 271 271 271.5 272 272
260.5 259 260.5 261 259 259 257 257 258.5 257.5 256 253.5 253 256 259 259.5 262 261 263.5 265 267.5 267.5 266 267.5 263 269.5 272 271 269 262 258 263.5 267 271.5 273.5 274.5 275 276 275 275.5 276 276.5 275 273 273.5 275.5 276 274 276 276 276 276 276 276 275.5 275.5 275.5 275.5 275 275 275 275 275 274.5 274.5 274.5 274.5 274.5 274 274 274 273.5 273.5 273.5 273.5 273 272.5 272 272.5 272.5 272 272 273 272 272 271.5 271.5
262.5 261.5 261 260.5 259 257 257 257.5 257.5 258.5 258.5 258.5 257.5 255.5 253 251.5 254 258.5 261 263 263.5 266.5 268.5 267.5 263 266.5 271 269.5 268 265.5 261.5 262 268.5 271.5 274.5 274 275 275 275 276 276.5 276 276 275 274 275 276 276 276 276.5 276 276 276 275.5 275.5 275.5 275 274 275 275 275.5 275 274.5 274.5 274.5 274.5 274.5 275 274 274 274 273.5 273.5 273.5 273.5 273 273 272.5 272.5 272 272 272 271 268.5 272 271.5 271.5
263.5 259 260.5 259 258 258 257.5 258 257.5 259.5 259.5 259.5 259.5 258.5 257 255 253 257 256.5 258.5 263.5 266 265 266 265 263 270 273 271 268 266.5 265.5 268.5 271.5 274.5 275 275 276 276 276 276 276 276 276 276 276 276.5 276 276 276 276 275.5 275.5 275.5 275.5 275.5 275 274 275 275.5 275.5 274.5 274.5 274.5 274.5 274.5 274 275 274.5 274 274.5 273.5 273.5 273.5 273.5 273 272.5 272 272 271 271 271.5 269.5 269 271.5 271.5 271
264.5 264.5 264 260.5 258.5 260 259 259 257 258.5 259.5 259.5 259.5 259 258.5 254 249.5 248.5 247.5 255 263 261.5 262 263.5 261 262 267.5 272.5 271 264.5 262.5 263.5 269.5 273.5 275 275 276 276 276 276 276 276 276 276 276 276 276.5 276.5 276 276 276 273.5 274.5 275.5 275.5 275 275 274.5 275 275.5 275 274 275 275 275 274 274 274.5 274.5 274.5 274 273.5 273.5 273.5 273 273 273 272 271 270 271 270.5 268.5 270.5 271.5 272 272.5
268 266.5 264.5 263 262.5 262.5 261 259 258 258.5 258.5 258.5 257.5 257.5 259 258 255 246.5 246.5 254 261 259 253.5 257 258 256 258.5 268 273 271 268.5 267.5 268.5 272.5 274.5 276 276 275 275 275 275 275 275 276 276 276 276.5 276.5 276 276 276 276 275.5 275.5 275.5 275 275 274.5 275.5 275.5 275 274.5 274.5 275 275 275 274.5 274.5 274.5 274.5 273.5 273.5 273.5 273.5 273 273 273 272.5 272 271.5 271.5 270.5 271.5 271.5 271.5 272 272
269.5 267 267 266.5 266.5 264 260 260 259.5 258.5 257.5 258 257 256 255 257 258.5 252.5 252.5 251.5 255 253 251.5 250.5 255 263 264 264.5 270.5 273.5 273.5 272.5 266.5 268 274.5 275 275 275 275 275 275 274 275 276 276 276 276 276.5 276 276.5 276 275.5 275.5 275.5 275.5 275 275.5 275.5 275.5 275.5 275.5 275 275 275 275 274.5 274.5 274.5 274.5 274.5 273.5 274 273.5 273 273 273 272.5 272.5 272 271.5 271.5 271.5 272 272.5 272.5 272 272
271 268.5 270.5 270.5 268 264 261 261.5 261.5 260.5 259 258.5 257.5 255.5 254 256 259.5 258 250.5 248.5 248 247.5 244 250 255.5 265.5 270.5 271.5 270.5 270.5 271 273.5 273.5 274 275 275 274 275 275 275.5 276 276 275.5 276 276.5 277 276.5 276.5 276 276 276.5 276 276 276 276 276 275.5 275.5 275.5 275.5 275.5 275.5 275 275 275 275 274.5 274.5 274.5 274.5 274 274 274 273 273 273 272.5 272 271.5 272.5 272.5 272.5 272.5 272.5 272.5 272 272
271.5 270.5 271.5 270.5 268 266.5 265 263 262 259.5 259 258.5 257.5 253.5 255 257.5 257.5 259.5 253.5 247 252 252 247 254 258.5 266 269 268.5 265 263.5 262.5 268 271.5 273 271.5 274 274 275 275 275.5 275.5 276 276 276 276.5 277 277 276.5 276 275.5 275.5 276 276 276 276 276 275.5 275.5 275.5 275.5 275.5 275.5 275.5 275 275 275 274.5 274.5 274.5 274 274 274 273 273 273 272.5 272.5 271.5 269.5 271.5 272.5 272 272.5 272 272 272 272
270.5 271.5 270.5 268 264 261.5 260.5 260.5 260.5 260.5 259.5 258 256.5 252 253 256 259 260 260.5 259 259.5 258.5 256 260 257 264.5 267.5 266.5 262 257.5 253 258 266 271 269 273 275 275 276 276 276.5 276 276.5 276.5 276.5 277 277 276.5 276.5 276.5 275.5 276 275 276 276 276 276 275.5 275.5 275.5 275.5 275.5 275 275 275 274.5 274.5 274.5 274.5 274 273.5 274 273 272 272 272.5 272.5 272 272.5 272 272.5 272.5 272.5 272 272 272 272
271 269.5 265.5 262 260 259 258.5 258.5 259.5 258 259 258 252 247 247.5 254.5 258 259.5 260.5 261.5 261 262 262 261 258.5 260.5 267.5 265 258.5 253 246 248 261 267 268 273 274.5 275 276 276.5 276 275.5 275.5 276 276.5 277 277 276.5 275 273.5 275 275 274.5 275 276 276 276 275.5 275.5 275.5 275.5 275.5 275.5 275 275 274.5 274.5 274.5 274.5 274 274 273 273.5 273 272.5 271.5 271.5 272.5 272.5 272.5 272.5 273 273 273 272.5 272.5 272.5
272.5 269.5 265 264 260.5 258.5 256.5 256 253.5 256 260 258 250 239.5 242.5 252 254.5 255.5 259.5 260.5 261 260 259 257.5 256.5 262.5 265.5 262 257.5 257 249 246.5 255 263 264 272 274 275 276 276.5 276 275.5 276 276.5 276.5 276.5 276 275 273.5 273.5 274.5 274.5 275 275 276 276 275.5 275.5 275.5 275.5 275.5 275.5 275.5 275.5 275 275 274.5 274.5 274.5 274 274 274 273.5 272 270.5 266.5 270.5 272 272 272.5 272.5 272.5 273 273 273 273 272.5
271.5 269 267 262 259 257.5 252.5 252.5 251.5 259 260 259.5 255.5 251 250 256 256.5 256.5 260.5 260.5 259.5 256 254 252 256.5 261.5 264.5 261.5 257.5 260.5 255 249 251 261 261 271 274 275.5 276 276 276 276.5 276.5 276.5 276.5 277 276.5 276 274.5 274.5 274.5 274.5 275 276 276 275.5 275.5 275.5 275.5 275.5 275.5 275.5 275.5 275.5 275 275 275 274.5 274.5 274.5 274 274 272.5 267.5 263.5 262 268 272 272 272 272 272 272 273 273 273 273
267.5 265 260 260 263.5 257.5 249.5 251.5 255 260.5 260 260.5 259 258.5 259 260 261 261.5 261.5 260.5 259.5 255 252 251.5 257.5 262 262.5 256.5 258.5 264.5 257 248 254.5 262.5 263 271 274 275 275.5 275.5 276 276.5 276.5 276.5 276.5 277 277 276 275.5 274.5 275.5 275.5 275.5 276 275 275 275.5 275.5 275.5 275.5 275.5 275 275.5 275.5 275 275.5 275.5 274.5 274.5 274.5 274 274 272.5 266.5 265 261.5 266 272 272 270 267 269 272 272 273 273 273
263 261 262 261.5 266 256.5 248 253 258.5 260.5 260.5 260.5 261 261 261 261 261.5 260.5 258.5 257.5 259 259 257 253 255.5 255.5 258.5 259.5 263.5 266.5 261 257 264 269 270 273 274 275 275 275.5 276 276 276.5 276.5 276.5 276.5 276.5 276.5 276.5 276.5 276 275.5 276 276 276 275.5 275.5 275.5 275.5 275.5 275 275 275 275 275 275 275.5 275.5 274.5 274.5 274 274.5 273.5 272.5 270.5 270 270.5 271 273 271 269 267 268 271 273 273.5 273.5
266 264 265 267.5 266.5 259.5 257.5 257.5 259.5 259.5 257.5 259.5 260.5 260.5 260 260 259.5 257.5 257 257 256.5 256 251.5 255.5 259.5 258.5 265 268 270.5 271 269 268 271 273 274 274.5 275 274 275 276 276 275.5 275.5 276.5 276.5 276.5 276.5 277 276 275.5 276 276 276 276 275.5 275.5 275.5 275.5 275.5 275 275 275 275 275 275 275 275 275.5 275 275 274 274.5 274 273.5 272.5 272.5 272 271 273 271 271.5 268.5 270.5 273 274 273.5 274
266.5 267.5 269 269 266 261.5 257 256.5 252.5 250 248 256.5 259.5 260 259 258.5 259 259.5 258 257 256 257 260 260.5 264.5 266 268 270 270.5 271 270.5 272 273 273 273 274 272 270.5 274 275 275 275.5 276.5 276.5 276.5 276.5 276 274 275.5 275.5 276 276 275.5 276 275.5 275.5 275.5 275.5 275.5 275 275 275 275 275 275 275 275 275 274.5 275 275 275 274.5 273.5 272.5 273 273 273 273 273 273 273 274 274 274 274 274
265 269 271 267 262.5 254.5 249.5 248.5 245 246 251.5 257.5 259.5 261 259.5 257 257.5 257 255.5 253 253 259 262 264 266 266 265 265.5 261 264.5 264 266 271 270 270 268 264 265.5 270 272 275 276 276 276.5 276.5 276.5 276 271.5 274 275.5 275 276 276 276 275.5 275.5 275.5 275.5 275.5 275.5 275 275 275 275 275 275 275 275.5 274.5 275 275 275 274.5 274.5 273.5 273.5 274 274 274 274 274 274 274.5 275 275 274.5 275
270.5 270.5 272 269.5 266 265 260.5 253.5 249 255 260.5 260 264 263 259 254.5 255.5 253 248.5 247 253 257 258 257.5 259 261.5 262 261.5 256.5 263 268 267 269 270 268 267 265 264 269 273 275 275.5 276 276.5 276.5 276 275 274 272.5 270 273 275 276 275.5 275.5 275.5 275.5 275.5 275 275.5 275 275 275 275 275 275 275 275.5 275.5 275 275 275 275 274.5 274 274.5 274.5 274.5 274.5 274 274.5 275 275 275.5 275.5 275 275
268.5 272 271 267 266 264 262.5 253.5 246.5 255 263.5 265.5 260 258.5 257 253.5 249 247 242 246 251.5 255.5 260 255.5 254 260.5 264 265 265 267.5 268 266 266 267 269 269 269 268.5 271 272.5 273.5 275 276 276 276 276 275.5 272.5 272.5 271 274 276 275.5 275 275.5 275.5 275.5 275.5 275.5 275.5 275 275 275 275 275 275 275 275.5 275.5 275.5 275 275 275 275 274.5 274.5 274.5 274.5 274.5 274.5 275.5 275.5 275.5 275.5 275.5 275 275
271.5 273 270.5 269.5 268 267 263 256.5 254.5 260 265.5 264 253.5 252.5 248.5 245.5 244.5 246 250 254 259 263 263 261 262 261 267 266.5 268.5 270 269 265 261 263 265 267.5 265.5 268 271.5 272.5 272 272.5 275 276 275 275 276 274.5 275.5 275 275 276 275.5 275.5 275.5 275.5 275.5 275 275.5 275.5 275.5 275 275 275 275 275 275.5 275.5 275 275 275 275 275 275 275 275 274.5 275.5 275.5 275 275.5 275.5 276 276 276 275.5 275.5
273.5 271.5 270.5 269 268 265 259.5 260.5 263.5 264.5 269 264.5 261 257.5 255.5 251.5 253.5 256 261 259.5 259 266 262 266 268 267 268 268 268 268 270 269 266 264 262 262.5 263.5 265.5 268.5 270.5 271.5 272.5 275 276 275 275 275.5 274.5 273 273 272 275 275.5 275.5 275.5 275 275 275 275.5 275 275 275 275 275 275 275 275 275.5 275.5 275 275 275 275 275 275.5 275 275.5 275.5 275.5 275 276 276 276 276 276 275.5 275.5
