ecocropFuture/tif/c6/rcp585/ACCESS-CM2/tmean_5.asc
ncols        683
nrows        518
xllcorner    -87.691666666667
yllcorner    10.708333333333
cellsize     0.008333333333
NODATA_value  nan
[rows 468 to 506 of 518, columns 435 to 521 of 683]
283 285.5 282 280.5 278.5 284 285.5 285.5 286 286.5 287 287 287 287 287 287 287 287.5 288 288 288 288 288 288.5 288.5 288.5 288.5 288.5 nan nan nan nan nan nan nan nan nan nan nan nan nan nan nan nan nan nan nan nan nan nan nan nan nan nan nan nan nan nan nan nan nan nan nan nan nan nan nan nan nan nan nan nan nan nan nan nan nan nan nan nan nan nan nan nan nan nan nan
282.5 284.5 281 278.5 281 284 284 286 286 287 287 287 287 287 287 287 287 287 287 288 288 288 288 288 288.5 288.5 288.5 288.5 289 nan nan nan nan nan nan nan nan nan nan nan nan nan nan nan nan nan nan nan nan nan nan nan nan nan nan nan nan nan nan nan nan nan nan nan nan nan nan nan nan nan nan nan nan nan nan nan nan nan nan nan nan nan nan nan nan nan nan
282.5 284 284.5 283.5 285 285 285.5 286 286 287 287 287 287 287 287 287 287 287 287 287 287 286 288 288 288 288.5 288.5 288.5 288.5 nan nan nan nan nan nan nan nan nan nan nan nan nan nan nan nan nan nan nan nan nan nan nan nan nan nan nan nan nan nan nan nan nan nan nan nan nan nan nan nan nan nan nan nan nan nan nan nan nan nan nan nan nan nan nan nan nan nan
281.5 284 284.5 285 285.5 285.5 286 286 286 286 286 286.5 287 287 286.5 287 287 287 287.5 287.5 286 286.5 287 288 288 288.5 288.5 288.5 288.5 289.5 nan nan nan nan nan nan nan nan nan nan nan nan nan nan nan nan nan nan nan nan nan nan nan nan nan nan nan nan nan nan nan nan nan nan nan nan nan nan nan nan nan nan nan nan nan nan nan nan nan nan nan nan nan nan nan nan nan
282 284 285 285 286 286 286 286 284 283 286 286 286.5 286.5 286.5 287 287.5 287 287.5 287.5 287 287 287 288 288 288 288.5 288.5 288.5 288.5 nan nan nan nan nan nan nan nan nan nan nan nan nan nan nan nan nan nan nan nan nan nan nan nan nan nan nan nan nan nan nan nan nan nan nan nan nan nan nan nan nan nan nan nan nan nan nan nan nan nan nan nan nan nan nan nan nan
283.5 284 285 285 285.5 285.5 285.5 285 283 283 285.5 286 286 286 286 287 287 287 287.5 287.5 287.5 287.5 286.5 287.5 288 288 288 288 288.5 288.5 nan nan nan nan nan nan nan nan nan nan nan nan nan nan nan nan nan nan nan nan nan nan nan nan nan nan nan nan nan nan nan nan nan nan nan nan nan nan nan nan nan nan nan nan nan nan nan nan nan nan nan nan nan nan nan nan nan
284 284 284 285.5 285.5 285.5 285 285 283.5 281.5 285 286 286 286.5 286.5 286.5 286.5 287.5 287.5 287.5 287.5 287.5 286.5 287.5 288 288 288 288 288 288.5 288.5 nan nan nan nan nan nan nan nan nan nan nan nan nan nan nan nan nan nan nan nan nan nan nan nan nan nan nan nan nan nan nan nan nan nan nan nan nan nan nan nan nan nan nan nan nan nan nan nan nan nan nan nan nan nan nan nan
284 285 284 285 285 284 285 285 284 284.5 285.5 286 286 286.5 286.5 286.5 286.5 286.5 287.5 287.5 287.5 287.5 287.5 287.5 288 288 288 288 288 288.5 288.5 nan nan nan nan nan nan nan nan nan nan nan nan nan nan nan nan nan nan nan nan nan nan nan nan nan nan nan nan nan nan nan nan nan nan nan nan nan nan nan nan nan nan nan nan nan nan nan nan nan nan nan nan nan nan nan nan
285 282.5 281.5 283.5 282.5 283 284 283.5 284 285.5 285.5 286 286 286.5 286.5 286.5 286.5 286.5 287.5 287.5 287.5 287.5 287.5 287.5 288 288 288 288 288 288.5 288 289 nan nan nan nan nan nan nan nan nan nan nan nan nan nan nan nan nan nan nan nan nan nan nan nan nan nan nan nan nan nan nan nan nan nan nan nan nan nan nan nan nan nan nan nan nan nan nan nan nan nan nan nan nan nan nan
283 281 280 282 282 282.5 284.5 284.5 285.5 285.5 285.5 285.5 286 286.5 286.5 286.5 286.5 286.5 287.5 287.5 287.5 287.5 287.5 287.5 288.5 288 288 288 288 288.5 288.5 288 nan nan nan nan nan nan nan nan nan nan nan nan nan nan nan nan nan nan nan nan nan nan nan nan nan nan nan nan nan nan nan nan nan nan nan nan nan nan nan nan nan nan nan nan nan nan nan nan nan nan nan nan nan nan nan
282.5 281.5 280.5 284 284 284.5 284.5 285 285.5 285.5 285.5 286 286.5 286.5 286.5 286.5 286.5 286.5 287.5 286.5 287.5 287.5 287.5 287.5 287.5 287 288 288 288 288.5 288.5 288.5 289 nan nan nan nan nan nan nan nan nan nan nan nan nan nan nan nan nan nan nan nan nan nan nan nan nan nan nan nan nan nan nan nan nan nan nan nan nan nan nan nan nan nan nan nan nan nan nan nan nan nan nan nan nan nan
282.5 282 280.5 284.5 285 285 284.5 285 285.5 285.5 285.5 285.5 285.5 285.5 285.5 286 286.5 286.5 286.5 287.5 287 287 287.5 287.5 286.5 287 288 288 288 288 288 288 288 nan nan nan nan nan nan nan nan nan nan nan nan nan nan nan nan nan nan nan nan nan nan nan nan nan nan nan nan nan nan nan nan nan nan nan nan nan nan nan nan nan nan nan nan nan nan nan nan nan nan nan nan nan nan
282 281 281 284.5 285 285 285 285 285 285 285.5 285.5 285.5 285.5 285.5 285.5 286.5 286.5 286.5 286.5 285.5 286 286.5 286.5 285.5 286.5 287.5 288 288 288 288 288 288 289 nan nan nan nan nan nan nan nan nan nan nan nan nan nan nan nan nan nan nan nan nan nan nan nan nan nan nan nan nan nan nan nan nan nan nan nan nan nan nan nan nan nan nan nan nan nan nan nan nan nan nan nan nan
280.5 279.5 283.5 284.5 285 285 285 285.5 285.5 285.5 285.5 284.5 281.5 283.5 285.5 285.5 286.5 286.5 286.5 286.5 286 286 285.5 285 284.5 286 287 288 288 288 288 288 288 288.5 289 nan nan nan nan nan nan nan nan nan nan nan nan nan nan nan nan nan nan nan nan nan nan nan nan nan nan nan nan nan nan nan nan nan nan nan nan nan nan nan nan nan nan nan nan nan nan nan nan nan nan nan nan
281.5 281.5 282.5 284.5 284.5 284 284 285.5 285.5 285.5 285.5 285.5 283.5 284.5 285.5 286.5 286.5 286.5 286.5 286.5 286.5 285.5 286 285 284 285 286.5 288 288 288 288 288.5 288.5 288.5 nan nan nan nan nan nan nan nan nan nan nan nan nan nan nan nan nan nan nan nan nan nan nan nan nan nan nan nan nan nan nan nan nan nan nan nan nan nan nan nan nan nan nan nan nan nan nan nan nan nan nan nan nan
283 283 284.5 284.5 284.5 282.5 283 285 285 285.5 285.5 285.5 285.5 285.5 285.5 285.5 286.5 286.5 285.5 286.5 286 286 286 286 284 286 286 287.5 288 288 288 288 288.5 288.5 288.5 289 nan nan nan nan nan nan nan nan nan nan nan nan nan nan nan nan nan nan nan nan nan nan nan nan nan nan nan nan nan nan nan nan nan nan nan nan nan nan nan nan nan nan nan nan nan nan nan nan nan nan nan
283.5 282 284.5 284.5 283.5 282 283.5 284 285 284.5 285.5 285.5 285.5 285.5 284.5 285.5 285.5 285.5 284.5 284.5 286 286.5 286 285.5 285 286 287 287 287.5 288 288 288 288.5 288.5 288.5 288.5 nan nan nan nan nan nan nan nan nan nan nan nan nan nan nan nan nan nan nan nan nan nan nan nan nan nan nan nan nan nan nan nan nan nan nan nan nan nan nan nan nan nan nan nan nan nan nan nan nan nan nan
281.5 282.5 283.5 283.5 282.5 281.5 282.5 283.5 284.5 284.5 285.5 285.5 284.5 285.5 284.5 285.5 285.5 285 284 284.5 286 286.5 286 286 285 285.5 286 286.5 287.5 287.5 288 288 288 288.5 288.5 288.5 nan nan nan nan nan nan nan nan nan nan nan nan nan nan nan nan nan nan nan nan nan nan nan nan nan nan nan nan nan nan nan nan nan nan nan nan nan nan nan nan nan nan nan nan nan nan nan nan nan nan nan
280.5 282 283 282.5 282.5 279.5 283.5 284.5 284.5 284.5 284.5 284.5 284.5 284.5 284.5 285.5 285.5 285.5 284 285 286 286 285 284.5 284 285 285 286.5 287 287 288 288 288 288 288.5 288.5 288.5 289.5 nan nan nan nan nan nan nan nan nan nan nan nan nan nan nan nan nan nan nan nan nan nan nan nan nan nan nan nan nan nan nan nan nan nan nan nan nan nan nan nan nan nan nan nan nan nan nan nan nan
278.5 281 280.5 280.5 280.5 281 282.5 284.5 284.5 284.5 284.5 284.5 284.5 283.5 284.5 284 283.5 284 284.5 285.5 286 285.5 284.5 283 283 283 285 285 286 287 287 288 288 288 288.5 288.5 288.5 289 289.5 nan nan nan nan nan nan nan nan nan nan nan nan nan nan nan nan nan nan nan nan nan nan nan nan nan nan nan nan nan nan nan nan nan nan nan nan nan nan nan nan nan nan nan nan nan nan nan nan
275.5 277.5 275 277 276.5 280.5 283.5 284.5 284.5 284.5 284.5 284 283.5 282.5 283.5 284 283 283 284.5 285.5 284.5 285.5 284.5 284 284 284 283 283 286 286 287 287.5 288 288 288 288.5 289 289 289.5 289.5 nan nan nan nan nan nan nan nan nan nan nan nan nan nan nan nan nan nan nan nan nan nan nan nan nan nan nan nan nan nan nan nan nan nan nan nan nan nan nan nan nan nan nan nan nan nan nan
278.5 276.5 273.5 276.5 280.5 282.5 284 284.5 284.5 284.5 284.5 283.5 281.5 281.5 284.5 285 282.5 281 283.5 285 283 284 285.5 285 284 283 284 284 286 287 288 287.5 288 288.5 288.5 289 289 289 289 289.5 289.5 290 nan nan nan nan nan nan nan nan nan nan nan nan nan nan nan nan nan nan nan nan nan nan nan nan nan nan nan nan nan nan nan nan nan nan nan nan nan nan nan nan nan nan nan nan nan
280.5 279.5 279.5 278.5 281.5 283.5 284 284.5 284.5 284.5 284.5 283.5 281 282.5 284.5 284.5 283.5 282.5 283.5 284 284 285 285 284 283.5 282 284 285 286 287 287.5 288 288 288.5 288.5 289 289 289 289 288.5 289.5 289.5 290 290 290 nan nan nan nan nan nan nan nan nan nan nan nan nan nan nan nan nan nan nan nan nan nan nan nan nan nan nan nan nan nan nan nan nan nan nan nan nan nan nan nan nan nan
279 282.5 281.5 280.5 283 284 284 284.5 284 284 283.5 283.5 282 282.5 284.5 284.5 283 281.5 283 284 284 285 284 282 282 282 285 285.5 285.5 286.5 287.5 288 288 288 288.5 289 289 289 289 289 289 289.5 290 290 289.5 290 nan nan nan nan nan nan nan nan nan nan nan nan nan nan nan nan nan nan nan nan nan nan nan nan nan nan nan nan nan nan nan nan nan nan nan nan nan nan nan nan nan
280 283 283 283 284 284 284 283 281 283 282.5 280.5 283 283.5 282.5 282.5 282 282.5 283.5 284 284 284 283 282 281.5 284 285.5 285.5 286 286.5 287.5 287.5 288.5 287.5 288.5 288.5 289 289 289 289.5 289.5 289 289.5 289.5 289.5 290 290 nan nan nan nan nan nan nan nan nan nan nan nan nan nan nan nan nan nan nan nan nan nan nan nan nan nan nan nan nan nan nan nan nan nan nan nan nan nan nan nan
283 283 284 283 283 284 283.5 282 280 281 281 282.5 283.5 283 280.5 281.5 281.5 280.5 280.5 283 284 283.5 282 282 284 285 285.5 286 286.5 286.5 287.5 287.5 288.5 288.5 288.5 288.5 288.5 289 289 289.5 289.5 289.5 289.5 289.5 289.5 289.5 290 nan nan nan nan nan nan nan nan nan nan nan nan nan nan nan nan nan nan nan nan nan nan nan nan nan nan nan nan nan nan nan nan nan nan nan nan nan nan nan nan
283.5 283.5 282.5 282.5 283 283.5 282.5 281 280 281.5 282.5 281.5 281.5 281.5 280.5 280.5 280.5 278 279.5 281.5 283 283.5 284 284 284.5 285.5 285.5 286 286.5 286.5 286.5 287 287.5 287.5 288 288.5 288.5 289 289 289 290 290 289.5 289.5 290 289.5 289.5 nan nan nan nan nan nan nan nan nan nan nan nan nan nan nan nan nan nan nan nan nan nan nan nan nan nan nan nan nan nan nan nan nan nan nan nan nan nan nan nan
283.5 282.5 282.5 283 283.5 283 282.5 282.5 282.5 282 281 279.5 278.5 278 279.5 278.5 279.5 281 280.5 281.5 280.5 283.5 284 284.5 285 285.5 286 286 286 286.5 286.5 287.5 287.5 287.5 288 288.5 288.5 289 289 289 289 290 290 290 289.5 289.5 289.5 nan nan nan nan nan nan nan nan nan nan nan nan nan nan nan nan nan nan nan nan nan nan nan nan nan nan nan nan nan nan nan nan nan nan nan nan nan nan nan nan
282.5 282.5 282.5 282.5 282.5 281.5 281.5 282 280 281 279 276.5 275 276.5 279 277.5 278.5 281.5 281.5 282 281 281.5 283 284.5 285 285.5 285.5 286 286 286.5 286.5 286.5 286.5 287.5 288.5 287.5 288 288.5 289 289 289 289 289 290 290 290 289.5 289.5 nan nan nan nan nan nan nan nan nan nan nan nan nan nan nan nan nan nan nan nan nan nan nan nan nan nan nan nan nan nan nan nan nan nan nan nan nan nan nan
282.5 282.5 282.5 281.5 280.5 280.5 280.5 279.5 278.5 279.5 279 278.5 277 275.5 277 278.5 280.5 282.5 282.5 282 283 283.5 284 284.5 285 285 285.5 285.5 286 286.5 286.5 286.5 287 287.5 287.5 286.5 286.5 288.5 288.5 289 289 289 289 289 290 290 289.5 289.5 nan nan nan nan nan nan nan nan nan nan nan nan nan nan nan nan nan nan nan nan nan nan nan nan nan nan nan nan nan nan nan nan nan nan nan nan nan nan nan
281.5 280.5 281.5 280.5 279.5 280.5 280.5 279.5 278.5 278.5 277 278.5 277 276.5 276 277.5 279.5 282 283.5 283.5 284.5 284.5 284.5 284.5 283.5 283.5 284 285 285.5 286 286 286.5 286.5 287 286.5 286.5 286.5 287.5 288.5 288.5 289 289 289 289.5 289.5 289.5 289 289.5 nan nan nan nan nan nan nan nan nan nan nan nan nan nan nan nan nan nan nan nan nan nan nan nan nan nan nan nan nan nan nan nan nan nan nan nan nan nan nan
279.5 281.5 280.5 278.5 279.5 280.5 280.5 280.5 281.5 280.5 279 278.5 277.5 277 277 280 281 282 283.5 283.5 283.5 282.5 281.5 282.5 279.5 279.5 282.5 284.5 285.5 285.5 286 286.5 286 286 286.5 286.5 286.5 288 288.5 288.5 288.5 288.5 289 289 289.5 289 289 289 nan nan nan nan nan nan nan nan nan nan nan nan nan nan nan nan nan nan nan nan nan nan nan nan nan nan nan nan nan nan nan nan nan nan nan nan nan nan nan
282.5 282.5 281.5 280 280 280.5 280.5 282 282.5 281.5 280.5 279.5 279.5 279 278 281 283 283 283.5 283 281.5 280.5 280.5 281.5 280.5 279.5 282 284.5 285.5 285.5 285.5 285.5 286 286 286 287.5 287.5 288.5 288 288.5 288.5 288.5 288.5 288.5 289 289.5 289 289 nan nan nan nan nan nan nan nan nan nan nan nan nan nan nan nan nan nan nan nan nan nan nan nan nan nan nan nan nan nan nan nan nan nan nan nan nan nan nan
282 282 282 282 282 282 281.5 282.5 282.5 281.5 281 280.5 279.5 280.5 281 282.5 282 282 282 281.5 282 283 283.5 283.5 281.5 282.5 283.5 284.5 285.5 285.5 285.5 286 286 285.5 285.5 287.5 288 288 288 288 288 288.5 288.5 288.5 288.5 289 289 289 nan nan nan nan nan nan nan nan nan nan nan nan nan nan nan nan nan nan nan nan nan nan nan nan nan nan nan nan nan nan nan nan nan nan nan nan nan nan nan
282 281 282 282 282.5 282 282 282.5 282.5 281.5 281.5 280 278.5 279 281.5 281.5 281 281 280 281 282 279.5 280 283 282.5 283.5 281.5 284.5 285.5 285.5 285.5 285.5 286 285.5 285.5 286 286.5 287.5 288 288 288 288.5 288.5 288.5 288.5 288.5 289 289 nan nan nan nan nan nan nan nan nan nan nan nan nan nan nan nan nan nan nan nan nan nan nan nan nan nan nan nan nan nan nan nan nan nan nan nan nan nan nan
283 282 282 282 283 282.5 282.5 283 282.5 281.5 279.5 278.5 277 278 280 279 278.5 279.5 281 282 280.5 278.5 281.5 282.5 283 282.5 283.5 284.5 285.5 285.5 285.5 285.5 285.5 285.5 285.5 285.5 285.5 286.5 287 287.5 288 288 288.5 288.5 288.5 288.5 289 289 289 nan nan nan nan nan nan nan nan nan nan nan nan nan nan nan nan nan nan nan nan nan nan nan nan nan nan nan nan nan nan nan nan nan nan nan nan nan nan
283 283 281.5 282 283 283 283 280.5 280 279 276.5 275 276 277.5 279 279.5 279.5 280 280 281 282 282 282.5 282.5 279.5 283.5 284.5 284.5 284.5 285.5 285.5 285.5 285.5 285.5 285.5 285.5 286 286.5 286.5 287 288 288 288 288 288.5 288.5 288.5 288.5 289 nan nan nan nan nan nan nan nan nan nan nan nan nan nan nan nan nan nan nan nan nan nan nan nan nan nan nan nan nan nan nan nan nan nan nan nan nan nan
283 283 283 283 283 283 283 281.5 281.5 279.5 276.5 273 275 276.5 278.5 279.5 280 279.5 280 277 279.5 282.5 283 282.5 281.5 282.5 283.5 283.5 284.5 285 285.5 285.5 285.5 286 285.5 285.5 285.5 286.5 286 287 287.5 288 288 288 288.5 288.5 288.5 288.5 289 nan nan nan nan nan nan nan nan nan nan nan nan nan nan nan nan nan nan nan nan nan nan nan nan nan nan nan nan nan nan nan nan nan nan nan nan nan nan
283.5 282.5 283 283 283 283 283 280 279.5 280.5 276.5 274.5 275.5 276.5 278.5 279 279.5 278.5 278 275 277 282 281.5 281.5 279 281.5 283.5 284 284.5 284.5 285.5 285.5 285.5 285.5 285 284 284 284 284 285.5 287.5 288 288 288 288 288.5 288.5 288.5 nan nan nan nan nan nan nan nan nan nan nan nan nan nan nan nan nan nan nan nan nan nan nan nan nan nan nan nan nan nan nan nan nan nan nan nan nan nan nan
