ecocropFuture/tif/c6/rcp585/ACCESS-CM2/tmean_7.asc
ncols        683
nrows        518
xllcorner    -87.691666666667
yllcorner    10.708333333333
cellsize     0.008333333333
NODATA_value  nan
[rows 76 to 113 of 518, columns 258 to 343 of 683]
nan nan nan nan nan nan nan nan nan nan nan nan nan nan nan nan nan nan nan nan nan nan nan nan nan nan nan nan nan nan nan nan nan nan nan nan nan nan nan 275.5 275.5 274 273.5 272.5 274 273 273 270.5 269 268.5 268 263.5 259 263.5 264.5 265 268.5 271 271.5 272 272.5 272.5 272.5 272.5 271.5 271.5 271.5 272 265.5 268.5 265.5 267.5 269 268.5 269 268 267.5 265 266.5 266 265.5 262 261 259 259.5 262
nan nan nan nan nan nan nan nan nan nan nan nan nan nan nan nan nan nan nan nan nan nan nan nan nan nan nan nan nan nan nan nan nan nan nan nan nan nan 275.5 275.5 274.5 273.5 273.5 273.5 274 273 272 271.5 267.5 266.5 267 261 261 266 265 266 270 271 272 272 272 272 272.5 272 271 270 268.5 271.5 266.5 268.5 267.5 266.5 269 269.5 269 269 268 268 267.5 267 265.5 264 263 262.5 260 261
nan nan nan nan nan nan nan nan nan nan nan nan nan nan nan nan nan nan nan nan nan nan nan nan nan nan nan nan nan nan nan nan nan nan nan nan nan 272.5 276 275.5 275.5 275.5 274.5 271.5 274 273 272 270.5 268.5 268.5 264 263 265 268 267 267 269.5 271 271.5 271.5 271.5 272 271.5 270.5 271.5 267.5 264 271.5 271.5 271.5 270 268 269.5 270.5 270.5 269 269 268 267.5 266.5 261 260 258 257 259 261
nan nan nan nan nan nan nan nan nan nan nan nan nan nan nan nan nan nan nan nan nan nan nan nan nan nan nan nan nan nan nan nan nan nan nan nan nan 271.5 274.5 275.5 275.5 276 275 274.5 274 272 269.5 268.5 270.5 268 266.5 264.5 267 268 267 267.5 267 266 268 270.5 271.5 271.5 268.5 269.5 270.5 267.5 266 270.5 272 272 270.5 270 270.5 270.5 270.5 269 268.5 267.5 264.5 265.5 261 255 254 253 255 261
nan nan nan nan nan nan nan nan nan nan nan nan nan nan nan nan nan nan nan nan nan nan nan nan nan nan nan nan nan nan nan nan nan nan nan nan nan nan nan 274.5 274.5 275.5 275 274 273 271 268.5 265.5 267.5 268.5 267.5 265 269 269 268 268 268 269.5 267 270.5 270 268.5 267.5 269.5 270.5 270.5 269 270 272 272 272 271 271 270.5 269.5 269 267.5 267.5 264.5 264.5 260.5 258 255 252 252.5 258.5
nan nan nan nan nan nan nan nan nan nan nan nan nan nan nan nan nan nan nan nan nan nan nan nan nan nan nan nan nan nan nan nan nan nan nan nan nan nan nan nan 274.5 275.5 275 274 273 272 269.5 266.5 263 265.5 265 268 270.5 269 267.5 268 271 268.5 269 270 268.5 265.5 266.5 267 269.5 271 270.5 271 272 271 271.5 271 271 270.5 269.5 267.5 267.5 266.5 266.5 264.5 261.5 257 256 254 255 256
nan nan nan nan nan nan nan nan nan nan nan nan nan nan nan nan nan nan nan nan nan nan nan nan nan nan nan nan nan nan nan nan nan nan nan nan nan nan nan nan 274 275 275 275 273 272.5 270.5 267.5 266.5 267.5 268 270.5 271 268 269 271 271 268 268 268.5 266.5 263 264 264 268 270 270 270 271 271 270 270.5 270.5 269.5 267.5 266 266 265.5 263.5 261.5 255 256 255 257 260 262
nan nan nan nan nan nan nan nan nan nan nan nan nan nan nan nan nan nan nan nan nan nan nan nan nan nan nan nan nan nan nan nan nan nan nan nan nan nan nan nan nan 274.5 275.5 275 273 272 272 269.5 268.5 269.5 271 272 270 270.5 271 272 269.5 267 265.5 265.5 264 262 258 261 266 269 269.5 270 270 270 269 269.5 270.5 269.5 267 264 263 265 261.5 256.5 256.5 257.5 258.5 260.5 260.5 257
nan nan nan nan nan nan nan nan nan nan nan nan nan nan nan nan nan nan nan nan nan nan nan nan nan nan nan nan nan nan nan nan nan nan nan nan nan nan nan nan nan nan nan 275 274 274 273 271.5 270.5 272 272.5 272 272 271 271.5 271 269 266.5 265.5 266 265 260 254.5 256.5 264 266 269 269 269.5 270.5 268.5 268.5 270 268.5 267.5 265 262 261.5 259 259 256.5 255.5 256.5 254 252 252.5
nan nan nan nan nan nan nan nan nan nan nan nan nan nan nan nan nan nan nan nan nan nan nan nan nan nan nan nan nan nan nan nan nan nan nan nan nan nan nan nan nan nan nan 275 275 275 272.5 269.5 272.5 273.5 272 271 271 271 272 270 269 267 268.5 267.5 265.5 258 257 254.5 263.5 267.5 268.5 267.5 267.5 271 269 268.5 269.5 269.5 267.5 264.5 263 259 258 260.5 257.5 254.5 255.5 253.5 251 252.5
nan nan nan nan nan nan nan nan nan nan nan nan nan nan nan nan nan nan nan nan nan nan nan nan nan nan nan nan nan nan nan nan nan nan nan nan nan nan nan nan nan nan nan 273 273.5 274 274.5 273.5 274.5 273.5 270.5 272 272 272 271 269.5 268.5 269.5 268.5 265 265 263 263.5 263.5 267.5 268.5 266 266.5 268.5 271 270 269.5 268.5 268.5 268.5 267.5 264 261 262 262.5 258 257 257.5 256 260.5 260
nan nan nan nan nan nan nan nan nan nan nan nan nan nan nan nan nan nan nan nan nan nan nan nan nan nan nan nan nan nan nan nan nan nan nan nan nan nan nan nan nan nan nan nan nan 273 275.5 275 274.5 273.5 273.5 273 272 271 269.5 264.5 261.5 267.5 269.5 266.5 265 265 268 267.5 266.5 265.5 266.5 267.5 270 269.5 268.5 268.5 267 266.5 267.5 267 265 264 263 260.5 257.5 257.5 258 259.5 263.5 264
nan nan nan nan nan nan nan nan nan nan nan nan nan nan nan nan nan nan nan nan nan nan nan nan nan nan nan nan nan nan nan nan nan nan nan nan nan nan nan nan nan nan nan nan nan 275.5 275 275.5 273 272.5 273 272 271 269 267.5 260 264.5 268.5 269.5 267.5 268 268 268 266 263 266.5 268.5 268.5 270 269.5 269 267.5 265 264 266 267.5 264 263 259.5 257.5 257 257.5 254.5 252 255 262.5
nan nan nan nan nan nan nan nan nan nan nan nan nan nan nan nan nan nan nan nan nan nan nan nan nan nan nan nan nan nan nan nan nan nan nan nan nan nan nan nan nan nan nan nan 275.5 275 274.5 274.5 274.5 273.5 273.5 271 269 266 261 265.5 267.5 269.5 270.5 270.5 270 268 265 266 267.5 268.5 269.5 270 269.5 269.5 269 266.5 261.5 260 265 267 264 258.5 255.5 255.5 256.5 257 254 252 253 260
nan nan nan nan nan nan nan nan nan nan nan nan nan nan nan nan nan nan nan nan nan nan nan nan nan nan nan nan nan nan nan nan nan nan nan nan nan nan nan nan nan nan nan nan 275 274.5 274.5 274.5 274.5 274 273 271 269 265.5 265.5 269 270.5 270.5 271.5 270.5 269 265 265 267.5 269 269.5 269 269 269.5 268.5 267.5 266.5 260 261 264 266 265 257.5 256.5 254.5 256 258 256 259.5 261 263.5
nan nan nan nan nan nan nan nan nan nan nan nan nan nan nan nan nan nan nan nan nan nan nan nan nan nan nan nan nan nan nan nan nan nan nan nan nan nan nan nan nan nan nan 275 274 273.5 274.5 274.5 274 273.5 272 271 269 269.5 269.5 269.5 270.5 271.5 271 270 269 266.5 266 268 268 268.5 266.5 267.5 267.5 267.5 267.5 266 259 262 260 263 266 262.5 262.5 257.5 259 258.5 256 259 263.5 264
nan nan nan nan nan nan nan nan nan nan nan nan nan nan nan nan nan nan nan nan nan nan nan nan nan 273 274 275 274.5 274 273.5 271 268 269 272.5 275 274 275 275 275 275 275 275 274.5 274 274 274.5 274.5 273.5 271 271 271 270 268.5 268.5 270.5 271.5 271.5 270.5 269.5 268.5 265 266 268 268.5 266 264.5 266.5 265.5 267.5 267.5 266.5 259 260 260 264.5 264 260.5 262.5 259.5 259 258.5 261 262 261 262
nan nan nan nan nan nan nan nan nan nan nan nan nan nan nan nan nan nan nan nan nan nan nan nan 274 272 271 273 273 272.5 269.5 265.5 266.5 264 270 273.5 273 273.5 274.5 274 274 274.5 275 273.5 273.5 273.5 274.5 274.5 272.5 270 271 268 268.5 269.5 270.5 272 271.5 270 270.5 270 269.5 266 265 267 266.5 264.5 264.5 265.5 267.5 266.5 266 264.5 261 261.5 261 262.5 264.5 257.5 260.5 261 256.5 254.5 256 259.5 261.5 263.5
nan nan nan nan nan nan nan nan nan nan nan nan nan nan nan nan nan nan nan nan nan nan nan nan 272 269.5 269.5 271 269.5 270 270.5 271.5 272.5 272.5 272.5 273 273 274 274 274 274 274 273 273 271.5 271.5 274.5 274 273 270 272 271 271.5 271 272.5 271.5 269.5 269.5 268 268 269 268 266 266 265 262.5 262.5 264.5 266.5 263.5 263 266 264 259.5 256.5 256.5 262.5 257.5 257.5 259.5 256 255 259 261 262 261
nan nan nan nan nan nan nan nan nan nan nan nan nan nan nan nan nan nan nan nan nan nan nan 273 271.5 270 268.5 259.5 257 262.5 271.5 271 272 273 273 273.5 273.5 274 273 273 273 273 271.5 272 273.5 273.5 273.5 271 271 272 273 272 272 272.5 271.5 271.5 268.5 269.5 267 267 268 268.5 267 267 265.5 264.5 264.5 265 265.5 262 261 265 263 262 258 253.5 258.5 260.5 256 256.5 254.5 255 256.5 260 258.5 258
nan nan nan nan nan nan nan nan nan nan nan nan nan nan nan nan nan nan nan 272.5 272.5 nan 272 270 269 269 261.5 248.5 258.5 269.5 271.5 272 272.5 273 273 273 273 273.5 273 273 273 272.5 272 272.5 274 273 270.5 264 265 271.5 273 272.5 271.5 271.5 270.5 269.5 268.5 267.5 266.5 267 267 267 267.5 266 265.5 265 264.5 264 263 260 260 263 264 259.5 257 250.5 252.5 259.5 258 258 257.5 253 253 258 255 255
nan nan nan nan nan nan nan nan nan nan nan nan nan nan nan nan nan nan nan 272.5 271.5 273.5 268.5 270.5 269 263.5 254 256 267.5 270.5 271 272 272.5 273 273 273 273.5 273 273 273 273 272.5 272.5 273.5 273.5 269.5 266 267 270 271.5 272 272 272 270.5 269.5 269.5 267.5 266 266 264 266 263.5 266 263.5 264 264.5 264 262.5 259.5 262 260 258.5 263.5 256.5 248.5 251 255 253.5 258.5 257.5 258 256 251.5 255 252.5 258
nan nan nan nan nan nan nan nan nan nan nan nan nan nan nan nan nan nan nan 272.5 270 268 270 268 262.5 252 257 265 267.5 269.5 271 272 272 272.5 273 273 273 273 273 273 273.5 273.5 274 273 271.5 270.5 269 270 271 270.5 271 272.5 272 271.5 269.5 268.5 267.5 266 266 264 267 260.5 262.5 264 260.5 263.5 260.5 259 257 257.5 262 260 262.5 253.5 245 246 250 246 254 255.5 254 256 253 255 255 255
nan nan nan nan nan nan nan nan nan nan nan nan nan nan nan nan nan nan nan 273 272.5 270.5 264 259.5 258.5 257.5 264.5 267.5 269.5 270 271 272 272 273 272 273 273 273 273 273 273 273 273.5 272.5 271 270 269 269 270 271 272.5 272.5 271.5 270.5 268.5 268 267.5 267 266 265 266 262 262.5 258.5 263.5 262.5 261.5 254 254 250.5 259.5 253.5 258.5 257.5 245.5 239 243.5 245 253 254 252 256 258 260 260 253
nan nan nan nan nan nan nan nan nan nan nan nan nan nan nan nan nan nan nan 273 271 266 252.5 251 249 257.5 257 263 266 267 269.5 271.5 273 273 273 274 274 273 273 273 273.5 273.5 272.5 270 270.5 270 269 269 271 271.5 272 272 271.5 270 268 267.5 267.5 265 266 267 267.5 262 259.5 258.5 261 263.5 262.5 255 249.5 252 257.5 256.5 251.5 257.5 251 241 235 243 249.5 250 249 258 256 257.5 261.5 258
nan nan nan nan nan nan nan nan nan nan nan nan nan nan nan nan nan nan nan 273 269 256.5 255.5 251 250 255 255 260 264 267 270 272 273 273 273 274 274 273.5 274 274 274 273.5 272.5 271.5 271.5 270 270 270.5 271 271.5 271.5 270.5 271.5 270.5 269.5 268 268.5 266 266 266 267.5 266.5 262.5 257.5 256 261.5 262.5 258 248 249.5 253.5 259.5 257.5 254.5 253 241.5 232.5 241 251 253 254.5 258 250 254.5 260.5 263.5
nan nan nan nan nan nan nan nan nan nan nan nan nan nan nan nan nan nan 272 271 266 256.5 261.5 259.5 256 252.5 254 264 269 270 270 271 269.5 268 270 272 274 274 274 273.5 273.5 273.5 272.5 271.5 271.5 271 271 270.5 270 270.5 269.5 267.5 270 270 270 267 269.5 268 267 266.5 268.5 267.5 265.5 258 255 259 262.5 259 252.5 251.5 257 260 257.5 253.5 253 242 233.5 242.5 250 253 254.5 256 251.5 252.5 259.5 264.5
nan nan nan nan nan nan nan nan nan nan nan nan nan nan nan nan nan 272.5 266.5 269 269 265.5 262.5 258 265.5 267 264 267 269 269 269 271 271 269 271 273 274 273.5 273 272.5 272.5 270.5 271.5 271 271 271 270 269.5 270 270.5 269.5 267.5 268 269.5 268 269.5 270 270 268 268 269 267.5 264.5 262 260 259 261 261 255 257.5 257 254.5 257.5 250 249 242.5 235.5 242.5 248.5 250.5 246.5 251 254.5 257.5 262 263.5
nan nan nan nan nan nan nan nan nan nan nan nan nan nan nan nan 270.5 271.5 266 265.5 261.5 268.5 265.5 262.5 266.5 267 267 267 267 267 269 268 269 270 272 273 274 273 273 272.5 270.5 267.5 270.5 271 271 270 270 270 269.5 270 270.5 266.5 266 267.5 271 270.5 270 270 269 269 269.5 266.5 260.5 262.5 263.5 262 262 263 257.5 256.5 253.5 246.5 253.5 245.5 245 246.5 237.5 240 245 244.5 244.5 253 257.5 258.5 258.5 257.5
nan nan nan nan nan nan nan nan nan nan nan nan nan nan nan nan nan 272 267 259.5 257.5 267.5 268 260 254 255 258.5 262 262 262.5 266 269 271 272 273 273 274 273.5 273 272.5 271.5 271 270.5 270.5 270 270 269.5 270 269.5 268.5 269.5 266 266.5 268 270 271 270 270 270 270 270 268.5 267 264.5 265.5 263.5 264 263 262 258.5 255.5 251 243 244 245 251 246 248.5 248 241.5 243.5 251.5 248.5 249.5 258.5 262
nan nan nan nan nan nan nan nan nan nan nan nan nan nan nan nan 270.5 272 267 258.5 262.5 267.5 266.5 261 255 251.5 255 259 260 261 265.5 266.5 266 271.5 273 274 274 273 272 272.5 272.5 271 270 271 271 270 269.5 269.5 269.5 266 268 264.5 267 267 270 271 271 270 269 268 269 269 265.5 262.5 266.5 265.5 265 262 258.5 250.5 250 248.5 236 243 247 252 253 251 246.5 240 241.5 250.5 250.5 251.5 261 264.5
nan nan nan nan nan nan nan nan nan nan nan nan nan nan nan nan 272 269 265 260.5 263.5 263 266.5 263 260 260 263 264 265 268 268 263.5 270 272.5 273.5 274 273.5 273 272.5 272.5 272 271.5 271 271 271 270.5 269.5 269 268.5 264.5 265.5 266.5 268.5 269 270 270 270.5 269 268 268 267.5 268 268 266.5 263 265.5 264 262 255.5 253.5 245 240 243 245 244.5 250 255 248.5 237.5 233 238.5 246.5 256.5 252.5 258.5 263.5
nan nan nan nan nan nan nan nan nan nan nan nan nan nan 269 272 271.5 268 258.5 257.5 259.5 259 258 257 264 267.5 268.5 269 270 271 271 269.5 272 273 274 273.5 272.5 272.5 272 271.5 271 271.5 271 270.5 270 269.5 268.5 267.5 265.5 263 266 268 268 268 269 270 269 268 269 268.5 264 264.5 266.5 266.5 262 263.5 264 263 261 255.5 242 237.5 248 252.5 249 251 257 249 235.5 226 235 246.5 258.5 257.5 258.5 261.5
nan nan nan nan nan nan nan nan nan nan 271.5 270.5 nan 271.5 272.5 270 270 266 255 252 248.5 248.5 254 247.5 255 262.5 267.5 269 268.5 268 272 272 273 273.5 273.5 272.5 272.5 272.5 271.5 271 271 271 270.5 270 268.5 267.5 267.5 264 263 264 267.5 268 269 267 269 270 270 270 268 268 264.5 263.5 265.5 266.5 266 263 263.5 263 260.5 257.5 248.5 239 244 255.5 249 253 257.5 251 240.5 231.5 238 248.5 258.5 263 264 266
nan nan nan nan nan nan nan nan 265.5 271.5 267.5 269.5 272.5 270 270.5 270.5 269 263 254 250 251 249 245.5 241.5 242 250.5 259 261 267 270 272 273 274 273.5 272.5 272.5 271.5 271.5 271.5 271.5 271 270 270 269 266 261.5 263.5 261.5 259 263 266 267 264 269 269 270 270 270 269 267 266 264.5 263.5 266 266 264 264 263 260.5 259.5 255.5 246 248 256.5 249 253 259 255 242.5 235.5 242.5 248.5 257 264.5 266 268
nan nan nan nan nan 270 267.5 267.5 271 270.5 263.5 266 269 271 266 263 264 260 251 252.5 252 247.5 244.5 245.5 249.5 253.5 260 263 264.5 270 273 273.5 274 272.5 272.5 272.5 271.5 271.5 271.5 270.5 270 270 269 267.5 259.5 253 255 256.5 254.5 260 263 261.5 267 268 269 269 268.5 269 269 268 267.5 264 261.5 262 265 261 260 262.5 262.5 261.5 255.5 245 252 257.5 252.5 256.5 257.5 257 242.5 239.5 243.5 252.5 259 265 266 267
nan nan nan nan 271.5 270.5 271 272 267 262.5 263 267.5 270 270 267 261.5 255.5 251 253 253.5 251 250 252.5 254 261 262 263.5 269 270.5 272 273 274 273 271.5 272.5 271.5 271.5 271.5 271 271 270 269.5 268 263.5 256.5 247.5 248 249.5 249.5 256 265 265 267.5 268 269.5 268 268.5 268 269 268 262.5 262 264 258 262 258.5 257.5 261.5 262.5 259.5 254.5 244.5 251 259.5 256.5 259.5 255.5 258.5 245 237.5 251 252.5 258 264.5 267 267
nan nan nan 269.5 270.5 272 267 265 266 261 265.5 267 270.5 268 268 260.5 257.5 251 259 257.5 253 256 262.5 260.5 263 267.5 269 268.5 269.5 272 274 274 273 272 271.5 270.5 271 271.5 270.5 270 270 269.5 267.5 263.5 255 248.5 242.5 239 242 248.5 258.5 264.5 268 268 266 268 267 267 268.5 267.5 260 252.5 262 256.5 257.5 260 254.5 258.5 260.5 258.5 251.5 245 247 257.5 261 257.5 255 259.5 245 235.5 244.5 259 262 264 267 268
