ecocropFuture/tif/c6/rcp585/ACCESS-CM2/tmean_4.asc
ncols        683
nrows        518
xllcorner    -87.691666666667
yllcorner    10.708333333333
cellsize     0.008333333333
NODATA_value  nan
[rows 418 to 455 of 518, columns 348 to 434 of 683]
290.5 291.5 292 291.5 290.5 289.5 288.5 288.5 287.5 288.5 288.5 288 289 289 290 290.5 290.5 290 290 290 290 290 290 288.5 289 289.5 288.5 288.5 287.5 287.5 286 286.5 287.5 287 286 285 284 286 285.5 285.5 286.5 287 287 287 286.5 288 288 288.5 288.5 288 288 286.5 286 284 285 284.5 283 284.5 285 286 286 285 285 285.5 285.5 283.5 283 283 285 286 285 281.5 280.5 282.5 286 287 285.5 286 286.5 287 287 287 287 287 286.5 282 283.5
290 290.5 291.5 291.5 290.5 290.5 289 288.5 288.5 287 288.5 287.5 288 289 289.5 290 290.5 290.5 290 290 289 289 289.5 289.5 290 289.5 288.5 288.5 287 287 286.5 286.5 287.5 287.5 286.5 285.5 286 285 285.5 286.5 287 287 286.5 287 288 289 288.5 288.5 288.5 288.5 288.5 287.5 286.5 286 286 285 285.5 284 285 286 286 286.5 286 285.5 285.5 283.5 283.5 283 285 286.5 286.5 285.5 284.5 286.5 285.5 283.5 280 282 285 286 286.5 286 287 287 285.5 283.5 285.5
292 290 291.5 291.5 291 290.5 289 289.5 289.5 289.5 287.5 286.5 288.5 289.5 289 289.5 290.5 290.5 290 289 287.5 287 288.5 289 290 289 288 286 287 288 288 288 287.5 287.5 286.5 286.5 285 286.5 286.5 286.5 286.5 285.5 285.5 287.5 288 288 288 288 288 288.5 288.5 286.5 285.5 286 287 286.5 285.5 284.5 286 286.5 286 285 286 286.5 286.5 286 284 284.5 285 285.5 286.5 287 286.5 285.5 282.5 280.5 281 284.5 286 286 285 285 285 286.5 285.5 286.5 286
292 291 291.5 291.5 290 290.5 290.5 290.5 290 289 287.5 288.5 289.5 290 289 288.5 289 289.5 287.5 287.5 286.5 286.5 288 288 289 287 287 286 286.5 287 288 288 287.5 288 287.5 286.5 287.5 286 286 287 286.5 285.5 286.5 287.5 287.5 288 288 288 288 287.5 288 287.5 286.5 286.5 287 286.5 286.5 286.5 287 286.5 284.5 283 284.5 285.5 285.5 286.5 286 285 286.5 286 285.5 287 284.5 281.5 278.5 281 284 284.5 286 284 282.5 283 284 284 285.5 286.5 285
290 292 291 290 288 290.5 291.5 291.5 291.5 290.5 290.5 290.5 289.5 289.5 289.5 289.5 288 288.5 287.5 287 287.5 286.5 286 288 288 287 288 286 286 286.5 287 287 286.5 288 288.5 287.5 288 287 288 287 287.5 287.5 287.5 286.5 287.5 288 288 288 288 287.5 287.5 287.5 287.5 287.5 287.5 287.5 287.5 287 287 285 283 283 284.5 285.5 285.5 286 286 286 284 286 286.5 284.5 284.5 283 281 283 283 285 286 284.5 284 283.5 283.5 283.5 283.5 285.5 284.5
290 292 292 291 289 291 291.5 291.5 291 290.5 291.5 291 290 290.5 290 288.5 288.5 287.5 288.5 288.5 287 285.5 287 288 288 288 287 286 286 285 286.5 286 287.5 287.5 288.5 288 288.5 288.5 287.5 286 286 285 285.5 287.5 287.5 288 288.5 288.5 288 288 288 288 288.5 288 287 286.5 286.5 286.5 286.5 286 285 284.5 284 284.5 283 283 283 283.5 282.5 285.5 285.5 280.5 279.5 280.5 281.5 283 284.5 285 285.5 284.5 283.5 283.5 284.5 285 286 286 284.5
291 292 292 292 291 291.5 292 291.5 291.5 291.5 291.5 291.5 291 291.5 290.5 290 289.5 289.5 289.5 286.5 283.5 284 285 287 287 288 286 285 285 286 286 285 287.5 287.5 287.5 287.5 287.5 288 287 286 286 287 287.5 287.5 288.5 287.5 287.5 287.5 287.5 288.5 288 288.5 288 286.5 286 286.5 285.5 284.5 286 286 286 285.5 282.5 281.5 278.5 280 282.5 284 285.5 286.5 284.5 281 278.5 274.5 278 281 283.5 284.5 285.5 283.5 283.5 283.5 280.5 281.5 284.5 285 284
291 292 292 292 292 291.5 291.5 291.5 291.5 291.5 290.5 290.5 291 291 290.5 290.5 290.5 290 287.5 283.5 285.5 287 283.5 285 287 287 284 284 284 285 285.5 285 285.5 286 287.5 287.5 287.5 286.5 286.5 287 287 287 287 288 288.5 287.5 286.5 287.5 287.5 288 288 288 287.5 285.5 285.5 285.5 285.5 284.5 285.5 285.5 285 283 282 279.5 279 280 280.5 282.5 281.5 285 285.5 283.5 281 275.5 279 282.5 283.5 284.5 284.5 284.5 283 282.5 280 283 285 285 282.5
292 292 292 292 291.5 291.5 290.5 290.5 290.5 289.5 289.5 289 290.5 291 290.5 290.5 289.5 289.5 288.5 287.5 288.5 287.5 287 284 284 285 286 284 284 285 284.5 284 285 286.5 286.5 286.5 285.5 286.5 287 287 286 286 286 286.5 287.5 287.5 286.5 287.5 288 288 288 288 287.5 286.5 285.5 285.5 284.5 285 284.5 283 283 282 281 280.5 282 281 280 281 280.5 285 286 283 283 281 281 280 280.5 283.5 283.5 283 283.5 282 279 282 284 283 282
292 292 292 291.5 291.5 291.5 289.5 289.5 289.5 289 288.5 288.5 289.5 290.5 290.5 289.5 288.5 288.5 287.5 286.5 287.5 288.5 288.5 288 286 283.5 284 284 284 283 283 282.5 285.5 285.5 284.5 285.5 284.5 287 287 286 287 285 283 285 286.5 286.5 286.5 287 287.5 286 285 286.5 286.5 286 285.5 284.5 284.5 283.5 281.5 280.5 281 283 283.5 284.5 283 284 284.5 283.5 284 285 286 285 285 284.5 282 281.5 281 281 280.5 282 283 282 280 279 281 279.5 281
291.5 291.5 291.5 291.5 291.5 291.5 290.5 288.5 288.5 289.5 289.5 288.5 288.5 290 289.5 289.5 289 287.5 287.5 285.5 288 288 288 289 289 288 288 287.5 284 281 285 285.5 286.5 283.5 282.5 284.5 286.5 286.5 285 286 286 284 283 284 283.5 284.5 286 287 286 285 286 286.5 285.5 285.5 284 282 282 282 279 278.5 278 282 283.5 285.5 285 285 285 284 285.5 286.5 286 283 283.5 283.5 283 281.5 281 278 275.5 280 282 282.5 281 278.5 277.5 276.5 278.5
292 292 292 291.5 290.5 291 290.5 290 289.5 288.5 287.5 286.5 286.5 289 290.5 290 287.5 286.5 285.5 286 287 288 288 287 289.5 290 288.5 286 286 287.5 286.5 287.5 286.5 280.5 280 284 285 285 284 285 286 284.5 283 280 282.5 284.5 286 286 286 286 285.5 284.5 282.5 283.5 282 281 282 281 280 281 281 281 283 284.5 286 286.5 287 287 286.5 286 284.5 282 281 279.5 277 276 275 278 274 279.5 281.5 281.5 279.5 278 274.5 272 276.5
292 292 292 292 290 289 290 289.5 288 288.5 289 288.5 289.5 290 291 290 288.5 289.5 289 288 284 286 287 288.5 289 290 289 288.5 288 288.5 287.5 286.5 285.5 284.5 282 281 283 285 285 285 285 285.5 284 282.5 282.5 284.5 285.5 285 285.5 285.5 284.5 283.5 281 280 279.5 280.5 281 282 282 283.5 284 283.5 284 285.5 285.5 286.5 286.5 287 285.5 285.5 284 284 282.5 279.5 274 267.5 268 271.5 272.5 276.5 279.5 280.5 278.5 274.5 272 269.5 271
292 291.5 290 290 290 289 287 288 289 290.5 291 290 291 291 290.5 290.5 290.5 290.5 289.5 287 285.5 287 289 289 290 290 289 289 289 287.5 287.5 288 287.5 286.5 285 284 282.5 282.5 283 284 284.5 285 284.5 283.5 281.5 282.5 284 285 285.5 285.5 282.5 281.5 279.5 277.5 278 279.5 280 282.5 282.5 282.5 283 284.5 285 285.5 286.5 286.5 286 286 284.5 282.5 284 282 280.5 276.5 271.5 267 270 273.5 271.5 273.5 277.5 277.5 278.5 273 274 274.5 273.5
291 290 289.5 289 289.5 288.5 289 289.5 290.5 291.5 291.5 291 289.5 289.5 289.5 290 291 290 290 289 289 288.5 289 290 290 290 290 290 288.5 287 286.5 286 284.5 283.5 284.5 284 283 281.5 283 284 284 284 284 283 281 282.5 284.5 284.5 285 284.5 281 279 279.5 278.5 279 279.5 280.5 282 281.5 281.5 284 285 285.5 285.5 285.5 286 285.5 286 284 283.5 280.5 279 275.5 273.5 270.5 270.5 272.5 272.5 269 270 274 276 274.5 274.5 278.5 278 278.5
289 288 289.5 289.5 288.5 289.5 290 290.5 291.5 291.5 291.5 290.5 290.5 290.5 290 290.5 291 291 290.5 290 289 287.5 288 290.5 290 289 289 289 288 288 286 284.5 280.5 281.5 282.5 283.5 283 282 283 284 282 283 283 283.5 281 281.5 283.5 281.5 283 282 280.5 279 279.5 280.5 281 280.5 281.5 282 281.5 283.5 284 285 285 284.5 285.5 282.5 282.5 285.5 283.5 282 276.5 273.5 269.5 270 271 269.5 270 268.5 269 274 276.5 278.5 277.5 274.5 279.5 280.5 280.5
289.5 289 288.5 288.5 286.5 289.5 291 291.5 291.5 291.5 291.5 291.5 291.5 290.5 290.5 290.5 291 290.5 290.5 289.5 289.5 289.5 289.5 290.5 289.5 289 289 288.5 288 288 288 287 285.5 284.5 284.5 283.5 284 283.5 284 283 284 283 282 282 282 281.5 281.5 280.5 280.5 280 281 279.5 279.5 280.5 281.5 281.5 280.5 282 283.5 284.5 283 281 282.5 284 281.5 279 279.5 284.5 284.5 279 274.5 274.5 271 269.5 271.5 273.5 272 273 273 276 278.5 280 281 280.5 281.5 282.5 283
290.5 290.5 289.5 288.5 287 290 291 291.5 291.5 292 292 291.5 291 290.5 290.5 291.5 291 291 291 289.5 289.5 290.5 289.5 289.5 289.5 289.5 288.5 288.5 287.5 287.5 287 287 286 285.5 284.5 284.5 285 283.5 284.5 284.5 284 283 280 281 281.5 281 280.5 280.5 280.5 281 281 279 280.5 281.5 282 282.5 280.5 281.5 283 282.5 281 281 281 282.5 282.5 280.5 278 283.5 285.5 282.5 278 276.5 273.5 275 275.5 276.5 274.5 277 276 277 278 278.5 276.5 275 275.5 277.5 279
291.5 290.5 289.5 290.5 289 291 291 291 292 292 292 291.5 290 290.5 291.5 291.5 291 291 291 289.5 289.5 290.5 289.5 289.5 289.5 289.5 287.5 287.5 287.5 286.5 286.5 286 286 284.5 283.5 285.5 284.5 284.5 285.5 285 283 282 281 281 281.5 281.5 281.5 281.5 281 281 280 280 281 280 280.5 282.5 281.5 281 282 283 282 282 281 281 282 279 278 282.5 284.5 284.5 282.5 280.5 279.5 278 278 277.5 278.5 277 276 276 275 272 272 271 268 271.5 275.5
290.5 291.5 289.5 290 291 292 292 292 292 292 292 291.5 291 291 290.5 290.5 291.5 290.5 290.5 290.5 290.5 290.5 290.5 290 290 289 288.5 288.5 287 287 286.5 284.5 284 283 285.5 286.5 285.5 286 286.5 285 284 283 281 280 281.5 281 281.5 281.5 281 281 281.5 281 280.5 281 281 282.5 282.5 282.5 283 283.5 283 283 282.5 281.5 281 282 283 284 285.5 284.5 282.5 280.5 280 278 274 274 277.5 274 274 272.5 275 274 273 270 268 276 280
291 291.5 291 289 290 292 292 292 292 292 292 292 291 291.5 291.5 290.5 291.5 290.5 290.5 290 289.5 290.5 290.5 290 289 289.5 289 288.5 288 287.5 285.5 285.5 283.5 284.5 286 285.5 286.5 286.5 284.5 284 284 283 283 281.5 281.5 281.5 282.5 281.5 280.5 280.5 279 279 280.5 281.5 281.5 281.5 281.5 282.5 283 283 283.5 283 282 281.5 282.5 283 284 284.5 284 284 283.5 282.5 281.5 277 274 276 276.5 276.5 277 276 274 272 270 267 272 277.5 276.5
291 292 292 290.5 291 292 292 292 292 292 292 292 291.5 291.5 291.5 291.5 290.5 290.5 290.5 290.5 290.5 290.5 290.5 290.5 289.5 288.5 288 287.5 287 286.5 285.5 286.5 286 286.5 285 285 286.5 285.5 283.5 283.5 284 284 283 283 282 283.5 283 277.5 277 280 279 279 280.5 281 281.5 282 282.5 283.5 283.5 283 282.5 283 282 282 282 281.5 283.5 282.5 282 282 281.5 280.5 277.5 272.5 271 271 271.5 273.5 276 275 274 272 270 268 269 272 274.5
292 292 292 292 292 291.5 291.5 292 292 292 291 291.5 291.5 291.5 291.5 291.5 291.5 291 290.5 289.5 290 290.5 291 290 290 289 289.5 288.5 287.5 287.5 288.5 288.5 288 287 286.5 286.5 287.5 286.5 285 284.5 285 285 284 283.5 284 284.5 282 280.5 279 280.5 281 280 280.5 281 282.5 283 283.5 283.5 283.5 283 282.5 282 281 281 281 282.5 283.5 284.5 284 283.5 280.5 278.5 276.5 272.5 270 271 274.5 276.5 273.5 274.5 275 275 272 267 262 265.5 269.5
292 292 292 292 291.5 291.5 291.5 291 291.5 291 291 290 291 291.5 291.5 291.5 291 291 291 290.5 290.5 291 291 290 290 290 290 289 288.5 288.5 288.5 289 288 287 287 287.5 287 285.5 284.5 285 286 285 285.5 284.5 285.5 285 284 284 283 282 281 281 280.5 282 283 280 280.5 282.5 283.5 283 281.5 281 280 281.5 283 284 283.5 283.5 282 281 281 275.5 272.5 269.5 267.5 272 272 272.5 270.5 269 269.5 272.5 271 269 265 262 262
292 291.5 291.5 291.5 291.5 291.5 291.5 291 290.5 290.5 291 291 291 290 290 289.5 291 291 291 291 290.5 291 290.5 290.5 290 290 289.5 289 289.5 289.5 289.5 288.5 287.5 286 286 287.5 285.5 285.5 284.5 286 286 286 285.5 286 285.5 285.5 284.5 284 283 282 281.5 281 281.5 282 281 281 282.5 282.5 283.5 283 281.5 282.5 282.5 283 283 283.5 283 280.5 277 276 279 275.5 273.5 269.5 266.5 269 270 269.5 265.5 265.5 268 271 271.5 269 263 257 256
291.5 291.5 291 291.5 291.5 291 291.5 290.5 290 289 289.5 290.5 289 289 290 288 289 290.5 291 291 291 291 290.5 290 289 289 288.5 289 289.5 289.5 289.5 288.5 287.5 286 287 287 286.5 284 283.5 286.5 286 286 287 286 285 286 284.5 284 284 283 282 281 281 281 279 281 282.5 282.5 282.5 282 282.5 283.5 283 283 283.5 281 280 275.5 274.5 276 278 277.5 275 272 267 268 269.5 267.5 263 261.5 267 269 270.5 268 264 260 261
291.5 291 290 291 291.5 291.5 291.5 290.5 290.5 289 286.5 288 289 288 287.5 287 288 290.5 290.5 290.5 290 290 290 290 289 287 288.5 289.5 289.5 289 289 288.5 287 287.5 288 287 285 284 285.5 286.5 286.5 286.5 286.5 286 286 286 285.5 284.5 284 283 282 281 281 281 281 282 282 282.5 282.5 283 283 282.5 282 283.5 282.5 280 277 275.5 274.5 275 275 277.5 273 270.5 266.5 266 268.5 267.5 265.5 267.5 270 269 269 268 262 255 261
290.5 290.5 288 290 291 291.5 291.5 291.5 290.5 290 288 288 288 284.5 285.5 287 289 290 290.5 290 290 290 290 290 290 289 289 289.5 289 288.5 288.5 288 288.5 288 287.5 286.5 285 285.5 286.5 286.5 286.5 287 286.5 286.5 286.5 286 285.5 285 283.5 280.5 282 281 279 280 280.5 281.5 282 282.5 282.5 282 281 281 281.5 282.5 280.5 279 278.5 275.5 273 274 276 278 276 269 266 264.5 266.5 264.5 261.5 270.5 271 273 271.5 267 262 257 264.5
290.5 290.5 289.5 287 290 291 291.5 291.5 290.5 290.5 289.5 289.5 288 287.5 286 285.5 288 287 290 290 290 290 290 290 289 289 290 289 289 288 287 287.5 288.5 287.5 286.5 286 286 286 287 287.5 287 287.5 287 286.5 286.5 286 284.5 284 283.5 282.5 282 279 279 281 281 281.5 282 282.5 281.5 280.5 281 280 280.5 281 279.5 277 277.5 273.5 271 271 274.5 275.5 271 264 261 262.5 262.5 261.5 262.5 273 274.5 274 271.5 265.5 265.5 267 271
290.5 290 287.5 286.5 289 290.5 290.5 291 290.5 289.5 289.5 288.5 289 287.5 286.5 286 285.5 285 288.5 290 290 290 290 289 289 289.5 290 289.5 288.5 288 287.5 288.5 288.5 287.5 286.5 286.5 287 286.5 287 287 287 287 287 287 286 285.5 281.5 279 280 282 279.5 279 280 280 281 281 281 280.5 280.5 280.5 280.5 278 278 279 277 275 274.5 271 271 272 273.5 270.5 269 265 262 261.5 261 263.5 267 273.5 277.5 275 271.5 267.5 273.5 275.5 276.5
290 290 289 288 289 289.5 290.5 290.5 290 288.5 287.5 286.5 286.5 286.5 285.5 285 284 284.5 288 289.5 290 290 290 289 289 289.5 289.5 289 289 288.5 288 288.5 287.5 285.5 286.5 287 287 285.5 285 286 287.5 287 286 286.5 285 283.5 278.5 277 277 277.5 277.5 279.5 279 279 280 280.5 280 279.5 279.5 280 280 278 276 275 273.5 271 271.5 271 273 273 270.5 268.5 265 264 264 264.5 265.5 267 272 276 281 280.5 277.5 275 280.5 282.5 282.5
289.5 289.5 290 288.5 288 289.5 290.5 290.5 290.5 289.5 286 282.5 284.5 285.5 284.5 284.5 284.5 284 286 287.5 289 289 289 289 289.5 289.5 289.5 289 289 289 288.5 288.5 288.5 286.5 287.5 287.5 286.5 283 281 285 287 287 286 286 285.5 284.5 278.5 278 278 277.5 278.5 278.5 277.5 278 279 280 280 279.5 278.5 279.5 278.5 277 276 274 271.5 271 270.5 272 271 273 270 267 269 266 267 267.5 269.5 272 277 280 282.5 282.5 282.5 282.5 283.5 283.5 281.5
289.5 290 289.5 286.5 286.5 289 289.5 290.5 290.5 290 287.5 285.5 285.5 285.5 282.5 283.5 283.5 284.5 285 285 286 288 288 289 288 287.5 288.5 289 289 289 288.5 288.5 287.5 285.5 287 287 285 282 283 286 286.5 287.5 286.5 285.5 284.5 283.5 283 280 281 282 282 280 277.5 277 280 281 281.5 280.5 280.5 280 277 275 274 272 270 269.5 269.5 270 272 270.5 270 270 269 270 269.5 269.5 274 279 281 282 283 283 283.5 284 284 282.5 282
289.5 290 289.5 289 289.5 290 289.5 289.5 290 290.5 290 289 288.5 287.5 285 283.5 284.5 285 285 285 284 285 287 287 286.5 285.5 286.5 288 288.5 288.5 288.5 287.5 285.5 287.5 287.5 287 285.5 285 286 286 287 287.5 286.5 285.5 284 281.5 283 284 284.5 283.5 282.5 279.5 277.5 281 282 282 282 280.5 281.5 280.5 277 275 274.5 271.5 269.5 269.5 270 271 271.5 267.5 265.5 264 266 267.5 268.5 273.5 276.5 279.5 281 283 283 282 283 283.5 284 283.5 283
289.5 289.5 289.5 290 290.5 290 290.5 289.5 289.5 290 290.5 291 290 289.5 287.5 285.5 284.5 284.5 285 284 283 285 285 282 283.5 283 286.5 287 288.5 288.5 288 287.5 286.5 287.5 286.5 287 287 285.5 286 286.5 287 287 287 286.5 285 284.5 285 285.5 284.5 283.5 283 283 282 283 283 283 282.5 281.5 281.5 279.5 278 276 272.5 270.5 269 269 270 270.5 270.5 269 268 267 266 267.5 271.5 277 280.5 282 282.5 283 282 281.5 283 283 283 283 281
289 289.5 289.5 289.5 290 290.5 290.5 289.5 289.5 289 290.5 291 290.5 289 287 286 285.5 284.5 286 287 285 286.5 286 283 280 280 283.5 287.5 288 287.5 285.5 286.5 287 286.5 286.5 287 286 286 286 286.5 286.5 286.5 287.5 286.5 285.5 285.5 285 285.5 284.5 284 284 284 283 283.5 284 284 283.5 282.5 281.5 281 279 275 272.5 271 269 269 270 269.5 269.5 267.5 267 267 269 274.5 277 280 279 280 282.5 281.5 282 282.5 282.5 283 283 282.5 279
289 289 289 289.5 290 290.5 290.5 290.5 290.5 290.5 290.5 290.5 290.5 289 287.5 286.5 285.5 286.5 286 286.5 288 288 287.5 286 279 279 283 287.5 288.5 288 287.5 287.5 287 285.5 287 287 286 285.5 285.5 286 286.5 286 286.5 287 286 286 285 285 284.5 284.5 284 284 284 284 283.5 282.5 282.5 282.5 282.5 280 275.5 273 272 270.5 270 269.5 270 269.5 267 265 268 272 275 277.5 279 279 281 281 279 279 281 282 282 282 280 280 278
289 289 289 289.5 290 289.5 290.5 290.5 290.5 290.5 290.5 290.5 290.5 289.5 287.5 286.5 285.5 288.5 288.5 288 289 289 288 285 278 283 286.5 287.5 288 287.5 287.5 287 286.5 285.5 285.5 286 285.5 285.5 284.5 282.5 285 286.5 286.5 287 286 286 285 285 285.5 285 285 284 284.5 284.5 283.5 283 282.5 281.5 281 280 278 274 270.5 270 270 270 271.5 271 265.5 267.5 268.5 273 275.5 277.5 276.5 277.5 277 275.5 274 276 278 281 280 280 276 275 277
