ecocropFuture/tif/c6/rcp585/ACCESS-CM2/tmean_2.asc
ncols        683
nrows        518
xllcorner    -87.691666666667
yllcorner    10.708333333333
cellsize     0.008333333333
NODATA_value  nan
[rows 266 to 303 of 518, columns 87 to 173 of 683]
296 296.5 296.5 296 296 295.5 295.5 295.5 295.5 295 294.5 293.5 293 292.5 292 292 292 292 292 292 292 292.5 291 288 292 291.5 289.5 292 292 292 292 291.5 290.5 290 289.5 288.5 285.5 284 281.5 273.5 265 277.5 283 278 271.5 261 261.5 268 270 270.5 277 280.5 281 280.5 275.5 271.5 278 278 276 269.5 266 266.5 262.5 258 253.5 261 267.5 272.5 272 272 276.5 279 277 269.5 265 267 265.5 264 257 250 242 237.5 243 245.5 254 258 258.5
297 296.5 297 297 297 296.5 296.5 296.5 295.5 295.5 295 294 293.5 292.5 292 291.5 292 292 292 292 292.5 292.5 292 291.5 291.5 290.5 288.5 290.5 291 291.5 292 291.5 291 290 290 288 287.5 286 280.5 274.5 269 279 284.5 284 280 270.5 265 262.5 269 278 276.5 279.5 281.5 280.5 274.5 273.5 278 278 273.5 270.5 268.5 268 265 263.5 262 264 268 267 272 271.5 277 279.5 277.5 270 268.5 268.5 264 264.5 256.5 251.5 247.5 242 247.5 256.5 258.5 257.5 258.5
296.5 296.5 297 297.5 297.5 297.5 297.5 296.5 296.5 296 295 294.5 293.5 292.5 292.5 292 292 292 292.5 292.5 292.5 292 292 292 291 289 284.5 280.5 289 291.5 291.5 291 290.5 290.5 289.5 288.5 288.5 286.5 282 280 276 283 285 285.5 284.5 278.5 266.5 265 273 279.5 282.5 284 283.5 279.5 274.5 274.5 274 277 278 276.5 272 270 267.5 262.5 267.5 266 267.5 270.5 272.5 275 277 279.5 275.5 269.5 273 269.5 265 257.5 258.5 253.5 245.5 247 254 258.5 259.5 260.5 260.5
295.5 296 296 297 297 297.5 297.5 297.5 297 297 295.5 294.5 293.5 292.5 292 292.5 292 292 292.5 292.5 293 292.5 292 292 292 291 286 277 287 291 291 290.5 290.5 290.5 290 289.5 288.5 288.5 287 285 283.5 285.5 286.5 286 286 280 272 273 279 280.5 283.5 285 285 280.5 275.5 278.5 277 278.5 278.5 278.5 276 275 271 264 266.5 267.5 270.5 271.5 274.5 272 276.5 278 271.5 276 271 262 265 259 256 255 251.5 254.5 257 257.5 258.5 260.5 261
292.5 293 293.5 294.5 295 295.5 296 296.5 296.5 296.5 295 294 293.5 292.5 291.5 292 291.5 292 292 292 292 292 292 291.5 291.5 290.5 287 281.5 286 290 289.5 290 290.5 290.5 290.5 290 289.5 288.5 288.5 287.5 284.5 284.5 287 287 286.5 282.5 275 279 279.5 284 284.5 286 286 281 277 279 281.5 281 281.5 279.5 279 276 272.5 268.5 266.5 271.5 271.5 273 275 275 273 277 277 277 271 265 260.5 258 260.5 257 256.5 260 256 257 260.5 261.5 262
288.5 289 289.5 291 292.5 293.5 294.5 295 295 295.5 294.5 294 293 292 291 291 291.5 291.5 291.5 291.5 291.5 291.5 291.5 291.5 291.5 290 289 283.5 286 286 287.5 288 289.5 290.5 290 289.5 290 288.5 288.5 288.5 287.5 284.5 287 287 287.5 286.5 282 284.5 284 284.5 286 286.5 286.5 284 280 281 281.5 282.5 282.5 281.5 281 278.5 275.5 270.5 267.5 273 275 275.5 275 274.5 277 279 277 276 274.5 271.5 267.5 259.5 256 255 262 260 260.5 261.5 262 262.5 262
281.5 284.5 286 288 290 291.5 292.5 294 294.5 295 294.5 293.5 292.5 291.5 291 290.5 291 291 291 291 291 290 290.5 290 291.5 290 290 288 287 288 289 288.5 289.5 290.5 289.5 289.5 290 289.5 288.5 288.5 288.5 288 288 288 287.5 287.5 286.5 286.5 286.5 287 287 286.5 286.5 285.5 283.5 284.5 277 280.5 283 282 281.5 279.5 277 270.5 262.5 269 273 275.5 277.5 278 276 280 275 273.5 273 268.5 267.5 263.5 263.5 259.5 262.5 257 257 259.5 260 262.5 260.5
273 279 282.5 285 287.5 289 291 292.5 293 294 293.5 292.5 291.5 291 290 290 290 290.5 290.5 290 289.5 289 287 287 289.5 291 290.5 290 288 288 290 290 290.5 290 288 285.5 288.5 289.5 289.5 289 289 289 288 288 288 287.5 287.5 287 287 287 287 287 287 286 285.5 283.5 279.5 278.5 280.5 283 282.5 280.5 277.5 270.5 257.5 254.5 266.5 275.5 278 278 280.5 280.5 276.5 275 265.5 264.5 261.5 265 262 264 260.5 259.5 261.5 261 259.5 262 257.5
270 275 278 281.5 284 286.5 288 291 292 293 293 292 291 290.5 289.5 289.5 289.5 289.5 289.5 289 289 287 286.5 283.5 284.5 287 288.5 289.5 288.5 288 289 290 290 290.5 289.5 288.5 288.5 289 289.5 288.5 287.5 288 288.5 288 288 287.5 287.5 287.5 287.5 287.5 287.5 287.5 287 287 286 284 282.5 277.5 277.5 283 282.5 281 279 271 257 254 260 270.5 278 277 280.5 281.5 275.5 274 269 262.5 258.5 259 263 261 259 263 266.5 263.5 265 254 256
266.5 271 273 275.5 278 281.5 283.5 287 288.5 289 291.5 291.5 291 290.5 290 290 289.5 289.5 289.5 289 289 288 284 280 280.5 283.5 286.5 288 288.5 289 289 290 290 288 289.5 289.5 289 287 288 284.5 282.5 285 284 287 288 287.5 287.5 287.5 287.5 287.5 287.5 287.5 287.5 287 286.5 286 285 283 283 283.5 279.5 279.5 280 274 268.5 264 272.5 273 279.5 281.5 282 279 276.5 276 272 270 268 266.5 264 261.5 263 267.5 269.5 265.5 261.5 258 253
258 262.5 265.5 268.5 272 276.5 280 284 286.5 289 290.5 291 291 291 290.5 290.5 290.5 290.5 290.5 290.5 290.5 290 288.5 286.5 282.5 282 282 284 287 289 289.5 289 289 287.5 289 289 289 289 288 287 281 279.5 280 282.5 286 287 287.5 288 288 288 288 287.5 287.5 287.5 287 284 279.5 278.5 281 282.5 279 275.5 279.5 273 276 274.5 273.5 280 282.5 282.5 280.5 277.5 274.5 274 275.5 275 273.5 270.5 266.5 260.5 264.5 268 271 264.5 260.5 258 252
246.5 251.5 255 260 266.5 272 277.5 281.5 285 288.5 289.5 290.5 291 291 291 291 291 291 291 291 291.5 291.5 291 290 287.5 282.5 284 284 285.5 287.5 288.5 288 287.5 288 288 288.5 288.5 288.5 287.5 286 285 278 275.5 278.5 281.5 286.5 288 288 288.5 288 288 287.5 287.5 287.5 287 285 282 281 281 280 278.5 277 277.5 275.5 275 280.5 277.5 281 283 282.5 279.5 275.5 271.5 269 268 270 265.5 262 264 260 262 267 271 266 265.5 258 248
228.5 235.5 240.5 250 259 266.5 272.5 278 282.5 286 288 290 291 291.5 291.5 291.5 291.5 292 292 292 292 292 291 290 289.5 285.5 287 288.5 289 289.5 289.5 290 289.5 289 289 287.5 286.5 285.5 285.5 286.5 285 281 276.5 280 282 287 288 288.5 288 288.5 288 288 287.5 287.5 287.5 287.5 287 287.5 285 279.5 279 279 279.5 276.5 273.5 281 278.5 283 283 279.5 274.5 271.5 268.5 261 252.5 256.5 254 255 258 257 267 270.5 272 269 268 261.5 255.5
211 215.5 228.5 238.5 251 256.5 263 269 274.5 282 285.5 287.5 290.5 291.5 292 291.5 292.5 292.5 293 292.5 292.5 292.5 292 290.5 290.5 290.5 290.5 291 291 291 290.5 290 289.5 289 288.5 287 283 282 281.5 282.5 283.5 280 282.5 286 287 287.5 288 288.5 288.5 288 288.5 288 287.5 287.5 287.5 288 288 288.5 285 280.5 278 279 282.5 279.5 276 281.5 281.5 284 280 272 266 263.5 260.5 256.5 252.5 251 250 252 252 257.5 263.5 269.5 273 273 272 265.5 264.5
208 207.5 223.5 241.5 247.5 250 252.5 256.5 268.5 279 283 285.5 284.5 287 290.5 292 292.5 292.5 293 293 293 293 292.5 291 291.5 291.5 291.5 291.5 291 291 291 291 289.5 289 288.5 288 285 279 274.5 272 278.5 283 285.5 286.5 287 288 288.5 289 289 288.5 288.5 288.5 288 288 288 288 288 288.5 288.5 286.5 282.5 280.5 284.5 282.5 279.5 283 285.5 283.5 272.5 269.5 268 265.5 261.5 261 257 252 251 250.5 252.5 259.5 267.5 271.5 273.5 274 273 269 267.5
225.5 223.5 236 246.5 249.5 251 248.5 255.5 268.5 277.5 283 286.5 288 289 290.5 291.5 292 292 292.5 292.5 292.5 292.5 292 292 291.5 291.5 291.5 291.5 291 291 291 290.5 290 289.5 289 288.5 286.5 280 272 269.5 272.5 280 284.5 286.5 287.5 288 288.5 288.5 289 288.5 288.5 288.5 288.5 288 288 288 288 288 288 288 287 286.5 286.5 284 284.5 286 282 277 274 275.5 275 269 264 263.5 261 254.5 254 255 254 260.5 270 273.5 274.5 274.5 272 267 260
241.5 239.5 242 247.5 249.5 249 248 259 272 277.5 283.5 286 287.5 288.5 290 290.5 290.5 291 291 291 291 291.5 291.5 291.5 291.5 291.5 291.5 291.5 291 291 291 290.5 290 289.5 289 289 288 281.5 272 269 273 278.5 284 286.5 287.5 288.5 288.5 289 288.5 289 288.5 289 288.5 288.5 288.5 288 287.5 287.5 288 288 287.5 287.5 287.5 286.5 287 286.5 283.5 280 278 279.5 270.5 267.5 265 264 263 260.5 259 257 256 260.5 271.5 275.5 276.5 274.5 273 267 266
253 252.5 248.5 247 244.5 244.5 253.5 265 273 279 282.5 285 286 287 288.5 288.5 288.5 289 289.5 289 289.5 290.5 290.5 291.5 291.5 291.5 291.5 291.5 290.5 290.5 290.5 290 290 289.5 289.5 288.5 287.5 286 280 269.5 273 281 285.5 286.5 287.5 287.5 288.5 289 289 289 289 289 289 289 288.5 288 287.5 287.5 288 288 287.5 287.5 287.5 287.5 286.5 286.5 286.5 286 283 283.5 275.5 270 266.5 264.5 264 263.5 263.5 260.5 259 262.5 272.5 277 276.5 274.5 273.5 269.5 269.5
262.5 261.5 257 254 253 255.5 263.5 269.5 275.5 280.5 283 284 284.5 285.5 287 287 286.5 287.5 287 287 286.5 287 289 290.5 291 291 291 290.5 290.5 289.5 289.5 290 289.5 290 289 289 288 287 283.5 275 279.5 283.5 285.5 286.5 287.5 288 288.5 288.5 289 289 289.5 289 289 289 288.5 288 287.5 287 287 287.5 287.5 287.5 288 288 287.5 287.5 287.5 287.5 284.5 286 283.5 274 270.5 265.5 265 265 265.5 262.5 260 263.5 273.5 276.5 273.5 272.5 274 272.5 269.5
268 268 267.5 264.5 262.5 265 269 274 278.5 280.5 282 282.5 282 282 282 282 282 282 283 281.5 282 282.5 285 289 290.5 290.5 290.5 290.5 289.5 289.5 289 289.5 289.5 290 289.5 289.5 288.5 288 285.5 283 284 285 286 286.5 287 288 288.5 289 289.5 289 289 289.5 289.5 289.5 289 288.5 287.5 287 287 287 287.5 287.5 288 288 288 288 288 288.5 288.5 288 287 284 279.5 272.5 269.5 271 266.5 265.5 270 271.5 273 278 274.5 269.5 274 273.5 268
272.5 272.5 273.5 271.5 269 270.5 272.5 275.5 277.5 278.5 278.5 277.5 276.5 275.5 269 272.5 274.5 274 274 275 277 279 282 287 289 290 290 290 289 288.5 288.5 289.5 289 289.5 289.5 289 289 288 287 285.5 285.5 285.5 286 287 287.5 288 288.5 288.5 289 289 289 289.5 289.5 289.5 289 288.5 288 287 287 287.5 287.5 287.5 288 288 287.5 288 288.5 288.5 288.5 288 288 287.5 286.5 284.5 281 280 276.5 275.5 279.5 280.5 279.5 278.5 277.5 276 274.5 273.5 268
275.5 275.5 276 275 273 272 274 275 276 275.5 271 266 268.5 265.5 252.5 262.5 264 262 263 266 272.5 274.5 279.5 286 288.5 289 289.5 289.5 288.5 288 288 289 289 289.5 289.5 289 288.5 288 287 285.5 286.5 286 287 287.5 288 288 288.5 288.5 288.5 288.5 289 289.5 290 289 288.5 288.5 288 287.5 287.5 287.5 287.5 287.5 287.5 287.5 287.5 287.5 288 288 288.5 288 288 287.5 286.5 286.5 285 282 283.5 283.5 281.5 279.5 279 280 277.5 274.5 266.5 264.5 259
278.5 278.5 278.5 278 276 274.5 276 276 275 272.5 263.5 256 256.5 257.5 252.5 252.5 253.5 250.5 252.5 256 264.5 271 280 285 287 288.5 287.5 289 288 287.5 287.5 288.5 288.5 289 289 289 288.5 288 287 286 286 287 287.5 288 288 288 288.5 288.5 288 289 289.5 290 290 288.5 289 288.5 288.5 288 288 287.5 287.5 287.5 288 287.5 286 288 288 288 288 288 288 287.5 286.5 286.5 285.5 283.5 284 283.5 279 278 273 278 275.5 273.5 270 264 254
281 280.5 281 279.5 279 279 278 277 276 272 264.5 256.5 257 255 245.5 243 243 240.5 239.5 247.5 260.5 269.5 278 282.5 287 287.5 285.5 288 288 287.5 288 288.5 288.5 289 289 288.5 288.5 288 286.5 287 287 287.5 287.5 287.5 287.5 287.5 287.5 288 288 289 289.5 289.5 289.5 289 289 288.5 288.5 288.5 288 288 287.5 288 287.5 287.5 287.5 287.5 287.5 288 288 288 288 287.5 287 286.5 286.5 285.5 285 284 283.5 280 273 271.5 273 271.5 265 259 263
283 283 282.5 282.5 282 280.5 279 277.5 277 273.5 269.5 265 259 251.5 234.5 234.5 241 235 239.5 249.5 260 270 278 279 284 286.5 285.5 287 286.5 287 287.5 288 288 288 288.5 288.5 288 287 286.5 287 287.5 287 287 287 287 287.5 287.5 288 288.5 288.5 289 289 289.5 289 289.5 289 288.5 288.5 288.5 288 288 288 287.5 287 287 287.5 287.5 287.5 287.5 287.5 287.5 287.5 287.5 287 287 286 285.5 283.5 283.5 281.5 275 276 271.5 272 264.5 262 269.5
285 284.5 284.5 284 283 282 280.5 279 277.5 274.5 271.5 267 262 257.5 255 249.5 248.5 248.5 251.5 256 264 272.5 277.5 280.5 281.5 286 286.5 286.5 286.5 286.5 286.5 287 287 287.5 287.5 287.5 287.5 287 287.5 287 287.5 287 287 287 287 287 287 287.5 288 288.5 289 289 289.5 289.5 289.5 289.5 289 289 289 288.5 288 287.5 287 287 287 287 287 287.5 287.5 287.5 287.5 287.5 287.5 287.5 287 286 285 283 282.5 282 279.5 275 275.5 270 260 265 271.5
286.5 286 285.5 285.5 284.5 283 282 280.5 279 276.5 273 269.5 267 265.5 264.5 263 262.5 259 255.5 261.5 268.5 274.5 278.5 278 279.5 283 285 285.5 285.5 285 285 286 286 286.5 286.5 287 287 287 287 287 287 287.5 287.5 287 287.5 287.5 287.5 287.5 288.5 289 289 289 289.5 289 289.5 289.5 289.5 289 289 288.5 288 287.5 287 286.5 287 287 287 287 287 287 287 287 287 287 286.5 286.5 286 284.5 283.5 280 278.5 279 274.5 271.5 267.5 271 273
287.5 287 287 287 286 285 283.5 282 280 278.5 275.5 273.5 271.5 270.5 269.5 268 268 257.5 247 265 272 276.5 277.5 277 278 277.5 279 282 284 284 283.5 283.5 284 284.5 284.5 285.5 286.5 286.5 286.5 287 287 287.5 287.5 287.5 288 288 287.5 288 288.5 289 289 289.5 289.5 289.5 289.5 289.5 289.5 289.5 289.5 288.5 288 288 287 286.5 286.5 286.5 286.5 286.5 286.5 286.5 286.5 286.5 287 287 287 286.5 286.5 286 285 280 280.5 283 279 278 277 274.5 275
288.5 288 288.5 288.5 287.5 286 285 283.5 282 280.5 278 276.5 275 274 273.5 273 272.5 270 268 271.5 274.5 276.5 276 271 271 268.5 270.5 274 278.5 282 281.5 282 283 283 283.5 284.5 285 285.5 286 286.5 287 288 288 288 288 288 288 288 288.5 289 289 289.5 289 289 289.5 289.5 289.5 289.5 289.5 289 288 287.5 287 286.5 286.5 286.5 286 286 286 286 286 286.5 286.5 286.5 286.5 287 286.5 286.5 286 284 284 283 282 280.5 279 275.5 274.5
289 289.5 289.5 289 288.5 287.5 286.5 285 283.5 282.5 281 280 278 276.5 277 277.5 277 277 276.5 277 278 277.5 274.5 266 260 258 259.5 263.5 271 277.5 279.5 280 281.5 282 282.5 283.5 284 284 284.5 286 287 287.5 288 288 288 288.5 288 288 288 288.5 289 289.5 289 289 289.5 289.5 290 290 290 289 288 287.5 287 286.5 286 286 286 285.5 285.5 285.5 286 286 286 286 286.5 286.5 286.5 286.5 286 284.5 283.5 281.5 281 281 279.5 278 273
290 290.5 290 290.5 289.5 288.5 288 286.5 285.5 284 283.5 282 280.5 279 279.5 280 280 280.5 280 280.5 279.5 277 274.5 268 256 244.5 250 253.5 267.5 276 277.5 279 279 279.5 281 282.5 282 282 282 284.5 287.5 288 288.5 288.5 288 288 288.5 288 288 288.5 289 288.5 289 289 289 289.5 290 290 290 289 288 287.5 286.5 286 286 286 285.5 285.5 285 285 285.5 285.5 285.5 286 286 286.5 287 286.5 287 285.5 284 279 278.5 279 276.5 276.5 278
290.5 290 290.5 290 290 289.5 289 287.5 287 285.5 285 284 282.5 281.5 281.5 282.5 283 282.5 282 282 280.5 278.5 275 268 255.5 251 255 260.5 271.5 276 277 277.5 277 278 279 280 281 281.5 281.5 282 286 287.5 287.5 288 288 287.5 287.5 287.5 288 288 288 288 288.5 288.5 288.5 289 289.5 289.5 289.5 289 288 287 286.5 286 285.5 285.5 285.5 285 285 285 285 285.5 285.5 285.5 286 286 286.5 287 286.5 287 284.5 279.5 279 277 277.5 275.5 277
290 290.5 290.5 290.5 290.5 290 289 288.5 288 287 286.5 285.5 285 284.5 284.5 284 284 284 283.5 282.5 281 279 276 271.5 266 264.5 265 268.5 273.5 276 275.5 274.5 275 275.5 275.5 275.5 278 278.5 278 279.5 283.5 284 285.5 287 287 286.5 286 286.5 287.5 288 287.5 287 287.5 287.5 288 288.5 289.5 289.5 289.5 288.5 288 287.5 286.5 285.5 285.5 285.5 285.5 285 285 285 285 285 285 286 286 286 286 286.5 287 287 285 281 279.5 278.5 279 279.5 279
290 290.5 290.5 290.5 290 290 290 289.5 289 288.5 287.5 287 287 286.5 285.5 285.5 285.5 285 284 283 282 280.5 278.5 277 274 272.5 273.5 274 274.5 275 273 271 271 272 272 272.5 274.5 274 276.5 278.5 282 283.5 284 286 286.5 283.5 284 285 286.5 287 287 286.5 287 287 288 288 289 289 289 288.5 288 287 286 285 285 285 285 285 285 285 285 285 285.5 285.5 285.5 286 286.5 286.5 286.5 286.5 286.5 284 279.5 279.5 280.5 281 280
290 290 290.5 290.5 290.5 290.5 290 290 290 289.5 289 288 288 287.5 286.5 286.5 285.5 285 284.5 284 282.5 281.5 280 279.5 277 276 275.5 274.5 274 273.5 267.5 262 266.5 266 266.5 267 268 271.5 274 278.5 282 284.5 285 286 286.5 284.5 283 284.5 286 285.5 286 286.5 286.5 286.5 287 288 288.5 289 289 288.5 287.5 286.5 285.5 285.5 285.5 285.5 285.5 285 285 285 285 285.5 285.5 285.5 285.5 285.5 286 286 286.5 286.5 285.5 285 279.5 278.5 279.5 280 281
290 290 290 290.5 290 290.5 290.5 290 290 290.5 289.5 289.5 288.5 287.5 287.5 286.5 286 285.5 284.5 283.5 282.5 281 280 279.5 278.5 276.5 275.5 274 272.5 271 268.5 260 261 256 255 260 263.5 264 270 276 280.5 284 285.5 285.5 286 286 283.5 284.5 284 284.5 285 285 285.5 286.5 286.5 287.5 288 288.5 288.5 288.5 287.5 286 285.5 285 285 285.5 285.5 285.5 285 285.5 285.5 285 285 285 285 285.5 285.5 285.5 286 286 285.5 283.5 282.5 280 282 281 280.5
290 290 290 290 290 290 290.5 290 290.5 290 289.5 289 289 288 287.5 287 286 285 285 284 282.5 282 280.5 279 277.5 276 274.5 271 271.5 270 265.5 256.5 255.5 246.5 250 251.5 249.5 250 260.5 272 278 282.5 284.5 286 286 285 282 282.5 282.5 283 283.5 284.5 285 286 286 287 287.5 288.5 288.5 288 287 286 285.5 285 285 285 285 285 285 285 285 284.5 284.5 284 284 285 285 285 284.5 285 285 285 285 283.5 282 283 283
290 290 289.5 290 290 290 290 289.5 290 289.5 289.5 289 289 288 287.5 287 286.5 285.5 284.5 284 282.5 281 279.5 278 276.5 275.5 274 272.5 271 268.5 265.5 261.5 250.5 235.5 240.5 237.5 238 242.5 257.5 272 280 282 285 285.5 285.5 285 284 282 281 281.5 281.5 283 284 285 285.5 286.5 287 288 288 288 287 286 285 284.5 284.5 284.5 284.5 284.5 284.5 284 284 283.5 283.5 283 283.5 283.5 283.5 283.5 283.5 283.5 283.5 284 283.5 284 284 283 283
