ecocropFuture/tif/c6/rcp585/ACCESS-CM2/tmean_4.asc
ncols        683
nrows        518
xllcorner    -87.691666666667
yllcorner    10.708333333333
cellsize     0.008333333333
NODATA_value  nan
[rows 380 to 417 of 518, columns 174 to 260 of 683]
266 266 265.5 265.5 265.5 266 266 268 269.5 270 271 272 273 274 277 278.5 280.5 281 282 282 283 283.5 283.5 283.5 284 284 284 282.5 277.5 276.5 274.5 272 272.5 273 276.5 282 283.5 286 290 293.5 295.5 295 295 294.5 294 294 294 294 293.5 293.5 293.5 293.5 293.5 293.5 293.5 293.5 293.5 293.5 293.5 293.5 293.5 293.5 293.5 293.5 293.5 293.5 293.5 293.5 293.5 293.5 293.5 293.5 294 294 294 293.5 293.5 293.5 293.5 294 294 294 294 294 294 294 294
268 268 267 267 267 267.5 268 269 269.5 271 272 273 274 275.5 277 279.5 281.5 282.5 283.5 284 285 284.5 284.5 285.5 286 285.5 283 280 273.5 266.5 261.5 259 260 260 272.5 276.5 277.5 281 287 291.5 295 295 295 294.5 294 294 293.5 293.5 293.5 293.5 293.5 293.5 293.5 293.5 293.5 293.5 293.5 293.5 293.5 293.5 293.5 293.5 293.5 293.5 293 293 293 293 293 293 293 293 293.5 293.5 293.5 293.5 293.5 293.5 293.5 294 294 294 294 294 294 294 294
270.5 270.5 269.5 269 269 268.5 269.5 270 270.5 272 273 274 275 276 278 280 282 284 284.5 285 285.5 286 286 286.5 287.5 286 283.5 280 273.5 263 253 240.5 242 250 263.5 266 269.5 276 284 291 294.5 295 295 294.5 294 294 293.5 293.5 293.5 293.5 293.5 293.5 293.5 293.5 293.5 293.5 293.5 293.5 293.5 293 293 293 293 293 293 293 293 293 293 293 293 293 293.5 293.5 293.5 293.5 293.5 293.5 293.5 294 294 294 294 294 294 294 294
273 272.5 271.5 271.5 271 270.5 271.5 271.5 272 273.5 274.5 275 276 277 278.5 281 283 285 286 286 286 287.5 287 287.5 288 286.5 284 282 276 268 258 239 245 237 243.5 258 267.5 278 281.5 285.5 292 295 294.5 295 294.5 294 293.5 293.5 293.5 293.5 293.5 293.5 293.5 293.5 293.5 293.5 293 293 293 293 293 293 293 293 293 293 293 293 293 293 293 293 293.5 293.5 293.5 293.5 293.5 293.5 293.5 294 294 294 294 294 294 294 294
275 274 274 273.5 273.5 273 273 273.5 274 274.5 275.5 276.5 277.5 278.5 279.5 281.5 283.5 285 286 287 287.5 288 288.5 289 289 287.5 286 283.5 279 273 265 256 263 247 252.5 265 274 280.5 284 286 290.5 294 295 294.5 294.5 294 294 293.5 293.5 293.5 293.5 293.5 293.5 293.5 293.5 293 293 293 293 293 293 293 293 293 293 293 293 293 293 293 293 293.5 293.5 293.5 293.5 293.5 293.5 293.5 293.5 294 294 294 294 294 294 294 294
277.5 276.5 276 275.5 275.5 275.5 275.5 275.5 276 276.5 277.5 278 279 279.5 281 282.5 283.5 285.5 286.5 287.5 288 289 289.5 290 290 289 288 286.5 284 280.5 276 270.5 271 267 267.5 275.5 282.5 285.5 286.5 287.5 288 288.5 295.5 295 294.5 294.5 294 294 294 294 294 293.5 293.5 293.5 293 293 293 293 293 293 293 293 293 293 293 293 293 293 293 293 293 293.5 293.5 293.5 293.5 293.5 293.5 293.5 293.5 294 294 294 294 294 294 294 294
280 279 278.5 278 277.5 277.5 277.5 277.5 277.5 278.5 279 279.5 280 281 282 283 284.5 285.5 287.5 288 288.5 290 291 291 291 291 290.5 289 288 286.5 284.5 282 282 281 281.5 285 288.5 291 292.5 291.5 289.5 292 296 295.5 295 294.5 294.5 294.5 294 294 294 294 294 293.5 293.5 293 293 293 293 293 293 293 293 293 293 293 293 293 293 293 293.5 293.5 293.5 293.5 293.5 293.5 293.5 293.5 293.5 294 294 294 294 294 294 294 294
282 282 281 280 280 279.5 280 280 280 280.5 281 281.5 282 282.5 283.5 284 286 286.5 287.5 289 289.5 290.5 292 292.5 293 292.5 292 291 290.5 290.5 289.5 289 289.5 289 290.5 291 293 294.5 295 294.5 294 295.5 296 296 295 294.5 294 294 294 294.5 294.5 294 294 293.5 293.5 293 293 293 293 293 293 292.5 292.5 292.5 292.5 292.5 292.5 292.5 292.5 292.5 293 293 293 293 293 293 293 293 293 293.5 293.5 293.5 293.5 293.5 294 294 294
284 284 284 283 282.5 282.5 282 282 282 282.5 282.5 283 283.5 284.5 285 286 287 288.5 289 290 291 292 293 293.5 294 294.5 294 293 293.5 293.5 292 293 292.5 294 294.5 295.5 295.5 296.5 296 296.5 296 296.5 296.5 296 295.5 295 294.5 294 294 294 294 294 293.5 294 293.5 293.5 293 293 293 292.5 292.5 292.5 292.5 292.5 292.5 292.5 292.5 292.5 292.5 292.5 293 293 293 293 293 293 293 293 293 293 293 293 293 293 293.5 293.5 293.5
286 285.5 285.5 284.5 284 284 284 283.5 283.5 284 284 284.5 285 286 286 287 288.5 289.5 290 291 292 292.5 293.5 294.5 294.5 295 294.5 294.5 294.5 294.5 295 294.5 295 296 296.5 297 297.5 297 296.5 295.5 295.5 295.5 295 295.5 295 294.5 294.5 294.5 294.5 294.5 294 294 294 293.5 293.5 293.5 293 293 292.5 292.5 292.5 292.5 292.5 292.5 292.5 292.5 292.5 292.5 292.5 292.5 292.5 293 293 293 293 293 293 293 293 293 293 293 293 293 293.5 293.5 293.5
288 287.5 287 287 286 285.5 285.5 285.5 285.5 285.5 285 286 286.5 287 288 288.5 289.5 291 291 292 292.5 293 294 294.5 295 294.5 295 295 295 295.5 295.5 296.5 297 297 297.5 297 297 296.5 296 295.5 295 295 294.5 295 295 294 293.5 294.5 294.5 294.5 294.5 294 292 293.5 294 293.5 293 293 293 292.5 292.5 292.5 292.5 292.5 292.5 292.5 292.5 292.5 292.5 292.5 292.5 293 293 293 293 293 293 293 293 293 293 293 293 293 293.5 293.5 293.5
289.5 289.5 288.5 288.5 287.5 287.5 287.5 287 287 287 287 287.5 288 288.5 289.5 290.5 291 291.5 292.5 292.5 293 293 294 294.5 294.5 295 295.5 295 295.5 295.5 295.5 296.5 297 297 297 297 297 296 295.5 295.5 295 294 295 295 294.5 294 292 292 293 293 293 294 287 292 293.5 293.5 293 293 293 293 292.5 292.5 292.5 292.5 292.5 292.5 292.5 292.5 292.5 292.5 292.5 293 293 293 293 293 293 293 293 293 293 293 293 293 293.5 293.5 293.5
291 291 291 290 289 289 289 288.5 288 288.5 288.5 288.5 289.5 289.5 290.5 292 292 292.5 293 294 294 294.5 294.5 295 295 295.5 295 295.5 296 295.5 295.5 296 296 296.5 296.5 296 296.5 296 295.5 294.5 294.5 294 294.5 294.5 294.5 291 288.5 288.5 288.5 288.5 286.5 288.5 288 292 293.5 293.5 293 293 293 293 292.5 292.5 292 292 292 292 292 292 292 292 292 292.5 293 293 293 293 293 293 293 293 293 293 293 293 293.5 293.5 293.5
293.5 293.5 292.5 291.5 291.5 290.5 290.5 289.5 289 289.5 289.5 290 290.5 291 291.5 292.5 293.5 293.5 294 294.5 294.5 295 295 295.5 295.5 296 295.5 296 296 295.5 295 295.5 295.5 295.5 296 296 296 296 295 294.5 294 294 294 293.5 291 288 285 288.5 288.5 282 276.5 277.5 284.5 290.5 293.5 293.5 293 293 293 293 292.5 292 292 292 292 292 292 292 292 292 292 292 292 292.5 292.5 292.5 292.5 292.5 292.5 292.5 293 293 293 293 293 293 293
295 294.5 294 294 293 292 291 290.5 289.5 290.5 290 290 291.5 292 292.5 293.5 294 294 294.5 295.5 295.5 296 296 296 296 296 296 296 296 296.5 295.5 295 295.5 295.5 296.5 296 296 296.5 295.5 295 294.5 294.5 294 293 290.5 286 279.5 282.5 283.5 276.5 270 268.5 278.5 287.5 293 293.5 293 293 293 292.5 292 292 292 292 292 292 292 292 292 292 292 292 292 292 292 292 292 292.5 292.5 292.5 292.5 292.5 292.5 292.5 292.5 293 293
295.5 295.5 295 295 294 293 292 291.5 290.5 290.5 288 289.5 292.5 292.5 293.5 294 294 294.5 295 296 296 296 296.5 296.5 296 296 296 296 296 296.5 295.5 295.5 296 296.5 296.5 296 296.5 296.5 296 295.5 294.5 294.5 294.5 294 293.5 288.5 282 279 280 276.5 275.5 273.5 278.5 287 292.5 293 292.5 293 292.5 292 292 292 292 292 292 292 292 292 292 292 292 292 292 292 292 292 292 292 292 292 292.5 292.5 292.5 292.5 292.5 292.5 292.5
296.5 295.5 295.5 295.5 295 293 292 292 292 289.5 286.5 292 293 293 294 294 294.5 295 295.5 296 296.5 296.5 296.5 297 297 296.5 296.5 296.5 297 297 296.5 296 296 296.5 296.5 297 297 297 296 296 295 295 294.5 294.5 294 293 288 287.5 285.5 286.5 286 283.5 282.5 287 292 292.5 292.5 292.5 292 292 292 292 292 292 292 292 292 292 292 292 292 292 292 292 292 292 292 292 292 292 292 292 292 292.5 292.5 292.5 292.5
296.5 295.5 295 295.5 293.5 293.5 292.5 291 290.5 290.5 291 292.5 293 293.5 293.5 294 294.5 295 295.5 295.5 295.5 296 296.5 297 297 297 297 297 297 297 297 296.5 297 297 297 297.5 297.5 296.5 296.5 296.5 295.5 295 295 294 293 292 293 292.5 292.5 292.5 292 290.5 288.5 290 292 292.5 292.5 292 292 292 292 291.5 291.5 291.5 291.5 291.5 291.5 291.5 291.5 291.5 291.5 291.5 292 292 292 292 292 292 292 292 292 292 292 292 292.5 292.5 292.5
295 294 293 293.5 292.5 291.5 291.5 289.5 289.5 289.5 290 291.5 291 291 292 292 293.5 293.5 293 293.5 294 294 296 297 297 296.5 297 297.5 297.5 297.5 297 297.5 297.5 297 297 297.5 297.5 297 297 296.5 296 295.5 295 294.5 293 293.5 293.5 293 293 292.5 292 292 292 292 292 292 291.5 291.5 291.5 291.5 291.5 291.5 291.5 291.5 291.5 291.5 291.5 291.5 291.5 291.5 291.5 291.5 291.5 291.5 291.5 291.5 292 292 292 292 292 292 292 292 292 292.5 292.5
295 293 294 292.5 292 290.5 289.5 287.5 287.5 287 290.5 290 288 289 290 289.5 291.5 291.5 292 292 294.5 293.5 295 295.5 296 295 296.5 297.5 297.5 297.5 297.5 297.5 297.5 297.5 297.5 297.5 297.5 297 296 296.5 296 296 295.5 294.5 293 294 293.5 293 292.5 292 292.5 292 291.5 291.5 291.5 291.5 291.5 291.5 291.5 291.5 291.5 291.5 291.5 291.5 291.5 291.5 291.5 291.5 291.5 291.5 291.5 291.5 291.5 291.5 291.5 291.5 291.5 291.5 291.5 292 292 292 292 292 292 292 292.5
293.5 295 296 295 292 292 290 287.5 286.5 289 290 287.5 285 286.5 288 287.5 289.5 288.5 290 294 295 296.5 296.5 296.5 296.5 297.5 297.5 297.5 297.5 297.5 298 297.5 297.5 297.5 297.5 297.5 297 296.5 296.5 295.5 296.5 296 295.5 295 294 294 293.5 293 292.5 292 292.5 291.5 291.5 291.5 291.5 291.5 291.5 291.5 291.5 291.5 291.5 291.5 291.5 291.5 291.5 291.5 291.5 291.5 291.5 291.5 291.5 291.5 291.5 291.5 291.5 291.5 291.5 291.5 291.5 291.5 291.5 291.5 292 292 292 292 292
294.5 296 296.5 294.5 293 293 289 286 288 288.5 286.5 285.5 282.5 282.5 286.5 286 286.5 287 287 291.5 293.5 295.5 296.5 296.5 296.5 297 297.5 297.5 297.5 297.5 298 298 297.5 297.5 297.5 297.5 297 297.5 297 296.5 295 296.5 296 295.5 294.5 294 293.5 293 292.5 292 292 291.5 291.5 291.5 291.5 291.5 291.5 291.5 291.5 291.5 291.5 291.5 291.5 291.5 291.5 291.5 291.5 291.5 291.5 291.5 291.5 291.5 291.5 291.5 291.5 291.5 291.5 291.5 291.5 291.5 291.5 291.5 291.5 291.5 291.5 292 292
296.5 297.5 296.5 295.5 293.5 289.5 288 286 287.5 284 277.5 281.5 281 280 282.5 288 287 288 291.5 291.5 292.5 294.5 295 295 295.5 296 295.5 295.5 295.5 296.5 297.5 298 297.5 297.5 297.5 297.5 297 297 297 296 295 294 294.5 295 294.5 294 294 293 292.5 292 292 291.5 291.5 291.5 291.5 291 291 291 291 291 291 291 291 291 291 291 291 291 291 291 291 291.5 291.5 291.5 291.5 291.5 291.5 291.5 291.5 291.5 291.5 291.5 291.5 291.5 291.5 291.5 292
297 294.5 293 292.5 288.5 284 284 286.5 284 277.5 275.5 282.5 281.5 282 284.5 289 289 291.5 292 290.5 292.5 293 293.5 293 292.5 293.5 292 291.5 291.5 294.5 297 298 297.5 297.5 297.5 297.5 297.5 297 297 296.5 296.5 294.5 293.5 294.5 295 294 293.5 293.5 293 292 291.5 291.5 291 291 291 291 291 291 291 291 291 291 291 291 291 291 291 291 291 291 291 291 291 291 291.5 291.5 291.5 291.5 291.5 291.5 291.5 291.5 291.5 291.5 291.5 291.5 291.5
294.5 294.5 290.5 290 285 283 286 283.5 280 271.5 275 284 285 283 289.5 290.5 286.5 288.5 292 289 291 292 293 291.5 291.5 292 292 292.5 293.5 296.5 297.5 297.5 297.5 297.5 297.5 297.5 297.5 297.5 297 297.5 297.5 296.5 296 295.5 294.5 294.5 293.5 293.5 293 292 291.5 291 291 291 291 291 291 291 291 291 291 291 291 291 291 291 291 291 291 291 291 291 291 291 291 291 291.5 291.5 291.5 291.5 291.5 291.5 291.5 291.5 291.5 291.5 291.5
297 294 292.5 289.5 283.5 283.5 289 284.5 282.5 276.5 283 290.5 286.5 287.5 290.5 291.5 286 287 289.5 293 292 290.5 292.5 291.5 292 293.5 293 294 296 297 298 297.5 297.5 297.5 297.5 297.5 297.5 297.5 297 297 297.5 297 296 295.5 294.5 294.5 293.5 293.5 292.5 292 291.5 291 291 291 291 291 291 291 291 291 291 291 291 291 291 291 291 291 291 291 291 291 291 291 291 291 291.5 291.5 291.5 291.5 291.5 291.5 291.5 291.5 291.5 291.5 291.5
295.5 291 291.5 284.5 285 290 289 287.5 285 283 287.5 293 291.5 291 293 292.5 289.5 292 290.5 295 295 293.5 292.5 291.5 292 293 293.5 296 296 297 297.5 297.5 297.5 297 297 297 297.5 297.5 297 297 297.5 297 296 295.5 294.5 294 293.5 292.5 292.5 292 291.5 291 291 291 291 291 291 290.5 290.5 290.5 291 291 291 291 291 291 291 291 291 291 291 291 291 291 291 291 291 291.5 291.5 291.5 291.5 291.5 291.5 291.5 291.5 291.5 291.5
294 294 290.5 284 289.5 291.5 286.5 283 282 283 288 294.5 294.5 292 294 295 294 295 295 296 296 295.5 294.5 294.5 291.5 291.5 295.5 295 296 297 297.5 297.5 297 297 297 297 297.5 297.5 297 297 297.5 297 296 295.5 294.5 293.5 293.5 292.5 292.5 292 291 291 290.5 290.5 290.5 290.5 290.5 290.5 290.5 290.5 290.5 290.5 290.5 290.5 290.5 290.5 291 291 291 291 291 291 291 291 291 291 291 291.5 291.5 291.5 291.5 291.5 291.5 291.5 291.5 291.5 291.5
295.5 293 286.5 286.5 293 290.5 285.5 280.5 280.5 285.5 289 295.5 293.5 293 294.5 296.5 297 297 297 296 294 295 293.5 292.5 292 295 296 295 296.5 296.5 296.5 297 296.5 296 296 297 297 297.5 297 297 297 297 296 295.5 294.5 293.5 293 292.5 292.5 292 291 290.5 290.5 290.5 290.5 290.5 290.5 290.5 290.5 290.5 290.5 290.5 290.5 290.5 290.5 290.5 290.5 290.5 291 291 291 291 291 291 291 291.5 291.5 291.5 291.5 291.5 291.5 291.5 291.5 291.5 291.5 291.5 291.5
294.5 290.5 282.5 288 292 285.5 283.5 281.5 286 290 292.5 296 295.5 293.5 296.5 298 297.5 296.5 294.5 293.5 295.5 296.5 295.5 295.5 295.5 296 296 295.5 296.5 296.5 296.5 296 295.5 293.5 295 296.5 296.5 296.5 297 297 297 297 296 295.5 294.5 293.5 293 292.5 292.5 291.5 291 290.5 290.5 290.5 290.5 290.5 290.5 290.5 290.5 290.5 290.5 290.5 290.5 290.5 290.5 290.5 290.5 290.5 290.5 291 291 291 291 291.5 291.5 291.5 291.5 291.5 291.5 291.5 291.5 291.5 291.5 291.5 291.5 291.5 291.5
293.5 290 288.5 293 287.5 284 285 282 290 291.5 292 296 295 296 298 297 295 297 296 296.5 296 293.5 293 294.5 294.5 296 295.5 295.5 295.5 295.5 295 295 294 293 295 296 296.5 296.5 297 297 297 297 296 295.5 294.5 294 293 292.5 292 292 291 290.5 290.5 290.5 290.5 290.5 290.5 290.5 290.5 290.5 290.5 290.5 290.5 290.5 290.5 290.5 290.5 290.5 291 291 291.5 291.5 292 291.5 291.5 291.5 291.5 291.5 291.5 292 292 292 291.5 291.5 292 291.5 291.5
295 293.5 292 295.5 289 285 287 285.5 292.5 294.5 294.5 296 294.5 298 298.5 296.5 294 293.5 295 296 295 291 290.5 293 294 293 293.5 294 293.5 294 291.5 289.5 290 294 295 294.5 294.5 294.5 296 296 297 296.5 296 295.5 295 294 293.5 293 292.5 291.5 291.5 290.5 290.5 290.5 290.5 290 290 290 290 290 290 290 290.5 290.5 290.5 290.5 290.5 291 291.5 291.5 291.5 292 291.5 292 292.5 292.5 292.5 292.5 292.5 292 292 292 292.5 292 292 291.5 292
294 292 293 296 288.5 287.5 287.5 286 291.5 294.5 295.5 297.5 296.5 297 294.5 293.5 291 291 292.5 292 293 290 290 290 292 292.5 294.5 293 291 290 288.5 288.5 291 293.5 293 292 292 292 294 295 296 296.5 295.5 295.5 295 294.5 294 293 292.5 292 291.5 290.5 290.5 290 290 290 290 290 290 290 290 290 290 290.5 290.5 290.5 291 291.5 291 291.5 291.5 292 290.5 291 291 291.5 291.5 291.5 292.5 292.5 292.5 292.5 292.5 292.5 292.5 292 292
295.5 296 296.5 295.5 291.5 293 290 288.5 291 295 295.5 297.5 294.5 292.5 292.5 292.5 291 291 289 290.5 290 289 291.5 288 290.5 294.5 294.5 292 288 288 290.5 291.5 290.5 291.5 293 293 292.5 291.5 291.5 293.5 296 296 295.5 295 295 294.5 294.5 293.5 293 292 291 291 290.5 290.5 290 290 290 290 290 290 290 290 290 290 290.5 291 291 291 290.5 290 290 290.5 289.5 289.5 289 290 290 290 291.5 292.5 293 292.5 293 292.5 292.5 292.5 292
297.5 297 297.5 296.5 295 295 293 291.5 294.5 296 297.5 298 296 294.5 293 290.5 289.5 292.5 292.5 292 289 291.5 292.5 289 292 294.5 292.5 291.5 288.5 288.5 291.5 291.5 289 290 292.5 293.5 293 292.5 290 292.5 295 295.5 295.5 295.5 295 295 294 293.5 292.5 292.5 291.5 291 290.5 290.5 290 290 290 290 290 290 290 290 290 290 290.5 291 290.5 289.5 288.5 288.5 288.5 288.5 287.5 286 286 287 288.5 290 291 291.5 292 293 293 293.5 293 292.5 292.5
nan nan 297.5 297.5 296.5 296.5 295.5 292 295 296.5 298 298 294.5 293.5 291 290 291.5 293.5 294 291.5 289 294 291 291 294.5 294.5 290.5 289.5 289 287.5 290 291 291 290 292.5 293.5 291.5 291 291.5 293 294 295.5 295 295.5 295 294.5 294.5 293.5 293 292 291.5 290.5 290.5 290.5 290 290 289.5 289.5 289.5 289.5 290 290 290 290 290.5 290.5 289 288 287.5 286.5 286.5 285 283 281 280 281.5 285.5 288 288.5 291 291.5 293 293.5 293 293.5 292.5 292.5
nan nan nan 298 297.5 297 296 293.5 294 296.5 298 297.5 295.5 294 291 292 294 294 295.5 293.5 293 294 289.5 294 295 292 290.5 288.5 285.5 286.5 286.5 289.5 292 292 293 293 291.5 292 292 294 294 294.5 295 295 295 294.5 294.5 293.5 293.5 292.5 292 291 290.5 290.5 290.5 290 289.5 289.5 289.5 289.5 289.5 289.5 289.5 290 290.5 290 288.5 287 287 286 284 280 275 267 264.5 271.5 278 282.5 285 289.5 291.5 293 293.5 293.5 293.5 293 292.5
nan nan nan nan nan 297 296.5 294.5 292.5 297 297.5 296 294 295.5 295.5 296.5 296 296 294.5 294.5 295.5 293.5 290 295.5 293.5 289.5 290.5 290 288 286 285.5 287 289 290.5 292 292 293 293.5 293 293.5 294.5 294.5 295 294.5 295 294.5 294 294 293 292.5 292 291.5 291 290.5 290.5 290 289.5 289.5 289.5 289.5 289.5 289.5 289.5 290 290.5 290 287.5 285.5 286.5 285.5 283 277 262.5 247 239 251.5 270 281 286 288.5 291 293 293 293.5 293.5 293 292
