ecocropFuture/tif/c6/rcp585/ACCESS-CM2/tmean_11.asc
ncols        683
nrows        518
xllcorner    -87.691666666667
yllcorner    10.708333333333
cellsize     0.008333333333
NODATA_value  nan
[rows 190 to 227 of 518, columns 86 to 171 of 683]
nan nan nan nan nan nan nan nan nan nan nan nan nan nan nan nan nan nan nan nan nan nan nan nan nan nan nan nan nan nan 219.5 227.5 233.5 234.5 228.5 229 233.5 235.5 236.5 237 235 235.5 234 233.5 232 230.5 226.5 220 215.5 217 216 212.5 218.5 222 224.5 227 231 231.5 236 237.5 236.5 236 237 239 240 242 244 245 245.5 245.5 246 243.5 244 240.5 241 241 239.5 240.5 232.5 222 222 217.5 219.5 220.5 217.5 218.5
nan nan nan nan nan nan nan nan nan nan nan nan nan nan nan nan nan nan nan nan nan nan nan nan nan nan nan nan nan nan 221.5 228 232 234 229 227.5 232.5 232 230 235.5 234 233 233.5 232.5 230.5 228 222 210 203.5 206 209.5 215 222.5 228 230 231.5 233.5 236 236.5 234.5 236.5 239 238 239 240 240 243.5 244.5 245 246.5 246.5 243 241.5 239 236 236.5 234 236 227 228 221 214.5 215.5 215.5 209 211
nan nan nan nan nan nan nan nan nan nan nan nan nan nan nan nan nan nan nan nan nan nan nan nan nan nan nan nan nan 213.5 224 230 232 233 229.5 229 230 229.5 229 234.5 233 230.5 229 231.5 229 224.5 218.5 200 190 205 216 223 227 227 230 230.5 233.5 236 237.5 238 238 239 239 240 241.5 241.5 242.5 243.5 244.5 246 244.5 244.5 241.5 239 238 237.5 232 228 228 230.5 228 225.5 222 214.5 205.5 207.5
nan nan nan nan nan nan nan nan nan nan nan nan nan nan nan nan nan nan nan nan nan nan nan nan nan nan nan nan 210.5 218.5 225.5 229.5 226 228 231 229.5 223 224 229.5 232.5 229.5 226 222.5 228 226.5 215.5 211 202.5 198 209 215 225.5 230 228 231.5 231.5 231 234.5 237.5 239 239 239 239 239 240 242 242.5 242.5 243.5 244.5 243 244 241 241 237.5 236 236 234 234.5 233.5 232 228 223.5 215 213 214
nan nan nan nan nan nan nan nan nan nan nan nan nan nan nan nan nan nan nan nan nan nan nan nan nan nan nan nan 212.5 221 225.5 228.5 224 224 225 228.5 226 222.5 229 227.5 228.5 224 223 222 219 211 204.5 193.5 208 221 225.5 229 232 230 230.5 234 234 236.5 234.5 237.5 239 239.5 239.5 239 240 241 242 242.5 243.5 242 243 244 241 240 238.5 234.5 234 234.5 232.5 232 232 230 224.5 216.5 220 220
nan nan nan nan nan nan nan nan nan nan nan nan nan nan nan nan nan nan nan nan nan nan nan nan nan nan nan 199.5 207 213.5 220.5 225 226 220 222 223.5 221 219 225.5 222 227.5 223 220.5 219.5 215 208 198.5 195.5 207.5 222.5 228.5 232 234 234 234 236 232.5 237.5 237 237 237.5 237.5 236.5 238.5 240 240.5 242 243 241 241 240.5 242.5 241 240 238.5 237 235.5 232 232 227.5 225.5 226.5 222 215.5 221 220
nan nan nan nan nan nan nan nan nan nan nan nan nan nan nan nan nan nan nan nan nan nan nan nan nan nan nan 197 202.5 209 217.5 222 228 225 220.5 216.5 217.5 214.5 218 214 225 223.5 220.5 218.5 210.5 204 198.5 198.5 212 225.5 227 229.5 234 236.5 236 236 237 237 237 237.5 238 237 235 234 239 239.5 241 242 240.5 241 241.5 242.5 242 240.5 239 237 235.5 232 228.5 228 225 220.5 213 213.5 219.5 222.5
nan nan nan nan nan nan nan nan nan nan nan nan nan nan nan nan nan nan nan nan nan nan nan nan nan nan nan nan 205 208 217 224 223.5 224 218.5 209.5 209.5 211 211.5 217 221.5 215 217 212 201.5 208 203 205 213 227 231 230.5 234.5 237 237 237 238 236.5 238 240 239.5 236.5 239 240 240.5 241 241.5 240.5 239.5 240.5 242.5 241 241 239 237 234 233 232 229.5 226 227 220.5 216 221 220 225
nan nan nan nan nan nan nan nan nan nan nan nan nan nan nan nan nan nan nan nan nan nan nan nan nan nan nan nan nan nan 213.5 218 219.5 222 215.5 208.5 205.5 205.5 202 212.5 219 210 203.5 205.5 195.5 207 212 213.5 216 224 233 232.5 235 235.5 237.5 238.5 239 239 238.5 236.5 235 239 240 239.5 239.5 240 239 239 239 241.5 242 239.5 238.5 237.5 236.5 234 231.5 227 225 218 222 219 219 223 224 227
nan nan nan nan nan nan nan nan nan nan nan nan nan nan nan nan nan nan nan nan nan nan nan nan nan nan nan nan nan nan nan 213.5 208.5 213 221.5 213.5 205 203 198.5 212.5 213.5 209 202 193.5 188 201 212 219.5 225 229 233 235 236.5 237 238.5 238.5 236 236 233.5 233 232.5 236 237 236.5 237 237 236.5 239 240 241.5 241 235 232.5 235.5 234 231 228.5 222.5 215.5 216.5 221 222 225 227 227 230.5
nan nan nan nan nan nan nan nan nan nan nan nan nan nan nan nan nan nan nan nan nan nan nan nan nan nan nan nan nan nan nan 212.5 205.5 212.5 220.5 209.5 206 202 200 205.5 210 205.5 202 196 187 192.5 205.5 209.5 219 226.5 232.5 235 236.5 237.5 237.5 236 234.5 232.5 234.5 230 229 232.5 233.5 232.5 232.5 234 236.5 239.5 239.5 241 239.5 233.5 233.5 237 234 226 218 215 213.5 218 222 219 219 226 228.5 229.5
nan nan nan nan nan nan nan nan nan nan nan nan nan nan nan nan nan nan nan nan nan nan nan nan nan nan nan nan nan nan nan nan 207 211.5 218 210.5 208.5 204 202 201.5 203.5 204.5 200 198 191.5 187 193.5 197 210.5 225 231 234 235.5 236.5 235 232.5 231 233 233.5 232 230 225.5 228 229 235.5 237 239 238.5 238 240 240 237.5 238.5 237.5 234.5 225.5 212.5 206 210.5 217 219 217 221.5 218 225.5 227
nan nan nan nan nan nan nan nan nan nan nan nan nan nan nan nan nan nan nan nan nan nan nan nan nan nan nan nan nan nan nan nan 207 214.5 216.5 214.5 208 202 200.5 196 195 199 195.5 191.5 185 186 197 206.5 215.5 223.5 228 231.5 233.5 235 234 232.5 230 229.5 225 226.5 229.5 225.5 230 232 236.5 236.5 237.5 236 235 237 239 240 239.5 239 234.5 225 220 215 212 210.5 212 209.5 210 216 226.5 221
nan nan nan nan nan nan nan nan nan nan nan nan nan nan nan nan nan nan nan nan nan nan nan nan nan nan nan nan nan nan nan nan 203 212 215 215 207.5 201 199 195.5 191.5 195.5 190.5 183 182.5 190 196 209.5 217 222.5 227.5 231 232 232.5 232.5 230.5 229.5 228.5 221.5 223 227.5 227.5 232 234 232 229 234 233.5 228 233.5 236.5 236.5 236.5 238.5 236.5 233 230 223.5 214.5 202.5 203.5 201.5 211 222.5 227.5 223.5
nan nan nan nan nan nan nan nan nan nan nan nan nan nan nan nan nan nan nan nan nan nan nan nan nan nan nan nan nan nan nan nan 198.5 206 211.5 212.5 211.5 200 196.5 194.5 196 200.5 193.5 187.5 185.5 194.5 202 208.5 216.5 221 226 224 225.5 226 229.5 226.5 228.5 227 220.5 218.5 222.5 225 228.5 233 233 227.5 227 231 227.5 228.5 232.5 230.5 234 238.5 237.5 231 228.5 222 216.5 205.5 205.5 211 212.5 221.5 226.5 221.5
nan nan nan nan nan nan nan nan nan nan nan nan nan nan nan nan nan nan nan nan nan nan nan nan nan nan nan nan nan nan nan nan 206 208 210.5 211 209.5 209.5 204 199 200.5 199.5 190 189 191 202 208.5 209.5 213 217 219 219.5 218.5 224 226.5 224 222.5 223.5 217 209.5 217 222 225 230.5 234 229.5 227 223 219.5 219.5 227 227.5 233.5 236 237.5 236.5 229.5 224 219.5 211 206 211 216.5 223.5 225.5 218
nan nan nan nan nan nan nan nan nan nan nan nan nan nan nan nan 201 205 199.5 194 193 nan nan nan nan nan nan nan nan nan nan nan 211 222 220 212 205 207.5 209.5 209 207.5 200 186.5 192 206 208.5 213.5 217 214 213 215 216.5 216.5 219.5 219 219.5 216.5 219.5 214.5 203 210 216 222.5 230 233.5 226 220 215.5 214.5 216 224.5 231.5 227.5 229.5 235 237.5 233 226.5 213 207.5 211.5 215.5 217.5 222 224 216.5
nan nan nan nan nan nan nan nan nan nan nan nan 241.5 235.5 232 215 208.5 221 212 209 207 199.5 nan nan nan nan nan nan nan nan nan 217.5 220.5 227 230.5 220 210.5 203 204 203.5 202.5 200 194 199.5 221 222 221.5 222.5 218 217.5 222.5 224 215 211.5 212 210 207 209 209 207 217 223.5 222.5 228.5 231.5 226.5 217.5 213.5 215.5 221 223 222.5 218.5 227 234 237 230.5 219.5 208.5 212 214 219.5 221 220.5 220.5 219.5
nan nan nan nan nan nan nan nan nan nan nan nan 248 245 238.5 223.5 215.5 231 227.5 223 219 211 214.5 225 nan nan nan nan nan nan 233.5 230 231.5 231.5 236 227 213.5 207 201.5 199.5 194.5 193.5 190 203 226 230.5 228 228 224 229.5 234.5 226 215 208 202 199 201 202.5 204.5 208 218 224.5 228.5 230 231 226.5 220 215.5 216.5 221 219.5 218.5 221.5 225 229.5 236 229 214 206.5 215 219 217 210.5 210.5 213 217
nan nan nan nan nan nan nan nan nan nan nan 256 250.5 244 238.5 231 231 234 241.5 232.5 223 228 226.5 233 225.5 nan nan nan 235.5 249.5 248.5 242.5 239.5 240 234.5 225 220.5 218.5 212 206.5 203 207.5 196 214.5 231.5 239 234.5 229 228.5 236 237.5 224.5 221.5 213 202 195.5 196.5 202 206.5 219.5 223 226 227.5 227.5 228.5 227.5 226.5 224 224 220 222 221 224 226 231.5 235.5 229 213 204 214.5 212.5 211.5 205 203 203.5 208
nan nan nan nan nan nan nan nan nan 265.5 262.5 256 247.5 245 241 238.5 240.5 243.5 246 235 234 237.5 238.5 237 232 229.5 222 230.5 243 249.5 252.5 253 247 242.5 227.5 221.5 229 225 220.5 211 220.5 221.5 211 219 233.5 243 238 236.5 241 244 236.5 219 218 214 207 204.5 200 204.5 213 213.5 216 219.5 223 226 219.5 219.5 220 222 217 214.5 219 221 223 226.5 235 232.5 226 215 205.5 210 205.5 201 200.5 197 195.5 198.5
nan nan nan nan nan nan nan nan 266.5 265.5 262 255 254 251.5 248 248 247.5 244 250 245.5 246.5 244.5 240 237 239 243 229 227.5 237.5 241.5 243.5 255.5 249 236.5 222.5 225 232 232.5 228.5 227.5 228.5 221 208.5 218 234.5 244 246.5 245 248.5 248.5 235.5 222.5 228 227 223.5 218.5 209.5 205 206 204 208.5 211.5 216.5 221 218.5 210 210.5 212.5 215.5 215 219 221 224 227.5 234 232.5 224.5 216 208.5 205 201 197.5 196 195.5 195 195
nan nan nan nan nan nan nan 268.5 269.5 267.5 264.5 261 255.5 248 248.5 254 255 248.5 254 255 251 242 236 239 243.5 250 242 230 228.5 232.5 248 257.5 251 240 231 232 237.5 239.5 239.5 232 225.5 217.5 209 226.5 237.5 243.5 251 251.5 252.5 243 231.5 234.5 239 230 233 228 220 206.5 201.5 202 205.5 201 201 211.5 219.5 216.5 213.5 213 217.5 218 218 222 225.5 225.5 230 233 227.5 225 215 205.5 209.5 203 199 194.5 194 194
nan nan nan nan nan nan nan nan 269.5 266 265 261 255.5 249 250 256.5 259 255 255 257 253 248.5 242 241 247.5 252.5 247.5 237 232.5 240 249.5 256.5 257.5 252.5 243 232 234 245.5 240.5 227.5 215.5 209.5 216.5 230.5 239.5 244.5 248 253 252.5 238.5 238 246 240.5 239.5 236 228.5 222 215 211.5 209 199.5 199 198 210.5 213 215.5 216.5 216 218.5 218 220.5 224.5 225.5 226.5 226.5 232 231.5 230.5 223 209.5 212 209.5 204 198.5 193.5 193
nan nan nan nan nan nan nan 271 269 269 265 259.5 253.5 249 253.5 256 260 258 258 259 257 254 252.5 251.5 254.5 254 248.5 242 242 250.5 255.5 259.5 259.5 247 240.5 231 238 247.5 239 224 214.5 213.5 221 236.5 245 251.5 252 256.5 255.5 243 243.5 250 245.5 240 235 233 229 231 225.5 221.5 206 204 202 201 205.5 210 215 217.5 220.5 220 221 223 225.5 226.5 226.5 226.5 229.5 231.5 224 219.5 219 212 207.5 204 196.5 194
nan nan nan nan nan nan nan 271 271.5 269 265 261 259.5 260 262.5 261.5 262.5 258 261 258 259 261 258 259 257.5 252.5 255.5 252.5 246.5 254 259 261.5 258.5 250 248 241.5 246.5 247.5 238 226 223.5 226.5 220 232 245 252.5 257.5 259.5 259 254.5 252 252 245.5 238 235 240 235 238 236 230.5 221.5 210.5 199.5 199 203.5 210 213.5 216.5 221 221.5 221 223 223 227 228.5 229 231 229.5 226 224 221.5 216.5 210.5 203 199.5 198.5
nan nan nan nan nan nan nan 273 271 268 267 266 259.5 257.5 260 265.5 266 261 264.5 258 258 261 263 261 260.5 259 258 261 256.5 258 258.5 262 257.5 256.5 256.5 255 251 242.5 237.5 231.5 238.5 235 227.5 235 246.5 247.5 258.5 261.5 257.5 253.5 250 254 248.5 244.5 239 242 240.5 237 230.5 229.5 226 215 205 202 203.5 208 214.5 217 221 222.5 221.5 222.5 223 225 228.5 231.5 230 226.5 220 215 215 216 212 205.5 205.5 204
nan nan nan nan nan nan nan 274 269 267.5 267 267.5 267.5 261 256 257.5 266.5 267.5 264.5 259 258 263 259.5 255.5 254.5 259.5 261 263 263 262.5 261 264.5 259.5 260.5 260.5 257 247.5 239 234 240 250 237 239 249.5 258 257.5 262.5 262.5 261 257.5 253 256 254.5 250 246 245 243 241 235 227.5 217 212.5 208.5 210.5 210 211.5 215 217.5 221 223 222 223.5 223 224.5 226.5 230.5 229 224 218 213.5 205.5 204.5 207 208 205.5 205.5
nan nan nan nan nan nan 277 275 269 268 270 269 270.5 269.5 266 262 261 269 264 258 261 267 265 260.5 259 255.5 260.5 264 266 265 265 266 264 263.5 261.5 261 255 250.5 244.5 242.5 255.5 249 251.5 260.5 263.5 263.5 264 264 263 257 250 258 258 255.5 251 246 243.5 246.5 241.5 230 217.5 208 209 212.5 213 215 215 221 223.5 225 224.5 225.5 226.5 227.5 227.5 230 227.5 223.5 216.5 210.5 203.5 201.5 201.5 201.5 200.5 203.5
nan nan nan nan nan nan 277 272.5 270.5 270 268.5 267.5 270.5 269.5 271 269.5 266 268 267 265 266 269 262.5 256.5 258.5 253.5 254 262.5 267 265 266 266 265 262 262.5 262 258 258 253 251.5 251.5 260 260 265.5 266 265.5 265 264.5 262.5 258.5 259 260 258 254.5 254 252 246 247.5 242.5 235 223.5 214 213 215.5 216.5 217 214 218 222.5 225 226.5 227.5 228 229 228.5 229.5 227.5 223.5 217.5 210 204 202 201 200 200 199.5
nan nan nan nan nan 279.5 276 275 271.5 267.5 266 268 269.5 267.5 269.5 271.5 273.5 272.5 266 266 270.5 261 254 249.5 254.5 250 254 260.5 266 268 266 265.5 265 264 264.5 262.5 261 261 262.5 264.5 260 263.5 266.5 268 267 266.5 266 265 263.5 262.5 261.5 259 255.5 252 247 247.5 248.5 246.5 238.5 231 216.5 210 213 215.5 219 216 215 218 221.5 221.5 224 227 229 230 231 231 228 223 217 208.5 204.5 203 202.5 201 200 196.5
nan nan nan nan nan 280.5 279 271.5 272.5 270 269.5 269.5 268.5 267 266.5 271.5 273.5 272.5 274.5 273 272.5 262 256.5 251 251.5 248 255 260.5 265 265 264 265.5 264.5 264 265.5 265.5 262.5 264 267.5 266 263 260 267 268 267 266.5 266 265 262.5 261 260 259 255.5 248.5 240.5 238.5 241 247.5 239 229.5 214.5 204.5 205.5 211 217 220.5 217.5 217.5 221 222.5 223.5 227 229.5 230 229.5 230 228 222 215.5 207 205.5 205.5 204.5 203.5 201 198
nan nan nan nan nan 280.5 281.5 278 276 268 273.5 275 266.5 266 265 266 273.5 275.5 276.5 276.5 276.5 272.5 268 265 264.5 260.5 262.5 265.5 265.5 259.5 261.5 264 265 264.5 266.5 265.5 262.5 266.5 267.5 260.5 252.5 260 266.5 266.5 264 264.5 264 263.5 258 251.5 256.5 257 254 250.5 245.5 237 235.5 244.5 239 226.5 222 213.5 208.5 209 216 220 217.5 215.5 222 224 226 229 230 229.5 228 229 228 222.5 215.5 206 205.5 207 207 205.5 203.5 202
nan nan nan nan nan 280.5 281.5 280.5 275.5 270 273 275 269 271.5 272.5 268 270.5 274.5 275.5 276 278 276.5 275 272.5 271.5 267 267.5 268 259 254.5 257 258.5 264.5 267.5 266.5 268.5 267.5 268.5 267.5 265.5 261.5 265 266.5 266 265 263 259.5 258.5 250.5 248 254 256 252.5 247 243 235.5 226 237.5 241 236 231 224 210 207 215 219 216.5 218.5 223.5 226.5 228 229 229 226.5 227.5 230 228.5 224.5 216 210.5 206 204.5 210 211 208 204.5
nan nan nan nan nan nan 281.5 282 277.5 274.5 277 274 271.5 275 275 270 273.5 275.5 276 275 278 277.5 275.5 273.5 272.5 269.5 271 271 262 254.5 255.5 258.5 260.5 264.5 268.5 269 268.5 266.5 264.5 261 258 264.5 265.5 265 263.5 260.5 259.5 254 242.5 247.5 250.5 253.5 247.5 246 239.5 232.5 223.5 229.5 240.5 238 233.5 223.5 216 209 216.5 215 217 219 223.5 226 227 228.5 229 226 227 229.5 228.5 222.5 215 212.5 212 208 212.5 214 207.5 206.5
nan nan nan nan nan 282.5 283 279.5 277.5 280 279.5 278.5 277.5 277 275 271.5 275.5 278 278 278.5 279 278 278 277 275.5 273 271.5 270.5 265 259.5 264 260.5 265.5 269 269 266 264 266 265.5 263 261 262.5 264.5 262.5 261.5 254.5 254.5 249.5 244.5 249.5 249.5 244 241.5 238.5 236.5 230 216.5 227.5 237 234 226 224.5 220 209 212 210.5 211.5 213.5 220.5 223 223 226 228.5 229.5 229 230 228 223.5 215.5 210.5 214 210.5 211.5 217.5 215 214
nan nan nan nan nan 283.5 283 282.5 280 281 280.5 279.5 279.5 279 277 276 279.5 280 280 279.5 279.5 279 278.5 277 276 275.5 274.5 267 268 266 264.5 262.5 271.5 269 266.5 263 263 264 266 261 260 262 262 257 254.5 250 245 240.5 243 240.5 243 235.5 229 232 231.5 221.5 207 223.5 232 227.5 225 213.5 208 210.5 210 209 207 209 216 217 220.5 224.5 228 229.5 230 230 230 227 219.5 217 215 213.5 211.5 216.5 218.5 218.5
nan nan nan nan nan 284 283 283 281 282 281 281 280.5 277.5 274 278 280 280.5 280 279.5 279.5 279 278.5 278 277 276.5 275.5 268.5 269.5 268 267.5 268.5 271.5 272.5 270 269 269 266 264 253.5 252.5 258 254.5 249.5 245.5 245 236.5 232 234 234 235 230 218.5 225.5 221.5 211 207 223.5 222.5 213 212.5 207 205 207.5 208.5 203.5 200.5 208 211.5 216.5 220.5 224.5 228 230 230.5 230.5 230 228.5 223.5 220.5 216 212.5 218.5 219 221.5 220.5
