ecocropFuture/tif/c6/rcp585/ACCESS-CM2/tmean_10.asc
ncols        683
nrows        518
xllcorner    -87.691666666667
yllcorner    10.708333333333
cellsize     0.008333333333
NODATA_value  nan
[rows 117 to 155 of 518, columns 172 to 257 of 683]
nan nan nan nan nan nan nan nan nan nan nan nan nan nan nan 244.5 247 246 240.5 243.5 246.5 250.5 255.5 256 256.5 256.5 256 255.5 255 254 253.5 nan nan nan nan nan nan nan nan nan nan nan nan nan nan nan nan nan nan nan nan nan nan nan nan nan nan nan nan nan nan nan nan nan nan nan nan nan nan nan nan nan nan nan nan nan nan nan nan 268.5 270.5 270.5 265.5 264 266 271.5
nan nan nan nan nan nan nan nan nan nan nan nan nan 237 241.5 244.5 245.5 246.5 246.5 248.5 251.5 254.5 256.5 256.5 256.5 257 256.5 256 255 253.5 nan nan nan nan nan nan nan nan nan nan nan nan nan nan nan nan nan nan nan nan nan nan nan nan nan nan nan nan nan nan nan nan nan nan nan nan nan nan nan nan nan nan nan nan nan nan nan nan 271.5 271.5 268.5 268.5 261.5 263 269.5 270
nan nan nan nan nan nan nan nan nan nan nan nan 230 238 237 239.5 237.5 237.5 244.5 248.5 251 255 256.5 256.5 257 257 256.5 255.5 254 251 nan nan nan nan nan nan nan nan nan nan nan nan nan nan nan nan nan nan nan nan nan nan nan nan nan nan nan nan nan nan nan nan nan nan nan nan nan nan nan nan nan nan nan nan nan nan nan 269 271.5 269.5 266.5 264 263 268 270 266
nan nan nan nan nan nan nan nan nan nan nan nan 223 232.5 232.5 232 230 236.5 243 248.5 251.5 255.5 256.5 257 257 257 256.5 254 250 nan nan nan nan nan nan nan nan nan nan nan nan nan nan nan nan nan nan nan nan nan nan nan nan nan nan nan nan nan nan nan nan nan nan nan nan nan nan nan nan nan nan nan nan nan nan 268.5 271.5 271.5 269.5 268 268.5 263 263 269 266 260.5
nan nan nan nan nan nan nan nan nan nan nan nan nan 229 229 232.5 236.5 241.5 246.5 250.5 253.5 256.5 257 257 257 257 256.5 254 250 nan nan nan nan nan nan nan nan nan nan nan nan nan nan nan nan nan nan nan nan nan nan nan nan nan nan nan nan nan nan nan nan nan nan nan nan nan nan nan nan nan nan 271 271 271 271 272 271 269.5 267.5 266 266 257.5 260.5 269 265.5 261
nan nan nan nan nan nan nan nan nan nan nan nan nan nan 222.5 224.5 232 239 245 250.5 255 256.5 257 257 257 257.5 256.5 255 251 nan nan nan nan nan nan nan nan nan nan nan nan nan nan nan nan nan nan nan nan nan nan nan nan nan nan nan nan nan nan nan nan nan nan nan nan nan nan nan nan nan nan 271.5 266 264 267 271 268.5 266.5 265 262 260.5 256.5 263.5 266.5 266.5 260
nan nan nan nan nan nan nan nan nan nan nan nan 224 223 222 226.5 236.5 242.5 246.5 253 255.5 257 257 257 257.5 257 256 255 256 251 nan nan nan nan nan nan nan nan nan nan nan nan nan nan nan nan nan nan nan nan nan nan nan nan nan nan nan nan nan nan nan nan nan nan nan nan nan nan nan nan 272 272 266 262 268.5 269 265.5 265 260 251 253 258 261.5 263 266.5 263
nan nan nan nan nan nan nan nan nan nan 226.5 221.5 227.5 227.5 226 227.5 236.5 245 251.5 254.5 256 257 257 257 257.5 256 256 252.5 255.5 257 253.5 nan nan nan nan nan nan nan nan nan nan nan nan nan nan nan nan nan nan nan nan nan nan nan nan nan nan nan nan nan nan nan nan nan 269 271 268.5 269.5 nan nan 271.5 270 269 263 266.5 267.5 266 262 259.5 256 252 256 260 263 266 261.5
nan nan nan nan nan nan nan nan 216.5 223 220.5 220.5 230 231 229 231.5 240 248 253.5 255.5 256.5 257 257 257.5 256.5 255 254.5 252.5 251 252 257.5 255.5 nan nan nan nan nan nan nan nan nan nan nan nan nan nan nan nan nan nan nan nan nan nan nan nan nan nan nan nan nan nan nan 267.5 270 265 261 267 270.5 272 270 268.5 268 261.5 265.5 266.5 265 263 257.5 256 257 257 258 261 265 264.5
nan nan nan nan nan nan nan nan 226.5 233 231.5 229.5 236 235.5 229 235 246 251.5 254 255.5 256.5 257 257 256.5 256 253 252.5 251 250 251.5 258.5 262 262 nan nan nan nan nan nan nan nan nan nan nan nan nan nan nan nan nan nan nan nan nan nan nan nan nan nan nan nan nan 270 270.5 266 261.5 259.5 267 268 270 266 265.5 267.5 261.5 261.5 264.5 263 259.5 254.5 253 257 261 262.5 264 264 262
nan nan nan nan nan nan nan nan 223 232 239.5 241.5 243 240.5 237 240.5 250 253.5 255 256 256.5 257 256.5 256.5 255 252.5 251.5 252.5 255 257.5 260.5 262 260.5 261.5 262 nan nan nan nan nan nan nan nan nan nan nan nan nan nan nan nan nan nan nan nan nan nan nan nan 263 270 264 266.5 268 264 259.5 258 266 267 267.5 266.5 263 263.5 257 256.5 263 262 260.5 254.5 254 259 262 264.5 261 257.5 261
nan nan nan nan nan nan nan 212 221.5 231 238 243 246.5 247 246 246.5 250.5 253.5 254.5 255.5 256 256 256 254.5 252 253.5 257.5 256.5 259 260.5 261 258.5 257.5 260.5 261.5 261.5 nan nan nan nan nan nan nan nan nan nan nan nan nan nan nan nan nan nan nan nan nan nan nan 262 270.5 263.5 261 265 260.5 253 256.5 264.5 263.5 259.5 264 258 259 259 255.5 260 259.5 256.5 252 257 260.5 263 260 257.5 251.5 260.5
nan nan nan nan nan nan nan 209.5 218.5 230 239 239 243 248 249.5 251.5 252 254 254.5 255.5 256 256 254.5 249.5 253 257 259 260 261 260.5 257 256 258.5 258 257.5 260.5 261.5 nan nan nan nan nan nan nan nan nan nan nan nan nan nan nan nan nan nan nan nan nan nan 263 270 264 257.5 257.5 254.5 248.5 256 262.5 255 254.5 262 254.5 257 257.5 255.5 256.5 257.5 256 254 257 257 260 259 255.5 252 258.5
nan nan nan nan nan 210 208.5 214 225 231 236 231 238 238.5 244.5 251 253.5 254.5 255 255.5 255.5 255.5 250 250.5 255.5 258 260 260.5 260 257.5 254 257.5 257.5 253 255 257 257 257 nan nan nan nan nan nan nan nan nan nan nan nan nan nan nan nan nan nan nan nan nan 265 269 263.5 256.5 251 245.5 248.5 258 260 249.5 254.5 260 253.5 255.5 255.5 253 254 257 254 254 254 256 261 258.5 252.5 247 255.5
nan nan nan nan 217 220.5 219.5 224 230 234.5 232 228.5 231 237.5 246 252 253.5 254.5 255.5 255.5 255.5 252 250.5 252 256.5 258 259.5 259.5 257.5 252.5 255.5 256 255 253 252.5 252.5 251 251.5 257 261 nan nan nan nan nan nan nan nan nan nan nan nan nan nan nan nan nan nan nan 260 270 267 262.5 254 245 251.5 259 254 249 256 258 253.5 256.5 256 252.5 251 253 252 254 256 258 261 255 251.5 250.5 256.5
nan nan nan 227 227.5 230.5 228 227 225.5 227.5 233 237 232.5 243 250 253.5 254.5 255 255.5 255.5 252 248.5 252 254 255 257.5 259 257.5 250.5 252.5 253.5 253.5 251.5 250.5 247.5 248 252.5 255 254.5 256 nan nan nan 258 263 259.5 266 267 267 nan nan nan nan nan nan nan nan nan nan 265 270 264 258.5 251 245 253 254.5 247 250 254.5 253.5 251.5 254.5 253.5 250.5 250 248.5 250.5 251.5 258 260.5 259 252.5 250 253.5 254.5
nan nan 233.5 228.5 228 236.5 231.5 227.5 224 229 237.5 241 241 246 252.5 254.5 255 255.5 255.5 253.5 250.5 253 254 256 257.5 257.5 257.5 255 250.5 253.5 253.5 253.5 251 246.5 247.5 250.5 255 258.5 257.5 257.5 259.5 nan nan 257.5 262.5 256.5 265 267 265 266 nan nan nan nan nan nan nan nan nan 266.5 269 261.5 260.5 254 247.5 253 247 246 251.5 250.5 249.5 252 255 253 248.5 247.5 247.5 252 255 255.5 260 257.5 253.5 247 252.5 252.5
nan 237.5 236 229.5 233.5 239.5 236.5 233 230 233.5 239.5 240 246 251 254 255.5 256 256 255.5 251 249.5 251.5 253 253 254 255 256.5 254 255 254.5 252.5 256 253.5 247.5 246 255.5 256.5 261.5 262 262 261.5 258.5 262 263 261 254.5 258.5 265.5 258 264 nan nan nan nan nan nan nan nan nan 265 269 265.5 261.5 258 247.5 248.5 246 251.5 255.5 254.5 253.5 251 252 252 249.5 245.5 246.5 250 249.5 253 258 256.5 253 248.5 246 245.5
nan 233.5 240 237 237.5 242.5 239 235.5 240.5 244.5 243.5 242 248.5 253.5 255 256 256.5 256 253.5 250 251.5 252 251.5 250.5 253 255 255 255 257 257 256 258 257.5 252.5 249.5 253.5 257.5 260.5 257.5 255 254 251 259.5 257.5 255.5 257 258.5 261.5 261.5 265.5 nan nan nan nan nan nan nan nan nan 267 265.5 262.5 258 253.5 250.5 249.5 251.5 258 256 258.5 254 252.5 250 249 250 247 246.5 248 253 255.5 257.5 256 251.5 248 246 247
227.5 229 236 242 242.5 243.5 242.5 238 243 248 249.5 248.5 253.5 255 256 256.5 256.5 256 250 248.5 250 249.5 247 247 252.5 254 254 253.5 255 253.5 255.5 251.5 254.5 258.5 257.5 255.5 256 260 253.5 245 245.5 254 259.5 252.5 251 252 246.5 258 264.5 267.5 nan nan nan nan nan nan nan nan nan 269.5 264.5 263.5 259 252.5 258 255 258 262 260 259 257 256 251 246 249 248 245.5 248.5 253 255 253 251.5 251.5 247 248 245.5
229 231.5 236.5 242 245.5 246 245 243 247 249.5 252 252.5 254.5 256 256.5 257 256.5 255 248 247.5 246 247 249.5 250.5 253 254 254 255.5 254.5 252.5 250 246.5 251 252 258.5 256 256 258.5 249.5 240 242.5 254 255 249.5 249.5 247.5 253.5 258.5 262.5 267 nan nan nan nan nan nan nan nan nan 266.5 269.5 266.5 260.5 262 263.5 263.5 264.5 262.5 262.5 261.5 259.5 256 253.5 249.5 246 248 246.5 249.5 253.5 253 247 244 246 245 247 245.5
229.5 236 240 241 241 245 249 249 250.5 250.5 253.5 253.5 255.5 256.5 257.5 257 257 252 247.5 247.5 249.5 251.5 253 254 254 253.5 254.5 251 251 249 244 244.5 250 255 258.5 258.5 259.5 257 254 243.5 240 246.5 245.5 242 243 242 252 261.5 263.5 262.5 262.5 267 nan nan nan nan nan nan nan nan 264 266.5 268.5 264.5 268.5 266.5 261.5 260.5 260.5 260.5 259 257 256 253 248.5 246 244.5 249.5 250 253 248.5 245 241.5 237 239 246.5
231.5 234 238.5 242.5 243.5 246 249 251.5 253 251 252.5 255 256.5 257.5 258 257.5 255.5 251 245.5 246.5 246.5 248.5 250.5 253 254 253.5 253.5 252 249 242 244.5 252 255.5 256.5 256.5 255 256 250.5 252 240 233 237.5 239.5 235 239.5 246 251 260.5 258 258 256.5 266 nan nan nan nan nan nan nan nan nan 259.5 269.5 268.5 263.5 264.5 263.5 260.5 259.5 258.5 258.5 258 255 255 251.5 246.5 245 244.5 247 251.5 249 245 237.5 233.5 241.5 246.5
236.5 237.5 237.5 240.5 242.5 245 249 252 254 254.5 254 256 257 257.5 258 257 251 247.5 248 248 249.5 250 251.5 252 251.5 251.5 252.5 251.5 247.5 240.5 245.5 253 256.5 257 253 252.5 249.5 245.5 250 243 239 233 237 237.5 249 256.5 257 260.5 253 251.5 250.5 263 266.5 nan nan nan nan nan nan nan nan nan 270.5 269.5 266.5 265 261.5 261.5 262.5 262.5 258.5 256 256.5 254 252 251.5 246 241 242.5 246.5 248 245 239.5 239 244.5 245.5
240 239 239 240 242.5 246.5 250.5 253 253.5 255 256 256.5 257.5 257.5 257.5 255.5 249 247 247 248 248.5 250 251 250.5 250 250.5 250 248.5 242.5 240.5 248.5 252 251 253.5 250.5 249.5 243 236 245.5 246.5 242 232 231.5 240.5 254.5 259.5 259 262 259.5 252 257 262.5 263.5 264.5 nan nan 266.5 267.5 264.5 268.5 nan 268.5 268.5 266.5 269 269.5 267 266 266 261.5 258.5 259.5 259 255 254 253.5 248 244.5 241.5 243 241.5 241.5 241.5 243.5 244 243.5
243.5 242 240.5 241.5 244 247.5 251.5 253.5 254.5 254.5 256.5 256.5 257.5 257.5 256.5 253.5 248.5 246 247 249 250 250.5 251.5 251.5 250.5 251 249 243 237 234.5 246.5 244 245 251.5 249.5 243.5 236.5 236 245.5 241 233.5 228 235 240.5 250.5 259 261.5 260 253.5 253.5 260.5 262.5 257 253 261 265.5 261.5 257 256 265.5 270.5 270 265.5 264.5 266.5 266.5 269 269 266 261 260.5 262 259.5 256.5 257 253 250 248 241 236.5 236.5 235 237 239 241 241.5
247 245 242.5 243 245 249 252 253.5 255 256 257.5 257.5 257.5 257.5 255.5 249.5 246 247 249 251 250.5 250.5 250.5 250 248 248.5 247.5 245 238 232.5 238 242.5 246 247 245.5 235.5 226 235.5 244.5 235.5 227 229.5 239.5 241.5 247 255 259 253 250 257.5 258 257 255.5 254 261 258 254.5 253.5 260 266.5 270 266 264.5 264.5 265 263 265 269 265 261 262.5 264 261.5 256.5 257.5 251.5 251.5 248 240 233 229.5 225 227 230.5 234 237.5
248 250 248.5 246.5 247.5 252 254 254.5 255.5 257 257.5 257.5 257.5 256.5 255 251 248 247 249.5 249.5 249.5 250 249 246.5 244 246.5 246 242.5 236 232.5 234.5 238 239 242.5 237.5 230 226.5 235 239.5 233 230 235 238 240.5 243 246 255.5 251.5 253.5 249 252.5 255.5 252 257.5 255.5 254.5 256.5 263 265 269.5 267 267 263.5 263 264 261 265 269.5 268 266 266 262.5 259.5 255.5 259 254 254.5 250 244.5 238 230.5 225.5 223.5 230 231 234
245 249.5 252.5 252.5 251.5 255 255.5 254.5 255.5 257.5 257.5 256.5 256.5 255 251.5 247 246.5 248 249.5 250 250.5 250 248 246.5 243 245 242.5 240 235.5 233.5 234.5 231 232 233 228.5 225 229.5 230.5 237.5 232.5 232.5 237 239 240.5 240.5 248.5 254.5 249 243.5 243.5 251 250 248 250 253 261 262 266.5 269.5 269.5 265 266 263.5 261 261 263 267 267 266.5 268 264 261 258.5 258.5 259.5 258.5 256 253.5 249 244 235.5 227 223 222.5 226.5 230.5
240 247.5 252 254 256 256.5 256.5 257 258 257.5 255 254 256 254 251.5 248.5 246.5 248.5 250 251.5 251.5 249.5 249 245 240.5 240.5 238 236 236.5 237.5 235 232 227.5 227.5 228.5 229.5 232 235 232 229.5 232.5 233.5 233 238 244.5 251.5 251.5 244.5 241 249 252.5 253.5 251 251 256 261 265.5 268.5 267.5 266.5 266.5 264 262 260 262 265 265 263 266 267.5 266 264 262.5 262.5 261 257 253.5 246.5 242.5 246 241.5 233.5 228.5 221.5 224 232
241.5 248.5 251.5 253.5 255 257 256.5 258 257 254.5 253.5 255 255.5 252.5 250 244.5 246 248 252 253.5 253.5 252 250 245.5 238.5 238.5 239 239 237.5 238.5 235 230 226.5 228.5 229.5 228.5 227 231.5 232.5 229.5 231.5 235 241.5 246 251.5 251.5 247 241.5 246 252.5 257.5 259.5 261 260.5 262 265.5 269.5 267.5 264.5 266.5 264.5 265 262 260.5 264 264 262 263 266 266 262 264.5 261.5 258 255 251.5 250 242 231.5 236 242.5 235 224.5 221 225.5 233
244 250 252.5 254.5 256 257.5 257.5 257.5 253.5 252 255.5 256.5 254.5 250 246.5 247.5 250.5 253 254.5 253.5 254 251 247.5 242.5 236.5 239 239 241 239 240 235.5 230 226.5 227.5 226.5 226 226 231.5 233 230.5 238.5 243 247 252 249.5 246 247 245 250 252.5 254 256.5 258 263 267 268.5 269.5 263.5 262.5 264.5 263.5 262.5 260.5 260.5 261.5 261 262 263.5 264.5 265.5 261.5 263.5 260 258 254.5 251 246 238.5 228.5 232.5 236 233.5 227 226.5 230 234.5
245 246 251 253.5 255 257 257.5 257.5 255.5 255 256.5 256.5 253 247.5 243.5 248.5 253 254.5 255.5 254.5 254 250.5 246.5 240 236.5 239 240 240 242 240 238 232 227.5 226.5 227.5 225.5 229 231 232 232 237.5 243 248.5 249 243.5 243.5 246 251.5 253.5 255 254.5 254.5 260 265.5 264 268.5 267.5 265.5 264.5 264.5 262.5 261.5 259.5 261 259.5 261.5 263.5 265 266.5 264.5 261 261.5 259.5 255.5 255 249 240 232.5 226.5 221.5 223.5 227 235.5 231.5 231 236.5
249.5 248.5 252 254.5 256 257 256 256.5 257.5 257.5 258.5 257 251.5 247 249 251 254 256 256.5 255 253 249.5 243.5 238 238 240 240.5 240 242.5 238.5 234 229.5 228.5 230.5 231 228.5 228.5 230 231 234 241 244 249.5 245 241.5 243.5 247 252.5 257 258 259.5 258 263 263.5 263 266.5 269.5 267.5 267.5 267 265.5 263.5 259 258.5 261 262 263 264.5 266.5 261 258 258 258 258 254.5 247 241 234.5 226.5 220.5 223 229 238.5 238.5 234 235
250.5 252 253.5 254.5 256 256 253.5 252.5 256 258.5 258.5 256.5 254 251.5 253.5 252.5 256.5 256.5 255.5 254.5 253 248 241 239 240 241 241 240.5 242.5 239.5 231.5 231 234 232 233 230 226.5 227.5 231 238.5 240 245 247 243.5 239.5 243 249.5 255 256.5 260.5 262.5 263.5 264.5 261.5 263.5 264.5 266.5 269.5 267.5 265 264.5 263.5 259 257 260 261 260 262.5 265.5 264.5 260 258 254 254.5 252 249.5 241 233 231 225 227 229.5 240 244 236.5 234
249.5 252.5 254 254.5 255 253.5 252.5 251 252.5 257 258.5 256 252.5 255 256 255.5 258 257.5 256.5 255 253 250 247.5 241.5 241 240.5 241 241 243.5 238 230.5 233 236.5 234 232 229.5 227.5 233 235 238.5 242 243 244.5 241.5 240 243 247.5 252.5 258.5 258 260.5 260 261.5 260 259.5 262.5 266.5 269.5 263.5 262.5 264 261 260 258 258 261 261 264 260 262 264.5 261 255.5 251.5 245.5 245 245 236.5 238 234 235.5 230.5 234.5 244.5 242 242
248.5 252 253.5 253 253 253.5 254.5 252 251 254.5 258 257 251.5 254 257 258 258 256.5 255.5 254.5 253 252 248 245 246 243 240.5 243.5 242.5 235.5 235.5 236.5 237 229.5 229.5 229.5 229.5 235.5 238.5 240.5 237 239.5 241 239.5 243.5 247 250.5 257 259 257.5 260 258 259.5 261.5 263.5 265.5 269.5 264.5 260 261.5 262.5 261 257 259 259.5 262.5 261.5 260.5 256.5 260.5 263.5 259 251.5 245 235.5 238 241.5 239.5 241 241 235.5 235 234.5 241 249 245
249.5 251.5 252 250.5 249 252 253 254 253.5 252 256.5 258 253.5 255 258 258 259 256.5 255.5 254 254 253 248.5 248.5 247 242.5 242.5 245 240 234.5 237.5 241 234.5 232 232 229.5 234.5 238.5 238.5 241.5 237.5 239.5 239 239 243.5 248.5 253.5 255.5 255.5 257 255.5 254.5 258.5 257 263 266.5 268.5 264.5 261.5 262 261 259 255.5 255.5 260.5 261.5 256 256.5 259 258 259 261 251.5 250 240.5 233.5 237 242 244 244 239 238 238 239 248 251.5
249.5 251 250.5 249 248 248 250.5 253 255 255 255.5 258 257.5 257.5 259 259.5 259 257.5 255.5 255.5 255.5 253 249.5 250.5 249.5 244 240 246 240 239.5 241 241.5 236.5 232 235.5 233 238.5 241.5 242.5 243.5 245 242.5 239 238 236 242.5 250 253.5 253.5 251.5 251.5 253.5 253.5 259 262.5 265.5 269.5 265 263.5 264 261 260 255.5 257.5 260.5 258.5 255 255 258 252.5 249.5 256.5 256.5 258.5 249 241.5 243.5 238 243.5 245.5 244 241.5 240 242 247.5 254.5
