ecocropFuture/tif/c6/rcp585/ACCESS-CM2/tmean_4.asc
ncols        683
nrows        518
xllcorner    -87.691666666667
yllcorner    10.708333333333
cellsize     0.008333333333
NODATA_value  nan
[rows 342 to 379 of 518, columns 261 to 347 of 683]
294.5 295.5 295 293 291 288 291 294.5 295.5 294.5 295.5 295.5 295.5 295.5 293.5 291.5 292 292.5 291 290 287 288 285.5 287.5 288 284.5 276.5 262.5 259 254 257 262 263.5 264.5 262.5 267 267 267.5 269.5 269.5 270.5 269 272.5 274 272.5 272.5 272.5 271.5 272 273.5 273.5 273.5 274 274 273.5 273 272.5 271.5 271 270 268 265.5 263.5 266 267 265.5 265.5 268 269.5 270 271.5 270.5 269.5 270.5 270.5 269.5 269 270.5 273 275.5 276 276 274.5 272.5 273.5 273 274
295.5 295.5 294 293 291 290.5 290.5 293.5 295.5 295.5 296 296 296.5 295.5 294 294 294.5 295 293 292 291.5 287.5 290.5 291.5 290 285.5 276.5 266.5 264 258.5 257.5 258 262 260.5 262 264 262.5 262 269 271 272 265 268 270 274.5 274.5 274 273 271.5 272 273 273.5 273.5 273.5 274 273.5 273.5 272.5 271.5 269.5 266.5 263.5 259.5 261 262 260 260.5 265 267 269.5 268.5 268.5 268 269 269 268.5 269.5 270.5 271.5 275 276 276.5 275.5 274.5 274 275 274
296 295.5 294 293.5 291.5 292.5 292.5 294 295 296 296.5 297 297 296.5 296 295.5 296 295 295 294 292 291 293.5 292.5 290.5 287.5 276.5 268 272.5 267 260.5 249.5 251.5 256 260 262 262.5 263.5 267.5 271.5 273.5 270 269 269 273 274.5 275.5 274.5 272.5 271.5 272 272 273.5 273 274 274 273.5 272.5 271.5 267.5 267.5 262 263.5 261 259 258.5 259.5 259 263 267 267.5 267.5 270 271 272 270 271 273 272.5 275 276.5 276.5 275.5 276 276 275 275.5
295.5 296 296 296 295 293 292 294 295.5 295 295 297 297 297 297 296.5 296.5 295.5 295 295.5 294.5 294.5 294.5 294 291.5 289.5 277.5 270.5 277 273 260 257.5 254.5 261 265 267 270 269.5 270 273.5 274 274.5 273 273 273 274 275.5 275.5 273.5 272 271.5 272.5 273.5 274 274 274.5 274 272.5 270.5 269.5 268.5 264.5 266.5 261 260 262.5 263 260 262.5 267 268 269 270 272.5 274 272 271 275 276 276.5 275 275.5 275.5 276 275 272 274.5
295.5 296 296 296 296.5 295 295 294.5 296 295 294 296.5 296.5 297 297 297.5 297 297.5 297 296.5 296.5 296 295 293.5 293 291 285 284 282 273.5 272.5 264 262 265.5 269 271 272 272.5 273 275 275 275 276 276 274 274 276.5 275.5 274.5 272.5 271 270 270 270.5 273 274 274.5 273 271.5 271 270 267 267.5 263.5 261 263.5 265 260.5 259.5 265.5 269 269.5 269.5 273 275.5 275 275 275 273 273 273 274.5 274.5 276 275 273.5 273
294 293.5 294 295.5 295.5 296.5 296.5 296.5 295.5 292.5 291.5 293 294.5 296.5 296.5 297.5 296.5 297.5 297.5 297 297 296.5 296 295 293.5 291.5 287 275 278 279.5 276.5 270 267.5 267 270.5 273 272.5 273.5 274.5 276 276.5 277 277 277 276.5 276 276.5 276.5 275.5 274 273.5 272 271 273.5 275 275 275 273.5 272 272 272 269.5 269.5 266.5 266 268.5 266 264 260.5 264.5 270 272.5 275 275.5 275.5 276.5 276 275 273 272 272 273 273.5 276 275 274 273
289.5 285.5 287.5 294 295 296 296 296.5 295 292.5 288.5 288 288.5 293.5 296 297 298 298 298 297 297 297 296 293.5 293 291.5 287 278 270 269.5 267.5 265 260.5 261.5 267 272.5 274.5 275.5 275 277 277.5 277 277 277 277 277 276.5 276.5 275.5 273.5 273.5 273 272 271 271.5 275 276 274 273 274 272.5 271 271 267 270 269.5 262.5 261.5 261.5 265.5 272 273 272 273.5 276 275 274 273.5 272 272 271.5 273 274.5 275.5 274.5 273.5 272.5
282.5 281 286 293.5 294.5 295.5 296 296 296 295 292 292.5 289.5 292.5 297 296 294 296 297 297.5 297.5 297 295 294 294 288.5 287 284 278.5 273.5 262 257 260 266 270.5 272 274 275.5 276.5 277.5 277.5 277.5 275.5 276.5 278 277 277 276.5 276.5 275.5 274.5 273.5 274 274 274 275 276 275 275 274.5 273.5 273 272 268.5 271 271.5 266.5 266 264.5 267 269.5 269.5 270 275 276 273 271.5 272.5 274 274 274 274 274 274.5 272.5 273 272.5
285 289.5 290 291.5 293.5 294.5 295.5 296.5 296.5 296.5 296.5 296.5 296 295 297.5 295.5 296 296.5 296 297.5 296.5 293 293 295 294 291.5 288.5 284.5 281 274.5 267 257.5 266.5 272.5 275.5 275.5 277 277 279 278 278 277.5 277.5 277.5 278.5 278 278 277.5 276.5 276.5 276.5 276 276.5 277.5 277.5 277 276 275.5 276 275.5 274.5 274 272.5 271 272.5 273 271 270 263.5 266.5 269.5 271 272.5 276.5 274.5 272 273 274 274.5 274 274 273 273 273 272 273.5 273.5
283 289 289 288 290.5 291.5 293.5 295.5 296.5 296.5 296.5 297.5 298 297.5 298 296.5 296.5 296.5 297.5 297.5 296.5 294 295 294 292.5 289.5 286.5 287 280 274 263.5 260.5 269 277 278 277 278 278 279.5 278.5 277.5 277.5 277.5 277.5 278 278 278 278 275.5 274.5 277 277 277.5 277.5 277.5 277 277 276.5 276.5 275.5 275.5 275.5 275 272 274.5 274 271.5 268.5 264.5 264.5 268.5 271 273.5 276.5 274 273 274 274 273.5 273 273 273.5 274 274 275.5 275.5 275.5
280.5 285 283 281.5 284.5 286.5 291.5 294.5 295 295.5 296.5 296 295.5 298 298.5 297.5 296.5 297 298.5 298 297 296.5 295 294 295 291.5 284.5 280.5 280.5 274.5 269.5 267.5 274 277.5 280 279 279 279 277.5 278.5 277.5 275.5 277 277.5 278 278 274 277 277.5 275.5 275 275.5 277 277.5 277.5 277.5 277 277.5 277.5 277.5 276.5 276.5 276 274 276 274 273 269.5 268.5 270.5 270.5 273.5 276.5 275.5 274.5 275.5 274 273 273.5 273 274 274 275 275.5 276 276.5 276.5
290.5 289.5 282 276 279.5 284 291.5 294 295 294.5 296.5 295.5 296.5 298 298.5 298.5 298.5 298.5 298.5 298 297.5 296.5 296.5 296.5 295.5 293.5 287.5 280.5 281.5 279 278.5 279 278 278.5 280.5 282 281 282 280 278.5 276.5 276.5 277 278 278 277 275.5 273 274.5 274.5 274.5 276 277 277 277.5 276.5 275.5 275.5 277 277.5 277.5 278 277.5 276.5 276.5 276 275.5 274 273 273 273 273.5 273.5 273.5 276.5 275 273 274 275 275 275 275 274 275 275.5 276 277.5
294 286.5 275 270.5 273.5 283.5 288.5 293.5 295 296 297 297.5 297.5 298.5 298.5 299 299 299 299 298 297.5 297 297.5 297.5 296.5 294.5 290.5 285.5 285.5 287 285 280.5 279 279.5 280.5 280.5 283.5 281.5 279 279 279 277.5 276.5 276 276 276 276.5 273 272.5 273.5 273.5 274 275 275 275.5 275.5 273.5 275.5 277.5 277 276.5 277.5 277 277.5 277 277.5 276.5 276 276 276 275.5 273.5 272.5 275.5 275 273 273 274 274 274 274.5 274 274 275 275.5 277 277.5
292.5 283.5 271 268.5 267.5 276 285 289 292.5 293 296 297 297.5 298.5 297.5 297 298 298 299 299 298.5 298.5 298 297.5 296.5 295.5 291.5 289.5 289.5 285.5 280.5 279.5 280.5 281 278 281 282.5 284 283 282 282 279 277 277 277 276.5 275.5 273 272 271.5 272.5 274 275 273 274 274 274.5 276.5 276.5 275.5 275.5 276 276 276 275.5 278 277.5 275.5 276 276.5 276.5 275.5 276 274.5 273 272 272 271.5 272 274 275 275 275 275 275 275.5 277.5
290.5 280.5 276.5 280.5 274 272 272.5 277.5 286 290 294 296 297.5 297.5 296.5 296.5 297 296 297.5 299 299.5 298.5 297.5 293.5 294.5 295.5 293.5 292.5 288.5 282 280 278 278.5 281 281 281.5 280.5 282 283 285.5 284 282 281 280.5 278 277 276 274.5 274 273.5 271.5 275 275 274 273 273 273 275.5 275.5 275 275 276 275.5 276 276.5 278 278 276 276.5 277 277.5 276.5 275.5 274.5 273 271.5 270.5 270 270.5 273 275.5 276 275.5 275 276 276 275.5
292 287 290.5 290 286 277 267.5 270.5 278 285 292 293 296 295 296.5 296 295.5 294.5 295.5 298.5 299 298.5 296.5 290.5 291.5 294 293.5 293 290.5 288.5 287.5 283.5 277.5 277.5 280 280.5 281 279.5 279.5 283 283.5 284 286.5 284.5 279 277 276 275 273 273 273.5 274.5 274.5 274 274 273 271.5 270 272.5 272.5 274 276 277 277.5 278.5 278.5 278.5 277.5 277 278 277.5 276.5 275 273.5 273 272 270 271 271 274.5 275.5 276.5 276.5 276.5 275.5 274.5 275
297 295 296 293.5 287 278.5 271.5 270.5 272.5 281.5 291.5 295.5 297 297 298 295 295 297 298 299 299 298.5 297 291 291.5 292.5 289 292 291 291 290 287 280.5 276.5 277.5 280 282.5 279 281 278.5 281.5 284 286.5 287.5 283 278.5 278.5 279 273 270 271.5 272.5 274 273.5 272 270 269.5 270.5 271.5 272.5 274 276.5 278.5 279 279 279 279 278 278 278 277 275.5 275.5 274.5 273 272 271 273 274 274.5 276 276.5 276 276 275 274.5 275
296.5 292 293 293 286.5 279 279.5 271.5 271.5 276.5 288.5 295.5 297.5 298.5 299 298 298 297.5 299 299 299 298.5 297.5 295 295 291.5 293 294 293.5 293 292 288 280 283.5 284.5 281.5 284 287.5 287 282.5 283.5 287.5 289 290 285 285 283.5 283.5 276 277 274.5 276.5 275 273 269 264.5 264 269 271 270 273 277 279 279 279 279 278 277.5 278 278 277.5 275.5 275 275 274 273.5 273 272 274.5 275.5 275.5 275.5 275 275.5 275 275 276
297 296.5 296.5 293 289 288 282.5 275.5 275 275 289.5 297 299 299.5 299.5 299.5 298.5 298.5 299.5 299.5 298.5 298.5 298.5 297.5 296.5 296.5 296 296 295 294 292 290.5 288.5 287.5 288 281 280 287.5 289 288 289 289 290 290.5 286 288 286.5 286.5 284.5 283.5 279.5 276.5 274.5 273.5 270.5 268 271.5 272.5 273 275 278.5 279 279 279 278.5 277 277 276 276 278 278 277 275 274 275 274 271 273 274.5 274.5 274 274.5 275 275 274 274 277
297.5 296.5 297 294.5 292 289 283.5 282 282.5 278.5 286.5 296 299 299.5 299.5 299.5 299.5 299.5 299.5 299.5 299.5 299 298.5 298.5 298 297.5 297 297 296 295 294 291.5 292.5 291.5 290 282.5 282.5 288 291 291 290 290 292 291 288 289 289 287 286 280 277 275 274 273 270 272.5 274 274.5 277 278.5 278.5 278.5 278.5 278 277 275 276 275.5 275 277 278 277 274.5 274 274.5 274 273 272 272.5 273.5 272.5 274 274 274 272 275 276
298 294.5 292.5 296 295.5 289 290.5 284 288.5 286 292 298.5 300 300 300 299 299 300 299 299.5 299.5 299.5 299 298.5 298.5 298 297.5 297 297 295 294 289.5 293.5 289.5 284.5 286.5 288.5 292 293 293 293 293 293 291 291.5 290.5 287 283 283 276.5 274 274 274 274.5 273.5 275 276.5 280 279 278 278.5 278 277.5 275.5 275 273.5 275 275 274.5 276 277 276.5 274 273 274 274.5 273.5 272 272.5 272.5 272.5 273 273.5 272 269.5 270 270
298.5 298 296 298 298 294.5 295.5 288.5 290 294.5 297 299.5 300 300 300 300 300 300 299 299 299.5 299.5 298.5 297.5 298.5 298.5 298 297.5 297.5 296 295.5 292.5 294 291.5 284.5 279 288 293 293 294 294 294 293.5 292.5 292.5 290.5 287.5 281.5 276.5 278.5 274.5 277 278 279.5 279.5 280 282.5 282 280 278 276 277 275 273.5 274.5 273.5 274.5 274.5 274 276.5 274.5 273 272.5 269.5 270.5 272 273 273 273 272 271.5 269.5 270.5 271.5 267.5 267.5 269
297.5 295 298.5 299 299 298 299 297 296.5 297.5 299.5 300 300 300 300 300 300 298 297 299 299.5 299 299 298.5 298.5 298.5 298.5 298.5 298 298 296 294.5 293.5 289 284.5 284.5 286.5 293.5 294 294 295 294.5 294 293.5 292.5 290.5 289 286 282 283.5 281.5 280.5 283.5 282.5 281.5 284 284 282.5 279.5 273.5 267.5 273 275 271 271 273.5 273.5 274 274.5 275 271.5 269.5 269 268 271 272 272 273 272.5 270 269.5 269.5 272 272 270.5 271 269.5
297.5 294 299.5 299.5 300 299 300 300 300.5 300.5 300.5 300.5 300.5 300.5 300 300 299.5 297 296 297.5 299 299.5 299.5 299.5 299.5 298.5 298.5 298.5 298.5 298 295.5 295.5 291.5 289.5 290.5 288.5 291.5 294 295 295 295 295 294.5 293.5 293.5 292.5 289.5 287 287.5 286 286.5 286 286 285.5 284.5 285 285 283 277 273.5 266.5 270 274 272 269 271.5 270.5 271.5 268.5 271 272 266 263.5 265 265 271 272.5 272.5 272 269.5 267.5 269.5 272 273 274 273 270.5
298 299 300 300 300 300.5 301 300.5 300.5 300.5 300.5 300.5 300.5 300.5 300.5 300 299.5 299 296.5 294 295 299 298.5 299.5 299.5 299.5 299.5 299 298.5 298 297 295.5 293.5 293.5 292 292.5 293 293.5 295.5 295.5 295.5 294.5 295 294.5 292 292 292.5 290.5 290.5 287.5 289.5 289 288 287 284.5 286.5 283.5 281 280 277.5 272.5 270 268.5 265.5 267 274 271.5 268.5 266.5 270.5 264 261.5 258.5 262 268 272 272.5 272.5 272.5 269.5 266.5 265.5 272 273 274 273.5 273
297 298.5 299.5 299.5 299.5 300 300.5 300.5 300.5 300 300 300 300 300 300 300.5 299.5 298.5 297.5 293 295 297 296 299 299.5 299.5 299.5 299 298.5 298.5 297.5 296 296 294 292 294 291 294 295 296 296 295 294.5 294 289.5 289.5 293.5 292 291.5 291.5 288.5 287.5 289 289 288 288.5 285.5 283.5 281 278 275.5 276 273 268 273.5 275.5 273 266.5 265 266 265 260 262 264 269.5 271.5 272.5 272 271.5 270.5 269.5 268 270 271.5 274 275 272
297 298 298.5 299 299 299.5 299.5 300 300 300 300.5 300 300 300 300 300 300 299.5 298.5 294.5 292 296 297 297 299 300 299 299 299 298.5 298 297 296 295 295 295.5 294 296 296 296 296 295.5 295.5 294.5 291.5 290 293 293.5 293 292.5 290.5 288.5 288 288.5 289 289 285.5 282 279.5 278 281.5 277 278.5 270.5 278 273.5 268.5 270 264 260 258 259.5 262 269 269.5 270.5 271.5 272 269.5 268.5 265.5 269.5 267.5 271 270.5 276 274
296.5 297 298 298 298.5 298.5 299 299.5 299.5 300 300 300 300.5 300 300.5 300 300 300 299.5 297.5 293.5 297 297.5 298.5 299 299 299 299 299 298.5 298 296.5 297 297.5 296.5 296 296 296.5 296 296 295 295.5 295.5 294.5 292.5 292 293.5 294.5 293.5 293 291.5 289.5 288.5 289 290 289 285.5 285 281.5 279.5 282 281.5 276.5 278 280 276 273.5 274.5 268 259 260 261.5 260.5 264 265 270.5 271.5 271.5 268 266 264 266.5 267.5 270 274 278 274
296 297 297.5 297.5 298 298 298.5 299 299 299.5 300 300 300 300.5 300.5 300 300 300 300 299.5 297 299 298.5 299 299 299 298.5 298.5 299 298.5 298.5 298 297.5 297.5 297 297 296.5 296.5 295 294.5 293.5 292.5 295.5 295.5 294.5 293.5 294 294.5 292.5 293.5 292.5 291.5 290 291.5 291 290 288 286 284 279.5 283 284.5 283.5 282 280 276.5 275.5 277.5 275.5 267.5 262.5 263.5 263.5 260.5 268 269 269 270.5 268 263.5 266.5 265.5 270.5 277 277.5 279.5 279
296 296.5 296.5 297 297.5 298 298 298.5 299 299 299.5 299.5 300 300 299.5 299.5 300.5 300 300 300 300 299.5 299.5 299.5 299.5 299.5 298.5 298.5 299 299 298.5 298 298 298 297 297 296.5 296.5 293 291 291 292 295 295.5 295.5 295.5 295.5 294.5 293.5 294 294 294 292 292 291.5 291 290 288 284 282 284.5 286.5 284.5 280 278.5 280 277.5 276 277.5 273 263 263.5 265 267 267 265 267.5 269.5 264.5 269.5 274.5 273 277 279.5 280 280 279
295.5 295.5 296 296.5 297 297.5 298 298.5 298.5 298.5 299 299 299.5 299.5 299.5 299 300 300 300.5 299.5 300 300 299.5 299 299.5 299.5 299 299 299 299 299 298 298 298 297.5 297 297 295 294 294 294 295.5 296 295.5 295.5 295.5 295 294 294 295 294 294 293 292 291.5 291 290 289.5 288 287.5 287.5 288 285 283 282.5 280 279.5 280 279.5 276 263 268.5 271 273.5 269 265 267.5 268 272.5 276.5 278 279.5 280.5 281 281 280 280.5
295 295.5 295.5 296 296.5 296.5 297.5 298 298 298.5 298.5 298.5 299.5 299 299 299.5 299.5 299.5 299.5 299 299 299.5 299.5 299 300 299.5 299.5 299 299 299 298.5 298 298 298 297.5 297.5 297 296 295.5 295.5 295.5 296.5 296.5 296 296 294 295 295 294 294.5 294.5 294 293 291 291 292 290.5 288 286.5 285.5 286 288 287 284.5 280.5 279.5 282 282 281.5 279.5 269 274.5 277 273.5 272 274 271 275.5 278.5 280.5 280.5 281 281.5 282 282 281.5 281
295 295 295.5 295.5 296 296.5 296.5 297 297.5 297.5 298 298.5 298.5 298.5 299 299 299 299 299 299.5 299 299 299.5 299.5 299.5 299.5 299.5 299.5 299 299 298.5 298.5 298 298 298 297.5 297.5 297 297 296.5 294.5 296.5 296.5 295.5 295.5 295.5 294.5 295 295 294.5 294.5 294 292 292.5 290 291.5 291 288.5 286 286.5 286 288 288 283.5 284 284 284.5 284 282 277 269 279.5 279 278.5 278 279 276 276.5 281 282 281.5 282 282.5 282.5 282.5 281 281.5
294.5 295 294.5 295.5 295.5 296 296.5 296.5 297 297 297.5 297.5 298 298 298 298.5 298.5 298.5 297.5 298 297.5 298.5 299 299.5 299.5 299.5 299.5 299.5 299 299 299 298.5 298.5 297.5 297.5 297.5 297.5 297 297 297 296 296.5 296.5 296 295.5 295.5 295.5 294.5 295 294.5 294.5 294.5 293.5 293.5 292 290.5 290.5 288.5 286.5 284.5 287 288.5 288.5 288 284 284.5 285.5 285.5 282.5 276.5 276 282.5 281.5 281.5 281.5 280.5 280.5 282.5 283 282.5 282 282 282 283 283 280.5 280
294.5 294.5 294.5 294.5 295.5 295.5 296 296 296.5 296.5 296.5 297 297 297 297.5 297.5 298 298.5 298 298 297.5 297.5 298.5 298 295.5 297.5 298.5 299.5 299.5 299.5 298.5 298.5 298.5 298 298 297.5 297.5 297.5 297 297 297 296 296 296 295.5 295.5 295 294.5 293.5 293.5 293.5 294 293.5 292 291.5 290.5 291 288.5 284.5 287.5 289.5 290 289.5 288.5 286.5 287 286.5 285.5 282 281.5 282.5 284 284 283 283 283.5 283 284 284 283.5 283.5 282.5 282.5 283.5 283 281 281
294 294 294 294.5 294.5 295.5 295.5 296 296 296 296.5 296.5 297 297 297.5 297 297.5 297.5 298 297.5 298 297.5 297.5 298 296 297 297 298.5 299 299.5 299 298.5 298.5 298 298 297.5 297.5 297.5 297.5 296.5 295.5 296 295.5 295 294 293.5 294.5 294 294 294 294 293 291 293 291.5 291.5 291.5 289.5 286.5 290 291 290.5 289.5 289.5 289.5 286 284 285 283.5 283 284.5 285.5 284 284 285 285 285 285 285 284 283 283 283.5 283.5 283.5 283 282
294 294 294 294.5 295 295 295.5 296 295.5 295.5 295.5 296 296 296 296.5 296.5 297 297 297.5 297 297.5 298 296 297.5 295 293.5 297.5 297.5 299 299 299 298.5 298 298 298 298 297.5 297.5 296.5 296.5 294.5 295.5 294 294 294 291 293 294 294 295 294 293 291.5 292.5 291.5 291.5 291.5 291 290 291 291 291 289.5 290.5 290 288 284.5 286 286.5 285 283.5 286 282.5 282.5 284 285.5 285.5 285.5 285 285 284 284 284 283.5 283.5 282.5 279
294 294 294 294 294.5 295 294.5 295 295 295.5 295.5 295.5 295.5 295.5 296 296 296 296.5 296.5 296.5 297 297 296.5 297.5 295.5 296.5 297 297.5 298.5 299 299 299 298 298 298 298 298 297.5 296.5 295.5 296 293.5 294.5 293.5 294 293 293.5 294 295 295 294.5 294.5 293.5 293.5 292.5 291 291.5 290.5 290.5 290.5 291 291.5 291.5 290.5 290.5 289 287 286 288 287.5 286.5 286.5 284.5 284 286 286.5 286.5 286 285.5 285 285 285 284.5 284.5 283.5 281 276.5
