ecocropFuture/tif/c6/rcp585/ACCESS-CM2/tmean_5.asc
ncols        683
nrows        518
xllcorner    -87.691666666667
yllcorner    10.708333333333
cellsize     0.008333333333
NODATA_value  nan
[rows 117 to 155 of 518, columns 174 to 260 of 683]
nan nan nan nan nan nan nan nan nan nan nan nan nan 262 265 264 258 260.5 265 269.5 275 275.5 276 276 276 275.5 274.5 273 271.5 nan nan nan nan nan nan nan nan nan nan nan nan nan nan nan nan nan nan nan nan nan nan nan nan nan nan nan nan nan nan nan nan nan nan nan nan nan nan nan nan nan nan nan nan nan nan nan nan 285.5 288 288.5 282.5 280.5 283 288.5 288.5 287.5 288
nan nan nan nan nan nan nan nan nan nan nan 252.5 258.5 262 263 264 263.5 266 269 273.5 275 275.5 275.5 275.5 275.5 274.5 273 271.5 nan nan nan nan nan nan nan nan nan nan nan nan nan nan nan nan nan nan nan nan nan nan nan nan nan nan nan nan nan nan nan nan nan nan nan nan nan nan nan nan nan nan nan nan nan nan nan nan 289.5 289.5 286.5 286 278 279 286 286.5 281.5 286.5 284.5
nan nan nan nan nan nan nan nan nan nan 244.5 254.5 253.5 256 253.5 253.5 261 266.5 269 273.5 275.5 275.5 275.5 276 276 274.5 272 269 nan nan nan nan nan nan nan nan nan nan nan nan nan nan nan nan nan nan nan nan nan nan nan nan nan nan nan nan nan nan nan nan nan nan nan nan nan nan nan nan nan nan nan nan nan nan nan 287 289.5 287.5 284.5 280.5 279 285 286.5 282.5 279.5 286 281
nan nan nan nan nan nan nan nan nan nan 236.5 247.5 247.5 246.5 244.5 252 260 265.5 269.5 274.5 275.5 275.5 275.5 276 275.5 272.5 268 nan nan nan nan nan nan nan nan nan nan nan nan nan nan nan nan nan nan nan nan nan nan nan nan nan nan nan nan nan nan nan nan nan nan nan nan nan nan nan nan nan nan nan nan nan nan 286.5 289.5 289.5 287 286 286 279.5 279 286 282.5 276.5 277.5 283.5 285.5
nan nan nan nan nan nan nan nan nan nan nan 244 243 247.5 251.5 258 263.5 268 272 275.5 276 276 276 276 275.5 272 267.5 nan nan nan nan nan nan nan nan nan nan nan nan nan nan nan nan nan nan nan nan nan nan nan nan nan nan nan nan nan nan nan nan nan nan nan nan nan nan nan nan nan nan 289.5 289 289 289.5 290 289.5 287 285 283.5 283 273 277 285.5 282.5 277 273 279 281.5
nan nan nan nan nan nan nan nan nan nan nan nan 235.5 237.5 246.5 254.5 262 268 274 276 276 276 276 276 275.5 273 268.5 nan nan nan nan nan nan nan nan nan nan nan nan nan nan nan nan nan nan nan nan nan nan nan nan nan nan nan nan nan nan nan nan nan nan nan nan nan nan nan nan nan nan 290 283.5 282 285 289.5 286.5 284.5 282 279 276.5 272.5 279.5 282.5 283.5 276 271 277 281.5
nan nan nan nan nan nan nan nan nan nan 238.5 236.5 236 240.5 251.5 259 263.5 271 274.5 276 276.5 276.5 276 276 275.5 273.5 274 269 nan nan nan nan nan nan nan nan nan nan nan nan nan nan nan nan nan nan nan nan nan nan nan nan nan nan nan nan nan nan nan nan nan nan nan nan nan nan nan nan 290.5 290.5 284 279 286.5 286.5 282.5 282 276.5 267 268 274.5 278 280 283.5 279.5 274.5 274 277.5
nan nan nan nan nan nan nan nan 241 235 241.5 241.5 240 242 251.5 261.5 269 273.5 275 276 276.5 276.5 276 274.5 274.5 270.5 274 276 271.5 nan nan nan nan nan nan nan nan nan nan nan nan nan nan nan nan nan nan nan nan nan nan nan nan nan nan nan nan nan nan nan nan nan 288 290 287 288.5 nan nan 290.5 289 287 280 284.5 285.5 283.5 279 276.5 272 267 272 277 279.5 283 278.5 275.5 274.5 275.5
nan nan nan nan nan nan 230 236.5 234 234 244.5 245.5 243.5 246.5 256 265 271.5 274 275 276.5 276.5 276 275 273.5 273 271 268.5 270.5 276.5 274.5 nan nan nan nan nan nan nan nan nan nan nan nan nan nan nan nan nan nan nan nan nan nan nan nan nan nan nan nan nan nan nan 286 289.5 283.5 278.5 285.5 289 291 288 287 286 279 282.5 284 282 280 273.5 272 273 273 274 277.5 281.5 281.5 277.5 275.5 273.5
nan nan nan nan nan nan 241 248 246.5 244 251.5 250.5 243.5 250 262.5 269.5 272.5 274.5 275.5 276.5 276 276 274.5 271.5 270.5 269 267.5 269.5 277.5 281.5 281.5 nan nan nan nan nan nan nan nan nan nan nan nan nan nan nan nan nan nan nan nan nan nan nan nan nan nan nan nan nan 289 289.5 284.5 279.5 276.5 285.5 286 288 283.5 283 285.5 278.5 278.5 282 280 275.5 270.5 268.5 273.5 277.5 279.5 281.5 280.5 278.5 272.5 278.5 276
nan nan nan nan nan nan 236.5 246.5 255 257 259 256 252.5 256.5 267 271 273.5 274.5 275.5 276 276 275.5 273.5 270.5 269.5 270.5 273.5 276 280 281.5 279.5 281.5 282 nan nan nan nan nan nan nan nan nan nan nan nan nan nan nan nan nan nan nan nan nan nan nan nan 281.5 289 282 285 286 282 276 275 284 284.5 285.5 284.5 280.5 281 273 273 280 278.5 277.5 270 269 275 278.5 281.5 277.5 273 277.5 280.5 278 275
nan nan nan nan nan 224.5 235 245.5 253.5 259.5 263 264.5 263 263.5 268.5 272 273.5 275 275.5 276 275.5 273 270 272.5 276.5 276 279 281 281 278.5 276.5 280 280.5 281 nan nan nan nan nan nan nan nan nan nan nan nan nan nan nan nan nan nan nan nan nan nan nan 280 289.5 281.5 278.5 282.5 277.5 269 273 281.5 280.5 276.5 281 274 276 275 271 276.5 276.5 273 267 273 277 279.5 276.5 273.5 267 276 280 272 267.5
nan nan nan nan nan 221.5 231.5 244 254.5 254 259.5 264.5 267 269 270.5 272.5 273.5 275 275.5 275.5 273.5 267.5 271 276.5 278.5 280 281 281 276.5 274.5 278 277 276.5 280 281 nan nan nan nan nan nan nan nan nan nan nan nan nan nan nan nan nan nan nan nan nan nan 281.5 289 282 274.5 274.5 271 264 272.5 280 271 270 279 270 273 273.5 271.5 272.5 274 271.5 269 272.5 273.5 276.5 275 271 267 274.5 277 264.5 259
nan nan nan 222.5 220.5 226 238 245 250.5 245.5 253 254 261 268.5 271.5 272.5 273.5 274.5 275 274 268.5 268.5 275 277.5 279.5 280 280 277 272.5 276.5 276.5 271 273 275 275.5 275 nan nan nan nan nan nan nan nan nan nan nan nan nan nan nan nan nan nan nan nan nan 283.5 288 281.5 273.5 267 260.5 264.5 275 276.5 264.5 271 277 269 271.5 271.5 268.5 269.5 273 269 269 269.5 271.5 277.5 274.5 267 261.5 270.5 274 266.5 263.5
nan nan 229.5 234 232.5 237.5 244 249 246 242.5 245 253 262.5 270 272.5 273.5 274 274.5 274 270.5 268.5 270.5 276 278 279.5 279 277 271.5 274.5 275 273 271 271 270 268.5 268.5 276 280 nan nan nan nan nan nan nan nan nan nan nan nan nan nan nan nan nan nan nan 277.5 289 285 280 270 259.5 267.5 276 270.5 264 272 274 269 273 272 268 266 269 267 270 272.5 273.5 277 270 266.5 265.5 272 275.5 268.5 261
nan 241.5 241.5 245 242 240.5 239 241.5 247.5 252 247.5 259.5 267.5 271.5 273.5 273.5 274 274 269.5 266 270.5 273 274 277 279 277 269 270.5 272 271.5 269 268.5 264.5 264.5 270.5 273.5 272.5 274.5 nan nan nan 277 283 278 285.5 287 286.5 nan nan nan nan nan nan nan nan nan nan 283.5 289 282 275.5 267 259.5 269.5 270.5 262 265 270 269 266.5 270.5 269.5 266 265 263.5 265.5 266.5 273.5 276.5 275 268 264.5 269 269.5 274.5 269.5 261
249 243 241.5 252 246 241 237 243 253 257 257 263 270.5 273 274 274 274 272.5 268 271.5 272.5 275 276.5 277 277 274 269 272 272.5 272 269 264 265.5 268.5 273.5 278 276 276.5 278.5 nan nan 275.5 282 274 284 286 283.5 285.5 nan nan nan nan nan nan nan nan nan 285.5 288 279 278.5 270 262.5 269 262.5 261 267 266 264.5 267.5 271 268.5 263.5 262 261.5 267.5 270.5 271 276 273 268 261.5 267 267.5 267.5 266 265
252 244 248.5 255 252 248.5 244 248.5 255.5 256 262.5 269 272.5 274 274.5 274.5 274 269 267.5 270 272 271.5 273 273.5 275.5 273.5 274.5 273.5 271 275.5 272.5 265.5 263 274 275 281 281.5 281.5 280.5 277 281 282.5 279.5 271.5 276 284.5 275.5 282.5 nan nan nan nan nan nan nan nan nan 283.5 288 284.5 279.5 274.5 262.5 263.5 261.5 267 271.5 270 269 266.5 267.5 268 264 260.5 260.5 264.5 264.5 268 273.5 272 268 262.5 260.5 259 266 265 263.5
256.5 253 253 259 254.5 251 256 261 260 258 266 272 274 274.5 275.5 275 271.5 267 269.5 270.5 269 268 271.5 273.5 274.5 273.5 276.5 276.5 275.5 277.5 277 271 266.5 272 277 280 276.5 273.5 273 268 278 276 273.5 274.5 276.5 279.5 279.5 284 nan nan nan nan nan nan nan nan nan 286 284 280 275.5 270 266 265.5 267 274.5 273 275.5 270 268 265.5 264.5 265.5 261.5 260.5 262.5 268 271 273 271 266 261.5 260.5 261 263 262.5 259.5
251 259 259 260 258.5 253.5 259.5 265 266.5 265 271 274 275 275.5 275.5 274.5 267.5 266 268 267 263.5 264.5 271 273 273 272 274.5 272 274.5 269.5 273 277.5 276 273.5 274.5 279.5 271 262 262 270.5 277.5 269.5 268 269 262 276 283 286 nan nan nan nan nan nan nan nan nan 288.5 282 282 276 268.5 275 272 275.5 280 277.5 276.5 273.5 272.5 267 261.5 263.5 263 260 263 268.5 270.5 268 266 265.5 261 262 259 256.5 259.5 253.5
252 258 262.5 263 261.5 259.5 264.5 266.5 270 270 273.5 275 276 276 276 273.5 264.5 264.5 263 264.5 267.5 268.5 271.5 272.5 273 274.5 273 271 267.5 263.5 268.5 270 277.5 274.5 274 277 266.5 255 258.5 271 272 265.5 266.5 263.5 270.5 276 281 285.5 nan nan nan nan nan nan nan nan nan 285 288 285 278 280 281.5 281.5 283.5 280.5 281 279.5 277 273 270.5 265 261 263.5 261 264 269 268.5 261 257.5 259.5 259 261 259.5 254 258.5 256
256 256.5 257 262 266.5 267 268.5 268 272 272.5 274.5 276 276.5 276.5 275.5 270 264.5 264.5 266.5 269.5 271.5 272.5 272.5 272 273 269 269 266.5 260.5 261 267.5 273.5 277.5 277.5 278 276 271.5 259.5 255 262.5 262 257.5 258.5 258 268.5 280 282.5 280.5 281.5 286 nan nan nan nan nan nan nan nan 282 285 287.5 283 287.5 285 279.5 278.5 278.5 278.5 276.5 274.5 273 269.5 264 261 259.5 264.5 265 268.5 263 259.5 255 249.5 251.5 260.5 256.5 253 253.5
253.5 258 259 263 266 269.5 271 269 270.5 274 275.5 276.5 277 277 274.5 269 262.5 263.5 264 265.5 268.5 271.5 272.5 271.5 272 270 266.5 258.5 261 269.5 274 275 275 273 274 267.5 269 255 247.5 252 254 249.5 255 262 267.5 278.5 275.5 275.5 274 285 nan nan nan nan nan nan nan nan nan 277.5 288.5 288 282 283 282 279 277 276 276.5 275.5 272 272 267.5 261.5 259.5 259 261.5 266.5 264 258.5 250 246 254.5 260.5 259.5 255 249.5
252 256 258 261 266.5 270 272.5 273 273 275 276.5 277 277 276 269 264.5 265 266 267 267.5 269.5 270 269 269 270.5 269.5 264.5 256.5 262 271 274.5 275.5 270 270 266.5 261.5 266.5 258.5 254 247.5 251.5 252.5 265.5 274 275 279 270 268 267 281 285 nan nan nan nan nan nan nan nan nan 289.5 289.5 285 284 280 280 281.5 281.5 276.5 274 274 271 268 267.5 261 255 256.5 261 262 259.5 253 252 257.5 259.5 258 256 250.5
254 255.5 258.5 263 268 271 271.5 273.5 275 275.5 276.5 277 277 274 266.5 264 265 265 266 267.5 268.5 268.5 268 268 267.5 265 258.5 256 266 270 269 271 267.5 266 258.5 250.5 261 263 257 246 246 255.5 272 277 277 280 277 268.5 274 281 281 282 nan nan 285.5 285.5 282.5 287.5 nan 287.5 288 285 288 289 286 285 285 280 276 278 276.5 272 270 269.5 263 259.5 255.5 256.5 255 254.5 255 257 257.5 257 253.5 255 253.5
255.5 257 259.5 264 269 272 272.5 273 276 276 276.5 277.5 276 272.5 266.5 263 264 267 268 268.5 268.5 269 268 268.5 266 259 252 249 262.5 260 261 268.5 266 259 250.5 250 261 256 247.5 241.5 249 254.5 266.5 276.5 280 278 270.5 270 278.5 280 273.5 269.5 278.5 283.5 279.5 274 272.5 284 290.5 289.5 284 283 286 286 288 289 285 279.5 279 280 277.5 273.5 274 269.5 265 263.5 255 249 249.5 248 249.5 252 253.5 254.5 251.5 259 259
258 258.5 261 265.5 270 271.5 273.5 275 276.5 276.5 277 276.5 275 267.5 263.5 264 267 268 268 268.5 268 267.5 265 265 263.5 261.5 253 246.5 253 258 262 263 261.5 250 239 249.5 259.5 249.5 239.5 242.5 253.5 256 262 272 277 269.5 266 274.5 275.5 274.5 272.5 270.5 279 275.5 271.5 271 278 286 290 285 283 283.5 283.5 281.5 284 288 284 279.5 281 282.5 279.5 273.5 275 267.5 268 263 254 246 241.5 236.5 239 243 246 250 259.5 261 262
265 262 264.5 269.5 272 272.5 274.5 276 277.5 277 276.5 275.5 273.5 269 266 264 267 267 266.5 267.5 266 263 260 263 262.5 258 250.5 246.5 248.5 253 253.5 258 251.5 243 239.5 249 254 246 243 248 251.5 254.5 257.5 261 272.5 267.5 270.5 265 268.5 272.5 268.5 274.5 273 271.5 274.5 281 284 290 287 286 282 281.5 282.5 279.5 284.5 289 287 284.5 285 281 277.5 272.5 276 270.5 271 265 259 251.5 242.5 237.5 235 242 242.5 246 252.5 263 266
270 270 269 273 274 273 274 277 277 275.5 275.5 274 269.5 264.5 263.5 265.5 267 268 267.5 267.5 265 263 258.5 260.5 258 255 249.5 247.5 248.5 244.5 245.5 246.5 242 237.5 243 243.5 251.5 246 246 250.5 252.5 254.5 254.5 264 270.5 264 258.5 258.5 267 266 264 266.5 270.5 279.5 281 286 290 290 284.5 285 282 279.5 279.5 281.5 286.5 285.5 285.5 287.5 282.5 279 275.5 275.5 277 275.5 272.5 270 264.5 258.5 249 238.5 234.5 233.5 237.5 242 250.5 261 268
269 271.5 274 275 275 275.5 277 277 273.5 273 275 272.5 269.5 266 264 266 268 270 269.5 267 266 261 256 255.5 253 250.5 250.5 251.5 249 245.5 240 240 241.5 243 245 248 245 242.5 245.5 247 246 251.5 259 268 268 259.5 255.5 265 268.5 270.5 267.5 267.5 273.5 280 285 288.5 288 286 286 282.5 280.5 278 280.5 284 284 281.5 285 286.5 285 282 280.5 280.5 278.5 274 269 261.5 256.5 260.5 255 246 240 232 235 244 254.5 263 268
269 271 273.5 275 275.5 276.5 276 273 272 274 274 271 268.5 261.5 262.5 265.5 270 272 271.5 269.5 267 262 253.5 253.5 253.5 254 252 253 249 243 239 241 242 242 239.5 245 246 242.5 244 249 255.5 261 267.5 267.5 263 256 261 268.5 275 277.5 279 279 281 285 289.5 287 283.5 286 284 283 280.5 278.5 282.5 283 280 281 285 285 280 283 279 275 271 267.5 265 256 244 249 256 247 235.5 232 236 244 255.5 261 269.5
270 272.5 274 276 276.5 276.5 271.5 270 274 275.5 272.5 268 263.5 265 269 272 273 272 272.5 269.5 264.5 258.5 251.5 254.5 254.5 256.5 254 255 250 243 239 240.5 239.5 238.5 238.5 244.5 246.5 244 252.5 257.5 262 268.5 265.5 261 262 260 266 269.5 271 274 276 282 287 289 289 282.5 281.5 283.5 283 281 279 279 280 280 281 282.5 284 284.5 280 281.5 277.5 275 271 267 261 252.5 240.5 245 249 245.5 239 237.5 241 246 253.5 258 266.5
267.5 270.5 273.5 275 276.5 276 274 273.5 275.5 276 271 264.5 260 266.5 272 273.5 275 274 272.5 268.5 263.5 255.5 251 254 255.5 255.5 257.5 255 252.5 245.5 240 239 240 238 241.5 244 245 245 251.5 258 263.5 264.5 258 258 261.5 267.5 270.5 272 272 272 278 285 283.5 288 288 284.5 283.5 284 281.5 280 278 279 277.5 280.5 282 284 286 283.5 279.5 279 277 272.5 271.5 264 254 245.5 238.5 232.5 235 239 247 243 242 248 251 254 263.5
269 272.5 274 275.5 274 275 276.5 276.5 277.5 276.5 269 263.5 266.5 269 273 275 275 274 271.5 267 260 254 254 255 256 255.5 257.5 253 248 243 241.5 243 244 240.5 241.5 243 244 247.5 255 258.5 264.5 260 256 258.5 262.5 269.5 274.5 276 278 276.5 282.5 283.5 282.5 286.5 290 287.5 287 286.5 284.5 282 277 276.5 279.5 280.5 281.5 283.5 285.5 279 275.5 275.5 276 275 270.5 262 255 248 238 232 234 240 250.5 250.5 245.5 246 247 248.5 256
271 272.5 274 274 271 270 274 277.5 277.5 275.5 272 270 272.5 271 276 276 275 273.5 271.5 265.5 257 254.5 255.5 257 256.5 256 258 254 245 244.5 247.5 245.5 246.5 243 238.5 240.5 244 252.5 254 260 262.5 258 254 258 266 272 274 279 281.5 283 284 281.5 282.5 283.5 285.5 290 286.5 284 284 282 277 274.5 278.5 279.5 278.5 281 284.5 283.5 278 274.5 270.5 271 268 265.5 254.5 246 243 237 238 241 253 257 248.5 245 247.5 250 258.5
271.5 272.5 273 271 270 268.5 270 275.5 278 275 270 273.5 275 274.5 277.5 277 276 274 272 268.5 265 258 257 256.5 257 256.5 260 253 244 247 251 247.5 245 243 240 246 248 252 256 257 259 256 254 257.5 262.5 269.5 276.5 276 279 278.5 280.5 278.5 278.5 281 286.5 289 282.5 281 283 279.5 278 275.5 275.5 279.5 280 283 278 280 283 278.5 272.5 267 260.5 260 260 250 250.5 246.5 247.5 242 246 257.5 254 254.5 252 255 260.5
271 270.5 270.5 271 272 269.5 268.5 273 277 276 269 272 276 277.5 278 276 275 274 272 271 265.5 261.5 262.5 259 256.5 259.5 258 250 250 251.5 251 242.5 242.5 242 242 248.5 252.5 254 250.5 253.5 255 253.5 258 262 266.5 274.5 277 275 278 276 278 280.5 282.5 285 289 283 278 280 281 279 274.5 276.5 277.5 281 280 278 274 278.5 282.5 277 268 260.5 249.5 252.5 256.5 253 255 254.5 248 246.5 246.5 253.5 262.5 258 252.5 259 267.5
269 267 266 269.5 270.5 272 272 269.5 275.5 277 271.5 274 277.5 278.5 279 276 275 273 273 272 266.5 266.5 264 259 258.5 261.5 255.5 249 252 256 248.5 246 245 242.5 248 252 253 255.5 251.5 253.5 252.5 252.5 258 264 269.5 272.5 272.5 275 273 272 276.5 274.5 282 286 288 284 280 281 279.5 277.5 272.5 273 278.5 280 273.5 273.5 277 275.5 277 279 268 266 255.5 247 251 256 258 258.5 252 250.5 249.5 251.5 261 265 259 254 265.5
267.5 266 265 265 268 270.5 273.5 273.5 274.5 277.5 276.5 277 279 279.5 279.5 277.5 275.5 275.5 275 272 267.5 268.5 267 261 256 263 256 255 256.5 256.5 250.5 246 249.5 247 252.5 255.5 256.5 258 259.5 256.5 252.5 251.5 249.5 257 265.5 269.5 269.5 268 268.5 271 271 277.5 281.5 285 289 284 282 282.5 279.5 277.5 273.5 275.5 278 276.5 272 272.5 276.5 269 266 274 273.5 275.5 265 255.5 258.5 251.5 257.5 259.5 258 254 252.5 254.5 260.5 268 260 257 262
