ecocropFuture/tif/c6/rcp585/ACCESS-CM2/tmean_1.asc
ncols        683
nrows        518
xllcorner    -87.691666666667
yllcorner    10.708333333333
cellsize     0.008333333333
NODATA_value  nan
[rows 266 to 303 of 518, columns 261 to 347 of 683]
251.5 250.5 250.5 251 249.5 250.5 250 250.5 250 250 249 248.5 247.5 246 243 242 241 242 244.5 245.5 247.5 246.5 245 246 245 243.5 241.5 239.5 237 234.5 238.5 243.5 244.5 247 248.5 249.5 250.5 249 250 251 252 251 251 250.5 251.5 250.5 248.5 246.5 249 251 250 249.5 250.5 250.5 248.5 248.5 249.5 247 246.5 247.5 249 251 250.5 249.5 249.5 248.5 246.5 244.5 245.5 243.5 242.5 239 238.5 239.5 239.5 240.5 242 243 242 241 241 240 240 242.5 243.5 245.5 245.5
251.5 251.5 252 250.5 249.5 250.5 250.5 250.5 250.5 250 249 248.5 247 246 244 240 239 244.5 244.5 245.5 247.5 246 247 246 244 243 242 238.5 236 232.5 238 240.5 242.5 244 248.5 249.5 249.5 249.5 249 249 250 251 251 250.5 251.5 251.5 246.5 246.5 251 250.5 250.5 251 251.5 248.5 249.5 248 249 250 249 249.5 251 250 250 248 249 248.5 247.5 241.5 241.5 238.5 238.5 239.5 238.5 238.5 238.5 239.5 241 241.5 242 242 241 241 241 243 244.5 245.5 246
251 251 251 251.5 250.5 251 250.5 249.5 250 249 247.5 247.5 245.5 245.5 244 241 245 245.5 243 245.5 247.5 248 246 245 245 244.5 243.5 241.5 239.5 237.5 239 239.5 243 244.5 248.5 249.5 248.5 248.5 248 248 249.5 250.5 249.5 251.5 250.5 251.5 251 251 249 247.5 250.5 251 248.5 249 251 250 248.5 250 251 251 249 249 249.5 248 246.5 250.5 248.5 243.5 239.5 237.5 238.5 239 239.5 239 238.5 239 240.5 241 242 242 242.5 242 241.5 243.5 245.5 246 245.5
251 251 251.5 251 251 251 249.5 248 247.5 246 245.5 247.5 245.5 246.5 244.5 244 246 245.5 243.5 246.5 246.5 248 248 247.5 246 246.5 246 244.5 240.5 236.5 240.5 242.5 242.5 244 245.5 248 249 248.5 248.5 248.5 249.5 250.5 250.5 250.5 250.5 252 252 251.5 248 247.5 249 246 245.5 249 251 251 250 249 250.5 251 250 248 247 244 245.5 248.5 249.5 248 243.5 239.5 240 240.5 240 240 239 238 240 242 244 243.5 244.5 244.5 244 244.5 245.5 245.5 244
250.5 250.5 251 251 250 251 249.5 247 244 245.5 245.5 245.5 248.5 248 245 245 246.5 244.5 243.5 247.5 248 249 249 248 246.5 246.5 245 242.5 241 235.5 237 243 243.5 245 243 245.5 249 249.5 249.5 248.5 249.5 250.5 251 251 250.5 252 252 251.5 249.5 245.5 242.5 242.5 246 248 250 251 251 249 250.5 251 249 248 247 245 243 246.5 247.5 249 246.5 243 241.5 241 240 240.5 240 238 242 243 244 244 244.5 245.5 244.5 245.5 246 245 244
251 251 251 249 249 251 250 248.5 248.5 245.5 246.5 249 248 248 247.5 247.5 246.5 245 245.5 247 248.5 248 248 249 248.5 246.5 245.5 243.5 241 238.5 235.5 243 246 245 246.5 245 247 249.5 250 250 249.5 248 250 250 249.5 251 251 245.5 247.5 245.5 243.5 245 248 247 248 250 250 251 250.5 250.5 250 249 246.5 244.5 241 242.5 243.5 244 248 246.5 244 243 241 240.5 241 241 242 244 244.5 244.5 245 245.5 245.5 246 245.5 245 244
250.5 250.5 250 249.5 249.5 249 249.5 247.5 248 248.5 248 248 247 249 248 247 246.5 246.5 246.5 248 248 248 248 249.5 248.5 248 248 244.5 242 241.5 239 243.5 245 247 248 247 248 249 249 249 249 246 246.5 250.5 250 251.5 250.5 247.5 245.5 246.5 245 247 248 248.5 249.5 250 250 249 251 251 249.5 248 247 244.5 243.5 241.5 241 241.5 244 246.5 247.5 244.5 242 241 239.5 240 241 242.5 243.5 243.5 245.5 245.5 245.5 244.5 243.5 245 245
250.5 250 249 249 249 248 246.5 245 242.5 250 251 249.5 248.5 249.5 245.5 248.5 248.5 247.5 247 249 249 247.5 245 247.5 248.5 249.5 249 248 245 242 241.5 242.5 246 247 246 248 247.5 247.5 248 249 247.5 247 246.5 249.5 250.5 250.5 249.5 249.5 249.5 248 246 245 246.5 247 248.5 249.5 249.5 250 249 251 250 248 248 246.5 243.5 242.5 242.5 242 242 242.5 245.5 245.5 242.5 240 240.5 240.5 242 243.5 244.5 244.5 245.5 245.5 245.5 243.5 242.5 243.5 245
250.5 250 249.5 248 249 247.5 246 245 242 249 249.5 250 250.5 248.5 250 249.5 249.5 249 248.5 249 249.5 249 248 245.5 246.5 250 250 248 247 245 244 244 243.5 245 245 246.5 246 247 246 248 248 249 247.5 248 249 248 251.5 249 248.5 250 248 246 245 244 246 248.5 249.5 249.5 249.5 250.5 250.5 249 249.5 246.5 244.5 243.5 243.5 243 242.5 241.5 243.5 246.5 246.5 243 240.5 241.5 242.5 243.5 243.5 244.5 244.5 244.5 244.5 244.5 244 243 244
250 249.5 249 248 246.5 247.5 247 246.5 248.5 249.5 249.5 249.5 249.5 243.5 248 250.5 250.5 249.5 248.5 249 250 250 248 244 248 250 250 248.5 244 245 245 243 243 243 245 245 245 247 246 245 247.5 249.5 249.5 248.5 249.5 251.5 251 249.5 246 248 248 247.5 245 245.5 247.5 248.5 246.5 249 250 248.5 250.5 250.5 249.5 247.5 246 245 244.5 243.5 242.5 242 244.5 246.5 246.5 244.5 243.5 242.5 240.5 243.5 243.5 244.5 244.5 244 244 244 243 242 242.5
250 250 248 247.5 247.5 247 249 249.5 250.5 250.5 248.5 248.5 248.5 243.5 246.5 248.5 250 249 249 249 249 250.5 248.5 246.5 249 250 247.5 248 248 246 246.5 244 243 242 244 245.5 246 244 244 242 244.5 247.5 251 250.5 250.5 248.5 249 248.5 245 243 245.5 247.5 247.5 247.5 248.5 246.5 245 248.5 249.5 248.5 249.5 250.5 248.5 247.5 247 246 245 244 243 242.5 242.5 244.5 246.5 245.5 244.5 243.5 240.5 241 242.5 242.5 242 242.5 242 243 243 242.5 243
250.5 250 249.5 249.5 250 247.5 249 250 249 247.5 247 247.5 246.5 243.5 246 249.5 250.5 250 251 250 249 250.5 250.5 248.5 250 250 248 247.5 247 248 246 246.5 243.5 241 241 245 245.5 246.5 246.5 243.5 242.5 245.5 247.5 252 250 243.5 246 248 244 242 245 246.5 247.5 247 248 247.5 246.5 248.5 248.5 249.5 249.5 250 249.5 248 246.5 245 244.5 242.5 241 241 240.5 243.5 246.5 244.5 244.5 243.5 241 240.5 240.5 240.5 240 241.5 240.5 241.5 243 243 243.5
250.5 249 247 249 248.5 249.5 250 249 246.5 246.5 247 246.5 245.5 244 246.5 249.5 249 250.5 251 250.5 251.5 250.5 251.5 249 251 250 249 248 248.5 249.5 249.5 247.5 247 246.5 241 245.5 246.5 245.5 249 247.5 246.5 248 251 251 251 246 241.5 245 243 242 239 240 238 240.5 246.5 246.5 247.5 248.5 248.5 249.5 250 249.5 248.5 246.5 246.5 245 242.5 240.5 240 241.5 242.5 244.5 245 243.5 243.5 243.5 242 240.5 239.5 239.5 239.5 239 239 241 243 243.5 243
249.5 248.5 247 244 245 249.5 249.5 248 246 246.5 246 246 246 245.5 249.5 249.5 250 252 251 250 247.5 248.5 251 251 250.5 249 249 249.5 248.5 249.5 247.5 248.5 244.5 248.5 248.5 247.5 248.5 246.5 246 249 250 251 250 248 249 249.5 245 240 242.5 244.5 241.5 241.5 237 239.5 244 247 249 247 247.5 249.5 249.5 249.5 248.5 247.5 248 244 243.5 241.5 241.5 241.5 243.5 243.5 243.5 242.5 242.5 243.5 242.5 241.5 240.5 240.5 239.5 240 239 240.5 241.5 242.5 242.5
249 248.5 246 244.5 246.5 249.5 249 247 245.5 245.5 246 246 247 247.5 250 250 250.5 251 251 250 248.5 248.5 250.5 252 251.5 251.5 250.5 250.5 250.5 248.5 246.5 246.5 248 247.5 249 247.5 249 248 247 244 245.5 249 251 248 245.5 246 245 243 240.5 240.5 240.5 241.5 243.5 242.5 244.5 247.5 248 248 247.5 249 248.5 249.5 249.5 248 247 245.5 246 244.5 242.5 241.5 241.5 242.5 241 241.5 242.5 242.5 242.5 242.5 241.5 240.5 239.5 241 238.5 239 240.5 241.5 242.5
247 246 245 246 248 247.5 248.5 247.5 245.5 245.5 245.5 246.5 247.5 249 250 250 250.5 250 251 250.5 250.5 250.5 250.5 251 251.5 251 248.5 252 249.5 247.5 250 248 244 247 247.5 249 246 249 250 248 243.5 245 250 250.5 246 244 241 240 240 239.5 239.5 241 242.5 245 246 247 248 247 248 249 247.5 248.5 249 249 248 247.5 246.5 246.5 243.5 242 242.5 243.5 242.5 242.5 242.5 243.5 243 244 243 241 240.5 242 241.5 241.5 242 240.5 243.5
248 246.5 247.5 246 245.5 244.5 247 246.5 245 246 246.5 245.5 246 249 249 250 250 250 250 251 251.5 250.5 249.5 251 251.5 250 249.5 251 248 249 252 248 245 244.5 246.5 246 246 250 251 251 247.5 246 248.5 250.5 247.5 243.5 241.5 241 241 239.5 238.5 239.5 239.5 241 242 245 248 247 248 248 247.5 245.5 248.5 249 248.5 247.5 247.5 247.5 246.5 244.5 245 245.5 244 244 243 242.5 246 244.5 245 243 241 242.5 245.5 244.5 241 241.5 243.5
249.5 248.5 246 245.5 244.5 243.5 243 243 244 245 244.5 245 247 248 249 250 250 249.5 249 250.5 251.5 250.5 249 251 250 250.5 251.5 251.5 252 251.5 251 250 249 247.5 249 246 246 247 250.5 251.5 251.5 247.5 249.5 251.5 246.5 243.5 242.5 242.5 240 237 238.5 238.5 238.5 239.5 242 243.5 243 247 247 247 247.5 245 247 249 248.5 247 248 247.5 247.5 246.5 247 247 246 245 243 245.5 246 246 247 246 244 243 244 245.5 242.5 241 242.5
248.5 247 246.5 246.5 245.5 244 243.5 243 244 242.5 242 243 243 247 249 249 249 249 248 250 250.5 250 250 250.5 249.5 249.5 251 252 249 248.5 250 252 250 251 250 247 245 245 250.5 252.5 251 251.5 251 251 246.5 244.5 244.5 242.5 238.5 237.5 238.5 238.5 239 239 239.5 239.5 241 243 246.5 243 245.5 244 244 248 248.5 247.5 248 248.5 248.5 247.5 245.5 246 245 245 245 243 246 247 248 246 244 243 245.5 246 245.5 241.5 239
248.5 247.5 247.5 247.5 245.5 244 244 244 243 242 241 242 246 248.5 249 248 248 248 248 250.5 250 249.5 250 250.5 250.5 245.5 244.5 249 249 248 250 252 252.5 252.5 250 250.5 249.5 250 250.5 252 249.5 251 249.5 251 246.5 246.5 242.5 239.5 239.5 239.5 238.5 238.5 238.5 239.5 239.5 239 240 243 243 246 243 242 241 247 248.5 248 248.5 248.5 248.5 248 247 245 244.5 244 244 244 244 247 248 248 245 245 246.5 247.5 247.5 244 242.5
247 247.5 247.5 246 244.5 244 242 242.5 242.5 241 241.5 243 246.5 247.5 247.5 247 246.5 248 249.5 250.5 250.5 250 251 250 248 244.5 244.5 246 246 248 248 249 250.5 250.5 248 252 252.5 252.5 250.5 251 251 249 247.5 251 248.5 244.5 241.5 241.5 242.5 240.5 239 239.5 240 239.5 240 240 240 240 241 245 245.5 242 243 246 247.5 248.5 248.5 248.5 247.5 248.5 248 247 245.5 243 244.5 243 242 245.5 247 247.5 248 247 247.5 248 248.5 247 246.5
245 244.5 245 243 240 240 239 236.5 240.5 241.5 243.5 245.5 245.5 246.5 245.5 244 244.5 248.5 249.5 250 250 250 251 250 246.5 246.5 244.5 245.5 248 249 248.5 249 251.5 252 250 252 252 251.5 251.5 251.5 250.5 247.5 249.5 251 249.5 245.5 245.5 245 242.5 239.5 239.5 239.5 240.5 240 239.5 240 239.5 237.5 239 242 244 244 243 243.5 246 248.5 249.5 249.5 248.5 249 249 248 247.5 246.5 244.5 241 241 242 245 247.5 248.5 248.5 248.5 248.5 248.5 248.5 248.5
246 242 241 242 236.5 232 233 232.5 240 242 242.5 245 246 245.5 243.5 245 247.5 249 249 249 249 249.5 250.5 250.5 249.5 246.5 245.5 247 249 249.5 251 251.5 252 252 253 251.5 251.5 251 250.5 249.5 245.5 246.5 247.5 251.5 250.5 248.5 246.5 245 240.5 241 239.5 240 240 241 241 240 240.5 238.5 239 240 240.5 242 242 245 247 248 249.5 249.5 249 248 248.5 247.5 244.5 240.5 242.5 244.5 245 244 246 246 246.5 248.5 248.5 249.5 249 248.5 248.5
245.5 240.5 238.5 238 236.5 230 228 231.5 237 235.5 240.5 244.5 244.5 244.5 246 247 248 247 247 248 246.5 248.5 249.5 250.5 249.5 247.5 249.5 249 247 245 249 251.5 250 252 252 252 251 249 247.5 248.5 246 245.5 248.5 251.5 250.5 248.5 247 244 242.5 243 242 242 240.5 240 240.5 241 240 241 239 239 239 239.5 239 240 245.5 247.5 248.5 249.5 250 250 249.5 248.5 246.5 238 239.5 244.5 246.5 244.5 243.5 246.5 247.5 248 249 249.5 249 248.5 249
242.5 243 238.5 234.5 236.5 231.5 226.5 232 234 239 242.5 244 244 246 247 248 245 244 244 246.5 245 246 248 250.5 250.5 250 248.5 245.5 247 246 249 249 247.5 251 252 251.5 250 250 246 249 248.5 246 250.5 250.5 250 248 246 245.5 245 243 242 243 242 241 239.5 241 241 241 239.5 238 238 238 240 240 240.5 245.5 248.5 250 250 250 250.5 249.5 248 246 241.5 247 247.5 242.5 238 245.5 245 247.5 245.5 249.5 250 250 249.5
241.5 241 238 231.5 233 231.5 225.5 225.5 233 238 241 242 241 244 246 246 245 243 244 245.5 242.5 248.5 249.5 249 250 250 249.5 249 248.5 250 251 249.5 249.5 252 252 251 249.5 251 250 249.5 249.5 248.5 248.5 249.5 250.5 248.5 249 248 245.5 242 242 243 242.5 242 241 240 242 241.5 241 240 239 238 240 241.5 241 246.5 248.5 250 250 250.5 250.5 250.5 250 249 248 249 248 245.5 244.5 247.5 247.5 248.5 246.5 247.5 250.5 250 250.5
241.5 239.5 241 235 231 226.5 221.5 223.5 232.5 235.5 240.5 240.5 238.5 243.5 243.5 241.5 243.5 244.5 245.5 244.5 245 248 247.5 248.5 250 250 249 249 248 249.5 250.5 251 251.5 251.5 251.5 252.5 251 250.5 250.5 249.5 249.5 251 248.5 250.5 250.5 250.5 249 247 245 242 243.5 244 243 243 242 242.5 242 242 241.5 241 240.5 238 240 243.5 243.5 246.5 246 250 250 250.5 250.5 251 250.5 249.5 249.5 249.5 249 249 247.5 248.5 248.5 248.5 249 249.5 250 249.5 250
243.5 240.5 239 239 236 231.5 226.5 231 232.5 233.5 238.5 240 236.5 242 238 233 240.5 243 243.5 242 245 247 248 248.5 247 249 248.5 248 249.5 250.5 248.5 247.5 246.5 248.5 249.5 252.5 252.5 250 247.5 246.5 249.5 250.5 251 249 246.5 248 249 248 247 245.5 244 245 244 243.5 243 242 242 241 241.5 240.5 240 240.5 240.5 242.5 243.5 246 248 249.5 250 250.5 250.5 250.5 251.5 251 250.5 250.5 249.5 250.5 249 248.5 248.5 247.5 247 249 248 246.5 249.5
241.5 239.5 236 238.5 236 229.5 227 232.5 235.5 236 239 236 235.5 241.5 238 231.5 236 237 240 241 245 247 245 245 246 247 248 249.5 250.5 248.5 246.5 247.5 249.5 251.5 251 251.5 252 251 246.5 243.5 247.5 248 250 248 246.5 248 248 246 247 245 244.5 244.5 244 243 243 242.5 242 240 241 240.5 240.5 242 242.5 243 244 248 249 250 249 249.5 250.5 250.5 250.5 251.5 251.5 250.5 250 249 249.5 248.5 249 247.5 244.5 249 248 247 249
239.5 240 235 234 233 230 228 228.5 228.5 231.5 236 234 232 239.5 238.5 233 228.5 237 240 243 244 244 242 242.5 246 247.5 247.5 249.5 249.5 247.5 245.5 249 251 251 249 250 251 251.5 249 245.5 245 247 247 247 248 248 247 246 245 244 245 244.5 244 243 243 242.5 242.5 241.5 239.5 239.5 237.5 241 243 244 246 248.5 249.5 249.5 250 249.5 251.5 251.5 251.5 251.5 251.5 251.5 250 249.5 250.5 249.5 249.5 249 247 247.5 249 248 249
242.5 240 237 234.5 230 228.5 229.5 230.5 230 231 235 234.5 233.5 234.5 233.5 228 227 237 240.5 240 242.5 245.5 246 246.5 248.5 248.5 248.5 250 249.5 249 250 250.5 250 251 247 248 248 251.5 251 249 247 247 245 247 248 247 247 244 242 244 244 244 244 244 243 242.5 242 240.5 238 239.5 241 243.5 244.5 247.5 248.5 248.5 246.5 248.5 250.5 250.5 251 251.5 251.5 252 252.5 251.5 250.5 250.5 249.5 249 249 249 248 248 248.5 249 249
241 238 236 235.5 232.5 228 229.5 228 227.5 232 233 231 229 230.5 231 229.5 228 230 234 237.5 244.5 245.5 246.5 248.5 250.5 250.5 250.5 250.5 250.5 251 251 248 249 250.5 249 246 246 249.5 250.5 250.5 248.5 248.5 246 246 247 247 247 245 243 244.5 244 242.5 243 242.5 242.5 242 240.5 240.5 240.5 238 240 245.5 245.5 247.5 246.5 243.5 242.5 249.5 250 250.5 251.5 251 251.5 251.5 252.5 251.5 250.5 249.5 248.5 248.5 249.5 249.5 249 248 248.5 249.5 250
243 239 235 231 229 227 228 224.5 228 226.5 227.5 227 222.5 227 230.5 234.5 232.5 226 228 236 241.5 245.5 248 249.5 249.5 250 250.5 251.5 252 252 250 248 247 248.5 247 248.5 245 247.5 249.5 250.5 249.5 245.5 242 243 246 247 245.5 244 243 244.5 243 242.5 242 241 240 240.5 239.5 240.5 237.5 237 238 240 243.5 245.5 241 240.5 246 244.5 249.5 250.5 250.5 251.5 251.5 251.5 252.5 251.5 250.5 249 249 249 249 249.5 248.5 248 247.5 248.5 248.5
241.5 236 230 227.5 227.5 231 228 225 227.5 223 221 223 216.5 226 232.5 236.5 236.5 232.5 231 239.5 244 246.5 246.5 247.5 248.5 250.5 251.5 251.5 251.5 252 250 248 245 244.5 240 244 245.5 247.5 246.5 249 250 244 243 245 247 246 243.5 243 244 242 242 241 240 240 240 241.5 241.5 239.5 233 235.5 237 243.5 246 240.5 238.5 242.5 242.5 243.5 248.5 250 251 251.5 251.5 251.5 252.5 252.5 251.5 250 249 248 249.5 249.5 248.5 247.5 248 248.5 249.5
240.5 238 231.5 228.5 232 230 222.5 223 225.5 222 218.5 220 220.5 227.5 233.5 237.5 238.5 234.5 228 235.5 244.5 246.5 248.5 250.5 251 251.5 252 251 251.5 252 251 249 247 247 245 244.5 243.5 241.5 244.5 248.5 248 248 245.5 247 247 244 244 244 242 241 240 240 240.5 241 241.5 240.5 240.5 240.5 238.5 239 237 239.5 243.5 238.5 238.5 238.5 238.5 245 250 248.5 250.5 251.5 251.5 252 252.5 252.5 251.5 250 251 249 248 250 249.5 249 248.5 248.5 249
231.5 234.5 228.5 226.5 231 232 230 229 231.5 228.5 230 230 230 230.5 235.5 239.5 239.5 234.5 223 232.5 242 248 249.5 251 251.5 251 252 251 251 251.5 250 249.5 248.5 247.5 245.5 244.5 245.5 244.5 247 245.5 246.5 249 249 248.5 246.5 244 245.5 242.5 242 241 240 242 242.5 244 241.5 239.5 240.5 240 237.5 238 238 238.5 237.5 236.5 240.5 242 245 248.5 245 245.5 250.5 251.5 251.5 252.5 252.5 252.5 252.5 251 252 250 249 250 250 250 249.5 249.5 250
229 228 229.5 231.5 231 234.5 233.5 233.5 236 230.5 236 237 235.5 235 238 241 239 234 226.5 235 241.5 248.5 249 250.5 252 252.5 252 251.5 252 252 250 249.5 247.5 246.5 247.5 246.5 244.5 246 246 243.5 245.5 248 248.5 249.5 248.5 247.5 244 240.5 243 242 242 243 245 243.5 241.5 237 238.5 237.5 235 237 237 237 236.5 239.5 242.5 245.5 248.5 244 245 250 251 251 251 251.5 252.5 252.5 252.5 252 251 250 249 250 250.5 250.5 250.5 250 250
231.5 227.5 230.5 234.5 236.5 237 232 238.5 234.5 229.5 235 239.5 240.5 236.5 239 240.5 233.5 237.5 237.5 244 247 247 247.5 248.5 251 252 252 250 251 252 251 250.5 249.5 248.5 248.5 246.5 242.5 244.5 245.5 245.5 247 247.5 246.5 248.5 249.5 247.5 245 243 244 243 244 244 246.5 246 242.5 242 240 238 238 239 238.5 236.5 237.5 240 244 247 246 244 248 250.5 250 251 251 252 251 251.5 252 251.5 251.5 250.5 249.5 249.5 250 251 251.5 251 250.5
