ecocropFuture/tif/c6/rcp585/ACCESS-CM2/tmean_3.asc
ncols        683
nrows        518
xllcorner    -87.691666666667
yllcorner    10.708333333333
cellsize     0.008333333333
NODATA_value  nan
[rows 273 to 311 of 518, columns 174 to 260 of 683]
274.5 273.5 270.5 258 246.5 251 261.5 270 273 274 275 275.5 275.5 275 274 272 273.5 275 275 273.5 272.5 271.5 268.5 265.5 268 267 270 270 269 267.5 263.5 257.5 262 260 250 254.5 249.5 242 252.5 240.5 252 256 257.5 260 257 258.5 260.5 264.5 266.5 270.5 270 269 268.5 271 272.5 272 270.5 270.5 268.5 268.5 265.5 264.5 264.5 263 264 258.5 253 252.5 252.5 255.5 260.5 264 261.5 259.5 263.5 265 264 265.5 266.5 267 268 269 269.5 269.5 270 271 270.5
270 267 259.5 255.5 249.5 253 262 268.5 272.5 272.5 274 274.5 275.5 276 275 274 273.5 275.5 275.5 274.5 274 272.5 272.5 269.5 268 270 271.5 271.5 270 268 259 255.5 264 262 254 253.5 253 252 249.5 242 242 248.5 250 254 249.5 248 255 257 261.5 265.5 269.5 272 273.5 271 269.5 269.5 269 268.5 265.5 268 263 260.5 260 258.5 260 258.5 252.5 242.5 243 251 260 261 256 258 263 265 266.5 267.5 268 264 263.5 268.5 269 269 270 270 269.5
258.5 250 252.5 258.5 258 259 265 268 267.5 271 273 275 276 277 276 275 274.5 275.5 275.5 274.5 275.5 274.5 273.5 270 271 271 271.5 270 267 265.5 253 253.5 264 262 258.5 255 256 258 250.5 255 247.5 239.5 247 250.5 249 250 253 257 262 266.5 269.5 272 272.5 270 267 263.5 265 264.5 261.5 267 261.5 258 257.5 250.5 251 252.5 248.5 242 248.5 255.5 253.5 255.5 252.5 258.5 261 264 265 265.5 266.5 267 267.5 267.5 268.5 269 270 269.5 269.5
253 250.5 252 253 262.5 259 253 260.5 267 268.5 270 274 274.5 275.5 276.5 276 275.5 275 275 275 276 275.5 273 274 273.5 269.5 261.5 258.5 258.5 250 251.5 263.5 265 261 260.5 258 258.5 256.5 262.5 258 250 246.5 241 242 247 247 245 253 260 263.5 268.5 273 271.5 266.5 263 257.5 254.5 257.5 265 265.5 259.5 252 249 239 244 246.5 243 238 249 250.5 248 251.5 253.5 254.5 257 260.5 262 264.5 264 262.5 266 267 267.5 268 269.5 269.5 269.5
245 245 242 255 256.5 252.5 249 259 260.5 256.5 266 270.5 273 273.5 274.5 276 276 275 276 275 276.5 276 274 275.5 271.5 267 263.5 246.5 244.5 239.5 255 255 256 265 264.5 263 261.5 261 264 255.5 257 253.5 251 242 239.5 235 242 247 256.5 262.5 271.5 271.5 268.5 259.5 252.5 251.5 249.5 252 264 260.5 250.5 244 241.5 231.5 227.5 238.5 231 233 236 236.5 245.5 249 251.5 244 251 252 255.5 259 259 263 262 263 268.5 269.5 269.5 270 270
259 241.5 239.5 252 250 251.5 255.5 254 254.5 255.5 258 267.5 269.5 265.5 269.5 273.5 276.5 276.5 276.5 276.5 276.5 276.5 276 274.5 271 267 259 246 237.5 235.5 245 242.5 247.5 259 267.5 267 260.5 264.5 264 258.5 259.5 247.5 246.5 250.5 245.5 233 240 247 259.5 265 270.5 270 267.5 257 247.5 245 243.5 252 260 258 243 230.5 229.5 230 225 230.5 226.5 225 226 237 244.5 247.5 245 244 244 244.5 249.5 252.5 255.5 257 256 261 269 269 269.5 270 270.5
270 254 248 246 247.5 250 250.5 250 250.5 257.5 262 261.5 259 259 266 272 275 277 277 276 276.5 276.5 276.5 275.5 271 268 261 247.5 238 236 247 247 247 259 266 269 262.5 268 265 260 263.5 251 241.5 244 242.5 231.5 244.5 255.5 257 266.5 272.5 272.5 268.5 263.5 258 251 250.5 256 258 256.5 245 231 222.5 230 235.5 228 220 218 225.5 237.5 244.5 248.5 249 251.5 250 248.5 251 255 261 263 263.5 267 269 269 268 269.5 270.5
278 272 260.5 247 247.5 245.5 245 247 250.5 254 254 259.5 264.5 268.5 269.5 270 274.5 276.5 277 274.5 271.5 273.5 274.5 275 272.5 269 261.5 251 245 245 253 258.5 258 266 270 266 261 268 270 266 267.5 260 248 235.5 231 231 246.5 256.5 264.5 269.5 272.5 272 268.5 265.5 261 258 259.5 260 256 248 237 232.5 237 242 246 241 229 223.5 231 241.5 247.5 249 252 255 255.5 253.5 256 258.5 261 266 268 268 268.5 269 268 268.5 269.5
274.5 274.5 264.5 250 246 247.5 249.5 248 252 255 258 261.5 266.5 265.5 270.5 271.5 274.5 275.5 276 273 269 268.5 273 275.5 273 270.5 267.5 259.5 254.5 253.5 263.5 268.5 266.5 269.5 271 269.5 267.5 268.5 271 267 263.5 257.5 245 240.5 240.5 245.5 247.5 261 265.5 271 273.5 273 266.5 262.5 263 263.5 262 258.5 255 243.5 234 231.5 244.5 249 251.5 249.5 243 239.5 240.5 242.5 247.5 250.5 253 255.5 257.5 254.5 254.5 258.5 262.5 266.5 267.5 268 268 268.5 268.5 268.5 269
280 277.5 269 249 245 249 250.5 250.5 250.5 253.5 257.5 261.5 264.5 268.5 266 266.5 272.5 276 276.5 274.5 273.5 274 275.5 275.5 274.5 270.5 265.5 265 263 260 270 270 261.5 265.5 270.5 272.5 267.5 271 272 269.5 265 261.5 250.5 254 254.5 260 256.5 261.5 267 272.5 273 272 270 267.5 265 264 262 258.5 253 240.5 237 230.5 239.5 250 252.5 253.5 253 250 252 246.5 248.5 255 258 260 261 260 262 263.5 266 267 262.5 263 267.5 268 268 267 269.5
281 275 261 244 245.5 248.5 251 252 249.5 249.5 252 258 261.5 261 264 271.5 274.5 275.5 276.5 276.5 276 276 275 269.5 274 273 269 267 265 267.5 272 266 268 267.5 271.5 273.5 272.5 272.5 273 272 269 262.5 249.5 258 265.5 265.5 265 269.5 273 271 271 269 268 261.5 259 258.5 258 258 256.5 243.5 231 227.5 229 242.5 248.5 251.5 254 250 255 255 254 259 261 261.5 261 259 263.5 262.5 265.5 266 264.5 265.5 267.5 267.5 267 264 266
278 266 245 240 244 246.5 249 251 251 252.5 253.5 257 259 263 269 272 274 275 276 276.5 277 276.5 275.5 270.5 269 272 274.5 272.5 272.5 273.5 272.5 270 272.5 274 275 274.5 274 274 273 273 270 264 256.5 261.5 270 269.5 271.5 273.5 268.5 263.5 261.5 262.5 259 254.5 252 250.5 248 247.5 250 241.5 233 228.5 225 230.5 242 248.5 252 254.5 255.5 258 259.5 261.5 257 248 249.5 256 260.5 261 262.5 265 265 263 266 267 267.5 266.5 266
276.5 266.5 240.5 237 243 247 249.5 251 251.5 253 257.5 258 257 266 265.5 263 271 271 273 276 276.5 276.5 274.5 271 267.5 268 273.5 270.5 272.5 274 274.5 274.5 273.5 274 274.5 275.5 274.5 274.5 274 273 271.5 267 264 270 271.5 272.5 274 271 266.5 264.5 261.5 256 255 253.5 244 237 230 229 233 236.5 232.5 229.5 226 226.5 233.5 243.5 250 251.5 254.5 257.5 259.5 261 259 250.5 256 258 248.5 253 260.5 263.5 263 258 264 267 267 267.5 268
270.5 257.5 244 238.5 235 243 249 250.5 251.5 254.5 256.5 261.5 263.5 261.5 259.5 259.5 265.5 266 268.5 275.5 276 276 274.5 272 270 271.5 272.5 273 273 266.5 272 272 274.5 273 267.5 273.5 275 275 275 274 273 270 271 273.5 273.5 273 273.5 271 269 268 265.5 263.5 260 253.5 240.5 231 221.5 223.5 230.5 235.5 236 232.5 227.5 225 224.5 234 243.5 249 253 256 256 259 260 260 257 247 248 252.5 252.5 259.5 259.5 257.5 263 267 267.5 267.5 266.5
264.5 249.5 242 237 237.5 237.5 245 251.5 252 254 255 261 263 262 260 259 264 264.5 268 274.5 274 273.5 274.5 274.5 272.5 273.5 273.5 273.5 271.5 266.5 266.5 266 272.5 271 261 268.5 273 274 275 275 274 273 274 273.5 273 273 272 271 270.5 268.5 265.5 262.5 260 254 248.5 242 232 227 229.5 230.5 233.5 230.5 229.5 230.5 227.5 226.5 235.5 242 247 251 252.5 257.5 258 259 251 240.5 244 247 252.5 254.5 254.5 258 262 267 266 267.5 264.5
261.5 265 263.5 242 250 246 249.5 255 259 261.5 263.5 262.5 264.5 264.5 263.5 262.5 264 265 271.5 273 267.5 268 268.5 274 274.5 272.5 272.5 273 271.5 270.5 266 264.5 267.5 271 262 260.5 266 271 271 274 274 273.5 272.5 269.5 270.5 272.5 272 269 267.5 265.5 263.5 261.5 259.5 257 254.5 250.5 243.5 238 233.5 225.5 226 229 236 235.5 232.5 227.5 226 234.5 239.5 248 255.5 255.5 255 256.5 247 238.5 244.5 247.5 249.5 256.5 259.5 262.5 265.5 267.5 267.5 267 266
277 278 267 252.5 253.5 260.5 250.5 258.5 264.5 272.5 272.5 268 265 265 264 267 267.5 266 271 273 272 270.5 265 273 273 272 272.5 271.5 272 270.5 267.5 266.5 268 270.5 266 259.5 268 269 269 270 272 270.5 271.5 269.5 269.5 272.5 271 265 264.5 263 261.5 261 261 257 254 251 249.5 249 238.5 228 222.5 229.5 237.5 240 232.5 226.5 227 236.5 242 251.5 253.5 253.5 255.5 253.5 243.5 242.5 250 258 260 262 264 265 265.5 267.5 266 266 265
283 279 272.5 256.5 257 266 266 271.5 270.5 274.5 275 274 269.5 266 266.5 269 268 267 270.5 273 273.5 272.5 271 272.5 273 271.5 272 271 271.5 268.5 264.5 264 269 264 263 263 268 266 268 269 270 267 269.5 265.5 268.5 272 272 267 264.5 263.5 259.5 257.5 259.5 260 259 256 254.5 252.5 247 237 229 233.5 240 240 235.5 230.5 233 236.5 245 249 246.5 250 251 248 243 248 255.5 259 257 260 259 264 267 266.5 264.5 265 264
285 282 275.5 264.5 262.5 271 268.5 274.5 278.5 277.5 279 278 275 270.5 269 270.5 269.5 270.5 272 272 273 273 273.5 273.5 273 271.5 269.5 270.5 269.5 265.5 262 263.5 263.5 261 262 266 265.5 263 265.5 267 267 268 266 264.5 269 270.5 272 269.5 267 263.5 257.5 256 257.5 259 257.5 253 253 252.5 252.5 244 241 242.5 243 241 237.5 235 235 234.5 237.5 239.5 239.5 242.5 243 242 250 256.5 257.5 253 257 258 253.5 264 267 267 266 265 263.5
286 279 274 274.5 278 280 274 279.5 279.5 283 282 279 277 273.5 272 269 269 270.5 267.5 268.5 272.5 272.5 273.5 272 270.5 270.5 268 270.5 269 265 262 264 263 261 257 260.5 260 256 262 264 266 265 262 262.5 265.5 271 272 267 262.5 259.5 256.5 257 256 257 259 260 259 257.5 253 247 250 245 242 241 241 240 237.5 235.5 233.5 231 233 238.5 243 247.5 253 254 251 250 255.5 256 261 265.5 267 266.5 267 266.5 262.5
286.5 277.5 278 283 281.5 279 276.5 285 283.5 280 279 277 277 275 272 268 269 269 268 268 271 270.5 271 271 271.5 271 268.5 265 268 265 264 262 264 262.5 262 258.5 255 256 263 265 264 262.5 262 263.5 268.5 272 271.5 268.5 260 259.5 260.5 262 262 262 265.5 261 254 251.5 250 252.5 256 238 234 235 236 238.5 235 235 233.5 231.5 235.5 247.5 252.5 254.5 255 253 252.5 257.5 261 264 266 267 265.5 264.5 267 266 263.5
286 282.5 284 284 283 279 282.5 287 283 282.5 280 273 270 272 271.5 266 266 268 267.5 269 271 270 270 269.5 271.5 269 266.5 260 260 259 263 264 266 264 262.5 256.5 259.5 262 263 263 264 266 266.5 269 270.5 272 271.5 270.5 266.5 263.5 261.5 256 254 253 262.5 266.5 260.5 249.5 241 251 259 244.5 234.5 232 231.5 233 233 234 233.5 233.5 238 247.5 253.5 255 257 256 256 261 263.5 265.5 264.5 267.5 267.5 266.5 265.5 265 260.5
288 286.5 287.5 288 286.5 286 287 288.5 287.5 284.5 283.5 277 274 273 273 271 269.5 269.5 268.5 269 270 270 269.5 268.5 271 270 266 259.5 256.5 257.5 260 263 265 265.5 259.5 250.5 254.5 256 260 264 268.5 270 270.5 271.5 271 271.5 271.5 270.5 269.5 265 263 259 258.5 260.5 264.5 267.5 260 246.5 242 255 261 248.5 237.5 230 230.5 232 233.5 235 235.5 237 240 249.5 254 256 258 257.5 257.5 260.5 263.5 265 264.5 267.5 267.5 266.5 264 263 259.5
291 287 289.5 290 290 288.5 289.5 289 290 288.5 286 283 279 276.5 277.5 275 272.5 269.5 269 269 270.5 270 271 270 269 270 266.5 263.5 260.5 260.5 259.5 262 266 266.5 254.5 244 248.5 256 263.5 264.5 267 268.5 270.5 270 270 270.5 270.5 270.5 266.5 266.5 267 265 265 268.5 269.5 267.5 263 253 256.5 265.5 255.5 236.5 232 238 239.5 235 234.5 236 237.5 239.5 243.5 252.5 255.5 257 256.5 258.5 259.5 262 266 264 263 267.5 267.5 264.5 261.5 258 259.5
292 291.5 290.5 290.5 292 288 289 290 290.5 289 283.5 274.5 272 279 278.5 275 271.5 269.5 270 269 269.5 268 271.5 271.5 269 269 267 263 258.5 262.5 264 264 269 263 254 248.5 250 258.5 263.5 261 264 266.5 269 266.5 267 268 269.5 270.5 269.5 266 266 265 266.5 269.5 272.5 271 263 264 268.5 264.5 248.5 232.5 234 249 252 247 238.5 238 238 240.5 243.5 249 254 257.5 259.5 260.5 261.5 263 262 264 262 267.5 267.5 264 260.5 257 262
293 293 292.5 291.5 293 292 291 291 291 288.5 280.5 273.5 270 278.5 281 275 271 270.5 270.5 269.5 271 268 271.5 272 269.5 268.5 267 261.5 260 261 263 270 269 260.5 252 247 247 255.5 258.5 258 256.5 261.5 266.5 263 260.5 262 266.5 268.5 269.5 268.5 265 265.5 267 270.5 273.5 272 261.5 270 268.5 257.5 241.5 236 248 254 254.5 251 238.5 239.5 240 243 239 246 253.5 257.5 258 261 262.5 264 264 266 266.5 267.5 267 265.5 263.5 264 262.5
293 293.5 292.5 292.5 293.5 293.5 293 292 291 288.5 284 279.5 276.5 278.5 282 277.5 273.5 273 270.5 272 275.5 271 273 272 269.5 266.5 265.5 263.5 267.5 268 266.5 271.5 263.5 255.5 250.5 247 247 249.5 258.5 260.5 260.5 261 264.5 261 255.5 259 264.5 266.5 269.5 268.5 265.5 270.5 270 273.5 275.5 275 267 273.5 267.5 258.5 247 243 253 255.5 256 254.5 242 246 243.5 251 251 250 252.5 255.5 258 258.5 260.5 263.5 262.5 264 267 267 267 267 264.5 263 261
294.5 294 292.5 293.5 294 292.5 293 293 291.5 291 287.5 283.5 282 280.5 283.5 277.5 276.5 274 277 277 278.5 272.5 273.5 274.5 270.5 265 264 264 266.5 272.5 272.5 271 262.5 255.5 251.5 248.5 247 251.5 258.5 261.5 261.5 257.5 259.5 258.5 257.5 263 264.5 267.5 267 264.5 269.5 274.5 270 271 274.5 277 274 276 270.5 264.5 249.5 252 258.5 253.5 255.5 256 247.5 250 248 253.5 258 255.5 257.5 256.5 253.5 256 257 264.5 264 266 266.5 266 265 266 265.5 262.5 261.5
294.5 294 294.5 295 294.5 291.5 291.5 293.5 292.5 292 291.5 288.5 285 284.5 285.5 280.5 280 281 280.5 280 280.5 275 275.5 277 275.5 273 269 267 263 271 275 273 269.5 263.5 258.5 254.5 251 257.5 260.5 262.5 260 257 260 256.5 254.5 261 262.5 258 260 265 274.5 276.5 275 272 273 276.5 277 277 269.5 257.5 256.5 261 263.5 255.5 244 243.5 254.5 259 250 255.5 259 258.5 258 259 257 258.5 260.5 265.5 265.5 265.5 265.5 265 263.5 264 264.5 260.5 253
293.5 293.5 295 295 295.5 293.5 290 294 293.5 293 292.5 291 290 289 287.5 284.5 281 283 279 280.5 282.5 278 275 281.5 280 278.5 276 270.5 265 268 274 274 271 266 262 259.5 256.5 262.5 264.5 267.5 264.5 264.5 263 259.5 253 262 264 259.5 260 265.5 274.5 277.5 276.5 277 275.5 268 273 278.5 274.5 262.5 264.5 268.5 264 254.5 244.5 241 245.5 258.5 256 256 261 259.5 258 260 262 263 263.5 265.5 265.5 265.5 263 262.5 261 260.5 264 260.5 251.5
295 293.5 294 294.5 295 294.5 294 294.5 293.5 293.5 292 291.5 290 288 288 284.5 284.5 286 284 284.5 283.5 278.5 282 284.5 283.5 283.5 279.5 274.5 270.5 268.5 274.5 276 271 267 265 262 258 265.5 268.5 271 271 271 268 262 258.5 262 268 266 266 271.5 273.5 276 279.5 279 274.5 266.5 272 279 273 268.5 271 272 269 263 254.5 250 251 260 264 262 265 264 264.5 264.5 265 266 266 266 265.5 263.5 261 256.5 258.5 259.5 262 258.5 257
295 295 292.5 292.5 294.5 294.5 294.5 294.5 294.5 294 293 293 290 285 284 285.5 288 287 285.5 285.5 283.5 282.5 287 288 287 284 280.5 276.5 270.5 267.5 271.5 277.5 275.5 270 269 265 262 270 274 277 276.5 274 272 268 267 268 272.5 273 270.5 275.5 273 273 278.5 279.5 276.5 273.5 276 279 277.5 274.5 274.5 276 270 266.5 263.5 256 257.5 263 265.5 267 265 266 265 265.5 265.5 266 266 264 262.5 258 255.5 255.5 254.5 254 255.5 257 254
294.5 295.5 295.5 294 292 294 295 295 293.5 294 293.5 293 292 289.5 284 282 287.5 291 286.5 287.5 285.5 286 286 287 288 285.5 282.5 274.5 268 271 276 278.5 273.5 269.5 272.5 265.5 266 274 275 278 278 277 274.5 272.5 272 271.5 276.5 280 276 280.5 276 268 270 275.5 280 276 278 279 280.5 277 278.5 277.5 270.5 272 261 257.5 261 263.5 267 268 265 267 266 262 264.5 264.5 265 260 259.5 259 259.5 259 255 249 245.5 247.5 250
294.5 295.5 296 295.5 292 294 295.5 295 292.5 293 293.5 293.5 292.5 290 284.5 281.5 286.5 291 290.5 291 286.5 283 280 286 289 287 284 274 268 267 270 278 278 276.5 272.5 264.5 266.5 275 280 281.5 281 279 277.5 277.5 276.5 276.5 280 282 280.5 279.5 271 265.5 267.5 274.5 281 278 278 280 282 278.5 280.5 277.5 277.5 274.5 272 267.5 264 263 267 270 268 266.5 261.5 261 262 259 265 264 263.5 261.5 259.5 258.5 256 253 247 245.5 247.5
294 295 296 296.5 296 296 296 295.5 295 295 294 294.5 293.5 292.5 288 287 285.5 289 293.5 292.5 288.5 281 282.5 288 290 286 281 278 275 269 267 275 281 279 275.5 267 263.5 276.5 281.5 281.5 283 282 281.5 282.5 281 279.5 284 283.5 282.5 276.5 275.5 272 269 277 281 282 281 281 283 282 281 278.5 278.5 277.5 274 270.5 266.5 268 272 269.5 264 261 260 262 262.5 259 264.5 262 261 258.5 255.5 256.5 255 250 252.5 252.5 253
294 295 296 296.5 296.5 296 296 296 295.5 295 294 295 294 294 291.5 293 291.5 289 293.5 293 290.5 286 286 287 290 289 287 285 282 275.5 267.5 272 278 281 275 269 267 275.5 282.5 282.5 283.5 283.5 283.5 283.5 283 281.5 285 283 278.5 278.5 281.5 278.5 274.5 275.5 282 284.5 284.5 284 284.5 283.5 283 281.5 277 278.5 276 273.5 273.5 271 270.5 266.5 265 260.5 258.5 257.5 262 259 264 260 255 253 252.5 248.5 249.5 252.5 254.5 256 256
294 294.5 296 296.5 296.5 296 296 296 296 295.5 295 294.5 295 295 294 295 295.5 293 293.5 292.5 293 292 291 290 290 288 284 282 282.5 276.5 270.5 271.5 279.5 281.5 274.5 271 272.5 278 281 284 283.5 281 280 282 283 284 284 286.5 282.5 281.5 281.5 279 277 277.5 284 285.5 285.5 285.5 284.5 284.5 283.5 282 282 280.5 279 278.5 276 273 270 265.5 264 261 260.5 262 259 260.5 263.5 260.5 256 250 247 239 242 249 253.5 257 257
293.5 295 295.5 296 296 295.5 296 296 296.5 295.5 295.5 295.5 295.5 295.5 296 295 295.5 295.5 295 293.5 293.5 293 293 292 290 285 278 274.5 276 273.5 270 271.5 278.5 281.5 282.5 277 277 278 282 284 285 284 280 282 285 286 287 287.5 285.5 285 286 283.5 283 283 286 286.5 286 285.5 285.5 285 284.5 282 280.5 280 278 274.5 276 273 269.5 261 260.5 262 262.5 259.5 258 263 262.5 261 255.5 249.5 243 237.5 242.5 249 254.5 257 257
293 294 295.5 295.5 296 296 296 296.5 296.5 296 296 296 296 296.5 297 295.5 296 296.5 296 294 293 293.5 293 293 291 288 282 271.5 269 270 271 274 275 272 281.5 282 280.5 276.5 281.5 285.5 285 282 277 277 280.5 285.5 286.5 288.5 287.5 287.5 288 287 286 287 287 287 287 286.5 286 285 284.5 283.5 280.5 277.5 278 273 273.5 274 267 260 256.5 261.5 261.5 255.5 258.5 262 261.5 260.5 257 246.5 238.5 243 245.5 248 252 254.5 253.5
