ecocropFuture/tif/c6/rcp585/ACCESS-CM2/tmean_2.asc
ncols        683
nrows        518
xllcorner    -87.691666666667
yllcorner    10.708333333333
cellsize     0.008333333333
NODATA_value  nan
[rows 418 to 455 of 518, columns 348 to 434 of 683]
271 272.5 272.5 271.5 270.5 270 269 268.5 267.5 268.5 268.5 268.5 269 269 270 270 270 270 270.5 270 269.5 269.5 269.5 268 268.5 268.5 268.5 267.5 266.5 266.5 265.5 265.5 267.5 266.5 265.5 264.5 264 265.5 265.5 265 266 267 267 267 266.5 268 269 269 269 269 268.5 267 266 265 266 265 264 265.5 266.5 267.5 267.5 266.5 266.5 266.5 267 265.5 264.5 264.5 267 268 267 264 263 264.5 268 269 267.5 268.5 268.5 269 269 269 269 269 269 264 266
270.5 271 272 271.5 270.5 271 269.5 268.5 268.5 267.5 268.5 267.5 268 269 270 270 270 270 270 269.5 269 269 269.5 269.5 269.5 269.5 268 268 266.5 266.5 266 266 267 267 265.5 265.5 265.5 264.5 265.5 266 267 267 266.5 267 268 269 269 269 269 269 269 268 267 267 266 266 266 265 266 268 267.5 268.5 267.5 267.5 267.5 265 265.5 264.5 267 268.5 269 267 267 268.5 267.5 265.5 262 264 267 268.5 269 268 269 269 267.5 266 267.5
272.5 270 271.5 271.5 271.5 270.5 269.5 269.5 269.5 269.5 267.5 266.5 268.5 269.5 269 269.5 270 270 270 269 267 267 268 268.5 269.5 268.5 267 265 266 267 267.5 267.5 267 267.5 266 266.5 264.5 266.5 266.5 267 267 265.5 265.5 267.5 268 268 268 268.5 268.5 268.5 268.5 267.5 266 266.5 267 267 267 266 267.5 268 267.5 267 268 268.5 268.5 267.5 265.5 266.5 266.5 267.5 268.5 269 269 268 264 262 263 266.5 268 268 267 267 267 268.5 268 268.5 268.5
272 271.5 272 271.5 270.5 270.5 271 270.5 270.5 269.5 267.5 268.5 269.5 270 269 268.5 269 269.5 267.5 267 266 266 268 267.5 268 267 267 265 266 266.5 267 267.5 267 267.5 267.5 266.5 267.5 266.5 266.5 266.5 266.5 265.5 266.5 267.5 267.5 268 268 268 268 268 268.5 267.5 266.5 267.5 267.5 267.5 267.5 268 268 268 266 264.5 266 267.5 267.5 268.5 267.5 267.5 268.5 268.5 268 269 267 264 261 263 266 267 268 266 265 265 266 266 267.5 268.5 267.5
271 272 271 270 268.5 270.5 271.5 271.5 271.5 270.5 270.5 270.5 269.5 269.5 269.5 269 268 268.5 267.5 266.5 267 266 265.5 268 268 267 267.5 266 266 266 267 267 266 267.5 268 267.5 268 266.5 268 267.5 267.5 267.5 267.5 266.5 267.5 267.5 268.5 268.5 268.5 267.5 267.5 268.5 267.5 268.5 268.5 268.5 268.5 268 268 266.5 265 264.5 266.5 267.5 267.5 268.5 268.5 268.5 266.5 268 269 266.5 267 265 263 265.5 266 267 268 267 266 265.5 265 266 266 267.5 266.5
271 272 272 271 270 271.5 272 271.5 271.5 271.5 271.5 271.5 270.5 270.5 270 268.5 268 267 269 268.5 267 265.5 267 268 268 268 267 266 265 265 266 266 267 267.5 268 268 268 268 267.5 266 266 265 265.5 267.5 267.5 268 268.5 268.5 268.5 268.5 268.5 268.5 269 268.5 268 268 268 268 268 267.5 267 266 266 266.5 264.5 265.5 264.5 265.5 264.5 268 267 262.5 261 263 264 265 266.5 267 267.5 267 266 266 266 267 267.5 268 266.5
271 272.5 273 272 271.5 272 272.5 272 271.5 271.5 271.5 271.5 271.5 271.5 270.5 270 269.5 269.5 269 266 263 263.5 265 267 267 268 266 265 265 265 266 265 267 267 268 267 267.5 268 267 266 266 267 267 268 268 268 268 268 268 269 269 269 268.5 267.5 266.5 267.5 267 266 267 267.5 267 267 264.5 263 260.5 262 264.5 266.5 267.5 269 267 263 260.5 257 260 264 266 267 267.5 266 265.5 265.5 263 263.5 266.5 267.5 266
272 272.5 272.5 272 272 272 271.5 272 272 271.5 271 270.5 271.5 271.5 270.5 271 270.5 270 267 263.5 265.5 267 263.5 265 267 267 264 264 264 265 265 264.5 265 266 267 267.5 267 266.5 266 267 267 267 267 268 268 267 267 268 268 268 269 268.5 268 266.5 266.5 267.5 266.5 266 267 267 266 264.5 263.5 261.5 261 262.5 262.5 264.5 263.5 267 268 266 263 258 261 265 265.5 266.5 267 266.5 265.5 264.5 262 264.5 267 267 264.5
272 272.5 273 272 272 272 271 271 270.5 269.5 270 269 270.5 271.5 270.5 270.5 269.5 269 268.5 267.5 268 267.5 267 264 264 264.5 265 264 264 264.5 264 264 265 266 266.5 266 265 266 267 266.5 266 266 266 267 267.5 267 266.5 267 268 268 268.5 268.5 268 267.5 266.5 267 266.5 266.5 266 265 265 264 263 262.5 263.5 262.5 262 263.5 262.5 267 268 265 265.5 263 263.5 262 263 265.5 265.5 265.5 265.5 263.5 261.5 264 265.5 265.5 264
272 272.5 272 272 272 272 270 270 270 269 269 269 270 270.5 270.5 269.5 269 268 267.5 266.5 267.5 268.5 268.5 267.5 265.5 263 264 264 264 262.5 263 262.5 265 265.5 264 265 264 266.5 266.5 266 266.5 264.5 263 265 266 267 267 267 268 266.5 266 267 267.5 266.5 266.5 266 265.5 265 263 262 262 264.5 265 266.5 264.5 265.5 266.5 265.5 266 267.5 268.5 268 267 267 264.5 263.5 263.5 263.5 262.5 264.5 264.5 264.5 262.5 260.5 263 261.5 263
272 272.5 272 272 272 272 271 269 269 269.5 269.5 268.5 268.5 270.5 269.5 269.5 269.5 267.5 267.5 265.5 267.5 268 268 268.5 268.5 268 268 267 263.5 260.5 264.5 265 266 263.5 262.5 264 266 266 265 265.5 266 263.5 263 264 264 265 266 267 266.5 265.5 266.5 267.5 266.5 266.5 265 263.5 262.5 262.5 260 259.5 259.5 264 265.5 267 267 267 267 266 267 268.5 268 266 266 265.5 265.5 263.5 262.5 260.5 257.5 262.5 264.5 264.5 263.5 260.5 259.5 258.5 260
272.5 272 272.5 272 271 271.5 271 270.5 270 269 267.5 267 266.5 269.5 270.5 270.5 267.5 266.5 265.5 266.5 266.5 268 268 267.5 269.5 270 268 266 265.5 267 266 267 266 260.5 260 264 265 264.5 264 265 266 265 263 260 263 264.5 266.5 266.5 266.5 266.5 266.5 265.5 262.5 264 262.5 261.5 262.5 261.5 261 262 263 262.5 265 266 268 268 268.5 268.5 268.5 268 266.5 264 263 262 259 257.5 256.5 260 256.5 261.5 264 264 261.5 260 256.5 254 259
272 272.5 272.5 272.5 271 269.5 270.5 270 268.5 269 269.5 268.5 269.5 270.5 271 270.5 268.5 269.5 269.5 268 263.5 266 267.5 268.5 269 270 269 268 268 268 267 267 266 264.5 262 261 263 265 265 265 265 265.5 264 262.5 262 264.5 265.5 265.5 266.5 266 265.5 264 261.5 261 260.5 261.5 261.5 263 263 264 265 265 265.5 267 268 268 268 268.5 267.5 267 266 266 264 261.5 256 249.5 250.5 253.5 254.5 259 262 262.5 261 256.5 254 252 253
272.5 272 271 270 271 269 267 268.5 269.5 270.5 271.5 270.5 271.5 271.5 271 270.5 270.5 270.5 269.5 267.5 265.5 267 268.5 269 270 270 269 269 269 267.5 267.5 268 267 266 265 264 262.5 262 263 264 264 265 264.5 263.5 262 262.5 264.5 265.5 266 266 263.5 262 260 258.5 258.5 260.5 261.5 263.5 264 263 265 266 267 267 268 268 268 268 266.5 264.5 265.5 264 262.5 258 253.5 249 252 255 253 255.5 260 259 260 255 256 256.5 255.5
272 271 270 270 270 269 270 270 271 272 271.5 271.5 270 269.5 269.5 270.5 271.5 270.5 270.5 269.5 269.5 268.5 269.5 269.5 270.5 270 269.5 269.5 268.5 267 266 266 264.5 263.5 264.5 264 263 261.5 263 264 264 264 264 263 261 262 265 265 265.5 265.5 261.5 259.5 259.5 259.5 259.5 260.5 261.5 263 262.5 263 265 266.5 267 267 267 268 267 268 265.5 265.5 262.5 260.5 257 255 252.5 252.5 254.5 254.5 250.5 251.5 256 258 257 257 260.5 260.5 260.5
270 269 270 270 269 270 271 271 272 272 272 271 271 271 270.5 271 271.5 271.5 270.5 270.5 269 267.5 268.5 270.5 269.5 269.5 269.5 268.5 268.5 268 266 264.5 260.5 261.5 262.5 263.5 263 262 263 264 262 263 263 264 261 261.5 264 262 263.5 262.5 261.5 259.5 260 261.5 261.5 261.5 262.5 262.5 262.5 264.5 266 266.5 266.5 266.5 267 264 264 267.5 265.5 263.5 257.5 255.5 251.5 251.5 253 252 251.5 250.5 251.5 256 259 261 260 257 261.5 263 263
270 269.5 269 269 267 270 271.5 272 272 272 272 272 272 271 271 271 271.5 271 271 269.5 269.5 269.5 269.5 270.5 269.5 269 269.5 268.5 268.5 268.5 267.5 267 265.5 264.5 264.5 264 264 263 264 263 264 263 262 262.5 262 262 262 261 261 260.5 261.5 260 260.5 261.5 262.5 262 261 263 264.5 265.5 264.5 263 264 266 263.5 261 261 266 266.5 260.5 256.5 255.5 252.5 251.5 253.5 255 254.5 255.5 255 258.5 261 262 263 263 264 264.5 265
271.5 271.5 270 269 267.5 270.5 272 272 272 272.5 272.5 272 271.5 271.5 271 272 272 272 271.5 270 270 271 270 270 269.5 269.5 268.5 268 267.5 267.5 267.5 266.5 266.5 265.5 264.5 265 265 264 264 265 264 263 260 261 262 261.5 261 261 261 262 261.5 259.5 261 262 263 263 261 262.5 263.5 263.5 262.5 262.5 262.5 264.5 264 262 260 265 267.5 263.5 259.5 257.5 255.5 257 257 258 256.5 258.5 258.5 259.5 260 261 258.5 257.5 258 260 261
272 271.5 270 271 270 271.5 271.5 271.5 272.5 272.5 272.5 272 270.5 271.5 271.5 272 271.5 272 271.5 270 270 271 270 270 270 269.5 268 267.5 267 266.5 266.5 265.5 265.5 264.5 263.5 265.5 265 264 266 265 263 262 261 261 262 262 262 262 262 262 261 260 261.5 261 262 264 262 262 263.5 264.5 264 263.5 262.5 262.5 264 261 260 264 266.5 265.5 264.5 262.5 261 260 260 260 260 259 258 258 257.5 254.5 254.5 253 250.5 254 258
271 272 270 270.5 272 272.5 272.5 272.5 272.5 272.5 272.5 272 271.5 271.5 271.5 271.5 272 271 271.5 271 270.5 271 271 270 270 269 269 268.5 267 267 266.5 264.5 264 263.5 265.5 266.5 265.5 266 266.5 265 264.5 263 261 261 262 261.5 262 262 261.5 262 262 262 261.5 262 262 264 264 263 264 264.5 264.5 264.5 264.5 263 262.5 264 264.5 266 266.5 265.5 264.5 262.5 262 259.5 256 256 259 256 256 255 257 256.5 255 252.5 250.5 258 262
272 272 272 269.5 271 272.5 272.5 272.5 272.5 272.5 272.5 272.5 271.5 272 271.5 271.5 271.5 271.5 271.5 270.5 269.5 270.5 271 270 269 269.5 269 269 268 267.5 265.5 266 264 264.5 266.5 265.5 267 266.5 264.5 264 264.5 263 263 262 262 262 263 262 261 261 260 259 261 262.5 262 262 262 263 264.5 264.5 264.5 264.5 263.5 263 264.5 264.5 266 266 265.5 265.5 265 264 263 258.5 256.5 258 258 259 259 258.5 256.5 254.5 251.5 249.5 254 260 259
272 272.5 272.5 271.5 271.5 272.5 272.5 272.5 272.5 272.5 272.5 272.5 272 272 271.5 272 271.5 271.5 271.5 271 271 271 270.5 270.5 270 268.5 268 267.5 267 267 266 267 266.5 267 265.5 265.5 267 266 264 264 265 265 263.5 263 262.5 264 264 258 258 260.5 260 260 261 262 262 263 263 264 264.5 264.5 264.5 264.5 263.5 263.5 263.5 263 265 264 264 263.5 263.5 262.5 259.5 254.5 252.5 253 253.5 255 258 257 256.5 254.5 252.5 249.5 251 254 257
272.5 272.5 272.5 272.5 272.5 272.5 272 272.5 272.5 272.5 271.5 271.5 272 272 272 271.5 271.5 271.5 271 270 270.5 271 271 270.5 270.5 269 269.5 268.5 268 268 269 269 268.5 267.5 267 267 267.5 267.5 265.5 265 265.5 265.5 264.5 264 264.5 265 263 261 260 261 261.5 260.5 261 262 263 264 264 264 264.5 264 263.5 263.5 262.5 262.5 262.5 264 265.5 266 265 265 262.5 260 258.5 254.5 251.5 253 256 258 255.5 256.5 257.5 257.5 254 248.5 244.5 247.5 252
272.5 272.5 272.5 272.5 272.5 272 272 272 272 272 271.5 270.5 271.5 271.5 271.5 271.5 271.5 271.5 271.5 271 270.5 271.5 271 270.5 270.5 270.5 270.5 269.5 269 269 269 269 269 268 267.5 268 267.5 266.5 265 265.5 266.5 266 266 265.5 266 266 265 264.5 263.5 262.5 261.5 262 261 263 264 261 261 264 264 264 263.5 262.5 261.5 262.5 265 265.5 265 265 263.5 263 262.5 257.5 254 250.5 249.5 254 254 254 253 251 251.5 254.5 253 251 247.5 244 244
272.5 272.5 272.5 272.5 272 272 272 272 271 271 271.5 271.5 271.5 270 270.5 269.5 271.5 271.5 271.5 271.5 271 271.5 270.5 270.5 270.5 270.5 269.5 269.5 269.5 270 270 269 268 266 267 268 266 265.5 264.5 266.5 266.5 266.5 266.5 267 266.5 266 265.5 265 263.5 262.5 262 262 262 263 262 262 263 263.5 264 264 263.5 263.5 264.5 264.5 265 265 264.5 262 258.5 257.5 261 257 255 251 248.5 250.5 252 251 247.5 248 250 252.5 253.5 251.5 245.5 239.5 238
272.5 272.5 272.5 272.5 272 272 272 271 270.5 269.5 270 271 269.5 269.5 270.5 268.5 269.5 271.5 271.5 271.5 271.5 271 271 270.5 269 269.5 269 269.5 269.5 270 269.5 269 268 266.5 267.5 268 267 264.5 263.5 266.5 266.5 266.5 267.5 267 265.5 266.5 265.5 265 264 264 263 262 262 262 260 262 263 263.5 263 263 263.5 264.5 264.5 263.5 264.5 262.5 261.5 257.5 256 258 259.5 259.5 256.5 253.5 248.5 250.5 251.5 250 245 243 249.5 251.5 252.5 250.5 246.5 242 242.5
272.5 272 270.5 272.5 272.5 272 272 272 271 269.5 267 268 269.5 268.5 268 267 268.5 271 271.5 271 271 271 270.5 270.5 269.5 267 269 270.5 270 269.5 269.5 269.5 267.5 268 268.5 267.5 266 265 266 267 267 267.5 267 267 266.5 266.5 266 265.5 265 264 263 262 262 262 262 263 263 263 263 263.5 264 263.5 263.5 264.5 263.5 261.5 258.5 257 256 256 256.5 259 254.5 252.5 248.5 247.5 250 250 247 249.5 252 250.5 251 250.5 244.5 237 243.5
272 271.5 268.5 270.5 272 272 272 272 272 271 268.5 268.5 268.5 265 266 267.5 269 270.5 271 271 271 271 270.5 270 270 270 270 270 270 269.5 269 268.5 268.5 268.5 268 267 265.5 266 267 267 267 267.5 267.5 267 267 266.5 266.5 265.5 264.5 261.5 263 262 260 260.5 261.5 262.5 263 263 263 263 262 261.5 262.5 263.5 261.5 260.5 259.5 257 254.5 255 257.5 259.5 257.5 250.5 247.5 246.5 248 247 244 252.5 253.5 255.5 254 249.5 244 239.5 246.5
272 272 270.5 268.5 271 272 272 272 271.5 271 270.5 270 269 268 266.5 266 268 267.5 271 270.5 270 270.5 270.5 270 270 270 270 270 269.5 269 268 268 268.5 268 266.5 266.5 266.5 266 267 268 267 268 267.5 267.5 267 267 265 265 264.5 263.5 263 260 260 261.5 262 262.5 263 263 262 262 262 261 261.5 262.5 260.5 258.5 258.5 255.5 252.5 253 256 257.5 252.5 245.5 242.5 244 244.5 244 244 254.5 256.5 256.5 253.5 248 248 249.5 253.5
272 271.5 269 267.5 269.5 271 271.5 272 271 270.5 270 269.5 269.5 268 267 267 266 265 269 270 270.5 270 270 270 270 270 270 270 269 269 268 269 269 268 266.5 267.5 267.5 267 267.5 268 267.5 268 267.5 267.5 266.5 266 262 260 261 263 260.5 260 261 261 262 262 262 262 261 261.5 261 259 259.5 260 258 256.5 256.5 252.5 252 254 255 252 250.5 247.5 243.5 243.5 243 246 249 255.5 259.5 257.5 254 250 256.5 258 259
272 272.5 271 270 270.5 271 271.5 272 271 269 268 267 267 267 266 265.5 265 265 268 270 270 270 270 270 270 270 270 270 270 269 269 269 268 266.5 267 267.5 267.5 266.5 265.5 267 268 268 267 267 265.5 264 259.5 258 258 258.5 258.5 260.5 260 259.5 261 261.5 261 261 260 261 261 259.5 257 256 254.5 252.5 252.5 252.5 255 255 252 250 246.5 245.5 245.5 246.5 248 249 254 258.5 263.5 262.5 260.5 257.5 262.5 265.5 265
272.5 272.5 271.5 270.5 270 271 271 271 272 270 267 263 265 266 265 265 265 265 266 268 270 270 270 270 270 270 270 270 270 270 269.5 269.5 269 267.5 268 268.5 267.5 263.5 261.5 265.5 267.5 268 267 266.5 266.5 265 259 259 258.5 258.5 259.5 259.5 258.5 259 260 260.5 261 260 260 260.5 259.5 257.5 257 255 252.5 252.5 252.5 253.5 253 254.5 252 249 250.5 248.5 249 250 251 254 259.5 262.5 265 265 265 264.5 266.5 265.5 264.5
272.5 272.5 271.5 268.5 268.5 270.5 271 271.5 272 271 268.5 266.5 266.5 266 263 264 264 265 266 266 266 268.5 268.5 269.5 269 268.5 269 270 270 270 269.5 269 269 266 268 267.5 265.5 262.5 264.5 266.5 267.5 268.5 267.5 266.5 265.5 264.5 264 261 262 263 263 260.5 258.5 257.5 260.5 262 262 261 262 261 258 256 255 253 251 251.5 251 251.5 254 252.5 251.5 251.5 251.5 252 251.5 251.5 256 261 263 264.5 265.5 265.5 266 266.5 266.5 265.5 264.5
272.5 272.5 272.5 271.5 272 271.5 270 271 271 272 271 270 269.5 268.5 266 264 265 266 265.5 266 265 265 268 268 267.5 266 268 269 269 270 269.5 268 267 269 269 268 266.5 265.5 266.5 267 267.5 268.5 267.5 266.5 264.5 262.5 264 265 265 264.5 263.5 260.5 258.5 261.5 262.5 263 263 262 262 261 258 256.5 255.5 252.5 250.5 251.5 251.5 253 253 249 247.5 245.5 247.5 249.5 250.5 255.5 259 262 264 266 265 265 266 266 266.5 266 265.5
272 272.5 272.5 272.5 272.5 272 272 271 270.5 271 271.5 272 271.5 271 268.5 266 265 265.5 265.5 264.5 264 266 266 263 264 264 267 268 269 269 269 268 268 268 268 268 268 266.5 267.5 267.5 267.5 268 268.5 267.5 265.5 265.5 266 266.5 265.5 264.5 264.5 263.5 262.5 263.5 264 264 263.5 263 262 260.5 259 257 253.5 251.5 250.5 250.5 252 252.5 252.5 251 249.5 248.5 247.5 249.5 253.5 259 263 264 265 266 264.5 264 265.5 265.5 266 265.5 263.5
272 272.5 272.5 272.5 272.5 272 272 271 270.5 270.5 271.5 272.5 271.5 270.5 268 267 266 265 267 267.5 266 267.5 267 264 261 260.5 265 268 269 269 266 268 268 268 267 268 267.5 266.5 267 267.5 267.5 267.5 268.5 268 266.5 266.5 266 266.5 265.5 265.5 265.5 264.5 264.5 264.5 265 265 264 264 263 262 260 256 253.5 252.5 250.5 251 252 251.5 251 249.5 249 249 251 256.5 259 262 261.5 263 265 264 264.5 265 265 265.5 265 265 261
272 272 272 272.5 272.5 272 272 272 272 272.5 272.5 272.5 272 270.5 268.5 267.5 267 267 267 267.5 269 269 268.5 267 260 260 264 268 269 269 268 268 268 267 268 267.5 266.5 266.5 266.5 267 267.5 267 267.5 268.5 267 267 266 266 266 265.5 265.5 265 265 264.5 264.5 263.5 263.5 264 263.5 261 256.5 254 253.5 251.5 251.5 251.5 252 252 249 247 249.5 254 257 260 261 261 263 263 261.5 262 264 265 265 265 262 262.5 260.5
272.5 272.5 272 272.5 272.5 271.5 272 272 272.5 272.5 272.5 272 272 271 268.5 268 266.5 269.5 269.5 269 270 270 269 266 259 264 267 268 269 269 269 268 268 267 266.5 266.5 266.5 266.5 266 263.5 266 267.5 267.5 268 267 267 266 266 266.5 266.5 265.5 265.5 265.5 265.5 264.5 264 263.5 262.5 262 261 259 255 251.5 251.5 251.5 252 254 253 248 249 250.5 254.5 257.5 260 259 259.5 259 258 256.5 259 261 263 262.5 263 258 257.5 259
