ecocropFuture/tif/c6/rcp585/ACCESS-CM2/tmean_3.asc
ncols        683
nrows        518
xllcorner    -87.691666666667
yllcorner    10.708333333333
cellsize     0.008333333333
NODATA_value  nan
[rows 468 to 506 of 518, columns 435 to 521 of 683]
275 277.5 274 272.5 270.5 276.5 277.5 277.5 278.5 279 279.5 279 279.5 279.5 279.5 279.5 279.5 279.5 280.5 280.5 280.5 280.5 281 281 281.5 281.5 282 282 nan nan nan nan nan nan nan nan nan nan nan nan nan nan nan nan nan nan nan nan nan nan nan nan nan nan nan nan nan nan nan nan nan nan nan nan nan nan nan nan nan nan nan nan nan nan nan nan nan nan nan nan nan nan nan nan nan nan nan
274 277 273 271 273 276 276.5 278.5 278.5 279.5 279.5 279.5 279.5 279.5 279.5 279.5 280 280 280 280.5 280.5 280.5 281 281 281.5 281.5 281.5 282 282 nan nan nan nan nan nan nan nan nan nan nan nan nan nan nan nan nan nan nan nan nan nan nan nan nan nan nan nan nan nan nan nan nan nan nan nan nan nan nan nan nan nan nan nan nan nan nan nan nan nan nan nan nan nan nan nan nan nan
275 276.5 277 276 277 277.5 278 278.5 278.5 279.5 279 279.5 279.5 279.5 279.5 279.5 279.5 279.5 280.5 280 279.5 279.5 280.5 281.5 281.5 281.5 281.5 282 282 nan nan nan nan nan nan nan nan nan nan nan nan nan nan nan nan nan nan nan nan nan nan nan nan nan nan nan nan nan nan nan nan nan nan nan nan nan nan nan nan nan nan nan nan nan nan nan nan nan nan nan nan nan nan nan nan nan nan
274 276.5 277 278 278 278 278.5 279 278.5 278.5 278.5 279 279.5 279.5 279.5 279.5 280 280 280.5 280.5 279 279.5 280 280.5 281.5 281.5 281.5 281.5 282 282.5 nan nan nan nan nan nan nan nan nan nan nan nan nan nan nan nan nan nan nan nan nan nan nan nan nan nan nan nan nan nan nan nan nan nan nan nan nan nan nan nan nan nan nan nan nan nan nan nan nan nan nan nan nan nan nan nan nan
274.5 276.5 277.5 278 278 278.5 278 278.5 277 276 278.5 279 279 279.5 279.5 280 280 280 280.5 280.5 280 280 280 281 281.5 281.5 281.5 281.5 282.5 282.5 nan nan nan nan nan nan nan nan nan nan nan nan nan nan nan nan nan nan nan nan nan nan nan nan nan nan nan nan nan nan nan nan nan nan nan nan nan nan nan nan nan nan nan nan nan nan nan nan nan nan nan nan nan nan nan nan nan
276 277 277.5 277.5 278 278 278 277.5 276 275.5 278 279 279 279 279 279.5 280 280 280.5 280.5 280.5 280.5 279.5 280 281 281.5 281.5 281.5 282 282.5 nan nan nan nan nan nan nan nan nan nan nan nan nan nan nan nan nan nan nan nan nan nan nan nan nan nan nan nan nan nan nan nan nan nan nan nan nan nan nan nan nan nan nan nan nan nan nan nan nan nan nan nan nan nan nan nan nan
276.5 276.5 276.5 278 278 278 278 277 276 274 278 279 279 279 279.5 280 280 280 280 281 281 280 280 281 281 281.5 282 282 282 282.5 283 nan nan nan nan nan nan nan nan nan nan nan nan nan nan nan nan nan nan nan nan nan nan nan nan nan nan nan nan nan nan nan nan nan nan nan nan nan nan nan nan nan nan nan nan nan nan nan nan nan nan nan nan nan nan nan nan
276.5 277.5 276.5 277.5 277.5 277 277.5 278 276.5 277 278 279 279 279 279.5 280 280 280 280 281 281 281 281 281 281 281.5 282 282 281.5 282.5 282.5 nan nan nan nan nan nan nan nan nan nan nan nan nan nan nan nan nan nan nan nan nan nan nan nan nan nan nan nan nan nan nan nan nan nan nan nan nan nan nan nan nan nan nan nan nan nan nan nan nan nan nan nan nan nan nan nan
277.5 275.5 274.5 276.5 275.5 275.5 276.5 276.5 277 278 278.5 279 279 279 280 280 280 280 280 281 281 281 280.5 281 281 281.5 282 282 282 282.5 282 283 nan nan nan nan nan nan nan nan nan nan nan nan nan nan nan nan nan nan nan nan nan nan nan nan nan nan nan nan nan nan nan nan nan nan nan nan nan nan nan nan nan nan nan nan nan nan nan nan nan nan nan nan nan nan nan
275.5 274.5 273.5 275 274.5 275.5 277.5 277.5 278.5 278.5 278.5 279 279 279.5 280 279.5 280 280 280.5 281 281 281 281 281 282 281 281.5 282 282 282.5 282.5 282.5 nan nan nan nan nan nan nan nan nan nan nan nan nan nan nan nan nan nan nan nan nan nan nan nan nan nan nan nan nan nan nan nan nan nan nan nan nan nan nan nan nan nan nan nan nan nan nan nan nan nan nan nan nan nan nan
275.5 274.5 273.5 276.5 276.5 277.5 277.5 278 278.5 278.5 279 279 279.5 279.5 279.5 279.5 280 280.5 280.5 280.5 280.5 281 281 281 281 281 281.5 282 282 282.5 282.5 283 283 nan nan nan nan nan nan nan nan nan nan nan nan nan nan nan nan nan nan nan nan nan nan nan nan nan nan nan nan nan nan nan nan nan nan nan nan nan nan nan nan nan nan nan nan nan nan nan nan nan nan nan nan nan nan
275.5 274.5 273.5 277.5 277.5 278 277.5 278.5 278.5 278.5 278.5 279.5 279.5 279.5 279.5 279.5 279.5 280.5 280.5 280.5 280.5 280.5 281 281 280 281 281.5 282 282 282.5 282.5 282.5 283 nan nan nan nan nan nan nan nan nan nan nan nan nan nan nan nan nan nan nan nan nan nan nan nan nan nan nan nan nan nan nan nan nan nan nan nan nan nan nan nan nan nan nan nan nan nan nan nan nan nan nan nan nan nan
275 274 274 277.5 278 278.5 278.5 278.5 278.5 278.5 278.5 278.5 278.5 278.5 279.5 279.5 279.5 280.5 280 280.5 279.5 279.5 280.5 280 279 280 281 281.5 282 282.5 282.5 282.5 283 283 nan nan nan nan nan nan nan nan nan nan nan nan nan nan nan nan nan nan nan nan nan nan nan nan nan nan nan nan nan nan nan nan nan nan nan nan nan nan nan nan nan nan nan nan nan nan nan nan nan nan nan nan nan
274 273 277 278 278.5 278.5 278.5 278.5 278.5 278.5 278.5 278 275.5 277.5 278.5 279.5 279.5 280.5 280.5 280 279.5 279.5 279.5 279 278 280 281 282 282 282.5 282.5 282.5 283 283 284 nan nan nan nan nan nan nan nan nan nan nan nan nan nan nan nan nan nan nan nan nan nan nan nan nan nan nan nan nan nan nan nan nan nan nan nan nan nan nan nan nan nan nan nan nan nan nan nan nan nan nan nan
275 275 276 278 278 277.5 277.5 278.5 278.5 278.5 279 279 277.5 278.5 279.5 279.5 280.5 280.5 280.5 280 280 279.5 279.5 279 277.5 279 280.5 281.5 282 282.5 282.5 282.5 282.5 283 nan nan nan nan nan nan nan nan nan nan nan nan nan nan nan nan nan nan nan nan nan nan nan nan nan nan nan nan nan nan nan nan nan nan nan nan nan nan nan nan nan nan nan nan nan nan nan nan nan nan nan nan nan
276.5 276.5 277.5 278 277.5 275.5 276.5 278.5 278.5 278.5 279 279.5 279.5 279.5 279.5 279.5 279.5 279.5 279.5 280 280 280 280 280 278 280 280 281.5 282 282.5 282.5 282.5 282.5 283.5 283.5 283.5 nan nan nan nan nan nan nan nan nan nan nan nan nan nan nan nan nan nan nan nan nan nan nan nan nan nan nan nan nan nan nan nan nan nan nan nan nan nan nan nan nan nan nan nan nan nan nan nan nan nan nan
277 276 278 278 277 275.5 277.5 277.5 278.5 278.5 279 279 279 279.5 278.5 279.5 279.5 279.5 278.5 278.5 280 280.5 280 279 279 280 281 281 281.5 282.5 282.5 282.5 282.5 282.5 283.5 283.5 nan nan nan nan nan nan nan nan nan nan nan nan nan nan nan nan nan nan nan nan nan nan nan nan nan nan nan nan nan nan nan nan nan nan nan nan nan nan nan nan nan nan nan nan nan nan nan nan nan nan nan
275 276 277 277 276 275 276.5 277 278.5 278.5 279 279 279 279 278.5 279.5 279.5 278.5 278.5 278.5 280 280 280 280 279 279.5 280 281 281.5 282 282.5 282.5 282.5 283 283.5 283.5 nan nan nan nan nan nan nan nan nan nan nan nan nan nan nan nan nan nan nan nan nan nan nan nan nan nan nan nan nan nan nan nan nan nan nan nan nan nan nan nan nan nan nan nan nan nan nan nan nan nan nan
274 275 277 276 276 273 277.5 278 278.5 278.5 279 279 278.5 278 278.5 279.5 279.5 279.5 278.5 279 280 280 279 278.5 278 279 279.5 280.5 281 281.5 282 282.5 283 283 283 283.5 283.5 284.5 nan nan nan nan nan nan nan nan nan nan nan nan nan nan nan nan nan nan nan nan nan nan nan nan nan nan nan nan nan nan nan nan nan nan nan nan nan nan nan nan nan nan nan nan nan nan nan nan nan
272 275 274 274.5 274 274.5 276.5 278.5 278.5 278.5 279 279 278.5 278 278.5 278 277.5 278.5 278.5 279.5 280 279.5 278.5 277 277 277 279 279.5 280.5 281.5 282 282 283 283 283 283.5 283.5 283.5 284.5 nan nan nan nan nan nan nan nan nan nan nan nan nan nan nan nan nan nan nan nan nan nan nan nan nan nan nan nan nan nan nan nan nan nan nan nan nan nan nan nan nan nan nan nan nan nan nan nan
269 272 269 271 270 275 277 278 278.5 279 279 278 278 276.5 277.5 278 276.5 277 278.5 279.5 278.5 279.5 278.5 277.5 278 278 277 277.5 280 280.5 281 282 283 283 283 283.5 283.5 283.5 284.5 284.5 nan nan nan nan nan nan nan nan nan nan nan nan nan nan nan nan nan nan nan nan nan nan nan nan nan nan nan nan nan nan nan nan nan nan nan nan nan nan nan nan nan nan nan nan nan nan nan
272 271 267.5 270 274 277 278 278.5 278.5 279 278.5 277.5 275.5 276 278.5 279.5 276.5 275 277.5 278.5 276.5 277.5 279.5 279 278 277 278 278 280.5 281 282 282 282.5 283 283 283 283.5 284 284 284.5 285 285 nan nan nan nan nan nan nan nan nan nan nan nan nan nan nan nan nan nan nan nan nan nan nan nan nan nan nan nan nan nan nan nan nan nan nan nan nan nan nan nan nan nan nan nan nan
274 273 273 272 275.5 278 278 278.5 278.5 278.5 278.5 277.5 275 277 278.5 278.5 277.5 276.5 277.5 278 278 278.5 279.5 278.5 277.5 276 278.5 279 280 281 282 282.5 282.5 283 283.5 283.5 284 284 284 284.5 284.5 285 285 285.5 285.5 nan nan nan nan nan nan nan nan nan nan nan nan nan nan nan nan nan nan nan nan nan nan nan nan nan nan nan nan nan nan nan nan nan nan nan nan nan nan nan nan nan nan
273 276 276 275 277 278 278.5 278.5 278 278 278 277.5 276.5 277 278.5 278.5 277 275.5 277.5 278.5 278 279 278 276 276 276 279 280 280 281 282 282.5 282.5 282.5 283.5 283.5 284 284 284 284.5 284.5 285 285.5 285 285 285.5 nan nan nan nan nan nan nan nan nan nan nan nan nan nan nan nan nan nan nan nan nan nan nan nan nan nan nan nan nan nan nan nan nan nan nan nan nan nan nan nan nan
274 277 277 277 278 278 278 277 275.5 277 276.5 275 277 277.5 276.5 276.5 276.5 276.5 277.5 278 278.5 278.5 277.5 276.5 276 279 280 280 280 281 282 282.5 282.5 282.5 283 283.5 284 284 284.5 284.5 284.5 284.5 285 285 285 285 285 nan nan nan nan nan nan nan nan nan nan nan nan nan nan nan nan nan nan nan nan nan nan nan nan nan nan nan nan nan nan nan nan nan nan nan nan nan nan nan nan
277 277.5 278 277 278 278 278 276 274 275 275 276.5 277.5 277.5 274.5 275.5 275.5 274.5 274.5 277 278.5 278 276.5 276.5 278 279 280 280 281 281 282 282.5 283 282.5 283 283 284 284 284 284.5 284.5 284.5 284.5 285 285.5 285.5 286 nan nan nan nan nan nan nan nan nan nan nan nan nan nan nan nan nan nan nan nan nan nan nan nan nan nan nan nan nan nan nan nan nan nan nan nan nan nan nan nan
277.5 277.5 276.5 276.5 277.5 278 277 275 274 276 277 275.5 276 275.5 274.5 274.5 275 272.5 274 276 277 278 278.5 278.5 279 280 280 280 281 281.5 281.5 281.5 282.5 282.5 283 283 284 284 284 284.5 285 285.5 284.5 285.5 285.5 285.5 285.5 nan nan nan nan nan nan nan nan nan nan nan nan nan nan nan nan nan nan nan nan nan nan nan nan nan nan nan nan nan nan nan nan nan nan nan nan nan nan nan nan
277.5 276.5 276.5 277.5 278 277 276.5 277 277 276.5 275.5 274 272.5 272.5 274 272.5 274 275 275 276 274.5 278 278.5 279 280 280 280.5 281 281 281 281.5 282 282.5 282.5 283 283.5 283.5 284 284 284.5 284.5 285.5 285.5 285.5 285.5 285.5 285.5 nan nan nan nan nan nan nan nan nan nan nan nan nan nan nan nan nan nan nan nan nan nan nan nan nan nan nan nan nan nan nan nan nan nan nan nan nan nan nan nan
277 277 276.5 277 276.5 276 276 276 274.5 275 273 271 269.5 270.5 273.5 272.5 272.5 276 275.5 276.5 275.5 276 278 279 279.5 280 280.5 280.5 281 281 281.5 281.5 281.5 282.5 283.5 283 283 284 284 284.5 284.5 285 285 285 285.5 285.5 285.5 285.5 nan nan nan nan nan nan nan nan nan nan nan nan nan nan nan nan nan nan nan nan nan nan nan nan nan nan nan nan nan nan nan nan nan nan nan nan nan nan nan
276.5 276.5 276.5 275.5 274.5 274.5 275.5 274 273 274 273 273 271 270 271 272.5 274.5 277 276.5 276.5 277.5 278.5 278.5 279.5 280 280 280 280.5 281 281 281.5 281.5 282 282.5 282.5 281.5 282 283.5 284 284 284.5 285 285 285 285 285.5 285.5 285.5 nan nan nan nan nan nan nan nan nan nan nan nan nan nan nan nan nan nan nan nan nan nan nan nan nan nan nan nan nan nan nan nan nan nan nan nan nan nan nan
276 275 276.5 275 273.5 275.5 274.5 274.5 273 273 271.5 273 271.5 271 270.5 272 274 276.5 277.5 278.5 278.5 279.5 279 279 278 278.5 279 280 280.5 281 281 281.5 282 282.5 281.5 281.5 282 283 283.5 284 284.5 284.5 285 285 285 285 285 285 nan nan nan nan nan nan nan nan nan nan nan nan nan nan nan nan nan nan nan nan nan nan nan nan nan nan nan nan nan nan nan nan nan nan nan nan nan nan nan
274 275.5 275.5 273 274 274.5 275.5 275.5 276 275 273.5 273 272 272 271 275 275.5 276.5 278 278.5 278 277.5 276.5 277.5 274.5 274.5 277.5 279.5 280.5 281 281 281 281 281 281.5 281.5 282.5 283.5 283.5 283.5 284 284.5 284.5 284.5 285 285 285 285 nan nan nan nan nan nan nan nan nan nan nan nan nan nan nan nan nan nan nan nan nan nan nan nan nan nan nan nan nan nan nan nan nan nan nan nan nan nan nan
277 277 276.5 274.5 274.5 275.5 275.5 276.5 277.5 276 275.5 274.5 274.5 274 273 276 278 278 278 278 276 275.5 275.5 276.5 275.5 274.5 277 279.5 280.5 280.5 281 281 281 281 281.5 282.5 282.5 283.5 283.5 283.5 283.5 283.5 284.5 284.5 284.5 285 285 285 nan nan nan nan nan nan nan nan nan nan nan nan nan nan nan nan nan nan nan nan nan nan nan nan nan nan nan nan nan nan nan nan nan nan nan nan nan nan nan
277 276.5 276.5 276.5 276.5 277 276.5 277.5 277.5 276.5 275.5 275.5 274.5 275 276 277 277 277 277 276.5 277 278 278.5 278.5 276.5 277.5 278.5 280 280.5 281 281 281 281 281 281 282.5 283.5 283.5 283.5 283.5 283.5 284 284.5 284.5 284.5 285 285 285 nan nan nan nan nan nan nan nan nan nan nan nan nan nan nan nan nan nan nan nan nan nan nan nan nan nan nan nan nan nan nan nan nan nan nan nan nan nan nan
276 276 277 277 277 277 277 277.5 277.5 276.5 276.5 274.5 273.5 274 276.5 276.5 276 276 274.5 276 277 275 275 278 277.5 278.5 276.5 279.5 280.5 281 281 281 281.5 281 281 281.5 282.5 283 283 283.5 283.5 283.5 284 284.5 284 284.5 285 285 nan nan nan nan nan nan nan nan nan nan nan nan nan nan nan nan nan nan nan nan nan nan nan nan nan nan nan nan nan nan nan nan nan nan nan nan nan nan nan
278 277 277 277 278 277.5 277.5 278 277.5 276.5 274 273.5 272 273 275 274 273.5 274.5 276 277 276 274 277 278 278 277.5 279.5 279.5 280.5 280.5 280.5 281 281.5 281 280.5 281 281.5 282 283 283 283.5 283.5 284 283.5 284 284.5 284.5 285 285 nan nan nan nan nan nan nan nan nan nan nan nan nan nan nan nan nan nan nan nan nan nan nan nan nan nan nan nan nan nan nan nan nan nan nan nan nan nan
278 278 276.5 277 278 278 278 275.5 275 274 271.5 269.5 271 272.5 274 275 274.5 275 275.5 276 277 277 278 278 275 278.5 279.5 279.5 280.5 280.5 280.5 281.5 281.5 281.5 280.5 281.5 281.5 282.5 282 283 283.5 283.5 284 283.5 284 284.5 284.5 284.5 285 nan nan nan nan nan nan nan nan nan nan nan nan nan nan nan nan nan nan nan nan nan nan nan nan nan nan nan nan nan nan nan nan nan nan nan nan nan nan
277.5 277.5 278 277.5 278 278 278 276.5 276.5 274.5 271.5 268.5 270 271.5 273.5 275 275.5 275 275.5 272.5 275 278 278 278 277 278 278.5 278.5 280 280.5 280.5 281.5 281.5 281.5 281.5 281 281 282 281.5 283 283.5 283.5 283.5 284 284 284.5 284.5 284.5 285 nan nan nan nan nan nan nan nan nan nan nan nan nan nan nan nan nan nan nan nan nan nan nan nan nan nan nan nan nan nan nan nan nan nan nan nan nan nan
278.5 277.5 278.5 278.5 278 278 278 275 274.5 275.5 271.5 269.5 270.5 271.5 273.5 274.5 274.5 274.5 273.5 270.5 272 277 277 277 274.5 277 278.5 279.5 280 280.5 281 281 281 281 280.5 280 279.5 279.5 280 281.5 283 283.5 283.5 284 284 284.5 284.5 284.5 nan nan nan nan nan nan nan nan nan nan nan nan nan nan nan nan nan nan nan nan nan nan nan nan nan nan nan nan nan nan nan nan nan nan nan nan nan nan nan
