ecocropFuture/tif/c6/rcp585/ACCESS-CM2/tmean_2.asc
ncols        683
nrows        518
xllcorner    -87.691666666667
yllcorner    10.708333333333
cellsize     0.008333333333
NODATA_value  nan
[rows 456 to 493 of 518, columns 435 to 521 of 683]
261.5 262.5 260.5 261 262.5 262.5 265 266 265 266.5 267 267 268 268 269 269 269.5 270.5 270 270.5 270.5 271 271 271 271.5 nan nan nan nan nan nan nan nan nan nan nan nan nan nan nan nan nan nan nan nan nan nan nan nan nan nan nan nan nan nan nan nan nan nan nan nan nan nan nan nan nan nan nan nan nan nan nan nan nan nan nan nan nan nan nan nan nan nan nan nan nan nan
259 259 260.5 263 265 264.5 265 266 264 266 267 267.5 267 267 269 269 269.5 270 270 270.5 271 271 271 271 271 nan nan nan nan nan nan nan nan nan nan nan nan nan nan nan nan nan nan nan nan nan nan nan nan nan nan nan nan nan nan nan nan nan nan nan nan nan nan nan nan nan nan nan nan nan nan nan nan nan nan nan nan nan nan nan nan nan nan nan nan nan nan
252.5 257.5 261.5 263 264 263 265 265.5 265 266 268 268 267 269 269 269 269.5 270 270 270.5 270.5 271 271 271 271 nan nan nan nan nan nan nan nan nan nan nan nan nan nan nan nan nan nan nan nan nan nan nan nan nan nan nan nan nan nan nan nan nan nan nan nan nan nan nan nan nan nan nan nan nan nan nan nan nan nan nan nan nan nan nan nan nan nan nan nan nan nan
251.5 257.5 259.5 260 261 264 265 266 267 267 268 268 268 268 269 269 269.5 270 270 270.5 270.5 271 271 271 271.5 271.5 nan nan nan nan nan nan nan nan nan nan nan nan nan nan nan nan nan nan nan nan nan nan nan nan nan nan nan nan nan nan nan nan nan nan nan nan nan nan nan nan nan nan nan nan nan nan nan nan nan nan nan nan nan nan nan nan nan nan nan nan nan
251.5 255 258 258 260 264 266 267 267 268 268 268 268 268 269 269.5 269.5 270 270.5 270.5 271 271 271 271 271 271.5 nan nan nan nan nan nan nan nan nan nan nan nan nan nan nan nan nan nan nan nan nan nan nan nan nan nan nan nan nan nan nan nan nan nan nan nan nan nan nan nan nan nan nan nan nan nan nan nan nan nan nan nan nan nan nan nan nan nan nan nan nan
250.5 253 255 259.5 263 265.5 266.5 267 267 268 268 268.5 268.5 269 269 269.5 269.5 269.5 269.5 270.5 271 271 271 271 271 271.5 nan nan nan nan nan nan nan nan nan nan nan nan nan nan nan nan nan nan nan nan nan nan nan nan nan nan nan nan nan nan nan nan nan nan nan nan nan nan nan nan nan nan nan nan nan nan nan nan nan nan nan nan nan nan nan nan nan nan nan nan nan
254 256.5 259.5 263 264.5 266 267 267.5 267.5 267.5 268.5 268.5 268.5 268.5 269.5 268.5 269.5 268.5 269.5 270.5 271 271 271 271 271 271.5 nan nan nan nan nan nan nan nan nan nan nan nan nan nan nan nan nan nan nan nan nan nan nan nan nan nan nan nan nan nan nan nan nan nan nan nan nan nan nan nan nan nan nan nan nan nan nan nan nan nan nan nan nan nan nan nan nan nan nan nan nan
255.5 258.5 261.5 264 265.5 266.5 267 267 267.5 267.5 268.5 268 268.5 268.5 269.5 268.5 268.5 269.5 270.5 270.5 270.5 271 271 271 271 271.5 272 nan nan nan nan nan nan nan nan nan nan nan nan nan nan nan nan nan nan nan nan nan nan nan nan nan nan nan nan nan nan nan nan nan nan nan nan nan nan nan nan nan nan nan nan nan nan nan nan nan nan nan nan nan nan nan nan nan nan nan nan
260.5 262 264.5 265.5 265.5 266.5 267 267.5 267.5 267.5 267.5 267.5 268 268 268.5 269.5 269.5 269.5 270.5 270.5 270.5 271 270.5 271 271 271.5 272 nan nan nan nan nan nan nan nan nan nan nan nan nan nan nan nan nan nan nan nan nan nan nan nan nan nan nan nan nan nan nan nan nan nan nan nan nan nan nan nan nan nan nan nan nan nan nan nan nan nan nan nan nan nan nan nan nan nan nan nan
264.5 263.5 264.5 265.5 266.5 267.5 267.5 267.5 267.5 267 268 267.5 267.5 268 268.5 268.5 269 269.5 270.5 270.5 270.5 270.5 270.5 271 271 271 272 nan nan nan nan nan nan nan nan nan nan nan nan nan nan nan nan nan nan nan nan nan nan nan nan nan nan nan nan nan nan nan nan nan nan nan nan nan nan nan nan nan nan nan nan nan nan nan nan nan nan nan nan nan nan nan nan nan nan nan nan
266.5 265.5 264.5 262.5 264 266.5 267.5 267.5 267.5 268 266 266.5 268 268.5 268.5 268.5 269.5 269.5 270 270.5 270.5 270.5 270.5 270.5 271 271 271.5 272 nan nan nan nan nan nan nan nan nan nan nan nan nan nan nan nan nan nan nan nan nan nan nan nan nan nan nan nan nan nan nan nan nan nan nan nan nan nan nan nan nan nan nan nan nan nan nan nan nan nan nan nan nan nan nan nan nan nan nan
265.5 266.5 265.5 262.5 260 264.5 266.5 267.5 267.5 268 267.5 267.5 268.5 268.5 269 269 269.5 269 269.5 269.5 270.5 270.5 270.5 270.5 271 271 271 272 nan nan nan nan nan nan nan nan nan nan nan nan nan nan nan nan nan nan nan nan nan nan nan nan nan nan nan nan nan nan nan nan nan nan nan nan nan nan nan nan nan nan nan nan nan nan nan nan nan nan nan nan nan nan nan nan nan nan nan
264.5 267 263.5 262 260 265.5 267.5 267.5 267.5 268.5 268.5 268.5 268.5 269 268.5 269 269 269.5 269.5 270 270 270.5 270.5 270.5 271 271 271 271.5 nan nan nan nan nan nan nan nan nan nan nan nan nan nan nan nan nan nan nan nan nan nan nan nan nan nan nan nan nan nan nan nan nan nan nan nan nan nan nan nan nan nan nan nan nan nan nan nan nan nan nan nan nan nan nan nan nan nan nan
264 266 263 260 262.5 265.5 265.5 267.5 268 268.5 268.5 268.5 268.5 269 269 269 269 269.5 269.5 270 270 270 270.5 270.5 271 271 271 271.5 272 nan nan nan nan nan nan nan nan nan nan nan nan nan nan nan nan nan nan nan nan nan nan nan nan nan nan nan nan nan nan nan nan nan nan nan nan nan nan nan nan nan nan nan nan nan nan nan nan nan nan nan nan nan nan nan nan nan nan
264 266 266 265.5 267 267 267.5 267.5 268 268.5 268.5 269 268.5 269 269 269 269 269 269.5 269.5 269 268.5 270 270.5 270.5 271.5 271.5 271.5 272 nan nan nan nan nan nan nan nan nan nan nan nan nan nan nan nan nan nan nan nan nan nan nan nan nan nan nan nan nan nan nan nan nan nan nan nan nan nan nan nan nan nan nan nan nan nan nan nan nan nan nan nan nan nan nan nan nan nan
263.5 266 266.5 267 267.5 267 268 268 267.5 268 268 268.5 269 269 269 269 269 269 270 270 268 268.5 269.5 270.5 270.5 271.5 271.5 271.5 271.5 272 nan nan nan nan nan nan nan nan nan nan nan nan nan nan nan nan nan nan nan nan nan nan nan nan nan nan nan nan nan nan nan nan nan nan nan nan nan nan nan nan nan nan nan nan nan nan nan nan nan nan nan nan nan nan nan nan nan
264 266 267 267 268 268 268 268 266 265 268 268.5 268.5 269 269 269 269.5 269 270 270 269 269 269.5 270.5 270.5 271 271.5 271.5 271.5 272 nan nan nan nan nan nan nan nan nan nan nan nan nan nan nan nan nan nan nan nan nan nan nan nan nan nan nan nan nan nan nan nan nan nan nan nan nan nan nan nan nan nan nan nan nan nan nan nan nan nan nan nan nan nan nan nan nan
265.5 266 267 267 267 267.5 267 267 265 265 267.5 268 268 268 268 269 269 269 269.5 270 270 270 269 270 270.5 271 271.5 271.5 271.5 271.5 nan nan nan nan nan nan nan nan nan nan nan nan nan nan nan nan nan nan nan nan nan nan nan nan nan nan nan nan nan nan nan nan nan nan nan nan nan nan nan nan nan nan nan nan nan nan nan nan nan nan nan nan nan nan nan nan nan
266.5 266.5 265.5 267.5 267.5 267 267 267 265.5 263.5 267 268 268 268.5 268.5 269 269 269.5 269.5 270 270 269.5 269 270 270.5 271 271 271.5 271.5 271.5 272 nan nan nan nan nan nan nan nan nan nan nan nan nan nan nan nan nan nan nan nan nan nan nan nan nan nan nan nan nan nan nan nan nan nan nan nan nan nan nan nan nan nan nan nan nan nan nan nan nan nan nan nan nan nan nan nan
266.5 267 266.5 267 267 266 267 267 266 266.5 268 268 268 268.5 268.5 269 268.5 269.5 269.5 270 270 270 270 270 270.5 271 271 271.5 271.5 271.5 272 nan nan nan nan nan nan nan nan nan nan nan nan nan nan nan nan nan nan nan nan nan nan nan nan nan nan nan nan nan nan nan nan nan nan nan nan nan nan nan nan nan nan nan nan nan nan nan nan nan nan nan nan nan nan nan nan
267.5 264.5 263.5 265.5 264.5 265 266 266 266.5 267.5 268 268 268.5 268.5 269 269 268.5 268.5 269.5 270 270 270 270 270 271 271 271 271.5 271.5 271.5 271.5 272.5 nan nan nan nan nan nan nan nan nan nan nan nan nan nan nan nan nan nan nan nan nan nan nan nan nan nan nan nan nan nan nan nan nan nan nan nan nan nan nan nan nan nan nan nan nan nan nan nan nan nan nan nan nan nan nan
265.5 263.5 262.5 264.5 264 264.5 267 266.5 267.5 267.5 268 268 268.5 268.5 269 268.5 269.5 269.5 269.5 270 270 270 270 270 271 271 271 271.5 271.5 271.5 272 272 nan nan nan nan nan nan nan nan nan nan nan nan nan nan nan nan nan nan nan nan nan nan nan nan nan nan nan nan nan nan nan nan nan nan nan nan nan nan nan nan nan nan nan nan nan nan nan nan nan nan nan nan nan nan nan
264.5 264 262.5 266.5 266.5 266.5 266.5 267.5 267.5 267.5 268.5 268.5 268.5 268.5 268.5 268.5 269 269.5 269.5 269.5 269.5 270 270 270 270.5 270 271 271.5 271.5 271.5 272 272 273 nan nan nan nan nan nan nan nan nan nan nan nan nan nan nan nan nan nan nan nan nan nan nan nan nan nan nan nan nan nan nan nan nan nan nan nan nan nan nan nan nan nan nan nan nan nan nan nan nan nan nan nan nan nan
264.5 264.5 263 266.5 267.5 267.5 266.5 267.5 267.5 267.5 268 268.5 268.5 268.5 268.5 268.5 268.5 269.5 269.5 269.5 269.5 269.5 270 270 269 270 270.5 271 271.5 271.5 271.5 272 272.5 nan nan nan nan nan nan nan nan nan nan nan nan nan nan nan nan nan nan nan nan nan nan nan nan nan nan nan nan nan nan nan nan nan nan nan nan nan nan nan nan nan nan nan nan nan nan nan nan nan nan nan nan nan nan
264.5 263.5 263.5 267.5 267.5 267.5 267.5 267.5 267.5 267.5 268 267.5 268 268 268.5 268.5 268.5 269.5 269.5 269.5 268.5 268.5 269.5 269 269 269.5 270.5 270.5 271.5 271.5 271.5 272 272.5 273 nan nan nan nan nan nan nan nan nan nan nan nan nan nan nan nan nan nan nan nan nan nan nan nan nan nan nan nan nan nan nan nan nan nan nan nan nan nan nan nan nan nan nan nan nan nan nan nan nan nan nan nan nan
263.5 262.5 266.5 267.5 267.5 267.5 267.5 268 268 268 268 267.5 264.5 266.5 268.5 268.5 269.5 269.5 269.5 269 268.5 268.5 268.5 268 267 269 270.5 271 271.5 271.5 271.5 272 272.5 272.5 273 nan nan nan nan nan nan nan nan nan nan nan nan nan nan nan nan nan nan nan nan nan nan nan nan nan nan nan nan nan nan nan nan nan nan nan nan nan nan nan nan nan nan nan nan nan nan nan nan nan nan nan nan
264.5 264.5 265.5 267.5 267.5 267 267 268.5 268 268 268.5 268.5 266.5 267.5 268.5 269 269.5 269.5 269.5 269.5 269 268.5 268.5 268 266.5 268 269.5 271 271.5 271.5 271.5 272 272.5 272.5 nan nan nan nan nan nan nan nan nan nan nan nan nan nan nan nan nan nan nan nan nan nan nan nan nan nan nan nan nan nan nan nan nan nan nan nan nan nan nan nan nan nan nan nan nan nan nan nan nan nan nan nan nan
266 266 267 267.5 267 265.5 266 267.5 268 268 268.5 268.5 268.5 268.5 268.5 268.5 269.5 269.5 268.5 269.5 269.5 269 269 269 267 269 269.5 271 271 271.5 271.5 272 272.5 272.5 272.5 273.5 nan nan nan nan nan nan nan nan nan nan nan nan nan nan nan nan nan nan nan nan nan nan nan nan nan nan nan nan nan nan nan nan nan nan nan nan nan nan nan nan nan nan nan nan nan nan nan nan nan nan nan
266.5 265 267.5 267.5 266.5 265 266.5 267 268 268 268.5 268.5 268.5 268.5 268 268.5 268.5 268.5 267.5 267.5 269.5 269.5 269.5 268.5 268 269 270 270 271 271.5 271.5 272 272.5 272.5 272.5 272.5 nan nan nan nan nan nan nan nan nan nan nan nan nan nan nan nan nan nan nan nan nan nan nan nan nan nan nan nan nan nan nan nan nan nan nan nan nan nan nan nan nan nan nan nan nan nan nan nan nan nan nan
264.5 265.5 266.5 267 266 264.5 266 266.5 268 268 268.5 268.5 268 268.5 267.5 268.5 268.5 268.5 267.5 267.5 269 269.5 269 269 268 269 269 270 271 271 271.5 272 272 272.5 272.5 272.5 nan nan nan nan nan nan nan nan nan nan nan nan nan nan nan nan nan nan nan nan nan nan nan nan nan nan nan nan nan nan nan nan nan nan nan nan nan nan nan nan nan nan nan nan nan nan nan nan nan nan nan
263 265 266 265.5 265 262.5 267 267.5 268 268 268 268 268 267.5 267.5 268.5 268.5 268.5 267.5 268.5 269 269.5 268.5 267.5 267 268 269 270 270 271 271.5 272 272 272.5 272.5 272.5 272.5 273 nan nan nan nan nan nan nan nan nan nan nan nan nan nan nan nan nan nan nan nan nan nan nan nan nan nan nan nan nan nan nan nan nan nan nan nan nan nan nan nan nan nan nan nan nan nan nan nan nan
261 264 263 264 263 264 266 268 268 268 268 268 268 267 268 267.5 266.5 267.5 268 268.5 269 268.5 267.5 266 266 266.5 268 268.5 269.5 271 271 272 272 272 272.5 272.5 272.5 272.5 273 nan nan nan nan nan nan nan nan nan nan nan nan nan nan nan nan nan nan nan nan nan nan nan nan nan nan nan nan nan nan nan nan nan nan nan nan nan nan nan nan nan nan nan nan nan nan nan nan
259 261 258 260 259.5 264 266.5 268 268 268 268 268 267 266 267 267.5 266 266.5 267.5 268.5 267.5 268.5 267.5 267 267 267 266.5 267 269 270 271 271 272 272 272.5 272.5 272.5 272.5 272.5 273 nan nan nan nan nan nan nan nan nan nan nan nan nan nan nan nan nan nan nan nan nan nan nan nan nan nan nan nan nan nan nan nan nan nan nan nan nan nan nan nan nan nan nan nan nan nan nan
261 260 257 260 264 266 267 268 268 268 268 267 265 265 267.5 268.5 266 264 266.5 268.5 265.5 266.5 269 268 267.5 266 267 267 269.5 270.5 271 271 272 272 272 272.5 272.5 272.5 272 273 273.5 273.5 nan nan nan nan nan nan nan nan nan nan nan nan nan nan nan nan nan nan nan nan nan nan nan nan nan nan nan nan nan nan nan nan nan nan nan nan nan nan nan nan nan nan nan nan nan
264 262.5 263 262 265 267 267.5 268 268 268 268 267 264.5 266 268 268 267 266 267 267.5 267.5 268 268.5 267.5 267 265 268 268 269 270 271 272 272 272 272.5 272.5 272.5 272.5 272 272.5 273 273.5 273.5 273.5 274 nan nan nan nan nan nan nan nan nan nan nan nan nan nan nan nan nan nan nan nan nan nan nan nan nan nan nan nan nan nan nan nan nan nan nan nan nan nan nan nan nan nan
262.5 266 265.5 264.5 267 267.5 268 268 268 267.5 267 267 266 266 268 268 266.5 264.5 266.5 267.5 267.5 268.5 267 265.5 265 265.5 268 269 269 270 271 272 272 272 272 273 272.5 272.5 272 273 272.5 273.5 274 273.5 273.5 273.5 nan nan nan nan nan nan nan nan nan nan nan nan nan nan nan nan nan nan nan nan nan nan nan nan nan nan nan nan nan nan nan nan nan nan nan nan nan nan nan nan nan
263.5 267 266.5 267 267.5 268 267.5 267 265 266.5 266 264 267 267 266 266 265.5 266 267 267.5 267.5 267.5 266.5 265.5 265 268 269 269 270 270.5 271.5 271.5 272 272 272 272 272.5 272.5 273 273 273 272.5 273.5 273.5 273.5 273.5 273.5 nan nan nan nan nan nan nan nan nan nan nan nan nan nan nan nan nan nan nan nan nan nan nan nan nan nan nan nan nan nan nan nan nan nan nan nan nan nan nan nan
266.5 267.5 267.5 266.5 267.5 267.5 267.5 265.5 263.5 264.5 264.5 266 267 267 264 265 265 264 264 266.5 268 267.5 265.5 265.5 267.5 268.5 269.5 269.5 270.5 270.5 271.5 271.5 272 272 272 272 272.5 272.5 272.5 273 273 273 273 273.5 273.5 273.5 274 nan nan nan nan nan nan nan nan nan nan nan nan nan nan nan nan nan nan nan nan nan nan nan nan nan nan nan nan nan nan nan nan nan nan nan nan nan nan nan nan
