ecocropFuture/tif/c6/rcp585/ACCESS-CM2/tmean_9.asc
ncols        683
nrows        518
xllcorner    -87.691666666667
yllcorner    10.708333333333
cellsize     0.008333333333
NODATA_value  nan
[rows 38 to 75 of 518, columns 258 to 343 of 683]
nan nan nan nan nan nan nan nan nan nan nan nan nan nan nan nan nan nan nan nan nan nan nan nan nan nan nan nan nan nan nan nan nan nan nan nan nan nan nan nan nan nan nan nan nan nan nan nan nan nan nan nan nan nan nan nan nan nan nan nan nan 278.5 277.5 275 273.5 273.5 273 277.5 276 275 275 274 274.5 275 276 274.5 274.5 275.5 275.5 274.5 273.5 275 276.5 276.5 277.5 277.5
nan nan nan nan nan nan nan nan nan nan nan nan nan nan nan nan nan nan nan nan nan nan nan nan nan nan nan nan nan nan nan nan nan nan nan nan nan nan nan nan nan nan nan nan nan nan nan nan nan nan nan nan nan nan nan nan nan nan nan nan nan 278 278 276.5 275.5 272.5 272.5 276.5 275 274 274 273 273.5 273 275 274 275 275.5 276.5 276.5 276.5 276.5 277 277.5 277.5 277.5
nan nan nan nan nan nan nan nan nan nan nan nan nan nan nan nan nan nan nan nan nan nan nan nan nan nan nan nan nan nan nan nan nan nan nan nan nan nan nan nan nan nan nan nan nan nan nan nan nan nan nan nan nan nan nan nan nan nan nan nan nan 277.5 278.5 276.5 271.5 268 271 276 273 274 274 274 274 274 274 275 274.5 275.5 276.5 275.5 276.5 276.5 276.5 276.5 276.5 277
nan nan nan nan nan nan nan nan nan nan nan nan nan nan nan nan nan nan nan nan nan nan nan nan nan nan nan nan nan nan nan nan nan nan nan nan nan nan nan nan nan nan nan nan nan nan nan nan nan nan nan nan nan nan nan nan nan nan nan nan nan 277 277.5 274.5 266 266.5 272.5 275.5 273 274 274 274 274 274.5 274.5 275 275.5 275.5 275.5 274 275 276 276 276 276 276
nan nan nan nan nan nan nan nan nan nan nan nan nan nan nan nan nan nan nan nan nan nan nan nan nan nan nan nan nan nan nan nan nan nan nan nan nan nan nan nan nan nan nan nan nan nan nan nan nan nan nan nan nan nan nan nan nan nan nan 277.5 277.5 277 277 272 267.5 271 274 274.5 273 274 273.5 273 273 274 273.5 274.5 275 275.5 275.5 274.5 274.5 275 275.5 275.5 276 276
nan nan nan nan nan nan nan nan nan nan nan nan nan nan nan nan nan nan nan nan nan nan nan nan nan nan nan nan nan nan nan nan nan nan nan nan nan nan nan nan nan nan nan nan nan nan nan nan nan nan nan nan nan nan nan nan nan nan 276.5 276.5 272.5 273.5 275.5 272.5 272.5 274.5 273.5 274 273 273 274 273 274 274.5 274.5 275 275 275.5 275.5 275.5 275.5 275.5 275.5 276 276 275
nan nan nan nan nan nan nan nan nan nan nan nan nan nan nan nan nan nan nan nan nan nan nan nan nan nan nan nan nan nan nan nan nan nan nan nan nan nan nan nan nan nan nan nan nan nan nan nan nan nan nan nan nan nan nan nan nan nan 276.5 276.5 273.5 274.5 272.5 274 274.5 271.5 273 274 273 273 274 273.5 273.5 272.5 272 272.5 273.5 275.5 275.5 275.5 275.5 275.5 276 276 275.5 274.5
nan nan nan nan nan nan nan nan nan nan nan nan nan nan nan nan nan nan nan nan nan nan nan nan nan nan nan nan nan nan nan nan nan nan nan nan nan nan nan nan nan nan nan nan nan nan nan nan nan nan nan nan nan nan nan nan nan nan nan 276.5 276.5 276.5 275.5 276 273.5 271.5 274 274.5 274 272 273 273 274 273.5 272.5 274 273.5 272.5 273.5 275 274.5 274.5 275.5 275.5 275 274
nan nan nan nan nan nan nan nan nan nan nan nan nan nan nan nan nan nan nan nan nan nan nan nan nan nan nan nan nan nan nan nan nan nan nan nan nan nan nan nan nan nan nan nan nan nan nan nan nan nan nan nan nan nan nan nan nan nan nan nan 273.5 276.5 276.5 274.5 273.5 274.5 274 275 274 273 273 273 273.5 272.5 271.5 273.5 271.5 272.5 274.5 273.5 273.5 273.5 275 275 274.5 273
nan nan nan nan nan nan nan nan nan nan nan nan nan nan nan nan nan nan nan nan nan nan nan nan nan nan nan nan nan nan nan nan nan nan nan nan nan nan nan nan nan nan nan nan nan nan nan nan nan nan nan nan nan nan nan nan nan nan nan nan nan 276.5 275.5 274 274.5 274.5 273.5 275 274 273 272.5 272 273 272.5 272.5 271.5 271.5 273.5 274.5 272.5 273 272.5 274 274.5 274 273
nan nan nan nan nan nan nan nan nan nan nan nan nan nan nan nan nan nan nan nan nan nan nan nan nan nan nan nan nan nan nan nan nan nan nan nan nan nan nan nan nan nan nan nan nan nan nan nan nan nan nan nan nan nan nan nan nan nan nan nan 276.5 276.5 274.5 276 276 274.5 273.5 275 272 270 271 271.5 272.5 272 271.5 270.5 272.5 273.5 273.5 272.5 272.5 273 272 274 274 275
nan nan nan nan nan nan nan nan nan nan nan nan nan nan nan nan nan nan nan nan nan nan nan nan nan nan nan nan nan nan nan nan nan nan nan nan nan nan nan nan nan nan nan nan nan nan nan nan nan nan nan nan nan nan nan nan nan nan nan 277 276.5 276.5 277 276.5 275.5 274.5 274 274 270 270 271 272 272 272 270.5 271.5 272.5 273.5 273.5 272.5 272 273.5 274.5 275 275 275
nan nan nan nan nan nan nan nan nan nan nan nan nan nan nan nan nan nan nan nan nan nan nan nan nan nan nan nan nan nan nan nan nan nan nan nan nan nan nan nan nan nan nan nan nan nan nan nan nan nan nan nan nan nan nan nan nan nan nan nan 273 275.5 277 276.5 276 275.5 275.5 273 272 271 271 272 272 270.5 269.5 270.5 272.5 272.5 273.5 273.5 274 275 275 275 274 276
nan nan nan nan nan nan nan nan nan nan nan nan nan nan nan nan nan nan nan nan nan nan nan nan nan nan nan nan nan nan nan nan nan nan nan nan nan nan nan nan nan nan nan nan nan nan nan nan nan nan nan nan nan nan nan nan nan nan nan nan nan 277.5 276.5 276.5 276.5 276.5 276 275 274 272 272 273 272 269 269.5 271.5 272.5 272.5 273.5 274.5 275 275.5 276 276 276 276
nan nan nan nan nan nan nan nan nan nan nan nan nan nan nan nan nan nan nan nan nan nan nan nan nan nan nan nan nan nan nan nan nan nan nan nan nan nan nan nan nan nan nan nan nan nan nan nan nan nan nan nan nan nan nan nan nan nan nan nan 277 276.5 275.5 275.5 274.5 275.5 275.5 273 273 272.5 273.5 272.5 271 269.5 270.5 271.5 273.5 272.5 274.5 275 275.5 275.5 275.5 275.5 276 276
nan nan nan nan nan nan nan nan nan nan nan nan nan nan nan nan nan nan nan nan nan nan nan nan nan nan nan nan nan nan nan nan nan nan nan nan nan nan nan nan nan nan nan nan nan nan nan nan 278 277.5 277.5 nan nan nan nan nan nan nan nan 277.5 276.5 275 275.5 274 273 276 275.5 274.5 273.5 273.5 271.5 272 272 271 271.5 272.5 273.5 274.5 274.5 274.5 275 275.5 276 275 275 275
nan nan nan nan nan nan nan nan nan nan nan nan nan nan nan nan nan nan nan nan nan nan nan nan nan nan nan nan nan nan nan nan nan nan nan nan nan nan nan nan nan nan nan nan nan nan 277 277 276.5 276 274 277.5 nan nan nan nan nan nan 277.5 277.5 274.5 274 273.5 273 275 276.5 275.5 274.5 274.5 273.5 272 272 272.5 272.5 273 273.5 274 274.5 274.5 274.5 275 275 274 273 275 275
nan nan nan nan nan nan nan nan nan nan nan nan nan nan nan nan nan nan nan nan nan nan nan nan nan nan nan nan nan nan nan nan nan nan nan nan nan nan nan nan nan nan nan nan nan nan 277 278 276.5 276 274 276.5 276.5 nan nan nan nan 277.5 276.5 275.5 273 272 273 274 275.5 276.5 274.5 273 271.5 272.5 272 271.5 270.5 272.5 273.5 274.5 274.5 274.5 275 275 274.5 272.5 275 275 275 274.5
nan nan nan nan nan nan nan nan nan nan nan nan nan nan nan nan nan nan nan nan nan nan nan nan nan nan nan nan nan nan nan nan nan nan nan nan nan nan nan nan nan nan nan nan nan nan nan 277 277 275.5 274.5 274 275.5 277.5 276.5 277.5 276.5 276.5 275.5 275 274 272 272.5 274.5 275.5 275.5 274.5 271.5 269.5 271 271 270.5 272 273 274 274.5 274.5 274.5 274.5 274 272 274 275 274.5 275 274.5
nan nan nan nan nan nan nan nan nan nan nan nan nan nan nan nan nan nan nan nan nan nan nan nan nan nan nan nan nan nan nan nan nan nan nan nan nan nan nan nan nan nan nan nan nan nan nan 277 277 275.5 271.5 275 275.5 275.5 276.5 276.5 275.5 276 275 274 273 271 272 274 274.5 274.5 274.5 273.5 273.5 273.5 270 272 273 273.5 274 274.5 273.5 273.5 273.5 273 274 274 275 275 274.5 272.5
nan nan nan nan nan nan nan nan nan nan nan nan nan nan nan nan nan nan nan nan nan nan nan nan nan nan nan nan nan nan nan nan nan nan nan nan nan nan nan nan nan nan nan nan nan nan nan 277.5 276 274.5 270 275.5 274.5 273.5 274.5 275 276 275 274 272 270 270.5 273 273.5 274.5 274.5 274.5 272.5 272.5 271.5 271.5 273.5 274 274 274 274.5 273.5 272.5 272.5 273.5 273 274 275 274 272.5 268.5
nan nan nan nan nan nan nan nan nan nan nan nan nan nan nan nan nan nan nan nan nan nan nan nan nan nan nan nan nan nan nan nan nan nan nan nan nan nan nan nan nan nan nan nan nan nan nan 277 276.5 274.5 274.5 275 273.5 271.5 271.5 274.5 275 274 272 267.5 266.5 269 272.5 273.5 275.5 275 273.5 270.5 271.5 271.5 272.5 273.5 274 274 274 273.5 273.5 272.5 272 272.5 274 275 274 273 269.5 267.5
nan nan nan nan nan nan nan nan nan nan nan nan nan nan nan nan nan nan nan nan nan nan nan nan nan nan nan nan nan nan nan nan nan nan nan nan nan nan nan nan nan nan nan nan nan nan nan nan 277 275.5 273.5 274.5 271.5 267 271.5 275 274 273 268 267 269 271.5 273.5 273.5 274.5 273.5 272.5 272 272.5 273 273.5 274 273 273 273 272.5 273.5 273 273 274 274 274 273.5 272.5 271.5 270.5
nan nan nan nan nan nan nan nan nan nan nan nan nan nan nan nan nan nan nan nan nan nan nan nan nan nan nan nan nan nan nan nan nan nan nan nan nan nan nan nan nan nan nan nan nan nan nan 276.5 276.5 274 271.5 273.5 270 270 274.5 274.5 273 271 265 265.5 270.5 273 273.5 274 274.5 275 274.5 274 273.5 273.5 274 273.5 273 273 274 273.5 273.5 273.5 274 274 273 273 270 270 268.5 268.5
nan nan nan nan nan nan nan nan nan nan nan nan nan nan nan nan nan nan nan nan nan nan nan nan nan nan nan nan nan nan nan nan nan nan nan nan nan nan nan nan nan nan nan nan nan nan nan 277 276 273.5 273.5 273.5 272.5 273.5 274.5 274 273 271 269.5 270.5 272.5 272.5 273.5 273.5 273.5 274.5 274.5 274.5 274.5 274.5 274 273.5 273 273 273 273.5 273.5 273 272 273 274 272 267.5 268.5 264 263.5
nan nan nan nan nan nan nan nan nan nan nan nan nan nan nan nan nan nan nan nan nan nan nan nan nan nan nan nan nan nan nan nan nan nan nan nan nan nan nan nan nan nan nan nan nan nan nan 277 274.5 272.5 273.5 273.5 273.5 274.5 274 274 272 271 270.5 270.5 271 272.5 272.5 273 272.5 273.5 273.5 273.5 274.5 274 273.5 273 273 273 273.5 273.5 272.5 269.5 269.5 272.5 272.5 271 265.5 265.5 263.5 263.5
nan nan nan nan nan nan nan nan nan nan nan nan nan nan nan nan nan nan nan nan nan nan nan nan nan nan nan nan nan nan nan nan nan nan nan nan nan nan nan nan nan nan nan nan nan nan 277 274 273.5 273.5 270.5 270.5 274.5 274 273 273.5 273 272 269.5 268 270.5 272 271.5 271.5 270.5 272.5 273.5 274 274.5 274 274 273 273 273 272.5 272.5 271.5 269.5 264.5 270 270 269 267.5 269.5 268.5 266
nan nan nan nan nan nan nan nan nan nan nan nan nan nan nan nan nan nan nan nan nan nan nan nan nan nan nan nan nan nan nan nan nan nan nan nan nan nan nan nan nan nan nan nan nan 277 276 273 273.5 273.5 271.5 273 274.5 272 271.5 273 273 270.5 269 268 270.5 271.5 270.5 271.5 272.5 273 273.5 274.5 274 274 273 273 273 272.5 270.5 269.5 269.5 268.5 267 269 268.5 269.5 268.5 266.5 267.5 262.5
nan nan nan nan nan nan nan nan nan nan nan nan nan nan nan nan nan nan nan nan nan nan nan nan nan nan nan nan nan nan nan nan nan nan nan nan nan nan nan nan nan nan nan nan 276 276 273 271.5 272.5 269.5 271.5 274 274 272 271 272 272 268.5 267.5 267.5 269.5 268.5 270.5 272.5 273 273.5 274 274.5 274 273 273 273 272 271 269.5 268.5 266 266 267.5 267 262.5 267 266.5 264.5 266.5 262
nan nan nan nan nan nan nan nan nan nan nan nan nan nan nan nan nan nan nan nan nan nan nan nan nan nan nan nan nan nan nan nan nan nan nan nan nan nan nan nan nan nan nan 276.5 276 275 271 271.5 270.5 271.5 273.5 273.5 272 270 269.5 271.5 270.5 270.5 269.5 267.5 268.5 268.5 271.5 271.5 272.5 273.5 274 274 273 273 272 271.5 270 268.5 264.5 262 258 263.5 261 260 258 265.5 263 265.5 267.5 260
nan nan nan nan nan nan nan nan nan nan nan nan nan nan nan nan nan nan nan nan nan nan nan nan nan nan nan nan nan nan nan nan nan nan nan nan nan nan nan nan nan nan nan 276.5 276 273 271 270.5 269.5 272.5 274 273 270 269 270 270.5 268.5 269.5 269 268.5 269.5 270.5 270.5 271 272.5 273 273.5 273.5 273 272 271 270 267.5 267.5 262.5 258 257 260 255.5 258 263 264 261 266 263.5 254.5
nan nan nan nan nan nan nan nan nan nan nan nan nan nan nan nan nan nan nan nan nan nan nan nan nan nan nan nan nan nan nan nan nan nan nan nan nan nan nan nan nan nan 276.5 276.5 275 271 270.5 268.5 272 273 273 270.5 268 268 270 268 269.5 268.5 267 268.5 266 266.5 270 271.5 272.5 273 274 273 272.5 270 268.5 268 266.5 264 263 261.5 262 257.5 253.5 262 264 262 257.5 262.5 258.5 255
nan nan nan nan nan nan nan nan nan nan nan nan nan nan nan nan nan nan nan nan nan nan nan nan nan nan nan nan nan nan nan nan nan nan nan nan nan nan nan nan nan nan 276 275.5 271 270 269.5 270.5 271.5 273 272 270 266 268 266.5 267 269.5 268.5 266.5 265.5 264.5 267.5 270.5 272.5 273 273.5 273.5 273 272.5 268.5 266.5 266.5 262.5 263.5 264 265 264 262 260 265 260 260.5 256.5 260.5 263.5 261.5
nan nan nan nan nan nan nan nan nan nan nan nan nan nan nan nan nan nan nan nan nan nan nan nan nan nan nan nan nan nan nan nan nan nan nan nan nan nan nan nan nan 274.5 276 276 270 268.5 271.5 271.5 272.5 272 271 267 264 264.5 267 268.5 269.5 266.5 266 268 268.5 269 271.5 272.5 273.5 273 273.5 273.5 272 270.5 266.5 265.5 264.5 264.5 265.5 266.5 264 264 265 263 257.5 262.5 255.5 259.5 263.5 261.5
nan nan nan nan nan nan nan nan nan nan nan nan nan nan nan nan nan nan nan nan nan nan nan nan nan nan nan nan nan nan nan nan nan nan nan nan nan nan nan nan nan 275.5 276.5 274.5 271 268 270.5 272.5 272 271 270 265 264.5 266.5 267.5 266.5 267.5 261.5 265.5 268.5 270.5 271 272.5 272.5 273.5 272.5 273 273 269 271 269 266.5 266.5 264.5 266.5 266.5 264.5 264 261 260 260 264 257.5 258.5 262.5 260.5
nan nan nan nan nan nan nan nan nan nan nan nan nan nan nan nan nan nan nan nan nan nan nan nan nan nan nan nan nan nan nan nan nan nan nan nan nan nan nan nan nan 276 276 274 272 272 272.5 272.5 271 268 267 265.5 264 263.5 264.5 265.5 267.5 264.5 267.5 268.5 270.5 271.5 272 272.5 273.5 273 273.5 272 267.5 270 268 266.5 267.5 265.5 266.5 267.5 266 267 259 260 266 264.5 260 261.5 259.5 261.5
nan nan nan nan nan nan nan nan nan nan nan nan nan nan nan nan nan nan nan nan nan nan nan nan nan nan nan nan nan nan nan nan nan nan nan nan nan nan nan nan 276.5 275.5 275 273 273 273 273.5 272.5 269 265 266 267 262.5 261.5 265.5 267.5 268.5 268.5 267.5 268 270.5 272 272.5 272.5 273.5 273 273 271 270 268 267.5 266 268 265.5 267.5 267 267.5 266 261 264 266 261.5 260.5 261 256.5 261
nan nan nan nan nan nan nan nan nan nan nan nan nan nan nan nan nan nan nan nan nan nan nan nan nan nan nan nan nan nan nan nan nan nan nan nan nan nan nan nan 276 275 273 272 272.5 274 273.5 271.5 268 266 268 265.5 261.5 261 266.5 267.5 268.5 270.5 269.5 270.5 271.5 272.5 272.5 272.5 272.5 273 272.5 270 267 267 267.5 267.5 268.5 268.5 268.5 267.5 267.5 263.5 262.5 265 266 262 260.5 258.5 255 260.5
