ecocropFuture/tif/c6/rcp585/ACCESS-CM2/tmean_12.asc
ncols        683
nrows        518
xllcorner    -87.691666666667
yllcorner    10.708333333333
cellsize     0.008333333333
NODATA_value  nan
[rows 418 to 455 of 518, columns 348 to 434 of 683]
261.5 263.5 263.5 262.5 261.5 260.5 259.5 259 258 258.5 259 258.5 259 259.5 260 261 261 260.5 260.5 260 259.5 259.5 259.5 257.5 258.5 258.5 258 257 256.5 256.5 255.5 256 257 257 256 255 255 256 256 256 257 258 258 258.5 258 259.5 260.5 260.5 260.5 260.5 260.5 259.5 258.5 257 258 258 256.5 258 259.5 260 260 259.5 259.5 259.5 260 258.5 257.5 257.5 260.5 261.5 260.5 256.5 256 258 261.5 262 261 261.5 262 262 262 263 263 262.5 262 257.5 259.5
260.5 261.5 262.5 262.5 261.5 261.5 260 259 259 257.5 259 258 258 259 260 260 261 260 260 260 259 259 259 259 259.5 259 258 257.5 256 256 256 256 257 257 256 256 256 255 256 257 258 258 258 258.5 260 260.5 260.5 261 260.5 261 260.5 260 259 259 258.5 258 259 258 259 261 260 261 260.5 260 260 258 258 257.5 260.5 261.5 261.5 260.5 260.5 262.5 261.5 258.5 255.5 257.5 260 262 262 262 263 263 261 259.5 260.5
263.5 260.5 262.5 262.5 262 261.5 259.5 260 260 260 258 257 259 260 259 260 260.5 260 260 259 257 256 258 258.5 259 258 257 255 256 257 257.5 257 257 257 256 257 255 257 257 257.5 258 256 257 259 260 259.5 259.5 260 260.5 260.5 260.5 259.5 258 259 259.5 260 259 258 260 261 260 260 261 261 261.5 260.5 258.5 259.5 259.5 260.5 261.5 262.5 262.5 261.5 257.5 255.5 256 260 261 261 260 260 261 262 261.5 261.5 261.5
263 262.5 262.5 262.5 261.5 261.5 261.5 261.5 260.5 259.5 258 259 260 260.5 259.5 258.5 259 260 257.5 257 256 256 257.5 257 258 257 256.5 255.5 256 256.5 257 257.5 257 258 258 257 258 257 257 257.5 257 257 258 259 259 259.5 259.5 259.5 259.5 259.5 260.5 259.5 258.5 259.5 260 260 260 260 261 261 259 257 259 260.5 260 261.5 260.5 260.5 261.5 261.5 261 262.5 260.5 257.5 254.5 256 259 260 261 259.5 258 258.5 259 259.5 260.5 261.5 260.5
261.5 263 262 260.5 259 261.5 262.5 262.5 262.5 261 261.5 260.5 260.5 260.5 259.5 259.5 258 258.5 257.5 256.5 257.5 256.5 255.5 257.5 258 257 257.5 256 256 256 257 257 256 258 258 258 258.5 257 259 258 258 259 258.5 258 259 259.5 259.5 260.5 260.5 259.5 260 260.5 259.5 260.5 260.5 261 261 261 261 259 257 257 259 260.5 260.5 261 261.5 261.5 259.5 261.5 262 259.5 259.5 258.5 256.5 258.5 259 260.5 261.5 260 259.5 259 259 259.5 259.5 261 260.5
261.5 263 263 262 260.5 262 262.5 262.5 262 261.5 262.5 261.5 260.5 261 260.5 258.5 258.5 257.5 258.5 258.5 257 255.5 256.5 257.5 257.5 258 257 256 255.5 255 256.5 256 257 258 258.5 258.5 259 259 258 257 257 256 256.5 259 259.5 259.5 260.5 260.5 260.5 260.5 260 260.5 261 260.5 260 260 260 260 260.5 260 259.5 259 258.5 259 257.5 258 257.5 258.5 257.5 261.5 260.5 255.5 254.5 256.5 257.5 258.5 260 260.5 261 260 259 259.5 260 260.5 261.5 261.5 260
262 263 263 263 262 263 263 262.5 262.5 262 262.5 262 262 262 261 260.5 259.5 259.5 259.5 256.5 253.5 254.5 255.5 257.5 256.5 257.5 256 255 255 255.5 256 255 257 257.5 258 257.5 258 258.5 257.5 256.5 257.5 257.5 258.5 259.5 260 259.5 259.5 259.5 260 261 261 261 260.5 259.5 258.5 260 259 258 260 260 260 259.5 257 255.5 253.5 254.5 257.5 259.5 260.5 262 260.5 256.5 253.5 250.5 254 256.5 259 260.5 260.5 259.5 259 259 256.5 257 260 260.5 259.5
263 263.5 263.5 263 263 263 262 262.5 262.5 262 262 261.5 262 262 262 261.5 261 260.5 257.5 254 256 257 254 255.5 257.5 257 254.5 254.5 254.5 255.5 255.5 255 256 256 257.5 258 257.5 257.5 256.5 257.5 258.5 258.5 258 259.5 259.5 259 258.5 259.5 260 260 261 260 260 258.5 258.5 259.5 258.5 258.5 259 259 259 257 256 254 253.5 255 255.5 257.5 256.5 260.5 260.5 258.5 256.5 251.5 254.5 258.5 258.5 259.5 260.5 259.5 258.5 258 255.5 258 260.5 260.5 258
263.5 263.5 263.5 263 263 262 261 261 261 260 260 260 261 262 261.5 261 260 259.5 258.5 258 258.5 257.5 257 254.5 254.5 255.5 255.5 254.5 254.5 255 254.5 254.5 255.5 256.5 257 257 255.5 256.5 257.5 257.5 257.5 257.5 257.5 258 259.5 258.5 258.5 259 260 260 260.5 260.5 260 259 258.5 259.5 258.5 258.5 258 257 257 256 255 255 256 255.5 254.5 256 255.5 260.5 261.5 258.5 258.5 256.5 257 255.5 256.5 259 258.5 258.5 259 257.5 254.5 257.5 259 258.5 257.5
263.5 263.5 263.5 263 263 263 261 260 261 260 260 260 261 261 261 260 259.5 258.5 258 256.5 258 259 259 257.5 256 253.5 254.5 254.5 254.5 253.5 253.5 253.5 255.5 256.5 254.5 256 255.5 257.5 257.5 256.5 257.5 255.5 254.5 256.5 257.5 258.5 258.5 259 259.5 258.5 257.5 259 259.5 258.5 258.5 258.5 257.5 257 255.5 254 254.5 257 258 259 257 258 259 258 259 260.5 261.5 260.5 260.5 260 258 256.5 256.5 257 256 257.5 258.5 257.5 255.5 254.5 256.5 255 256.5
263.5 263.5 263.5 263 263 263 262 260 260 260 260 259 260 261 261 260 260 258 258 256 258 258 258.5 259 258.5 258.5 258.5 257.5 254.5 251.5 255.5 255.5 256.5 254.5 253.5 255.5 257.5 257.5 256.5 256.5 257.5 255 254.5 255.5 255.5 256.5 258 259 258.5 257.5 258.5 259 258.5 258.5 257.5 255.5 255 255 252 252 252 256 258 260 259 260 260 259 260 261.5 261.5 258.5 259 259 259 257 256.5 253.5 251.5 256 257.5 258 256.5 254 253 252 254
263.5 263.5 263.5 263.5 262 262.5 262 261 261 260 258.5 258 258 260 261 261 258.5 257.5 256.5 256.5 257 258.5 258.5 257.5 260 260.5 258.5 256.5 256.5 257.5 256.5 258.5 256.5 251.5 251.5 255.5 256.5 255.5 255.5 256.5 257.5 256.5 254.5 252.5 254.5 256.5 258.5 258.5 258.5 258.5 258 257.5 254.5 256 254.5 254 254.5 254 253 254 255 255 257 259 260.5 261 261.5 262 261 261 259.5 257.5 256 255 252.5 251.5 250.5 253.5 250.5 255.5 257 257 255 253.5 250 247.5 252
263.5 263.5 263.5 263.5 262 260.5 261.5 261 259.5 260 260 259 261 261.5 262 261 260 260.5 260 258.5 254.5 256.5 257.5 258.5 259.5 260.5 259.5 258.5 258.5 258.5 258.5 257.5 256.5 255.5 253.5 252.5 254 255.5 256.5 256.5 256.5 257 255.5 254.5 254.5 256.5 257.5 257.5 258 257.5 257.5 255.5 253.5 253 252.5 253.5 254 255.5 255.5 257 258 258 258 260 260.5 261 261 261.5 260 260 259 258.5 257.5 255 249.5 243.5 244 247.5 248.5 252.5 255 256 254 250 247.5 245.5 247
264 263.5 262.5 261.5 262.5 260.5 258 259 260.5 262 262.5 261.5 262 262 262 262 262 261.5 260.5 258 256 257.5 259 259.5 260.5 260.5 260 259.5 260 258.5 258.5 259 258.5 257.5 256.5 255 253.5 254 254.5 255.5 256 256.5 256.5 255.5 253.5 254.5 256.5 257.5 258 257.5 255.5 254 252 250.5 251 252.5 253.5 256 256 256 257 259 259.5 259.5 260.5 261 260.5 260.5 259 257.5 258.5 257 255.5 251.5 247 242.5 245.5 249 247 249 253 253 254 248.5 249.5 250 249
263.5 262.5 261.5 260.5 261.5 260 260.5 261 262 263 263 262.5 261 261 260.5 261 262 261 261 260 260 259 259.5 260 261 261 260.5 260.5 259 258 257 257 255.5 254.5 255.5 255.5 254.5 253 254.5 255.5 255.5 255.5 255.5 255.5 253 254.5 257 257 257.5 257.5 253.5 251.5 252 251.5 252.5 252.5 253.5 255.5 255 255.5 258 259.5 260 260 260 260.5 260 261 259 259 255.5 253.5 250.5 249 246 246.5 248.5 248.5 244.5 245.5 249.5 251 250 250 254 254 254
261.5 259.5 261.5 261.5 260.5 261.5 261.5 262.5 263 263.5 263 262.5 262 262 261.5 262 262.5 262.5 262 261.5 260 258 259 261 260 260 260 260 259 259 257 255.5 252 253 254 255 254.5 253.5 255.5 255.5 254.5 254.5 255 255.5 253.5 253.5 256 253.5 255.5 255 253.5 252 252.5 253.5 254.5 254 254.5 255.5 255 257.5 258.5 259.5 259.5 259 260 257 257 260 258.5 257 251 248.5 245 245 246.5 245.5 245.5 244.5 245.5 249.5 252 254 253 250 255 256 256
261.5 261 260.5 260.5 258 261.5 262.5 263 263.5 263 263 263 262.5 262 261.5 262.5 262.5 262 262 260.5 260.5 260.5 260.5 261 260.5 260 260 259 259 259 259 258 256.5 255.5 256 255.5 255.5 255 256 254.5 255.5 254.5 253.5 254.5 254.5 254.5 254.5 253.5 253.5 252.5 253.5 252.5 253 254 254.5 254.5 253.5 255.5 257.5 257.5 257 255.5 257 258.5 256.5 254 254 259 259.5 253.5 249.5 249.5 246 245 247 248.5 247.5 249 248.5 251.5 254 255.5 256.5 256 257 258 258.5
263.5 263 261.5 260.5 258.5 261.5 263 263.5 263.5 263.5 263.5 263.5 262.5 262.5 262.5 263 262.5 262.5 262.5 261.5 260.5 261.5 261 260.5 260.5 260.5 259.5 259 258.5 258.5 258.5 258 257 257 256 256 257 255.5 256.5 256.5 256.5 255 252.5 253.5 254 253.5 253.5 253.5 253.5 254.5 253.5 252 253.5 254.5 255 255.5 254 255 256.5 256 255.5 255.5 255.5 257.5 257 255 253 258 260.5 257 253 251 249 250.5 251 252 250 252.5 251.5 252.5 253 254 252 250.5 251.5 253 254.5
263.5 263.5 261.5 262.5 261.5 263 263 262.5 263.5 263.5 263.5 262.5 261.5 262.5 262.5 263.5 262.5 263.5 262.5 261.5 261.5 261.5 261 260.5 260.5 260.5 258.5 258.5 258.5 257.5 257.5 257 257 256 255 257 257 256 258 257.5 255.5 254.5 253.5 253.5 254 254.5 254 254.5 254.5 254.5 253.5 253 254 253 254 256 255 255 256 257 256.5 256.5 255.5 256 257 254 252.5 257.5 260 259.5 257.5 255.5 254.5 253 254 253 253.5 252.5 251.5 251.5 250 248 247.5 246.5 244 247.5 251
262.5 264 261.5 262 263.5 263.5 263.5 263.5 263.5 264 263.5 263.5 262.5 262.5 262.5 262.5 263.5 262.5 262.5 262 261.5 262 262 261.5 261.5 260 259.5 259.5 258 258.5 257.5 256 255.5 255 257 258 257 258 258.5 257 256.5 255.5 253.5 253 254 253.5 254 254.5 254 254.5 254.5 254.5 254 254 254.5 256 256.5 256 257 257.5 257.5 257.5 257.5 256 256 257 257.5 259 260.5 259.5 257.5 255.5 255.5 253 250 249.5 252.5 249.5 249.5 248.5 250 249 248 246 244 251.5 255.5
263.5 264 263.5 261 262.5 264 264 264 264 264 263.5 263.5 263 263.5 263 262.5 263 263 263 261.5 261 262 262 261 260.5 260.5 260.5 259.5 259.5 258.5 256.5 257.5 255 256.5 258 257 259 259 257 256.5 257 255.5 255 254 254 254 255 254.5 253.5 253.5 252.5 252 254 255 255 255 255 256 257 257 258 257.5 256.5 256 258 258 259 259.5 259 259.5 258.5 257.5 256.5 252 250 251.5 252 252.5 252.5 251.5 249.5 248 245 242.5 247.5 253.5 252.5
264 264.5 264 263 263 264 264 264 264 263.5 263.5 263.5 263.5 263.5 263.5 263.5 263 263 263 262.5 262 262.5 262 262 261 259.5 259.5 258.5 258.5 258 257.5 258.5 258 258.5 257.5 257 259 258 256 256 257 257 256 256 255 257 256 250.5 250.5 253 252.5 252.5 254 254.5 255 256 256 257 257.5 257.5 257.5 257.5 257 256.5 257 256.5 259 257.5 257.5 257.5 256.5 256 253 248 246.5 246.5 247.5 248.5 251.5 250.5 249 247.5 245.5 243.5 244.5 247.5 250.5
264.5 264.5 264.5 264 264 264 264 264 264 264 263 263.5 263.5 263.5 263.5 263.5 263 263 263 261.5 262 262.5 262 262 262 260.5 261 260 259 259.5 260 260.5 260.5 259.5 258.5 259 259.5 259.5 257.5 257 258 258 257 257 257 258 255 254 252.5 254 254.5 253.5 254 255 256 256.5 257 257 257 257 257 256.5 255.5 255.5 255.5 257.5 259 259 258.5 258.5 255.5 253.5 251.5 248 245 247 250 251.5 249.5 250.5 251 250.5 247 242.5 238 241 245.5
265 265 265 264.5 264 263.5 263.5 263.5 264 264 263 262.5 263 263.5 263.5 263.5 263.5 263 263 262.5 262.5 262.5 262.5 262 262 262 261.5 261 260.5 260.5 260.5 261 260.5 259.5 259.5 260.5 259.5 258.5 257.5 258 259 258 258.5 258 259 258 257 257 256 255.5 254.5 254.5 254 256 257 254 254 257 257 257 256.5 255.5 254.5 256.5 258.5 259 258.5 258 257 256.5 256.5 251 247.5 245 243 248 247.5 248.5 246.5 244.5 245 248 246.5 244.5 240.5 237.5 237.5
265 265 264.5 264 264 264 263.5 263 263 263 263 263 263 261.5 262 261.5 263 263 263 263 263 263 262 262.5 262 262 261 261 261 261.5 262 261 259.5 258 258.5 260.5 258.5 258 257 259 259.5 259 259 259.5 259 259 258 257.5 256 255.5 255 255 255 256 255 255 256 256 257 257 256.5 256.5 257.5 258 258.5 258.5 258 255 252 251 254.5 250.5 249 245 242 244.5 245.5 245.5 241.5 241.5 243 246 247 245 239 233.5 232
265 265 264 264 264 263.5 264 263 262 261 262 263 261.5 261 262 260.5 261 263 263 263 263 263 263 262 261 261 261 261 261 262 261 261 260 258.5 259.5 259.5 259.5 256.5 256 259.5 259 259 260 259.5 258.5 259 258.5 258 257 257 256 255 254.5 255 253 255 256 256.5 256.5 256 256.5 257.5 257.5 257.5 257.5 256 254.5 251 249.5 251 253.5 253 250.5 248 242.5 244 245.5 243.5 239.5 237.5 243 244.5 246 244 240 235.5 236.5
264.5 264 263 264 264 264 264 263.5 263 261 259 259.5 260.5 260 259.5 258.5 260 263 263 263 263 263 263 262 261 259 261 262 262 262 261.5 261 259.5 260 261 260 258 257 258.5 259.5 259.5 259.5 259.5 259.5 259.5 259.5 259 258.5 258 257 256 254.5 255 255 255 256 256 256 256 257 257.5 256.5 256.5 257.5 257 255 252 251 249.5 249.5 250 252.5 248 246 242 241.5 244.5 243.5 241.5 243.5 245 244 244 244 238 231 237
264 264 261 263 264 264 264 264 263.5 263 260.5 260.5 259.5 256.5 257.5 259 261 262 263 263 263 263 262.5 262 262 262 262 262 261.5 261 261 261 261 261 260 259 257.5 258.5 259.5 260 260 260.5 260.5 260.5 259.5 259.5 259.5 258.5 257.5 254 255.5 255 253 253.5 254.5 255.5 256 256.5 256.5 256 255.5 254.5 255.5 256.5 254.5 253.5 253 250.5 248 248.5 251.5 253.5 251 245 241 240.5 242.5 240.5 238 246.5 247 248 247 243 238 233.5 240.5
264.5 264 263 260 263 264 264 264 263.5 263 262 262 260.5 259.5 258.5 258 260 259 263 263 262 263 262.5 262.5 262 262 262.5 261.5 261.5 261 259.5 260 261 260 259 259 259 258.5 260 260.5 260 261 260.5 260 260 259.5 258 258 257.5 256 256 253 253 254.5 255 256 256 256.5 255.5 254.5 254.5 254.5 254.5 255.5 253.5 251.5 252 249 246.5 246.5 249.5 251 246 240 237 238 238.5 238 238.5 248.5 250 249.5 247 242 242 243 247
264.5 264 261 260 262 263 263.5 264 263 262 262 261 261 259.5 258.5 258.5 258 257 261 262.5 262.5 262.5 262.5 262.5 262.5 262.5 262.5 262.5 261.5 260.5 260.5 261 261 260.5 259 259.5 260 260 260 261 260 261 260 260 260 259 255.5 252.5 254 256 253.5 253 254 254 255 255 255.5 254.5 254.5 254.5 254.5 252.5 252.5 253.5 251 250 249 246 246 247.5 248.5 246 245 241 237.5 238 237 240 243 249.5 253 251 247.5 243.5 250 251 253
264.5 264 263 261.5 262 263 263.5 263.5 263 261 260 258.5 259 258.5 258 257 256.5 257 260 262 262.5 262.5 262.5 262.5 262.5 262.5 262.5 262.5 262.5 261.5 261 261.5 260.5 258.5 259.5 260 260 259 258 260 261 261 260 260 258.5 257 252.5 251 251 252 251.5 253.5 253 253 254 255 254.5 254 253.5 254.5 254.5 252.5 250.5 249.5 248 246 246 246 248.5 248.5 246 244 240.5 239.5 240 240 242 243 248 252 257 257 254 251.5 256.5 259 259
264.5 264 264 262 262 263 263.5 263.5 263.5 262 259 255 257 258 257 257 257 256.5 258 260 262 262.5 262 262.5 262.5 262.5 262.5 262.5 262.5 262 262 262 261 260 260.5 261 260 256 254 258 260 261 260 260 259.5 258.5 252.5 251.5 252 251.5 253 253 252 252 253.5 254 254 253.5 253 253.5 252.5 251 250 248.5 246 246 246 247.5 246.5 248.5 245.5 243 244 242 243 244 245 248 253 256.5 259 259 259 259 260 259.5 258
264.5 264.5 264 260 260 263 263 263.5 264 263 260 258 258 258 255 256 256 257 258 258 259 261 261 262 261.5 261 261.5 262 262 262 262 261.5 261 259 260 260 258 255.5 257 259 260 261 260 259.5 258.5 258 256.5 254.5 255.5 256.5 256 254 252 251 254 255 255.5 254.5 255.5 254.5 251.5 249.5 248.5 246.5 245 245 244.5 245.5 247.5 246.5 245.5 245.5 245 246 245.5 246 250 255 257 258.5 259.5 259.5 260 260.5 260.5 258.5 258
264.5 264.5 264.5 263.5 264 264 262.5 263 263 263.5 263 262 261.5 260.5 258 256 257 258 258 258 257 258 260 260 260 258.5 260 261.5 262 262 262 261 259 261 261 261 259 258 259.5 260 261 261.5 261 259 258 256 257 258.5 258.5 258.5 257 254 252 255 256 256 257 255.5 255.5 254.5 251.5 249.5 249 246.5 244 245 245.5 246.5 247 243 241.5 240 242 243.5 244.5 249.5 252.5 256 257.5 259.5 259 258.5 259.5 260 260.5 259.5 259.5
265 264.5 264.5 264.5 264 264 264 263 263 263 263.5 264 263.5 262.5 260.5 258.5 257 258 258 257 256 258 258 255 257 256 259.5 260.5 262 262 261.5 260.5 260 261 260 261 261 259 260 260.5 261 261 261 260.5 259 259 259.5 260 259.5 258.5 258 257.5 256.5 257 257.5 258 257 256 256 254.5 252.5 250.5 247 245 244 244.5 246 246.5 246.5 245 243.5 243 242 244 247.5 253.5 257 258.5 259 259.5 258.5 257.5 259.5 259.5 259.5 259 257.5
264.5 264.5 264.5 264.5 264 264.5 264.5 263 263 262.5 263.5 264.5 263.5 262.5 260 259 258.5 257 259 260 258 260 259 256.5 253 253 257 261 261.5 261 259 260.5 261 260.5 260 261 260 260 260 260.5 260.5 261 262 261 260 260 259.5 260 259.5 258.5 259 258.5 258 258 259 259 258 257 256.5 255.5 253.5 249.5 247 246 244.5 245 245.5 245.5 245 243.5 243 243 245 250.5 253.5 256.5 255.5 256.5 259 258.5 258.5 258.5 258.5 259.5 259.5 258.5 254.5
264.5 264.5 264.5 264.5 265 264.5 264.5 264.5 264.5 264.5 264.5 264.5 263.5 262.5 260.5 259.5 259 259 259 260 261.5 261 261 260 253 252 256.5 261 262 261.5 261 261 260.5 259.5 261 261 260 259.5 259.5 260.5 261 260.5 261 261.5 260.5 260.5 259.5 259.5 259.5 259.5 259.5 258.5 258.5 258.5 258 257 257 257 257 255 250.5 247.5 247 246 245.5 245.5 246 245.5 243 241 243.5 248 251 253.5 255.5 255.5 257.5 257.5 255.5 255.5 257.5 258.5 258.5 258.5 256.5 256 254.5
264.5 264.5 264.5 264.5 264 264 264.5 264.5 264.5 264.5 264.5 264.5 263.5 263.5 260.5 260.5 258.5 261.5 261.5 261 262 262.5 262 258 252 256.5 260 261 261.5 261.5 261.5 261 260.5 259.5 259.5 260 259.5 259.5 259.5 256.5 259.5 261.5 261 261.5 260.5 260.5 260 259.5 260 260.5 259.5 259.5 259.5 259.5 258.5 258 257.5 256 256 255 252.5 248.5 245.5 245 245.5 246 247.5 246.5 241.5 243.5 244.5 248.5 251.5 254.5 253.5 253.5 253.5 251.5 250.5 252.5 254.5 257.5 256.5 256.5 252 251.5 252.5
