ecocropFuture/tif/c6/rcp585/ACCESS-CM2/tmean_9.asc
ncols        683
nrows        518
xllcorner    -87.691666666667
yllcorner    10.708333333333
cellsize     0.008333333333
NODATA_value  nan
[rows 266 to 303 of 518, columns 344 to 429 of 683]
263 264.5 266.5 266.5 267.5 267.5 265 266.5 268.5 269.5 269.5 268.5 268.5 268.5 268.5 268.5 268.5 268.5 268.5 268 269 270 269 269.5 270 269 269.5 269.5 269 269.5 269.5 269.5 269.5 270.5 269.5 270 270 269.5 270 270.5 270 270 270 270.5 270.5 271 271.5 272 271 271 271 271 270.5 271 271 270 271 270 269 270 271 271 271 272 271.5 270.5 271 271.5 271.5 271.5 271.5 271.5 271.5 271.5 271.5 271.5 271.5 271 271.5 270 270 269 269 269 268 268.5
264 266 266.5 267.5 266.5 266.5 267.5 268.5 269.5 270 268.5 268.5 268.5 268.5 269 269 268.5 269 269 268 269 269 270 270 270 269.5 269.5 269.5 269.5 269.5 269.5 269.5 269.5 269.5 269.5 270 270.5 270.5 270.5 270.5 270.5 270.5 270.5 270.5 270.5 271 271.5 271 271 271 271 271 271 270 270 270 270 270 270 271 270 271 271.5 271.5 271 270.5 271 271.5 271.5 271.5 270.5 271.5 271.5 271.5 271.5 271.5 271.5 271 271 270 269.5 269 268 268 268 268
265 267 267.5 266.5 265.5 265.5 267 268.5 269.5 270 269.5 269.5 269 268 268 269 269 268.5 269 268 269 269 270 270 270 270 269.5 270 270 270 269.5 268 268.5 269.5 270.5 270.5 270.5 270.5 269.5 269.5 270.5 270.5 271.5 271.5 271.5 271.5 271 270 270 271 271 270.5 270 270 270 270 269 269 269.5 270.5 270 270.5 271.5 271 270.5 270.5 270.5 270.5 270.5 271.5 270.5 271 271 271.5 270.5 270.5 270.5 270 270 269.5 269 268 268 268 268 267.5
265.5 267 266.5 265 263.5 263.5 263.5 267.5 269.5 270 270 269.5 269.5 266.5 265 268.5 269.5 269 269 269 269.5 269 270 270 270 270 270 270 270 270 269.5 269.5 269.5 270.5 270.5 270.5 270.5 270.5 270.5 270.5 270.5 270.5 271.5 271.5 270.5 270 270 270 270 270.5 270 270 270.5 269.5 269 269 269 268.5 270 270.5 270 270.5 271.5 270.5 270.5 270.5 270.5 270.5 271.5 271.5 271 270.5 271 270.5 270 270.5 270.5 270 269 269 268 268 268 268 268 268
266.5 267 266.5 265.5 264.5 264.5 264 267 269.5 270 270.5 269.5 270 268.5 268 269.5 269.5 269.5 269.5 269 270 270 270 270 270 270.5 270.5 270.5 270 269.5 269.5 268.5 270.5 271 270.5 271.5 271.5 271.5 271.5 271.5 271.5 271.5 271.5 271 270.5 270 270 270 270 270 270 270 271 270 269 268.5 268 268.5 270 270.5 270.5 270.5 270.5 270 270.5 270.5 270.5 271 271 271 271 270 270.5 270.5 270 270 269.5 269 269 269 268 267 267 266 267.5 268
267 266.5 266 265.5 263.5 262 263.5 266 269.5 270 270.5 270 270.5 270.5 270 270 270.5 270 270.5 270 270 270 270 270.5 271 271 271 271 270 270 269.5 270 270.5 271 270.5 270.5 271.5 270.5 270.5 270.5 270.5 271 270.5 270 270 269 270 270 270 270 270 270 270.5 270 270 269 269.5 269.5 270 270.5 270 270.5 270.5 269.5 268.5 269.5 270.5 270.5 270.5 270 270.5 270 270 270.5 270 269.5 269 269 268 268 268 266.5 266 267 267.5 267
265 264.5 266.5 265.5 264.5 263 264.5 268.5 269.5 270 270.5 270.5 270.5 270.5 270 270.5 270.5 270.5 270.5 270 270 270 270 271 270 271 271 271 270.5 271 270 270.5 271 271 270.5 271.5 271.5 270.5 270.5 270.5 270.5 270.5 270 268.5 267 269 269 270 270 269.5 269 268 270 270 269 269 270 270 270.5 270 269.5 269.5 269.5 269.5 269.5 270.5 270.5 270.5 270 270.5 270 270.5 270.5 271 270 269.5 269 269 268 267 266 265.5 266 266.5 266.5 267
264.5 263.5 264.5 266 265.5 263 264.5 268 269.5 270.5 270 270 270.5 270.5 270 270.5 270.5 270.5 270 270.5 270.5 270.5 270.5 270.5 270 270 270 269 270 271 271 271 270.5 270.5 270 271.5 270.5 270.5 270.5 270.5 270 270 270 269 265.5 268.5 269 270 270 269 268 269 270 269 270 269 269.5 269.5 269.5 269.5 268.5 268.5 269.5 268.5 269.5 269.5 270 270.5 269 268.5 268.5 269.5 270.5 271 269 269 268.5 268 268 267.5 267 266.5 266 266 266 267
265 264.5 264.5 264.5 265.5 263.5 263 264.5 268 270 270.5 270.5 270.5 271.5 270.5 270.5 270.5 270.5 270.5 270.5 270.5 270.5 270.5 270.5 270 270 270 270 270 270.5 270 270.5 270 270.5 270.5 271 270.5 270.5 269.5 269.5 269.5 269.5 269.5 269.5 269 268 268 269 270 269.5 269 268 270 269.5 269 268 269 269 268.5 268.5 267.5 268.5 268.5 268.5 269.5 268.5 268.5 269.5 269.5 268.5 269.5 270 270 271 269 268.5 268 267.5 267 266 266.5 266 265.5 266.5 266 266.5
265 264.5 262.5 263.5 265 264 264 263.5 266 269.5 270.5 270.5 271 271.5 270.5 270.5 270.5 271 270.5 271 271 270.5 270.5 270.5 270 270 269.5 270 270 270 269 270 270 270 270.5 271 270.5 270.5 269.5 270 269.5 269 268.5 269 269 268 269 269 269.5 269 268 269 270 269 269 269 268 268 267.5 267.5 267.5 267 267 268.5 268.5 269.5 269.5 269.5 269.5 269 269.5 270 270.5 271 269 268 268 267 267 266 265.5 265.5 265.5 266 266.5 266.5
263.5 264.5 263.5 263.5 264 265 264 265 264.5 269 270.5 271 271 271 270.5 271 270.5 270.5 270.5 270.5 270.5 270.5 270.5 270.5 270 269.5 269 269 269.5 270 269.5 269.5 270.5 270.5 270.5 270 270.5 270.5 269.5 269.5 269.5 269 268.5 268 269 268 269 268 269 269 268 269 270 269 269 269 268.5 268 267 267.5 267.5 265.5 267.5 268.5 269.5 269.5 269.5 269.5 269.5 269 269.5 270 270.5 270.5 270 269 268 268 267 266.5 265.5 265.5 265.5 266 266.5 267.5
262.5 264.5 264 264.5 264.5 265 264.5 265 266 269 270.5 270.5 271 269 270.5 271 270.5 270.5 269.5 269.5 269.5 270 270.5 270.5 270 269 268.5 268.5 269 270 270.5 270 270.5 270 270.5 270 269.5 270.5 269.5 269.5 269.5 269.5 269 268 268.5 269 268 268 269 268 268 269 269 269 269 269 269 268.5 267.5 268 268.5 267.5 268.5 269.5 268.5 269 269.5 269.5 269.5 269 269.5 270 269.5 270 269.5 269 269 268 268 267 266.5 266 264.5 265 266.5 267
261.5 263.5 264 264 262.5 264 264.5 264 265 267 270 269 267.5 266.5 269.5 270 270.5 270.5 269.5 269.5 268.5 268.5 269.5 270 269.5 269.5 268.5 267 268.5 269.5 270 270 270 270 270.5 269.5 269.5 270.5 269.5 269.5 268.5 269.5 269 267 267.5 268 268 267 268 267.5 268 269 268.5 269 268.5 269 269 268.5 268 267.5 267.5 269.5 269.5 269.5 269.5 269.5 269.5 269.5 269.5 269.5 269 269.5 269.5 269.5 269 269.5 269 268 267.5 267 266.5 266.5 265.5 266 266.5 266.5
261 262.5 263 263.5 263 262 264.5 264 264 266.5 269.5 265.5 267.5 266.5 269 269.5 269.5 269.5 269.5 269.5 267.5 267 267.5 269 269 269.5 268.5 267.5 268 269.5 269.5 269.5 269.5 267.5 269.5 269.5 269.5 269.5 269.5 269.5 269 269 269 268 267 267 267 267.5 268 268 268 268 268.5 268 269 269 269.5 269.5 269 268.5 268.5 269.5 269.5 269.5 269.5 269.5 269.5 269.5 269.5 269.5 268.5 269 269 269.5 268.5 269.5 269 268.5 268 267 267 266.5 266 266.5 266.5 266.5
259.5 261 262 263.5 262.5 260 263.5 263.5 265 268.5 269.5 266.5 267.5 267.5 269.5 268.5 267.5 267 268.5 269.5 267.5 266 264.5 267.5 268.5 268 268.5 268.5 268 269.5 269.5 268.5 269.5 269 269 270 269.5 269.5 270.5 269.5 268.5 268.5 269 268 267 267 266.5 267 268 268.5 268 268.5 268.5 268 268 269 269.5 269.5 269.5 268.5 269 269.5 269.5 269.5 269.5 269.5 269.5 269.5 269 269 268.5 269 269 269 268.5 269 269.5 269 268 268 267 267 266 266.5 266.5 266.5
262 262.5 261 264 261 262 262 264 264 267.5 267.5 266.5 266.5 267.5 267.5 266.5 265.5 265.5 267.5 269.5 268.5 266.5 265 265 265.5 265.5 267.5 267.5 268.5 269.5 267.5 268.5 269.5 269.5 269.5 270 269.5 269.5 269.5 269.5 269 268.5 268 267.5 266 266 266 267 267.5 268 268.5 269 269 268 268 269 269 269.5 269.5 269.5 269.5 269.5 269.5 269.5 269.5 269.5 269.5 269.5 269.5 269.5 269.5 269.5 269 269.5 268 269 269 268 268 268 267.5 267 266 266.5 266.5 266.5
265 261.5 261.5 263.5 262 260 262 264 263 265.5 264.5 263.5 264.5 267.5 266.5 263.5 264.5 265.5 268 268.5 269 268 267 264.5 261.5 262.5 264 267 268.5 269.5 268.5 268.5 269.5 269.5 269.5 269.5 269 269.5 269.5 269.5 268.5 268.5 267.5 266 266 265 267 268 268 268 268 268 268.5 269 269 269 268.5 269 269.5 269.5 269.5 269.5 269.5 270 270.5 270 270.5 269.5 269.5 269.5 269.5 269.5 269 269.5 269 269 269 268 268 268 267.5 268 266.5 266.5 267 267
265.5 262.5 261 262.5 264 260 261 263 263 262.5 265.5 261.5 262.5 266 264.5 264.5 266.5 267.5 267.5 268.5 268.5 267.5 266 265.5 262.5 260.5 262.5 266.5 268.5 268.5 268.5 268.5 269.5 269.5 269.5 269.5 269 269.5 269.5 269.5 269 268 267 265 267 267 267 267 268 269 269 269 269 269 269 269.5 269.5 269.5 269.5 269.5 269.5 269 269.5 270 270.5 270 270.5 270 269.5 269.5 270 269 268.5 268.5 268.5 269 269 269 268 267 267 267.5 267 267 267.5 267
266 265.5 261.5 258 263 262 259 263 265 264.5 264.5 263.5 262.5 263.5 264.5 264.5 264.5 264.5 265.5 267.5 268.5 267 266 265 264.5 264 262.5 261.5 266.5 268.5 269.5 269.5 269.5 269.5 269.5 269 268.5 268.5 269.5 268.5 269 269 268 267 267 267 267 267 267 268 269 269 269.5 269.5 269.5 269.5 270 269.5 269.5 269.5 268.5 269.5 269.5 269 270 270 270 269.5 269.5 269 270 269 269 268.5 269 269 269 269 268 268 267.5 267 267 267.5 267.5 267.5
267.5 268 264 262 263 266 263 261 264 265.5 265 264.5 265 264.5 264.5 265.5 265.5 265.5 264 266.5 268 268 267 267 264.5 262.5 262 260 266 268.5 269 269 269.5 269.5 269.5 269.5 268.5 268.5 268.5 268 268.5 268.5 268 266 266 267 267 268 268 268.5 269 269 269 269 269 269.5 269.5 269.5 269.5 269 269.5 269.5 270 269.5 269.5 270 269.5 269.5 269.5 269 269 269.5 269.5 269.5 269 268 269 269 269 268 266.5 266.5 267 267 267.5 267.5
267.5 268 267 266 266 266 266 262 264 265 265.5 264.5 264.5 265.5 265.5 265.5 265.5 266.5 265.5 265 267 267.5 267 265 263.5 262.5 262.5 264 267.5 268.5 268.5 269 269 269 269 269.5 269 268.5 268 268.5 268.5 268.5 268 267 266 267 267 268 268 269 269 268 267.5 267 268 269 269 269 269.5 269.5 269.5 269.5 269.5 269.5 270 270 269.5 269.5 269.5 269 269 269 269 269 269 269 269 269 269 268 267 266 266 267 267.5 268
268.5 268 268.5 268 268 268 267 266 265 265.5 266 265.5 265.5 265.5 266.5 266 265.5 265.5 264.5 265.5 266 267 266 265 263.5 263.5 265 266.5 266.5 265.5 266.5 268.5 268.5 269 269.5 269 268.5 268.5 267.5 268 268.5 268 267 265 266 267 268 268 268 269 268 268 268 268 268 268 268.5 269 269.5 269.5 268.5 268.5 268.5 269.5 269.5 269.5 269.5 269.5 269.5 269 269 269 269 269 268.5 269 268 268 269 268 268 267 267 267 268 268
269.5 269 268 269 267.5 267.5 266.5 266.5 265.5 265 266 266.5 265.5 266.5 266.5 265.5 265.5 265.5 265.5 265 265 263.5 263 263 262.5 263.5 265.5 265.5 267 266.5 267.5 268.5 268.5 269 269 269 268.5 268.5 267.5 268 268.5 267.5 267 268 268 268 268 268 269 268 268 268 269 269 269 268.5 269 269.5 269.5 269 269 268.5 268.5 269 269 269 269 269.5 269.5 268.5 268.5 268.5 268.5 269 268 269 267 266 268 268 268 268 268 267 268 268
270 269 268.5 269 268.5 267.5 267.5 267.5 267 266 266.5 267 267 266.5 265.5 265 264.5 265.5 266.5 265.5 265.5 264.5 264 263.5 262.5 262.5 265.5 266.5 267.5 267.5 268.5 268 268.5 269.5 268.5 268.5 268.5 267.5 267.5 267.5 268 268 267 268 268 268 268 268 268 268 268 268.5 268 268 268 268 268.5 268.5 269 269 269 269 269 269 269 268.5 268.5 268.5 269 268 268 267.5 268.5 268.5 268 268 268 267 268 268 268 268 268 268 268 268
269 270 270 269 268.5 268 267.5 268.5 269 268.5 268 267.5 267 265 264.5 265 265.5 265.5 266.5 265 265.5 264.5 264 264 262.5 263.5 264.5 264.5 265.5 265.5 267.5 268 268.5 269 268.5 267.5 267.5 267.5 267 267.5 267.5 268 268 267.5 267.5 267 266 268 268 268 268.5 268.5 268 268 268.5 269 269 269 269 269 269 269 269 269 269 268 268 267.5 268.5 268 267.5 267 267.5 268.5 268 268 268 267 268 268 268.5 268 268 268 268 268.5
267.5 270 270 270 268.5 268.5 269.5 269.5 269.5 268.5 268 267.5 267 266 266 265.5 266 266.5 265.5 262 265.5 266.5 265 265 264.5 265.5 264.5 264.5 264.5 267.5 267.5 268.5 268 268.5 268.5 267.5 267.5 267.5 266.5 267 266.5 267 267 267 268 268 267 267.5 268 268 268 268 268 268 268.5 269 269 269 269 269 268.5 268 268 268.5 268.5 268 267.5 268.5 268.5 268 267 267.5 267.5 268.5 268 268 268 267.5 267 267.5 268.5 268 268 268.5 268.5 269
269 270 269 270 269.5 269.5 270 269.5 268.5 268.5 268.5 268 267.5 266.5 267.5 266.5 266.5 267.5 266.5 264.5 267 267 265.5 267 267 266.5 266.5 265.5 266.5 267.5 267.5 266.5 265.5 268 267.5 267.5 267.5 267.5 267.5 266.5 267 267 267 267 268 268 268 268 268 268 269 268.5 268 267 268 268 268.5 268 269 268 268.5 268 268 268 268 268.5 268 268.5 268.5 268 267 267 268 267.5 267 268 268 268 267 267 268 268 268 268.5 268 268
268.5 267.5 265.5 268.5 268.5 269.5 269.5 269.5 268.5 269.5 268.5 268.5 268.5 267.5 267.5 267.5 266.5 267.5 267.5 266.5 268 267 265 267 267.5 267.5 267.5 267.5 267.5 266.5 266.5 267.5 266.5 267.5 267.5 267.5 267.5 267.5 267.5 267 267 267 267 267 268 268 268 268 268.5 268 268 268 267 267 267 267 268 268 267 267.5 268 268 267 267.5 267.5 268 268 268 267 268 267 266.5 267.5 267.5 267 267 267 267 267 267 268 268 268 268 268 268
267.5 267.5 265.5 268 268.5 268.5 268.5 269.5 270 269.5 268.5 268.5 268.5 268.5 268 268.5 268.5 268 266.5 266.5 268.5 268 268 268 268.5 267.5 267.5 267.5 267.5 266.5 267.5 267.5 267.5 267.5 267.5 267.5 267.5 267.5 267.5 267.5 267 267 267 268 268 268 268 268 267 266 266 266 266.5 267 266.5 267 267 267.5 266.5 265.5 266 266 267 266.5 266.5 267 267.5 267.5 267.5 267 267 267 267 267.5 267 266 266 266 266 266 268 268 268 268 268 267.5
266.5 267.5 266.5 267.5 267.5 268.5 268.5 269.5 270 270.5 270 269 268.5 269 269.5 269.5 269.5 267.5 266.5 268.5 269.5 269 268 268 268.5 268.5 267.5 267.5 266.5 265.5 267.5 267.5 267.5 268.5 267.5 267.5 268.5 267.5 267.5 267.5 267 267.5 267 267.5 267.5 268 267 266 267 266 266 267 267 267 267 267 267 267 266.5 266 265.5 266 266 266 265.5 266.5 266.5 267 267.5 267 266 267 267.5 267.5 267 265 261 259 261 261.5 267 267.5 268 268 268 267.5
267 267.5 267.5 267.5 267.5 267.5 269.5 270.5 270.5 270.5 270.5 270.5 270 270.5 270.5 270 269 268.5 267.5 268 269 270 270 269 268.5 269.5 269.5 268.5 267.5 267.5 268.5 268.5 268.5 268.5 267.5 267.5 267.5 268.5 267.5 267.5 267.5 267.5 267 267.5 267 267.5 267 266 266 267 267 267 268 268 267.5 267 267 267 267 267 267 267 266.5 266 265.5 265.5 266.5 266.5 267.5 267.5 267 267 268 267.5 267 265 261 254.5 252.5 258 264 266.5 267.5 267.5 268 267.5
266.5 267 268.5 268.5 269.5 270 269.5 270.5 270.5 269 270.5 271 270.5 271 270.5 270 270 269.5 268 269 269.5 270 271 271 270.5 270.5 270.5 268.5 268.5 268.5 268.5 268.5 268.5 268.5 266.5 267.5 268 268.5 268 268 267.5 267.5 267.5 267 267 267 267 267 267 267 267 267.5 268 268 268 267 267 267 267.5 267.5 267.5 267 266.5 266 265.5 265.5 265.5 266 266 267 266.5 266 267 267 267 266 264 257.5 248.5 253.5 261.5 265.5 267 267.5 267.5 267.5
267.5 267 267.5 267.5 268.5 269.5 269.5 270.5 269.5 268.5 268 270 270.5 270.5 271 271 270.5 270 270 269 269 269 269 271 270.5 270.5 270.5 270.5 270 269.5 268.5 269.5 269.5 269 266.5 267 268 268.5 268.5 268 267.5 267.5 267.5 267.5 267 267 268 268 268 268 268 268 268 268 268 267 267.5 267.5 268 268 268 267 267 267 265.5 265 265.5 265.5 265.5 266.5 267 267 267 266.5 266 265 262.5 255 250.5 256.5 262.5 264 265.5 267 267.5 268
266.5 266.5 267.5 268.5 268.5 269 269 269 267.5 265.5 264 268.5 269 268.5 269 270 271 271 270.5 269 270 269 268.5 268.5 266.5 268.5 269.5 269.5 269.5 270.5 270.5 269.5 269.5 269.5 267.5 267.5 268 268 268 268 268 268 268 267.5 267.5 267 267.5 268.5 269 268.5 268 268 268 268 268 268 268 268 268.5 268 268 268 267.5 267 266 265.5 265 265.5 265 266 266 266 266 267.5 266 265 263 257.5 255.5 254.5 260.5 264.5 266.5 266.5 267.5 267.5
267.5 267.5 267.5 268 268 267.5 267.5 267 266 266 266 268 269 269 270 270 271 270 270 269.5 268 268 267.5 267.5 266.5 266 268 269 269.5 270.5 271 270.5 270 269.5 268.5 268 268 268 268 268 268 268 268 267.5 267.5 267.5 268 269 269 269 269 269 268 268 269 268 268 268 269 269 268.5 268 266.5 266.5 266.5 265.5 266 265.5 265 265 266 266 266.5 267.5 266 264.5 264 260 257 255.5 260.5 263.5 264.5 265.5 266.5 267.5
268.5 268.5 268 268.5 268.5 268.5 268.5 267.5 267.5 267.5 267 268 269 270 270 270 271 270 269 268 269 269 268 267 266.5 268 268.5 268.5 270 270 271 271 271 270 269 269 268 268 268 268 268 268.5 268 268 268.5 268 268.5 269 269 269.5 269.5 270 269 268 268 268 268.5 269 269 269 268.5 268 267.5 268 266.5 266.5 266.5 266 265 265 265 266 266.5 266.5 266 265.5 264.5 262.5 261.5 262.5 262.5 263.5 264.5 265 266 267.5
269.5 268.5 268.5 269 269.5 269.5 269 268.5 268 269.5 269 269 269 269 270 271 271 270 269 269 269.5 269.5 269 269 269.5 270 270 269.5 270 270.5 270 270.5 271 270.5 270 269 268 268 267 267.5 268 268.5 268.5 268 268.5 269 269 269.5 269.5 270 270 270 270 269 269 268.5 269 269 269 269 268.5 268 268.5 268 266.5 266.5 266.5 266 265.5 265 265 265.5 265.5 266.5 266 265.5 264.5 264 264.5 264.5 264.5 265.5 266 266.5 266.5 266.5
269.5 270 269.5 269.5 269.5 270.5 269.5 270 270 270 270 270 270 270 271 270 270 270 269 269.5 269.5 270 270.5 270.5 270.5 270 270.5 270.5 270.5 270.5 270.5 270.5 271 271 270.5 269 269 268 268 267 268 268.5 268.5 268 268.5 269.5 269.5 270 270.5 270 270 270 271 270 269.5 269 269.5 269.5 269.5 269.5 269 268 268.5 268 267 266.5 267 266 266 265 265 264.5 265.5 265.5 266 265 264 263.5 264.5 265 263.5 262.5 265 265.5 265 266
