ecocropFuture/tif/c6/rcp585/ACCESS-CM2/tmin_6.asc
ncols        683
nrows        518
xllcorner    -87.691666666667
yllcorner    10.708333333333
cellsize     0.008333333333
NODATA_value  nan
[rows 168 to 209 of 518, columns 94 to 187 of 683]
nan nan nan nan nan nan nan nan nan nan nan nan nan nan nan nan nan nan 207 207 209 209 208 205 201 201 199 198 200 201 198 194 195 196 197 196 197 201 206 207 207 206 209 211 211 211 212 212 213 213 213 214 213 214 214 214 214 215 214 212 212 214 215 214 212 210 213 213 213 211 210 211 209 211 209 208 206 206 203 199 199 202 204 203 203 207 207 204 209 208 208 207 209 211
nan nan nan nan nan nan nan nan nan nan nan nan nan nan nan nan nan 202 204 206 207 207 203 202 199 198 195 194 197 199 198 194 188 187 190 190 192 200 205 204 200 200 203 206 206 210 212 213 213 213 214 214 214 213 213 213 213 212 208 205 205 210 213 214 215 213 213 213 211 211 209 209 211 210 208 208 205 206 203 201 201 200 200 201 205 206 203 205 204 205 204 206 208 211
nan nan nan nan nan nan nan nan nan nan nan nan nan nan nan nan nan 200 202 203 205 204 199 195 192 193 192 194 195 198 199 195 189 188 191 193 195 200 201 199 198 203 207 206 207 210 211 210 209 212 212 212 212 211 211 210 210 206 201 203 207 210 211 212 213 215 214 212 211 212 209 209 211 208 207 205 204 207 204 203 203 201 202 203 203 201 201 202 201 203 204 207 209 211
nan nan nan nan nan nan nan nan nan nan nan nan nan nan nan nan nan 198 200 198 201 198 197 190 187 185 190 189 192 196 201 199 197 197 198 200 200 203 199 196 201 205 210 210 211 212 210 206 206 206 207 210 208 206 205 204 204 206 207 207 209 211 212 212 213 213 214 214 214 214 214 212 210 208 206 203 205 206 206 204 205 203 200 198 198 197 197 198 199 204 205 208 210 205
nan nan nan nan nan nan nan nan nan nan nan nan nan nan nan nan 192 195 197 196 199 196 193 191 187 186 190 195 197 199 201 202 202 202 203 200 202 205 203 202 206 207 210 210 211 210 211 210 210 207 206 207 205 200 198 201 204 206 208 209 210 209 207 207 209 208 209 209 209 210 209 213 208 206 203 203 205 209 207 207 205 201 197 195 192 191 192 197 202 205 207 205 207 202
nan nan nan nan nan nan nan nan nan nan nan nan nan nan nan nan 190 193 195 196 195 195 193 192 191 193 196 199 201 202 204 204 205 204 205 204 204 207 206 205 207 210 211 209 209 209 211 209 210 210 208 207 204 198 191 200 205 207 208 208 206 202 200 201 201 199 201 201 204 208 211 212 208 205 203 203 206 209 207 204 202 199 194 191 187 188 196 201 205 206 204 203 203 200
nan nan nan nan nan nan nan nan nan nan nan nan nan nan nan nan 186 188 190 190 190 190 189 185 189 192 194 197 199 202 205 206 206 206 207 207 208 208 208 208 211 210 209 206 206 208 209 207 208 208 207 204 203 198 191 199 203 205 206 205 202 202 203 203 201 198 199 202 206 208 210 213 210 208 206 206 208 210 204 205 202 200 194 188 185 188 196 200 204 200 201 197 200 196
nan nan nan nan nan nan nan nan nan nan nan nan nan nan nan nan nan 184 187 192 193 193 188 187 193 191 190 198 201 204 206 206 207 207 208 208 209 209 210 211 208 208 206 206 207 209 208 207 207 208 207 206 204 201 198 201 203 202 203 201 200 200 201 202 204 201 202 205 204 206 211 213 212 212 209 209 209 209 207 205 203 200 195 187 187 195 198 201 202 199 197 196 194 197
nan nan nan nan nan nan nan nan nan nan nan nan nan nan nan nan nan nan nan 194 196 192 187 194 196 192 197 199 200 204 207 207 207 208 208 209 209 210 210 211 209 209 208 206 208 208 207 204 207 205 205 203 202 202 203 203 204 201 199 198 198 199 200 203 205 204 202 206 207 207 209 213 213 214 210 210 209 211 209 206 201 197 194 187 184 191 196 199 197 198 197 198 197 196
nan nan nan nan nan nan nan nan nan nan nan nan nan nan nan nan nan nan nan 194 196 195 193 196 198 198 202 204 203 206 207 208 208 208 209 209 210 210 210 210 209 209 209 206 206 207 205 205 205 205 204 202 203 202 203 204 203 200 198 197 197 197 198 199 202 205 203 206 209 210 209 210 213 215 214 210 211 212 208 204 201 195 187 182 180 188 194 198 199 199 200 201 200 198
nan nan nan nan nan nan nan nan nan nan nan nan nan nan nan nan nan nan nan 190 193 197 198 198 202 203 205 205 206 207 208 208 208 209 209 210 210 210 209 209 208 207 206 206 206 206 205 205 205 204 204 200 202 203 203 203 202 201 199 200 195 195 194 198 203 206 205 207 207 206 207 210 210 213 214 211 213 211 207 203 198 193 186 181 184 190 196 197 195 194 196 198 201 198
nan nan nan nan nan nan nan nan nan nan nan nan nan nan nan nan nan nan nan 189 193 198 200 201 202 204 205 202 205 207 208 207 208 209 210 209 209 208 208 208 208 207 206 203 205 204 202 201 203 204 205 203 200 201 204 204 206 204 202 199 196 194 193 200 203 203 204 204 203 205 208 208 209 211 215 214 214 210 204 199 202 194 186 181 186 188 194 191 187 189 194 195 201 196
nan nan nan nan nan nan nan nan nan nan nan nan nan nan nan nan nan nan nan 185 190 196 200 198 201 202 202 203 206 207 207 205 209 209 209 208 208 208 208 207 207 206 206 203 202 201 197 195 199 203 204 205 204 203 201 204 206 206 204 203 201 198 195 196 199 201 202 203 204 206 206 206 209 210 211 213 215 212 204 204 202 195 186 183 187 191 190 186 187 192 194 197 201 201
nan nan nan nan nan nan nan nan nan nan nan nan nan nan nan nan nan nan nan nan 192 196 198 197 198 201 203 204 206 207 205 208 209 208 208 207 206 207 207 207 206 206 205 202 195 193 198 201 202 203 203 203 204 204 204 202 203 206 207 204 204 202 199 197 201 201 202 203 205 204 205 205 206 207 210 213 215 212 208 206 200 194 191 195 197 196 188 182 185 189 192 198 202 202
nan nan nan nan nan nan nan nan nan nan nan nan nan nan nan nan nan nan nan nan 189 193 195 195 193 197 202 200 199 204 206 208 207 204 204 206 205 206 207 206 204 204 204 201 200 197 201 204 204 202 203 202 203 205 205 204 206 207 208 206 205 205 204 203 202 202 202 201 204 206 207 209 210 211 211 209 213 213 209 205 202 199 198 202 199 191 185 183 183 189 196 197 197 203
nan nan nan nan nan nan nan nan nan nan nan nan nan nan nan nan nan nan nan nan 190 192 197 199 197 197 201 197 194 202 208 205 200 199 202 204 203 205 206 205 204 200 202 202 203 203 204 205 205 203 201 202 204 206 207 208 207 207 209 207 207 207 207 207 204 206 206 205 207 208 209 210 210 213 214 213 214 214 211 207 205 203 203 205 197 190 185 185 184 187 188 188 189 199
nan nan nan nan nan nan nan nan nan nan nan nan nan nan nan nan nan nan nan nan 192 194 198 201 200 199 204 198 197 203 207 200 195 197 201 203 203 204 205 205 204 199 197 199 202 204 205 205 206 206 205 203 204 204 204 207 208 208 208 209 208 208 208 207 205 206 208 208 207 209 210 213 214 210 209 209 209 213 213 210 208 205 207 204 197 192 188 187 183 182 182 181 185 191
nan nan nan nan nan nan nan nan nan nan nan nan nan nan nan nan nan nan nan nan 196 198 200 200 200 200 205 203 201 206 205 204 201 202 204 204 203 204 204 204 202 198 197 197 201 203 204 202 203 206 206 206 203 206 207 206 207 209 209 209 209 208 208 206 206 206 208 210 209 210 212 213 211 206 202 204 206 209 213 213 212 206 209 200 192 189 185 185 183 185 186 189 186 190
nan nan nan nan nan nan nan nan nan nan nan nan nan nan nan nan nan nan nan nan 199 201 202 201 198 199 206 206 207 207 207 206 206 206 205 204 203 203 201 203 201 195 195 198 201 202 201 202 202 203 205 207 206 205 206 207 208 208 209 210 210 210 209 207 206 207 208 210 212 213 210 208 205 200 193 195 199 202 209 212 214 212 205 195 189 192 187 189 189 192 196 197 193 197
nan nan nan nan nan nan nan nan nan nan nan nan nan nan nan nan nan nan nan nan nan 202 203 200 200 202 206 203 206 207 206 205 204 205 205 204 204 203 202 201 201 198 196 199 197 199 199 203 203 204 205 204 205 206 206 206 208 209 209 210 210 210 210 207 206 207 209 211 212 210 206 199 195 193 196 199 202 204 208 209 210 213 205 198 197 201 197 200 196 198 206 202 203 205
nan nan nan nan nan nan nan nan nan nan nan nan nan nan nan nan nan nan nan nan nan 199 201 202 202 201 205 203 206 204 205 205 204 204 204 203 203 202 200 198 199 199 198 195 196 200 201 202 202 203 204 204 204 205 207 208 208 208 209 210 210 210 211 210 210 211 211 212 212 209 204 193 188 193 198 200 200 198 201 201 199 204 211 209 207 207 206 205 205 203 210 208 211 210
nan nan nan nan nan nan nan nan nan nan nan nan nan nan nan nan nan nan nan nan nan 194 196 200 199 202 202 203 202 204 205 205 204 203 202 202 202 201 199 197 196 196 195 192 194 197 199 201 202 202 204 205 206 206 206 206 207 208 209 210 210 211 211 210 211 209 210 210 209 208 203 191 191 194 198 197 195 195 197 194 194 198 206 209 210 214 210 211 215 216 214 215 216 214
nan nan nan nan nan nan nan nan nan nan nan nan nan nan nan nan nan nan nan nan nan nan 193 198 202 203 198 199 202 203 204 204 203 203 202 202 201 200 197 193 191 191 191 188 192 194 196 197 200 200 203 204 203 203 203 205 206 207 208 209 210 209 211 208 209 206 207 208 207 208 202 194 194 191 192 193 191 192 191 185 186 189 197 199 199 207 213 214 207 208 215 216 213 217
nan nan nan nan nan nan nan nan nan nan nan nan nan nan nan nan nan nan nan nan nan nan 194 198 201 202 199 198 201 201 199 203 202 201 201 201 199 198 194 186 182 183 186 189 194 198 199 200 201 203 203 202 203 205 204 205 205 205 208 209 209 210 211 208 207 205 204 204 203 204 198 198 193 189 189 189 185 186 184 182 182 185 190 192 194 201 211 205 196 197 202 203 210 212
nan nan nan nan nan nan nan nan nan nan nan nan nan nan nan nan nan nan nan nan nan 189 196 200 201 202 199 199 199 199 198 202 201 199 198 200 199 196 192 179 171 182 190 195 197 197 199 199 201 203 204 204 204 205 205 205 206 206 207 208 209 210 209 209 207 205 205 205 201 198 199 200 198 197 194 188 182 183 182 179 178 178 182 189 198 205 211 204 196 190 194 207 211 209
nan nan nan nan nan nan nan nan nan nan nan nan nan nan nan nan nan nan nan nan 187 192 197 199 197 198 200 199 195 195 199 201 199 196 194 198 197 190 187 181 177 185 189 196 199 198 200 200 199 202 204 204 205 205 205 205 205 207 207 207 208 208 208 209 206 206 204 203 204 203 203 202 201 198 195 189 187 188 184 179 177 181 186 189 198 205 203 205 200 193 201 210 205 204
nan nan nan nan nan nan nan nan nan nan nan nan nan nan nan nan nan nan nan nan 188 193 197 199 196 196 196 198 197 195 199 198 198 195 194 194 192 187 182 174 184 193 196 198 200 199 199 201 201 203 202 204 205 205 205 205 205 206 207 207 208 206 207 209 206 206 205 203 202 203 202 201 201 200 195 189 192 192 185 180 179 186 194 197 205 204 196 197 192 193 204 207 198 197
nan nan nan nan nan nan nan nan nan nan nan nan nan nan nan nan nan nan nan 179 184 189 193 196 197 193 194 195 193 192 196 194 198 195 193 192 190 185 178 175 184 194 198 200 201 201 201 202 200 204 203 203 204 204 203 204 205 206 206 207 206 206 206 207 206 206 205 204 203 201 201 198 196 197 194 189 193 192 186 185 187 187 195 202 205 197 194 189 186 197 206 200 191 188
nan nan nan nan nan nan nan nan nan nan nan nan nan nan nan nan nan nan nan 177 181 186 191 194 198 196 193 191 191 189 191 189 196 195 193 192 187 182 178 178 188 197 197 199 201 203 203 203 203 203 203 204 204 203 202 202 205 205 206 206 205 206 206 207 207 206 206 204 204 201 199 198 196 193 187 187 192 194 189 190 194 194 199 204 200 191 185 185 185 196 205 197 192 187
nan nan nan nan nan nan nan nan nan nan nan nan nan nan nan nan nan nan nan nan 183 185 191 195 195 195 192 186 186 187 187 191 194 190 191 188 180 185 181 182 188 197 200 200 202 203 204 203 204 203 204 205 205 203 205 205 206 206 206 206 205 205 207 206 206 205 204 203 202 201 199 197 198 193 190 193 192 196 196 198 199 200 202 199 196 186 185 188 185 193 203 202 197 192
nan nan nan nan nan nan nan nan nan nan nan nan nan nan nan nan nan nan nan nan nan nan 188 191 192 194 190 185 183 183 181 188 192 186 182 183 176 184 188 189 191 196 201 201 202 202 204 205 205 205 205 203 203 205 205 205 205 205 204 204 205 206 207 205 205 204 204 202 201 197 196 191 194 191 192 195 196 198 198 199 201 201 196 193 188 191 192 194 192 193 197 203 201 195
nan nan nan nan nan nan nan nan nan nan nan nan nan nan nan nan nan nan nan nan nan nan nan 188 185 188 194 189 183 181 178 188 189 185 181 174 170 180 188 193 196 199 202 203 204 204 204 205 203 203 202 201 201 203 203 203 204 204 203 204 205 206 206 202 201 203 203 201 199 195 189 190 193 194 196 198 198 200 201 201 202 202 198 196 194 196 197 199 196 199 202 203 202 200
nan nan nan nan nan nan nan nan nan nan nan nan nan nan nan nan nan nan nan nan nan nan nan 187 183 188 193 186 183 180 179 183 186 183 181 176 169 173 183 186 192 197 201 203 204 204 204 203 202 201 202 200 199 201 202 201 201 202 203 205 205 206 205 202 202 204 203 197 191 189 188 191 194 192 191 197 199 199 197 199 201 201 201 200 198 194 198 198 200 199 197 203 201 197
nan nan nan nan nan nan nan nan nan nan nan nan nan nan nan nan nan nan nan nan nan nan nan nan 184 187 192 186 185 182 180 180 182 182 179 177 172 169 174 177 186 196 200 202 203 204 203 201 200 202 202 201 199 196 198 199 203 204 205 204 204 205 206 204 205 204 203 196 187 182 185 190 192 190 194 190 196 197 190 198 201 199 197 197 198 193 195 195 195 197 198 200 202 198
nan nan nan nan nan nan nan nan nan nan nan nan nan nan nan nan nan nan nan nan nan nan nan nan 184 189 190 189 184 180 179 176 175 178 176 172 167 167 176 184 190 195 198 201 202 203 202 201 200 199 196 197 199 196 200 201 204 203 204 203 203 204 205 206 206 205 202 196 193 189 186 185 186 184 185 189 197 193 189 199 201 196 194 196 194 192 194 191 190 196 198 199 200 200
nan nan nan nan nan nan nan nan nan nan nan nan nan nan nan nan nan nan nan nan nan nan nan nan 181 187 189 189 183 180 178 175 172 175 171 165 165 171 175 185 191 195 198 200 201 201 201 200 199 199 194 195 198 198 201 202 201 199 202 202 198 202 204 204 204 206 204 202 200 195 188 179 180 178 185 194 198 195 191 199 198 194 192 192 190 192 190 186 186 193 197 196 198 197
nan nan nan nan nan nan nan nan nan nan nan nan nan nan nan nan nan nan nan nan nan nan nan nan 177 182 186 187 186 179 176 174 176 179 174 169 167 174 180 184 191 194 197 196 197 197 199 197 199 198 193 192 195 196 199 201 201 198 198 200 198 199 202 200 202 205 205 200 199 194 189 182 181 185 186 193 197 193 193 197 200 196 196 195 190 190 189 188 187 191 195 195 194 191
nan nan nan nan nan nan nan nan nan nan nan nan nan nan nan nan nan nan nan nan nan nan nan nan 182 184 185 186 184 185 182 178 179 178 171 170 171 180 185 185 188 191 192 193 192 196 198 196 195 195 191 186 190 194 196 200 202 199 198 195 192 192 198 198 202 204 205 204 199 195 192 185 182 185 189 195 196 191 189 194 196 199 198 196 189 192 193 193 190 189 192 193 192 187
nan nan nan nan nan nan nan nan 178 182 177 173 172 nan nan nan nan nan nan nan nan nan nan nan 186 193 192 186 181 184 186 185 184 179 168 172 183 185 188 190 189 188 189 191 190 192 192 193 190 193 189 180 185 190 194 199 202 197 193 190 189 190 196 201 198 199 203 205 202 197 187 183 186 189 190 194 196 189 183 186 193 194 197 197 193 194 196 194 193 188 186 188 189 184
nan nan nan nan 207 203 200 189 184 193 187 184 183 177 nan nan nan nan nan nan nan nan nan 191 192 197 199 192 185 180 181 181 180 179 174 178 193 194 194 195 191 191 195 195 189 187 187 186 183 185 185 183 191 195 195 199 200 197 191 188 189 194 195 194 191 197 202 204 200 192 183 186 187 192 193 192 193 192 184 180 185 190 196 195 196 195 193 189 187 185 180 180 184 182
nan nan nan nan 212 210 205 194 189 200 197 194 192 186 189 195 nan nan nan nan nan nan 202 199 200 200 203 197 187 182 178 177 173 173 171 181 198 201 199 198 195 199 203 197 189 184 180 177 179 180 181 184 191 196 199 200 200 197 193 189 190 193 192 191 193 196 199 204 199 187 182 188 191 190 185 184 187 190 184 176 181 191 194 189 195 195 193 188 182 179 172 173 177 175
nan nan nan 219 214 209 205 200 200 202 207 201 194 198 197 201 196 nan nan nan 203 215 214 209 206 207 203 196 192 190 186 182 180 183 175 189 201 207 203 199 199 204 205 196 194 188 179 174 175 179 183 192 195 197 198 198 199 198 197 196 195 192 194 193 195 197 201 203 199 187 180 188 186 186 181 179 179 183 179 177 183 192 190 186 191 194 190 191 186 182 175 168 167 165
