ecocropFuture/tif/c6/rcp585/ACCESS-CM2/tmin_8.asc
ncols        683
nrows        518
xllcorner    -87.691666666667
yllcorner    10.708333333333
cellsize     0.008333333333
NODATA_value  nan
[rows 336 to 377 of 518, columns 282 to 375 of 683]
224 229 227 226 230 225 223 219 219 220 219 218 216 213 216 218 218 218 219 219 220 220 221 219 217 218 217 219 222 221 221 223 225 225 224 222 225 225 229 230 230 230 230 229 228 227 227 227 228 228 229 229 229 228 228 229 228 228 226 225 226 226 225 225 223 224 225 223 222 223 225 225 225 225 225 225 225 226 224 224 225 226 225 224 224 226 225 228 229 228 227 228 229 229
228 232 228 230 229 227 226 223 220 221 219 217 214 215 216 215 217 217 219 219 220 220 221 219 220 220 217 218 221 224 225 224 226 226 224 224 227 228 230 230 230 230 229 229 228 227 227 225 225 225 228 228 229 229 229 229 228 228 226 226 226 225 226 225 223 223 225 222 223 225 226 225 224 225 225 224 224 225 222 223 224 225 224 224 225 224 226 228 229 228 228 228 229 229
234 233 232 230 226 224 225 224 223 223 221 218 214 212 211 213 217 219 219 218 218 220 222 223 222 221 221 220 219 222 222 226 227 226 227 226 228 227 229 228 228 229 229 228 227 225 225 225 224 225 227 228 229 229 229 229 228 228 226 227 225 226 227 225 223 223 226 224 226 226 225 224 224 224 224 224 224 224 223 224 224 225 226 227 227 228 228 227 228 228 228 227 228 228
233 231 229 228 226 223 221 223 222 222 219 216 215 215 214 218 218 220 220 219 220 221 223 223 222 222 222 222 222 221 221 226 226 227 226 225 227 228 229 227 228 228 227 228 226 225 225 224 224 225 226 226 228 229 229 229 228 228 228 227 226 226 227 225 222 220 225 227 226 224 224 223 223 223 223 222 222 223 224 226 226 226 226 226 225 226 224 224 225 225 227 227 228 228
229 228 226 227 229 221 219 219 221 220 221 220 218 218 220 221 221 221 222 221 220 222 224 223 222 223 222 224 225 224 225 226 226 226 226 224 225 226 227 226 227 227 227 226 224 224 224 223 224 225 226 226 227 227 227 228 228 229 228 227 227 228 227 226 222 220 226 226 226 225 224 222 221 222 221 220 223 225 226 225 224 224 225 223 221 225 226 225 224 225 226 227 227 227
234 232 230 231 231 225 219 215 212 218 219 217 217 219 221 222 222 223 223 224 223 224 224 225 223 224 224 225 226 226 227 227 227 226 226 226 226 225 225 225 225 224 225 224 223 223 223 224 224 225 226 226 226 225 225 225 225 229 229 229 229 228 226 226 223 224 227 228 226 224 223 224 223 223 224 224 224 225 225 224 224 224 224 220 222 225 225 224 223 222 223 224 227 226
235 233 235 236 233 226 214 210 206 209 215 216 217 215 220 220 220 222 222 223 221 225 226 225 225 225 224 225 227 227 227 227 227 227 227 227 225 225 224 222 220 218 221 222 220 220 222 224 224 225 225 224 224 224 224 223 224 226 229 229 229 228 226 227 227 228 228 225 223 224 225 225 226 225 223 222 223 224 226 225 225 223 222 221 222 224 225 225 224 223 224 225 226 227
235 237 239 237 234 226 217 215 210 210 210 215 213 215 217 216 215 221 223 224 217 221 222 226 226 226 225 224 225 226 227 227 227 227 227 227 226 225 224 221 217 214 215 217 214 215 220 222 224 223 222 223 224 224 223 224 224 225 229 229 229 229 228 228 229 228 227 226 227 228 229 229 228 225 220 221 224 226 226 224 221 222 223 223 222 223 224 225 225 225 226 226 226 226
238 240 240 238 236 226 219 224 219 213 202 204 209 213 215 216 216 220 223 226 222 221 221 225 227 228 227 225 224 224 225 226 226 227 228 227 226 225 222 221 216 218 215 214 213 214 214 218 222 222 222 225 226 226 224 226 226 226 228 229 230 229 229 230 228 229 230 230 230 230 229 229 230 227 224 225 225 227 223 223 221 222 225 224 224 225 225 225 226 226 226 225 224 225
241 241 241 239 238 227 221 227 224 212 210 207 214 218 220 222 222 222 225 225 226 225 225 225 226 228 228 226 225 224 225 227 227 227 228 228 226 224 223 222 218 220 215 215 217 218 215 217 221 223 223 225 227 228 227 226 228 229 229 228 229 229 229 229 226 229 227 227 227 224 224 225 227 230 229 227 227 228 226 227 226 225 225 226 226 226 225 225 226 226 226 226 225 225
243 242 241 240 239 234 234 232 225 224 216 214 218 222 224 224 224 225 227 227 227 228 227 226 226 228 228 227 225 224 223 223 224 226 228 228 226 225 225 223 220 222 218 216 218 220 215 215 220 223 224 224 227 230 229 229 228 226 226 227 227 228 229 229 227 227 226 224 222 222 223 222 223 229 232 228 229 228 230 229 226 225 225 225 226 226 225 227 227 227 227 228 228 227
243 242 242 241 240 235 225 228 230 228 222 220 219 223 225 224 226 226 227 228 228 228 228 228 227 228 229 227 226 226 225 224 227 228 228 228 227 225 225 225 223 223 220 220 223 221 218 215 219 224 226 229 230 230 230 230 228 226 225 225 226 227 229 229 228 227 225 220 219 222 225 227 227 230 231 230 228 231 230 227 225 224 226 226 227 228 228 229 227 229 229 228 227 226
243 243 240 240 240 235 228 220 220 219 217 213 214 219 224 227 227 226 228 228 228 228 228 229 228 228 229 228 226 226 225 225 224 225 228 229 227 226 226 225 224 224 220 223 223 217 216 216 220 226 227 226 228 230 229 228 227 225 225 225 226 228 229 228 227 227 224 219 218 219 221 225 229 231 232 232 231 231 230 227 227 228 228 229 230 229 229 228 228 228 230 229 228 228
243 242 241 241 237 236 233 229 224 214 209 212 218 223 224 226 227 227 228 228 228 227 228 229 228 228 228 228 228 227 226 226 227 227 228 229 228 228 227 226 225 225 222 225 225 221 220 218 221 223 224 224 229 230 227 226 226 227 227 227 227 227 228 226 227 226 224 224 223 224 225 228 228 231 232 231 230 232 231 229 229 230 230 229 231 230 228 228 229 228 230 230 229 228
240 240 242 241 239 237 234 231 226 218 209 218 224 227 227 228 228 230 229 228 228 228 228 229 229 229 229 228 229 228 228 229 229 230 230 229 228 228 228 227 226 225 224 226 226 225 224 218 221 223 225 226 230 228 226 227 227 227 227 227 226 226 226 226 227 227 228 229 228 228 228 229 231 231 229 229 230 231 232 229 230 232 231 232 232 232 231 231 231 231 231 230 230 230
241 242 241 240 238 235 236 229 225 215 211 220 228 229 229 229 229 230 229 228 229 228 228 229 229 229 229 227 227 229 229 229 229 230 230 230 229 229 228 228 227 227 224 227 227 225 222 218 219 222 224 227 230 228 227 228 227 226 226 226 226 227 227 229 229 229 229 230 230 229 230 232 231 229 228 229 230 232 231 229 231 232 231 232 231 233 233 232 232 232 231 231 231 231
243 241 241 242 239 233 230 230 225 220 219 225 228 230 230 230 230 228 229 228 226 228 228 229 229 226 228 229 227 227 227 229 230 230 230 230 229 230 229 229 229 228 227 229 227 226 223 222 224 224 227 230 230 228 229 228 226 226 226 227 227 228 228 229 230 230 230 231 231 231 232 231 229 228 228 228 230 232 232 230 230 231 231 231 230 231 233 233 233 231 231 232 232 232
243 243 243 243 241 236 229 231 228 228 229 228 229 231 232 231 232 231 229 227 227 227 229 229 228 227 225 226 226 226 227 229 229 229 229 228 227 229 230 229 230 229 229 229 229 228 228 227 227 227 227 227 227 230 229 227 226 227 227 228 228 227 228 229 229 231 231 230 230 231 231 229 228 228 227 227 229 232 231 230 231 232 232 232 230 230 233 233 232 232 231 232 233 233
244 244 244 243 242 239 234 234 235 234 230 229 230 231 231 233 232 229 229 229 228 227 227 227 227 227 225 224 225 225 226 227 227 228 228 226 227 230 229 229 229 229 229 229 230 229 229 229 229 229 228 226 229 229 226 226 227 227 227 227 227 227 228 228 230 231 231 230 230 231 230 229 229 228 227 227 229 229 230 232 232 233 233 232 230 232 233 233 233 234 233 234 234 234
244 244 244 243 243 239 237 238 234 230 229 230 230 228 231 233 234 233 232 232 230 227 228 227 227 227 224 223 223 224 226 226 225 226 226 226 228 228 227 228 228 228 228 228 230 230 228 229 230 230 229 230 228 226 226 226 224 224 227 228 228 228 228 228 229 230 230 230 229 230 230 230 228 227 228 229 228 229 229 229 232 231 231 231 232 232 234 235 234 235 234 233 234 235
245 244 240 241 243 241 240 236 231 229 227 228 230 230 231 230 232 233 235 234 232 231 231 228 228 227 226 225 225 223 226 227 226 225 225 225 227 227 227 227 228 228 228 229 230 230 229 229 230 231 230 229 228 226 225 224 223 223 226 228 229 228 228 229 229 229 229 229 229 229 230 230 230 230 230 228 227 228 230 231 231 230 230 230 230 231 231 232 234 234 234 233 234 234
245 243 238 238 241 241 241 239 237 236 232 227 227 230 230 231 229 230 233 233 234 236 234 229 228 227 226 224 224 225 226 226 225 226 225 224 222 224 225 226 228 229 230 231 231 231 230 230 231 231 230 228 227 226 225 224 223 224 227 228 229 229 230 229 227 228 229 229 229 230 231 231 230 230 229 228 227 227 228 230 230 230 230 231 231 232 232 233 234 234 234 234 233 234
245 244 238 239 240 237 240 239 239 238 236 230 226 227 230 232 229 231 229 231 234 236 237 233 229 229 230 224 221 223 224 226 225 224 222 222 223 224 225 226 229 231 231 231 231 231 231 231 231 230 229 229 228 227 226 224 225 227 227 228 229 229 229 228 228 229 230 230 230 230 231 231 231 231 229 228 225 226 228 230 230 231 231 230 231 230 231 232 233 234 234 234 234 233
245 244 242 242 239 240 242 241 240 240 236 229 233 234 231 233 237 236 232 233 237 238 239 234 234 233 234 227 228 225 228 226 225 221 217 217 221 223 223 225 229 231 231 231 231 230 230 231 231 231 229 229 228 228 227 226 225 227 228 228 229 229 229 229 228 230 231 231 231 231 231 231 231 230 230 229 228 228 230 231 230 231 232 231 230 232 233 233 233 234 234 234 234 232
245 245 244 243 244 243 243 242 241 240 239 237 236 237 231 229 237 238 237 237 238 239 239 235 237 236 236 234 233 230 228 226 225 223 220 224 225 225 227 230 231 231 231 231 229 229 229 229 231 231 230 228 228 228 227 225 225 227 227 227 227 229 229 227 227 230 231 231 231 231 231 231 230 229 229 231 230 229 230 230 230 231 232 233 233 232 233 234 234 234 232 233 234 233
246 246 245 245 244 244 244 243 242 242 240 241 240 238 232 231 237 240 239 239 239 241 239 237 238 238 236 236 231 227 226 225 225 222 224 226 227 229 231 231 231 231 231 229 227 228 228 228 230 230 230 228 227 228 227 226 224 225 226 226 227 227 228 225 229 230 229 231 231 231 231 231 231 230 231 232 230 230 231 230 231 232 231 232 233 233 233 232 233 233 231 233 234 234
246 246 245 245 245 244 244 244 242 242 238 241 238 233 236 237 240 241 241 241 241 241 239 240 239 236 233 233 226 225 225 225 226 225 226 229 232 230 230 230 230 230 228 227 226 227 228 227 229 230 230 227 226 227 228 227 224 225 225 225 226 227 225 223 224 224 225 228 230 231 232 232 231 228 229 232 232 232 231 232 232 233 232 232 233 233 233 231 231 233 231 231 233 234
246 245 244 245 245 245 244 244 243 243 240 242 240 234 229 237 241 241 241 242 242 241 240 240 239 236 231 226 228 225 228 229 230 230 231 233 233 231 230 228 229 228 226 227 226 228 227 227 229 228 227 226 224 224 226 227 226 226 225 225 223 224 225 222 221 223 224 224 225 230 232 232 232 232 231 233 233 233 233 233 233 234 234 233 232 233 232 231 232 233 233 233 234 233
246 246 245 245 245 245 245 245 245 243 242 241 237 234 233 235 241 242 242 242 242 242 241 240 239 237 235 231 233 231 230 233 233 232 235 234 233 231 225 220 225 228 224 224 226 226 227 228 228 225 223 223 222 225 226 226 226 225 223 223 224 225 226 224 225 223 223 227 228 230 231 232 231 232 233 233 233 233 234 233 233 233 233 233 233 233 233 232 231 232 233 234 234 233
246 246 246 246 245 245 245 245 245 243 243 240 237 239 237 240 242 242 243 243 242 242 241 241 240 238 235 236 235 236 235 235 236 235 235 235 234 228 225 219 223 227 225 222 225 224 225 222 224 226 220 218 220 219 225 227 225 225 223 221 223 226 226 228 227 225 224 227 227 228 229 228 231 232 233 233 233 233 232 232 232 232 231 230 231 232 232 232 231 231 231 232 233 233
246 245 246 246 246 245 245 245 245 244 243 241 241 240 241 241 241 243 243 243 242 242 241 240 239 240 239 238 236 238 238 237 236 234 237 234 232 231 229 224 223 222 219 220 227 225 222 220 224 218 216 213 217 222 226 226 225 225 223 221 220 226 227 228 228 227 225 225 227 230 231 231 231 231 230 232 233 233 233 231 229 231 230 230 228 227 230 232 231 230 230 232 233 234
244 243 245 246 246 246 246 245 245 245 243 243 242 240 242 239 241 242 243 243 242 242 241 237 237 241 240 240 240 237 236 238 238 237 238 235 234 232 229 227 228 225 221 226 228 226 220 219 219 219 214 217 219 224 226 226 225 225 224 223 222 224 225 228 229 226 224 226 227 230 232 232 233 233 232 233 233 233 233 233 232 232 232 231 229 226 231 232 231 230 230 232 234 234
243 244 244 245 246 246 246 245 245 245 244 244 243 243 243 242 243 243 243 243 243 242 242 239 238 240 241 241 241 239 237 237 237 238 238 235 232 230 229 232 228 230 223 230 226 222 224 218 214 213 214 217 223 224 225 226 225 223 222 219 223 222 224 224 229 228 224 226 229 231 232 233 233 233 233 232 232 233 233 232 233 233 233 232 230 226 231 232 231 230 229 231 234 234
244 244 245 245 246 246 246 245 245 245 244 244 244 244 243 243 244 244 243 242 243 243 242 240 239 241 242 241 241 240 238 237 238 239 238 235 235 232 230 233 232 228 230 232 229 227 228 222 214 215 216 215 218 220 225 226 224 222 220 218 220 221 224 228 232 228 230 231 230 231 232 233 232 232 233 233 233 233 233 232 232 233 233 233 233 233 233 232 231 230 232 233 234 235
246 245 245 246 246 245 245 246 245 245 245 245 245 244 244 244 244 242 242 241 240 243 243 242 241 241 242 240 242 241 240 239 240 239 238 237 235 234 230 233 235 234 234 232 229 228 231 229 222 217 218 218 215 222 223 223 224 222 217 220 220 224 231 231 233 232 232 232 231 232 232 233 233 233 233 233 233 233 233 233 232 233 233 233 234 234 234 234 232 231 232 235 235 235
246 246 246 246 246 245 245 246 245 245 245 245 245 244 244 244 243 240 239 239 240 242 243 243 243 242 242 241 242 242 242 240 240 240 239 238 237 233 231 234 236 235 232 230 232 231 230 231 227 217 218 220 221 222 220 222 223 218 223 228 226 230 233 233 233 233 233 232 232 231 231 232 231 233 233 233 233 233 233 233 232 232 232 232 234 234 234 235 233 234 235 235 235 235
247 246 245 246 246 246 246 246 245 245 245 245 245 245 244 244 242 242 242 241 243 243 243 243 243 243 242 242 242 242 242 241 240 240 239 238 238 237 237 237 238 236 234 234 232 232 233 233 230 218 223 225 228 224 220 222 222 226 230 231 233 234 234 234 233 234 234 232 231 231 230 231 231 233 233 233 233 233 233 233 233 232 232 232 233 234 235 235 235 235 235 235 235 235
246 246 246 246 246 246 246 246 245 245 245 245 245 245 245 244 243 243 243 243 244 244 243 243 242 242 242 242 242 242 242 241 240 240 240 239 238 236 236 236 238 238 236 232 232 235 235 234 232 223 228 231 227 226 228 225 228 232 233 233 234 234 235 235 234 234 234 233 232 232 231 231 232 233 233 233 234 234 234 233 234 233 233 233 234 234 235 235 235 235 235 234 234 234
246 246 246 246 246 246 246 246 246 245 245 245 245 245 245 245 244 244 244 242 244 244 243 243 243 242 243 243 243 242 242 240 241 238 240 239 238 236 236 236 238 238 235 236 236 237 236 234 230 223 232 232 232 231 233 229 229 233 234 234 234 235 235 235 234 235 234 233 233 232 232 232 233 233 233 234 234 234 234 234 234 234 234 234 235 235 234 235 235 235 235 234 233 232
246 246 246 246 246 246 246 246 246 246 245 245 245 245 245 245 244 244 244 244 244 244 243 243 243 243 243 243 242 242 242 242 241 240 239 239 238 237 235 237 239 239 239 235 236 238 238 235 229 229 236 235 235 235 233 233 234 235 235 234 234 234 235 235 233 233 233 233 232 232 233 233 233 233 234 234 234 234 234 234 234 234 234 234 235 235 234 235 235 235 235 235 234 232
245 246 245 243 245 245 246 246 246 246 245 245 245 245 245 245 245 244 244 244 244 244 244 243 243 243 242 242 242 242 242 242 240 240 239 239 238 235 237 239 240 240 239 238 238 238 238 234 234 235 237 236 236 235 236 236 236 236 235 235 235 235 235 236 234 233 233 233 233 233 233 234 234 234 234 234 234 234 234 234 235 235 234 235 235 234 235 235 235 235 235 235 234 233
246 245 245 244 244 244 245 246 246 246 245 245 245 245 245 245 245 245 244 243 244 243 243 242 241 242 242 242 242 242 241 239 241 240 240 240 239 237 240 241 240 240 240 240 238 236 237 235 235 237 238 236 236 237 237 237 236 236 236 235 235 235 235 236 235 234 234 233 233 234 234 235 235 235 235 235 235 235 235 235 235 235 235 235 235 235 235 235 235 234 234 234 233 233
