ecocropFuture/tif/c6/rcp585/ACCESS-CM2/tmin_10.asc
ncols        683
nrows        518
xllcorner    -87.691666666667
yllcorner    10.708333333333
cellsize     0.008333333333
NODATA_value  nan
[rows 168 to 209 of 518, columns 188 to 281 of 683]
205 207 205 204 205 202 197 194 197 200 204 208 213 212 208 204 203 198 199 201 200 197 200 200 200 203 210 205 204 211 215 217 216 220 221 223 222 219 220 218 215 209 209 205 197 187 179 180 191 191 185 187 184 190 195 198 201 203 200 200 201 206 210 212 210 213 213 215 216 212 215 218 216 213 220 222 222 222 221 221 221 221 221 222 221 216 214 216 214 209 207 211 207 212
207 204 203 204 202 203 199 194 196 202 207 210 214 214 208 201 198 194 193 192 193 190 194 193 194 201 202 196 199 206 212 217 219 219 219 222 221 217 216 213 213 213 210 204 200 193 183 173 181 184 177 179 179 185 196 199 196 200 201 202 204 207 211 214 213 212 215 215 210 207 212 217 217 218 221 222 222 221 219 220 218 219 218 221 221 220 219 219 215 213 209 211 207 212
204 203 201 203 200 201 199 196 199 203 209 211 215 212 207 202 191 188 192 186 187 190 193 197 204 201 192 193 198 201 211 217 219 217 219 222 220 218 214 210 212 211 207 204 197 192 186 173 178 182 171 170 172 176 186 192 196 201 206 206 206 207 212 214 214 212 212 208 211 212 214 216 218 220 222 220 221 218 216 220 217 217 220 221 218 221 220 219 216 216 213 214 215 218
198 197 198 200 199 198 198 202 205 207 210 214 216 211 205 197 192 197 194 186 193 194 196 198 205 196 186 186 189 199 210 217 218 216 217 221 219 218 215 208 206 207 203 204 199 190 179 172 170 180 177 168 170 174 181 190 199 203 200 202 205 206 204 205 203 205 207 208 210 212 214 218 220 220 222 219 218 216 214 216 215 216 218 220 220 221 214 218 215 218 218 220 222 222
195 194 195 194 196 195 196 204 207 209 211 215 215 209 199 190 193 199 200 195 198 194 201 204 205 194 183 185 190 196 208 215 216 214 219 222 220 215 215 210 205 202 201 200 197 190 180 169 169 176 173 168 169 176 186 194 198 198 199 202 202 202 200 200 201 203 206 208 211 215 217 219 220 222 222 221 220 216 214 212 214 215 218 221 220 220 212 217 219 217 219 221 221 219
189 192 193 195 198 198 200 203 207 210 211 216 215 207 196 193 191 196 203 198 203 198 207 208 203 191 187 189 191 200 209 214 215 216 219 219 221 217 217 210 205 204 203 198 197 191 188 171 168 167 171 165 168 176 181 189 193 196 199 201 198 197 200 200 200 204 205 206 207 210 216 220 221 222 220 220 219 213 211 213 216 217 215 221 219 220 217 220 222 220 220 220 221 215
193 199 202 203 205 203 205 201 207 209 213 217 217 207 198 200 195 201 206 205 207 205 211 209 203 188 191 201 202 207 211 213 215 216 219 220 221 219 217 216 210 208 206 203 202 198 191 179 170 162 165 166 170 173 180 188 193 197 199 201 201 202 202 196 194 198 199 198 202 207 213 218 221 221 219 218 217 217 211 214 218 220 220 217 214 217 216 219 222 223 222 221 216 213
196 198 201 204 205 208 207 206 210 212 215 214 217 212 208 205 201 208 209 206 208 211 214 210 205 191 193 205 210 212 213 213 216 217 218 222 219 219 216 213 213 211 209 207 201 196 190 173 162 164 171 174 173 177 183 191 191 194 196 200 202 204 202 198 196 195 195 200 203 208 213 219 221 220 217 217 218 214 209 212 219 220 220 214 209 211 211 216 215 219 223 219 212 218
192 197 201 203 205 206 208 211 212 214 212 206 214 217 211 208 203 211 206 204 207 211 216 214 210 201 196 205 212 214 214 213 216 217 217 219 221 220 212 208 212 214 212 208 199 190 182 169 171 168 167 179 181 185 191 195 192 192 193 196 200 206 206 203 198 198 198 202 207 210 216 220 220 217 212 212 213 214 207 210 219 221 218 213 209 211 210 210 215 219 223 222 215 215
192 193 197 196 203 204 204 206 208 210 208 203 211 217 216 213 213 214 213 211 213 215 217 213 215 211 208 207 214 216 215 216 215 217 219 216 217 221 214 208 211 216 214 209 199 186 177 175 185 180 176 176 187 190 192 197 195 193 193 196 198 206 209 206 198 199 199 203 208 215 220 218 219 218 217 216 213 212 211 214 219 220 217 216 210 206 207 215 215 218 220 224 224 219
193 191 188 195 201 199 197 198 202 201 203 207 213 216 218 217 218 217 215 214 216 218 218 217 217 216 215 215 215 216 217 218 216 215 218 220 219 217 216 216 216 215 213 208 202 195 188 188 193 189 187 184 187 194 196 199 196 196 196 196 198 204 209 208 201 202 202 205 208 218 220 215 218 216 217 217 214 214 216 217 217 220 219 218 214 210 214 215 220 221 223 224 225 225
195 195 192 192 191 189 187 191 197 206 210 211 215 218 219 218 218 218 217 217 218 218 219 219 218 218 217 216 217 216 217 219 220 218 218 220 219 214 214 219 218 217 215 210 206 200 194 194 198 195 193 191 189 193 199 202 198 196 199 200 199 204 210 211 205 203 207 207 212 221 218 215 216 213 211 213 209 216 215 211 216 218 217 215 213 208 209 213 218 222 222 223 224 226
196 193 191 186 191 194 195 203 206 212 216 217 218 219 220 219 220 219 218 217 219 219 219 219 219 218 219 218 219 215 216 218 220 220 221 220 219 220 220 220 220 218 216 212 210 207 200 200 202 200 198 197 193 194 200 203 203 198 203 201 202 201 209 211 206 207 210 211 218 218 217 217 214 207 207 211 213 215 213 211 214 216 215 214 210 207 211 213 218 221 222 224 225 225
198 196 186 184 197 205 205 210 215 216 216 217 219 218 218 219 220 220 219 219 218 218 219 219 220 219 220 221 221 218 218 219 219 214 218 219 219 221 222 221 220 218 216 215 214 212 204 205 207 203 202 200 196 198 198 202 204 205 205 202 205 204 210 211 209 210 213 217 219 213 213 214 210 208 203 208 210 210 210 212 208 215 210 215 208 209 213 216 220 221 223 224 225 225
200 195 188 184 193 203 213 215 218 217 216 218 218 217 218 219 219 220 220 219 217 217 219 220 219 218 220 221 221 221 218 220 219 212 212 218 219 220 220 219 220 218 214 216 216 211 207 207 209 206 206 201 194 197 201 202 203 209 209 205 207 210 209 212 212 212 217 218 219 215 214 212 208 207 204 199 206 205 206 208 207 211 204 211 209 212 214 218 217 221 223 224 224 225
200 200 196 190 196 209 217 217 216 215 216 217 217 217 216 216 217 218 218 219 220 219 218 220 220 220 221 221 219 218 215 214 216 215 213 216 219 220 219 219 221 221 219 219 218 215 213 212 213 210 208 202 197 196 200 205 204 209 211 206 210 212 211 211 213 214 217 217 213 217 215 213 211 209 202 197 199 201 200 203 202 203 199 206 210 211 212 210 213 219 223 224 225 225
194 204 199 200 207 214 216 214 209 210 210 210 212 214 214 215 216 217 218 216 217 220 221 220 219 221 222 216 210 215 215 212 212 213 214 212 218 219 215 217 220 221 219 217 218 217 216 214 213 211 209 201 201 203 201 205 209 210 212 206 208 212 213 212 214 217 217 211 209 215 215 213 212 209 203 199 201 206 202 198 196 197 200 203 202 202 203 196 202 212 221 224 225 225
195 205 206 201 209 216 211 212 207 204 201 198 201 210 214 216 217 218 218 218 219 219 220 220 219 221 220 208 207 215 215 209 212 213 213 213 217 218 214 214 217 218 221 220 220 219 218 215 213 211 207 205 205 208 205 205 210 211 212 212 211 212 213 213 214 217 213 211 210 212 217 216 214 210 205 205 206 208 205 200 195 192 194 191 188 193 192 188 197 212 221 223 224 225
199 204 209 205 211 214 211 212 208 206 198 195 201 210 215 217 216 216 216 217 216 217 220 220 221 221 219 211 209 210 214 212 206 208 211 211 216 218 215 213 217 217 220 221 221 220 220 217 209 206 205 207 207 209 211 209 208 212 212 214 213 213 213 213 217 216 211 210 209 209 212 212 214 211 211 210 208 202 197 198 196 195 195 187 184 188 187 199 208 215 220 222 224 225
203 204 206 212 211 207 211 210 204 200 200 197 200 210 214 215 215 216 216 215 216 218 218 218 219 221 220 216 208 205 209 211 206 208 211 213 214 216 214 213 215 218 220 217 214 215 218 217 213 208 207 209 210 211 212 209 210 212 214 214 213 212 213 212 217 213 211 210 208 209 209 209 214 212 208 206 201 194 192 189 188 193 197 196 197 199 200 205 213 215 220 220 221 226
206 209 212 213 204 202 200 200 198 195 196 198 198 208 213 213 213 213 215 213 216 218 216 217 219 221 219 217 212 210 210 210 209 208 210 213 214 214 214 216 216 220 218 215 211 213 215 219 217 214 211 212 212 212 212 214 214 214 215 213 211 211 211 212 212 213 211 209 207 206 208 208 214 210 202 197 195 196 192 187 186 192 197 201 201 207 209 212 215 219 221 221 222 226
210 213 212 208 202 197 193 191 193 189 191 196 198 205 207 212 212 214 214 212 215 217 215 217 217 221 219 218 214 211 209 207 208 212 210 212 214 212 214 218 217 219 211 203 207 214 218 218 217 218 217 215 214 215 214 215 215 212 213 214 210 213 210 210 208 211 213 207 205 205 208 212 211 204 200 198 196 194 188 186 188 194 198 205 204 207 208 210 216 220 220 219 224 225
210 208 209 202 196 191 189 190 190 188 188 193 197 203 207 210 213 214 211 214 215 217 216 217 218 219 220 217 214 212 213 212 211 212 212 215 216 217 217 218 219 217 206 201 204 213 216 216 215 216 216 215 214 216 215 215 215 212 211 213 212 213 211 208 207 212 210 206 205 205 209 208 206 205 202 196 192 191 189 188 193 197 201 206 209 210 209 214 217 218 218 222 225 225
208 203 207 203 195 191 191 195 192 191 191 192 196 201 206 209 212 208 209 213 213 215 216 216 215 217 219 218 216 213 215 210 210 211 211 211 211 215 214 215 219 214 208 202 206 212 208 204 212 215 216 215 213 213 211 211 215 215 212 212 214 213 210 205 208 211 206 205 204 205 207 204 201 201 198 193 192 190 187 191 196 201 203 204 207 210 211 212 214 216 219 222 222 224
201 200 202 203 198 198 199 195 190 192 195 195 198 200 205 209 209 205 208 210 211 211 212 214 216 220 218 217 217 217 211 207 205 206 203 203 211 215 216 217 218 216 212 208 209 213 206 210 214 216 217 214 213 211 211 210 213 213 209 213 214 213 208 203 207 211 208 204 204 203 198 199 198 194 194 194 192 189 189 189 195 202 204 200 202 209 212 211 215 220 222 221 224 224
194 197 197 198 202 198 201 198 196 196 197 197 197 196 203 204 208 206 208 211 215 215 214 213 215 219 216 213 215 215 212 210 202 195 197 201 206 212 216 218 218 215 216 213 213 213 209 211 214 214 217 216 213 212 210 211 211 212 209 211 214 212 208 204 208 210 210 205 204 200 193 190 193 192 194 195 195 189 190 190 195 203 202 199 202 206 211 213 214 221 223 222 220 223
192 194 189 192 197 197 196 198 197 198 197 197 195 193 200 205 211 213 215 217 218 218 218 217 218 216 212 211 212 211 214 209 200 196 200 203 205 208 216 215 212 210 211 215 213 211 204 208 210 208 213 216 214 212 211 211 210 209 209 210 213 210 204 205 210 209 209 207 203 200 195 187 192 195 198 199 194 191 192 193 201 205 202 199 196 207 209 214 214 220 222 223 220 222
184 185 186 189 192 196 194 195 199 195 194 194 193 192 201 208 212 215 217 218 218 219 219 220 219 216 213 208 205 211 212 207 199 198 202 207 210 212 216 210 201 202 207 213 214 205 202 207 208 208 212 215 216 213 212 212 211 205 210 212 213 207 202 201 210 208 205 205 203 202 197 191 195 196 201 198 195 195 190 195 204 202 198 196 195 200 208 214 212 213 216 221 224 223
181 184 188 191 192 196 194 196 197 193 191 189 191 196 204 210 214 215 217 217 218 219 219 219 219 218 215 210 206 206 209 207 200 192 197 205 210 215 215 207 202 203 208 212 211 205 204 204 205 208 212 212 217 215 214 211 210 209 211 213 212 204 200 200 207 208 204 203 202 201 197 191 194 199 201 197 197 193 192 199 204 195 194 191 197 204 200 213 214 215 216 221 224 225
184 188 191 194 196 194 193 194 194 193 189 187 194 201 207 211 214 215 216 217 218 218 218 219 218 217 216 214 206 203 202 202 198 188 190 198 209 214 214 211 206 205 209 210 210 205 201 203 204 209 211 211 215 216 215 213 213 212 212 212 210 201 198 200 207 204 200 202 200 199 196 192 193 199 202 200 195 189 191 201 206 198 196 194 195 204 209 213 213 215 220 223 224 225
186 189 193 195 196 193 190 191 190 191 187 184 194 203 207 211 214 215 216 216 217 218 218 219 218 216 215 213 210 206 202 195 194 192 191 195 203 212 206 203 208 205 207 209 207 202 198 202 206 207 209 210 213 214 216 215 214 211 212 212 207 201 199 200 206 202 196 197 201 199 195 192 195 201 202 199 197 194 194 202 207 202 200 199 193 201 213 215 212 217 221 224 223 225
191 187 190 191 195 193 189 186 181 182 184 184 190 202 207 211 213 215 216 216 217 217 218 218 217 216 214 209 200 200 202 195 194 197 196 199 205 212 202 200 206 202 200 201 203 200 193 197 202 203 206 210 211 210 214 215 215 211 211 211 207 202 200 203 205 202 198 196 200 201 200 197 197 203 201 198 199 199 198 200 209 207 204 198 195 197 209 215 217 216 221 221 223 225
189 186 188 190 191 192 191 182 182 182 185 190 192 202 208 211 213 214 215 216 216 217 217 217 216 214 211 206 195 191 194 196 193 199 204 205 211 206 198 199 203 203 199 195 195 191 185 188 191 198 204 208 208 208 212 214 213 211 210 210 206 200 200 204 205 201 199 195 198 194 199 200 198 203 203 203 206 204 197 201 207 211 205 203 198 196 201 209 214 217 218 216 222 225
193 190 188 189 188 186 189 187 185 185 187 193 195 201 207 210 211 213 214 215 216 217 216 216 215 212 207 200 191 186 190 195 198 199 204 210 211 202 200 201 199 196 199 198 196 193 186 181 191 194 199 204 209 212 211 209 211 207 207 209 207 200 200 204 205 199 198 194 196 191 193 195 196 203 205 205 210 207 201 199 205 211 201 204 202 198 198 204 214 218 218 219 223 222
189 187 186 188 188 184 184 185 184 185 192 196 199 201 206 210 212 213 215 216 216 215 215 214 212 209 200 189 184 187 190 194 196 201 203 207 211 207 205 200 193 194 196 193 187 189 185 180 189 192 201 207 209 210 206 205 206 205 205 206 207 202 199 203 204 200 194 190 192 191 188 191 192 199 207 210 213 211 204 204 203 211 202 206 205 201 198 206 214 219 219 218 217 214
185 182 184 187 187 185 180 181 181 182 190 196 200 204 204 207 211 212 214 215 214 214 213 211 209 206 199 189 184 185 190 190 189 196 200 201 207 207 206 199 198 198 195 197 194 190 181 179 184 193 201 207 207 207 202 200 200 201 201 204 204 201 197 203 203 199 195 189 185 188 185 187 193 197 203 212 216 214 208 210 205 212 207 209 207 201 199 209 215 219 219 217 212 207
184 183 184 186 186 184 179 177 179 181 184 190 196 200 199 202 206 210 213 214 212 212 211 209 206 199 192 185 182 185 187 187 191 193 199 202 206 204 206 204 202 200 202 201 198 190 188 182 187 194 202 205 206 204 199 193 193 193 196 200 196 195 195 199 203 199 192 188 185 186 188 191 194 198 202 208 214 218 214 209 206 209 214 212 209 199 200 212 218 220 217 215 211 206
178 180 179 182 186 185 181 177 180 183 183 186 190 195 194 191 194 204 210 212 209 208 207 205 202 196 187 184 183 183 185 188 190 191 196 199 206 207 208 207 205 204 205 204 201 196 190 184 184 191 198 202 201 197 194 188 184 181 189 194 195 195 197 201 201 200 192 186 190 189 189 194 195 198 203 207 212 218 216 211 214 215 212 208 209 201 201 209 216 220 217 214 210 208
173 172 179 182 186 185 183 181 182 184 186 188 189 189 188 186 188 194 207 206 204 202 200 199 196 192 183 184 185 183 184 186 187 189 195 200 202 195 202 205 207 205 201 202 202 198 191 181 178 188 192 198 193 191 188 182 180 175 180 186 194 197 198 196 199 197 194 191 194 197 192 196 198 198 202 206 208 212 219 217 220 217 215 210 206 201 201 206 213 219 217 218 212 210
168 172 180 183 185 185 184 184 182 184 185 186 187 190 189 188 188 195 206 201 196 191 191 189 186 184 184 186 185 184 187 188 190 191 196 200 197 190 193 200 205 206 204 201 202 200 191 187 185 185 187 190 190 179 179 174 175 173 178 188 192 195 194 192 192 194 195 200 197 200 194 197 202 202 199 201 206 210 214 221 222 221 216 210 204 206 206 209 215 219 211 215 215 214
168 172 177 180 181 183 183 182 183 184 183 183 186 190 191 193 191 201 197 199 190 184 185 185 185 184 186 186 185 184 186 185 189 193 196 194 192 190 190 197 202 204 200 194 198 200 196 194 189 179 180 183 176 166 167 173 181 181 175 182 190 195 194 194 195 199 196 199 204 204 201 199 205 207 201 203 205 212 214 215 223 223 212 207 205 208 214 215 218 221 212 213 216 219
164 166 172 174 178 181 182 184 185 185 183 186 188 190 190 189 196 193 191 189 189 183 185 185 185 185 186 188 186 184 186 187 185 187 189 186 187 187 189 196 197 201 201 195 191 198 194 190 187 175 168 169 163 161 171 179 186 187 182 188 192 197 196 197 199 205 205 204 206 208 206 202 202 210 208 208 208 211 218 216 220 224 220 213 214 213 217 221 222 220 214 211 211 218
