ecocropFuture/tif/c6/rcp585/ACCESS-CM2/tmin_3.asc
ncols        683
nrows        518
xllcorner    -87.691666666667
yllcorner    10.708333333333
cellsize     0.008333333333
NODATA_value  nan
[rows 378 to 419 of 518, columns 188 to 281 of 683]
217 219 220 221 222 224 225 226 226 227 228 229 229 230 230 230 230 232 234 235 238 239 242 244 249 250 250 250 251 251 252 252 252 252 252 253 253 253 253 253 253 253 253 253 253 253 253 253 253 254 254 254 254 254 254 254 254 254 254 254 254 254 254 254 254 254 254 254 254 254 254 254 254 254 254 254 254 254 253 253 252 252 252 252 252 252 252 252 252 252 252 251 251 250
218 220 221 223 224 225 226 227 227 228 229 229 230 230 229 228 225 227 229 230 232 236 239 242 247 250 251 251 251 252 252 252 252 252 252 253 253 253 253 253 253 253 253 253 253 253 253 254 254 254 254 254 254 254 254 254 254 254 254 254 254 254 254 254 254 254 254 254 254 254 254 254 254 254 254 254 255 254 254 254 253 253 253 253 253 253 253 253 253 253 252 252 252 251
219 221 223 224 225 226 227 228 228 229 230 230 230 229 223 223 221 219 220 221 225 231 234 238 243 248 250 251 251 252 252 252 252 252 252 253 253 253 253 253 253 253 253 253 253 253 254 254 254 254 254 254 254 254 254 254 254 254 254 254 254 254 254 254 254 254 254 254 254 254 254 254 254 254 254 254 255 255 254 254 254 254 254 254 254 254 254 254 253 253 253 253 253 252
219 222 224 226 226 227 228 229 229 230 231 231 229 226 220 212 207 205 207 207 221 226 228 233 241 246 250 251 251 252 252 252 252 252 252 253 253 253 253 253 253 253 253 253 254 254 254 254 254 254 254 254 254 254 254 254 254 254 254 254 254 254 254 254 254 254 254 254 254 254 254 254 254 254 254 254 255 255 255 255 255 255 255 255 255 255 255 254 254 254 254 254 253 253
220 222 225 226 227 228 229 229 230 231 232 231 229 226 219 209 199 186 188 196 212 215 220 228 237 246 250 251 252 252 252 252 252 252 252 253 253 253 253 253 253 253 254 254 254 254 254 254 254 254 254 254 254 254 254 254 254 254 254 254 254 254 254 254 254 255 255 255 255 255 255 255 255 254 254 254 254 254 255 255 255 254 254 254 254 254 254 254 254 254 254 254 254 254
221 223 225 227 228 229 229 230 230 231 232 231 230 228 222 214 204 184 190 182 189 206 218 230 234 239 247 251 252 252 253 253 253 253 253 253 253 253 254 254 254 254 254 254 254 254 254 254 254 254 254 254 254 254 254 254 254 254 254 254 254 254 255 255 255 255 255 255 255 255 255 255 255 255 255 255 255 255 255 254 254 254 254 254 254 254 254 254 254 254 254 254 255 254
222 224 226 227 228 229 230 231 232 232 233 232 231 229 225 219 211 202 210 192 199 213 224 232 236 239 244 249 251 252 253 253 253 254 254 254 254 254 254 254 254 254 254 254 254 254 254 254 254 254 254 254 254 254 254 254 254 254 254 254 255 255 255 255 255 255 255 255 255 255 255 255 255 255 255 255 255 255 255 255 255 255 254 254 254 254 254 254 254 254 254 254 255 255
223 224 226 228 229 230 231 232 233 233 234 234 233 232 231 227 223 217 218 214 215 225 233 237 239 240 241 243 251 252 253 253 253 253 254 254 254 254 254 254 254 254 254 254 254 254 254 254 254 254 254 254 254 254 254 254 254 254 255 255 255 255 255 255 255 255 255 255 255 255 255 255 255 255 255 255 255 255 255 255 255 255 255 255 255 254 254 254 254 254 254 254 255 255
224 225 227 228 230 231 231 233 234 234 235 235 235 234 234 233 232 229 230 230 231 235 239 242 245 244 243 246 251 251 253 253 253 253 253 253 254 254 254 254 254 254 254 254 254 254 254 254 254 254 254 254 254 254 254 254 255 255 255 255 255 255 255 255 255 255 255 255 255 255 255 255 255 255 255 255 255 255 255 255 255 255 255 255 255 255 255 255 255 254 254 254 255 255
225 226 228 229 231 232 233 234 235 236 236 237 237 236 237 238 237 237 238 238 241 242 244 246 247 247 247 249 251 251 253 253 253 253 253 253 253 254 254 254 254 254 254 254 254 254 254 254 254 254 254 254 254 254 255 255 255 255 255 255 255 255 255 255 255 255 255 255 255 255 255 255 255 255 255 255 255 255 255 255 255 255 255 255 255 255 255 255 255 255 254 254 254 254
227 228 229 231 232 233 234 235 236 237 237 238 239 239 240 241 240 241 242 244 245 246 247 248 248 249 249 250 251 251 253 253 253 253 253 253 253 253 254 254 254 254 254 254 254 254 254 254 254 254 254 254 255 255 255 255 255 255 255 255 255 255 255 255 255 255 255 255 255 255 255 255 255 255 255 255 255 255 255 255 255 255 255 255 255 255 255 255 255 255 255 254 254 254
229 230 231 233 233 234 235 236 237 238 238 239 240 240 241 243 243 244 244 246 247 248 249 249 249 249 250 250 251 251 252 253 253 253 253 253 253 253 253 254 254 254 255 255 255 255 255 254 254 254 255 255 255 255 255 255 255 255 255 255 255 255 255 255 255 255 255 255 255 255 255 255 255 255 255 255 255 255 255 255 255 255 255 255 255 255 255 255 255 255 255 255 254 254
230 232 233 234 235 236 236 237 238 239 239 240 241 242 243 244 244 245 246 247 248 248 249 249 249 250 250 250 251 252 253 252 252 253 253 253 253 253 251 253 254 254 255 255 255 255 255 255 255 255 255 255 255 255 255 255 255 255 255 255 255 255 255 255 255 255 255 255 255 255 255 255 255 255 255 255 255 255 255 255 255 255 255 255 255 255 255 255 255 255 255 255 255 254
232 233 234 235 236 237 238 238 239 240 240 241 242 242 243 244 245 246 247 247 248 248 249 249 250 250 251 251 252 252 252 252 251 251 251 251 251 252 245 251 254 254 255 255 255 255 255 255 255 255 255 255 255 255 255 255 255 255 255 255 255 255 255 255 255 255 255 255 255 255 255 255 255 255 255 255 255 255 255 255 255 255 255 255 255 255 255 255 255 255 255 255 255 255
234 235 236 237 237 238 239 239 240 241 241 242 242 243 244 245 245 245 246 247 247 247 249 250 250 251 252 252 252 252 253 250 246 247 246 246 244 246 246 251 254 254 255 255 255 255 255 255 255 255 255 255 255 255 255 255 255 255 255 255 255 255 255 255 255 255 255 255 255 255 255 255 255 255 255 255 255 255 255 255 255 255 255 255 255 255 255 255 255 255 255 255 255 255
235 236 237 238 239 239 240 241 241 242 242 243 243 244 244 245 244 245 245 246 247 247 249 250 251 253 254 254 253 253 249 246 242 246 246 238 232 233 242 250 253 254 255 255 255 255 255 255 255 255 255 255 255 255 255 255 255 255 255 255 255 255 255 255 255 255 255 255 255 255 255 255 255 255 255 255 255 255 255 255 255 255 255 255 255 255 255 255 255 255 255 255 255 255
237 238 238 239 240 241 241 242 242 242 243 243 244 244 245 245 245 245 245 246 247 248 249 250 251 253 254 254 253 252 249 244 236 240 241 233 225 223 236 247 253 254 255 255 255 255 255 255 255 255 255 255 255 255 255 255 255 255 255 255 255 255 255 255 255 255 255 255 255 255 255 255 255 255 255 255 255 255 255 255 255 255 255 255 255 255 255 255 255 255 255 255 255 255
238 239 239 240 241 241 242 242 243 243 243 243 244 244 245 245 245 245 246 247 247 247 249 250 251 253 253 254 254 253 253 248 240 237 237 233 233 230 237 247 254 255 255 255 255 255 255 255 255 255 255 255 255 255 255 255 255 255 255 255 255 255 255 255 255 255 255 255 255 255 255 255 255 255 255 255 255 255 255 255 255 255 255 255 255 255 255 255 255 255 255 255 255 255
239 239 240 241 242 242 243 243 243 244 244 244 244 245 246 246 246 246 246 247 247 249 250 250 251 253 253 254 254 254 254 252 248 248 246 247 246 244 243 248 254 255 255 255 255 255 255 255 255 255 255 255 255 255 255 255 255 255 255 255 255 255 255 255 255 255 255 255 255 255 255 255 255 255 255 255 255 255 255 255 255 255 255 255 255 255 255 255 255 255 255 255 255 255
239 240 240 241 242 242 242 243 244 244 244 245 245 245 246 246 246 247 247 247 248 249 250 250 251 253 253 253 254 253 253 252 254 254 254 254 254 253 251 253 255 255 255 255 255 255 255 255 255 255 255 255 255 255 255 255 255 255 255 255 255 255 255 255 255 255 255 255 255 255 255 255 255 255 255 255 255 255 255 255 255 255 255 255 255 255 255 255 255 255 255 255 255 255
238 238 240 240 240 241 241 241 243 244 244 244 245 246 246 246 247 247 248 248 248 249 249 250 251 252 253 253 254 254 253 254 255 255 255 255 255 255 255 255 255 255 255 255 255 255 255 255 255 255 255 255 255 255 255 255 255 255 255 255 255 255 255 255 255 255 255 255 255 255 255 255 255 255 255 255 255 255 255 255 255 255 255 255 255 255 255 255 255 255 255 255 255 255
236 236 238 238 239 240 242 241 243 243 244 243 245 246 246 246 247 247 248 248 248 249 249 250 250 252 252 253 253 254 253 255 255 255 255 256 256 255 255 255 255 255 255 255 255 255 255 255 255 255 255 255 255 255 255 255 255 255 255 255 256 256 256 256 256 256 255 255 255 255 255 255 255 255 255 255 255 255 255 255 255 255 255 255 255 255 255 255 255 255 255 255 255 255
234 234 236 235 237 242 243 244 244 244 245 246 246 246 246 247 247 247 248 248 248 249 249 249 250 251 252 253 253 254 254 255 255 255 255 256 256 256 256 256 256 255 255 255 255 255 255 255 255 256 256 256 256 256 256 256 256 256 256 256 256 256 256 256 256 256 256 256 256 255 255 255 255 255 255 255 255 255 255 255 255 255 255 255 255 255 255 255 255 255 255 255 255 255
233 233 233 234 234 239 241 244 245 245 245 246 246 246 247 247 247 248 248 248 248 249 249 250 250 251 250 253 253 254 254 254 255 255 255 256 256 256 256 256 256 256 256 256 256 256 256 256 256 256 256 256 256 256 256 256 256 256 256 256 256 256 256 256 256 256 256 256 256 256 256 255 255 255 255 255 255 255 255 255 255 255 255 255 255 255 255 255 255 255 255 255 255 255
229 235 234 236 239 240 241 243 244 244 244 245 245 245 245 246 247 248 248 248 249 249 249 250 250 251 250 250 251 253 254 254 255 255 255 256 256 256 256 256 256 256 256 256 256 256 256 256 256 256 256 256 256 256 256 256 256 256 256 256 256 256 256 256 256 256 256 256 256 256 256 256 255 255 255 255 255 255 255 255 255 255 255 255 255 255 255 255 255 255 255 255 255 255
231 237 237 240 241 239 241 242 243 242 241 242 241 240 240 244 247 248 248 248 249 249 249 250 250 251 251 250 250 252 254 254 255 255 255 256 256 256 256 256 256 256 256 256 256 256 256 256 256 256 256 256 256 256 256 256 256 256 256 256 256 256 256 256 256 256 256 256 256 256 256 256 255 255 255 255 255 255 255 255 255 255 255 255 255 255 255 255 255 255 255 255 255 255
237 239 235 237 241 238 240 242 242 240 241 241 241 242 242 246 247 248 248 249 249 249 250 250 250 251 252 251 252 253 254 254 255 255 255 256 256 256 256 256 256 256 256 256 256 256 256 256 256 256 256 256 256 256 256 256 256 256 256 256 256 256 256 256 256 256 256 256 256 256 256 256 256 255 255 255 255 255 255 255 255 255 255 255 255 255 255 255 255 255 255 255 255 255
239 240 234 235 238 242 241 240 242 240 241 243 242 244 246 247 248 248 248 249 249 249 250 250 250 251 252 252 253 253 253 254 255 255 256 256 256 256 256 256 256 256 256 256 256 256 256 256 256 256 256 256 256 256 256 256 256 256 256 256 256 256 256 256 256 256 256 256 256 256 256 256 256 256 255 255 255 255 255 255 255 255 255 255 255 255 255 255 255 255 255 255 255 255
242 241 238 241 240 244 244 243 242 241 241 242 243 246 246 247 248 248 249 249 249 249 249 250 250 251 252 252 253 253 254 254 255 255 256 256 256 256 256 256 256 256 256 256 256 256 256 256 256 256 256 256 256 256 256 256 256 256 256 256 256 256 256 256 256 256 256 256 256 256 256 256 256 256 255 255 255 255 255 255 255 255 255 255 255 255 255 255 255 255 255 255 255 255
243 244 243 244 245 246 246 245 244 244 241 241 245 246 247 247 248 248 248 249 249 249 250 250 250 251 252 252 253 253 254 254 255 255 256 256 257 256 256 256 256 256 256 256 256 256 256 256 256 256 256 256 256 256 256 256 256 256 256 256 256 256 256 256 256 256 256 256 256 256 256 256 256 256 256 255 255 255 255 255 255 255 255 255 255 255 255 255 255 255 255 255 255 255
244 246 246 247 246 245 243 244 243 242 241 245 246 245 247 248 248 248 248 247 249 250 251 251 251 252 252 252 253 253 254 254 255 255 256 256 257 257 256 256 256 256 256 256 256 256 256 256 256 256 256 256 256 256 256 256 257 257 257 257 257 256 256 256 256 256 256 256 256 256 256 256 256 256 256 255 255 255 255 255 255 255 255 255 255 255 255 255 255 255 255 255 255 255
246 247 247 246 244 243 245 246 245 245 245 246 247 246 247 248 248 248 247 245 248 250 250 251 251 252 252 252 253 254 254 255 255 256 256 256 257 257 257 257 257 256 256 256 256 256 256 256 256 256 256 256 256 256 257 257 257 257 257 257 256 256 256 256 256 256 256 256 256 256 256 256 256 256 256 255 255 255 255 255 255 255 255 255 255 255 255 255 255 255 255 255 255 255
248 247 245 246 246 246 246 244 243 245 245 246 246 246 247 247 247 246 246 245 248 250 250 251 251 252 252 252 253 254 254 255 255 255 256 256 257 257 257 257 257 257 257 257 257 257 257 257 257 257 257 257 257 257 257 257 257 256 256 256 256 256 256 256 256 256 256 256 256 256 256 256 256 256 256 255 255 255 255 255 255 255 255 255 255 255 255 255 255 255 255 255 255 255
248 246 244 243 245 246 245 241 240 244 245 244 245 245 245 245 243 241 242 246 249 248 248 249 250 251 252 252 253 253 254 254 255 255 256 256 257 257 257 257 257 257 257 257 257 257 257 257 257 257 257 257 257 257 257 256 256 256 255 255 255 255 255 255 255 255 255 255 256 256 256 256 256 256 256 255 255 255 255 255 255 255 255 255 255 255 255 255 255 255 255 255 255 255
245 244 241 241 243 242 244 240 241 240 243 244 246 245 243 242 240 240 243 246 247 246 246 246 248 250 251 252 253 253 254 254 254 255 256 256 257 257 257 257 257 257 257 257 257 257 257 257 257 257 257 257 257 257 256 256 255 254 253 252 253 253 253 253 254 254 255 255 255 255 256 256 256 256 256 255 255 255 255 255 255 255 255 255 255 255 255 255 255 255 255 255 255 254
243 243 241 241 239 241 240 240 243 239 241 246 247 244 240 240 243 245 243 244 247 247 246 245 245 248 251 252 252 253 253 254 254 255 255 256 257 257 257 257 257 257 257 257 257 257 257 257 257 257 257 257 257 256 255 253 252 252 250 249 249 250 250 251 252 253 254 254 255 255 255 256 256 256 256 255 255 255 255 255 255 255 255 255 255 255 255 255 255 255 255 255 255 254
244 241 240 243 243 243 239 242 244 241 244 247 245 244 240 241 244 245 242 243 247 248 247 247 244 248 250 251 252 253 253 254 254 255 255 256 257 257 257 257 257 257 257 257 257 257 257 257 257 257 257 257 256 254 252 251 250 249 246 244 244 245 247 249 250 252 252 254 254 255 255 255 256 256 256 255 255 255 255 255 255 255 255 255 255 255 255 255 255 255 255 255 254 254
242 241 242 245 245 242 240 245 243 243 247 247 243 242 242 240 243 245 245 243 247 248 246 245 246 248 250 251 252 253 253 253 254 255 255 256 256 257 257 257 258 257 257 257 257 257 257 257 257 257 257 256 254 252 251 248 247 244 240 236 235 238 243 246 247 250 251 253 254 254 255 255 255 256 256 255 255 255 255 255 255 255 255 255 255 255 255 255 255 255 255 254 254 254
242 243 245 246 247 245 245 246 241 246 248 245 243 241 238 239 239 243 246 246 248 248 247 247 247 250 250 251 252 253 253 253 254 254 255 256 256 257 257 257 257 258 257 257 257 257 257 257 257 257 257 256 253 250 249 246 243 237 228 217 215 224 233 239 243 248 251 253 254 254 255 255 255 256 256 255 255 255 255 255 255 255 255 255 255 255 255 255 255 255 255 254 254 254
247 248 247 248 245 246 247 245 242 248 247 242 244 243 241 239 238 241 243 245 247 248 249 249 249 250 251 251 252 252 253 253 254 254 255 255 256 256 257 257 257 258 258 257 257 257 257 257 257 257 257 255 251 248 248 245 241 232 212 193 185 200 223 238 244 247 250 253 253 254 254 255 255 256 256 255 255 255 255 255 255 255 255 255 255 255 255 255 255 255 254 254 254 254
248 248 247 246 246 248 249 246 248 249 246 245 243 238 239 234 235 237 241 245 243 243 245 248 249 250 251 252 252 252 253 253 254 254 255 255 256 256 257 257 257 258 258 257 257 257 257 257 257 257 256 254 250 248 247 244 238 228 209 182 163 190 221 236 243 246 250 252 253 254 254 255 255 255 256 255 255 255 255 255 255 255 255 255 255 255 255 255 255 254 254 254 254 254
246 246 247 247 247 249 249 250 250 249 247 246 242 241 234 232 239 242 242 244 243 237 238 244 247 249 250 251 252 252 253 253 254 254 255 255 255 256 256 257 257 258 258 258 257 257 257 257 257 257 256 254 251 248 247 244 238 231 218 200 187 203 223 238 243 246 249 252 253 254 254 255 255 255 256 255 255 255 255 255 255 255 255 255 255 255 255 255 255 254 254 254 254 254
