ecocropFuture/tif/c6/rcp585/ACCESS-CM2/tmin_7.asc
ncols        683
nrows        518
xllcorner    -87.691666666667
yllcorner    10.708333333333
cellsize     0.008333333333
NODATA_value  nan
[rows 294 to 335 of 518, columns 282 to 375 of 683]
229 227 226 227 228 229 230 231 229 227 228 230 233 232 233 233 232 228 225 229 230 231 230 228 230 230 228 229 227 227 227 226 225 225 225 224 222 223 223 223 225 225 225 226 230 231 232 231 231 233 232 232 233 233 233 232 231 232 231 231 230 226 231 230 229 231 232 231 232 233 233 233 232 232 232 232 232 232 232 232 230 231 233 232 232 232 233 233 233 232 232 231 232 232
226 223 224 228 229 229 230 230 228 226 230 232 232 230 231 232 233 230 227 226 228 229 229 230 229 229 228 227 226 227 227 226 225 225 225 225 224 222 221 219 224 225 226 228 231 231 231 232 231 233 233 233 233 234 233 232 232 232 232 232 231 229 230 231 230 231 231 231 232 232 234 234 234 233 232 233 233 233 233 232 231 233 234 233 233 232 234 234 233 232 232 231 233 233
227 228 228 231 230 230 231 230 230 231 232 231 232 228 229 230 233 233 231 228 229 226 229 229 229 229 226 224 226 226 226 226 226 225 225 224 223 220 221 223 226 227 230 231 231 228 231 232 232 233 233 233 234 234 233 232 232 232 231 231 232 230 230 230 231 231 231 231 233 234 234 234 234 234 234 234 235 234 234 233 232 233 233 234 234 234 234 235 235 234 233 233 233 234
227 228 230 232 232 232 231 231 232 232 229 230 232 230 227 227 231 232 232 230 230 227 228 229 229 229 227 225 227 226 225 225 224 225 224 222 222 222 220 223 228 228 230 229 225 224 231 232 232 233 233 233 233 234 233 232 232 231 231 232 232 231 230 230 232 232 233 234 233 234 234 233 234 235 235 235 235 234 234 234 233 233 234 234 235 236 236 236 235 234 234 234 234 234
228 230 231 231 232 233 233 233 233 231 229 228 230 228 230 226 228 231 232 231 227 223 224 227 229 227 226 225 226 225 224 224 223 222 222 221 222 220 219 220 222 226 228 223 222 228 226 231 232 233 233 233 233 234 234 232 232 232 232 232 232 231 231 230 231 231 232 233 233 234 233 232 232 234 235 235 235 235 235 235 235 234 233 234 234 236 236 236 236 236 236 235 234 235
229 228 230 231 232 233 232 232 233 231 229 226 225 221 225 227 228 228 230 232 225 224 226 228 228 225 225 225 224 224 222 221 222 222 224 223 221 214 217 218 226 229 223 220 224 224 225 230 232 233 233 233 233 234 234 233 232 232 230 232 232 231 230 230 231 232 232 233 233 233 231 230 228 233 233 233 233 235 236 236 235 234 235 234 233 233 232 234 235 235 235 237 236 236
229 230 232 233 233 234 232 232 233 232 230 228 228 226 225 224 222 226 230 230 229 227 228 228 225 225 226 223 222 221 221 222 223 223 222 222 222 220 220 219 222 226 220 221 220 220 227 232 230 232 233 233 234 234 234 233 233 233 232 230 233 232 231 231 231 232 232 231 231 231 230 230 231 232 234 234 235 235 236 235 234 234 233 233 233 233 232 232 234 235 236 236 237 236
230 231 233 234 233 234 232 232 232 231 231 230 229 227 226 227 226 228 227 228 230 230 230 228 225 227 224 223 222 221 223 224 226 223 221 221 221 219 219 219 220 219 218 222 224 227 231 227 227 232 233 233 234 234 235 234 234 234 233 231 232 232 232 232 232 233 233 232 233 232 232 232 232 233 233 235 235 235 236 235 233 233 234 234 233 232 232 234 235 234 236 236 237 238
230 231 232 234 234 234 233 233 233 231 230 228 227 228 227 225 227 227 224 226 229 230 231 230 229 225 221 224 223 223 224 227 225 222 218 219 219 216 218 219 218 218 221 225 228 231 226 227 232 233 233 233 233 234 234 235 234 233 233 231 232 232 233 233 232 233 234 234 233 233 233 234 234 234 234 234 235 235 235 235 234 234 235 234 234 234 235 236 236 235 236 237 237 237
229 228 229 232 233 232 231 232 233 232 231 230 229 229 227 223 225 226 227 228 229 228 230 231 229 226 224 225 224 225 225 228 228 224 223 221 219 220 221 220 218 219 222 226 229 228 226 230 233 232 233 233 234 233 234 234 235 234 233 233 233 232 233 234 233 233 234 235 234 234 235 235 235 235 235 235 235 235 234 234 234 235 235 235 236 236 236 236 236 237 237 237 237 237
231 232 233 233 233 229 227 230 232 232 232 231 230 230 227 226 224 225 226 228 226 226 229 230 229 226 223 226 226 227 227 227 225 225 225 222 221 220 220 219 217 221 222 226 228 221 219 227 232 233 233 233 233 233 234 234 235 234 235 235 234 232 234 234 235 234 235 235 234 235 235 235 235 235 234 232 233 234 234 234 234 234 234 235 236 236 236 236 236 236 237 237 237 237
229 230 231 232 231 225 226 229 232 231 231 232 232 231 229 227 224 223 224 225 226 228 229 230 230 228 223 227 228 228 228 224 219 221 225 223 224 221 219 218 219 223 225 228 221 217 222 228 232 233 232 231 231 234 233 233 234 233 234 234 235 232 232 233 234 234 233 234 235 234 234 234 234 234 233 232 232 233 233 234 233 234 235 235 236 236 237 237 237 237 236 237 237 237
229 226 230 232 232 230 230 230 231 232 232 232 232 231 230 229 226 226 224 226 226 229 229 229 229 229 226 227 229 230 228 224 216 222 226 227 225 220 219 221 223 223 225 225 221 222 225 231 233 232 232 231 232 232 232 233 234 234 235 234 233 231 230 232 233 233 233 234 234 233 234 234 234 234 233 232 233 233 233 233 234 235 236 236 237 237 237 237 237 236 237 236 235 235
231 230 230 231 230 230 231 231 231 231 231 231 230 231 227 229 228 225 227 226 227 227 225 227 229 230 230 229 230 230 229 227 221 223 228 227 224 222 222 223 222 227 227 226 228 228 230 232 232 232 232 232 232 231 232 232 233 233 234 235 234 232 232 231 232 233 234 232 232 230 233 232 233 233 233 232 232 232 233 234 234 234 233 235 236 236 236 237 237 237 237 237 237 236
231 231 232 232 231 232 231 231 230 230 231 231 230 230 229 227 220 219 224 226 227 227 227 227 228 230 231 231 230 231 230 228 226 227 229 227 220 218 224 225 224 227 229 228 230 231 233 233 233 233 232 231 231 231 230 230 232 233 235 234 233 232 231 230 231 233 232 230 232 232 233 233 232 233 233 233 233 232 230 231 231 233 232 232 236 234 234 237 237 238 238 238 238 238
232 228 227 230 232 232 231 230 230 230 230 230 230 228 228 227 219 217 218 222 228 229 229 229 228 229 230 230 231 231 231 229 229 230 228 220 211 212 223 228 228 226 230 231 232 232 233 233 232 233 233 232 231 232 229 230 232 234 235 234 234 231 231 231 230 231 229 229 232 233 234 233 235 234 234 234 231 230 232 233 232 233 234 233 235 236 236 237 236 238 238 238 238 239
229 227 227 231 231 233 232 232 231 230 228 226 227 227 227 227 226 221 214 219 223 224 226 229 230 230 229 230 231 231 231 230 230 230 226 212 210 216 225 230 231 229 231 232 232 232 233 233 233 233 232 232 232 233 230 231 231 233 235 234 233 231 229 230 230 229 229 231 231 234 234 235 235 235 235 233 233 232 234 236 234 235 236 236 237 237 238 238 238 238 238 239 238 238
229 231 232 231 231 232 231 231 232 231 230 229 228 229 228 226 225 224 221 216 211 210 217 227 230 231 230 231 231 231 232 230 230 231 227 220 218 219 229 231 232 232 232 232 232 232 232 233 233 233 233 233 233 233 232 231 231 234 234 233 232 230 229 229 229 227 229 231 233 233 233 234 236 236 234 235 235 236 236 236 236 236 236 237 237 238 238 238 238 238 238 238 238 238
232 233 232 229 225 225 224 227 230 231 230 230 229 226 227 227 225 224 222 219 215 212 213 225 230 231 231 231 230 230 231 230 231 231 230 227 224 228 232 231 231 233 232 231 232 233 233 233 234 233 233 230 233 233 234 233 233 235 234 233 232 230 230 230 228 228 228 231 231 233 234 236 236 236 236 236 237 237 237 237 237 237 238 238 238 238 238 238 238 238 238 238 238 238
232 233 231 228 227 226 225 225 224 229 230 230 229 227 223 226 227 224 221 221 220 214 218 224 229 231 231 231 230 230 230 232 232 231 231 230 230 231 230 226 230 233 233 232 233 234 234 234 233 232 231 231 231 232 233 234 232 231 233 232 232 231 231 230 230 229 229 230 232 233 235 236 236 237 237 237 237 237 237 237 237 238 238 238 238 238 238 238 238 238 238 238 238 238
232 232 232 231 229 228 227 226 224 224 228 230 229 227 225 224 224 225 221 223 225 218 221 223 227 231 231 231 229 229 231 232 232 231 232 232 231 231 228 225 231 232 233 234 233 233 234 233 232 231 230 230 230 229 232 233 232 229 233 232 232 232 231 230 230 229 229 231 233 233 235 236 236 236 236 237 237 237 237 236 236 237 238 238 238 238 238 238 238 238 238 238 237 238
231 229 229 232 228 228 227 228 226 224 226 230 229 227 228 227 225 224 225 226 228 223 223 225 229 232 231 231 231 231 232 232 232 231 232 232 231 232 229 230 231 232 234 234 233 233 232 231 232 231 230 229 229 232 233 234 231 232 232 232 232 232 232 231 230 229 231 232 232 233 235 236 235 234 236 236 236 235 236 235 234 237 237 237 236 237 237 236 237 238 238 237 238 238
232 232 232 232 229 230 229 229 227 225 225 227 230 229 229 226 225 224 228 227 229 227 224 224 229 232 231 230 230 231 232 233 232 232 232 233 233 233 231 231 231 232 234 233 233 232 233 230 230 230 231 230 230 232 234 233 231 231 231 229 231 232 232 232 230 230 232 233 233 234 235 235 235 236 235 236 237 236 236 235 236 237 237 236 235 236 237 235 236 238 238 238 238 238
232 232 232 232 232 231 230 230 229 228 227 225 229 229 229 227 224 224 228 229 229 229 227 225 228 232 231 231 231 232 232 233 233 232 233 234 234 233 232 233 233 234 233 233 232 232 232 230 230 231 231 232 230 232 233 233 231 231 229 226 231 232 231 232 231 230 231 233 234 234 234 236 235 232 229 233 235 236 234 233 233 233 235 234 234 235 237 236 236 238 238 237 238 238
232 232 232 231 233 232 231 230 230 229 226 224 227 229 229 227 225 225 229 230 228 229 230 227 227 232 232 233 231 232 233 232 233 233 234 233 234 234 234 233 233 234 234 233 232 231 230 229 231 231 232 233 233 233 232 233 232 230 229 225 228 231 232 232 231 231 232 233 234 234 235 236 232 228 230 234 234 234 233 232 232 232 234 235 234 234 235 235 237 238 238 238 238 238
230 228 231 232 232 232 232 231 229 229 226 223 225 229 228 226 225 225 229 231 229 228 230 229 229 233 233 232 231 232 233 233 234 234 234 234 234 233 232 231 234 234 234 233 232 230 228 227 230 232 232 233 234 233 232 233 232 230 229 225 228 231 231 231 230 229 232 233 234 235 235 232 229 229 232 231 230 233 232 232 232 233 234 235 235 234 235 235 238 238 238 238 238 237
225 225 230 232 232 232 232 231 230 229 228 225 226 228 227 224 221 224 229 231 231 229 230 230 231 233 233 233 233 233 234 234 233 233 233 234 234 233 232 233 234 234 233 231 231 230 229 227 229 231 233 232 233 233 231 232 232 231 229 224 226 228 229 230 226 225 228 232 234 235 233 230 230 232 232 232 232 233 233 231 232 234 233 235 235 235 235 235 235 237 237 238 238 237
226 230 230 232 231 232 232 231 231 229 227 225 225 227 226 224 220 220 227 230 230 230 227 231 228 232 233 233 233 234 234 234 233 233 233 234 233 232 232 232 232 233 233 231 231 229 227 222 223 229 231 231 231 230 232 233 232 231 228 224 225 225 223 222 220 222 227 232 233 235 232 230 231 231 233 233 233 233 233 233 233 234 234 234 234 234 234 233 233 233 235 236 238 237
229 229 224 228 229 229 231 232 230 227 227 225 223 223 226 227 223 225 224 224 227 231 231 231 226 232 233 233 234 234 234 234 233 231 232 233 234 233 232 232 232 233 234 233 232 230 227 221 222 226 226 229 230 229 232 233 232 231 230 226 225 226 224 221 216 219 225 230 232 234 232 232 231 231 232 233 233 233 234 233 234 233 232 231 232 232 231 231 231 232 234 235 237 237
221 222 224 229 229 230 230 229 228 224 225 226 225 225 226 229 228 229 228 228 228 230 229 231 231 232 232 233 234 234 234 233 232 229 232 233 233 233 232 232 233 231 233 233 232 229 221 220 226 225 221 225 229 232 229 228 230 229 229 226 226 226 225 221 224 227 227 224 227 232 232 232 233 232 232 232 232 233 234 233 234 233 232 231 231 230 231 232 234 235 236 236 238 236
218 220 226 228 228 229 229 228 228 225 224 225 225 225 226 227 228 231 231 231 230 228 230 232 231 233 233 234 233 233 233 233 233 233 232 232 233 232 232 232 232 232 234 233 231 228 222 224 225 220 218 226 230 232 230 227 229 226 225 227 227 227 225 223 226 226 226 230 231 232 232 233 232 231 232 230 231 233 232 232 234 233 232 232 231 232 233 235 235 236 235 236 237 235
219 221 223 227 227 225 227 227 227 226 223 225 225 226 226 226 223 227 231 232 232 232 232 233 233 233 233 233 233 233 233 232 231 231 230 231 232 231 230 231 231 231 234 231 229 226 223 225 222 216 217 220 228 230 231 231 229 227 227 227 227 227 227 227 227 224 227 231 232 232 232 233 233 232 229 229 231 231 230 231 233 233 231 229 230 231 232 235 235 234 234 235 236 234
219 220 222 224 220 219 226 227 226 226 223 225 226 225 224 224 219 223 230 232 231 232 232 231 233 232 232 233 233 232 232 231 227 223 222 230 231 229 228 230 229 231 233 229 228 226 225 227 223 216 220 218 222 228 229 229 228 227 227 227 228 228 228 227 226 224 227 229 231 232 233 233 232 230 229 231 231 229 230 230 231 233 232 231 232 232 233 232 233 233 233 235 234 235
218 221 222 221 219 218 220 225 225 225 224 223 225 225 225 222 218 222 229 231 232 232 232 232 233 232 232 231 231 231 229 227 226 222 221 226 230 228 229 231 232 231 233 231 228 227 226 228 225 222 223 220 217 221 223 229 228 227 227 227 227 228 228 228 228 227 225 225 227 230 232 233 232 230 228 230 231 232 232 232 232 232 231 232 232 232 231 229 231 231 232 235 235 234
216 221 221 218 217 217 217 217 222 223 225 222 219 222 223 219 213 219 228 229 229 231 230 232 232 231 226 226 229 227 222 218 218 221 220 221 229 231 233 233 234 234 233 228 228 227 228 229 228 226 227 219 221 222 223 228 228 228 228 228 228 228 228 229 229 229 229 230 229 231 232 232 232 232 230 231 231 230 232 232 229 232 232 231 231 232 231 231 232 232 234 236 236 235
217 219 215 215 214 214 217 219 221 223 224 221 219 217 215 213 209 216 226 223 226 230 224 228 228 225 220 220 222 216 214 212 213 211 214 219 229 232 233 232 232 234 233 229 228 228 229 231 230 229 229 226 228 227 225 229 229 228 228 230 228 229 228 229 230 231 231 232 232 232 232 232 232 231 231 231 230 230 232 232 230 231 232 231 231 232 231 233 234 235 235 235 236 235
214 216 211 209 214 216 216 220 223 224 223 222 221 218 215 214 212 214 219 220 226 227 219 221 221 215 214 213 213 213 214 216 216 212 218 220 226 228 227 232 233 234 231 229 228 229 229 231 231 231 230 230 229 229 229 230 230 230 230 230 229 229 229 229 230 230 231 231 231 232 232 232 232 232 231 231 230 231 231 231 230 230 232 232 231 232 234 234 234 233 233 235 234 235
215 212 206 203 209 213 214 218 222 223 223 221 221 220 218 217 214 211 212 216 220 225 218 216 215 212 214 214 213 216 218 219 216 214 221 224 225 225 227 231 231 234 229 228 227 228 229 230 232 232 231 230 230 230 230 230 230 230 231 230 230 230 230 229 230 230 231 231 231 231 231 232 229 226 230 230 229 229 231 231 229 231 232 231 232 233 233 234 233 231 233 235 234 234
223 219 209 203 201 206 214 219 222 222 222 219 219 219 218 218 217 215 212 212 217 218 217 216 209 213 215 214 212 216 219 222 219 218 222 224 226 229 231 230 230 233 230 229 228 228 229 231 232 232 232 230 230 230 231 231 230 231 231 231 229 229 229 229 229 229 230 230 229 227 230 228 228 224 227 228 229 230 230 228 228 231 231 232 232 232 234 233 232 230 231 234 232 233
229 228 221 212 211 212 215 219 221 221 221 221 219 218 219 219 218 215 216 213 212 213 218 217 216 215 216 213 213 216 219 223 225 222 224 225 225 227 232 233 232 234 230 231 231 229 229 230 232 231 231 231 230 230 230 230 231 231 231 230 228 228 229 228 228 229 228 229 227 225 228 227 228 229 227 226 229 230 230 228 230 230 229 229 231 233 232 232 233 233 234 233 231 231
232 219 211 214 220 219 218 219 220 219 220 221 219 219 219 219 216 216 219 217 216 218 220 219 219 217 214 214 218 218 219 223 226 227 226 226 225 224 232 234 234 234 232 233 232 231 229 231 232 232 232 231 230 230 230 230 231 231 232 229 228 228 229 228 228 228 227 227 227 228 229 229 230 230 229 230 230 231 231 231 231 230 230 229 230 231 230 231 233 234 233 233 232 231
224 217 220 224 226 223 220 220 221 220 221 220 218 218 219 219 218 218 220 220 220 220 221 220 218 217 215 218 221 221 222 223 227 228 227 226 226 226 232 234 234 234 234 233 231 230 230 230 231 232 233 232 231 230 231 232 231 232 230 229 229 230 229 229 228 228 228 228 226 225 227 229 230 230 230 230 230 230 230 230 230 231 230 230 229 231 232 232 233 233 233 233 234 233
