ecocropFuture/tif/c6/rcp585/ACCESS-CM2/tmin_9.asc
ncols        683
nrows        518
xllcorner    -87.691666666667
yllcorner    10.708333333333
cellsize     0.008333333333
NODATA_value  nan
[rows 252 to 293 of 518, columns 0 to 93 of 683]
244 242 241 240 239 239 238 237 236 236 235 235 235 235 237 238 239 240 242 243 244 245 246 247 247 248 248 248 249 249 250 nan nan nan nan nan nan nan nan 251 251 251 251 251 251 251 251 251 251 251 251 251 251 251 251 251 251 251 251 251 251 251 251 251 251 251 251 251 250 250 250 250 250 250 250 250 250 250 250 250 250 250 249 249 249 248 248 248 248 248 247 247 247 247
243 242 241 241 240 240 239 238 237 237 236 236 236 237 238 239 240 242 243 244 245 246 246 247 247 247 248 248 249 249 249 250 250 250 250 250 251 251 251 251 251 251 251 251 251 251 251 251 252 251 251 251 251 251 251 251 251 251 251 251 251 251 251 251 251 251 251 251 251 251 251 251 251 251 250 250 250 250 250 250 250 250 249 249 249 248 248 248 248 248 247 247 247 247
nan 243 242 241 241 241 240 239 238 236 237 237 237 238 239 240 241 242 243 244 245 246 247 247 247 248 248 248 248 249 249 249 249 250 250 250 250 250 250 250 250 250 250 250 251 251 251 251 251 251 251 251 251 251 251 251 251 251 251 251 251 251 251 251 251 251 251 251 251 251 251 251 250 250 250 250 250 250 250 250 250 250 249 249 249 248 248 248 248 247 247 247 247 247
nan nan 243 242 242 241 241 240 239 236 235 238 237 238 239 242 243 243 244 245 246 246 247 247 247 248 248 248 248 248 249 249 249 249 249 249 250 250 250 250 250 250 250 250 250 250 250 250 250 250 250 250 250 250 250 250 250 251 251 251 251 251 251 251 251 251 251 251 251 251 251 251 250 250 250 250 250 250 250 250 250 250 249 249 249 248 248 248 248 247 247 247 247 246
nan nan nan 244 243 242 242 242 242 237 235 239 238 236 238 242 244 244 245 246 246 247 247 247 247 247 248 247 248 248 248 248 249 249 249 249 249 249 249 249 249 249 250 250 250 250 250 250 250 250 249 250 250 249 250 250 250 250 251 251 251 251 251 251 251 251 251 251 251 251 251 251 250 250 250 250 250 250 250 250 250 250 249 249 249 248 248 248 248 247 247 247 247 246
nan nan nan nan nan 243 243 243 243 241 238 241 240 240 240 241 245 245 245 246 247 247 247 247 247 246 248 247 247 247 246 247 248 248 248 248 249 249 249 249 249 249 249 249 249 249 249 249 249 248 248 249 248 248 249 249 249 250 250 250 251 251 251 251 251 251 251 251 251 251 251 251 250 250 250 250 250 250 250 250 250 250 249 249 249 248 248 248 247 247 247 247 247 246
nan nan nan nan nan nan 244 244 244 244 243 243 243 243 243 244 245 245 245 246 247 246 247 247 246 243 244 246 243 242 244 243 246 245 243 245 247 248 248 248 248 248 246 246 249 249 249 249 249 248 249 248 247 247 246 247 248 248 249 250 250 251 251 251 251 251 251 250 251 251 251 251 250 250 250 250 250 250 250 250 250 250 249 249 249 248 248 248 247 247 247 247 246 245
nan nan nan nan nan nan nan nan 244 245 245 245 244 245 245 246 246 246 246 247 247 247 247 247 243 239 239 244 242 239 239 240 240 240 241 241 245 248 247 247 248 246 244 245 248 248 248 248 248 248 248 247 246 245 244 246 248 248 249 250 250 250 251 251 251 251 251 250 251 250 250 250 250 250 250 250 250 250 250 250 250 249 249 249 248 248 248 248 247 247 247 246 246 245
nan nan nan nan nan nan nan nan nan 245 245 246 245 246 247 247 246 247 247 247 248 248 247 247 245 243 240 243 242 242 239 240 241 241 242 244 247 247 245 241 245 244 245 246 246 243 245 247 247 247 248 248 246 246 245 246 247 248 249 249 250 250 250 251 250 250 250 250 250 250 250 248 249 249 249 249 249 249 249 249 249 249 249 248 248 248 248 247 247 247 247 246 246 245
nan nan nan nan nan nan nan nan nan nan nan 246 247 247 247 248 248 248 248 248 nan nan nan 248 246 242 243 242 244 242 242 241 243 243 244 246 247 247 242 241 241 237 243 245 243 238 238 244 242 239 242 246 247 246 246 246 247 247 248 249 249 250 250 250 250 250 250 250 250 250 249 243 241 243 247 249 249 249 249 249 249 249 248 248 248 248 248 247 247 247 247 247 247 245
nan nan nan nan nan nan nan nan nan nan nan nan nan 248 248 248 248 249 249 249 nan nan 248 248 247 246 245 246 244 244 243 243 245 244 246 247 246 244 243 243 239 231 236 235 236 234 228 237 240 239 243 245 246 246 245 246 246 246 247 248 249 249 250 250 250 250 250 249 249 249 249 246 243 242 241 247 248 248 248 248 248 248 248 248 248 248 247 247 247 247 247 247 247 245
nan nan nan nan nan nan nan nan nan nan nan nan nan nan 248 249 249 249 249 249 249 nan 248 248 248 247 246 246 245 245 245 245 246 246 246 246 246 245 243 243 240 235 234 231 230 232 229 228 235 233 240 241 243 243 243 241 243 244 245 247 247 248 249 249 249 249 249 249 249 249 248 249 248 245 243 247 248 248 248 248 248 248 248 248 247 247 247 247 246 246 246 246 245 245
nan nan nan nan nan nan nan nan nan nan nan nan nan nan nan nan 249 249 249 249 nan 249 249 249 247 246 248 248 247 247 247 246 247 247 246 246 246 246 243 242 242 241 237 236 230 234 231 229 230 229 234 234 237 237 238 238 238 241 241 244 246 247 248 249 249 249 249 249 248 248 248 248 248 247 247 248 248 248 247 248 248 247 247 247 247 247 247 247 246 246 246 246 245 245
nan nan nan nan nan nan nan nan nan nan nan nan nan nan nan nan nan nan 249 249 249 249 249 249 248 247 248 248 248 247 248 247 248 247 247 247 246 246 244 243 243 243 241 235 232 234 230 233 228 228 227 233 233 234 239 236 240 241 240 243 247 247 248 249 248 248 248 248 248 248 248 248 248 248 248 247 247 247 247 247 247 247 247 247 247 247 247 247 246 246 246 245 245 245
nan nan nan nan nan nan nan nan nan nan nan nan nan nan nan nan nan nan nan 249 249 nan nan 249 249 249 248 248 248 248 248 248 248 247 247 247 246 246 245 244 243 240 239 236 236 232 231 233 229 231 233 237 239 240 240 237 241 242 240 243 247 247 248 248 247 247 247 246 246 248 248 247 248 247 247 247 247 247 247 247 247 247 247 247 247 247 247 247 246 246 245 245 245 245
nan nan nan nan nan nan nan nan nan nan nan nan nan nan nan nan nan nan nan nan nan 249 249 nan 249 249 249 248 248 248 248 248 248 247 247 246 246 244 244 243 240 234 234 239 240 235 235 236 228 231 234 237 240 241 242 240 242 242 241 242 245 247 248 247 248 247 247 246 247 247 247 247 247 247 247 247 247 247 246 246 246 246 246 246 246 246 247 247 246 245 245 245 245 245
nan nan nan nan nan nan nan nan nan nan nan nan nan nan nan nan nan nan nan nan nan nan 249 249 nan 249 249 248 248 248 248 248 247 246 246 246 243 240 240 240 235 234 238 241 241 237 238 238 231 234 234 235 238 240 239 242 243 241 242 244 246 247 247 247 247 247 247 247 247 247 246 246 246 246 246 246 246 246 246 245 245 244 245 244 244 245 245 245 245 245 245 245 245 245
nan nan nan nan nan nan nan nan nan nan nan nan nan nan nan nan nan nan nan nan nan nan nan 249 249 nan 249 248 nan 249 249 248 247 245 245 246 244 239 233 235 235 239 240 242 242 240 240 240 238 237 232 238 236 237 239 242 243 240 241 244 246 246 246 246 246 246 246 246 246 246 245 245 246 245 245 245 245 245 244 244 243 243 244 242 242 243 244 244 244 244 244 244 244 245
nan nan nan nan nan nan nan nan nan nan nan nan nan nan nan nan nan nan nan nan nan nan nan nan 249 nan nan 249 249 249 248 248 248 247 247 245 240 240 236 233 238 239 242 243 242 240 241 241 240 237 234 239 238 237 241 243 243 241 243 244 246 246 246 246 246 246 246 246 246 245 245 245 245 245 244 244 243 243 242 241 241 241 242 240 239 240 242 242 242 242 242 243 243 244
nan nan nan nan nan nan nan nan nan nan nan nan nan nan nan nan nan nan nan nan nan nan nan nan nan nan 249 nan 249 248 248 249 248 248 247 246 241 243 237 240 243 241 242 244 244 242 240 242 240 240 235 240 241 239 239 241 243 244 244 244 244 245 246 246 246 245 245 245 245 245 244 244 244 244 243 242 242 242 240 239 238 237 237 236 235 233 237 239 240 240 241 242 242 243
nan nan nan nan nan nan nan nan nan nan nan nan nan nan nan nan nan nan nan nan nan nan nan nan nan nan nan 249 249 249 249 249 248 248 248 247 245 245 242 240 244 243 242 243 244 243 242 242 242 240 238 240 241 241 241 240 242 243 244 244 244 244 245 245 245 245 245 244 244 244 243 243 243 243 242 241 240 240 238 237 235 234 232 229 225 223 227 234 237 238 239 241 242 243
nan nan nan nan nan nan nan nan nan nan nan nan nan nan nan nan nan nan nan nan nan nan nan nan nan nan nan nan 249 249 249 249 248 248 247 247 245 245 243 243 243 244 244 244 245 244 243 243 243 239 239 238 241 243 244 242 244 244 244 242 242 244 244 245 245 245 244 244 243 243 242 242 242 241 241 240 238 237 235 233 231 228 225 219 210 209 212 229 233 236 238 240 241 242
nan nan nan nan nan nan nan nan nan nan nan nan nan nan nan nan nan nan nan nan nan nan nan nan nan nan nan nan nan 249 249 249 248 248 248 247 246 245 245 245 244 245 246 246 245 245 244 244 243 240 239 241 238 241 244 243 245 245 244 243 244 243 244 244 244 244 244 243 243 242 242 241 241 240 239 235 236 234 231 229 226 223 220 215 210 212 221 227 231 234 236 238 239 241
nan nan nan nan nan nan nan nan nan nan nan nan nan nan nan nan nan nan nan nan nan nan nan nan nan nan nan nan nan nan 249 249 249 248 248 247 246 246 245 245 246 246 246 246 246 245 245 245 245 243 240 243 243 243 244 244 245 245 245 245 244 244 244 244 244 244 243 243 242 242 241 240 239 238 237 233 233 231 227 223 220 217 213 213 214 217 221 225 228 230 232 234 236 237
nan nan nan nan nan nan nan nan nan nan nan nan nan nan nan nan nan nan nan nan nan nan nan nan nan nan nan nan nan nan nan 249 249 248 248 246 246 245 245 246 246 246 246 246 245 245 245 245 245 245 244 244 245 245 245 244 245 245 245 245 245 244 244 244 244 243 243 242 242 241 240 239 238 237 234 231 227 225 219 217 213 205 200 201 206 210 215 218 222 224 227 229 233 235
nan nan nan nan nan nan nan nan nan nan nan nan nan nan nan nan nan nan nan nan nan nan nan nan nan nan nan nan nan nan nan nan 249 248 248 247 247 245 245 246 246 246 246 246 246 246 245 245 245 245 245 245 245 245 245 244 244 245 245 245 245 244 244 244 244 243 242 242 241 240 239 238 237 235 233 228 222 215 213 211 204 189 179 184 196 204 207 209 214 216 220 225 229 234
nan nan nan nan nan nan nan nan nan nan nan nan nan nan nan nan nan nan nan nan nan nan nan nan nan nan nan nan nan nan nan nan nan 249 248 247 247 246 246 246 246 246 246 246 245 244 244 245 245 245 245 245 245 245 245 245 244 245 245 245 245 244 244 244 243 243 242 242 241 240 239 237 236 233 229 222 210 196 203 206 196 174 159 172 189 197 194 196 201 205 213 220 226 230
nan nan nan nan nan nan nan nan nan nan nan nan nan nan nan nan nan nan nan nan nan nan nan nan nan nan nan nan nan nan nan nan nan nan nan 248 247 246 246 246 246 246 246 246 244 244 245 245 245 245 245 245 245 245 245 243 244 245 245 245 244 244 244 244 243 243 242 241 241 240 238 237 235 231 228 223 214 202 208 207 198 183 175 181 188 181 178 182 186 197 205 214 218 223
nan nan nan nan nan nan nan nan nan nan nan nan nan nan nan nan nan nan nan nan nan nan nan nan nan nan nan nan nan nan nan nan nan nan nan nan 246 246 246 246 246 246 246 246 245 245 246 246 245 245 245 245 245 245 245 244 244 245 245 245 244 244 244 243 243 243 242 241 240 239 238 237 235 232 229 226 221 216 215 213 209 203 197 197 198 190 183 180 180 193 208 212 213 215
nan nan nan nan nan nan nan nan nan nan nan nan nan nan nan nan nan nan nan nan nan nan nan nan nan nan nan nan nan nan nan nan nan nan nan nan 247 247 246 246 246 247 247 247 245 246 247 246 246 246 245 245 245 245 245 245 245 245 245 245 244 244 244 243 243 242 242 241 240 239 238 237 235 233 231 229 226 223 220 219 217 214 211 209 207 203 200 194 192 202 211 213 214 212
nan nan nan nan nan nan nan nan nan nan nan nan nan nan nan nan nan nan nan nan nan nan nan nan nan nan nan nan nan nan nan nan nan nan nan nan nan 246 246 246 247 247 247 247 246 247 247 246 247 246 246 245 245 245 245 245 245 245 245 245 244 244 244 243 243 242 242 241 240 239 239 238 236 234 233 231 229 227 225 223 222 220 218 216 213 212 209 206 204 207 211 213 212 211
nan nan nan nan nan nan nan nan nan nan nan nan nan nan nan nan nan nan nan nan nan nan nan nan nan nan nan nan nan nan nan nan nan nan nan nan nan 247 247 246 247 247 247 247 247 247 247 247 247 246 246 246 245 245 245 245 245 245 245 245 244 244 244 243 243 242 242 241 240 239 238 237 236 235 234 233 231 230 228 227 226 224 222 220 218 217 216 214 214 211 210 208 208 215
nan nan nan nan nan nan nan nan nan nan nan nan nan nan nan nan nan nan nan nan nan nan nan nan nan nan nan nan nan nan nan nan nan nan nan nan nan nan 247 247 247 247 247 247 247 248 248 247 247 247 246 246 245 245 245 245 245 245 245 245 244 244 244 244 243 243 242 242 240 239 239 238 237 236 235 234 233 232 230 229 228 227 225 223 222 221 221 221 221 218 215 214 216 222
nan nan nan nan nan nan nan nan nan nan nan nan nan nan nan nan nan nan nan nan nan nan nan nan nan nan nan nan nan nan nan nan nan nan nan nan nan nan nan 247 247 247 247 247 247 248 248 248 247 247 246 246 246 245 245 245 245 245 245 245 244 244 244 244 243 243 242 242 240 240 239 238 238 237 236 235 234 233 232 231 230 229 228 226 226 225 225 226 225 225 223 222 223 227
nan nan nan nan nan nan nan nan nan nan nan nan nan nan nan nan nan nan nan nan nan nan nan nan nan nan nan nan nan nan nan nan nan nan nan nan nan nan nan 247 247 247 247 248 248 248 248 248 247 247 246 246 245 245 245 245 245 245 245 245 244 244 244 244 243 243 243 242 241 240 239 239 238 238 237 236 236 234 234 233 232 231 230 229 229 228 228 228 228 229 228 226 227 229
nan nan nan nan nan nan nan nan nan nan nan nan nan nan nan nan nan nan nan nan nan nan nan nan nan nan nan nan nan nan nan nan nan nan nan nan nan nan nan nan 247 247 nan 248 248 248 248 248 247 247 246 246 245 245 245 245 245 245 245 245 245 244 244 244 244 243 243 242 241 240 240 239 239 238 238 237 236 235 235 234 234 233 232 231 232 231 230 231 231 231 230 229 228 230
nan nan nan nan nan nan nan nan nan nan nan nan nan nan nan nan nan nan nan nan nan nan nan nan nan nan nan nan nan nan nan nan nan nan nan nan nan nan nan nan nan 248 nan nan 248 248 248 248 248 247 246 246 246 245 246 245 245 245 245 245 245 245 244 243 243 242 242 242 241 241 240 240 240 239 239 238 237 236 236 236 235 234 234 233 233 233 232 232 232 233 232 231 230 231
nan nan nan nan nan nan nan nan nan nan nan nan nan nan nan nan nan nan nan nan nan nan nan nan nan nan nan nan nan nan nan nan nan nan nan nan nan nan nan nan nan nan 248 248 248 248 248 248 248 247 247 246 246 246 246 246 246 245 245 245 245 245 244 243 243 243 242 242 242 241 241 241 240 240 239 239 238 238 237 237 236 236 235 235 234 234 234 234 234 234 233 233 233 233
nan nan nan nan nan nan nan nan nan nan nan nan nan nan nan nan nan nan nan nan nan nan nan nan nan nan nan nan nan nan nan nan nan nan nan nan nan nan nan nan nan 248 nan nan 248 248 248 248 248 247 247 246 246 246 246 246 246 245 245 245 245 245 245 243 243 243 242 242 242 242 241 241 241 240 240 240 239 239 238 238 237 237 236 236 236 236 235 235 235 235 235 235 234 233
nan nan nan nan nan nan nan nan nan nan nan nan nan nan nan nan nan nan nan nan nan nan nan nan nan nan nan nan nan nan nan nan nan nan nan nan nan nan nan nan nan nan nan nan nan nan 249 248 248 248 247 247 246 246 246 246 246 245 245 245 245 245 245 244 243 243 243 243 242 242 242 242 241 241 241 240 240 240 239 239 238 238 237 237 237 237 237 236 236 236 236 235 235 234
nan nan nan nan nan nan nan nan nan nan nan nan nan nan nan nan nan nan nan nan nan nan nan nan nan nan nan nan nan nan nan nan nan nan nan nan nan nan nan nan nan nan nan nan nan nan nan 249 248 248 247 247 247 246 246 246 246 246 246 245 245 245 245 244 244 243 243 243 243 242 242 242 242 242 241 241 241 241 240 240 239 239 238 238 238 238 238 237 237 237 237 236 235 235
nan nan nan nan nan nan nan nan nan nan nan nan nan nan nan nan nan nan nan nan nan nan nan nan nan nan nan nan nan nan nan nan nan nan nan nan nan nan nan nan nan nan nan nan nan nan nan nan nan 248 248 247 247 247 247 246 246 246 245 245 244 244 244 244 244 244 243 243 243 243 243 243 242 242 242 242 242 241 241 240 240 240 240 239 239 239 238 238 238 238 238 237 236 236
