ecocropFuture/tif/c6/rcp585/ACCESS-CM2/tmin_3.asc
ncols        683
nrows        518
xllcorner    -87.691666666667
yllcorner    10.708333333333
cellsize     0.008333333333
NODATA_value  nan
[rows 294 to 335 of 518, columns 94 to 187 of 683]
231 230 230 228 227 226 225 225 225 224 221 219 221 225 227 226 221 222 220 222 225 230 233 233 233 233 233 233 234 234 234 235 235 236 237 237 237 237 238 238 238 237 237 237 236 236 236 236 237 237 237 237 238 238 238 239 239 239 239 239 239 239 239 239 239 239 239 239 239 238 238 237 235 236 235 234 234 233 229 229 227 224 226 226 225 221 225 230 226 225 223 216 213 215
233 232 231 230 230 228 228 228 229 228 227 227 227 228 227 225 217 211 209 211 215 223 230 232 232 233 233 233 233 233 233 233 235 236 236 237 237 237 237 237 237 237 237 237 236 236 236 236 236 237 237 238 238 238 238 239 239 239 239 239 239 239 239 239 239 239 239 239 239 238 238 237 236 235 233 234 234 233 231 227 229 228 229 230 228 228 229 231 230 227 226 220 217 216
234 233 232 232 231 230 230 230 231 230 230 230 229 229 227 224 218 207 195 202 205 220 229 231 232 231 231 232 233 231 231 231 233 236 236 237 237 237 237 237 237 237 237 237 236 236 236 236 236 237 237 237 238 238 238 239 239 239 239 239 239 239 239 239 239 240 240 239 239 239 238 238 236 235 231 231 231 229 230 231 232 228 231 232 232 230 231 231 232 231 229 226 222 220
234 234 233 233 232 232 231 232 232 232 232 231 230 229 227 224 218 206 201 206 212 223 229 230 230 229 230 230 231 231 231 231 231 234 236 236 237 237 237 237 237 237 237 236 235 235 235 236 236 236 237 237 238 238 238 239 239 239 239 239 240 239 240 240 240 240 240 240 239 239 239 239 238 237 231 231 229 230 229 230 233 233 232 232 234 230 231 232 233 231 226 217 215 222
235 235 234 234 234 233 233 233 233 233 232 231 230 229 228 225 221 216 215 216 220 225 228 228 227 227 227 227 227 229 229 228 230 233 233 235 237 237 237 236 236 236 237 236 235 235 235 235 236 237 237 238 238 239 239 239 239 239 240 240 240 240 240 240 240 240 240 240 240 240 239 239 239 238 233 232 231 232 233 232 234 234 234 233 235 234 233 233 233 231 223 216 213 221
236 236 235 235 234 234 234 234 234 233 232 231 230 229 228 227 226 224 222 224 224 226 226 225 223 223 224 224 225 226 226 227 229 232 233 234 236 236 234 234 235 236 236 235 235 235 235 235 236 237 237 238 238 239 239 239 240 240 240 240 240 240 240 240 240 240 240 240 240 240 240 240 239 239 237 233 232 234 234 234 234 235 234 234 235 235 235 234 233 231 226 222 219 221
236 236 236 235 235 235 234 234 233 232 232 231 230 229 229 228 227 226 225 225 225 225 224 219 214 218 219 219 219 220 223 225 229 232 234 235 236 237 235 233 235 236 235 235 235 234 235 235 236 237 237 238 239 239 239 240 240 240 240 240 240 240 240 240 240 240 240 240 240 240 240 240 240 239 238 233 232 233 233 234 236 235 234 235 236 234 235 235 234 233 230 226 224 223
237 236 236 236 235 234 234 233 232 232 231 230 230 228 228 227 227 226 225 225 224 223 222 220 212 213 208 208 213 216 216 222 227 231 234 236 236 237 236 234 235 234 234 234 234 234 235 235 236 236 237 238 239 239 239 240 240 240 240 240 240 240 240 240 240 240 240 240 240 240 240 240 240 240 238 236 234 235 235 234 236 235 236 236 236 233 233 236 235 234 234 231 227 227
237 236 236 235 235 234 233 233 232 232 231 230 229 229 228 227 226 226 225 224 221 222 220 217 208 207 199 202 204 202 202 213 223 229 233 235 236 237 236 233 233 233 233 233 234 234 235 235 236 236 237 238 239 239 239 240 240 240 240 240 240 240 240 240 240 240 241 241 241 241 241 241 241 241 240 240 238 237 237 237 235 235 236 236 237 235 232 236 236 235 235 233 232 231
237 236 236 235 235 234 234 233 232 231 231 230 229 228 227 226 226 225 224 223 223 221 219 217 213 202 187 193 190 190 195 209 223 231 233 236 237 237 236 236 234 232 233 232 233 234 235 235 236 236 237 238 239 239 240 240 241 241 241 241 241 241 240 240 241 241 241 241 241 241 242 242 242 241 241 241 240 240 239 238 238 236 236 236 237 237 236 237 236 236 234 234 232 230
237 237 236 236 235 234 233 232 232 231 230 230 229 228 227 226 225 225 224 223 222 221 218 219 214 203 193 187 181 187 203 215 226 233 235 236 237 236 236 234 234 231 231 232 233 234 234 235 235 236 237 238 239 240 240 240 241 241 241 241 241 241 241 241 241 241 241 241 242 242 242 242 242 242 242 241 241 241 240 239 239 238 235 234 237 237 237 237 237 236 235 235 232 227
237 237 236 236 235 234 233 233 232 231 230 229 229 228 227 227 226 226 225 224 223 220 219 218 215 211 203 197 196 200 210 219 229 235 236 237 236 236 235 234 232 230 230 232 233 234 235 235 236 236 237 238 239 240 240 241 241 241 241 241 241 241 241 241 242 242 242 242 242 242 242 243 243 242 242 242 241 241 241 240 239 239 238 236 234 236 237 237 236 236 235 235 234 231
238 237 236 235 235 234 233 232 231 231 230 230 229 228 228 228 227 226 225 224 223 222 221 219 217 214 212 209 210 212 215 217 230 236 237 237 232 231 232 231 230 231 230 232 232 233 234 235 235 236 237 239 240 240 241 241 241 241 241 241 241 241 242 242 242 242 242 242 242 243 243 243 243 243 243 242 242 242 241 241 240 240 239 238 234 236 238 237 235 235 235 235 234 232
238 237 236 235 235 234 233 232 232 231 230 230 230 229 229 228 227 226 225 225 224 223 222 222 220 219 217 215 217 220 221 228 232 236 238 238 233 231 224 228 235 238 233 232 232 232 234 235 236 237 238 239 240 240 241 241 242 242 242 242 242 242 242 242 242 242 242 242 243 243 243 244 244 243 243 243 242 242 242 241 240 240 239 239 238 238 238 238 237 237 236 236 235 234
238 237 236 236 235 234 234 233 232 232 231 231 230 230 229 228 228 227 226 226 225 224 224 223 223 223 220 205 210 224 228 231 234 237 239 239 237 233 224 229 237 238 234 229 229 229 231 232 235 237 238 240 240 241 241 242 242 242 242 242 242 243 243 243 243 243 243 243 243 243 243 244 244 244 243 243 243 242 242 241 241 240 240 239 239 238 238 238 237 237 236 237 236 236
238 238 238 236 235 235 234 234 233 232 232 231 230 230 229 229 228 228 227 226 226 225 225 225 225 225 226 220 222 230 232 233 236 237 238 239 239 235 235 238 239 237 232 223 224 226 226 228 231 237 239 240 241 241 242 242 243 243 243 243 243 243 243 243 243 243 243 243 243 244 244 244 244 244 243 243 243 242 242 241 241 240 240 239 239 238 238 238 238 237 237 236 237 237
239 238 237 237 236 236 235 234 233 233 233 232 231 231 230 230 229 229 228 227 227 227 226 226 226 227 228 229 231 235 234 235 237 238 239 240 240 239 235 238 238 233 224 214 211 217 223 226 231 236 239 241 241 242 242 243 243 243 243 243 244 244 244 244 244 244 244 244 244 244 244 244 244 244 244 243 243 243 242 242 241 241 240 239 239 238 238 238 238 237 237 237 237 237
239 238 238 238 237 236 235 235 234 234 233 233 232 231 231 231 230 229 229 228 228 228 227 227 228 228 230 231 231 234 235 236 238 239 240 241 241 241 241 239 235 226 216 197 186 205 220 226 231 233 240 241 242 242 243 243 244 244 244 244 244 244 244 244 244 244 244 244 244 244 244 244 244 244 244 243 243 243 242 242 241 240 240 239 239 239 238 238 238 237 237 237 237 238
239 239 238 238 237 237 236 236 235 235 234 233 233 232 232 231 230 231 230 229 229 229 229 228 228 229 230 232 233 234 236 237 238 240 241 241 241 241 242 240 236 227 213 193 178 202 219 225 231 236 240 241 242 243 243 244 244 244 244 245 245 245 245 245 245 245 245 244 244 244 244 244 244 244 244 244 243 243 242 242 241 241 240 240 239 239 239 238 238 237 237 237 237 238
239 237 236 237 238 237 237 237 236 236 235 235 234 233 233 232 232 232 231 231 231 231 230 230 229 230 230 232 234 234 236 237 238 239 241 241 242 242 242 242 240 233 221 210 205 210 218 222 229 236 240 242 243 243 244 244 244 245 245 245 245 245 245 245 245 244 244 244 244 244 244 244 244 244 244 244 243 243 243 242 242 241 241 240 239 239 238 238 237 237 237 237 237 238
240 239 237 237 238 238 238 237 237 237 236 236 235 235 234 234 233 233 233 232 232 232 231 231 231 232 232 233 234 235 237 237 239 240 241 242 242 243 243 243 242 239 233 227 224 219 219 222 230 240 242 243 243 244 244 244 245 245 245 245 245 245 245 245 244 244 244 244 244 244 244 244 244 244 244 244 244 244 243 243 242 242 241 240 240 239 238 238 237 237 237 237 237 238
238 238 235 237 239 239 238 238 238 238 237 237 236 235 235 235 235 235 234 234 233 233 233 233 232 233 234 234 234 236 236 238 239 240 241 242 243 243 244 244 244 243 242 240 238 233 229 230 235 242 243 244 244 244 244 245 245 245 245 245 245 245 245 244 244 244 244 244 244 244 244 244 244 244 244 244 244 244 243 243 243 242 242 241 240 239 239 238 238 237 237 238 238 238
236 235 234 237 239 239 239 239 239 239 238 238 237 236 236 236 236 236 235 235 235 235 234 234 234 235 235 235 235 236 236 237 238 240 241 242 243 244 244 245 245 245 245 244 244 243 243 242 243 244 244 244 244 245 245 245 245 245 245 245 245 245 244 244 244 244 244 244 244 244 244 244 244 244 244 244 244 244 244 243 243 243 242 242 241 240 239 238 238 237 237 238 238 239
233 234 235 238 240 240 240 240 240 240 239 239 238 238 238 237 237 237 237 236 236 236 236 235 236 235 236 236 236 235 237 238 237 238 241 243 244 244 245 246 246 246 246 245 245 245 245 245 245 245 245 245 245 245 245 245 245 245 245 245 245 244 244 244 244 244 244 244 244 244 244 244 244 244 244 244 244 244 244 244 244 243 243 242 241 240 239 239 237 237 237 238 239 239
229 231 234 239 239 240 240 240 239 239 239 238 238 238 238 237 237 237 237 237 237 237 237 237 237 237 237 236 236 236 237 238 238 239 241 243 244 245 245 246 246 246 246 246 246 246 246 246 246 246 246 245 245 245 245 245 245 245 245 245 244 244 244 244 244 244 244 244 244 244 244 244 244 244 244 244 244 243 244 244 244 244 243 243 242 241 240 239 237 237 237 238 239 239
234 232 233 238 240 240 240 240 240 240 239 239 239 238 238 238 238 238 237 238 238 238 238 238 238 238 238 238 238 238 238 239 239 239 240 243 244 244 245 245 246 246 246 246 246 246 246 246 246 246 246 245 245 245 245 245 245 245 245 245 244 244 244 244 244 244 244 244 244 244 244 244 244 244 244 244 244 244 244 244 244 244 243 243 242 241 240 239 238 237 237 239 239 240
241 240 234 235 240 241 240 241 240 240 240 240 240 239 239 239 239 239 238 239 239 239 239 239 239 239 239 239 239 239 239 240 240 240 239 241 243 244 245 245 245 245 246 246 246 246 246 246 246 246 246 240 237 245 245 245 245 245 245 245 244 244 244 244 244 244 244 244 244 244 244 244 244 244 244 244 244 244 244 244 244 244 243 243 242 241 240 239 238 238 238 239 240 240
242 239 240 239 237 241 239 240 241 241 241 240 240 240 240 240 240 240 239 240 240 240 240 240 240 240 240 240 240 240 240 240 240 240 240 241 242 244 244 245 245 245 245 245 246 246 246 246 246 246 246 243 243 245 245 245 245 245 245 245 245 244 244 244 244 244 244 244 244 244 244 244 244 244 244 244 244 244 244 244 244 244 244 243 242 241 240 239 238 238 239 240 241 241
242 242 239 241 241 242 241 238 239 241 241 241 241 241 241 241 241 240 240 241 241 241 241 241 241 241 241 241 241 241 241 241 240 240 240 241 242 243 244 244 245 245 245 245 245 246 246 246 246 246 246 245 245 245 245 245 245 245 245 245 245 244 244 244 244 244 244 244 244 244 244 244 244 244 244 244 244 244 244 244 244 244 244 243 242 241 240 239 239 239 240 241 241 242
246 245 244 243 243 243 242 241 239 239 242 242 242 242 242 241 241 241 241 241 241 241 241 241 241 241 240 240 241 240 240 240 240 239 240 241 241 242 244 244 244 245 245 245 245 246 246 246 246 246 246 245 245 245 245 245 245 245 245 245 245 244 245 245 244 244 244 244 244 244 244 244 244 244 244 244 244 244 244 244 244 244 244 243 242 241 240 240 239 240 241 241 242 242
247 245 244 243 243 243 243 242 241 241 242 242 242 242 242 242 242 242 242 242 241 241 241 241 241 241 241 241 241 241 241 240 240 240 241 241 242 242 243 244 244 244 244 244 245 245 245 245 245 245 245 245 245 245 245 245 245 245 245 245 245 245 244 244 244 244 244 244 243 243 243 243 243 243 244 244 244 244 244 244 244 244 244 243 242 242 241 241 240 241 242 242 242 243
247 247 246 245 245 242 242 242 242 242 243 243 243 243 243 243 243 242 242 242 242 242 242 242 242 242 242 241 241 241 241 241 241 240 241 241 242 242 243 243 243 243 244 244 244 244 244 244 244 245 245 245 245 245 245 245 245 245 245 245 245 244 244 244 244 243 243 243 243 243 243 243 243 243 243 243 244 244 244 244 244 244 244 244 243 242 241 241 241 242 242 242 243 243
248 247 247 247 245 244 244 243 242 244 243 243 243 243 244 243 243 243 243 243 243 243 243 242 242 242 242 242 242 242 241 241 241 241 242 242 242 242 242 242 242 242 243 243 243 244 244 244 244 244 244 244 244 245 245 245 245 245 245 245 244 244 244 244 243 243 243 242 242 242 242 242 242 242 243 243 243 244 244 244 244 244 244 244 243 242 242 242 242 242 242 243 243 243
248 248 247 245 246 246 245 245 244 244 244 244 243 244 244 244 244 244 244 244 243 243 243 243 243 243 242 242 242 242 242 242 241 241 242 242 242 242 242 241 241 241 241 242 242 243 243 243 243 244 244 244 244 244 245 245 245 245 245 244 244 244 244 243 243 242 242 242 242 241 241 241 241 242 242 243 243 244 244 244 244 244 244 244 243 243 243 243 243 243 243 243 243 243
248 248 247 247 248 247 247 246 246 245 244 245 244 244 245 245 244 244 244 244 244 244 244 243 243 243 243 243 243 243 242 242 242 242 241 241 241 240 240 240 239 239 239 238 239 240 241 242 242 243 243 244 244 244 244 245 245 245 244 244 244 244 243 243 242 242 241 240 240 240 240 241 241 241 242 242 243 243 244 244 244 244 244 244 243 243 243 243 243 243 243 244 244 244
nan nan 248 248 248 247 247 247 246 246 245 246 245 245 245 245 245 245 245 245 245 244 244 244 243 243 243 243 243 243 243 242 242 242 241 241 241 240 240 239 239 238 238 237 238 238 238 239 241 242 243 243 243 244 244 244 244 244 244 244 244 243 243 242 241 240 239 239 239 239 239 240 241 241 242 242 243 243 244 244 244 244 244 243 244 244 244 244 244 244 244 244 244 243
nan nan nan nan 248 248 247 247 247 247 246 246 246 246 246 246 246 246 246 245 245 244 244 244 244 243 244 243 243 243 242 242 242 241 241 241 240 240 239 239 238 238 238 237 236 236 236 236 237 239 241 242 243 243 243 244 244 243 243 243 243 243 242 241 240 237 236 237 235 237 238 239 240 241 242 242 243 243 243 244 244 244 244 243 244 244 244 244 244 244 244 244 244 243
nan nan nan nan nan 248 248 248 248 247 247 247 247 247 246 246 246 246 246 246 246 245 244 244 243 244 244 242 241 242 242 242 242 241 241 240 240 239 239 238 238 238 237 237 236 235 234 234 235 237 239 239 241 242 243 243 243 243 243 243 242 242 241 239 238 234 233 229 227 232 235 237 239 241 242 242 243 243 243 243 244 244 244 243 244 244 244 244 244 244 244 244 243 243
nan nan nan nan nan nan nan 249 248 248 248 248 247 248 247 247 247 247 247 247 247 246 245 244 244 244 243 242 241 242 242 242 242 241 241 240 240 239 239 238 237 237 237 236 235 235 234 233 232 235 237 236 237 239 240 242 242 242 242 242 242 241 239 238 236 232 227 231 229 225 227 232 239 241 242 242 243 243 243 243 244 244 244 243 243 243 243 244 244 243 243 243 243 243
nan nan nan nan nan nan nan nan 249 249 249 248 248 248 248 248 248 247 247 247 247 247 246 245 245 244 243 241 242 240 241 241 241 241 241 240 239 239 238 237 237 236 236 235 235 234 233 233 231 230 232 232 233 235 236 238 241 241 241 241 240 239 238 236 234 229 229 240 240 227 223 229 239 241 242 242 243 243 243 243 243 244 244 243 243 243 243 243 243 243 243 243 243 243
nan nan nan nan nan nan nan nan nan nan 249 249 249 249 248 248 248 248 248 248 247 247 247 245 245 244 242 241 241 241 241 241 241 241 240 240 239 239 238 237 237 236 235 235 234 233 233 232 231 230 230 230 230 230 233 234 238 239 240 241 240 239 237 236 233 230 226 234 237 229 231 233 237 240 242 242 243 243 243 243 243 244 244 243 243 243 243 243 243 243 243 243 243 243
nan nan nan nan nan nan nan nan nan nan nan 249 249 249 248 248 248 248 248 248 248 247 247 245 244 244 242 241 240 240 240 241 240 239 240 240 239 239 238 237 236 235 234 234 234 232 231 231 230 229 228 227 227 226 225 231 236 238 239 240 240 239 238 236 234 233 228 227 227 237 240 238 239 240 242 243 243 243 243 243 244 244 244 243 243 243 243 243 243 243 243 243 243 243
