ecocropFuture/tif/c6/rcp585/ACCESS-CM2/tmin_2.asc
ncols        683
nrows        518
xllcorner    -87.691666666667
yllcorner    10.708333333333
cellsize     0.008333333333
NODATA_value  nan
[rows 210 to 251 of 518, columns 282 to 375 of 683]
194 188 187 177 180 181 183 187 200 206 207 205 198 193 195 190 190 202 208 208 204 206 211 210 211 211 210 206 210 215 215 216 214 212 211 214 212 213 215 215 215 216 215 215 215 216 215 215 215 216 216 216 217 217 216 216 216 215 216 216 216 217 217 217 217 217 216 215 216 216 216 217 218 219 218 219 218 217 218 218 218 218 218 219 219 219 219 219 219 219 219 220 220 220
195 187 180 178 181 181 189 197 204 207 207 207 201 195 192 199 199 203 209 210 205 201 209 207 210 208 205 204 208 214 215 215 215 213 210 213 214 214 215 215 215 215 215 215 215 215 214 214 215 215 216 216 216 216 216 216 216 216 216 216 217 217 217 217 217 217 216 216 216 216 217 217 218 218 218 218 218 216 217 218 218 218 218 219 219 219 219 219 219 219 219 220 220 220
192 189 191 184 184 190 198 190 202 207 208 208 205 202 195 196 204 207 210 211 203 198 207 202 206 202 205 208 210 214 214 214 215 215 210 213 215 214 215 215 215 215 214 214 214 213 214 214 215 215 215 215 216 216 216 216 216 216 216 216 216 217 217 217 217 217 216 216 216 215 214 216 218 218 218 218 218 217 218 217 217 217 218 218 219 219 219 219 219 219 220 220 220 220
193 197 201 195 195 202 198 190 203 207 208 208 207 204 199 202 205 209 210 210 205 198 208 202 204 201 204 207 211 213 213 214 213 214 215 213 215 214 215 215 215 215 214 214 214 213 214 214 214 215 215 215 215 216 216 216 216 216 216 217 217 217 217 217 217 217 217 216 217 217 217 217 218 218 218 218 218 216 217 217 217 216 217 217 218 219 219 219 219 219 219 219 220 219
194 200 204 203 201 202 195 198 206 207 205 209 207 204 206 207 207 205 209 209 211 205 210 208 208 206 206 206 209 213 212 213 209 212 215 215 215 215 215 215 215 214 214 213 213 214 214 214 214 215 215 215 215 214 215 216 216 216 216 216 216 216 217 217 217 217 216 216 215 215 216 216 217 217 217 218 218 217 216 217 216 215 216 217 217 218 218 218 219 219 219 219 219 219
198 201 203 205 203 199 201 205 206 207 205 209 209 208 207 203 199 205 211 211 212 205 207 212 212 211 207 208 210 213 213 212 209 211 214 214 215 215 215 215 215 214 214 213 213 213 213 214 214 214 214 215 214 215 215 215 215 216 216 216 216 216 217 217 217 217 216 215 212 212 215 216 217 217 216 217 217 217 216 216 216 216 216 216 217 217 218 218 218 218 218 218 219 218
204 203 202 204 205 197 201 199 207 208 207 208 204 208 207 201 194 201 211 212 213 208 205 211 213 212 210 212 212 213 213 213 211 211 213 214 214 215 215 215 215 214 213 213 214 214 214 214 214 215 214 214 214 215 215 215 215 216 216 216 217 217 217 217 216 216 216 216 213 214 215 216 216 216 216 217 217 216 216 216 215 215 216 216 216 217 217 217 217 217 216 216 217 218
207 207 206 207 203 194 193 198 207 209 209 206 199 205 204 202 197 203 209 211 212 209 210 210 213 213 212 212 213 214 214 213 213 211 212 214 214 215 215 215 215 216 214 213 214 214 215 215 215 215 215 214 215 215 215 215 215 216 216 216 216 216 217 217 217 216 216 216 216 216 216 216 216 215 215 216 216 216 216 215 215 214 215 215 217 217 217 216 215 215 216 217 218 217
209 209 207 207 198 191 192 199 207 210 209 205 201 200 204 203 205 207 209 207 212 211 207 211 213 211 207 210 212 214 214 214 213 212 213 214 215 215 215 215 215 216 215 214 214 214 215 216 215 215 216 215 215 215 215 215 215 215 216 216 216 216 216 215 216 217 216 216 216 217 216 215 215 215 215 216 216 216 216 215 215 214 215 213 214 215 215 215 215 215 215 216 216 215
204 210 210 206 200 198 204 199 208 210 209 207 202 200 203 204 207 210 210 206 211 214 209 212 212 212 207 210 208 213 215 213 213 212 212 213 214 214 215 214 215 216 216 215 215 215 216 216 216 216 216 215 215 215 215 215 215 215 215 216 216 217 217 217 217 217 216 216 217 216 216 214 214 215 214 215 216 215 215 215 214 214 215 214 212 212 214 214 215 215 215 216 216 216
207 209 209 208 203 206 199 202 210 208 202 199 202 200 200 208 206 209 210 207 210 213 213 214 214 213 210 213 212 213 214 214 214 213 213 212 214 215 216 215 216 216 216 216 216 216 216 216 217 216 215 215 215 215 215 216 216 216 216 216 217 217 217 216 217 216 216 217 216 216 216 214 214 215 215 215 215 215 215 214 215 214 214 214 214 214 214 215 215 215 214 215 216 216
209 210 208 210 208 209 207 208 210 205 198 199 202 192 198 208 210 209 211 210 212 213 213 213 214 214 214 212 209 214 215 215 214 213 213 213 214 216 216 216 216 216 216 216 216 217 216 216 216 216 216 216 216 216 216 216 216 216 216 216 217 217 218 217 216 215 216 216 216 215 216 215 214 215 215 215 215 215 215 214 214 214 214 213 214 214 214 213 214 214 214 215 215 216
210 210 210 210 207 209 209 208 210 206 203 205 202 193 198 207 213 212 212 212 213 214 214 213 214 214 213 209 203 208 214 215 215 214 213 212 214 216 216 216 216 215 215 216 216 216 216 216 215 216 216 216 216 216 216 216 216 216 216 216 216 217 217 217 216 214 217 216 216 215 215 215 215 215 215 214 215 215 215 213 214 213 214 214 213 214 214 214 215 215 215 215 216 216
209 211 210 209 208 211 211 211 211 208 198 206 207 202 206 211 212 213 211 210 212 212 213 214 214 212 211 209 206 210 214 215 215 215 214 213 214 215 216 216 216 216 216 215 216 215 215 215 216 216 216 217 216 216 216 217 216 217 216 216 216 217 217 217 217 216 217 216 216 215 214 215 216 216 216 216 215 215 214 212 213 212 214 213 213 214 215 215 215 215 215 215 214 215
210 209 208 209 211 211 211 212 211 211 206 206 212 211 212 208 207 210 212 211 212 212 213 214 213 209 205 206 210 212 213 214 215 214 215 213 214 215 215 215 215 215 215 214 215 215 215 215 215 216 216 215 215 215 214 214 215 217 216 217 217 217 217 217 217 216 216 217 216 214 213 214 215 216 217 216 215 215 215 212 212 213 213 213 213 214 214 214 214 215 215 215 216 216
208 204 203 203 208 209 210 208 210 212 212 211 210 209 207 204 201 208 213 213 209 211 213 214 213 208 208 207 209 212 213 214 214 213 214 215 214 215 214 214 214 215 214 214 214 214 214 215 215 215 214 214 214 214 213 214 215 216 217 217 217 216 217 217 218 217 216 217 216 216 215 214 214 216 217 216 215 215 215 214 213 214 213 213 213 213 213 214 214 213 214 215 216 216
205 202 200 206 208 210 208 205 203 207 210 212 210 206 205 203 200 209 213 213 210 210 213 214 212 208 211 210 208 212 213 214 214 213 214 213 213 213 214 214 214 214 213 213 213 213 214 214 215 214 213 214 214 214 214 215 215 216 216 216 215 215 216 217 217 218 217 217 216 216 216 214 214 216 217 217 215 215 215 214 213 213 213 212 212 212 212 212 213 212 212 214 215 215
199 199 205 207 208 206 199 198 197 202 206 211 211 209 205 200 192 205 212 212 211 211 213 214 213 209 209 211 212 213 214 214 214 214 214 214 213 213 213 213 213 214 213 212 213 213 212 213 214 214 214 215 215 215 215 216 216 216 216 216 216 216 216 216 217 217 216 217 217 217 216 216 215 216 216 216 214 215 215 215 214 213 213 213 213 212 213 213 214 213 213 212 214 215
197 201 200 205 206 202 194 189 191 198 204 210 211 207 202 200 193 204 211 210 209 212 212 212 213 209 207 208 210 213 214 213 213 214 213 214 214 214 213 213 213 214 213 212 212 212 213 213 213 214 215 214 214 215 215 215 215 215 216 215 215 216 213 211 213 215 215 215 216 215 215 215 216 216 217 217 215 215 215 215 215 215 214 214 213 213 213 213 214 214 213 213 214 215
192 198 201 202 200 201 198 195 194 197 200 209 210 208 202 197 196 204 210 211 211 212 212 210 212 211 210 208 210 213 213 212 212 214 213 214 214 214 214 213 213 214 213 212 212 212 212 213 212 214 213 214 214 214 215 215 215 215 215 215 214 215 215 213 212 215 216 215 217 215 213 215 215 216 216 217 216 216 215 215 214 214 213 214 213 213 212 213 213 214 214 214 214 215
189 194 191 199 195 194 197 198 195 194 202 208 210 209 207 201 198 203 207 209 211 212 211 212 212 212 211 212 209 212 213 212 213 214 214 214 214 213 213 213 213 213 212 212 212 213 213 214 213 214 212 214 214 214 214 215 215 215 215 215 215 214 214 210 214 215 216 216 218 216 214 214 215 215 216 216 215 215 215 216 215 214 214 214 214 212 211 212 214 215 213 212 214 215
185 184 188 190 189 191 195 198 198 196 202 208 207 209 206 204 199 200 202 202 209 211 210 211 212 212 212 213 211 212 212 212 213 213 214 213 213 212 213 213 213 212 213 213 214 213 214 214 213 212 212 213 214 214 214 215 214 214 215 215 215 215 214 213 213 215 216 216 217 217 215 214 213 215 215 216 215 213 212 216 215 215 215 215 214 213 213 213 214 214 214 212 213 215
180 183 184 190 187 188 197 199 199 200 203 206 207 210 205 202 198 198 204 203 208 211 209 210 210 212 213 213 213 213 211 213 213 213 213 213 211 212 212 213 213 212 212 213 213 213 212 212 212 212 213 214 214 214 215 211 213 214 214 214 214 213 211 213 211 214 216 216 217 217 214 215 212 213 216 216 215 212 213 216 216 215 215 215 213 212 213 214 213 215 215 214 214 214
183 184 186 187 187 186 192 196 198 201 203 202 207 209 206 200 199 202 206 205 210 210 208 209 210 212 212 212 212 214 212 214 214 214 213 213 211 211 212 212 212 210 211 213 213 213 212 213 213 213 213 214 214 214 215 214 213 215 213 211 210 210 207 204 212 214 216 216 217 216 217 215 214 213 214 216 216 215 214 216 216 216 215 215 215 214 214 214 214 215 215 214 214 214
186 187 187 188 188 186 185 193 195 203 204 200 206 207 207 202 202 201 206 205 209 208 207 210 211 211 212 213 213 214 214 214 214 214 213 212 211 211 212 212 213 212 211 212 213 213 213 214 214 214 214 214 214 214 215 215 215 215 214 211 211 210 207 198 202 214 215 216 217 216 217 216 214 215 216 217 217 217 217 217 217 217 216 215 216 215 213 214 215 216 215 213 214 214
192 191 191 191 186 184 187 189 191 197 204 199 205 207 206 204 204 200 207 209 210 208 209 210 210 212 213 213 214 214 213 213 213 213 213 212 211 212 211 212 212 212 211 213 213 213 214 214 214 214 214 214 214 214 214 214 214 214 214 212 212 212 207 200 197 209 215 216 217 216 216 216 216 216 217 217 217 216 216 217 217 217 217 217 216 215 213 214 216 216 216 215 214 215
196 194 196 193 190 187 188 187 194 200 203 200 201 208 207 204 201 198 207 208 210 209 211 211 212 213 213 213 214 213 212 213 213 213 213 212 210 212 212 212 212 212 212 213 213 213 213 213 213 214 213 212 214 214 214 213 213 213 213 213 214 207 203 204 205 209 215 216 216 215 215 216 217 217 216 216 216 215 215 214 214 216 217 217 217 216 214 211 215 217 217 217 215 215
201 197 197 198 199 195 188 188 195 196 199 201 201 207 204 206 204 200 205 205 210 211 212 212 213 213 213 213 213 213 213 212 213 212 213 211 210 210 211 211 212 212 211 211 213 213 211 211 212 213 213 212 213 214 214 212 212 211 211 213 213 202 200 200 200 205 214 215 216 215 215 216 217 217 216 215 215 215 214 213 215 215 216 217 217 217 215 214 216 217 218 216 217 216
202 201 199 200 200 196 190 189 193 196 197 197 200 207 203 201 204 203 205 201 207 209 213 213 213 213 213 213 212 213 213 213 213 211 213 212 211 211 210 210 210 211 211 209 211 213 211 208 210 211 211 211 213 213 214 209 208 208 213 214 214 203 200 198 201 203 213 213 215 216 214 216 216 215 215 215 214 213 213 214 215 216 216 216 217 217 217 215 215 217 216 213 213 217
206 201 203 203 200 198 200 198 189 192 192 192 198 206 200 196 202 202 204 201 207 211 212 213 214 213 212 213 211 212 213 211 212 211 212 212 210 210 210 211 210 210 212 211 212 213 213 210 207 206 205 211 212 212 214 210 208 210 213 214 214 213 203 197 198 209 214 215 215 216 215 214 216 215 214 214 212 212 212 213 215 215 215 216 216 217 217 217 217 217 215 214 212 215
205 205 204 205 204 204 202 199 191 186 184 188 194 204 202 197 201 203 202 203 206 210 210 213 214 213 212 212 210 209 209 210 211 211 212 212 211 211 210 210 211 211 212 212 213 213 213 213 210 205 202 207 211 209 212 212 208 212 214 214 215 215 213 208 207 213 214 213 213 215 217 214 216 215 214 212 211 212 212 211 214 214 213 213 215 216 216 217 217 216 215 214 214 214
202 207 208 207 206 203 201 198 192 181 177 182 187 197 202 197 199 203 203 206 206 206 208 213 213 213 213 211 209 205 203 203 210 211 212 213 210 209 210 210 210 210 211 213 213 213 211 211 209 206 202 205 209 208 211 212 211 210 214 215 215 215 215 215 212 214 215 214 214 215 217 215 215 215 214 214 213 213 212 211 214 214 211 212 214 216 216 216 216 216 215 214 214 214
204 207 208 207 205 204 200 197 192 185 173 178 180 185 195 199 201 202 202 206 207 207 210 213 211 212 212 209 208 203 204 206 210 210 210 211 212 210 209 211 211 211 212 213 213 213 212 209 207 201 201 203 208 210 211 212 213 214 215 215 214 214 214 212 214 215 216 214 213 213 215 215 214 213 214 214 213 212 212 212 214 214 214 211 211 215 215 216 215 215 215 214 214 213
207 207 207 206 203 203 199 195 188 179 170 165 170 175 189 193 196 199 205 204 208 207 208 213 212 212 211 210 208 206 205 207 209 209 210 211 212 211 209 210 211 212 212 212 211 211 213 211 208 206 202 204 206 210 212 213 214 213 211 213 214 212 212 213 209 214 215 214 212 212 213 215 214 213 214 213 212 211 211 211 213 213 213 211 207 214 215 215 215 214 215 214 213 213
207 207 207 207 205 202 200 194 185 175 165 151 151 158 177 184 190 199 203 202 206 208 210 212 211 212 212 210 210 208 207 207 207 207 209 211 212 212 210 209 210 211 210 209 211 212 211 212 209 207 206 206 206 208 212 211 212 212 214 213 212 209 208 209 209 210 212 211 211 213 214 215 215 215 214 212 211 211 211 211 212 212 208 212 212 214 215 215 214 214 214 214 212 213
205 206 208 207 205 199 197 192 183 162 156 157 153 149 160 170 185 198 202 202 205 208 211 211 212 213 213 212 210 208 209 209 207 208 210 211 211 212 211 209 207 206 205 205 205 207 210 213 212 207 208 208 207 204 208 208 208 209 214 214 213 211 209 209 211 212 212 214 214 214 216 215 214 214 214 212 211 211 211 210 210 209 206 209 210 213 215 215 214 212 213 213 212 212
202 202 205 205 203 199 194 192 185 174 170 173 162 166 170 166 181 196 202 203 203 205 209 209 211 212 213 212 211 210 209 208 209 209 210 212 210 210 211 208 204 201 202 206 201 201 207 212 212 209 208 207 207 203 203 209 209 208 212 213 214 213 211 212 213 213 213 214 215 215 216 213 214 214 214 214 214 213 212 209 209 209 210 209 208 211 213 214 214 212 213 212 212 213
202 203 203 204 202 200 200 196 190 185 184 184 173 178 176 170 187 199 203 203 204 206 210 210 209 211 212 212 211 210 208 206 208 210 211 211 210 210 210 208 204 202 205 207 206 201 204 210 210 207 209 204 207 209 210 214 213 209 208 212 213 214 212 213 213 213 213 214 215 216 216 213 213 213 214 214 214 213 213 213 212 211 212 212 211 210 210 212 213 213 213 213 213 213
201 204 206 204 204 204 201 198 194 194 194 193 189 190 183 182 193 202 204 204 205 207 209 209 210 211 212 211 211 211 209 205 204 209 210 209 208 207 208 208 204 202 203 206 210 207 209 212 211 210 210 207 209 212 212 213 213 209 207 209 214 215 214 214 213 212 212 214 215 215 215 213 212 213 213 214 212 212 212 212 212 211 213 212 211 211 208 213 212 213 213 213 213 213
201 204 206 205 205 204 200 191 185 191 198 201 202 202 197 196 201 205 205 205 203 200 206 209 209 210 212 211 212 211 208 205 203 206 207 208 202 199 202 203 199 202 201 202 206 209 209 205 204 209 211 210 208 211 213 213 214 209 211 212 215 215 215 215 214 214 213 214 216 215 215 213 212 213 213 213 213 213 212 212 212 213 212 211 212 212 211 212 212 213 213 213 213 214
203 204 205 206 205 204 202 194 191 187 190 196 202 205 204 204 204 206 206 204 204 201 205 209 207 209 211 212 212 211 208 202 204 203 204 206 200 198 200 202 201 199 202 201 203 203 203 200 198 205 210 211 210 212 213 213 214 212 214 214 214 215 214 212 212 214 215 216 215 214 215 212 212 213 212 213 213 213 212 212 212 212 212 212 211 212 212 212 212 213 213 213 213 213
204 206 206 206 205 205 204 201 201 195 196 195 203 207 205 207 206 207 206 206 204 202 204 207 206 209 212 212 212 211 207 200 202 205 205 204 201 201 204 205 204 200 200 204 205 204 203 204 197 202 211 210 209 209 213 213 213 214 214 213 214 214 213 213 211 208 211 213 214 214 215 211 211 213 212 213 213 213 212 211 210 211 211 212 211 211 211 212 212 212 213 213 213 214
