ecocropFuture/tif/c6/rcp585/ACCESS-CM2/tmin_5.asc
ncols        683
nrows        518
xllcorner    -87.691666666667
yllcorner    10.708333333333
cellsize     0.008333333333
NODATA_value  nan
[rows 252 to 293 of 518, columns 0 to 93 of 683]
259 256 255 254 253 253 252 251 250 249 249 248 248 249 251 252 253 255 256 257 259 260 261 262 263 263 263 264 264 264 265 nan nan nan nan nan nan nan nan 267 267 267 267 267 267 267 267 267 267 267 267 267 267 267 267 267 267 267 267 267 267 267 267 267 266 266 266 266 266 266 265 265 265 265 265 265 265 265 265 265 265 265 264 264 264 264 264 264 264 263 263 263 263 262
257 256 255 255 255 254 253 252 251 251 250 250 250 250 252 254 255 256 257 258 260 261 261 262 263 263 263 263 264 264 264 265 265 265 266 266 266 267 267 267 267 267 267 267 267 267 267 267 267 267 267 267 267 267 267 267 267 267 267 267 267 267 267 267 267 266 266 266 266 265 265 265 265 265 265 265 265 265 265 265 265 265 265 264 264 264 264 264 264 263 263 263 263 262
nan 257 256 256 256 255 254 253 253 250 250 251 251 252 253 255 256 257 258 259 260 261 262 262 262 263 263 263 264 264 264 264 265 265 265 266 266 266 266 266 266 266 266 266 266 267 267 267 267 267 267 267 267 267 267 267 267 267 267 267 267 267 267 267 267 267 266 266 266 266 266 266 265 265 265 265 265 265 265 265 265 265 265 264 264 264 264 264 263 263 263 263 262 262
nan nan 257 257 257 256 255 254 253 250 249 252 251 252 254 256 257 258 259 260 261 262 262 262 262 263 263 263 264 264 264 264 264 265 265 265 265 266 266 266 266 266 266 266 266 266 266 266 266 266 266 266 266 266 266 266 266 266 267 267 267 267 267 267 267 267 267 266 266 266 266 266 266 266 265 265 265 265 265 265 265 265 265 264 264 264 263 264 263 263 263 263 263 262
nan nan nan 259 258 257 257 257 257 252 248 253 252 250 253 257 259 259 260 261 261 262 262 263 263 263 263 262 263 264 264 264 264 264 264 265 265 265 265 265 265 265 265 265 265 266 266 266 266 265 265 265 265 265 266 266 266 266 266 266 267 267 267 267 267 267 267 266 266 266 266 266 266 266 266 266 265 265 265 265 265 265 265 264 264 264 264 263 263 263 263 263 262 262
nan nan nan nan nan 258 258 258 258 256 253 255 255 254 255 256 260 260 261 261 262 262 262 263 263 261 263 262 262 262 261 263 263 263 264 264 264 264 264 264 265 265 265 265 265 265 265 265 265 264 264 265 264 264 265 265 265 266 266 266 266 267 267 267 267 267 267 267 267 266 266 266 266 266 266 266 266 265 265 265 265 265 265 264 264 264 264 263 263 263 263 263 262 262
nan nan nan nan nan nan 258 258 259 259 258 258 258 258 258 259 260 261 261 262 262 262 263 262 261 258 259 262 257 257 259 258 261 260 258 260 263 264 264 264 264 263 262 261 264 264 265 265 265 264 264 264 263 262 261 262 263 264 265 266 266 266 267 267 267 267 267 266 267 267 266 266 266 266 266 266 266 266 265 265 265 265 265 264 264 264 263 263 263 263 263 262 262 262
nan nan nan nan nan nan nan nan 260 260 260 260 260 261 261 261 261 261 261 262 263 263 263 262 258 253 253 259 257 253 254 255 255 254 255 255 260 263 263 263 263 261 259 260 264 264 264 264 264 264 264 263 262 260 259 261 263 264 265 265 266 266 266 267 267 267 266 266 266 266 266 266 266 266 266 266 265 265 265 265 265 265 264 264 264 263 263 263 263 263 262 262 262 262
nan nan nan nan nan nan nan nan nan 261 261 261 260 261 262 263 261 262 263 263 263 263 263 263 260 257 254 258 256 256 253 254 255 255 256 259 262 263 260 256 260 258 260 261 261 258 260 263 262 262 263 263 261 261 260 262 263 263 265 265 266 265 266 266 266 266 266 266 266 266 266 264 265 264 265 265 265 265 265 265 265 264 264 264 264 263 263 263 263 263 262 262 262 262
nan nan nan nan nan nan nan nan nan nan nan 262 262 263 263 263 263 264 264 264 nan nan nan 263 261 257 257 257 259 257 257 256 258 258 259 262 263 262 256 255 255 250 258 260 258 251 252 259 256 253 256 261 262 262 261 262 263 263 264 264 265 265 266 266 265 266 266 266 266 266 265 257 256 258 262 265 265 265 265 264 264 264 264 264 264 263 263 263 263 263 262 262 262 262
nan nan nan nan nan nan nan nan nan nan nan nan nan 263 264 264 264 264 264 264 nan nan 264 264 263 262 260 262 259 259 258 258 260 259 261 262 261 258 258 258 253 243 249 247 249 247 240 251 254 253 258 260 261 261 260 261 261 261 263 263 264 265 265 265 265 265 265 265 265 265 265 262 258 257 256 263 264 264 264 264 264 264 264 264 263 263 263 263 263 263 263 262 262 262
nan nan nan nan nan nan nan nan nan nan nan nan nan nan 263 263 263 264 265 264 265 nan 263 264 264 263 262 262 261 261 261 260 262 261 261 261 261 259 257 257 254 248 247 243 242 244 241 239 248 246 254 255 258 258 257 255 257 259 260 262 262 264 265 265 265 265 265 265 265 265 265 265 264 261 259 262 264 264 264 263 263 263 263 263 263 263 263 263 263 263 263 263 262 262
nan nan nan nan nan nan nan nan nan nan nan nan nan nan nan nan 264 264 265 265 nan 265 264 265 263 261 263 264 263 262 262 261 262 262 261 261 261 260 258 257 256 255 250 249 242 247 244 241 243 241 247 247 251 251 252 252 251 255 256 259 262 262 263 264 264 265 265 265 264 264 264 264 264 263 263 263 264 263 263 263 263 263 263 263 263 263 263 263 263 263 263 262 262 262
nan nan nan nan nan nan nan nan nan nan nan nan nan nan nan nan nan nan 265 265 265 265 265 265 264 263 264 264 264 263 263 263 263 263 262 262 261 261 259 257 258 257 255 248 245 247 242 245 240 240 238 246 246 247 252 249 254 256 254 258 262 263 264 264 264 263 263 264 264 264 264 264 263 263 263 263 263 263 263 263 263 263 263 263 263 263 263 263 263 263 262 262 262 262
nan nan nan nan nan nan nan nan nan nan nan nan nan nan nan nan nan nan nan 265 265 nan nan 265 265 265 265 264 264 264 264 264 263 263 262 262 261 261 260 259 258 254 252 249 249 244 243 245 240 243 246 251 253 254 254 251 256 256 254 258 262 263 263 263 262 263 262 261 262 263 263 263 263 263 263 263 263 263 262 262 262 262 262 262 262 262 262 262 262 262 262 262 262 262
nan nan nan nan nan nan nan nan nan nan nan nan nan nan nan nan nan nan nan nan nan 265 265 nan 265 265 265 264 264 264 264 264 263 263 262 262 261 259 259 258 254 247 247 253 254 247 248 250 240 244 246 250 254 256 257 255 257 256 255 257 261 263 263 263 263 263 263 262 262 262 263 262 262 262 262 262 262 262 262 262 261 261 261 261 261 262 262 262 262 262 262 262 262 262
nan nan nan nan nan nan nan nan nan nan nan nan nan nan nan nan nan nan nan nan nan nan 264 265 nan 265 265 264 264 264 264 264 263 261 262 261 257 253 254 254 248 247 251 256 256 250 251 252 244 247 247 248 251 255 253 257 258 256 256 259 261 262 262 262 262 262 262 262 262 262 262 262 262 261 261 261 261 261 261 260 260 259 260 260 260 261 261 261 261 261 261 261 261 261
nan nan nan nan nan nan nan nan nan nan nan nan nan nan nan nan nan nan nan nan nan nan nan 265 265 nan 265 264 nan 265 264 264 263 260 260 261 259 252 246 248 248 253 255 257 256 255 254 254 252 251 244 252 249 251 253 257 257 254 255 259 261 262 262 262 262 262 262 261 261 261 260 260 261 260 260 260 260 259 259 258 258 258 259 258 258 259 260 260 260 259 259 260 260 261
nan nan nan nan nan nan nan nan nan nan nan nan nan nan nan nan nan nan nan nan nan nan nan nan 265 nan nan 265 265 265 264 264 264 263 262 260 255 255 249 245 252 253 256 257 257 254 255 255 255 251 247 254 251 251 255 258 258 256 257 259 261 261 262 261 261 261 261 261 261 260 260 260 260 259 259 259 258 257 256 256 255 255 257 255 255 255 257 258 258 258 258 258 259 260
nan nan nan nan nan nan nan nan nan nan nan nan nan nan nan nan nan nan nan nan nan nan nan nan nan nan 266 nan 265 264 264 264 264 263 263 262 256 257 251 254 258 255 257 259 258 257 254 256 254 255 248 254 255 253 253 255 258 259 259 258 259 260 261 261 261 261 260 260 260 259 259 259 259 258 258 257 256 256 255 253 252 251 251 250 249 247 252 255 255 255 256 257 258 259
nan nan nan nan nan nan nan nan nan nan nan nan nan nan nan nan nan nan nan nan nan nan nan nan nan nan nan 266 265 265 265 265 264 264 263 262 260 260 256 254 259 257 257 257 259 258 256 257 256 254 252 254 255 255 255 254 257 258 259 258 259 259 260 260 260 260 260 259 259 258 258 258 257 257 256 255 254 253 252 250 249 247 245 243 237 234 239 249 251 253 254 256 258 259
nan nan nan nan nan nan nan nan nan nan nan nan nan nan nan nan nan nan nan nan nan nan nan nan nan nan nan nan 266 265 265 264 264 264 263 262 260 260 257 258 258 259 258 259 259 259 258 258 257 253 253 252 256 257 258 257 259 259 258 257 256 258 259 260 260 259 259 258 258 257 257 256 256 255 255 253 252 251 249 247 244 241 237 230 219 217 222 242 248 250 253 255 257 258
nan nan nan nan nan nan nan nan nan nan nan nan nan nan nan nan nan nan nan nan nan nan nan nan nan nan nan nan nan 266 265 265 264 264 263 263 261 260 259 260 259 260 261 261 260 259 259 259 258 254 253 255 252 255 259 258 259 259 259 257 258 258 258 259 259 259 258 258 257 256 256 255 254 254 252 248 249 247 244 242 239 235 231 226 220 222 232 240 245 248 251 253 255 256
nan nan nan nan nan nan nan nan nan nan nan nan nan nan nan nan nan nan nan nan nan nan nan nan nan nan nan nan nan nan 265 265 264 264 263 262 261 261 260 260 261 261 261 261 261 260 260 260 260 257 253 258 257 258 259 259 259 259 259 259 259 259 258 258 258 258 258 257 256 256 255 254 253 252 250 246 246 244 239 235 232 227 223 222 223 227 233 238 241 244 246 248 251 252
nan nan nan nan nan nan nan nan nan nan nan nan nan nan nan nan nan nan nan nan nan nan nan nan nan nan nan nan nan nan nan 265 264 264 263 262 261 260 260 261 261 261 261 261 260 260 260 260 260 260 259 259 260 260 259 259 259 259 259 259 259 259 259 259 258 257 257 256 256 255 254 253 252 250 247 243 239 236 230 227 222 213 208 209 215 220 225 230 234 237 240 243 247 250
nan nan nan nan nan nan nan nan nan nan nan nan nan nan nan nan nan nan nan nan nan nan nan nan nan nan nan nan nan nan nan nan 265 264 263 262 262 261 260 261 261 261 261 261 261 260 260 260 260 260 260 260 260 260 259 259 259 259 259 259 259 259 259 259 258 257 256 256 255 254 253 252 250 248 245 240 232 224 222 220 211 194 183 189 203 212 216 219 224 227 232 238 243 248
nan nan nan nan nan nan nan nan nan nan nan nan nan nan nan nan nan nan nan nan nan nan nan nan nan nan nan nan nan nan nan nan nan 264 263 263 263 261 261 261 261 261 261 261 260 259 259 260 260 260 260 260 260 260 260 259 259 260 259 259 259 259 259 258 258 257 256 255 255 253 252 250 249 246 242 234 219 202 210 215 203 178 162 176 194 204 200 203 209 214 223 232 239 244
nan nan nan nan nan nan nan nan nan nan nan nan nan nan nan nan nan nan nan nan nan nan nan nan nan nan nan nan nan nan nan nan nan nan nan 263 262 262 262 261 261 261 261 261 259 259 260 260 260 259 260 260 260 259 259 257 259 260 259 259 259 259 258 258 258 257 256 255 254 253 251 250 248 245 241 235 223 210 216 215 205 188 179 186 194 186 182 187 191 204 213 225 230 236
nan nan nan nan nan nan nan nan nan nan nan nan nan nan nan nan nan nan nan nan nan nan nan nan nan nan nan nan nan nan nan nan nan nan nan nan 262 262 262 262 261 262 261 261 260 259 261 261 260 260 260 260 260 260 259 258 259 259 259 259 259 259 258 258 257 257 256 255 254 253 251 250 248 245 242 238 232 226 226 223 219 211 204 204 205 196 188 185 185 199 217 222 224 226
nan nan nan nan nan nan nan nan nan nan nan nan nan nan nan nan nan nan nan nan nan nan nan nan nan nan nan nan nan nan nan nan nan nan nan nan 262 262 261 261 262 262 262 262 260 261 262 262 261 261 260 260 260 260 260 260 260 259 259 259 259 259 258 257 257 256 255 255 254 252 251 250 248 246 244 242 238 235 232 230 228 224 221 218 216 211 208 200 199 210 221 223 224 222
nan nan nan nan nan nan nan nan nan nan nan nan nan nan nan nan nan nan nan nan nan nan nan nan nan nan nan nan nan nan nan nan nan nan nan nan nan 262 262 261 262 262 262 262 261 262 262 261 262 261 261 260 260 260 260 260 260 260 259 259 259 259 258 257 257 256 256 255 254 253 252 251 249 248 246 245 242 240 237 235 234 231 229 226 223 222 219 214 213 215 221 223 222 221
nan nan nan nan nan nan nan nan nan nan nan nan nan nan nan nan nan nan nan nan nan nan nan nan nan nan nan nan nan nan nan nan nan nan nan nan nan 262 262 261 262 262 262 262 262 263 263 263 262 261 261 260 260 260 260 260 260 260 259 259 259 259 258 258 257 256 256 255 254 253 252 251 250 249 247 246 244 243 241 239 238 236 234 231 229 228 227 225 224 221 220 217 217 225
nan nan nan nan nan nan nan nan nan nan nan nan nan nan nan nan nan nan nan nan nan nan nan nan nan nan nan nan nan nan nan nan nan nan nan nan nan nan 263 262 263 262 262 262 263 263 263 262 262 262 261 261 260 260 260 260 260 259 260 259 259 259 258 258 257 257 256 255 254 254 253 252 251 250 249 247 246 245 243 242 241 239 237 235 234 233 233 233 232 228 225 224 227 234
nan nan nan nan nan nan nan nan nan nan nan nan nan nan nan nan nan nan nan nan nan nan nan nan nan nan nan nan nan nan nan nan nan nan nan nan nan nan nan 263 262 262 263 263 263 263 263 263 263 262 261 261 260 260 260 260 260 260 259 259 259 259 258 258 257 257 256 256 255 254 253 253 252 251 250 249 248 246 245 245 243 242 241 239 238 237 237 238 238 238 235 233 235 239
nan nan nan nan nan nan nan nan nan nan nan nan nan nan nan nan nan nan nan nan nan nan nan nan nan nan nan nan nan nan nan nan nan nan nan nan nan nan nan 263 262 262 262 263 263 263 263 263 263 262 261 261 260 260 260 260 260 260 260 259 259 259 258 258 258 257 256 256 255 255 254 253 253 252 251 250 249 248 247 247 245 244 243 242 242 241 240 242 241 243 241 239 240 242
nan nan nan nan nan nan nan nan nan nan nan nan nan nan nan nan nan nan nan nan nan nan nan nan nan nan nan nan nan nan nan nan nan nan nan nan nan nan nan nan 263 263 nan 263 263 263 264 263 263 262 261 261 260 260 260 260 260 260 260 259 259 259 259 258 258 257 257 256 256 255 255 254 253 253 252 251 250 249 249 248 247 246 246 244 245 245 243 244 244 244 243 242 241 243
nan nan nan nan nan nan nan nan nan nan nan nan nan nan nan nan nan nan nan nan nan nan nan nan nan nan nan nan nan nan nan nan nan nan nan nan nan nan nan nan nan 263 nan nan 264 264 264 264 263 262 261 261 260 260 260 260 260 260 260 259 259 259 259 258 258 258 257 257 256 256 255 255 254 254 253 252 251 250 250 250 249 248 247 247 246 246 246 246 246 246 246 244 243 245
nan nan nan nan nan nan nan nan nan nan nan nan nan nan nan nan nan nan nan nan nan nan nan nan nan nan nan nan nan nan nan nan nan nan nan nan nan nan nan nan nan nan 264 264 264 264 264 264 263 262 262 261 261 260 260 260 260 260 260 260 259 259 259 259 258 258 257 257 257 256 256 255 255 254 254 253 252 252 251 251 250 250 249 248 248 248 248 248 247 248 247 246 246 246
nan nan nan nan nan nan nan nan nan nan nan nan nan nan nan nan nan nan nan nan nan nan nan nan nan nan nan nan nan nan nan nan nan nan nan nan nan nan nan nan nan 264 nan nan 264 264 264 264 263 262 262 261 261 261 260 260 260 260 260 260 259 259 259 259 259 258 258 257 257 257 256 256 256 255 255 254 254 253 253 252 252 251 250 250 250 250 250 249 249 249 249 248 248 246
nan nan nan nan nan nan nan nan nan nan nan nan nan nan nan nan nan nan nan nan nan nan nan nan nan nan nan nan nan nan nan nan nan nan nan nan nan nan nan nan nan nan nan nan nan nan 264 264 264 263 262 262 261 261 261 261 260 260 260 260 260 259 259 259 259 259 258 258 258 257 257 257 257 256 256 255 255 255 254 253 253 252 252 251 251 251 251 251 250 250 250 249 249 247
nan nan nan nan nan nan nan nan nan nan nan nan nan nan nan nan nan nan nan nan nan nan nan nan nan nan nan nan nan nan nan nan nan nan nan nan nan nan nan nan nan nan nan nan nan nan nan 264 264 263 263 262 262 261 261 261 261 260 260 260 260 260 260 259 259 259 259 258 258 258 258 258 257 257 257 256 256 255 255 254 254 253 253 253 253 252 252 252 251 251 251 250 249 249
nan nan nan nan nan nan nan nan nan nan nan nan nan nan nan nan nan nan nan nan nan nan nan nan nan nan nan nan nan nan nan nan nan nan nan nan nan nan nan nan nan nan nan nan nan nan nan nan nan 263 263 262 262 262 261 261 261 261 260 260 260 260 260 260 260 259 259 259 259 258 258 258 258 257 257 257 257 256 256 255 255 255 254 254 254 253 253 253 252 252 252 251 251 250
