ecocropFuture/tif/c6/rcp585/ACCESS-CM2/tmin_11.asc
ncols        683
nrows        518
xllcorner    -87.691666666667
yllcorner    10.708333333333
cellsize     0.008333333333
NODATA_value  nan
[rows 126 to 167 of 518, columns 188 to 281 of 683]
180 185 188 189 189 190 190 190 189 186 186 185 184 185 193 197 198 nan nan nan nan nan nan nan nan nan nan nan nan nan nan nan nan nan nan nan nan nan nan nan nan nan nan nan nan nan 209 209 205 200 197 206 207 209 205 204 207 200 200 204 203 199 194 193 198 202 204 206 205 203 198 203 201 191 197 203 207 204 205 202 202 201 198 196 195 197 195 192 194 197 201 213 216 216
183 187 188 189 190 190 190 190 188 186 185 186 189 192 195 197 195 197 198 nan nan nan nan nan nan nan nan nan nan nan nan nan nan nan nan nan nan nan nan nan nan nan nan 201 209 202 205 206 203 197 196 205 206 207 206 202 203 196 195 203 201 201 194 194 199 203 206 202 198 202 206 203 200 194 194 200 204 206 205 204 204 202 202 200 199 198 194 194 198 201 213 216 216 215
185 187 189 189 190 190 190 188 185 188 192 191 194 196 197 194 192 196 196 197 nan nan nan nan nan nan nan nan nan nan nan nan nan nan nan nan nan nan nan nan nan nan nan 200 209 202 199 203 199 191 195 204 202 199 203 197 199 198 194 199 200 196 191 197 201 204 201 199 192 201 205 197 193 191 193 198 202 202 206 203 199 200 197 200 201 196 194 197 208 213 215 216 215 215
186 188 189 190 190 190 188 183 187 191 194 195 196 196 192 190 194 193 192 196 197 nan nan nan nan nan nan nan nan nan nan nan nan nan nan nan nan nan nan nan nan nan nan 201 209 203 195 196 193 187 195 202 194 193 202 193 196 197 195 196 197 195 193 197 198 201 200 196 193 200 202 190 185 191 194 198 199 203 204 203 202 200 195 199 198 197 197 204 207 213 215 216 215 215
187 188 189 189 190 189 184 184 190 192 194 195 195 192 189 192 192 188 189 192 192 192 nan nan nan nan nan nan nan nan nan nan nan nan nan nan nan nan nan nan nan nan nan 203 208 202 195 189 184 187 197 199 188 194 200 193 195 195 192 193 197 193 194 194 196 202 199 193 188 196 199 192 189 190 188 193 198 204 202 200 201 199 195 196 198 201 198 205 210 214 216 215 215 213
188 189 189 189 189 186 184 186 191 193 194 194 192 187 190 191 189 188 187 187 186 186 193 197 nan nan nan nan nan nan nan nan nan nan nan nan nan nan nan nan nan nan nan 198 209 206 201 192 183 190 198 193 188 195 197 192 196 196 192 190 193 191 194 196 198 202 195 192 191 197 201 194 187 180 179 190 199 204 201 199 194 195 193 196 202 201 206 209 213 215 215 215 215 210
188 189 189 189 186 182 186 188 189 192 194 193 185 187 188 188 186 185 182 182 188 190 190 192 nan nan nan 195 201 196 203 205 205 nan nan nan nan nan nan nan nan nan nan 204 209 203 197 189 183 192 194 185 189 193 192 191 194 193 190 189 188 190 191 198 201 199 193 190 194 195 200 195 187 182 183 190 200 203 202 196 191 194 196 204 206 207 210 212 214 215 214 214 214 206
189 189 189 188 184 187 188 190 192 192 192 190 185 188 188 188 186 182 183 186 190 195 193 194 196 nan nan 194 200 193 202 204 202 204 nan nan nan nan nan nan nan nan nan 205 208 200 200 192 186 192 186 185 191 190 188 191 195 192 188 187 187 192 195 195 200 198 193 187 193 193 193 192 191 187 186 192 200 201 199 198 197 197 202 209 210 210 212 213 214 215 215 215 212 206
189 190 189 185 184 186 188 187 189 190 191 189 190 190 188 191 189 183 181 191 192 198 198 199 198 195 199 201 198 191 195 203 195 201 nan nan nan nan nan nan nan nan nan 204 208 205 201 197 186 187 185 190 194 193 192 190 191 192 189 185 186 190 189 192 198 196 193 188 186 186 192 191 190 188 186 193 194 196 199 197 197 198 207 206 205 208 212 213 214 214 214 214 204 207
190 190 187 183 185 186 185 184 187 189 190 190 192 193 191 193 193 188 185 189 194 197 194 192 191 187 196 195 192 194 196 199 198 203 nan nan nan nan nan nan nan nan nan 206 205 201 197 192 189 188 190 197 195 198 193 192 189 189 190 186 186 188 192 195 197 196 191 188 187 187 189 189 186 187 185 185 192 197 198 192 194 202 204 201 206 208 212 213 214 213 214 213 203 212
190 189 183 182 184 183 181 181 187 189 189 188 190 189 191 187 190 194 193 191 192 197 190 181 182 190 197 189 188 189 183 195 203 205 nan nan nan nan nan nan nan nan nan 209 203 203 198 191 197 194 198 201 199 199 196 195 190 185 188 187 185 188 193 195 193 191 191 187 188 186 183 187 181 183 180 184 189 192 197 194 200 203 204 205 209 211 213 213 213 214 213 210 211 213
189 188 181 180 180 181 184 185 188 189 189 191 189 187 185 181 186 188 195 192 192 195 186 176 179 190 192 186 187 184 190 196 200 205 nan nan nan nan nan nan nan nan nan 205 209 206 199 201 203 203 205 202 202 201 199 195 193 189 185 188 185 189 193 193 186 183 185 185 187 186 181 185 184 178 177 179 185 187 193 199 200 199 206 209 211 212 212 212 213 213 213 214 213 210
189 184 180 180 183 185 187 188 189 189 190 186 186 184 179 180 186 191 195 195 196 194 191 180 177 184 183 179 180 180 189 200 202 200 201 206 nan nan nan nan nan nan nan nan 203 206 208 204 208 206 201 200 199 200 198 196 195 192 187 185 184 189 189 192 188 185 181 177 179 187 184 181 181 177 170 174 183 188 193 194 191 200 205 204 209 212 211 211 213 212 208 212 213 212
187 183 178 179 180 182 185 187 189 188 189 187 184 177 179 187 191 192 193 192 192 187 189 177 170 175 177 172 177 183 189 198 196 196 194 205 nan nan nan nan nan nan nan nan nan 199 209 209 203 204 203 200 198 197 197 197 194 194 190 185 184 183 186 191 188 184 177 174 182 187 186 183 178 175 172 180 186 187 185 185 193 199 204 209 211 210 208 204 212 213 209 212 212 211
182 179 180 181 183 184 186 186 186 186 188 187 183 176 181 189 192 193 189 189 186 182 187 180 176 171 175 175 187 195 195 199 191 189 188 201 205 nan nan nan nan nan nan nan nan nan 211 210 206 205 201 201 202 202 197 195 195 193 191 191 185 180 182 186 187 185 179 179 185 186 185 183 179 176 179 180 178 180 181 186 196 202 206 210 211 208 204 205 209 212 210 210 209 206
181 179 180 181 182 184 185 185 185 185 185 184 178 176 184 188 187 190 186 186 179 173 182 184 179 169 170 178 193 198 197 201 198 190 195 201 202 203 nan nan 206 206 203 208 nan 208 209 206 209 209 207 205 205 200 197 199 198 194 193 192 186 184 180 182 181 181 182 183 184 184 182 183 182 183 183 176 182 187 189 195 195 202 209 210 210 207 203 203 209 212 213 212 206 198
181 178 180 182 184 185 186 186 185 186 184 178 172 170 182 180 181 188 186 180 172 172 183 178 171 166 172 178 189 197 201 198 192 192 199 201 195 191 200 204 200 196 194 205 211 210 205 204 206 206 209 209 205 200 200 201 199 195 196 192 189 187 180 175 176 175 177 179 181 182 180 187 187 189 186 180 183 189 196 201 198 206 208 207 206 204 202 207 211 213 213 212 208 196
179 179 183 184 184 185 185 185 183 184 183 181 173 168 174 178 182 183 182 172 163 172 182 173 164 167 177 179 185 193 198 191 188 196 197 196 194 193 200 197 193 193 199 207 210 206 204 204 204 202 204 209 204 200 202 203 200 195 196 190 191 187 179 172 169 164 167 171 175 179 187 189 190 191 184 187 184 189 194 199 204 208 205 203 208 207 204 209 213 212 213 213 210 203
181 180 183 183 183 184 184 181 179 182 182 178 172 168 170 174 175 179 174 166 163 172 177 170 167 172 175 178 181 184 194 189 192 187 191 194 191 196 195 193 196 202 204 210 207 206 203 202 203 200 205 209 207 205 205 202 199 194 198 193 194 189 184 177 170 165 164 170 172 175 182 191 194 193 194 190 185 193 200 203 207 207 207 206 210 209 210 211 213 212 211 211 212 209
179 181 183 184 184 185 183 181 178 180 178 176 171 169 170 167 168 169 165 162 167 168 175 170 170 174 177 179 178 187 193 187 182 182 189 189 187 189 192 200 202 206 210 210 205 205 203 200 200 202 207 206 206 208 203 200 197 197 199 197 195 193 189 184 175 167 163 163 167 172 180 190 196 199 197 194 191 195 203 207 208 208 210 210 211 211 212 213 213 213 210 207 209 211
180 183 184 186 186 185 184 180 176 176 174 172 172 173 171 168 164 164 165 167 169 172 169 167 170 171 171 176 182 190 190 183 180 188 191 193 190 190 195 201 205 209 208 206 206 203 201 199 201 204 205 202 205 207 206 203 202 202 200 196 192 186 182 185 181 174 169 162 165 174 183 191 196 198 202 200 198 200 201 206 207 210 210 210 211 212 212 212 210 210 209 207 205 210
179 182 186 188 188 187 185 181 174 174 175 175 174 175 171 166 163 165 166 166 164 169 170 167 169 173 179 184 190 190 186 180 185 191 197 199 200 200 202 205 210 208 204 206 205 204 201 199 203 203 201 202 205 206 201 204 200 197 194 191 189 181 171 176 183 175 165 162 166 174 185 189 197 200 203 203 201 198 204 205 208 210 211 211 211 211 211 212 210 204 207 206 204 207
185 188 190 189 190 187 183 178 172 175 175 177 175 176 172 166 163 164 163 163 163 169 171 168 176 181 185 191 188 184 185 184 189 192 193 196 197 203 207 209 210 203 202 204 203 202 200 200 201 201 202 203 205 205 201 203 199 197 194 190 185 178 168 172 176 174 168 168 171 176 183 187 194 199 203 203 203 204 207 205 209 210 211 212 212 211 210 212 207 206 209 208 204 206
188 190 191 191 190 187 182 176 172 175 176 176 178 176 174 168 164 163 164 162 166 169 169 170 175 181 187 188 182 182 185 190 193 194 194 194 199 205 204 208 208 205 204 204 202 201 199 200 199 201 203 205 207 204 201 200 199 195 194 188 179 172 166 162 164 168 176 173 172 178 181 183 191 199 203 204 204 207 207 205 209 210 211 212 212 212 213 213 210 210 209 208 206 205
190 192 192 191 189 185 179 174 174 176 177 176 179 175 171 166 165 167 168 165 166 167 168 172 179 182 188 183 180 182 185 192 196 198 199 198 203 203 202 206 210 207 207 207 205 203 198 198 201 202 202 204 206 200 197 197 198 197 194 186 180 174 166 161 164 170 179 180 176 177 178 178 185 196 204 203 207 208 207 210 210 211 211 211 211 212 213 213 211 211 209 210 208 206
192 193 192 191 189 184 177 175 176 177 177 177 179 176 168 168 170 169 170 167 164 165 168 176 178 183 185 182 178 182 189 194 196 200 202 204 204 201 203 203 206 210 207 204 205 203 198 196 200 201 200 202 206 204 200 197 193 194 191 189 180 173 171 166 167 170 182 185 178 176 178 180 187 195 205 205 208 205 206 209 210 210 211 211 212 212 212 212 212 211 210 210 209 209
194 194 193 192 190 186 184 178 177 177 177 177 180 175 167 170 174 171 169 167 165 170 172 176 180 181 183 180 178 181 186 192 198 198 200 199 201 199 199 202 207 209 203 202 204 201 199 197 197 201 201 204 200 202 205 200 195 191 185 185 185 177 178 174 176 171 176 186 183 184 182 184 189 198 205 206 209 200 205 207 210 211 211 212 212 212 212 212 211 212 211 210 209 208
194 192 192 191 189 189 184 181 182 179 177 180 179 172 172 174 174 167 167 167 167 173 176 178 175 178 179 178 182 186 189 196 199 197 199 197 199 201 203 205 210 204 199 201 202 200 196 198 199 203 201 200 196 200 204 199 191 185 175 178 182 180 182 182 176 176 176 182 191 187 182 188 196 197 203 206 208 200 203 209 209 210 211 212 212 212 211 212 211 211 211 210 208 209
195 193 192 190 190 190 185 185 183 179 179 182 177 171 174 178 172 169 169 167 172 176 176 179 176 177 177 177 182 187 192 195 195 196 195 194 198 196 203 206 209 205 201 202 201 199 195 195 200 202 196 196 199 198 199 201 191 190 181 174 177 182 185 185 180 179 178 180 190 193 188 183 194 197 202 207 206 201 203 208 208 211 211 211 212 211 211 211 211 211 210 210 208 208
196 194 192 192 192 190 186 187 186 181 176 183 177 176 178 179 174 170 173 170 176 179 180 181 183 180 177 176 174 181 189 192 192 191 191 193 193 199 202 206 210 205 203 204 201 200 196 198 200 199 195 195 198 192 189 197 197 199 190 182 184 178 184 187 185 182 181 183 189 196 189 186 190 195 202 206 201 198 205 209 210 211 211 212 211 210 210 210 210 210 210 209 208 207
196 193 192 194 192 191 190 188 184 176 177 181 183 181 176 178 176 175 175 172 177 178 177 179 185 182 177 171 174 180 189 189 187 188 190 194 198 202 204 206 210 207 207 203 200 198 194 194 198 197 195 192 194 194 183 185 194 198 197 190 188 179 181 188 185 180 179 179 186 197 192 189 189 196 204 204 198 202 206 209 210 210 211 211 210 210 209 210 209 209 208 208 205 207
195 196 195 193 192 189 186 184 179 175 173 181 180 175 173 175 172 172 174 173 178 177 178 183 184 186 179 174 182 185 188 187 186 192 197 200 200 202 204 208 209 207 205 205 202 199 193 190 195 193 190 188 186 191 186 185 186 190 194 196 187 186 188 187 189 185 180 179 187 192 197 191 189 197 202 205 200 204 206 209 210 207 211 212 210 209 209 208 204 200 199 204 205 205
194 195 196 194 191 190 187 180 176 173 179 184 181 177 173 169 167 169 171 175 179 182 182 180 185 186 175 173 181 184 185 185 188 195 198 200 203 205 207 210 209 207 206 204 200 195 189 189 194 186 182 185 180 183 187 184 183 180 185 195 195 193 192 190 188 189 184 186 192 195 196 191 190 192 201 202 202 204 206 209 211 211 211 212 210 209 209 206 201 192 194 200 205 204
195 194 194 196 193 192 185 180 177 174 179 180 186 183 179 171 169 166 169 178 183 185 184 180 184 185 179 183 184 186 187 187 191 199 202 203 204 207 208 208 205 208 205 204 200 196 187 186 191 189 181 181 180 182 189 189 187 187 184 190 195 189 184 179 182 188 187 187 194 198 198 196 194 193 203 203 202 205 207 210 210 211 210 211 209 209 207 208 202 195 193 199 204 203
193 193 193 195 195 188 181 179 182 178 177 178 187 181 175 173 170 168 177 181 185 187 188 184 187 192 189 189 189 189 192 187 195 199 200 203 203 205 210 207 204 207 205 202 198 193 189 190 187 182 180 180 185 185 188 191 191 191 191 193 194 189 182 176 175 182 188 187 188 197 201 198 196 201 205 206 205 204 210 210 210 211 211 211 208 205 206 206 203 198 196 198 202 199
193 192 193 196 193 184 181 180 183 185 186 182 188 181 176 174 170 176 183 185 183 186 189 185 186 190 195 191 193 191 194 193 196 196 200 203 207 210 208 206 202 207 203 202 199 198 194 188 185 179 182 185 187 187 189 190 192 189 190 192 192 191 184 183 177 176 189 195 190 199 204 195 200 204 207 207 203 205 209 210 211 211 210 206 208 205 197 198 201 197 198 201 200 200
192 192 192 195 193 186 183 183 182 187 190 186 186 182 180 175 177 186 186 187 184 188 190 191 191 191 195 198 196 189 194 197 198 193 197 203 207 209 206 206 203 204 205 203 202 202 197 188 179 177 181 187 187 187 190 192 192 191 191 194 192 191 189 186 179 178 185 197 199 203 202 196 202 206 207 207 203 206 209 211 211 210 206 204 205 203 191 190 193 194 200 204 200 203
192 191 194 195 196 189 190 189 189 193 189 187 188 178 172 175 186 190 189 187 186 189 191 192 195 194 194 193 199 191 191 198 194 191 197 200 204 209 205 202 203 203 201 196 192 199 197 185 177 177 184 186 187 189 190 192 190 190 193 191 187 188 185 183 182 182 186 193 201 205 203 196 204 207 205 207 208 210 210 211 210 209 208 206 205 201 189 185 189 196 200 204 205 207
194 194 196 195 195 195 195 196 195 197 190 186 193 186 180 184 191 192 188 184 184 188 190 193 195 198 198 196 201 194 194 200 197 195 197 204 206 209 208 206 205 203 200 198 195 195 196 191 181 178 184 187 188 189 189 188 189 190 193 191 185 180 185 187 187 188 191 195 192 201 206 201 202 206 203 205 208 209 208 211 210 209 207 204 202 193 185 179 187 197 199 203 206 209
193 194 195 191 194 188 190 193 190 197 194 187 189 194 192 192 195 192 187 183 185 189 188 190 194 197 198 199 202 200 201 202 204 201 198 205 209 209 205 203 203 199 199 196 194 192 186 192 187 180 181 186 182 183 186 183 189 190 192 191 187 185 187 191 189 193 198 199 195 202 205 206 204 206 205 206 210 209 207 210 210 206 203 206 192 186 187 188 187 196 202 204 205 208
191 192 195 191 190 187 187 187 190 195 197 194 195 194 197 197 194 191 188 182 184 184 189 191 193 198 200 198 201 200 204 203 207 207 203 204 208 210 207 205 203 198 192 188 191 186 180 185 188 177 176 182 176 182 182 183 190 191 190 191 191 189 187 192 193 196 199 200 192 195 202 205 207 207 208 209 208 206 205 209 210 209 208 205 196 192 188 193 193 193 200 203 205 208
191 194 192 190 189 183 183 182 187 189 194 196 198 199 199 194 187 184 189 188 181 183 188 189 194 196 200 201 199 193 196 206 203 207 207 207 210 209 206 204 201 199 193 185 182 176 172 172 182 176 174 177 174 178 177 179 187 188 189 189 189 188 188 191 196 195 197 199 198 204 205 203 204 201 206 210 207 205 207 209 210 210 210 208 203 196 194 195 199 197 196 201 202 203
