ecocropFuture/tif/c6/rcp585/ACCESS-CM2/tmin_11.asc
ncols        683
nrows        518
xllcorner    -87.691666666667
yllcorner    10.708333333333
cellsize     0.008333333333
NODATA_value  nan
[rows 126 to 167 of 518, columns 282 to 375 of 683]
211 206 210 208 204 210 215 216 216 215 214 211 210 212 212 210 201 204 208 210 209 210 210 211 211 209 206 210 207 206 207 203 196 195 194 197 202 200 197 197 202 207 211 208 204 208 205 212 212 213 208 207 209 210 206 213 209 213 208 208 210 210 212 209 208 211 210 207 204 205 209 210 212 213 213 213 213 212 211 208 210 212 212 210 203 200 198 208 212 215 212 208 208 206
209 211 212 210 204 204 213 215 216 215 215 214 213 214 214 210 205 209 208 209 206 204 208 210 209 207 208 210 208 203 201 201 203 199 195 194 196 196 200 200 198 206 209 203 198 203 205 213 213 213 210 206 201 206 206 212 213 211 213 212 210 213 212 212 209 212 214 213 210 210 211 211 211 212 210 209 210 210 210 207 209 212 212 211 208 202 198 202 209 213 211 211 210 206
208 211 212 210 206 206 213 215 216 215 216 215 215 215 214 213 211 211 211 208 207 201 208 210 209 209 209 209 208 204 199 195 203 202 199 197 194 192 194 205 207 210 209 199 195 203 208 209 211 215 209 202 198 206 211 211 215 213 211 215 213 214 212 214 214 216 214 211 211 211 212 212 213 211 210 211 212 212 212 211 212 212 213 213 213 209 209 209 214 212 216 216 216 214
210 211 212 211 209 208 210 214 216 215 215 215 215 215 214 214 214 213 211 208 206 199 206 208 209 210 209 208 207 206 202 199 200 202 200 199 197 196 194 202 207 208 209 202 197 204 207 201 203 214 209 196 199 206 213 212 215 214 213 216 213 216 213 215 217 214 210 209 211 211 211 212 211 210 210 208 211 209 210 212 213 214 214 214 216 214 214 216 216 213 220 221 220 218
207 212 212 212 207 211 213 213 215 215 214 215 215 214 214 214 214 213 213 209 206 200 205 207 205 207 208 209 208 205 202 199 197 197 194 196 199 195 195 199 204 207 208 203 199 201 201 197 203 212 213 202 197 203 213 212 216 217 215 215 214 217 216 217 213 209 209 209 209 209 210 211 210 209 208 207 207 208 209 209 212 214 214 215 216 216 216 217 221 222 224 224 223 224
206 211 212 212 207 211 213 214 215 215 214 214 214 214 214 213 212 211 212 211 204 203 207 207 208 207 208 208 208 205 200 201 200 198 193 197 200 200 198 195 205 206 204 203 197 193 194 196 207 212 216 208 197 200 211 215 216 218 216 216 218 216 211 215 213 210 209 208 209 210 208 208 206 206 208 207 206 204 203 206 209 210 213 212 215 216 219 219 218 220 216 222 225 224
209 211 211 211 209 211 213 213 215 214 214 214 214 213 213 211 211 210 209 211 205 205 207 207 207 209 207 207 206 206 201 199 196 191 192 198 202 202 203 204 209 203 200 206 201 197 193 199 207 212 217 211 197 195 205 210 213 218 218 218 218 215 211 213 210 212 211 210 210 209 208 206 206 207 207 208 208 208 208 206 204 202 205 210 212 215 216 218 221 220 216 219 224 223
211 211 211 211 210 212 214 214 213 211 211 214 213 213 212 210 208 210 209 210 208 206 206 207 203 208 207 207 205 207 205 202 192 191 194 198 203 205 205 210 211 205 200 209 207 202 193 194 202 209 217 214 205 195 203 212 207 217 219 219 217 216 213 211 209 214 212 208 209 208 207 207 207 207 207 209 209 209 209 208 207 206 204 208 208 210 215 218 217 218 218 217 223 226
213 212 210 210 212 212 213 212 212 211 213 214 214 213 212 211 207 205 205 204 207 202 203 205 206 207 208 205 204 205 206 205 196 194 198 201 206 203 210 211 210 206 205 212 210 202 193 187 194 203 216 218 212 208 212 216 210 212 220 219 215 215 215 211 212 214 213 213 213 209 207 209 208 208 206 208 209 209 209 209 209 205 201 200 199 207 215 214 215 216 214 215 221 227
213 210 206 206 208 212 212 213 212 212 213 213 213 213 212 210 204 196 196 198 204 201 202 206 207 207 207 207 203 207 207 207 203 200 199 205 209 206 212 212 209 211 211 210 211 209 202 188 190 201 215 220 218 214 216 219 215 215 220 219 217 218 218 212 212 216 216 215 213 212 211 211 210 208 207 208 208 208 207 207 209 209 206 198 198 206 213 211 206 210 211 210 213 222
208 209 207 210 207 211 213 212 211 212 213 212 213 212 211 210 205 196 196 202 204 205 205 205 206 207 208 209 205 208 211 208 207 207 201 201 208 211 213 210 207 212 213 206 204 214 208 197 198 209 213 216 219 219 218 220 218 218 221 220 218 218 217 215 215 215 218 216 216 216 216 213 209 209 209 208 207 208 207 206 205 208 210 204 205 204 207 206 204 203 208 216 218 219
209 212 213 212 211 213 212 210 210 212 212 212 211 212 211 210 203 197 201 204 203 206 206 205 203 206 210 210 206 208 212 211 208 210 203 201 208 214 211 206 208 211 214 211 205 214 215 204 206 212 205 209 213 220 218 220 221 221 221 220 218 214 217 218 219 219 220 217 219 220 217 213 210 211 211 210 209 209 207 206 204 206 211 209 202 201 200 200 197 203 209 219 224 225
213 213 212 210 212 213 210 209 209 211 210 211 211 208 206 205 205 198 202 203 200 204 204 205 203 207 210 212 210 210 212 212 210 211 209 210 213 213 208 207 207 211 214 212 202 209 218 212 211 215 213 213 214 218 220 218 221 221 220 219 216 213 215 218 220 221 220 219 221 220 217 216 214 212 212 210 209 209 208 204 206 208 209 211 205 199 204 205 200 207 211 219 222 222
210 211 208 207 209 212 210 208 209 211 209 209 207 204 197 194 198 197 201 203 200 200 204 202 205 202 207 211 213 211 213 213 213 213 213 213 214 212 207 209 211 214 217 215 211 212 218 216 216 211 212 217 213 215 221 221 221 221 219 218 215 216 218 220 221 222 219 220 220 217 214 211 210 210 211 210 209 208 207 203 204 207 210 212 212 211 211 211 209 213 210 218 221 220
205 205 201 199 207 210 210 205 209 209 206 204 203 200 190 185 192 195 198 202 202 201 204 201 204 204 208 210 211 213 214 212 213 213 214 214 215 211 210 214 212 215 218 217 215 214 219 219 219 218 215 217 217 217 220 222 222 221 219 220 219 217 220 219 220 222 220 218 214 211 209 209 208 208 209 208 209 208 202 198 198 206 209 211 212 213 213 214 214 214 211 214 221 219
197 194 192 194 198 203 209 206 209 205 198 198 196 192 188 193 194 198 198 199 202 201 202 203 202 204 206 206 206 208 213 213 213 213 214 212 213 215 216 215 214 216 219 215 215 213 218 221 221 221 220 218 218 220 216 220 223 222 222 220 219 220 221 220 220 221 221 219 214 214 210 208 206 206 204 206 210 208 200 191 194 203 206 207 211 212 213 213 211 210 209 215 219 216
193 189 185 183 190 199 207 209 206 201 191 190 188 186 191 197 199 200 198 195 199 197 201 202 202 202 207 205 201 207 212 212 212 211 214 209 207 215 212 216 215 215 218 215 216 215 218 219 217 219 221 221 220 221 219 220 223 223 222 220 220 220 221 222 222 222 221 218 216 212 209 207 202 203 202 209 210 210 206 201 201 207 208 208 212 213 212 208 207 205 209 215 217 215
199 192 183 183 192 198 205 209 206 200 195 192 193 193 197 201 202 199 196 197 199 199 202 200 198 203 206 208 204 206 212 212 213 215 213 206 206 210 214 215 216 214 217 217 216 219 217 214 210 214 221 222 222 222 222 221 222 223 222 222 221 222 221 222 223 221 216 214 210 210 213 208 200 202 205 210 210 211 210 209 210 211 212 213 213 213 212 207 205 205 211 215 216 210
203 199 195 193 191 193 202 208 205 201 199 199 198 197 200 202 198 199 196 197 198 202 200 199 195 199 201 208 209 209 209 212 213 214 209 210 206 208 214 213 215 216 219 220 218 220 217 212 214 219 220 222 222 223 223 222 222 222 223 222 221 222 222 222 222 219 212 210 211 211 216 207 198 203 209 211 211 211 211 212 212 212 213 211 210 209 211 212 210 206 208 209 212 213
207 205 204 201 200 200 203 207 208 205 203 203 202 202 203 202 200 198 194 193 198 198 200 199 196 197 202 204 207 210 208 212 214 213 212 209 209 213 215 215 212 219 220 221 222 221 220 217 219 215 212 219 222 223 223 222 221 222 222 222 222 222 222 223 221 217 215 214 215 217 216 209 208 208 209 210 208 210 211 211 211 211 211 209 209 209 209 208 204 208 212 211 218 221
211 209 208 207 205 205 205 206 204 206 206 203 204 204 203 201 198 195 195 197 195 197 200 201 201 200 205 204 204 211 209 212 213 209 204 202 205 210 213 213 213 214 218 220 221 222 222 222 218 218 212 214 222 222 223 223 222 221 215 221 222 223 223 222 221 215 216 217 218 219 216 211 207 206 203 200 198 207 210 211 210 210 210 210 210 209 208 210 212 213 217 219 221 223
207 206 208 205 205 206 202 204 201 199 204 206 205 203 202 198 197 195 196 192 194 193 200 204 205 202 205 204 206 210 212 212 209 200 193 188 195 206 207 204 211 214 216 218 220 219 219 223 221 218 220 218 221 223 223 222 220 220 216 218 223 224 223 222 220 218 214 218 221 217 212 204 199 199 195 197 202 208 210 211 211 208 209 209 207 205 206 211 215 217 219 219 218 218
203 206 207 207 206 204 201 199 198 198 203 206 206 204 201 199 196 196 192 189 187 192 198 202 207 206 206 206 209 210 211 208 206 201 192 175 187 196 197 201 207 211 217 218 218 214 216 220 222 222 222 222 223 223 223 219 212 217 218 221 223 224 223 220 221 221 219 220 221 219 215 215 210 204 199 206 211 211 215 214 210 206 207 205 201 199 206 210 211 210 212 215 215 214
200 204 206 207 207 204 202 200 198 200 202 204 206 203 202 200 197 193 185 194 190 197 199 204 206 207 208 209 208 207 206 205 205 194 185 173 175 183 190 191 196 201 210 216 217 218 219 221 222 222 223 222 223 224 223 216 214 218 222 222 223 224 223 222 221 221 218 221 220 216 215 214 213 204 197 206 214 216 211 210 208 205 201 199 194 199 204 208 213 208 207 213 217 218
202 203 206 206 207 204 205 202 200 201 201 203 204 202 200 199 197 191 189 189 199 198 202 206 206 206 207 207 206 204 198 200 201 198 184 163 155 168 177 176 183 196 205 213 217 219 221 222 221 220 222 223 223 224 223 222 221 219 221 223 224 224 223 223 221 221 221 222 220 219 218 216 213 206 205 210 216 215 205 204 200 197 196 198 202 207 212 216 216 214 215 214 220 219
204 203 205 208 207 207 205 203 203 203 202 202 202 203 201 199 194 197 194 191 200 204 201 204 205 206 207 205 203 200 196 193 194 194 186 172 167 171 178 183 188 195 203 207 213 219 220 221 221 221 222 223 223 224 222 221 222 221 223 224 224 224 223 222 222 222 223 220 219 218 217 215 209 211 214 215 220 215 212 209 207 204 205 208 213 212 212 218 215 219 220 219 221 221
206 204 206 206 206 205 203 205 205 204 203 201 201 200 200 197 196 199 201 194 194 204 204 204 206 207 206 203 199 195 188 182 176 176 183 183 179 179 174 174 176 184 192 201 210 218 220 221 222 222 223 223 224 224 223 221 222 222 224 224 224 223 222 222 223 223 222 220 219 218 216 213 210 215 218 218 220 221 220 218 216 213 211 217 219 218 215 219 221 221 222 222 221 221
208 207 206 205 205 205 206 204 204 205 203 203 200 196 195 200 203 199 203 201 198 201 206 203 208 207 205 202 197 190 182 172 162 165 172 182 187 189 185 175 174 174 182 198 208 213 219 222 222 222 223 223 223 224 224 222 224 224 225 224 223 223 223 223 223 222 222 220 219 218 216 210 213 219 220 220 218 221 222 221 220 218 216 217 220 221 223 224 225 224 223 223 221 221
208 205 206 204 204 204 205 205 202 203 204 203 199 195 194 200 201 205 206 206 206 202 208 209 209 207 203 199 192 183 170 162 152 156 167 174 185 193 192 185 185 179 184 194 203 210 216 221 222 223 223 223 223 224 224 223 224 225 224 224 224 223 222 223 224 222 221 221 219 220 219 214 216 221 221 221 220 223 223 221 218 218 215 213 216 220 223 225 226 226 224 224 222 220
206 204 205 205 204 202 200 200 200 204 204 203 200 196 195 200 204 205 209 204 205 209 208 211 209 205 200 196 188 179 173 166 159 161 167 176 183 192 198 194 192 185 187 194 202 208 215 220 222 222 222 223 224 224 224 224 224 225 224 224 224 223 223 223 223 222 220 221 220 221 221 220 218 220 220 221 223 223 223 221 219 219 218 214 215 220 222 224 225 227 226 223 225 224
205 204 205 204 203 200 194 195 202 206 203 198 200 193 189 194 200 203 208 209 208 209 210 211 209 202 197 190 183 172 164 159 159 165 169 176 185 193 199 200 195 188 193 196 200 208 218 221 223 223 223 223 224 224 224 224 224 225 225 224 224 224 223 223 223 222 222 223 222 222 219 219 220 219 219 217 220 224 224 221 220 221 223 223 221 223 226 225 226 226 227 226 226 225
205 204 205 204 201 196 190 194 200 206 200 198 195 194 189 194 197 203 205 206 211 211 212 211 206 199 196 191 182 168 159 156 157 160 163 168 180 192 199 203 197 197 196 202 209 213 218 221 222 222 223 223 223 224 224 224 225 224 225 224 224 224 224 222 223 223 223 223 223 222 221 221 221 219 220 218 221 224 223 219 219 222 224 225 225 225 226 227 227 226 227 227 226 224
205 204 202 198 196 193 193 198 204 204 202 196 191 191 198 195 195 206 209 210 210 212 212 210 207 199 195 191 184 177 169 166 162 166 174 177 185 196 203 204 200 204 206 204 206 211 218 221 223 223 223 223 224 224 224 224 224 224 225 224 224 224 224 222 223 224 224 224 223 222 223 223 223 221 221 220 223 224 223 221 220 220 223 226 226 227 227 227 227 227 227 228 228 227
204 205 199 197 198 197 199 203 206 203 206 201 193 194 195 203 201 206 209 211 211 212 213 211 207 200 194 190 180 172 171 173 174 175 176 185 192 201 206 203 203 205 208 211 214 214 220 222 223 223 223 223 224 224 224 224 225 225 225 225 225 225 224 223 224 224 224 224 223 221 220 224 224 224 224 224 224 224 224 221 222 224 221 223 225 227 227 227 227 227 227 227 228 228
202 207 202 199 205 203 205 207 207 209 207 202 197 200 192 203 206 207 208 212 212 213 212 208 208 200 195 189 177 168 165 172 176 181 184 185 192 202 208 206 206 206 205 212 217 219 221 221 221 223 223 223 224 224 224 224 224 225 225 225 225 225 225 224 224 224 225 224 224 222 221 222 224 225 225 225 225 224 224 224 225 225 221 220 225 227 227 227 227 228 227 227 228 228
204 208 206 204 206 205 208 209 210 209 206 198 196 206 199 203 207 208 208 212 213 213 211 209 206 202 194 188 179 173 168 165 168 176 189 195 199 206 207 206 203 201 203 211 216 218 220 219 220 222 223 223 223 223 224 224 222 224 225 225 225 225 224 224 224 224 225 224 224 224 224 222 224 225 225 225 225 225 225 225 225 226 225 225 227 226 227 227 227 227 227 227 228 226
208 208 209 208 209 209 210 210 210 208 201 194 195 203 207 209 208 210 209 212 213 212 211 208 207 204 196 191 181 173 168 169 176 178 185 195 205 209 206 211 203 198 203 210 215 220 219 220 218 222 222 223 223 223 224 221 221 223 223 224 225 225 223 223 225 224 225 225 225 225 224 222 224 225 225 225 225 226 226 225 225 226 226 226 226 226 227 228 228 228 228 228 228 228
209 208 210 210 211 211 212 211 208 207 204 196 191 194 203 209 210 210 212 213 213 210 210 208 208 202 195 194 188 182 178 176 181 189 192 200 206 211 213 214 209 206 211 215 218 220 220 221 220 222 222 223 223 223 223 220 221 223 224 224 225 225 224 224 225 225 224 224 225 225 224 224 224 224 224 223 225 225 224 224 225 225 225 226 225 225 227 227 223 227 228 227 228 228
210 209 210 211 211 212 212 212 208 203 205 201 198 198 207 207 208 210 212 213 212 210 207 207 209 203 193 196 197 193 189 191 191 194 201 205 206 207 211 216 215 214 213 215 218 219 219 221 220 221 222 222 223 223 223 221 222 224 224 225 225 225 223 224 225 225 225 225 225 224 225 226 225 223 221 219 223 225 225 225 224 221 221 225 225 224 225 225 225 225 227 228 228 228
209 210 211 211 211 212 212 210 209 209 210 208 207 205 206 209 210 211 213 212 210 211 208 210 207 201 195 194 199 201 202 202 204 206 207 209 210 208 212 217 215 214 215 218 220 219 218 219 222 222 222 222 223 223 223 222 222 224 224 225 225 225 224 224 225 225 225 225 226 225 226 226 225 223 221 220 221 223 226 223 223 222 219 221 219 222 225 225 224 224 225 228 228 228
209 210 211 212 213 213 211 208 205 210 211 211 211 205 203 204 205 212 214 211 209 211 209 211 209 203 196 194 194 200 207 210 210 211 212 213 212 214 216 215 214 216 219 219 219 219 218 218 220 222 222 222 222 223 223 222 223 224 225 225 226 225 224 222 223 224 225 224 225 226 225 223 225 226 224 221 219 223 225 226 221 216 217 215 212 218 224 226 226 225 224 226 227 228
208 211 211 212 213 212 208 203 203 207 212 212 209 206 198 199 208 213 214 211 212 210 210 209 204 202 201 201 200 199 207 210 213 212 214 214 212 213 216 216 218 219 220 220 218 220 220 220 222 222 222 222 223 223 223 223 224 225 225 225 226 225 224 220 221 223 225 224 224 225 225 224 224 226 226 225 221 222 224 226 226 224 217 216 215 221 224 225 225 226 226 227 227 228
