ecocropFuture/tif/c6/rcp585/ACCESS-CM2/tmin_7.asc
ncols        683
nrows        518
xllcorner    -87.691666666667
yllcorner    10.708333333333
cellsize     0.008333333333
NODATA_value  nan
[rows 336 to 377 of 518, columns 94 to 187 of 683]
nan nan nan nan nan nan nan nan nan nan nan nan nan 257 257 nan 257 257 257 257 257 256 256 256 254 254 252 252 250 250 250 248 247 247 248 248 248 247 246 245 244 244 242 242 243 242 240 240 239 237 236 236 235 234 233 233 240 244 245 246 246 245 244 244 243 242 241 242 242 247 247 246 245 246 247 247 247 247 247 247 247 247 246 246 246 246 246 246 246 246 246 246 246 246
nan nan nan nan nan nan nan nan nan nan nan nan nan nan 257 256 nan nan 257 257 257 257 256 256 255 253 252 250 251 250 249 247 245 245 246 248 248 247 246 245 244 243 242 241 241 241 241 239 238 237 236 235 234 234 234 232 234 241 244 245 245 245 244 244 244 244 244 244 243 245 246 246 246 247 247 247 247 247 247 247 247 246 246 246 246 246 246 246 246 246 246 246 246 246
nan nan nan nan nan nan nan nan nan nan nan nan nan nan nan 257 257 257 256 256 257 256 256 254 254 253 250 250 249 249 247 246 241 239 245 248 248 247 246 244 244 243 242 241 239 239 240 239 239 237 236 235 235 235 234 233 232 234 241 244 245 245 245 244 244 244 244 244 244 243 246 247 247 247 247 247 247 247 247 247 247 246 246 246 246 246 246 246 246 246 246 246 246 246
nan nan nan nan nan nan nan nan nan nan nan nan nan nan nan nan nan 257 257 255 254 256 255 253 253 252 251 251 249 249 248 247 244 238 245 247 246 246 246 244 243 242 242 241 240 239 238 237 236 236 236 235 234 233 232 232 231 230 236 242 244 244 245 245 245 245 245 245 245 244 247 247 247 247 247 247 247 247 247 247 246 246 246 246 246 246 246 246 246 246 246 246 246 246
nan nan nan nan nan nan nan nan nan nan nan nan nan nan nan nan nan 257 256 255 254 254 254 254 253 252 251 251 250 249 248 247 246 239 243 246 245 245 245 243 243 242 242 241 240 239 238 237 236 236 235 235 234 233 232 232 231 229 234 240 243 244 244 244 244 245 245 245 245 246 247 247 247 247 247 247 247 247 247 247 246 246 246 246 246 246 246 245 245 245 245 245 245 245
nan nan nan nan nan nan nan nan nan nan nan nan nan nan nan nan nan 257 257 256 255 255 254 254 252 252 250 251 250 249 247 245 247 247 245 246 246 245 245 243 242 242 241 240 240 239 238 237 237 237 236 234 234 234 234 232 232 231 231 239 242 243 244 244 244 244 244 244 244 246 246 247 247 247 247 247 247 247 246 246 246 246 246 246 245 245 245 245 245 245 245 245 245 245
nan nan nan nan nan nan nan nan nan nan nan nan nan nan nan nan nan 257 257 256 255 254 252 253 251 250 249 249 249 249 248 247 246 248 247 246 246 246 245 243 242 242 241 241 240 240 239 238 237 238 237 237 236 235 234 234 232 231 230 236 241 242 243 243 243 243 243 243 244 246 246 246 246 246 246 246 246 246 246 246 246 245 245 245 245 245 244 244 244 244 244 244 244 244
nan nan nan nan nan nan nan nan nan nan nan nan nan nan nan nan nan nan 257 256 255 254 252 252 252 249 248 248 248 250 251 250 250 249 248 247 246 245 244 243 243 243 243 242 240 240 239 238 239 239 238 236 236 235 234 233 232 231 229 234 240 241 242 243 243 243 243 243 242 244 246 246 246 246 246 246 246 246 246 245 245 245 244 244 244 244 243 243 243 243 243 243 243 243
nan nan nan nan nan nan nan nan nan nan nan nan nan nan nan nan nan nan 257 256 256 254 253 253 252 250 247 247 247 246 251 251 250 249 248 247 245 244 244 244 244 243 242 242 241 240 241 241 240 239 237 237 235 234 233 232 231 229 228 231 238 239 241 242 242 242 242 242 242 243 244 245 245 245 245 245 245 245 245 244 244 243 243 243 243 242 242 242 242 242 242 242 242 242
nan nan nan nan nan nan nan nan nan nan nan nan nan nan nan nan nan nan nan 256 255 255 254 254 251 250 249 249 247 248 251 250 250 248 247 246 246 246 245 244 244 243 242 243 241 242 241 240 241 240 239 238 237 236 234 233 231 230 229 228 234 238 240 241 241 241 241 241 241 240 244 244 244 243 243 243 244 244 243 243 243 242 242 242 242 242 242 242 241 241 242 242 242 242
nan nan nan nan nan nan nan nan nan nan nan nan nan nan nan nan nan nan nan 256 256 255 255 255 252 251 248 250 251 251 251 250 249 248 248 247 246 246 245 245 245 245 244 244 243 243 242 242 241 240 238 237 237 236 234 233 232 231 230 228 229 236 238 239 240 240 240 240 240 240 243 244 242 242 242 242 243 243 242 242 242 241 241 241 241 241 241 241 241 241 241 242 242 242
nan nan nan nan nan nan nan nan nan nan nan nan nan nan nan nan nan nan nan nan 255 255 254 254 254 251 249 248 251 252 251 251 249 248 247 248 247 246 246 246 247 246 246 246 244 244 243 242 241 240 239 239 237 236 235 234 234 232 230 228 227 231 236 238 238 239 239 239 239 237 239 240 240 240 241 241 241 241 241 241 241 240 240 240 240 240 241 241 241 241 241 241 241 241
nan nan nan nan nan nan nan nan nan nan nan nan nan nan nan nan nan nan nan nan 255 255 254 253 251 250 250 248 251 251 251 251 250 248 248 249 249 248 248 248 247 247 246 246 246 245 244 244 242 240 240 239 238 236 236 235 233 232 230 229 227 227 234 236 237 237 237 237 237 237 243 239 239 239 239 240 240 240 240 240 239 239 239 239 239 240 240 241 241 241 241 241 241 241
nan nan nan nan nan nan nan nan nan nan nan nan nan nan nan nan nan nan nan nan 256 255 254 253 251 248 248 248 249 252 251 251 250 249 249 250 250 249 249 248 248 247 247 246 246 245 245 244 244 242 241 240 239 238 236 235 234 233 231 230 227 225 231 234 235 236 236 236 236 236 240 237 237 237 237 238 238 238 238 238 238 238 238 238 238 239 239 240 241 240 241 241 241 241
nan nan nan nan nan nan nan nan nan nan nan nan nan nan nan nan nan nan nan nan nan 255 254 253 253 249 246 246 247 251 252 251 250 249 249 250 250 249 248 248 248 247 247 246 246 246 245 243 242 240 239 239 238 237 237 236 235 233 231 230 228 225 229 233 234 234 234 234 235 234 234 235 235 235 235 235 236 236 236 237 236 236 236 237 237 238 239 240 240 240 240 240 240 241
nan nan nan nan nan nan nan nan nan nan nan nan nan nan nan nan nan nan nan nan nan 254 254 253 252 250 246 244 247 252 252 252 250 250 250 250 250 249 249 248 248 247 247 246 246 245 244 244 243 241 240 239 239 238 237 236 235 233 232 230 228 225 225 231 232 233 232 233 233 232 234 233 233 234 233 233 234 234 234 235 235 235 235 236 237 237 238 239 239 240 240 240 240 240
nan nan nan nan nan nan nan nan nan nan nan nan nan nan nan nan nan nan nan nan nan 255 255 253 252 252 248 247 244 249 252 252 251 251 250 250 250 249 249 248 248 248 247 247 246 245 245 244 242 241 241 240 240 239 237 236 234 233 232 230 228 226 224 227 229 230 230 231 231 230 231 232 231 232 231 231 231 232 232 233 233 234 235 235 236 236 237 238 239 240 240 240 240 239
nan nan nan nan nan nan nan nan nan nan nan nan nan nan nan nan nan nan nan nan nan nan 254 253 252 253 252 251 251 251 252 252 251 250 249 250 250 249 249 249 248 248 247 247 246 246 245 245 244 243 242 242 241 239 237 236 235 234 232 230 228 226 223 222 226 227 228 229 229 228 229 230 229 229 229 229 228 230 230 231 232 234 234 235 236 236 237 238 239 240 240 240 240 239
nan nan nan nan nan nan nan nan nan nan nan nan nan nan nan nan nan nan nan nan nan nan nan 254 254 253 251 251 252 252 252 252 251 251 250 249 250 249 249 249 249 248 247 247 246 246 245 245 244 244 243 242 242 241 238 237 236 234 233 230 228 226 223 221 220 224 226 226 227 227 226 227 227 226 227 226 225 227 228 229 231 233 234 235 236 237 237 238 239 240 240 240 240 238
nan nan nan nan nan nan nan nan nan nan nan nan nan nan nan nan nan nan nan nan nan nan nan 255 254 252 251 250 250 252 252 252 251 251 250 249 250 250 249 249 249 248 247 247 246 246 246 245 244 244 243 242 242 240 238 237 235 234 232 230 228 226 224 222 219 219 223 223 224 224 224 224 224 224 224 223 223 225 225 227 230 232 234 235 236 237 237 238 239 239 239 239 239 238
nan nan nan nan nan nan nan nan nan nan nan nan nan nan nan nan nan nan nan nan nan nan nan nan 254 254 252 251 250 252 252 252 252 251 250 250 249 250 249 249 249 248 248 247 247 246 246 245 244 244 243 242 242 241 238 237 235 234 232 230 228 226 224 221 219 216 217 219 221 221 221 221 222 221 220 220 220 222 223 225 227 231 234 235 236 236 236 237 237 238 238 239 238 238
nan nan nan nan nan nan nan nan nan nan nan nan nan nan nan nan nan nan nan nan nan nan nan nan 254 252 253 252 250 251 252 252 252 251 250 250 250 250 249 249 249 249 248 247 247 246 246 245 244 244 243 243 241 240 237 236 235 233 231 230 227 225 223 221 218 215 213 213 216 218 219 219 219 219 218 218 217 218 220 221 222 228 233 234 235 235 235 236 236 236 237 238 238 238
nan nan nan nan nan nan nan nan nan nan nan nan nan nan nan nan nan nan nan nan nan nan nan nan nan 252 253 253 251 251 252 252 252 251 251 250 250 249 250 249 249 249 248 248 246 246 246 245 244 244 243 242 241 240 237 235 234 232 231 230 228 226 224 221 219 217 214 211 211 214 216 216 216 216 215 214 214 214 216 217 216 222 232 233 234 234 234 234 234 235 236 236 237 237
nan nan nan nan nan nan nan nan nan nan nan nan nan nan nan nan nan nan nan nan nan nan nan nan nan nan 253 253 252 251 251 252 252 251 251 250 250 249 250 250 250 249 249 248 247 246 246 246 244 243 242 241 240 239 238 237 235 234 232 231 229 227 224 222 220 217 214 211 209 211 213 213 213 212 212 211 210 211 212 214 218 224 231 233 233 233 232 232 232 233 234 235 236 237
nan nan nan nan nan nan nan nan nan nan nan nan nan nan nan nan nan nan nan nan nan nan nan nan nan nan 253 251 253 252 252 252 252 252 251 250 251 250 250 250 250 249 249 248 248 247 247 246 244 242 242 242 241 241 239 238 237 235 233 231 229 227 225 223 220 217 214 212 209 207 210 210 209 209 208 207 207 206 209 216 222 228 231 232 231 230 231 232 232 232 233 233 235 236
nan nan nan nan nan nan nan nan nan nan nan nan nan nan nan nan nan nan nan nan nan nan nan nan nan nan nan 250 252 253 251 251 251 252 251 251 251 250 250 250 250 249 249 248 248 247 246 245 244 244 243 243 242 242 240 238 237 235 233 231 230 228 225 222 220 217 215 212 209 206 206 207 206 205 203 201 202 206 213 219 221 229 230 230 229 228 232 232 232 232 233 233 233 235
nan nan nan nan nan nan nan nan nan nan nan nan nan nan nan nan nan nan nan nan nan nan nan nan nan nan nan 253 253 253 252 251 251 252 251 251 251 251 251 250 250 249 248 248 248 247 247 246 245 244 244 243 242 241 239 237 236 235 233 231 229 227 225 223 220 217 214 212 209 207 204 203 203 200 199 202 205 208 213 220 226 228 229 229 228 226 231 231 231 232 232 233 233 235
nan nan nan nan nan nan nan nan nan nan nan nan nan nan nan nan nan nan nan nan nan nan nan nan nan nan nan nan 253 253 253 252 252 252 251 251 251 250 250 250 249 249 248 248 247 247 246 246 245 244 244 243 241 241 239 239 237 236 233 231 229 227 225 222 219 217 214 212 210 207 204 200 197 198 200 203 206 211 215 217 225 228 228 227 225 229 231 229 227 227 229 232 235 236
nan nan nan nan nan nan nan nan nan nan nan nan nan nan nan nan nan nan nan nan nan nan nan nan nan nan nan nan nan 253 253 252 251 251 252 251 251 250 250 250 249 249 248 248 248 247 247 246 245 244 244 243 241 241 240 239 237 235 234 232 229 226 224 222 220 218 215 213 210 208 204 199 198 200 202 204 208 210 215 221 224 226 226 226 224 226 230 227 221 220 221 232 236 238
nan nan nan nan nan nan nan nan nan nan nan nan nan nan nan nan nan nan nan nan nan nan nan nan nan nan nan nan nan nan 253 253 252 250 251 251 251 251 250 250 249 249 247 247 247 247 246 246 245 244 243 243 242 241 240 238 237 235 234 231 228 226 224 222 221 218 216 213 211 208 205 200 198 200 202 204 207 214 218 221 224 224 224 224 221 219 222 226 223 221 226 232 236 238
nan nan nan nan nan nan nan nan nan nan nan nan nan nan nan nan nan nan nan nan nan nan nan nan nan nan nan nan nan nan nan 253 253 251 251 251 251 250 249 250 248 247 248 247 246 247 246 245 245 244 244 243 242 241 240 238 235 234 231 229 228 226 225 224 222 219 217 214 212 209 205 201 199 200 201 205 208 209 213 218 218 220 222 221 221 221 222 223 225 226 228 233 236 239
nan nan nan nan nan nan nan nan nan nan nan nan nan nan nan nan nan nan nan nan nan nan nan nan nan nan nan nan nan nan nan nan 253 252 251 251 251 250 250 249 248 247 248 247 247 247 246 245 245 244 244 243 241 240 238 236 234 233 232 229 229 228 227 225 222 220 217 214 212 210 207 203 200 202 204 204 205 209 211 211 213 216 216 220 221 223 224 226 227 229 230 235 237 240
nan nan nan nan nan nan nan nan nan nan nan nan nan nan nan nan nan nan nan nan nan nan nan nan nan nan nan nan nan nan nan nan nan 252 252 251 251 251 250 249 248 248 248 248 247 247 246 246 245 245 242 241 241 239 238 237 235 233 233 232 231 230 228 226 222 220 218 216 213 210 208 206 201 200 202 203 204 204 205 207 208 211 214 217 222 223 224 224 224 229 231 234 238 240
nan nan nan nan nan nan nan nan nan nan nan nan nan nan nan nan nan nan nan nan nan nan nan nan nan nan nan nan nan nan nan nan nan nan 252 251 251 250 250 250 249 248 248 248 247 247 246 246 245 244 243 242 241 239 237 236 236 235 234 233 231 229 228 226 223 221 218 216 214 212 210 207 203 201 202 203 204 204 205 207 209 211 211 214 217 219 219 220 223 228 231 233 234 236
nan nan nan nan nan nan nan nan nan nan nan nan nan nan nan nan nan nan nan nan nan nan nan nan nan nan nan nan nan nan nan nan nan nan 252 251 250 250 250 250 249 249 248 248 247 247 246 245 244 243 243 242 240 238 238 237 236 235 233 232 231 231 229 227 224 222 220 218 216 214 211 209 206 202 203 204 204 206 207 209 211 212 213 215 216 217 219 220 223 227 231 232 230 231
nan nan nan nan nan nan nan nan nan nan nan nan nan nan nan nan nan nan nan nan nan nan nan nan nan nan nan nan nan nan nan nan nan nan nan 252 251 250 250 250 249 249 248 247 247 246 246 245 244 244 243 242 240 239 238 238 236 235 233 233 233 231 230 228 225 223 221 219 217 215 213 210 208 205 203 205 206 206 208 210 211 214 215 216 218 219 220 222 224 228 229 228 227 228
nan nan nan nan nan nan nan nan nan nan nan nan nan nan nan nan nan nan nan nan nan nan nan nan nan nan nan nan nan nan nan nan nan nan nan 251 251 251 250 250 249 249 248 247 247 246 245 245 244 244 243 242 241 240 238 237 236 235 235 235 234 232 230 228 226 224 223 220 218 216 214 212 210 208 206 205 206 207 209 210 212 214 215 216 218 220 222 223 225 226 226 225 225 225
nan nan nan nan nan nan nan nan nan nan nan nan nan nan nan nan nan nan nan nan nan nan nan nan nan nan nan nan nan nan nan nan nan nan nan 252 251 251 250 249 249 249 248 247 246 246 245 245 244 243 242 242 240 239 239 238 239 239 238 236 234 232 231 229 227 227 224 222 219 217 215 213 212 210 208 207 207 208 209 210 211 213 214 216 217 218 221 222 223 225 225 224 224 224
nan nan nan nan nan nan nan nan nan nan nan nan nan nan nan nan nan nan nan nan nan nan nan nan nan nan nan nan nan nan nan nan nan nan nan 252 251 251 250 250 249 249 248 248 246 245 245 244 244 243 243 242 241 240 240 240 240 240 238 236 235 234 232 231 230 227 224 222 221 219 217 215 213 212 210 209 209 209 209 210 211 212 214 215 217 218 220 222 223 224 224 224 223 224
nan nan nan nan nan nan nan nan nan nan nan nan nan nan nan nan nan nan nan nan nan nan nan nan nan nan nan nan nan nan nan nan nan nan nan nan 251 251 250 250 249 249 249 247 247 245 245 244 243 243 243 243 241 242 241 242 240 239 239 238 236 234 235 233 229 227 226 223 222 220 218 216 216 213 212 212 211 210 210 210 211 211 212 214 216 217 219 221 222 223 223 223 223 223
nan nan nan nan nan nan nan nan nan nan nan nan nan nan nan nan nan nan nan nan nan nan nan nan nan nan nan nan nan nan nan nan nan nan nan nan nan nan 251 251 250 249 249 248 247 247 245 245 244 243 244 243 242 243 243 241 241 241 240 238 237 237 235 232 230 228 226 225 223 220 220 218 216 215 214 213 213 212 212 211 211 211 211 213 215 217 218 220 221 222 222 223 222 223
nan nan nan nan nan nan nan nan nan nan nan nan nan nan nan nan nan nan nan nan nan nan nan nan nan nan nan nan nan nan nan nan nan nan nan nan nan nan nan 251 251 250 248 249 248 246 246 245 246 244 244 244 244 244 244 242 243 242 241 240 240 238 235 234 231 229 228 226 224 222 221 219 218 216 215 214 215 214 213 213 213 212 212 213 214 216 218 219 221 221 222 222 222 223
