ecocropFuture/tif/c6/rcp585/ACCESS-CM2/tmin_8.asc
ncols        683
nrows        518
xllcorner    -87.691666666667
yllcorner    10.708333333333
cellsize     0.008333333333
NODATA_value  nan
[rows 126 to 167 of 518, columns 188 to 281 of 683]
195 200 202 204 204 205 205 204 203 200 200 199 198 199 206 210 211 nan nan nan nan nan nan nan nan nan nan nan nan nan nan nan nan nan nan nan nan nan nan nan nan nan nan nan nan nan 220 221 216 211 208 217 218 220 216 215 217 211 211 215 213 210 205 203 208 212 214 216 215 214 209 214 212 202 208 214 218 215 216 214 213 212 208 206 205 207 205 202 203 207 210 223 226 225
198 202 203 204 204 204 204 204 202 200 199 200 203 205 209 211 209 210 211 nan nan nan nan nan nan nan nan nan nan nan nan nan nan nan nan nan nan nan nan nan nan nan nan 212 220 213 216 217 214 208 207 216 217 217 216 213 213 207 206 214 212 211 205 204 209 213 216 212 208 213 216 214 211 205 205 212 215 217 216 215 216 213 213 210 209 208 204 204 208 211 222 225 225 224
199 202 203 204 204 204 204 202 199 201 205 205 207 209 210 207 206 209 209 210 nan nan nan nan nan nan nan nan nan nan nan nan nan nan nan nan nan nan nan nan nan nan nan 211 220 213 210 214 209 202 206 214 213 209 214 207 209 209 205 210 210 207 202 208 211 214 211 209 202 212 215 208 204 202 205 210 214 213 217 214 210 211 207 211 211 205 204 206 218 222 225 225 224 224
201 202 203 204 204 204 202 197 200 205 207 208 209 209 205 204 207 206 205 209 210 nan nan nan nan nan nan nan nan nan nan nan nan nan nan nan nan nan nan nan nan nan nan 212 219 213 206 207 203 198 206 212 204 204 212 204 207 208 206 207 208 206 204 207 208 211 210 206 203 210 212 201 196 202 206 209 211 215 216 214 213 211 205 209 207 206 207 214 217 223 225 225 224 224
202 202 203 203 204 203 198 198 203 206 208 208 208 205 202 205 205 200 202 204 205 204 nan nan nan nan nan nan nan nan nan nan nan nan nan nan nan nan nan nan nan nan nan 214 219 213 206 200 194 198 208 209 199 204 210 203 205 206 203 204 207 204 204 204 207 212 209 203 198 206 210 203 200 201 199 204 209 215 213 211 212 210 206 207 208 211 207 214 220 223 225 224 224 222
202 203 203 203 203 200 198 200 204 206 207 207 205 200 203 204 202 200 200 200 198 198 205 209 nan nan nan nan nan nan nan nan nan nan nan nan nan nan nan nan nan nan nan 209 219 216 212 202 194 201 209 204 198 205 208 203 207 206 202 201 203 202 205 207 208 212 206 202 201 207 211 204 198 191 191 201 210 215 212 209 204 206 204 206 212 211 215 218 223 224 225 224 224 219
202 203 203 203 199 196 200 202 202 205 207 206 198 200 201 201 199 198 195 195 200 203 202 204 nan nan nan 206 212 208 215 216 216 nan nan nan nan nan nan nan nan nan nan 214 220 214 208 200 194 202 204 196 199 204 203 201 205 204 200 200 198 200 202 208 211 210 203 200 204 205 210 206 198 193 194 201 210 214 212 206 201 204 206 214 216 217 220 222 223 224 223 223 223 215
203 203 203 201 198 200 201 204 205 205 205 203 198 201 201 201 198 194 195 198 203 207 205 205 208 nan nan 205 211 204 213 216 214 215 nan nan nan nan nan nan nan nan nan 216 219 211 210 203 197 202 196 196 201 200 199 202 205 203 198 197 197 202 205 206 211 208 203 198 203 203 203 202 201 198 196 202 210 211 210 209 208 207 212 219 220 221 222 223 224 224 224 224 220 215
203 203 202 198 197 199 201 200 202 202 204 202 203 202 200 204 202 196 194 203 204 209 210 211 210 206 210 212 209 202 206 214 206 213 nan nan nan nan nan nan nan nan nan 214 219 215 211 207 197 198 196 201 205 204 203 200 202 202 199 196 196 200 200 203 208 207 203 198 196 196 202 201 200 198 197 203 204 206 210 207 207 208 217 216 216 218 222 223 224 224 223 222 213 216
203 203 200 197 199 200 199 197 200 202 203 202 205 205 204 206 206 200 197 201 206 209 205 203 202 198 208 206 204 205 207 210 210 214 nan nan nan nan nan nan nan nan nan 216 215 211 207 203 199 199 201 207 206 208 204 202 200 199 200 197 196 198 203 206 208 206 201 198 197 197 199 199 196 197 195 196 202 207 208 202 205 212 214 211 216 219 222 223 224 223 223 222 212 221
203 203 197 196 197 196 194 194 200 202 202 201 203 201 203 199 202 206 205 203 204 208 201 193 194 201 208 200 199 200 194 206 214 216 nan nan nan nan nan nan nan nan nan 219 213 213 208 201 207 204 208 212 210 209 206 206 201 196 198 198 195 198 203 205 203 201 201 197 199 196 193 197 191 193 190 194 199 202 207 204 210 213 214 215 219 222 223 223 223 223 223 219 220 222
203 201 194 194 193 194 197 198 200 201 202 203 202 200 197 194 198 200 206 203 203 207 197 188 191 202 203 198 198 196 202 207 211 216 nan nan nan nan nan nan nan nan nan 216 219 216 209 211 213 213 215 212 212 211 209 206 203 199 195 198 196 199 203 203 197 194 196 196 198 196 192 195 194 189 187 190 195 197 203 209 210 209 216 219 221 222 222 222 223 222 222 223 222 219
203 198 194 194 196 198 200 201 202 201 202 198 198 196 191 192 197 203 206 206 207 205 202 192 188 195 195 191 192 191 200 211 213 211 212 216 nan nan nan nan nan nan nan nan 213 216 218 214 218 216 211 210 210 210 209 206 205 202 198 195 194 199 200 203 199 196 192 187 190 197 194 191 192 187 181 184 193 197 203 204 200 210 215 214 219 222 221 221 223 221 217 221 222 221
201 197 192 193 194 195 197 200 201 201 201 199 196 190 192 199 203 204 204 203 203 198 200 188 182 186 188 184 189 195 200 209 207 207 205 215 nan nan nan nan nan nan nan nan nan 209 219 219 213 214 213 210 208 207 208 207 204 204 200 196 194 194 197 201 199 195 188 184 192 197 197 193 188 185 182 190 196 196 195 194 203 208 214 218 221 220 218 214 221 222 218 221 221 220
197 194 194 195 196 197 198 199 198 199 200 199 195 188 193 200 203 204 200 200 197 193 198 191 188 183 187 187 198 206 206 210 202 200 199 212 215 nan nan nan nan nan nan nan nan nan 220 220 216 214 211 211 212 212 207 205 206 203 201 201 195 190 192 196 198 195 190 190 195 197 196 194 189 186 189 190 187 190 190 195 206 211 215 220 220 217 214 214 218 222 219 219 218 215
195 193 194 194 195 197 198 198 197 198 198 196 190 188 196 200 198 201 198 197 191 184 193 195 190 181 182 190 204 209 208 211 208 200 205 212 212 213 nan nan 216 216 213 218 nan 218 218 216 219 219 216 215 215 211 207 209 208 204 203 202 197 194 191 193 192 192 192 194 195 195 192 193 192 193 193 185 192 196 199 205 205 211 218 220 219 217 212 212 218 221 222 221 215 207
195 192 193 195 197 197 198 198 198 198 196 191 185 183 194 191 192 199 197 191 184 184 194 190 183 178 184 189 199 208 211 209 202 202 210 211 205 202 210 214 210 206 204 215 220 220 215 213 216 216 218 219 215 210 210 211 209 205 206 202 199 197 190 186 187 185 187 190 191 193 190 196 197 199 195 189 192 198 206 210 207 216 218 216 215 213 212 216 221 222 222 221 216 205
192 193 196 197 197 197 197 197 195 196 195 193 186 181 186 190 194 195 193 184 175 184 193 185 176 179 188 190 196 204 208 202 199 206 207 206 204 203 210 207 203 203 209 216 220 215 213 213 214 212 214 218 214 210 212 213 210 205 206 201 201 197 189 183 179 175 178 181 185 189 197 199 199 200 193 197 193 199 204 208 214 218 214 213 217 216 213 219 222 222 222 221 219 212
194 193 196 196 196 197 196 193 191 194 194 190 184 181 183 186 187 190 186 179 176 184 188 182 179 184 187 190 192 194 204 200 202 198 201 204 201 206 205 203 206 212 214 220 217 216 212 212 213 210 214 219 217 215 215 212 208 204 208 203 204 199 194 188 180 176 174 181 182 185 192 201 203 203 203 199 194 202 209 212 217 216 217 215 219 219 219 221 222 221 220 220 221 217
192 194 196 196 197 197 195 193 191 192 190 188 183 182 183 179 180 182 178 174 179 180 187 182 182 186 188 190 190 197 203 197 192 192 199 199 197 199 202 210 211 216 220 219 214 215 212 210 210 211 216 216 215 217 213 210 207 207 208 207 205 203 198 194 185 177 174 174 177 182 190 199 205 208 206 203 200 205 212 217 217 218 219 220 220 221 222 222 222 222 219 215 217 220
193 195 196 198 198 196 196 192 188 188 186 184 185 185 183 180 176 176 178 179 181 184 181 179 182 183 182 187 193 201 201 193 190 198 201 203 200 200 205 210 215 218 217 216 216 212 210 208 210 214 214 212 215 216 215 213 212 211 210 206 202 195 192 195 191 184 179 172 175 183 193 200 205 207 211 209 207 209 210 216 217 219 219 220 220 221 222 222 219 219 218 215 214 218
192 194 198 200 200 199 197 193 186 186 187 187 186 186 183 178 175 177 178 178 176 181 182 179 180 185 190 195 200 200 196 190 195 201 206 208 210 210 211 215 219 217 213 215 214 213 211 209 212 213 210 211 215 215 211 213 210 206 203 200 199 191 181 186 192 185 175 172 176 184 194 198 206 209 212 211 210 208 214 214 218 220 221 221 221 221 220 221 219 213 216 214 213 216
197 200 201 200 201 198 195 190 184 187 187 189 187 188 184 179 175 177 176 175 176 181 182 180 187 192 196 201 198 194 195 194 199 201 203 205 206 212 216 218 219 212 211 213 213 211 209 209 210 210 211 213 214 215 211 212 209 207 203 200 195 188 178 182 186 184 178 177 180 185 192 196 203 207 211 211 212 213 216 214 218 220 221 222 221 220 220 222 216 215 218 216 213 215
200 201 202 202 201 197 193 188 184 187 188 188 190 188 186 180 176 176 176 175 178 181 181 181 187 192 197 198 192 192 195 200 202 203 203 203 208 215 213 217 217 214 213 213 211 210 208 209 208 210 212 214 216 213 210 210 208 204 204 197 189 182 176 172 174 178 186 182 181 187 190 192 200 208 212 213 213 217 217 215 219 220 221 221 222 222 222 222 219 219 218 217 214 213
201 203 203 202 200 196 191 186 186 188 188 188 190 186 183 178 178 179 180 177 178 179 180 183 190 192 198 193 190 192 195 201 205 207 208 207 212 212 212 215 219 216 216 216 214 212 207 207 210 211 212 213 216 209 207 206 207 206 203 195 190 184 176 171 173 179 188 189 185 186 186 187 194 205 213 212 216 217 216 220 220 220 221 221 221 222 222 222 220 220 218 218 217 215
203 204 203 201 200 195 188 187 187 189 188 188 190 187 180 180 182 181 182 179 176 177 180 188 189 194 196 192 188 192 198 203 205 209 211 213 213 210 212 213 215 219 216 213 213 212 207 205 209 210 209 211 215 214 209 206 202 203 200 198 189 182 181 175 177 180 191 194 187 185 186 189 196 203 213 214 217 214 215 219 219 220 220 221 221 221 222 222 221 220 219 219 218 218
205 204 203 202 200 197 195 189 188 188 189 189 191 186 179 182 185 182 181 179 177 182 184 187 191 191 193 190 189 191 196 201 207 207 209 208 210 208 208 210 215 218 212 210 212 209 208 206 206 210 210 213 209 211 214 209 204 200 194 194 194 186 187 184 185 180 185 195 192 192 191 193 197 206 213 215 217 209 214 217 219 220 221 221 221 222 221 221 221 221 220 219 218 217
205 203 202 201 200 199 195 192 193 190 188 191 190 184 184 185 185 179 178 178 179 184 187 189 186 189 190 188 192 195 198 205 208 206 208 206 208 210 212 214 218 213 208 210 211 209 205 207 208 212 210 209 205 209 213 208 201 194 185 187 191 189 191 191 186 185 185 191 199 196 191 197 204 206 211 215 217 209 212 218 219 220 221 221 221 221 221 221 221 220 220 219 217 218
206 203 202 201 201 200 195 195 194 190 189 192 188 182 186 189 183 181 181 179 183 187 187 190 186 188 187 188 192 197 201 204 204 205 203 203 207 205 212 215 217 213 210 211 209 208 204 204 209 210 205 205 208 207 208 210 201 199 190 183 186 191 194 194 189 188 188 189 198 202 196 192 202 205 211 215 215 210 211 217 217 220 221 221 221 221 220 220 220 220 220 219 217 217
206 204 203 202 202 200 196 197 196 191 187 193 188 187 189 190 185 181 184 182 187 190 191 192 193 191 188 187 185 191 198 201 201 200 200 202 202 207 211 214 218 214 212 212 210 208 204 206 209 207 204 204 207 201 199 206 206 208 198 191 193 188 193 195 194 191 190 192 197 205 197 194 199 203 211 215 209 206 214 218 219 220 220 221 220 220 220 220 220 219 219 218 217 216
207 204 202 204 202 201 200 198 194 187 187 191 193 191 187 189 187 186 186 183 188 189 187 189 195 192 188 182 185 190 198 198 196 198 198 202 207 211 212 214 218 215 215 212 208 206 203 203 206 206 204 201 203 203 193 194 203 207 206 198 197 188 190 197 194 189 189 188 195 205 200 197 197 204 212 212 206 210 215 218 219 219 220 221 220 219 219 219 219 218 217 217 214 215
205 206 205 203 202 199 196 194 189 186 184 191 191 186 184 186 184 183 185 184 188 187 189 193 194 196 189 185 192 194 197 196 195 200 205 208 209 210 212 217 218 215 214 213 210 207 201 199 203 201 199 198 195 200 195 194 195 199 203 205 196 195 197 196 198 194 189 188 196 201 205 200 197 205 210 213 209 212 214 218 219 216 220 221 220 219 218 217 213 209 208 212 213 214
205 205 206 204 201 199 197 191 186 184 189 193 191 188 184 180 178 180 182 186 190 192 192 191 195 196 185 183 191 193 194 194 196 204 206 208 211 213 215 218 217 215 214 212 208 203 197 198 202 195 192 194 190 193 196 193 193 190 194 204 203 202 200 199 197 198 193 194 201 203 204 199 198 201 210 211 211 213 215 218 219 220 220 221 219 218 218 215 209 200 203 208 213 212
205 204 204 205 202 202 195 191 188 185 189 190 196 193 189 181 180 177 180 189 193 195 194 190 194 194 189 192 193 196 196 196 199 207 210 211 212 215 216 217 213 216 213 212 209 204 196 195 199 198 191 190 190 192 198 198 196 196 193 199 204 198 193 188 191 197 195 196 202 206 206 204 202 202 211 212 211 213 215 219 219 219 218 220 218 217 216 217 211 203 202 208 212 211
203 203 203 204 204 198 191 190 192 188 187 189 196 191 185 183 181 179 188 191 195 197 197 194 197 201 198 198 198 197 201 196 203 207 208 211 211 213 218 215 211 215 212 210 206 201 198 199 196 192 189 190 194 195 197 200 200 200 200 202 203 198 191 185 185 191 197 196 196 205 209 206 205 209 214 215 214 213 218 219 219 219 220 219 217 214 215 214 211 207 204 207 210 207
203 202 203 205 202 194 191 190 193 195 195 192 198 191 187 184 180 186 193 194 193 195 198 195 195 199 204 199 201 199 202 201 204 204 207 211 214 218 216 214 210 214 211 210 207 206 202 197 194 189 191 194 196 197 199 199 201 198 199 202 201 200 193 192 186 185 197 204 198 207 211 203 208 213 215 215 212 214 218 219 219 220 218 214 216 213 205 206 209 206 206 209 208 208
202 202 202 204 203 196 192 193 192 196 199 196 195 191 190 186 187 195 195 197 194 197 199 200 200 200 203 206 205 198 202 205 206 201 205 211 215 217 214 213 210 212 212 211 210 209 205 196 188 187 191 196 196 196 199 201 201 200 200 203 201 200 198 195 188 187 193 205 207 210 210 204 210 214 216 216 211 214 218 220 219 218 215 212 213 211 199 198 201 202 208 212 208 211
202 201 203 204 205 198 199 199 198 202 199 197 197 188 183 185 195 198 198 196 195 198 200 201 203 202 203 202 207 199 199 206 202 199 204 208 212 217 213 209 210 211 208 204 200 206 205 193 186 186 193 195 196 198 199 201 199 199 202 200 196 197 194 192 191 191 194 201 209 213 211 204 212 215 213 216 217 218 219 219 218 217 216 214 213 209 197 193 197 204 207 212 213 214
203 203 205 204 204 204 204 205 204 206 199 196 201 195 190 193 200 201 197 193 193 197 199 201 204 206 206 205 209 202 202 207 205 203 205 212 214 217 215 214 212 210 207 205 203 202 203 199 189 187 193 196 197 198 198 198 198 199 202 199 194 189 193 195 195 196 199 203 200 209 214 209 210 214 211 213 217 217 216 219 218 217 215 211 210 201 193 188 195 204 207 211 214 216
203 203 204 201 203 197 199 202 199 206 203 196 198 202 201 200 203 201 196 192 194 197 196 199 203 206 206 207 210 208 209 210 211 209 206 212 217 216 213 211 210 207 206 203 202 200 194 199 195 188 190 194 191 192 195 192 198 199 201 200 196 194 196 200 197 201 205 206 203 209 212 214 212 214 213 214 218 218 215 218 218 214 211 213 200 194 195 195 195 203 210 211 213 215
201 202 204 201 200 196 196 196 199 204 206 203 203 202 205 205 202 199 196 191 193 193 198 199 202 206 208 206 209 207 211 211 215 214 210 211 216 218 214 213 210 205 199 196 198 194 188 193 195 186 185 191 186 191 191 192 199 199 199 200 199 197 195 200 201 204 207 207 200 203 210 212 215 215 216 218 216 213 213 217 218 217 216 213 203 200 195 200 200 200 207 210 213 215
201 203 201 199 198 193 192 192 196 198 202 204 206 206 207 202 196 193 197 196 190 192 196 198 202 204 207 209 207 201 204 213 210 214 214 214 218 216 213 211 208 206 200 192 190 184 181 180 190 185 183 186 183 188 186 188 195 197 197 197 197 197 196 199 204 203 205 206 206 211 213 210 211 209 213 218 215 213 215 217 217 218 218 215 210 204 201 203 206 204 203 209 209 210
