ecocropFuture/tif/c6/rcp585/ACCESS-CM2/tmin_3.asc
ncols        683
nrows        518
xllcorner    -87.691666666667
yllcorner    10.708333333333
cellsize     0.008333333333
NODATA_value  nan
[rows 126 to 167 of 518, columns 94 to 187 of 683]
nan nan nan nan nan nan nan nan nan nan nan nan nan nan nan nan nan nan nan nan nan nan nan nan nan nan nan nan nan nan nan nan nan nan nan nan nan nan nan nan nan nan nan nan nan nan nan nan nan nan nan nan nan nan nan nan nan nan nan nan nan nan nan nan nan nan nan nan nan nan nan nan nan nan nan nan nan nan nan nan nan nan nan nan nan nan 158 165 163 161 168 167 160 166
nan nan nan nan nan nan nan nan nan nan nan nan nan nan nan nan nan nan nan nan nan nan nan nan nan nan nan nan nan nan nan nan nan nan nan nan nan nan nan nan nan nan nan nan nan nan nan nan nan nan nan nan nan nan nan nan nan nan nan nan nan nan nan nan nan nan nan nan nan nan nan nan nan nan nan nan nan nan nan nan nan nan nan nan nan nan 153 163 172 173 175 172 169 172
nan nan nan nan nan nan nan nan nan nan nan nan nan nan nan nan nan nan nan nan nan nan nan nan nan nan nan nan nan nan nan nan nan nan nan nan nan nan nan nan nan nan nan nan nan nan nan nan nan nan nan nan nan nan nan nan nan nan nan nan nan nan nan nan nan nan nan nan nan nan nan nan nan nan nan nan nan nan nan nan nan nan nan nan nan 142 152 163 170 175 179 180 179 179
nan nan nan nan nan nan nan nan nan nan nan nan nan nan nan nan nan nan nan nan nan nan nan nan nan nan nan nan nan nan nan nan nan nan nan nan nan nan nan nan nan nan nan nan nan nan nan nan nan nan nan nan nan nan nan nan nan nan nan nan nan nan nan nan nan nan nan nan nan nan nan nan nan nan nan nan nan nan nan nan nan nan nan nan nan 139 149 161 171 171 175 180 182 184
nan nan nan nan nan nan nan nan nan nan nan nan nan nan nan nan nan nan nan nan nan nan nan nan nan nan nan nan nan nan nan nan nan nan nan nan nan nan nan nan nan nan nan nan nan nan nan nan nan nan nan nan nan nan nan nan nan nan nan nan nan nan nan nan nan nan nan nan nan nan nan nan nan nan nan nan nan nan nan nan nan nan nan 140 138 144 155 162 167 162 169 169 176 183
nan nan nan nan nan nan nan nan nan nan nan nan nan nan nan nan nan nan nan nan nan nan nan nan nan nan nan nan nan nan nan nan nan nan nan nan nan nan nan nan nan nan nan nan nan nan nan nan nan nan nan nan nan nan nan nan nan nan nan nan nan nan nan nan nan nan nan nan nan nan nan nan nan nan nan nan nan nan nan nan nan nan 146 151 149 154 160 165 162 159 161 168 177 184
nan nan nan nan nan nan nan nan nan nan nan nan nan nan nan nan nan nan nan nan nan nan nan nan nan nan nan nan nan nan nan nan nan nan nan nan nan nan nan nan nan nan nan nan nan nan nan nan nan nan nan nan nan nan nan nan nan nan nan nan nan nan nan nan nan nan nan nan nan nan nan nan nan nan nan nan nan nan nan nan nan 157 158 161 158 157 156 158 163 167 163 174 181 185
nan nan nan nan nan nan nan nan nan nan nan nan nan nan nan nan nan nan nan nan nan nan nan nan nan nan nan nan nan nan nan nan nan nan nan nan nan nan nan nan nan nan nan nan nan nan nan nan nan nan nan nan nan nan nan nan nan nan nan nan nan nan nan nan nan nan nan nan nan nan nan nan nan nan nan nan nan nan nan nan 164 159 158 167 162 157 153 159 168 172 172 177 184 186
nan nan nan nan nan nan nan nan nan nan nan nan nan nan nan nan nan nan nan nan nan nan nan nan nan nan nan nan nan nan nan nan nan nan nan nan nan nan nan nan nan nan nan nan nan nan nan nan nan nan nan nan nan nan nan nan nan nan nan nan nan nan nan nan nan nan nan nan nan nan nan nan nan nan nan nan nan nan nan 169 167 160 164 170 167 164 160 164 170 170 176 182 185 187
nan nan nan nan nan nan nan nan nan nan nan nan nan nan nan nan nan nan nan nan nan nan nan nan nan nan nan nan nan nan nan nan nan nan nan nan nan nan nan nan nan nan nan nan nan nan nan nan nan nan nan nan nan nan nan nan nan nan nan nan nan nan nan nan nan nan nan nan nan nan nan nan nan nan nan nan nan nan nan 164 171 168 168 174 169 166 171 175 174 172 179 185 186 187
nan nan nan nan nan nan nan nan nan nan nan nan nan nan nan nan nan nan nan nan nan nan nan nan nan nan nan nan nan nan nan nan nan nan nan nan nan nan nan nan nan nan nan nan nan nan nan nan nan nan nan nan nan nan nan nan nan nan nan nan nan nan nan nan nan nan nan nan nan nan nan nan nan nan nan nan nan nan 157 159 167 174 174 175 173 168 174 179 180 178 184 186 187 187
nan nan nan nan nan nan nan nan nan nan nan nan nan nan nan nan nan nan nan nan nan nan nan nan nan nan nan nan nan nan nan nan nan nan nan nan nan nan nan nan nan nan nan nan nan nan nan nan nan nan nan nan nan nan nan nan nan nan nan nan nan nan nan nan nan nan nan nan nan nan nan nan nan nan nan nan nan 160 158 162 167 173 177 177 176 173 178 180 182 183 185 187 187 187
nan nan nan nan nan nan nan nan nan nan nan nan nan nan nan nan nan nan nan nan nan nan nan nan nan nan nan nan nan nan nan nan nan nan nan nan nan nan nan nan nan nan nan nan nan nan nan nan nan nan nan nan nan nan nan nan nan nan nan nan nan nan nan nan nan nan nan nan nan nan nan nan nan nan nan 166 166 164 160 166 171 172 172 176 180 180 181 181 184 184 186 187 187 187
nan nan nan nan nan nan nan nan nan nan nan nan nan nan nan nan nan nan nan nan nan nan nan nan nan nan nan nan nan nan nan nan nan nan nan nan nan nan nan nan nan nan nan nan nan nan nan nan nan nan nan nan nan nan nan nan nan nan nan nan nan nan nan nan nan nan nan nan nan nan nan nan nan nan nan 171 169 164 162 164 169 173 174 177 180 183 183 181 182 185 186 187 187 186
nan nan nan nan nan nan nan nan nan nan nan nan nan nan nan nan nan nan nan nan nan nan nan nan nan nan nan nan nan nan nan nan nan nan nan nan nan nan nan nan nan nan nan nan nan nan nan nan nan nan nan nan nan nan nan nan nan nan nan nan nan nan nan nan nan nan nan nan nan nan nan nan nan 154 162 169 171 168 167 168 167 171 173 175 180 183 184 184 184 186 186 187 187 185
nan nan nan nan nan nan nan nan nan nan nan nan nan nan nan nan nan nan nan nan nan nan nan nan nan nan nan nan nan nan nan nan nan nan nan nan nan nan nan nan nan nan nan nan nan nan nan nan nan nan nan nan nan nan nan nan nan nan nan nan nan nan nan nan nan nan nan nan nan nan nan nan 159 157 163 168 174 172 171 170 169 170 173 177 181 183 184 185 186 186 187 187 187 184
nan nan nan nan nan nan nan nan nan nan nan nan nan nan nan nan nan nan nan nan nan nan nan nan nan nan nan nan nan nan nan nan nan nan nan nan nan nan nan nan nan nan nan nan nan nan nan nan nan nan nan nan nan nan nan nan nan nan nan nan nan nan nan nan nan nan nan nan nan nan nan nan 160 162 163 167 173 176 175 173 171 172 174 178 182 184 184 184 186 186 187 187 186 182
nan nan nan nan nan nan nan nan nan nan nan nan nan nan nan nan nan nan nan nan nan nan nan nan nan nan nan nan nan nan nan nan nan nan nan nan nan nan nan nan nan nan nan nan nan nan nan nan nan nan nan nan nan nan nan nan nan nan nan nan nan nan nan nan nan nan nan nan nan nan nan nan 161 161 166 167 172 177 179 176 173 173 175 179 183 184 185 186 187 187 187 187 185 178
nan nan nan nan nan nan nan nan nan nan nan nan nan nan nan nan nan nan nan nan nan nan nan nan nan nan nan nan nan nan nan nan nan nan nan nan nan nan nan nan nan nan nan nan nan nan nan nan nan nan nan nan nan nan nan nan nan nan nan nan nan nan nan nan nan nan nan nan nan nan nan nan 164 160 163 168 170 175 180 182 179 176 178 183 185 184 186 187 187 187 187 186 184 179
nan nan nan nan nan nan nan nan nan nan nan nan nan nan nan nan nan nan nan nan nan nan nan nan nan nan nan nan nan nan nan nan nan nan nan nan nan nan nan nan nan nan nan nan nan nan nan nan nan nan nan nan nan nan nan nan nan nan nan nan nan nan nan nan nan nan nan nan nan nan nan nan 165 163 164 164 167 172 176 181 184 184 183 186 187 185 185 188 187 186 186 184 180 175
nan nan nan nan nan nan nan nan nan nan nan nan nan nan nan nan nan nan nan nan nan nan nan nan nan nan nan nan nan nan nan nan nan nan nan nan nan nan nan nan nan 151 150 153 143 nan nan nan nan nan nan nan nan nan nan nan nan nan nan nan nan nan nan nan nan nan nan nan nan nan nan 165 167 164 160 163 167 168 170 179 183 185 188 188 188 188 189 188 184 183 186 183 180 177
nan nan nan nan nan nan nan nan nan nan nan nan nan nan nan nan nan nan nan nan nan nan nan nan nan nan nan nan nan nan nan nan nan nan nan nan nan nan nan nan 158 154 148 145 152 151 nan nan nan nan nan nan nan nan nan nan nan nan nan nan nan nan nan nan nan nan nan nan nan nan 160 158 164 169 167 170 169 169 172 179 183 185 187 189 188 189 188 184 183 185 185 182 179 173
nan nan nan nan nan nan nan nan nan nan nan nan nan nan nan nan nan nan nan nan nan 190 186 184 181 178 179 177 179 nan nan nan nan 167 nan nan nan 159 158 154 154 159 156 151 157 156 155 nan nan nan nan nan nan nan nan nan nan nan nan nan nan nan nan nan nan nan nan nan nan nan 154 159 164 168 173 174 170 170 175 181 184 186 188 189 189 189 183 181 185 186 183 178 174 176
nan nan nan nan nan nan nan nan nan nan nan nan nan nan nan nan nan nan nan nan 197 191 188 182 178 176 176 173 175 177 173 171 168 160 157 159 157 149 149 155 153 153 161 159 161 158 153 153 nan nan nan nan nan 132 130 132 nan nan nan nan nan nan nan nan nan nan nan nan nan 144 150 157 165 169 173 175 177 174 176 176 182 185 187 189 189 189 186 186 188 187 182 176 171 177
nan nan nan nan nan nan nan nan nan nan nan nan nan nan nan nan nan 210 202 196 194 190 187 184 180 174 171 168 172 171 170 165 161 161 155 151 152 150 149 151 152 149 155 163 162 162 156 151 149 138 134 132 133 133 130 125 133 nan nan nan nan nan nan 129 139 nan nan nan 142 137 148 153 162 166 170 175 178 181 181 180 183 186 188 189 187 188 189 189 190 187 180 175 178 180
nan nan nan nan nan nan nan nan nan nan nan nan nan nan nan nan 206 206 200 196 193 189 188 185 183 178 173 170 171 169 167 161 165 162 154 156 164 161 157 154 153 155 153 157 165 164 159 158 156 146 134 132 135 135 136 124 123 117 115 120 115 118 128 127 135 137 135 138 145 139 148 156 155 164 165 168 172 178 182 184 186 186 188 187 184 183 187 191 191 187 184 181 184 183
nan nan nan nan nan nan nan nan nan nan nan nan nan nan nan nan 212 203 200 197 192 188 184 186 184 182 179 176 172 168 163 157 163 165 160 165 166 163 159 158 158 161 157 156 160 166 160 161 159 151 135 130 136 141 140 129 133 130 120 125 123 124 134 130 133 143 136 138 151 150 155 158 162 167 170 168 170 176 181 185 186 187 187 184 183 181 183 189 191 187 182 185 187 186
nan nan nan nan nan nan nan nan nan nan nan nan nan nan nan nan 208 210 203 199 194 190 186 185 185 184 182 178 176 172 166 160 165 169 169 168 164 161 156 161 161 163 160 155 157 159 166 165 158 144 138 134 141 143 146 138 138 142 135 137 135 128 137 144 137 140 148 146 151 157 158 164 168 168 170 172 174 176 180 184 186 185 184 185 186 183 182 186 191 189 181 184 188 189
nan nan nan nan nan nan nan nan nan nan nan nan nan nan nan nan nan 212 208 204 201 195 187 184 186 185 183 181 179 174 167 160 163 171 171 170 164 163 162 166 166 165 162 156 156 160 165 166 154 146 144 146 145 149 148 143 148 149 148 143 134 131 136 148 148 145 152 156 156 162 164 166 168 171 171 172 175 178 181 184 183 182 180 183 184 186 186 184 189 190 184 186 189 190
nan nan nan nan nan nan nan nan nan nan nan nan nan nan nan nan nan 215 212 208 205 198 190 186 190 187 185 184 180 174 166 160 165 172 172 172 170 169 169 169 165 164 163 158 155 158 162 168 164 157 154 148 154 153 156 150 150 156 153 144 137 135 138 149 156 152 156 161 161 164 167 168 168 170 173 174 176 178 181 183 182 180 179 179 182 184 187 188 189 190 189 190 192 192
nan nan nan nan nan nan nan nan nan nan nan nan nan nan nan nan nan 215 213 211 209 204 195 193 190 189 188 185 179 171 162 165 169 173 173 173 172 171 171 168 163 160 161 156 153 155 160 168 170 163 155 155 153 158 162 156 155 159 150 150 147 140 144 146 159 158 159 165 167 168 169 171 171 171 173 176 177 177 181 182 182 181 180 176 180 185 187 190 191 190 191 191 191 190
nan nan nan nan nan nan nan nan nan nan nan nan nan nan nan nan nan 214 213 212 211 208 202 196 194 192 188 182 172 162 164 169 172 175 175 173 172 172 170 168 165 160 156 157 150 150 154 160 171 171 167 166 159 161 165 163 156 161 152 157 152 145 150 151 160 166 162 163 170 171 169 170 173 172 172 174 177 179 181 182 182 183 182 179 181 185 187 189 191 188 187 189 189 187
nan nan nan nan nan nan nan nan nan nan nan nan nan nan nan nan 214 215 213 212 210 205 202 199 196 194 187 178 161 159 167 171 174 174 173 168 164 168 168 166 161 157 152 153 148 149 152 154 162 174 174 172 165 167 169 168 165 167 160 163 155 153 157 161 163 169 165 164 165 172 174 168 174 175 172 172 176 180 182 183 182 184 184 183 180 184 186 188 189 188 187 187 188 190
nan nan nan nan nan nan nan nan nan nan nan nan nan nan nan nan 213 215 214 213 208 205 200 199 195 191 183 171 162 165 165 171 175 174 172 166 160 169 172 169 161 157 154 155 154 156 153 158 166 171 178 176 171 168 171 174 167 172 169 168 166 160 166 168 168 172 166 169 168 166 172 173 175 175 174 173 177 181 183 183 183 183 184 184 182 184 186 187 188 187 184 184 188 190
nan nan nan nan nan nan nan nan nan nan nan nan nan nan nan 206 211 207 210 209 209 205 202 196 188 183 184 170 166 168 173 175 175 175 172 166 160 169 175 173 170 165 162 162 162 165 162 161 169 176 180 176 173 175 173 178 177 177 175 175 174 171 169 169 173 173 172 174 176 176 178 177 177 179 178 179 179 181 183 184 184 183 184 186 184 184 185 186 188 188 185 185 188 190
nan nan nan nan nan nan nan nan nan nan nan nan nan nan nan 201 207 201 200 196 197 198 203 197 190 184 183 175 168 161 169 176 176 175 175 170 167 168 175 175 172 166 169 167 166 164 172 170 171 178 183 180 174 175 180 181 180 177 176 177 176 176 175 175 178 177 179 179 179 180 181 182 182 181 181 180 180 180 181 182 184 184 185 185 185 185 187 188 189 189 187 187 189 189
nan nan nan nan nan nan nan nan nan nan nan nan nan nan 205 197 201 196 187 180 181 183 196 198 194 189 189 183 168 164 167 167 178 176 176 177 173 172 175 179 172 167 172 174 170 167 175 174 175 180 184 182 177 171 176 182 182 183 183 183 179 181 181 181 180 179 180 182 182 182 182 183 181 179 182 181 179 177 178 180 182 183 184 185 186 186 187 188 188 189 190 190 190 189
nan nan nan nan nan nan nan nan nan nan nan nan nan nan 191 191 191 189 183 176 178 186 195 202 199 195 192 179 169 165 164 167 174 180 180 181 179 178 180 181 176 171 172 176 176 175 178 179 180 175 179 185 182 177 178 182 184 185 186 186 184 184 184 184 182 181 182 183 183 182 183 183 183 180 182 183 179 176 177 178 180 181 180 184 185 186 186 187 187 186 189 190 191 189
nan nan nan nan nan nan nan nan nan nan nan nan nan nan 184 183 183 182 185 183 185 186 194 199 199 196 189 178 172 169 169 170 171 173 178 183 183 182 182 179 176 170 175 177 179 179 175 181 183 176 172 178 186 186 187 186 186 186 187 187 186 186 185 185 184 184 184 184 185 183 183 185 184 182 184 184 180 178 178 176 179 180 180 182 183 183 183 183 183 186 189 190 191 191
nan nan nan nan nan nan nan nan nan nan nan nan nan nan nan 179 183 186 187 187 191 193 195 198 195 189 183 187 182 173 165 160 158 163 170 177 183 186 184 182 182 180 179 175 180 183 183 182 182 183 184 187 189 188 189 187 187 187 188 189 187 187 187 186 185 186 186 186 185 184 184 186 185 185 185 184 182 179 177 175 177 176 179 181 180 181 178 177 183 187 187 189 190 189
nan nan nan nan nan nan nan nan nan nan nan nan nan nan nan nan nan nan 189 190 193 195 197 193 192 182 175 176 176 177 165 155 151 160 170 175 181 184 186 187 186 185 181 180 183 184 187 185 184 188 189 189 189 189 190 189 189 189 190 190 189 189 189 188 187 187 187 186 185 185 185 186 187 185 185 184 182 180 177 173 173 173 176 180 181 183 181 182 186 186 188 187 187 186
nan nan nan nan nan nan nan nan nan nan nan nan nan nan nan nan nan nan 188 189 191 193 193 190 185 180 175 171 171 176 168 158 164 169 174 175 176 180 185 185 187 188 187 187 187 187 188 189 190 190 190 190 190 191 191 190 190 191 191 192 192 191 189 187 185 187 188 187 188 186 186 185 185 185 185 184 180 180 177 172 173 175 174 178 181 182 184 183 182 186 184 181 183 184
