ecocropFuture/tif/c6/rcp585/ACCESS-CM2/tmin_6.asc
ncols        683
nrows        518
xllcorner    -87.691666666667
yllcorner    10.708333333333
cellsize     0.008333333333
NODATA_value  nan
[rows 126 to 167 of 518, columns 94 to 187 of 683]
nan nan nan nan nan nan nan nan nan nan nan nan nan nan nan nan nan nan nan nan nan nan nan nan nan nan nan nan nan nan nan nan nan nan nan nan nan nan nan nan nan nan nan nan nan nan nan nan nan nan nan nan nan nan nan nan nan nan nan nan nan nan nan nan nan nan nan nan nan nan nan nan nan nan nan nan nan nan nan nan nan nan nan nan nan nan 192 198 196 194 200 199 194 199
nan nan nan nan nan nan nan nan nan nan nan nan nan nan nan nan nan nan nan nan nan nan nan nan nan nan nan nan nan nan nan nan nan nan nan nan nan nan nan nan nan nan nan nan nan nan nan nan nan nan nan nan nan nan nan nan nan nan nan nan nan nan nan nan nan nan nan nan nan nan nan nan nan nan nan nan nan nan nan nan nan nan nan nan nan nan 188 196 203 204 206 203 201 204
nan nan nan nan nan nan nan nan nan nan nan nan nan nan nan nan nan nan nan nan nan nan nan nan nan nan nan nan nan nan nan nan nan nan nan nan nan nan nan nan nan nan nan nan nan nan nan nan nan nan nan nan nan nan nan nan nan nan nan nan nan nan nan nan nan nan nan nan nan nan nan nan nan nan nan nan nan nan nan nan nan nan nan nan nan 178 187 196 202 206 209 209 208 208
nan nan nan nan nan nan nan nan nan nan nan nan nan nan nan nan nan nan nan nan nan nan nan nan nan nan nan nan nan nan nan nan nan nan nan nan nan nan nan nan nan nan nan nan nan nan nan nan nan nan nan nan nan nan nan nan nan nan nan nan nan nan nan nan nan nan nan nan nan nan nan nan nan nan nan nan nan nan nan nan nan nan nan nan nan 175 184 194 202 202 206 209 211 213
nan nan nan nan nan nan nan nan nan nan nan nan nan nan nan nan nan nan nan nan nan nan nan nan nan nan nan nan nan nan nan nan nan nan nan nan nan nan nan nan nan nan nan nan nan nan nan nan nan nan nan nan nan nan nan nan nan nan nan nan nan nan nan nan nan nan nan nan nan nan nan nan nan nan nan nan nan nan nan nan nan nan nan 176 174 180 190 195 199 195 201 201 206 212
nan nan nan nan nan nan nan nan nan nan nan nan nan nan nan nan nan nan nan nan nan nan nan nan nan nan nan nan nan nan nan nan nan nan nan nan nan nan nan nan nan nan nan nan nan nan nan nan nan nan nan nan nan nan nan nan nan nan nan nan nan nan nan nan nan nan nan nan nan nan nan nan nan nan nan nan nan nan nan nan nan nan 182 186 184 189 194 198 196 192 195 200 207 213
nan nan nan nan nan nan nan nan nan nan nan nan nan nan nan nan nan nan nan nan nan nan nan nan nan nan nan nan nan nan nan nan nan nan nan nan nan nan nan nan nan nan nan nan nan nan nan nan nan nan nan nan nan nan nan nan nan nan nan nan nan nan nan nan nan nan nan nan nan nan nan nan nan nan nan nan nan nan nan nan nan 192 192 195 192 191 190 192 196 200 196 205 211 214
nan nan nan nan nan nan nan nan nan nan nan nan nan nan nan nan nan nan nan nan nan nan nan nan nan nan nan nan nan nan nan nan nan nan nan nan nan nan nan nan nan nan nan nan nan nan nan nan nan nan nan nan nan nan nan nan nan nan nan nan nan nan nan nan nan nan nan nan nan nan nan nan nan nan nan nan nan nan nan nan 198 193 192 200 195 191 188 193 200 203 203 207 213 215
nan nan nan nan nan nan nan nan nan nan nan nan nan nan nan nan nan nan nan nan nan nan nan nan nan nan nan nan nan nan nan nan nan nan nan nan nan nan nan nan nan nan nan nan nan nan nan nan nan nan nan nan nan nan nan nan nan nan nan nan nan nan nan nan nan nan nan nan nan nan nan nan nan nan nan nan nan nan nan 201 200 194 197 202 200 197 194 197 202 202 207 212 214 216
nan nan nan nan nan nan nan nan nan nan nan nan nan nan nan nan nan nan nan nan nan nan nan nan nan nan nan nan nan nan nan nan nan nan nan nan nan nan nan nan nan nan nan nan nan nan nan nan nan nan nan nan nan nan nan nan nan nan nan nan nan nan nan nan nan nan nan nan nan nan nan nan nan nan nan nan nan nan nan 197 203 200 201 205 201 199 203 206 205 204 209 214 215 216
nan nan nan nan nan nan nan nan nan nan nan nan nan nan nan nan nan nan nan nan nan nan nan nan nan nan nan nan nan nan nan nan nan nan nan nan nan nan nan nan nan nan nan nan nan nan nan nan nan nan nan nan nan nan nan nan nan nan nan nan nan nan nan nan nan nan nan nan nan nan nan nan nan nan nan nan nan nan 192 193 199 205 205 205 204 201 205 209 210 209 213 215 216 216
nan nan nan nan nan nan nan nan nan nan nan nan nan nan nan nan nan nan nan nan nan nan nan nan nan nan nan nan nan nan nan nan nan nan nan nan nan nan nan nan nan nan nan nan nan nan nan nan nan nan nan nan nan nan nan nan nan nan nan nan nan nan nan nan nan nan nan nan nan nan nan nan nan nan nan nan nan 194 193 195 200 204 207 207 206 205 208 210 212 212 214 216 216 217
nan nan nan nan nan nan nan nan nan nan nan nan nan nan nan nan nan nan nan nan nan nan nan nan nan nan nan nan nan nan nan nan nan nan nan nan nan nan nan nan nan nan nan nan nan nan nan nan nan nan nan nan nan nan nan nan nan nan nan nan nan nan nan nan nan nan nan nan nan nan nan nan nan nan nan 199 199 197 193 199 203 203 203 207 210 210 211 211 213 213 215 216 217 217
nan nan nan nan nan nan nan nan nan nan nan nan nan nan nan nan nan nan nan nan nan nan nan nan nan nan nan nan nan nan nan nan nan nan nan nan nan nan nan nan nan nan nan nan nan nan nan nan nan nan nan nan nan nan nan nan nan nan nan nan nan nan nan nan nan nan nan nan nan nan nan nan nan nan nan 202 200 197 195 197 201 204 205 207 209 212 213 211 212 215 216 217 217 217
nan nan nan nan nan nan nan nan nan nan nan nan nan nan nan nan nan nan nan nan nan nan nan nan nan nan nan nan nan nan nan nan nan nan nan nan nan nan nan nan nan nan nan nan nan nan nan nan nan nan nan nan nan nan nan nan nan nan nan nan nan nan nan nan nan nan nan nan nan nan nan nan nan 188 195 201 202 200 199 200 200 202 204 206 209 212 214 214 214 215 216 217 217 216
nan nan nan nan nan nan nan nan nan nan nan nan nan nan nan nan nan nan nan nan nan nan nan nan nan nan nan nan nan nan nan nan nan nan nan nan nan nan nan nan nan nan nan nan nan nan nan nan nan nan nan nan nan nan nan nan nan nan nan nan nan nan nan nan nan nan nan nan nan nan nan nan 192 191 196 200 205 203 202 201 201 202 204 207 210 212 213 214 216 216 216 217 217 214
nan nan nan nan nan nan nan nan nan nan nan nan nan nan nan nan nan nan nan nan nan nan nan nan nan nan nan nan nan nan nan nan nan nan nan nan nan nan nan nan nan nan nan nan nan nan nan nan nan nan nan nan nan nan nan nan nan nan nan nan nan nan nan nan nan nan nan nan nan nan nan nan 193 194 196 199 204 206 205 203 202 203 205 208 211 213 214 214 216 216 216 217 216 213
nan nan nan nan nan nan nan nan nan nan nan nan nan nan nan nan nan nan nan nan nan nan nan nan nan nan nan nan nan nan nan nan nan nan nan nan nan nan nan nan nan nan nan nan nan nan nan nan nan nan nan nan nan nan nan nan nan nan nan nan nan nan nan nan nan nan nan nan nan nan nan nan 193 194 198 198 202 206 207 206 204 204 205 209 212 213 214 215 216 216 217 217 215 209
nan nan nan nan nan nan nan nan nan nan nan nan nan nan nan nan nan nan nan nan nan nan nan nan nan nan nan nan nan nan nan nan nan nan nan nan nan nan nan nan nan nan nan nan nan nan nan nan nan nan nan nan nan nan nan nan nan nan nan nan nan nan nan nan nan nan nan nan nan nan nan nan 196 193 195 198 200 204 207 210 208 206 208 211 213 213 215 216 217 217 216 216 214 210
nan nan nan nan nan nan nan nan nan nan nan nan nan nan nan nan nan nan nan nan nan nan nan nan nan nan nan nan nan nan nan nan nan nan nan nan nan nan nan nan nan nan nan nan nan nan nan nan nan nan nan nan nan nan nan nan nan nan nan nan nan nan nan nan nan nan nan nan nan nan nan nan 197 195 196 196 198 202 205 209 212 212 211 214 215 213 214 217 216 215 215 214 210 207
nan nan nan nan nan nan nan nan nan nan nan nan nan nan nan nan nan nan nan nan nan nan nan nan nan nan nan nan nan nan nan nan nan nan nan nan nan nan nan nan nan 186 185 187 179 nan nan nan nan nan nan nan nan nan nan nan nan nan nan nan nan nan nan nan nan nan nan nan nan nan nan 197 198 195 193 195 198 198 200 208 212 213 215 216 216 216 217 217 214 213 215 213 210 208
nan nan nan nan nan nan nan nan nan nan nan nan nan nan nan nan nan nan nan nan nan nan nan nan nan nan nan nan nan nan nan nan nan nan nan nan nan nan nan nan 191 188 183 181 187 186 nan nan nan nan nan nan nan nan nan nan nan nan nan nan nan nan nan nan nan nan nan nan nan nan 192 191 195 199 197 200 199 199 202 208 211 213 215 216 216 217 216 214 213 214 215 212 210 205
nan nan nan nan nan nan nan nan nan nan nan nan nan nan nan nan nan nan nan nan nan 210 208 207 205 204 204 203 204 nan nan nan nan 197 nan nan nan 192 191 189 188 192 190 186 190 190 189 nan nan nan nan nan nan nan nan nan nan nan nan nan nan nan nan nan nan nan nan nan nan nan 188 191 195 198 202 203 200 200 204 209 211 213 214 215 217 217 212 211 214 216 213 209 206 207
nan nan nan nan nan nan nan nan nan nan nan nan nan nan nan nan nan nan nan nan 214 210 209 205 203 202 202 201 201 203 201 200 198 193 191 192 191 185 184 189 188 188 193 192 193 191 187 187 nan nan nan nan nan 168 166 168 nan nan nan nan nan nan nan nan nan nan nan nan nan 178 184 190 195 199 201 203 205 203 204 205 209 212 214 215 217 217 215 214 216 216 212 207 204 209
nan nan nan nan nan nan nan nan nan nan nan nan nan nan nan nan nan 224 218 214 212 210 208 206 204 201 199 198 200 199 199 196 194 194 190 187 187 186 185 186 187 184 189 195 194 194 189 185 184 174 170 168 169 169 166 161 169 nan nan nan nan nan nan 165 174 nan nan nan 177 172 181 186 193 197 199 203 205 208 208 207 210 213 214 215 215 216 217 217 218 216 211 206 209 211
nan nan nan nan nan nan nan nan nan nan nan nan nan nan nan nan 221 221 216 214 212 209 209 207 206 203 201 199 199 198 197 194 196 194 189 190 195 193 191 189 188 190 188 191 196 195 192 191 189 181 170 168 171 171 172 160 159 154 151 156 151 154 164 162 170 172 170 173 179 174 182 189 188 195 195 198 201 205 209 211 212 213 214 214 213 212 215 218 218 216 213 211 214 212
nan nan nan nan nan nan nan nan nan nan nan nan nan nan nan nan 224 218 216 214 211 209 207 208 206 205 204 202 200 198 195 191 195 196 193 196 196 195 192 191 192 194 191 190 192 196 193 193 191 186 171 167 173 177 176 165 169 166 156 161 159 160 170 166 169 178 171 173 184 184 187 190 193 197 199 198 200 204 208 211 212 213 213 212 212 210 212 216 218 216 212 214 216 215
nan nan nan nan nan nan nan nan nan nan nan nan nan nan nan nan 221 223 218 216 213 210 208 207 207 206 205 203 202 200 197 193 196 198 199 198 196 193 190 193 193 195 193 189 190 192 197 196 191 180 174 170 177 179 181 174 174 178 171 173 171 164 172 179 172 175 182 180 185 189 190 194 197 198 199 201 202 204 207 211 212 211 211 212 213 211 209 213 217 217 211 214 217 218
nan nan nan nan nan nan nan nan nan nan nan nan nan nan nan nan nan 225 222 219 217 213 208 207 208 207 206 205 204 201 197 193 195 199 200 199 196 195 195 197 196 196 194 190 190 193 196 197 188 182 180 181 181 184 183 179 183 184 183 179 170 167 171 183 183 180 185 189 189 193 194 196 198 200 200 201 203 205 208 210 210 209 208 211 211 213 213 211 215 218 213 215 218 219
nan nan nan nan nan nan nan nan nan nan nan nan nan nan nan nan nan 227 225 222 220 215 210 208 210 208 207 207 204 201 197 193 196 200 201 200 199 198 199 198 196 195 195 192 190 192 194 198 195 191 189 183 188 188 190 185 185 189 187 180 173 171 174 183 189 186 189 193 192 194 197 197 197 199 201 202 203 205 208 210 209 208 207 207 209 211 214 214 215 218 217 218 220 220
nan nan nan nan nan nan nan nan nan nan nan nan nan nan nan nan nan 227 226 225 223 219 213 212 210 210 209 207 204 199 194 196 199 201 201 201 201 200 200 198 195 193 194 190 188 190 193 198 199 195 190 189 188 192 194 190 189 191 185 185 182 175 179 181 191 190 191 195 197 197 198 200 199 200 202 204 204 205 208 208 209 209 208 204 208 212 213 215 216 218 219 219 219 219
nan nan nan nan nan nan nan nan nan nan nan nan nan nan nan nan nan 226 226 225 224 222 218 214 213 212 209 206 200 194 195 199 200 202 202 201 201 200 199 198 196 193 190 191 185 186 189 193 200 200 197 197 192 194 196 195 190 194 187 190 186 180 185 185 192 196 193 194 199 200 198 199 202 201 201 202 204 206 208 209 209 210 209 207 208 211 213 215 216 216 215 217 218 216
nan nan nan nan nan nan nan nan nan nan nan nan nan nan nan nan 226 227 225 225 224 220 218 216 214 213 208 203 193 192 197 199 201 201 201 198 196 198 198 196 194 191 187 188 184 185 187 189 194 202 202 201 196 198 199 198 196 197 193 194 188 187 190 193 194 198 196 195 195 200 202 198 202 203 201 201 204 207 208 209 209 210 211 210 209 211 213 215 216 215 214 214 215 217
nan nan nan nan nan nan nan nan nan nan nan nan nan nan nan nan 225 226 226 225 222 220 217 216 213 210 206 199 194 196 196 199 202 201 200 197 193 198 200 198 194 191 188 189 188 190 188 192 197 200 205 203 200 198 201 202 198 201 199 198 197 192 197 198 198 200 197 199 198 196 201 201 203 203 203 202 205 208 209 210 210 210 211 211 210 212 213 214 215 215 212 212 216 218
nan nan nan nan nan nan nan nan nan nan nan nan nan nan nan 220 223 221 223 223 222 220 218 214 209 206 206 198 196 197 200 202 202 202 200 197 193 198 202 200 199 196 194 194 194 196 194 194 199 204 206 203 202 203 202 205 204 204 203 203 202 200 198 199 202 202 201 202 204 204 205 205 204 206 206 206 206 207 209 210 211 210 210 212 212 212 213 214 215 215 213 213 216 217
nan nan nan nan nan nan nan nan nan nan nan nan nan nan nan 216 220 216 216 213 214 214 218 214 210 206 206 201 197 193 198 202 202 202 202 199 197 198 202 202 200 197 198 197 197 195 201 200 200 205 208 206 202 203 206 207 207 204 204 205 204 204 203 203 205 205 206 206 206 207 208 208 208 208 208 207 207 207 208 209 211 211 211 211 212 213 214 215 216 216 215 215 217 217
nan nan nan nan nan nan nan nan nan nan nan nan nan nan 218 213 216 213 207 204 204 206 213 215 212 209 210 206 197 195 197 197 203 202 202 203 201 200 202 204 200 197 200 201 199 197 202 202 203 206 209 207 204 200 204 208 208 208 209 208 206 207 208 207 207 206 207 208 208 208 209 210 208 206 209 208 206 205 205 207 209 209 210 211 213 213 214 215 215 216 217 217 217 217
nan nan nan nan nan nan nan nan nan nan nan nan nan nan 210 210 210 208 205 201 202 207 212 217 215 213 211 203 198 195 195 197 201 205 205 205 204 204 205 205 202 199 200 203 203 202 204 205 206 203 205 209 207 204 205 208 209 210 210 210 209 209 209 209 208 208 208 209 209 208 209 209 209 207 208 209 206 204 205 206 208 208 208 211 212 212 213 214 214 213 216 217 218 217
nan nan nan nan nan nan nan nan nan nan nan nan nan nan 205 205 205 204 206 205 206 207 212 215 216 214 209 203 199 198 198 198 199 200 203 206 207 206 206 204 202 199 202 203 205 204 202 206 208 203 201 204 210 210 211 210 210 211 211 212 211 210 210 210 209 209 210 210 210 209 209 211 210 209 210 210 207 205 205 205 207 207 207 209 210 211 210 211 211 213 216 216 217 218
nan nan nan nan nan nan nan nan nan nan nan nan nan nan nan 203 205 207 207 207 210 211 212 215 213 209 206 208 205 200 195 193 191 194 199 203 207 208 208 206 206 205 204 202 205 207 207 207 207 208 208 210 212 212 212 211 211 211 212 213 212 211 211 211 211 211 211 212 211 210 210 211 211 211 211 210 208 206 205 204 205 205 207 208 207 208 206 205 210 214 214 216 217 216
nan nan nan nan nan nan nan nan nan nan nan nan nan nan nan nan nan nan 208 209 211 213 214 211 211 205 201 201 202 202 196 189 187 193 199 202 205 207 209 209 209 209 206 205 207 208 210 209 208 211 212 212 212 213 213 212 212 213 213 214 212 213 213 212 211 212 212 212 211 211 211 212 212 211 210 210 208 206 204 202 202 202 204 207 208 209 209 209 213 213 215 214 214 213
nan nan nan nan nan nan nan nan nan nan nan nan nan nan nan nan nan nan 208 209 209 211 211 210 207 204 201 199 199 202 197 191 195 198 201 202 202 205 208 208 210 210 210 210 210 210 211 212 212 212 213 213 213 213 214 213 213 214 214 214 215 214 213 212 210 212 213 212 213 211 211 211 211 211 210 210 207 206 204 201 201 203 202 205 208 209 211 210 209 212 211 209 211 211
