ecocropFuture/tif/c6/rcp585/ACCESS-CM2/tmin_12.asc
ncols        683
nrows        518
xllcorner    -87.691666666667
yllcorner    10.708333333333
cellsize     0.008333333333
NODATA_value  nan
[rows 126 to 167 of 518, columns 94 to 187 of 683]
nan nan nan nan nan nan nan nan nan nan nan nan nan nan nan nan nan nan nan nan nan nan nan nan nan nan nan nan nan nan nan nan nan nan nan nan nan nan nan nan nan nan nan nan nan nan nan nan nan nan nan nan nan nan nan nan nan nan nan nan nan nan nan nan nan nan nan nan nan nan nan nan nan nan nan nan nan nan nan nan nan nan nan nan nan nan 147 154 152 150 157 156 149 156
nan nan nan nan nan nan nan nan nan nan nan nan nan nan nan nan nan nan nan nan nan nan nan nan nan nan nan nan nan nan nan nan nan nan nan nan nan nan nan nan nan nan nan nan nan nan nan nan nan nan nan nan nan nan nan nan nan nan nan nan nan nan nan nan nan nan nan nan nan nan nan nan nan nan nan nan nan nan nan nan nan nan nan nan nan nan 142 152 161 163 164 161 158 162
nan nan nan nan nan nan nan nan nan nan nan nan nan nan nan nan nan nan nan nan nan nan nan nan nan nan nan nan nan nan nan nan nan nan nan nan nan nan nan nan nan nan nan nan nan nan nan nan nan nan nan nan nan nan nan nan nan nan nan nan nan nan nan nan nan nan nan nan nan nan nan nan nan nan nan nan nan nan nan nan nan nan nan nan nan 132 141 152 159 165 168 169 168 168
nan nan nan nan nan nan nan nan nan nan nan nan nan nan nan nan nan nan nan nan nan nan nan nan nan nan nan nan nan nan nan nan nan nan nan nan nan nan nan nan nan nan nan nan nan nan nan nan nan nan nan nan nan nan nan nan nan nan nan nan nan nan nan nan nan nan nan nan nan nan nan nan nan nan nan nan nan nan nan nan nan nan nan nan nan 129 138 150 160 160 165 169 172 174
nan nan nan nan nan nan nan nan nan nan nan nan nan nan nan nan nan nan nan nan nan nan nan nan nan nan nan nan nan nan nan nan nan nan nan nan nan nan nan nan nan nan nan nan nan nan nan nan nan nan nan nan nan nan nan nan nan nan nan nan nan nan nan nan nan nan nan nan nan nan nan nan nan nan nan nan nan nan nan nan nan nan nan 129 128 133 145 151 157 151 159 159 166 173
nan nan nan nan nan nan nan nan nan nan nan nan nan nan nan nan nan nan nan nan nan nan nan nan nan nan nan nan nan nan nan nan nan nan nan nan nan nan nan nan nan nan nan nan nan nan nan nan nan nan nan nan nan nan nan nan nan nan nan nan nan nan nan nan nan nan nan nan nan nan nan nan nan nan nan nan nan nan nan nan nan nan 136 140 139 144 150 155 152 148 151 158 167 174
nan nan nan nan nan nan nan nan nan nan nan nan nan nan nan nan nan nan nan nan nan nan nan nan nan nan nan nan nan nan nan nan nan nan nan nan nan nan nan nan nan nan nan nan nan nan nan nan nan nan nan nan nan nan nan nan nan nan nan nan nan nan nan nan nan nan nan nan nan nan nan nan nan nan nan nan nan nan nan nan nan 147 148 151 148 147 145 148 153 157 153 164 171 175
nan nan nan nan nan nan nan nan nan nan nan nan nan nan nan nan nan nan nan nan nan nan nan nan nan nan nan nan nan nan nan nan nan nan nan nan nan nan nan nan nan nan nan nan nan nan nan nan nan nan nan nan nan nan nan nan nan nan nan nan nan nan nan nan nan nan nan nan nan nan nan nan nan nan nan nan nan nan nan nan 154 149 148 157 152 147 143 149 158 162 162 167 174 176
nan nan nan nan nan nan nan nan nan nan nan nan nan nan nan nan nan nan nan nan nan nan nan nan nan nan nan nan nan nan nan nan nan nan nan nan nan nan nan nan nan nan nan nan nan nan nan nan nan nan nan nan nan nan nan nan nan nan nan nan nan nan nan nan nan nan nan nan nan nan nan nan nan nan nan nan nan nan nan 159 157 150 154 161 158 154 150 154 161 161 167 173 176 177
nan nan nan nan nan nan nan nan nan nan nan nan nan nan nan nan nan nan nan nan nan nan nan nan nan nan nan nan nan nan nan nan nan nan nan nan nan nan nan nan nan nan nan nan nan nan nan nan nan nan nan nan nan nan nan nan nan nan nan nan nan nan nan nan nan nan nan nan nan nan nan nan nan nan nan nan nan nan nan 154 162 158 159 165 160 156 162 166 165 163 170 175 177 177
nan nan nan nan nan nan nan nan nan nan nan nan nan nan nan nan nan nan nan nan nan nan nan nan nan nan nan nan nan nan nan nan nan nan nan nan nan nan nan nan nan nan nan nan nan nan nan nan nan nan nan nan nan nan nan nan nan nan nan nan nan nan nan nan nan nan nan nan nan nan nan nan nan nan nan nan nan nan 147 149 157 164 165 165 164 159 164 169 170 169 174 177 177 177
nan nan nan nan nan nan nan nan nan nan nan nan nan nan nan nan nan nan nan nan nan nan nan nan nan nan nan nan nan nan nan nan nan nan nan nan nan nan nan nan nan nan nan nan nan nan nan nan nan nan nan nan nan nan nan nan nan nan nan nan nan nan nan nan nan nan nan nan nan nan nan nan nan nan nan nan nan 150 149 152 158 164 168 168 166 164 169 170 173 173 176 177 178 178
nan nan nan nan nan nan nan nan nan nan nan nan nan nan nan nan nan nan nan nan nan nan nan nan nan nan nan nan nan nan nan nan nan nan nan nan nan nan nan nan nan nan nan nan nan nan nan nan nan nan nan nan nan nan nan nan nan nan nan nan nan nan nan nan nan nan nan nan nan nan nan nan nan nan nan 157 156 155 150 157 162 162 162 167 171 171 172 172 175 175 177 178 178 178
nan nan nan nan nan nan nan nan nan nan nan nan nan nan nan nan nan nan nan nan nan nan nan nan nan nan nan nan nan nan nan nan nan nan nan nan nan nan nan nan nan nan nan nan nan nan nan nan nan nan nan nan nan nan nan nan nan nan nan nan nan nan nan nan nan nan nan nan nan nan nan nan nan nan nan 161 159 154 152 155 159 164 165 168 171 173 174 172 173 176 177 178 178 178
nan nan nan nan nan nan nan nan nan nan nan nan nan nan nan nan nan nan nan nan nan nan nan nan nan nan nan nan nan nan nan nan nan nan nan nan nan nan nan nan nan nan nan nan nan nan nan nan nan nan nan nan nan nan nan nan nan nan nan nan nan nan nan nan nan nan nan nan nan nan nan nan nan 144 152 160 162 159 158 158 158 162 163 166 171 174 175 176 175 177 178 178 178 177
nan nan nan nan nan nan nan nan nan nan nan nan nan nan nan nan nan nan nan nan nan nan nan nan nan nan nan nan nan nan nan nan nan nan nan nan nan nan nan nan nan nan nan nan nan nan nan nan nan nan nan nan nan nan nan nan nan nan nan nan nan nan nan nan nan nan nan nan nan nan nan nan 149 147 153 159 165 163 162 160 160 161 164 168 172 174 175 176 177 177 178 178 178 175
nan nan nan nan nan nan nan nan nan nan nan nan nan nan nan nan nan nan nan nan nan nan nan nan nan nan nan nan nan nan nan nan nan nan nan nan nan nan nan nan nan nan nan nan nan nan nan nan nan nan nan nan nan nan nan nan nan nan nan nan nan nan nan nan nan nan nan nan nan nan nan nan 151 152 154 158 164 167 166 163 162 163 165 169 173 175 176 176 178 178 178 179 178 174
nan nan nan nan nan nan nan nan nan nan nan nan nan nan nan nan nan nan nan nan nan nan nan nan nan nan nan nan nan nan nan nan nan nan nan nan nan nan nan nan nan nan nan nan nan nan nan nan nan nan nan nan nan nan nan nan nan nan nan nan nan nan nan nan nan nan nan nan nan nan nan nan 151 152 157 158 163 168 170 168 164 164 166 170 174 175 176 178 178 178 179 179 177 170
nan nan nan nan nan nan nan nan nan nan nan nan nan nan nan nan nan nan nan nan nan nan nan nan nan nan nan nan nan nan nan nan nan nan nan nan nan nan nan nan nan nan nan nan nan nan nan nan nan nan nan nan nan nan nan nan nan nan nan nan nan nan nan nan nan nan nan nan nan nan nan nan 155 151 154 159 161 167 171 173 170 168 169 174 176 176 177 178 179 179 179 178 176 172
nan nan nan nan nan nan nan nan nan nan nan nan nan nan nan nan nan nan nan nan nan nan nan nan nan nan nan nan nan nan nan nan nan nan nan nan nan nan nan nan nan nan nan nan nan nan nan nan nan nan nan nan nan nan nan nan nan nan nan nan nan nan nan nan nan nan nan nan nan nan nan nan 156 154 155 155 159 164 167 172 175 175 174 177 178 176 177 179 179 177 178 176 172 168
nan nan nan nan nan nan nan nan nan nan nan nan nan nan nan nan nan nan nan nan nan nan nan nan nan nan nan nan nan nan nan nan nan nan nan nan nan nan nan nan nan 140 139 142 132 nan nan nan nan nan nan nan nan nan nan nan nan nan nan nan nan nan nan nan nan nan nan nan nan nan nan 157 159 155 151 155 159 159 162 170 175 177 179 179 179 179 180 179 176 175 178 175 173 170
nan nan nan nan nan nan nan nan nan nan nan nan nan nan nan nan nan nan nan nan nan nan nan nan nan nan nan nan nan nan nan nan nan nan nan nan nan nan nan nan 147 143 137 134 141 141 nan nan nan nan nan nan nan nan nan nan nan nan nan nan nan nan nan nan nan nan nan nan nan nan 151 149 155 161 158 161 160 160 164 171 175 176 178 180 180 181 180 176 175 177 178 175 172 166
nan nan nan nan nan nan nan nan nan nan nan nan nan nan nan nan nan nan nan nan nan 182 178 176 173 170 170 169 171 nan nan nan nan 157 nan nan nan 149 148 144 143 149 146 141 146 146 145 nan nan nan nan nan nan nan nan nan nan nan nan nan nan nan nan nan nan nan nan nan nan nan 145 150 155 160 165 166 162 162 167 173 176 178 179 180 181 181 176 174 177 179 177 172 168 170
nan nan nan nan nan nan nan nan nan nan nan nan nan nan nan nan nan nan nan nan 189 183 180 174 170 168 168 165 166 169 165 163 159 150 146 149 147 139 139 145 143 143 151 149 152 148 142 143 nan nan nan nan nan 122 120 121 nan nan nan nan nan nan nan nan nan nan nan nan nan 134 141 149 157 161 164 167 169 167 168 168 174 176 178 180 181 180 178 178 180 180 175 170 165 172
nan nan nan nan nan nan nan nan nan nan nan nan nan nan nan nan nan 201 194 188 186 183 179 176 172 166 162 159 164 162 161 156 152 152 145 141 142 140 139 141 142 139 145 154 153 153 146 140 138 128 123 121 123 122 119 114 122 nan nan nan nan nan nan 119 128 nan nan nan 133 128 138 144 154 158 162 167 170 173 173 172 175 178 179 180 179 180 181 181 182 181 174 169 172 175
nan nan nan nan nan nan nan nan nan nan nan nan nan nan nan nan 198 198 192 188 186 181 181 177 175 170 165 162 162 161 158 151 156 153 144 146 155 151 148 145 143 146 143 148 156 155 149 148 146 136 123 121 124 124 125 113 113 107 105 109 105 107 118 116 125 127 125 128 135 130 139 148 147 156 157 160 164 170 174 176 178 178 179 179 177 176 179 182 183 180 177 175 178 177
nan nan nan nan nan nan nan nan nan nan nan nan nan nan nan nan 202 195 192 189 184 181 177 179 177 174 172 169 164 160 153 147 154 157 151 156 157 154 149 149 149 152 148 146 151 157 151 152 149 141 125 120 126 131 130 118 123 119 110 114 113 114 124 120 123 134 127 129 142 141 146 150 153 159 162 161 163 168 174 177 178 179 179 177 176 174 176 181 183 180 176 179 180 180
nan nan nan nan nan nan nan nan nan nan nan nan nan nan nan nan 199 201 195 192 187 182 179 178 178 177 174 171 169 164 158 151 157 161 161 160 156 152 147 152 152 155 151 146 148 151 158 156 149 134 128 124 131 133 136 128 128 132 125 127 125 118 127 134 127 131 138 137 143 149 149 156 160 161 163 165 167 169 173 176 178 177 177 177 178 176 174 179 183 182 175 178 181 183
nan nan nan nan nan nan nan nan nan nan nan nan nan nan nan nan nan 203 200 196 193 188 180 177 179 178 176 174 172 167 159 152 155 163 163 162 156 155 154 158 158 157 154 147 148 151 157 158 145 137 135 136 136 140 139 133 138 140 138 133 124 121 126 139 139 136 143 148 148 154 156 158 161 164 164 165 168 171 173 176 176 174 173 176 177 178 178 177 182 183 178 180 183 184
nan nan nan nan nan nan nan nan nan nan nan nan nan nan nan nan nan 206 203 200 197 190 183 179 183 180 179 177 173 167 158 151 157 165 165 164 162 161 161 161 157 156 155 150 147 150 154 161 156 149 145 139 145 145 148 141 141 147 144 135 128 126 129 140 147 144 148 153 153 156 160 161 160 163 166 167 168 171 174 176 175 173 172 172 175 177 180 180 181 184 183 183 185 185
nan nan nan nan nan nan nan nan nan nan nan nan nan nan nan nan nan 206 204 203 200 196 188 186 183 182 181 178 172 164 153 157 162 166 166 166 165 164 164 161 155 152 153 148 145 147 152 160 163 156 147 147 144 150 154 148 147 150 142 142 138 130 135 138 151 149 151 157 160 161 161 164 163 164 166 169 170 170 174 175 175 175 174 169 173 178 180 182 183 183 184 185 184 184
nan nan nan nan nan nan nan nan nan nan nan nan nan nan nan nan nan 205 205 203 202 200 195 189 187 185 181 176 165 154 156 162 165 168 168 166 166 165 163 161 157 152 148 148 141 142 146 152 164 164 159 159 151 154 158 155 148 153 144 149 143 136 142 142 152 158 154 155 163 164 162 163 166 165 166 167 170 173 175 175 175 176 175 172 174 178 180 182 183 181 181 183 183 181
nan nan nan nan nan nan nan nan nan nan nan nan nan nan nan nan 206 206 204 203 202 197 195 191 189 186 180 171 152 150 159 164 167 167 166 161 157 161 161 158 153 149 143 145 139 141 144 146 155 167 167 164 157 160 161 161 157 159 152 155 146 145 149 153 156 162 158 157 158 165 167 162 167 169 166 166 169 174 175 176 176 177 178 176 175 178 180 181 182 182 181 180 181 183
nan nan nan nan nan nan nan nan nan nan nan nan nan nan nan nan 204 206 205 204 200 197 193 191 187 184 177 164 154 158 158 165 169 168 165 159 152 162 166 162 154 149 146 147 146 149 145 151 158 163 171 169 164 160 164 167 160 164 161 161 159 152 159 161 161 165 159 163 161 159 165 166 168 169 168 167 171 175 176 177 177 176 177 178 177 178 180 181 182 181 178 179 182 184
nan nan nan nan nan nan nan nan nan nan nan nan nan nan nan 199 203 199 202 201 201 197 194 189 182 176 177 163 159 161 167 169 169 168 166 159 153 162 168 166 163 158 154 155 155 158 155 154 162 170 173 169 166 168 166 170 169 169 168 167 167 164 162 163 167 167 166 167 170 170 172 171 170 172 172 173 173 174 176 177 178 176 177 179 178 178 180 180 182 181 179 179 182 183
nan nan nan nan nan nan nan nan nan nan nan nan nan nan nan 194 200 194 193 189 190 191 195 189 183 178 177 168 161 154 163 170 170 169 169 164 160 161 169 169 165 159 162 160 160 157 166 164 164 171 175 173 167 168 172 173 173 170 169 170 169 170 169 168 171 171 172 173 173 174 175 175 175 175 175 174 174 174 175 176 178 178 178 178 180 180 181 182 182 183 181 181 183 183
nan nan nan nan nan nan nan nan nan nan nan nan nan nan 198 191 194 190 181 174 174 177 189 190 187 182 183 177 161 157 160 161 172 170 170 171 167 166 169 172 166 160 166 168 164 161 169 168 168 172 176 174 170 164 169 174 175 175 176 175 172 174 175 174 174 173 174 175 175 176 176 177 176 173 176 175 173 171 172 175 176 177 178 179 180 181 181 182 182 183 183 183 183 183
nan nan nan nan nan nan nan nan nan nan nan nan nan nan 185 185 185 182 177 169 171 179 187 194 191 188 185 173 163 158 157 161 168 174 174 174 173 172 173 174 169 164 166 170 169 168 171 172 173 168 172 177 174 170 171 175 176 177 178 178 177 177 177 177 176 175 176 176 177 176 177 177 177 174 176 177 173 170 172 174 176 176 175 178 179 180 180 181 181 181 183 184 184 183
nan nan nan nan nan nan nan nan nan nan nan nan nan nan 178 177 178 176 179 177 178 179 187 191 192 188 182 172 166 162 163 164 165 167 172 176 177 176 175 173 169 164 168 170 172 172 168 173 176 169 165 171 178 178 179 178 178 178 179 180 179 179 178 179 177 177 178 178 179 177 177 179 178 177 179 178 174 172 172 172 174 175 175 177 178 178 178 178 178 181 183 184 184 185
nan nan nan nan nan nan nan nan nan nan nan nan nan nan nan 174 177 180 180 180 184 186 187 190 187 182 177 180 176 167 158 153 150 156 163 171 177 179 178 175 175 173 172 168 173 175 176 174 175 176 176 178 180 180 181 179 179 179 181 181 180 180 180 180 179 179 180 180 179 178 178 180 180 180 180 179 176 174 172 171 172 172 175 176 175 176 174 172 178 182 182 183 184 183
nan nan nan nan nan nan nan nan nan nan nan nan nan nan nan nan nan nan 182 183 186 188 189 186 185 175 169 169 170 171 159 147 143 153 163 169 175 177 179 179 179 178 174 173 176 176 179 178 176 180 180 181 181 181 181 180 180 181 182 182 181 181 182 181 180 181 181 180 180 179 180 181 181 179 179 179 176 174 172 169 169 169 171 175 176 178 177 177 181 181 183 182 181 181
nan nan nan nan nan nan nan nan nan nan nan nan nan nan nan nan nan nan 182 183 184 186 186 183 179 174 169 165 165 171 161 151 157 163 168 169 170 174 178 178 180 181 179 179 179 179 180 181 181 181 181 181 181 182 182 182 182 183 183 184 185 184 182 181 178 181 182 181 182 180 180 180 180 180 179 179 175 174 172 168 169 171 170 173 176 178 179 178 177 180 179 176 178 178
