ecocropFuture/tif/c6/rcp585/ACCESS-CM2/tmin_12.asc
ncols        683
nrows        518
xllcorner    -87.691666666667
yllcorner    10.708333333333
cellsize     0.008333333333
NODATA_value  nan
[rows 294 to 335 of 518, columns 94 to 187 of 683]
218 218 217 215 215 214 213 214 213 212 210 208 210 213 215 214 210 210 208 210 213 217 220 219 219 219 219 219 219 219 220 220 220 221 221 222 222 222 222 223 223 223 223 223 223 222 222 223 223 223 223 223 224 224 224 224 225 224 225 225 225 225 225 225 225 224 224 224 224 224 224 223 221 222 221 221 220 219 217 216 215 212 214 214 213 210 213 217 214 214 211 206 204 205
219 219 218 217 217 216 215 216 216 216 215 215 215 216 215 213 206 201 200 201 204 211 217 218 219 219 219 219 219 219 219 219 220 221 221 222 222 222 222 223 223 223 223 223 223 222 222 223 223 223 223 224 224 224 224 224 225 224 225 224 224 225 225 225 224 224 224 224 224 224 224 223 222 221 219 220 220 219 218 214 216 215 216 217 216 216 217 218 218 215 215 209 206 206
220 220 219 219 218 217 217 218 218 218 218 218 217 217 215 213 208 198 188 193 196 208 216 218 218 218 218 218 219 218 218 217 219 221 221 222 222 222 222 222 222 222 223 222 222 222 222 222 223 223 223 223 224 224 224 224 224 224 224 224 225 224 224 224 224 224 224 224 224 224 224 223 222 221 217 217 218 216 216 218 219 215 218 219 219 217 219 219 220 218 217 214 211 209
221 220 220 220 219 219 218 219 219 219 219 218 218 217 215 213 207 197 193 197 202 212 216 217 217 216 217 217 218 217 217 217 217 220 221 222 222 222 222 223 223 222 222 222 222 222 222 222 222 223 223 224 224 224 224 224 224 225 225 225 225 224 225 224 224 224 224 224 224 224 224 224 224 222 218 217 216 217 216 217 220 219 219 219 220 217 218 219 220 219 215 206 205 211
221 221 220 220 220 220 220 220 220 220 219 219 218 217 215 213 210 205 205 205 209 213 215 216 215 214 215 214 214 216 216 215 216 219 219 220 222 222 222 222 222 222 222 222 221 221 221 222 222 223 223 224 224 224 225 225 225 225 225 225 225 225 225 225 224 224 224 225 224 224 224 224 224 223 219 218 218 218 219 219 220 220 220 220 221 220 220 220 220 218 211 205 203 210
222 222 221 221 221 221 220 220 220 220 219 218 217 217 216 214 214 212 211 212 213 214 214 213 211 211 212 212 212 214 213 214 216 218 219 220 222 222 220 220 221 222 222 222 221 221 221 222 222 223 223 224 224 224 225 225 225 225 225 225 225 225 225 225 225 225 225 225 225 225 225 225 224 224 223 219 219 220 220 220 220 221 220 220 222 222 221 221 220 218 214 210 208 210
222 222 222 221 221 221 221 220 219 219 218 218 217 216 216 215 215 214 213 213 213 213 213 208 203 207 207 207 208 209 211 213 216 219 220 221 222 222 221 220 221 222 221 221 221 221 221 222 222 223 223 224 224 224 225 225 225 225 225 225 225 225 225 225 225 225 225 225 225 225 225 225 225 224 223 219 218 219 219 220 221 221 220 221 222 220 222 221 221 220 217 214 213 212
222 222 222 222 221 220 220 219 219 218 218 217 217 216 215 215 215 214 213 213 212 211 211 208 202 202 199 198 202 205 205 210 214 217 220 221 222 223 222 220 221 221 221 221 221 221 221 222 222 223 223 224 224 224 225 225 225 225 225 225 225 225 225 225 225 225 225 225 225 225 225 225 225 224 223 222 220 221 221 220 221 221 221 222 222 220 220 222 221 221 221 218 215 215
222 222 222 221 221 220 220 219 219 218 218 217 216 216 215 215 214 214 213 212 210 210 209 206 198 198 190 194 195 193 193 202 211 216 219 221 222 223 222 220 220 220 220 220 220 221 221 221 222 223 223 224 225 225 225 225 225 225 225 225 225 225 225 225 225 225 225 225 226 226 226 226 226 226 225 225 223 222 223 223 221 221 222 222 222 221 218 222 222 222 221 220 219 219
222 222 222 221 221 220 220 219 218 218 217 217 216 215 215 214 213 213 212 211 211 210 208 206 203 194 181 185 183 183 187 199 211 217 219 222 223 223 223 222 220 219 219 219 220 220 221 222 222 223 223 224 225 225 225 225 226 226 226 226 226 226 226 226 226 226 226 226 226 227 227 227 227 227 226 226 225 225 224 223 223 221 221 222 223 223 222 223 222 222 221 221 219 218
222 222 222 221 221 220 219 219 218 217 217 217 216 215 214 214 213 212 211 210 210 209 207 207 204 194 186 180 175 181 194 205 213 220 222 222 223 223 222 221 220 218 218 219 219 220 221 222 222 223 224 224 225 225 225 226 226 226 226 226 226 226 226 226 227 227 226 227 227 227 228 228 228 228 227 227 226 226 226 224 224 223 220 220 222 222 223 223 223 222 222 221 219 215
223 222 222 221 221 220 219 219 218 217 217 216 216 215 214 214 213 213 212 211 211 209 208 207 205 201 194 189 188 192 200 208 216 221 223 223 223 222 222 220 219 217 218 219 219 220 221 222 222 223 223 224 225 226 226 226 226 226 226 227 227 227 227 227 227 227 227 227 228 228 228 229 229 228 228 227 227 226 226 225 224 225 224 222 220 222 223 223 222 222 222 222 221 219
223 222 222 221 220 220 219 218 218 217 217 216 216 215 215 215 214 213 212 211 211 210 209 208 206 204 202 199 200 202 205 207 218 222 223 223 219 218 219 218 217 218 217 219 219 220 221 221 222 223 224 225 225 226 226 226 227 227 227 227 227 227 228 228 228 228 228 228 229 229 229 230 230 229 229 228 227 227 226 226 225 225 224 223 220 222 223 223 221 221 222 222 221 219
223 222 222 221 220 220 219 218 218 217 217 216 216 216 215 215 214 213 212 213 212 211 210 210 209 208 206 204 206 209 210 216 219 222 224 224 220 218 212 216 222 225 220 219 219 219 220 222 223 223 224 225 226 226 226 227 227 227 227 228 228 228 228 228 228 228 229 229 229 230 230 230 231 230 229 229 228 227 227 226 226 225 224 224 223 224 224 224 223 223 222 223 222 221
223 222 222 221 221 220 219 219 218 218 217 217 217 216 216 215 215 214 213 213 212 212 212 212 211 211 209 196 201 213 216 219 221 223 225 225 223 220 212 217 224 224 221 217 216 217 218 219 222 223 224 226 226 227 227 227 228 228 228 228 229 229 229 229 229 229 229 229 230 230 230 231 231 230 230 229 228 227 227 226 226 225 225 224 224 224 224 224 223 223 222 223 222 223
223 223 223 222 221 220 220 219 219 218 218 218 217 217 216 216 215 215 214 214 213 213 213 213 213 213 214 209 211 218 219 220 222 224 225 225 225 222 222 224 225 224 219 212 212 214 214 216 218 224 225 226 227 227 228 228 229 229 229 229 229 229 230 230 230 230 230 230 230 230 231 231 231 230 230 229 228 228 227 226 226 225 225 225 224 224 224 224 224 223 223 223 223 223
224 223 222 222 221 221 220 219 219 219 219 218 218 218 217 217 216 216 215 215 215 214 214 214 214 215 216 217 219 222 221 222 224 225 225 226 227 226 223 225 225 221 212 204 201 206 212 214 218 223 225 227 227 228 229 229 229 230 230 230 230 230 230 230 230 230 230 230 231 231 231 231 231 230 230 229 229 228 227 227 226 226 225 224 224 224 224 224 224 223 223 224 224 224
224 223 223 223 222 221 220 220 220 220 219 219 219 218 218 218 217 217 216 216 216 215 215 215 215 216 217 218 218 221 222 223 224 226 227 227 227 228 227 226 222 214 206 189 179 196 209 214 219 220 226 227 228 229 229 230 230 230 230 231 231 231 231 231 231 231 231 231 231 231 231 231 231 231 230 229 229 228 227 227 226 225 225 224 224 224 224 224 224 223 223 224 224 224
224 224 223 223 222 222 221 221 221 220 220 220 220 219 219 218 218 218 218 217 217 217 217 216 216 217 218 219 220 221 223 223 225 226 227 227 228 228 228 227 223 216 203 186 173 193 208 213 218 223 227 228 229 229 230 230 231 231 231 231 231 232 232 232 232 232 231 231 231 231 231 231 231 231 230 230 229 228 228 227 226 225 225 224 224 224 224 224 224 223 223 223 223 224
225 223 223 223 223 222 222 222 222 221 221 221 220 220 219 219 219 219 219 218 218 218 217 217 217 218 217 219 221 222 223 224 225 226 227 228 228 229 229 229 227 220 210 201 196 200 208 210 217 223 227 229 229 230 230 231 231 231 231 232 232 232 232 232 232 231 231 231 231 231 231 231 231 231 230 230 229 229 228 228 227 226 226 225 225 224 224 224 223 223 223 223 223 224
225 225 223 223 223 223 223 222 222 222 222 221 221 221 220 220 220 220 219 219 219 219 218 218 218 219 219 220 221 222 224 224 226 226 227 228 229 229 230 230 229 226 220 216 213 208 208 211 218 227 229 229 230 230 231 231 231 231 231 232 232 232 232 232 231 231 231 231 231 231 231 231 231 231 231 230 230 230 229 229 228 227 226 226 225 225 224 224 223 223 223 223 224 224
224 224 222 223 224 224 223 223 223 223 223 222 222 221 221 221 221 221 220 220 220 220 219 219 219 220 221 221 221 223 224 225 226 227 228 229 230 230 230 231 231 230 228 227 225 220 218 218 223 229 230 230 230 231 231 231 232 232 232 232 232 232 231 231 231 231 231 231 231 231 231 231 231 231 231 231 230 230 230 229 229 228 227 227 226 225 224 223 223 223 224 224 224 225
222 221 221 223 224 224 224 224 224 224 223 223 222 222 222 222 222 222 221 221 221 221 220 220 221 221 222 222 223 223 224 225 225 227 228 230 230 231 231 231 231 231 231 231 230 230 230 229 230 231 231 231 231 231 231 232 232 232 232 232 232 231 231 231 231 231 231 231 231 231 231 231 231 231 231 231 231 231 230 230 229 229 228 228 227 226 225 224 223 223 223 224 225 225
220 221 222 224 225 225 225 225 224 224 224 224 223 223 223 223 223 222 222 222 222 222 221 221 222 222 223 223 223 222 225 226 225 226 229 230 231 231 232 232 232 232 232 232 232 232 232 232 232 232 232 232 232 232 232 232 232 232 232 231 231 231 231 231 231 231 231 231 231 231 231 231 231 231 231 231 231 231 231 231 230 230 229 228 227 226 225 224 223 223 223 224 225 225
217 218 221 225 225 226 225 225 225 225 225 224 224 224 224 224 223 223 223 223 223 222 222 222 223 223 223 223 224 224 225 226 226 226 228 230 231 232 232 232 233 233 233 233 233 232 232 232 232 232 232 232 232 232 232 232 232 232 231 231 231 231 231 231 231 231 231 231 231 231 231 231 231 231 231 231 231 231 231 231 231 230 230 229 228 227 226 224 223 223 223 224 225 226
221 219 220 224 226 226 226 226 225 226 225 225 225 224 224 224 224 224 224 223 223 223 223 223 223 224 224 224 225 225 226 226 226 227 228 230 231 231 232 232 232 232 232 233 233 233 232 232 232 232 232 232 232 232 232 232 232 231 231 231 231 231 231 231 231 231 231 231 231 231 231 231 231 231 231 231 231 231 231 231 231 230 230 229 228 227 226 225 223 223 223 225 226 227
226 226 221 221 226 227 226 226 226 226 226 226 225 225 225 225 225 225 224 224 224 224 224 224 224 225 225 225 226 226 226 227 227 227 227 229 230 231 231 232 232 232 232 232 232 233 232 232 232 232 232 227 225 232 232 232 232 231 231 231 231 231 231 231 231 231 231 231 231 231 231 231 231 231 231 231 231 231 231 231 231 231 230 229 228 227 226 225 224 224 224 226 227 227
227 225 226 225 223 227 225 226 227 227 227 226 226 226 226 226 226 225 225 225 225 225 225 225 225 225 226 226 226 226 227 227 227 227 227 228 229 231 231 231 232 232 232 232 232 232 232 232 232 232 232 230 230 232 232 232 232 231 231 231 231 231 231 231 231 231 231 231 231 231 231 231 231 231 231 231 231 231 231 231 231 231 231 230 229 227 226 225 224 225 225 226 228 228
227 228 225 227 227 228 227 224 225 227 227 227 226 226 226 226 226 226 226 226 225 225 225 225 226 226 226 227 227 227 227 227 227 227 227 228 229 230 231 231 231 232 232 232 232 232 232 232 232 232 232 232 232 232 232 232 231 231 231 231 231 231 231 231 231 231 231 231 231 231 231 231 231 231 231 231 231 231 231 231 231 231 231 230 229 228 227 226 225 225 226 228 228 229
230 230 229 228 228 228 228 227 225 225 227 227 227 227 227 227 227 226 226 226 226 226 226 226 226 227 227 227 227 228 227 227 227 227 227 228 228 229 230 231 231 231 232 232 232 232 232 232 232 232 232 232 232 232 232 232 231 231 231 231 231 231 231 231 231 231 231 231 231 231 231 231 231 231 231 231 231 231 231 231 231 231 231 230 229 228 227 226 225 226 227 228 229 230
231 230 229 228 229 229 228 227 227 227 228 228 228 228 228 227 227 227 227 227 226 227 227 227 227 227 227 227 228 228 228 228 228 228 228 228 228 229 230 230 231 231 231 231 232 232 232 232 232 232 232 232 232 232 232 232 232 232 232 232 231 231 231 231 231 231 231 231 231 231 230 230 230 231 231 231 231 231 231 231 231 231 231 231 229 228 228 227 226 227 228 229 229 230
232 231 231 230 230 228 228 228 227 228 228 228 228 228 228 228 228 227 227 227 227 227 227 227 227 227 228 228 228 228 228 228 228 228 228 228 228 229 229 230 230 230 231 231 231 231 231 231 231 231 232 232 232 232 232 232 232 232 231 231 231 231 231 231 230 230 230 230 230 230 230 230 230 230 230 231 231 231 231 231 231 231 231 231 230 229 228 228 228 228 229 229 230 230
232 232 232 231 230 230 229 229 228 229 229 228 228 228 228 228 228 228 228 228 228 228 228 228 228 228 228 228 228 228 228 228 228 228 228 228 228 228 229 229 229 229 230 230 230 231 231 231 231 231 231 231 231 231 231 232 232 231 231 231 231 231 231 230 230 230 229 229 229 229 229 229 229 230 230 230 231 231 231 231 231 231 231 231 230 229 229 229 229 229 229 230 230 231
232 232 232 230 231 231 231 230 229 229 229 229 228 229 229 229 228 228 228 228 228 228 228 228 228 228 228 228 228 228 228 228 228 228 228 228 228 228 228 228 228 228 228 229 230 230 230 230 230 231 231 231 231 231 231 231 231 231 231 231 231 231 230 230 230 229 229 229 229 228 229 229 229 229 230 230 231 231 231 231 231 231 231 231 230 230 230 230 230 230 230 230 231 231
233 233 232 232 232 232 232 231 231 230 229 230 229 229 229 229 229 229 229 229 229 229 229 228 228 229 229 229 229 229 229 228 228 228 228 228 228 228 228 227 227 227 227 227 227 229 229 230 230 230 230 231 231 231 231 231 231 231 231 231 231 230 230 230 229 229 228 227 227 227 227 228 228 229 229 230 230 231 231 231 231 231 231 231 231 230 231 231 231 231 231 231 231 231
nan nan 233 233 233 232 232 232 231 231 230 230 230 230 230 230 230 229 229 229 229 229 229 229 229 229 229 229 229 229 229 228 228 228 228 228 228 227 227 227 227 226 226 226 226 226 227 228 229 229 230 230 230 231 231 231 231 231 231 230 230 230 230 229 228 227 226 226 226 226 226 227 228 229 229 230 230 231 231 231 231 231 231 231 231 231 231 231 231 231 231 231 231 231
nan nan nan nan 233 233 232 232 232 232 231 231 231 231 231 230 230 230 230 230 230 229 229 229 229 229 229 229 229 229 229 228 228 228 228 227 227 227 227 226 226 226 226 225 225 224 224 225 226 227 228 229 230 230 230 230 230 230 230 230 230 229 228 228 227 224 224 224 223 224 226 227 228 229 229 230 230 231 231 231 231 231 231 231 231 231 231 231 231 231 231 231 231 231
nan nan nan nan nan 233 233 233 233 232 232 232 232 231 231 231 231 231 231 231 230 230 229 229 229 229 229 228 227 228 228 228 228 228 227 227 227 227 226 226 226 225 225 225 224 223 223 222 224 224 226 226 228 229 229 230 230 229 229 229 229 228 227 226 225 222 221 218 216 220 223 225 226 229 229 230 230 231 231 231 231 231 231 231 231 231 231 231 231 231 231 231 231 231
nan nan nan nan nan nan nan 234 234 233 233 233 232 232 232 232 232 232 231 231 231 231 230 229 229 229 229 228 227 228 228 228 228 227 227 227 226 226 226 225 225 225 225 225 224 223 223 222 221 222 224 223 224 226 227 229 229 229 229 228 228 227 226 225 223 220 215 219 218 214 216 220 226 229 229 230 230 231 231 231 231 231 231 231 231 231 231 231 231 231 231 231 231 231
nan nan nan nan nan nan nan nan 234 234 234 233 233 233 233 232 232 232 232 232 232 232 231 230 230 230 228 227 228 227 227 227 228 227 227 227 226 226 225 225 224 224 224 224 223 222 222 221 220 219 221 221 221 224 224 226 228 228 228 228 227 226 225 224 221 217 218 228 228 216 212 218 226 228 229 230 230 230 231 231 231 231 231 231 231 231 231 231 231 231 231 231 231 231
nan nan nan nan nan nan nan nan nan nan 234 234 234 234 233 233 233 232 233 232 232 232 232 230 230 229 228 227 227 228 227 227 227 227 227 226 226 226 225 225 224 224 223 223 222 222 221 220 220 219 219 219 218 219 221 223 226 227 227 227 227 226 225 223 221 218 215 223 225 218 219 221 225 228 229 230 230 230 230 231 231 231 231 231 231 231 231 231 231 231 231 231 231 231
nan nan nan nan nan nan nan nan nan nan nan 234 234 234 233 233 233 233 233 233 233 232 232 230 230 229 228 227 226 227 227 227 226 225 226 226 226 226 225 224 224 223 222 222 222 221 220 220 219 218 217 216 216 215 215 220 224 226 226 227 226 226 225 224 222 221 217 216 216 225 227 225 227 227 229 230 230 230 231 231 231 231 231 231 231 231 231 231 231 231 231 231 231 231
