ecocropFuture/tif/c6/rcp585/ACCESS-CM2/tmin_5.asc
ncols        683
nrows        518
xllcorner    -87.691666666667
yllcorner    10.708333333333
cellsize     0.008333333333
NODATA_value  nan
[rows 210 to 251 of 518, columns 188 to 281 of 683]
162 167 171 174 181 184 187 188 190 191 191 192 193 194 191 192 194 192 187 183 183 185 188 190 190 191 190 190 190 190 191 190 188 185 186 184 185 187 192 197 199 202 205 206 195 199 201 196 190 179 170 165 162 165 175 180 187 196 195 199 202 204 204 203 207 213 213 211 210 215 216 214 214 217 219 220 217 218 224 230 232 229 234 229 229 227 230 233 232 230 226 218 220 228
168 166 168 174 177 182 183 184 187 188 189 189 191 189 185 190 190 188 186 180 182 186 189 189 190 192 192 192 192 191 193 192 191 188 184 185 185 185 189 195 198 196 200 206 206 204 202 196 188 174 168 171 170 168 167 173 184 193 198 205 208 209 206 209 212 214 214 214 215 216 218 218 210 212 212 224 221 220 226 233 235 235 237 236 234 232 234 234 234 231 227 222 225 230
173 169 170 172 171 176 177 179 182 185 185 186 189 188 187 188 189 189 189 187 187 189 191 191 192 193 193 194 194 194 194 194 192 189 185 185 185 186 186 190 193 199 201 201 203 206 203 197 193 184 178 173 164 162 163 170 182 186 193 205 211 209 203 205 206 208 210 214 215 216 216 217 218 209 209 221 226 223 226 230 231 232 232 232 237 236 236 233 230 229 229 227 230 227
175 174 175 175 172 171 172 173 175 178 178 182 184 185 188 190 190 190 191 191 191 191 192 193 193 193 194 193 193 192 193 193 193 189 187 185 186 185 184 184 186 192 199 199 201 203 202 198 194 188 183 181 175 160 167 172 186 196 196 206 211 206 202 200 196 202 208 213 214 215 215 215 220 220 212 216 226 228 227 226 229 229 229 227 233 237 239 234 233 231 229 230 233 231
176 179 177 178 176 174 174 174 174 173 174 179 183 186 188 189 189 189 189 190 192 192 193 193 193 193 194 192 192 190 189 191 194 192 186 186 188 187 186 186 183 186 191 196 199 198 196 196 191 188 187 185 182 173 180 179 180 196 205 210 213 209 205 198 193 202 209 214 214 211 213 212 219 225 222 218 224 229 232 229 230 233 236 236 230 233 239 238 234 233 229 232 234 232
182 182 179 179 177 178 176 175 175 174 176 177 179 185 188 188 185 187 185 188 191 190 191 193 194 194 194 193 191 189 187 189 194 190 186 187 189 189 189 187 185 183 184 187 196 196 195 196 196 193 192 189 187 185 187 192 188 197 205 210 214 213 207 200 196 204 210 213 214 210 209 211 222 225 226 227 226 228 231 233 235 236 236 238 235 237 238 240 235 234 229 232 236 234
180 184 182 179 178 175 174 174 176 175 175 177 180 182 187 185 182 187 189 189 187 189 192 193 194 192 192 190 190 189 189 189 194 191 189 187 190 189 188 187 185 184 185 187 192 197 196 197 196 197 197 195 193 191 192 198 198 199 204 207 211 214 214 204 202 202 204 212 212 204 204 213 223 218 216 224 225 225 224 228 229 230 230 236 239 237 238 239 239 238 235 234 236 238
183 185 181 178 177 173 172 173 176 177 178 181 183 187 187 187 187 190 192 192 191 192 193 193 193 190 187 188 185 186 189 190 191 194 191 190 190 189 189 187 187 186 185 186 188 197 197 198 197 198 201 199 196 195 198 201 201 204 207 211 214 213 215 211 209 203 203 208 210 205 211 219 216 213 217 221 224 220 216 223 227 232 234 236 238 238 238 239 239 240 239 238 239 240
188 186 180 180 178 176 175 174 178 181 182 186 187 189 186 191 192 193 193 193 193 193 193 193 192 190 186 184 182 180 186 191 195 192 191 191 190 188 188 187 185 184 182 186 189 193 200 198 200 204 202 202 199 199 200 205 203 204 204 213 217 216 217 215 212 209 205 203 207 205 210 217 210 206 203 207 215 217 218 218 225 229 234 238 238 238 239 238 237 239 240 240 241 240
187 186 181 181 181 179 178 179 183 183 184 185 190 191 190 192 193 193 193 193 193 193 193 192 192 191 189 186 186 184 188 191 198 196 193 190 189 187 186 187 186 184 182 184 186 190 199 201 198 208 207 205 205 209 209 207 208 207 203 206 215 219 217 215 212 208 200 200 205 212 214 215 210 205 197 200 203 207 214 218 223 228 231 236 237 237 238 238 237 236 239 240 237 235
186 186 184 185 184 182 182 183 186 184 186 188 190 192 192 193 193 193 193 193 193 193 193 193 192 191 191 189 189 189 189 190 194 200 198 192 188 186 184 184 183 180 183 186 187 191 195 202 202 206 215 210 213 217 214 207 210 209 208 206 207 215 219 216 207 202 198 201 208 211 217 212 208 207 199 192 193 197 203 215 224 229 232 235 235 234 236 237 237 236 238 238 238 238
186 185 183 183 186 186 185 186 185 180 182 187 191 191 190 192 193 193 193 192 192 192 192 192 192 192 191 190 189 189 188 189 190 192 200 198 191 186 184 183 179 178 182 188 195 198 196 200 204 204 210 219 220 221 216 206 208 210 212 213 209 214 220 219 211 204 204 207 210 212 217 215 212 207 199 188 186 190 200 211 225 227 229 231 230 234 235 235 234 235 235 236 239 240
189 183 179 179 184 185 186 187 183 182 183 186 189 191 191 191 192 193 193 193 191 192 192 192 190 189 189 188 186 186 185 184 187 190 197 202 196 186 185 181 183 183 181 188 197 201 198 198 202 207 206 216 224 222 214 204 204 207 213 215 218 220 221 220 213 205 206 216 215 218 221 219 215 210 201 189 194 192 199 210 217 231 231 228 231 234 237 236 234 233 235 237 239 239
196 189 186 182 183 182 184 189 186 186 188 188 190 192 192 192 193 193 193 192 189 191 191 191 185 183 182 181 180 180 180 178 181 189 194 203 197 186 182 181 193 190 187 190 195 200 200 201 203 210 211 216 225 224 217 211 206 210 207 216 223 220 222 222 215 208 209 218 218 222 223 216 209 208 206 198 202 200 206 216 222 232 235 234 236 237 239 239 236 232 237 238 240 239
197 195 191 191 185 184 187 190 191 189 191 192 193 193 192 193 193 193 193 190 186 189 190 191 187 184 178 173 170 171 170 172 177 188 194 200 204 197 188 193 205 197 189 189 194 201 205 205 209 212 217 217 223 225 220 212 205 206 212 215 222 221 219 222 220 215 218 223 225 226 220 210 205 211 214 210 211 211 212 219 225 232 235 237 231 230 231 236 240 240 239 240 241 241
201 200 196 197 188 182 183 188 191 192 193 193 193 192 192 193 193 193 192 188 182 184 188 190 189 186 181 179 176 171 167 167 178 187 194 198 202 206 195 203 211 204 195 190 195 204 207 208 214 215 220 221 227 227 222 217 209 199 207 217 223 228 223 221 222 220 224 220 219 227 220 210 203 209 217 219 217 214 218 218 223 231 235 237 234 230 230 232 239 240 240 240 239 241
203 204 203 201 191 180 180 184 188 192 193 193 193 191 192 193 193 193 191 183 179 180 184 188 189 182 177 172 172 174 172 168 172 183 191 198 203 208 205 211 215 213 206 198 199 208 207 210 216 220 222 225 226 227 226 221 210 197 196 209 220 224 230 230 228 225 222 214 216 228 221 210 207 207 216 222 223 225 223 226 228 229 234 238 236 230 232 238 241 240 240 241 242 239
205 206 205 199 190 182 181 183 186 191 191 191 189 190 188 190 188 191 187 177 175 178 181 186 185 185 177 171 169 166 169 169 177 185 190 200 205 208 204 208 217 218 216 207 205 213 212 213 214 220 225 228 229 228 225 220 212 206 197 203 214 223 226 224 230 226 215 214 215 225 225 219 217 217 217 223 224 230 228 228 230 226 231 238 239 236 235 238 242 242 240 240 239 237
208 209 207 204 196 187 187 186 187 191 190 190 185 186 187 187 182 188 181 170 174 174 180 182 180 185 178 174 169 163 165 173 183 185 190 200 204 205 202 203 210 215 218 215 214 218 214 212 213 217 223 225 230 227 226 222 215 214 205 197 209 216 214 221 228 231 224 216 219 221 226 229 222 222 221 227 222 226 235 236 231 232 230 235 240 237 239 241 242 242 239 236 231 234
205 208 210 206 199 197 195 196 195 194 189 187 181 182 185 178 180 182 170 171 170 175 178 179 180 185 182 176 171 168 168 168 179 185 190 195 199 199 198 200 206 210 213 217 221 219 215 217 213 212 225 227 229 228 231 225 225 223 215 201 213 225 221 225 230 233 230 228 225 225 224 231 227 220 222 224 230 229 232 238 236 235 233 234 240 239 239 241 241 241 238 232 225 227
205 206 208 211 209 206 203 206 207 203 194 188 183 179 188 186 178 176 165 169 170 174 175 175 180 180 183 179 176 172 170 167 168 172 178 186 192 195 201 205 208 210 216 221 224 221 217 219 212 212 218 228 230 228 230 223 229 228 218 206 211 226 231 230 231 233 232 235 231 227 229 232 227 225 223 226 228 233 235 239 240 238 237 235 238 241 240 242 240 238 239 234 223 216
200 199 205 208 211 212 210 209 205 198 189 185 179 179 189 187 175 170 166 169 173 172 171 176 175 175 182 178 176 175 174 172 172 172 175 177 185 190 202 209 213 216 215 219 227 223 221 215 216 214 219 229 233 227 233 224 229 225 217 213 207 215 231 235 234 234 231 236 236 230 234 237 234 236 234 231 234 236 239 239 240 241 240 238 238 240 241 242 240 237 236 236 225 216
195 195 196 201 209 212 209 203 200 194 190 187 180 179 188 188 179 171 166 169 169 168 173 173 172 174 176 182 180 177 177 176 176 176 176 177 188 194 200 208 215 219 221 223 227 224 222 218 219 222 222 232 234 234 233 234 229 225 225 222 208 209 217 231 236 237 236 236 237 238 235 237 237 230 237 239 238 239 235 234 236 237 241 241 241 241 240 242 240 234 230 235 224 213
195 195 196 201 207 206 216 205 193 192 189 181 176 176 185 186 179 166 160 166 166 167 170 168 173 177 179 182 180 179 175 174 175 177 176 178 190 201 204 205 215 216 221 225 229 228 225 224 220 225 228 233 232 232 231 234 234 231 230 221 214 218 219 229 235 235 226 219 223 232 236 236 236 226 226 233 238 237 228 231 235 237 238 240 239 239 236 241 239 238 233 230 225 212
195 198 206 204 209 214 216 210 202 202 196 188 178 173 184 185 178 163 162 166 164 165 166 167 173 176 178 182 181 182 179 177 176 177 177 177 187 200 208 211 215 220 222 225 228 230 231 230 229 231 230 223 229 222 220 232 235 235 230 227 226 228 232 234 235 233 223 214 218 230 235 233 232 231 232 234 236 238 232 228 236 233 236 240 239 237 234 238 241 241 239 235 233 220
197 199 209 216 216 214 217 212 210 205 200 188 178 176 184 184 178 167 163 163 165 165 165 168 174 176 173 179 176 177 174 173 177 175 179 181 184 196 208 211 215 219 222 226 230 232 229 225 227 227 229 223 225 218 218 226 231 235 236 235 235 235 234 228 228 232 225 216 219 228 235 235 233 231 232 238 238 238 234 231 233 231 237 239 236 236 229 229 231 238 241 240 237 228
207 211 207 218 219 217 218 215 213 208 204 195 184 179 179 180 172 166 161 162 164 165 167 170 173 173 172 176 176 176 170 171 173 172 182 188 189 196 207 218 221 219 222 229 232 233 225 225 226 223 224 226 224 220 218 228 229 232 231 234 233 231 226 223 229 232 231 222 225 232 236 234 236 235 233 236 239 235 225 223 227 234 235 231 233 231 225 218 230 239 234 239 239 233
215 217 218 221 221 219 217 210 212 209 207 202 198 191 183 175 167 164 162 161 163 164 166 167 167 170 170 174 175 175 169 169 170 176 187 197 199 197 204 213 221 227 231 231 226 231 225 216 214 209 217 227 225 223 221 226 226 218 222 227 226 229 221 225 221 219 226 219 217 230 235 235 234 236 235 236 238 234 230 225 228 233 230 223 226 227 226 224 235 231 227 226 237 237
220 220 220 221 221 220 218 214 208 200 196 203 200 197 189 176 167 173 173 169 163 160 164 166 167 171 171 173 174 170 169 172 174 177 184 196 207 202 206 206 213 225 229 224 219 228 227 219 210 204 208 223 224 221 219 219 222 217 219 219 223 230 221 218 211 209 213 213 208 218 226 229 232 234 237 238 238 237 236 233 229 228 226 226 228 229 229 234 235 227 229 229 233 239
217 215 217 218 212 210 216 215 212 204 193 190 197 189 190 183 180 185 185 183 175 169 167 165 167 170 172 173 173 171 177 183 184 185 186 193 206 210 207 217 220 227 220 215 214 219 228 218 206 199 202 217 216 216 210 212 217 218 219 221 226 224 219 213 214 214 214 211 213 214 218 220 229 235 238 237 236 235 235 234 231 222 223 227 230 229 225 232 230 228 231 233 230 235
222 221 220 217 210 204 215 216 212 204 192 185 187 181 187 192 193 193 189 186 188 184 180 174 167 167 168 172 173 181 187 192 190 190 190 198 209 217 209 216 225 224 216 211 218 223 223 213 207 197 201 207 200 206 198 201 210 218 222 225 224 220 221 220 218 218 214 216 221 217 213 213 227 235 234 235 235 234 230 232 232 223 224 226 228 227 227 229 230 229 232 233 224 227
220 221 222 220 214 206 214 214 209 205 194 184 183 185 187 189 195 192 181 183 192 190 185 176 165 163 165 168 176 189 197 197 196 198 196 201 210 220 217 221 225 220 215 208 215 222 216 205 203 199 198 202 193 190 187 191 203 216 221 217 218 223 223 222 219 220 215 219 220 224 223 216 231 236 233 230 229 231 228 226 230 226 225 226 229 229 227 226 233 232 233 232 227 227
223 221 224 224 219 211 213 214 210 207 198 191 186 191 194 196 199 196 191 193 195 190 186 179 167 166 169 168 173 189 199 206 206 207 206 208 214 222 223 225 224 223 216 210 208 216 211 206 202 195 191 188 187 186 186 193 202 208 217 216 217 221 224 224 224 222 216 221 223 223 226 231 234 232 233 231 224 224 222 219 221 228 227 229 231 232 232 231 233 232 233 231 227 231
225 222 225 225 223 220 218 213 203 197 192 193 186 188 197 195 199 202 200 198 194 188 183 178 174 177 178 176 180 193 201 206 209 210 210 212 219 221 217 217 218 222 219 213 208 210 211 205 202 197 192 187 188 189 189 198 209 212 216 219 221 222 222 222 223 225 223 224 225 221 222 232 229 226 230 223 218 220 221 224 224 226 230 231 228 231 231 234 235 235 234 232 233 237
222 225 225 225 224 222 218 207 201 189 193 196 189 186 188 184 193 203 198 191 187 182 178 170 177 185 186 181 178 186 195 201 206 208 211 212 213 216 212 210 215 220 220 214 208 204 203 209 206 199 191 191 188 189 189 195 205 211 216 217 219 217 216 219 222 224 225 224 221 217 228 228 225 219 219 220 221 222 223 224 224 225 230 230 230 229 228 229 235 236 237 237 238 239
221 224 223 220 221 220 209 202 197 196 198 200 193 192 183 186 192 198 204 197 192 186 182 179 183 192 191 184 180 179 183 190 198 207 207 206 207 208 210 208 211 211 212 208 207 202 202 207 202 194 192 192 190 190 189 190 198 203 210 208 211 211 206 211 217 220 221 220 218 224 230 225 217 213 212 216 222 224 224 224 224 227 225 228 227 228 224 227 230 236 238 239 238 238
223 225 224 218 216 215 203 193 198 204 204 196 196 201 191 179 181 197 207 204 198 190 187 190 189 195 196 187 190 191 187 186 193 206 204 204 204 207 206 208 208 204 204 204 199 196 197 202 200 193 193 193 191 194 193 191 190 194 198 199 198 201 200 208 213 218 221 222 223 225 228 221 217 217 217 214 218 219 222 222 223 226 220 218 223 221 221 228 231 235 237 234 235 234
224 228 225 222 220 221 211 200 202 208 207 204 204 208 202 190 187 195 207 208 203 196 195 196 196 199 198 187 189 200 197 192 195 200 200 197 202 201 199 206 204 200 194 195 193 190 192 190 187 188 191 194 195 195 198 194 194 200 201 196 191 197 200 216 218 221 224 226 228 228 226 220 219 220 218 213 214 212 214 218 218 222 217 209 217 217 223 226 231 235 232 233 229 231
228 227 222 222 225 226 219 211 210 209 209 207 208 210 209 202 194 199 210 214 209 203 200 202 200 205 201 195 195 202 203 199 191 191 191 191 195 194 195 203 198 196 192 191 193 197 195 194 187 184 189 192 193 195 199 202 207 211 212 207 202 203 210 218 222 223 222 224 226 226 224 222 222 222 219 215 209 206 209 211 210 212 212 204 210 210 222 229 233 234 233 229 226 227
228 225 221 226 228 228 221 215 212 210 211 207 204 209 213 206 207 209 212 216 213 201 199 207 204 208 204 202 200 205 206 204 197 196 200 200 201 194 192 200 194 191 189 188 190 194 203 203 197 196 193 195 192 190 193 194 203 211 217 216 212 210 210 215 218 221 220 216 218 224 226 225 223 222 217 210 204 195 192 195 191 191 198 198 202 213 225 226 231 230 229 228 223 228
223 220 221 227 230 229 225 217 212 214 212 209 206 210 215 204 209 214 215 216 212 207 201 207 211 211 209 207 206 206 205 205 203 206 211 207 209 199 195 193 190 187 185 182 182 191 203 209 207 202 199 199 193 189 192 194 199 201 216 221 216 217 218 214 216 217 217 218 222 225 226 225 224 220 209 199 194 192 194 190 184 184 188 186 204 219 226 224 228 227 224 223 226 231
228 223 224 229 229 230 225 218 217 211 212 212 210 211 217 212 215 216 216 218 215 209 201 205 212 211 206 205 203 202 201 209 210 214 214 214 207 198 194 188 185 186 181 180 187 195 205 207 210 197 199 202 196 195 197 199 196 199 215 224 223 225 226 221 212 207 215 220 224 226 226 224 219 216 212 204 189 198 198 190 192 193 188 193 208 221 229 229 228 227 223 221 222 231
