ecocropFuture/tif/c6/rcp585/ACCESS-CM2/tmin_9.asc
ncols        683
nrows        518
xllcorner    -87.691666666667
yllcorner    10.708333333333
cellsize     0.008333333333
NODATA_value  nan
[rows 378 to 419 of 518, columns 188 to 281 of 683]
223 224 225 226 226 227 228 229 229 229 230 230 231 231 232 231 232 233 234 235 237 238 240 241 245 246 246 246 246 246 247 247 247 247 247 247 247 247 247 247 247 247 247 247 247 247 247 247 247 247 247 247 247 247 247 247 247 247 247 247 247 247 247 247 247 247 247 247 247 247 247 246 246 246 246 246 246 246 246 246 245 244 244 244 244 244 244 244 244 243 243 243 243 242
224 225 226 227 228 228 229 230 230 230 231 231 231 231 230 230 228 229 231 231 233 235 237 240 243 245 246 246 246 247 247 247 247 247 247 247 247 247 247 247 247 247 247 247 247 247 247 247 247 247 247 247 247 247 247 247 247 247 247 247 247 247 247 247 247 247 247 247 247 247 247 246 246 246 246 246 246 246 246 246 245 245 245 245 245 244 244 244 244 244 244 243 243 243
224 226 227 228 229 230 230 230 231 231 232 232 232 230 226 226 224 223 223 224 227 232 234 236 240 244 246 246 246 247 247 247 247 247 247 247 247 247 247 247 247 247 247 247 247 247 247 247 247 247 247 247 247 247 247 247 247 247 247 247 247 247 247 247 247 247 247 247 247 247 247 246 246 246 246 246 246 246 246 246 245 245 245 245 245 245 245 244 244 244 244 244 243 243
225 227 228 229 230 230 231 231 232 232 233 232 231 228 223 217 213 211 212 212 223 227 229 232 238 242 246 246 246 247 247 247 247 247 247 247 247 247 247 247 247 247 247 247 247 247 247 247 247 247 247 247 247 247 247 247 247 247 247 247 247 247 247 247 247 247 247 247 247 247 247 246 246 246 246 246 246 246 246 246 245 245 245 245 245 244 244 244 244 244 244 244 244 243
225 227 229 230 231 231 232 232 232 233 233 233 231 229 223 214 205 194 195 203 216 218 222 228 235 242 245 246 247 247 247 247 247 247 247 247 247 247 247 247 247 247 247 247 247 247 247 247 247 247 247 247 247 247 247 247 247 247 247 247 247 247 247 247 247 247 247 247 247 247 247 246 246 246 246 246 246 246 246 246 245 245 245 245 244 244 244 244 244 244 244 244 243 243
226 228 229 231 232 232 232 233 233 233 234 233 232 230 225 219 210 192 197 190 196 211 220 230 233 237 243 246 247 247 247 247 247 247 247 247 247 247 247 247 247 247 247 247 247 247 247 247 247 247 247 247 247 247 247 247 247 247 247 247 247 247 247 247 247 247 247 247 247 247 247 246 246 246 246 246 246 246 246 246 245 245 245 245 244 244 244 244 244 244 244 243 243 243
227 228 230 231 232 233 233 234 234 235 235 234 233 231 228 223 216 208 214 199 205 217 226 232 235 237 241 245 247 247 247 247 247 247 247 247 247 247 247 247 247 247 247 247 247 247 247 247 247 247 247 247 247 247 247 247 247 247 247 247 247 247 247 247 247 247 247 247 247 247 247 246 246 246 246 246 246 246 246 246 245 245 245 245 244 244 244 244 244 244 244 243 243 243
228 229 230 231 232 233 234 235 235 235 235 235 234 234 232 229 226 221 221 218 219 227 233 236 237 238 239 240 246 247 247 247 247 247 247 247 247 247 247 247 247 247 247 247 247 247 247 247 247 247 247 247 247 247 247 247 247 247 247 247 247 247 247 247 247 247 247 247 247 247 247 246 246 246 246 246 246 246 246 246 245 245 245 244 244 244 244 244 244 244 244 244 243 243
228 229 230 232 233 234 234 235 236 236 236 237 236 236 235 234 233 231 231 231 231 235 238 240 242 242 240 243 247 247 247 247 247 247 247 247 247 247 247 247 247 247 247 247 247 247 247 247 247 247 247 247 247 247 247 247 247 247 247 247 247 247 247 247 247 247 247 247 247 247 247 246 246 246 246 246 246 246 246 246 245 245 245 244 244 244 244 244 244 244 244 244 243 243
229 230 231 232 233 234 235 236 237 238 238 238 238 237 237 238 237 237 237 238 239 240 242 244 244 244 244 246 247 247 247 247 247 247 247 247 247 247 247 247 247 247 247 247 247 247 247 247 247 247 247 247 247 247 247 247 247 247 247 247 247 247 247 247 247 247 247 247 247 247 247 246 246 246 246 246 246 246 246 246 245 245 245 244 244 244 244 244 244 244 244 244 243 243
231 232 233 234 234 235 236 237 238 238 239 239 239 239 240 240 239 240 241 242 243 244 244 245 245 245 246 247 247 247 247 247 247 247 247 247 247 247 247 247 247 247 247 247 247 247 247 247 247 247 247 247 247 247 247 247 247 247 247 247 247 247 247 247 247 247 247 247 247 247 247 246 246 246 246 246 246 246 246 246 246 246 246 245 245 244 244 244 244 244 244 244 244 243
232 233 234 235 236 236 237 238 239 239 239 240 240 240 241 242 242 242 243 244 245 245 246 246 246 245 246 246 246 247 246 246 246 246 246 246 246 246 247 247 247 247 247 247 247 247 247 247 247 247 247 247 247 247 247 247 247 247 247 247 247 247 247 247 247 247 247 247 247 247 247 246 246 246 246 246 246 246 246 246 246 246 246 245 245 244 244 244 244 244 244 244 244 243
233 234 235 236 237 237 238 238 239 240 240 241 241 241 242 242 243 243 244 245 245 245 246 246 246 246 246 246 246 247 246 246 246 246 246 246 246 246 245 247 247 247 247 247 247 247 247 247 247 247 247 247 247 247 247 247 247 247 247 247 247 247 247 247 247 247 247 247 247 247 246 246 246 246 246 246 246 246 246 246 246 246 246 245 245 244 244 244 244 244 244 244 244 244
235 236 236 237 238 238 239 239 240 240 241 241 241 242 242 243 243 244 244 245 245 245 246 246 246 246 247 246 247 247 246 246 245 245 245 245 245 246 240 245 247 247 247 247 247 247 247 247 247 247 247 247 247 247 247 247 247 247 247 247 247 247 247 247 247 247 247 247 247 247 246 246 246 246 246 246 246 246 246 246 246 246 246 245 245 244 244 244 244 244 244 244 244 244
236 237 237 238 238 239 240 240 240 241 241 242 242 242 243 243 243 243 244 244 245 245 246 246 246 247 247 247 247 247 247 244 241 241 241 241 239 241 241 245 247 247 247 247 247 247 247 247 247 247 247 247 247 247 247 247 247 247 247 247 247 247 247 247 247 247 247 247 247 246 246 246 246 246 246 246 246 246 246 246 246 246 246 245 245 244 244 244 244 244 244 244 244 244
237 238 238 239 239 240 240 241 241 242 242 242 242 243 243 243 243 243 243 244 244 245 246 246 246 247 247 247 247 246 244 241 238 241 241 235 230 231 237 244 247 247 247 247 247 247 247 247 247 247 247 247 247 247 247 247 247 247 247 247 247 247 247 247 247 247 247 247 247 246 246 246 246 246 246 246 246 246 246 246 246 246 246 245 245 245 245 245 245 245 244 244 244 244
238 239 239 240 240 241 241 241 242 242 242 243 243 243 243 244 243 243 243 244 245 245 246 247 247 247 247 247 247 246 243 239 233 236 237 230 224 222 232 241 246 247 247 247 247 247 247 247 247 247 247 247 247 247 247 247 247 247 247 247 247 247 247 247 247 247 247 247 247 246 246 246 246 246 246 246 246 246 246 246 246 246 246 245 245 245 245 245 245 245 244 244 244 244
239 239 240 240 241 241 242 242 242 242 243 243 243 243 244 244 243 244 244 245 245 245 246 247 247 247 247 247 247 247 247 242 236 233 234 231 230 228 233 241 247 247 247 247 247 247 247 247 247 247 247 247 247 247 247 247 247 247 247 247 247 247 247 247 247 247 247 247 247 246 246 246 246 246 246 246 246 246 246 246 246 246 246 245 245 245 245 245 245 245 244 244 244 244
239 240 240 241 241 242 242 242 243 243 243 243 243 244 244 244 244 244 244 245 245 246 247 247 247 247 248 248 247 247 247 246 242 242 240 241 241 239 238 242 247 247 247 247 247 247 247 247 247 247 247 247 247 247 247 247 247 247 247 247 247 247 247 247 247 247 247 247 247 246 246 246 246 246 246 246 246 246 246 246 246 246 246 245 245 245 245 245 245 245 244 244 244 244
240 240 241 241 241 242 242 242 243 243 243 244 244 244 244 244 245 245 245 245 246 246 247 247 247 248 248 248 248 247 246 246 247 247 247 247 247 246 244 245 247 247 247 247 247 247 247 247 247 247 247 247 247 247 247 247 247 247 247 247 247 247 247 247 247 247 247 247 247 246 246 246 246 246 246 246 246 246 246 246 246 246 246 245 245 245 245 245 245 245 244 244 244 244
239 239 240 240 240 240 240 241 243 243 243 243 244 244 245 245 245 245 245 246 246 246 247 247 247 248 248 248 248 247 247 247 248 248 248 248 248 248 248 247 247 247 247 247 247 247 247 247 247 247 247 247 247 247 247 247 247 247 247 247 247 247 247 247 247 247 247 247 247 246 246 246 246 246 246 246 246 246 246 246 246 246 246 246 245 245 245 245 245 245 245 245 245 245
237 237 239 238 239 239 241 241 242 242 243 242 244 244 245 245 245 245 246 246 246 246 247 247 247 247 247 248 248 248 247 248 248 248 248 248 248 248 248 248 248 248 248 247 247 247 247 247 247 247 247 247 247 247 247 247 247 247 247 247 247 247 247 247 247 247 247 247 247 247 246 246 246 246 246 246 246 246 246 246 246 246 246 246 245 245 245 245 245 245 245 245 245 245
235 235 237 236 238 241 242 243 243 243 244 244 244 245 245 245 245 245 246 246 246 246 246 247 247 246 247 248 248 248 248 248 248 248 248 248 248 248 248 248 248 248 248 248 247 247 247 247 247 247 247 247 247 247 247 247 247 247 247 247 247 247 247 247 247 247 247 247 247 247 246 246 246 246 246 246 246 246 246 246 246 246 246 245 245 245 245 245 245 245 245 245 245 245
234 234 234 235 235 239 241 243 244 244 244 244 245 245 245 245 245 246 246 246 246 246 246 247 247 247 246 248 248 248 248 248 248 248 248 248 248 248 248 248 248 248 248 248 247 247 247 247 247 247 247 247 247 247 247 247 247 247 247 247 247 247 247 247 247 247 247 247 247 247 246 246 246 246 246 246 246 246 246 246 246 246 246 245 245 245 245 245 245 245 245 245 245 245
231 236 235 236 239 240 240 242 243 243 243 244 243 243 244 244 245 246 246 246 246 246 247 247 247 247 246 246 246 248 248 248 248 248 248 248 248 248 248 248 248 248 248 248 248 247 247 247 247 247 247 247 247 247 247 247 247 247 247 247 247 247 247 247 247 247 247 247 247 247 246 246 246 246 246 246 246 246 246 246 246 246 246 245 245 245 245 245 245 245 245 245 245 245
233 237 237 239 240 239 240 241 242 241 241 241 240 240 240 243 245 246 246 246 246 247 247 247 247 247 247 246 246 247 248 248 248 248 248 248 248 248 248 248 248 248 248 248 248 248 247 247 247 247 247 247 247 247 247 247 247 247 247 247 247 247 247 247 247 247 247 247 247 247 246 246 246 246 246 246 246 246 246 246 246 246 246 245 245 245 245 245 245 245 245 245 245 245
238 239 235 237 240 238 239 241 241 240 240 240 240 241 241 244 245 246 246 246 246 247 247 247 247 247 247 247 247 247 248 248 248 248 248 248 248 248 248 248 248 248 248 248 248 248 248 247 247 247 247 247 247 247 247 247 247 247 247 247 247 247 247 247 247 247 247 247 247 247 246 246 246 246 246 246 246 246 246 246 246 246 246 245 245 245 245 245 245 245 245 245 245 245
239 239 235 236 238 241 240 239 241 240 241 242 241 242 244 245 246 246 246 246 246 247 247 247 247 247 247 247 248 248 248 248 248 248 248 248 248 248 248 248 248 248 248 248 248 248 248 248 247 247 247 247 247 247 247 247 247 247 247 247 247 247 247 247 247 247 247 247 247 247 246 246 246 246 246 246 246 246 246 246 246 246 246 245 245 245 245 245 245 245 245 245 245 245
241 240 238 240 239 243 243 242 241 240 241 241 242 244 245 245 246 246 246 246 246 246 247 247 247 247 247 248 248 248 248 248 248 248 248 248 248 248 248 248 248 248 248 248 248 248 248 248 247 247 247 247 247 247 247 247 247 247 247 247 247 247 247 247 247 247 247 247 247 246 246 246 246 246 246 246 246 246 246 246 246 246 246 246 245 245 245 245 245 245 245 245 245 245
242 243 242 243 243 244 244 244 243 243 240 240 244 244 245 245 246 246 246 246 246 246 247 247 247 247 247 248 248 248 248 248 248 248 248 248 248 248 248 248 248 248 248 248 248 248 248 248 248 247 247 247 247 247 247 247 247 247 247 247 247 247 247 247 247 247 247 247 247 246 246 246 246 246 246 246 246 246 246 246 246 246 246 246 245 245 245 245 245 245 245 245 245 245
242 244 244 245 244 243 242 243 242 241 240 243 244 243 245 245 246 246 245 245 245 246 247 247 247 247 247 248 248 248 248 248 248 248 248 248 248 248 248 248 248 248 248 248 248 248 248 248 248 247 247 247 247 247 247 247 247 247 247 247 247 247 247 247 247 247 247 247 247 246 246 246 246 246 246 246 246 246 246 246 246 246 246 246 246 245 245 245 245 245 245 245 245 245
244 245 245 244 242 242 243 244 244 243 243 244 245 244 245 245 245 245 245 243 245 246 246 247 247 247 247 248 248 248 248 248 248 248 248 248 248 248 248 248 248 248 248 248 248 248 248 248 248 247 247 247 247 247 247 247 247 247 247 247 247 247 247 247 247 247 247 247 247 246 246 246 246 246 246 246 246 246 246 246 246 246 246 246 246 245 245 245 245 245 245 245 245 245
245 245 243 244 244 244 244 242 242 243 243 244 244 244 245 245 244 244 243 243 245 246 246 246 247 247 247 247 248 248 248 248 248 248 248 248 248 248 248 248 248 248 248 248 248 248 248 248 248 248 247 247 247 247 247 247 247 247 247 247 247 247 247 247 246 247 247 247 247 246 246 246 246 246 246 246 246 246 246 246 246 246 246 246 246 245 245 245 245 245 245 245 245 245
246 244 242 242 243 244 243 240 239 242 243 242 243 243 243 243 241 240 240 244 245 244 245 245 246 246 247 247 248 248 248 248 248 248 248 248 249 248 248 248 248 248 248 248 248 248 248 248 248 248 248 247 247 247 247 247 247 247 246 246 246 246 246 246 246 246 246 246 246 247 246 246 246 246 246 246 246 246 246 246 246 246 246 246 246 246 245 245 245 245 245 245 245 245
243 242 240 240 241 241 242 239 240 239 241 242 244 243 241 240 239 239 241 244 244 243 243 243 244 245 247 247 247 248 248 248 248 248 248 248 249 248 248 248 248 248 248 248 248 248 248 248 248 248 248 248 247 247 247 247 246 246 245 244 245 245 245 245 245 246 246 246 246 246 246 246 246 246 246 246 246 246 246 246 246 246 246 246 246 246 245 245 245 245 245 245 245 245
242 241 240 240 238 240 239 239 241 238 240 244 244 242 238 239 241 242 241 242 243 244 243 242 242 244 246 247 247 247 248 248 248 248 248 248 249 249 248 248 248 248 248 248 248 248 248 248 248 248 248 247 247 247 246 245 244 244 243 242 242 243 243 243 244 245 246 246 246 246 246 246 246 246 246 246 246 246 246 246 246 246 246 246 246 246 245 245 245 245 245 245 245 245
242 240 239 241 242 241 238 241 242 239 242 244 243 242 239 240 242 242 240 241 243 244 244 243 241 244 246 247 247 247 247 248 248 248 248 248 249 249 249 248 248 248 248 248 248 248 248 248 248 248 248 247 247 245 244 243 242 242 240 238 238 239 241 242 243 244 244 245 246 246 246 246 246 246 246 246 246 246 246 246 246 246 246 246 246 246 245 245 245 245 245 245 245 245
241 240 241 243 243 240 239 243 241 241 244 244 241 240 240 238 241 242 242 241 243 244 242 242 242 244 245 246 247 247 247 247 248 248 248 248 249 249 249 249 248 248 248 248 248 248 248 248 248 248 248 247 245 243 243 241 240 238 235 232 231 233 237 239 240 243 244 245 246 246 246 246 246 246 246 246 246 246 246 246 246 246 246 246 246 246 245 245 245 245 245 245 245 245
241 241 243 243 244 243 242 244 239 244 245 242 241 239 237 237 238 241 243 243 244 244 243 243 243 245 245 246 247 247 247 247 248 248 248 248 248 249 249 249 249 248 248 248 248 248 248 248 248 248 248 247 244 242 241 240 237 233 226 217 215 222 230 234 237 241 243 245 245 246 246 246 246 246 246 246 246 246 246 246 246 246 246 246 246 246 245 245 245 245 245 245 245 245
245 245 245 245 243 243 245 243 240 245 244 240 241 241 239 237 237 239 240 242 243 243 244 245 245 245 246 246 247 247 247 247 247 248 248 248 248 248 248 249 249 248 248 248 248 248 248 248 248 248 247 246 243 241 241 239 235 228 213 197 189 202 221 233 238 240 243 245 245 246 246 246 246 246 246 246 246 246 246 246 246 246 246 246 246 246 245 245 245 245 245 245 245 245
245 245 244 244 244 245 246 243 245 246 243 242 241 236 237 233 234 236 239 242 240 240 241 243 245 245 246 246 246 247 247 247 247 247 248 248 248 248 248 248 249 248 248 248 248 248 248 248 248 248 247 245 242 240 240 238 233 225 210 187 170 194 219 232 237 240 243 245 245 246 246 246 246 246 246 246 246 246 246 246 246 246 246 246 246 246 245 245 245 245 245 245 245 245
243 243 244 244 244 246 246 246 246 246 244 243 240 239 233 231 237 240 240 241 239 235 235 240 242 244 245 246 246 247 247 247 247 247 248 248 248 248 248 248 248 249 248 248 248 248 248 248 248 248 247 245 243 241 240 238 233 228 218 203 192 205 221 233 237 240 242 244 245 246 246 246 246 246 246 246 246 246 246 246 246 246 246 246 246 246 245 245 245 245 245 245 245 245
