ecocropFuture/tif/c6/rcp585/ACCESS-CM2/tmin_1.asc
ncols        683
nrows        518
xllcorner    -87.691666666667
yllcorner    10.708333333333
cellsize     0.008333333333
NODATA_value  nan
[rows 126 to 167 of 518, columns 94 to 187 of 683]
nan nan nan nan nan nan nan nan nan nan nan nan nan nan nan nan nan nan nan nan nan nan nan nan nan nan nan nan nan nan nan nan nan nan nan nan nan nan nan nan nan nan nan nan nan nan nan nan nan nan nan nan nan nan nan nan nan nan nan nan nan nan nan nan nan nan nan nan nan nan nan nan nan nan nan nan nan nan nan nan nan nan nan nan nan nan 141 148 147 144 151 150 144 150
nan nan nan nan nan nan nan nan nan nan nan nan nan nan nan nan nan nan nan nan nan nan nan nan nan nan nan nan nan nan nan nan nan nan nan nan nan nan nan nan nan nan nan nan nan nan nan nan nan nan nan nan nan nan nan nan nan nan nan nan nan nan nan nan nan nan nan nan nan nan nan nan nan nan nan nan nan nan nan nan nan nan nan nan nan nan 137 147 155 157 158 155 152 156
nan nan nan nan nan nan nan nan nan nan nan nan nan nan nan nan nan nan nan nan nan nan nan nan nan nan nan nan nan nan nan nan nan nan nan nan nan nan nan nan nan nan nan nan nan nan nan nan nan nan nan nan nan nan nan nan nan nan nan nan nan nan nan nan nan nan nan nan nan nan nan nan nan nan nan nan nan nan nan nan nan nan nan nan nan 127 136 146 154 158 162 163 162 162
nan nan nan nan nan nan nan nan nan nan nan nan nan nan nan nan nan nan nan nan nan nan nan nan nan nan nan nan nan nan nan nan nan nan nan nan nan nan nan nan nan nan nan nan nan nan nan nan nan nan nan nan nan nan nan nan nan nan nan nan nan nan nan nan nan nan nan nan nan nan nan nan nan nan nan nan nan nan nan nan nan nan nan nan nan 124 133 145 154 154 158 163 165 167
nan nan nan nan nan nan nan nan nan nan nan nan nan nan nan nan nan nan nan nan nan nan nan nan nan nan nan nan nan nan nan nan nan nan nan nan nan nan nan nan nan nan nan nan nan nan nan nan nan nan nan nan nan nan nan nan nan nan nan nan nan nan nan nan nan nan nan nan nan nan nan nan nan nan nan nan nan nan nan nan nan nan nan 124 123 128 139 145 151 146 153 153 159 166
nan nan nan nan nan nan nan nan nan nan nan nan nan nan nan nan nan nan nan nan nan nan nan nan nan nan nan nan nan nan nan nan nan nan nan nan nan nan nan nan nan nan nan nan nan nan nan nan nan nan nan nan nan nan nan nan nan nan nan nan nan nan nan nan nan nan nan nan nan nan nan nan nan nan nan nan nan nan nan nan nan nan 131 135 133 138 144 149 146 143 145 152 161 167
nan nan nan nan nan nan nan nan nan nan nan nan nan nan nan nan nan nan nan nan nan nan nan nan nan nan nan nan nan nan nan nan nan nan nan nan nan nan nan nan nan nan nan nan nan nan nan nan nan nan nan nan nan nan nan nan nan nan nan nan nan nan nan nan nan nan nan nan nan nan nan nan nan nan nan nan nan nan nan nan nan 142 142 145 142 141 140 142 147 151 147 157 164 168
nan nan nan nan nan nan nan nan nan nan nan nan nan nan nan nan nan nan nan nan nan nan nan nan nan nan nan nan nan nan nan nan nan nan nan nan nan nan nan nan nan nan nan nan nan nan nan nan nan nan nan nan nan nan nan nan nan nan nan nan nan nan nan nan nan nan nan nan nan nan nan nan nan nan nan nan nan nan nan nan 149 143 142 151 146 142 138 143 152 155 155 160 167 169
nan nan nan nan nan nan nan nan nan nan nan nan nan nan nan nan nan nan nan nan nan nan nan nan nan nan nan nan nan nan nan nan nan nan nan nan nan nan nan nan nan nan nan nan nan nan nan nan nan nan nan nan nan nan nan nan nan nan nan nan nan nan nan nan nan nan nan nan nan nan nan nan nan nan nan nan nan nan nan 153 152 144 148 155 152 148 144 148 154 154 160 166 169 170
nan nan nan nan nan nan nan nan nan nan nan nan nan nan nan nan nan nan nan nan nan nan nan nan nan nan nan nan nan nan nan nan nan nan nan nan nan nan nan nan nan nan nan nan nan nan nan nan nan nan nan nan nan nan nan nan nan nan nan nan nan nan nan nan nan nan nan nan nan nan nan nan nan nan nan nan nan nan nan 149 155 152 153 158 154 150 155 159 158 156 163 168 170 170
nan nan nan nan nan nan nan nan nan nan nan nan nan nan nan nan nan nan nan nan nan nan nan nan nan nan nan nan nan nan nan nan nan nan nan nan nan nan nan nan nan nan nan nan nan nan nan nan nan nan nan nan nan nan nan nan nan nan nan nan nan nan nan nan nan nan nan nan nan nan nan nan nan nan nan nan nan nan 142 144 151 158 158 159 157 152 158 162 163 162 167 170 170 171
nan nan nan nan nan nan nan nan nan nan nan nan nan nan nan nan nan nan nan nan nan nan nan nan nan nan nan nan nan nan nan nan nan nan nan nan nan nan nan nan nan nan nan nan nan nan nan nan nan nan nan nan nan nan nan nan nan nan nan nan nan nan nan nan nan nan nan nan nan nan nan nan nan nan nan nan nan 145 143 146 152 157 161 161 160 157 162 163 166 166 169 170 171 171
nan nan nan nan nan nan nan nan nan nan nan nan nan nan nan nan nan nan nan nan nan nan nan nan nan nan nan nan nan nan nan nan nan nan nan nan nan nan nan nan nan nan nan nan nan nan nan nan nan nan nan nan nan nan nan nan nan nan nan nan nan nan nan nan nan nan nan nan nan nan nan nan nan nan nan 151 150 149 144 151 155 156 156 160 164 164 165 164 168 167 169 171 171 171
nan nan nan nan nan nan nan nan nan nan nan nan nan nan nan nan nan nan nan nan nan nan nan nan nan nan nan nan nan nan nan nan nan nan nan nan nan nan nan nan nan nan nan nan nan nan nan nan nan nan nan nan nan nan nan nan nan nan nan nan nan nan nan nan nan nan nan nan nan nan nan nan nan nan nan 155 153 148 146 149 153 157 158 161 163 166 167 165 166 169 170 171 171 171
nan nan nan nan nan nan nan nan nan nan nan nan nan nan nan nan nan nan nan nan nan nan nan nan nan nan nan nan nan nan nan nan nan nan nan nan nan nan nan nan nan nan nan nan nan nan nan nan nan nan nan nan nan nan nan nan nan nan nan nan nan nan nan nan nan nan nan nan nan nan nan nan nan 139 146 153 155 152 151 152 152 155 157 159 163 166 168 168 168 170 171 171 171 170
nan nan nan nan nan nan nan nan nan nan nan nan nan nan nan nan nan nan nan nan nan nan nan nan nan nan nan nan nan nan nan nan nan nan nan nan nan nan nan nan nan nan nan nan nan nan nan nan nan nan nan nan nan nan nan nan nan nan nan nan nan nan nan nan nan nan nan nan nan nan nan nan 143 142 147 152 158 156 155 154 153 154 157 161 165 167 167 169 170 170 171 171 171 168
nan nan nan nan nan nan nan nan nan nan nan nan nan nan nan nan nan nan nan nan nan nan nan nan nan nan nan nan nan nan nan nan nan nan nan nan nan nan nan nan nan nan nan nan nan nan nan nan nan nan nan nan nan nan nan nan nan nan nan nan nan nan nan nan nan nan nan nan nan nan nan nan 145 146 148 152 157 160 159 157 155 156 158 162 166 168 169 169 171 171 171 172 170 166
nan nan nan nan nan nan nan nan nan nan nan nan nan nan nan nan nan nan nan nan nan nan nan nan nan nan nan nan nan nan nan nan nan nan nan nan nan nan nan nan nan nan nan nan nan nan nan nan nan nan nan nan nan nan nan nan nan nan nan nan nan nan nan nan nan nan nan nan nan nan nan nan 145 146 151 152 156 161 163 160 157 157 159 163 167 168 169 171 171 171 172 171 170 163
nan nan nan nan nan nan nan nan nan nan nan nan nan nan nan nan nan nan nan nan nan nan nan nan nan nan nan nan nan nan nan nan nan nan nan nan nan nan nan nan nan nan nan nan nan nan nan nan nan nan nan nan nan nan nan nan nan nan nan nan nan nan nan nan nan nan nan nan nan nan nan nan 149 145 148 152 154 160 164 166 163 161 162 167 169 169 170 171 172 172 172 171 169 164
nan nan nan nan nan nan nan nan nan nan nan nan nan nan nan nan nan nan nan nan nan nan nan nan nan nan nan nan nan nan nan nan nan nan nan nan nan nan nan nan nan nan nan nan nan nan nan nan nan nan nan nan nan nan nan nan nan nan nan nan nan nan nan nan nan nan nan nan nan nan nan nan 150 148 149 149 152 157 160 165 168 168 167 170 171 169 170 172 172 170 171 169 165 160
nan nan nan nan nan nan nan nan nan nan nan nan nan nan nan nan nan nan nan nan nan nan nan nan nan nan nan nan nan nan nan nan nan nan nan nan nan nan nan nan nan 135 134 137 128 nan nan nan nan nan nan nan nan nan nan nan nan nan nan nan nan nan nan nan nan nan nan nan nan nan nan 150 152 148 145 148 152 152 155 163 167 169 172 172 172 172 173 172 169 168 170 168 165 162
nan nan nan nan nan nan nan nan nan nan nan nan nan nan nan nan nan nan nan nan nan nan nan nan nan nan nan nan nan nan nan nan nan nan nan nan nan nan nan nan 141 138 132 129 136 135 nan nan nan nan nan nan nan nan nan nan nan nan nan nan nan nan nan nan nan nan nan nan nan nan 144 143 148 154 151 154 153 153 157 163 167 169 171 173 172 174 172 169 168 170 170 167 165 158
nan nan nan nan nan nan nan nan nan nan nan nan nan nan nan nan nan nan nan nan nan 174 170 168 164 162 163 161 163 nan nan nan nan 150 nan nan nan 143 142 138 138 143 140 135 141 140 139 nan nan nan nan nan nan nan nan nan nan nan nan nan nan nan nan nan nan nan nan nan nan nan 139 143 149 153 157 159 155 155 159 165 168 170 172 173 174 173 168 166 170 172 169 164 161 162
nan nan nan nan nan nan nan nan nan nan nan nan nan nan nan nan nan nan nan nan 181 175 171 166 162 160 160 157 159 161 157 155 152 144 141 143 141 134 133 139 137 137 145 143 145 142 137 137 nan nan nan nan nan 117 115 117 nan nan nan nan nan nan nan nan nan nan nan nan nan 129 135 142 149 154 157 159 161 159 161 161 166 169 171 173 174 173 171 170 172 172 168 162 158 164
nan nan nan nan nan nan nan nan nan nan nan nan nan nan nan nan nan 195 187 180 178 175 171 168 164 158 155 153 157 155 154 149 146 145 139 136 136 135 134 136 136 133 139 147 146 146 140 135 133 123 118 116 118 117 115 110 118 nan nan nan nan nan nan 114 123 nan nan nan 127 123 132 138 147 151 154 159 162 165 166 164 167 171 172 173 172 172 174 174 174 173 166 161 164 167
nan nan nan nan nan nan nan nan nan nan nan nan nan nan nan nan 191 191 185 181 178 173 172 169 167 162 158 155 155 154 151 145 149 146 139 140 148 145 142 139 137 140 138 142 149 148 143 142 140 130 118 116 119 119 120 109 108 103 101 105 101 103 113 111 119 121 120 123 129 124 133 141 140 149 150 152 156 162 166 169 170 170 172 172 169 168 172 175 175 173 170 168 170 169
nan nan nan nan nan nan nan nan nan nan nan nan nan nan nan nan 196 188 185 181 176 173 169 171 168 166 163 161 156 153 147 141 148 150 145 149 150 147 143 142 142 145 142 140 144 150 144 145 143 135 120 115 121 125 125 114 118 115 105 110 108 109 119 115 118 128 121 123 136 135 140 143 146 151 154 153 155 160 166 169 170 171 171 169 168 166 168 173 176 173 168 171 173 172
nan nan nan nan nan nan nan nan nan nan nan nan nan nan nan nan 193 195 188 184 179 174 171 170 170 168 166 162 161 156 151 145 150 153 154 152 148 145 141 145 145 148 144 140 141 144 150 149 142 129 123 119 125 128 130 123 123 127 120 121 120 113 121 128 122 125 132 130 136 142 143 149 153 153 155 157 159 161 165 168 170 169 169 169 170 168 166 171 176 174 167 170 174 175
nan nan nan nan nan nan nan nan nan nan nan nan nan nan nan nan nan 197 193 189 186 180 172 169 171 170 168 166 164 159 152 145 148 155 155 154 149 148 147 150 150 150 147 140 141 144 149 150 138 131 129 131 130 134 133 128 132 134 132 128 119 116 120 133 133 130 136 141 141 147 148 151 153 156 156 157 160 162 165 168 168 166 165 168 169 171 170 169 174 176 170 172 175 176
nan nan nan nan nan nan nan nan nan nan nan nan nan nan nan nan nan 200 197 194 191 183 175 171 175 172 170 169 165 159 151 145 150 157 157 156 154 153 154 153 149 148 147 143 140 143 147 153 149 142 139 133 138 138 141 135 135 140 137 129 122 120 123 134 141 137 141 146 146 149 152 153 153 155 158 159 160 163 166 168 167 165 164 164 167 169 172 173 173 176 175 175 177 178
nan nan nan nan nan nan nan nan nan nan nan nan nan nan nan nan nan 200 199 197 194 189 180 178 175 174 173 170 164 156 147 150 154 158 158 157 157 156 155 153 148 145 146 141 138 140 145 152 155 148 141 140 138 143 147 141 140 143 135 135 132 125 128 131 144 142 144 150 152 153 154 156 156 157 158 161 161 162 166 166 166 166 165 161 165 170 172 174 176 176 177 177 177 176
nan nan nan nan nan nan nan nan nan nan nan nan nan nan nan nan nan 200 199 198 196 194 188 182 179 178 173 167 157 147 149 154 157 160 160 158 157 157 155 153 150 145 141 142 135 136 139 145 156 156 152 151 145 147 150 148 141 146 137 142 137 130 135 136 145 150 147 148 155 156 154 155 159 157 158 159 162 164 166 167 167 168 167 164 166 170 172 174 175 174 173 175 175 174
nan nan nan nan nan nan nan nan nan nan nan nan nan nan nan nan 200 200 199 198 196 191 188 184 182 179 172 163 146 144 152 156 159 159 158 154 149 153 153 150 146 142 137 138 133 135 138 140 147 159 159 157 150 152 154 153 150 152 145 147 140 139 142 146 148 154 151 150 150 157 159 154 159 161 158 158 161 165 167 168 167 169 169 168 167 170 172 174 175 174 173 173 174 176
nan nan nan nan nan nan nan nan nan nan nan nan nan nan nan nan 198 200 200 198 194 191 186 184 180 176 169 157 148 151 151 156 161 159 157 151 146 154 157 153 146 142 139 140 139 142 138 144 151 156 163 161 156 153 156 159 152 157 154 153 151 145 151 153 154 157 152 155 153 152 157 158 160 160 160 159 163 167 168 169 168 168 169 169 168 170 172 173 174 173 170 171 174 176
nan nan nan nan nan nan nan nan nan nan nan nan nan nan nan 192 197 193 196 195 195 191 188 182 174 168 169 155 151 153 158 161 160 160 158 152 146 154 160 158 155 150 147 147 147 150 147 147 154 161 165 161 158 160 158 162 161 162 160 160 159 156 154 155 159 159 158 159 162 161 163 163 162 164 164 164 165 166 168 169 170 168 169 171 170 170 172 172 174 174 171 171 174 176
nan nan nan nan nan nan nan nan nan nan nan nan nan nan nan 187 193 187 186 182 182 183 188 182 176 170 169 160 154 147 155 161 162 160 160 155 152 153 160 160 157 151 154 152 152 149 157 155 156 163 167 165 159 160 164 166 165 162 161 163 162 162 161 161 163 163 164 165 165 166 167 167 167 167 167 166 165 166 167 167 170 170 170 170 171 172 173 174 175 175 173 173 175 175
nan nan nan nan nan nan nan nan nan nan nan nan nan nan 191 183 187 182 173 166 166 169 182 183 179 175 175 168 154 150 153 153 163 162 161 162 158 157 160 164 157 152 157 159 155 152 160 159 160 164 168 166 162 156 161 166 167 168 168 168 164 166 167 166 166 165 166 167 167 167 168 169 167 164 168 167 165 163 164 166 168 168 169 171 172 172 173 174 174 175 176 176 176 176
nan nan nan nan nan nan nan nan nan nan nan nan nan nan 177 178 177 174 169 162 163 172 180 187 184 180 177 165 155 150 149 153 160 166 165 166 165 163 164 166 161 156 157 161 161 159 162 164 165 160 164 169 166 162 163 167 169 170 170 171 169 169 169 169 168 167 168 168 169 168 169 169 169 166 167 169 165 162 163 165 167 167 166 170 171 172 172 173 173 172 175 176 177 175
nan nan nan nan nan nan nan nan nan nan nan nan nan nan 170 169 169 168 171 169 170 171 180 184 185 181 175 163 158 154 155 156 156 158 163 168 168 167 167 164 161 155 159 162 164 163 160 165 168 160 157 163 170 170 171 170 170 171 171 172 171 171 171 171 169 169 169 170 170 169 169 171 170 168 170 170 166 164 164 163 166 166 167 169 170 170 169 170 170 173 175 176 177 177
nan nan nan nan nan nan nan nan nan nan nan nan nan nan nan 166 169 172 172 172 176 178 180 183 180 174 169 172 168 159 151 146 144 148 155 162 168 170 169 167 167 165 163 160 164 167 167 166 167 168 168 171 173 172 173 172 172 172 173 174 173 172 172 172 171 171 172 172 171 170 170 172 171 171 171 170 168 166 164 162 164 163 166 167 167 167 165 163 169 174 174 176 176 175
nan nan nan nan nan nan nan nan nan nan nan nan nan nan nan nan nan nan 174 176 178 181 182 178 177 167 161 161 162 162 151 141 137 146 155 160 166 169 171 171 170 170 166 165 168 168 171 170 168 172 173 173 173 173 174 173 173 174 174 175 174 174 175 174 172 173 173 172 171 171 171 172 173 171 171 170 168 166 163 160 160 160 163 167 168 169 168 169 173 172 175 174 173 173
nan nan nan nan nan nan nan nan nan nan nan nan nan nan nan nan nan nan 174 175 176 178 179 176 171 166 160 157 157 162 153 144 150 155 160 161 161 165 169 170 172 172 171 171 171 171 172 173 174 173 174 174 174 175 175 175 175 175 175 177 178 177 175 173 170 173 174 173 174 172 172 171 172 172 171 170 166 166 163 160 160 162 161 165 167 169 171 170 169 172 170 168 170 170
