ecocropFuture/tif/c6/rcp585/ACCESS-CM2/tmin_11.asc
ncols        683
nrows        518
xllcorner    -87.691666666667
yllcorner    10.708333333333
cellsize     0.008333333333
NODATA_value  nan
[rows 84 to 125 of 518, columns 376 to 469 of 683]
214 215 215 219 221 220 219 219 220 219 220 220 220 223 224 225 225 225 225 225 225 225 225 224 223 224 224 225 225 225 225 225 225 224 223 225 226 226 226 226 226 226 226 226 226 226 226 226 226 226 225 226 226 226 226 226 226 225 225 225 225 225 225 225 225 224 224 224 224 224 224 224 224 224 224 225 224 224 223 223 224 224 225 225 226 227 226 227 228 228 228 227 227 228
210 210 212 216 220 221 218 218 220 220 220 220 220 222 224 225 225 225 225 225 225 225 225 224 224 224 224 224 224 225 225 225 225 225 226 226 226 227 227 226 226 226 225 225 225 226 226 226 226 225 226 226 226 226 226 226 226 225 225 225 225 225 225 225 224 224 224 224 224 224 224 225 225 225 224 224 224 224 224 224 223 224 225 225 226 227 226 225 228 228 225 222 225 227
212 213 217 220 221 222 218 216 219 219 217 217 219 220 223 225 225 225 225 225 224 224 224 224 223 223 223 223 224 225 225 226 225 225 225 226 226 227 227 227 226 226 225 225 225 226 226 225 225 225 225 226 226 226 226 226 226 225 225 225 224 225 225 225 224 224 224 224 224 224 224 224 224 224 224 224 225 224 224 224 224 224 225 226 227 227 227 227 227 227 226 222 224 227
216 216 219 219 220 222 221 221 221 220 216 219 221 222 224 224 224 225 225 224 222 224 224 223 223 222 223 224 224 224 225 224 222 224 225 226 226 226 226 227 227 226 226 226 226 226 226 226 225 225 226 226 226 226 226 226 226 225 225 225 225 225 225 224 224 224 224 224 224 224 224 224 224 224 224 225 225 225 225 225 225 225 226 226 226 227 227 227 226 227 227 226 226 227
219 216 219 218 218 221 221 222 222 223 223 224 222 224 224 224 225 225 225 225 224 224 223 223 223 223 224 223 217 218 222 225 224 225 225 226 226 226 226 226 227 227 227 227 226 226 226 226 226 225 225 225 226 226 226 226 226 225 224 225 225 224 224 224 224 224 224 224 224 224 224 224 224 224 224 225 225 225 226 226 226 226 226 226 226 227 227 227 226 227 227 227 226 227
220 216 217 218 217 221 221 221 220 222 224 224 224 222 223 224 224 225 225 225 224 224 223 223 224 224 223 218 210 216 224 225 225 226 226 226 226 226 226 226 226 227 227 226 222 224 226 226 226 226 226 225 225 225 226 226 226 225 225 225 225 225 224 224 224 224 224 224 224 224 224 224 224 224 224 225 225 226 226 226 226 226 226 226 227 227 227 226 226 227 227 226 226 227
222 214 214 216 219 221 223 221 219 220 224 224 224 223 223 223 224 225 225 224 224 224 224 224 224 223 220 215 214 221 224 225 226 226 227 227 227 227 227 226 226 227 227 226 219 220 226 227 227 226 226 226 226 225 226 225 225 224 225 225 224 224 224 224 224 224 224 224 224 224 224 224 224 225 225 225 225 226 226 226 226 226 227 227 227 227 226 226 226 227 227 227 227 228
223 216 216 216 220 223 223 218 218 217 224 225 224 224 224 223 222 225 225 225 224 224 224 223 223 223 221 219 221 224 223 224 226 227 227 227 226 227 227 227 227 227 227 227 225 224 224 226 226 226 226 226 226 225 225 225 225 224 225 224 224 224 224 224 224 224 224 224 224 224 224 224 224 225 225 226 226 226 226 226 226 227 227 227 227 226 226 226 227 226 227 227 228 228
222 222 222 221 222 223 224 221 223 222 224 225 224 225 224 223 223 225 225 225 224 224 224 223 221 217 212 210 212 219 224 226 226 227 227 226 226 227 227 227 227 227 227 227 227 226 225 225 226 226 227 226 226 226 225 225 225 224 224 224 224 224 224 224 224 224 224 224 224 224 224 225 225 225 225 226 226 226 226 226 226 226 227 227 226 226 226 226 227 227 226 227 227 228
222 223 223 223 223 224 224 223 224 224 224 224 225 225 225 225 225 225 225 224 224 223 222 218 216 209 201 203 212 220 224 225 226 226 225 225 226 227 227 227 227 227 227 228 228 227 227 227 227 227 227 226 226 226 226 226 226 225 224 224 224 224 224 224 224 224 224 224 224 224 225 225 225 225 225 226 226 226 226 226 226 226 227 226 226 226 227 227 227 227 227 227 227 228
224 223 223 224 224 224 224 224 224 224 224 224 225 225 225 225 225 225 224 224 219 211 212 205 206 207 205 209 212 216 219 224 226 226 225 225 226 227 227 227 227 227 227 228 228 228 228 227 227 227 227 227 226 226 226 226 226 225 224 224 224 224 224 224 224 224 224 224 224 225 225 225 225 225 226 226 226 226 226 226 226 226 226 226 226 226 226 227 227 227 227 228 228 228
223 223 223 223 224 224 224 224 224 223 223 222 224 225 225 225 225 224 224 223 216 207 210 207 203 204 212 217 219 220 220 221 223 226 226 226 226 226 227 227 227 227 227 227 228 228 228 228 228 227 227 227 227 226 226 226 226 224 224 224 224 224 224 224 224 224 224 224 225 225 225 225 226 226 226 226 226 226 226 226 226 226 226 226 226 226 226 227 227 227 227 228 228 228
223 223 223 223 223 223 223 224 223 222 223 224 224 224 225 225 224 224 224 223 221 219 216 213 208 213 214 214 214 215 222 225 225 226 228 228 227 226 227 227 227 227 228 228 228 228 228 228 228 228 227 227 227 226 226 226 226 224 224 224 224 224 224 224 224 224 224 225 225 225 225 226 226 226 226 226 226 226 226 226 226 226 226 225 225 226 226 226 227 227 227 227 228 228
222 223 223 222 223 223 222 223 224 221 222 222 224 224 225 225 224 224 224 221 217 218 220 214 214 218 215 217 214 209 213 220 222 227 228 228 228 228 228 228 227 227 227 228 228 228 228 228 228 228 228 227 227 227 226 226 226 225 225 224 224 224 224 224 224 225 225 225 225 226 226 226 226 226 226 226 226 226 226 226 226 226 226 226 226 227 227 227 227 227 227 228 228 228
223 223 223 222 223 223 223 224 223 221 219 220 222 224 224 225 224 223 222 223 222 222 221 221 221 221 222 222 218 213 214 220 223 226 227 228 228 228 228 228 228 228 228 228 228 228 228 228 228 228 228 227 227 226 226 226 226 225 225 224 224 224 224 224 224 224 225 224 224 225 226 225 225 225 225 225 226 226 226 226 226 226 226 226 226 227 227 227 227 227 227 228 228 228
223 223 223 222 223 223 223 224 223 221 218 220 222 224 224 224 224 221 218 219 221 221 224 225 224 225 225 225 224 223 221 222 223 225 227 228 228 228 228 228 228 228 228 228 228 228 228 228 228 228 227 227 227 226 226 226 226 224 224 224 224 224 224 224 224 224 224 223 224 225 225 225 225 225 225 225 226 226 226 226 226 226 226 226 226 227 226 227 227 227 227 227 227 228
223 223 223 222 222 223 223 223 223 223 221 218 220 223 224 224 221 220 219 221 223 223 222 224 226 227 227 227 227 227 227 227 226 226 228 229 228 228 228 228 228 228 228 228 228 228 228 228 228 228 227 227 226 226 226 226 225 224 224 224 224 224 224 224 224 223 224 224 224 224 225 225 225 225 225 225 225 225 226 226 226 226 226 226 226 226 226 227 227 227 227 227 227 228
223 223 223 223 222 222 223 220 222 223 221 217 216 217 223 221 220 222 223 222 224 225 225 224 226 228 228 227 227 225 227 229 228 228 229 229 229 228 228 228 229 229 228 228 228 228 228 228 228 228 227 227 226 226 225 225 225 224 224 224 224 224 223 224 224 223 224 224 224 224 225 225 225 225 225 225 225 226 226 226 226 226 226 226 226 226 227 227 227 227 227 227 227 227
222 222 222 222 222 221 222 222 221 223 221 216 213 211 221 217 220 222 224 224 225 227 227 227 228 228 229 229 229 228 228 229 229 229 229 229 229 229 229 229 229 229 229 228 228 228 228 228 228 228 227 227 226 224 225 225 224 223 223 223 223 223 223 223 224 223 223 224 224 224 224 225 225 225 224 225 225 226 226 226 226 226 226 226 226 226 226 226 227 227 227 227 227 227
223 223 223 223 223 222 223 223 222 220 221 219 217 217 220 222 224 224 225 226 227 227 228 228 228 228 228 227 227 227 228 228 229 229 229 228 228 228 229 229 228 228 228 229 228 229 228 228 228 228 227 226 226 226 226 225 224 222 222 222 223 223 223 223 223 223 223 223 223 224 224 224 224 224 224 225 225 225 225 225 225 226 226 226 226 226 226 227 227 227 227 228 227 227
224 223 224 223 223 220 221 224 223 222 221 221 220 221 222 223 222 221 224 225 226 226 226 227 227 228 227 228 225 225 226 228 229 229 228 228 227 228 229 228 228 228 228 228 228 228 228 228 228 228 227 226 226 226 226 226 225 224 224 223 223 223 223 223 222 223 223 223 223 223 224 224 224 224 224 225 225 225 225 225 225 226 226 227 227 227 227 227 227 227 228 228 228 228
224 224 224 221 217 215 219 223 223 222 221 221 222 222 223 223 223 225 226 226 227 227 227 227 228 228 228 229 228 228 228 229 229 229 228 227 228 228 229 228 228 228 228 228 228 228 228 228 228 228 227 227 227 226 225 225 224 224 223 223 224 223 223 223 222 222 223 222 223 223 223 223 223 224 224 224 224 225 225 225 225 226 227 227 227 227 227 227 227 227 227 228 228 228
224 224 222 216 218 214 217 221 222 222 222 222 219 222 222 223 224 226 226 227 227 228 228 228 229 229 229 229 229 229 229 229 229 228 229 228 228 229 229 228 228 228 228 228 228 228 228 228 228 228 228 228 227 227 226 226 225 224 224 224 224 224 223 223 222 222 222 222 222 222 222 221 222 224 223 223 223 224 224 223 225 225 226 227 227 227 227 227 227 227 227 227 228 228
223 223 222 221 219 217 219 221 222 221 219 217 221 220 223 225 226 226 227 227 226 227 228 228 228 229 229 229 228 229 229 229 228 227 227 228 229 228 228 228 227 227 228 228 228 228 228 228 228 228 228 228 228 228 227 227 226 224 226 224 222 222 222 222 221 221 220 221 221 221 222 221 222 224 223 223 222 221 222 222 222 226 227 227 227 227 227 227 227 227 227 227 227 227
222 218 214 210 206 208 212 215 217 220 217 218 220 222 224 226 226 227 227 227 228 228 229 228 228 228 228 229 229 228 229 229 229 228 228 228 229 228 228 228 228 227 227 227 228 227 228 228 228 228 229 228 228 228 228 228 227 225 226 224 224 220 216 218 216 217 218 219 220 219 221 221 222 223 223 222 221 221 220 221 223 224 226 227 227 227 227 226 226 227 227 227 227 227
213 206 203 198 199 203 211 215 216 218 220 222 223 224 225 227 227 227 227 227 227 228 228 228 228 227 227 227 228 229 229 228 229 228 228 228 228 228 228 228 228 228 228 228 228 228 228 227 228 228 228 229 228 228 228 228 228 227 226 225 224 222 218 217 217 217 218 220 220 217 220 222 222 222 222 221 219 219 222 223 223 224 225 226 226 225 225 224 223 225 227 227 225 223
206 204 209 203 193 208 216 217 220 221 224 225 225 226 227 227 227 226 227 227 226 226 227 227 227 227 227 226 227 228 228 228 228 228 228 227 227 228 228 228 228 228 228 228 228 228 228 228 228 228 228 228 228 229 228 228 228 227 227 226 226 224 224 222 223 223 224 222 217 215 218 221 222 222 220 219 220 222 223 224 224 225 225 226 225 224 225 225 224 226 227 227 225 223
209 211 211 203 194 201 210 217 222 220 218 223 226 227 226 227 227 226 222 225 226 226 227 227 226 225 223 221 223 226 227 228 227 225 226 227 227 228 228 228 228 228 228 228 228 228 228 228 228 228 228 228 228 229 229 228 228 227 227 227 226 226 225 225 225 224 223 218 217 214 216 219 218 220 219 222 223 223 224 225 225 225 224 225 225 226 226 226 227 226 227 227 227 226
215 215 207 201 197 196 201 211 221 224 222 226 227 227 227 227 226 226 224 226 226 226 226 226 225 224 221 221 220 224 227 226 226 225 225 228 228 227 228 228 228 228 228 228 228 228 228 228 228 228 228 228 228 228 228 229 228 227 227 227 227 226 225 224 224 223 223 222 223 222 223 221 217 220 222 223 224 225 225 225 225 225 224 225 226 226 226 227 227 227 227 227 227 227
220 214 205 201 199 197 207 217 221 221 225 226 226 227 227 227 226 226 226 226 225 225 226 226 224 225 224 226 227 225 226 225 226 227 225 227 227 228 228 228 229 228 228 228 228 228 228 228 228 227 228 228 228 228 228 229 229 227 227 227 227 227 226 226 224 223 222 224 225 225 225 224 223 223 224 224 225 226 226 226 226 225 225 226 226 226 227 227 227 227 227 227 227 227
220 218 212 206 201 206 215 222 224 222 223 226 227 227 227 227 226 226 226 225 226 225 225 224 224 225 226 224 227 226 225 226 226 228 227 226 228 228 228 228 228 228 228 228 228 228 228 228 228 227 228 228 228 228 228 229 229 227 227 227 227 227 227 227 226 225 226 228 227 227 227 225 224 225 225 225 225 225 226 226 226 226 226 227 227 227 228 228 228 228 227 227 227 227
218 214 207 211 207 212 221 224 224 225 224 226 227 227 227 226 226 226 226 226 226 226 225 224 224 225 227 225 226 227 228 227 227 228 228 227 227 228 228 228 228 228 228 228 228 228 228 228 227 227 228 228 228 228 228 229 229 228 228 228 228 228 228 228 228 228 228 228 228 228 228 227 226 226 226 225 225 225 226 226 227 227 227 227 227 228 228 228 228 227 227 227 227 227
214 217 217 212 210 217 223 225 225 226 226 226 227 227 227 226 226 226 227 226 226 227 227 225 226 227 228 228 228 228 229 229 228 228 228 228 228 228 228 228 228 229 228 228 228 228 228 228 228 228 228 228 228 228 228 229 229 228 228 228 228 228 228 228 228 228 228 228 228 229 229 228 228 227 228 227 227 226 226 227 227 227 228 228 228 228 228 228 228 228 228 227 227 228
213 211 221 219 214 220 225 226 226 227 227 227 227 226 227 227 226 226 227 226 227 228 227 227 228 228 228 229 229 229 229 229 229 228 228 228 228 228 229 229 229 229 228 228 228 228 228 228 228 227 228 227 228 228 228 229 229 228 228 229 228 228 228 228 228 228 229 228 229 229 228 228 228 228 228 228 228 227 227 227 227 227 228 228 228 228 229 229 228 228 228 228 228 229
221 216 220 223 224 226 226 227 226 227 227 227 226 225 225 226 225 226 226 225 226 225 224 225 227 226 228 228 228 228 229 229 229 228 229 229 228 228 228 229 229 229 228 228 228 228 228 228 227 227 228 228 228 228 228 229 229 228 228 228 228 228 228 228 228 228 228 228 229 229 228 228 228 228 228 228 228 228 227 227 228 228 228 228 228 228 228 228 229 228 228 228 228 229
224 225 226 226 226 226 226 226 227 228 228 227 226 225 223 220 218 219 220 220 221 225 226 227 228 227 227 228 228 228 228 229 229 229 229 229 229 229 228 228 229 229 229 229 228 228 228 228 227 228 228 228 228 229 229 229 229 228 228 229 228 228 228 228 228 228 229 229 229 228 228 229 229 228 228 228 228 228 228 227 227 228 228 227 226 224 225 228 228 228 228 228 228 229
223 221 224 227 227 226 227 226 226 227 228 224 222 223 220 219 219 213 211 212 214 221 226 226 226 227 228 228 228 229 229 229 228 229 229 229 229 229 229 228 229 229 229 229 229 228 228 228 227 228 229 229 229 229 229 229 229 228 228 228 228 228 228 228 228 228 229 229 229 228 229 229 229 229 229 228 228 228 228 228 228 228 228 227 222 222 226 228 228 228 228 227 228 227
220 221 225 227 228 228 228 227 226 228 228 222 217 217 214 220 227 223 219 218 216 218 223 225 226 226 225 227 227 228 229 229 229 229 229 229 229 229 229 229 229 229 229 229 229 229 228 228 228 228 229 229 229 229 229 228 227 228 228 228 228 228 228 228 228 228 228 229 229 229 229 229 229 229 228 228 228 228 229 229 228 228 228 225 225 226 227 228 228 227 226 226 225 225
219 222 225 226 227 228 228 228 229 229 226 224 223 221 220 226 226 227 228 226 225 223 219 220 223 226 225 224 225 227 229 229 230 229 229 229 230 230 230 230 230 229 229 229 229 229 229 229 228 228 228 229 229 229 229 229 229 228 228 229 229 228 228 228 228 228 228 228 229 229 229 230 229 229 228 228 227 227 229 229 229 228 227 224 226 228 228 229 228 227 226 225 225 225
223 221 221 225 227 226 227 229 229 228 223 224 227 226 226 228 226 227 228 229 229 223 220 220 221 226 227 225 228 227 229 229 230 230 230 228 228 230 229 229 230 230 229 229 229 229 229 228 228 228 229 229 229 229 229 229 230 229 229 229 229 229 229 229 228 228 228 229 229 229 229 230 229 228 229 228 228 229 229 229 229 229 229 229 229 228 229 229 228 226 226 225 225 225
214 216 219 222 225 223 225 227 229 228 223 225 227 227 228 227 227 228 229 229 229 227 226 222 222 226 228 228 229 229 229 229 230 230 230 229 228 229 229 229 229 230 230 229 229 229 229 229 229 229 228 228 229 229 229 229 229 228 229 229 229 229 229 229 229 229 228 229 229 229 229 229 229 229 229 229 229 229 229 229 229 229 229 229 228 228 228 229 227 227 226 225 226 227
206 210 217 224 222 219 225 228 229 227 225 225 228 227 228 226 227 229 228 223 224 229 229 228 228 228 226 226 228 229 229 229 230 230 230 228 228 229 230 230 229 230 230 230 229 229 229 229 229 229 229 227 229 229 229 229 229 228 229 229 229 229 229 229 229 229 229 229 229 229 229 229 229 229 229 229 229 229 229 229 229 229 229 229 229 228 229 228 228 227 226 226 225 226
