ecocropFuture/tif/c6/rcp585/ACCESS-CM2/tmin_10.asc
ncols        683
nrows        518
xllcorner    -87.691666666667
yllcorner    10.708333333333
cellsize     0.008333333333
NODATA_value  nan
[rows 210 to 251 of 518, columns 94 to 187 of 683]
nan 226 223 218 211 210 207 205 206 208 210 203 202 204 205 204 200 199 194 200 208 213 216 216 211 208 197 193 198 195 192 186 192 193 186 192 201 208 203 202 205 208 202 190 190 187 182 180 176 180 186 186 188 190 193 194 190 190 190 191 188 186 189 190 192 194 199 198 194 185 178 182 178 175 175 172 171 174 173 178 185 188 188 183 187 187 184 185 185 182 176 168 162 162
227 226 223 218 217 215 212 212 212 209 214 210 211 210 206 204 205 208 198 197 204 207 209 218 213 203 193 195 200 200 197 197 198 193 184 190 201 208 210 208 212 211 201 192 196 195 193 190 183 180 181 179 182 184 188 191 189 183 183 184 186 186 188 190 192 194 199 198 192 186 180 178 175 172 171 171 170 171 175 180 182 182 184 183 180 181 178 179 176 175 173 168 163 165
230 228 225 222 218 212 213 217 218 212 217 217 214 208 203 205 208 214 208 199 198 201 212 220 215 206 200 200 204 206 206 200 196 190 184 196 203 208 214 213 215 207 199 201 204 198 199 196 191 181 177 178 180 177 177 184 190 187 185 185 188 188 188 190 193 193 196 198 194 193 185 178 181 176 173 170 170 169 173 175 177 176 177 177 173 173 173 173 170 172 171 169 168 168
229 227 226 223 218 213 214 219 221 218 218 219 216 212 208 207 212 216 212 204 201 206 213 219 220 216 208 200 202 210 206 197 189 184 189 199 205 209 211 215 215 204 203 210 205 205 202 197 192 187 185 183 175 175 174 183 185 187 187 186 188 188 189 192 193 193 194 197 197 197 191 181 183 181 177 173 169 168 169 170 170 170 170 171 168 170 176 180 180 179 177 174 173 173
229 229 226 221 217 214 217 219 222 220 221 221 219 217 215 215 217 217 212 207 207 214 218 221 221 211 206 199 205 212 205 195 188 187 192 203 209 214 215 218 217 207 208 213 209 205 201 200 197 198 194 191 180 179 177 176 179 182 186 187 189 189 189 191 193 193 193 194 196 197 192 188 188 183 179 177 171 169 170 170 168 168 168 169 168 168 173 182 186 184 181 179 176 177
231 229 226 223 222 222 224 223 224 220 223 220 221 222 220 221 220 215 218 216 211 217 221 223 221 214 212 207 211 212 204 196 194 196 192 200 209 215 219 221 220 217 215 215 209 203 201 205 201 203 202 198 191 183 175 175 178 182 185 187 189 190 190 190 191 194 195 195 197 196 193 192 190 186 182 176 173 173 173 170 168 168 172 175 173 171 176 181 188 185 184 185 178 179
231 229 228 227 222 220 222 227 227 223 226 221 220 223 224 223 222 221 220 223 219 220 220 223 220 219 219 218 215 208 204 200 205 202 197 202 210 211 220 223 219 216 213 216 212 208 204 207 205 202 197 197 194 187 179 177 178 181 185 187 190 190 190 190 191 192 195 197 196 193 189 185 185 185 183 178 177 176 173 170 169 169 174 179 177 175 175 183 187 190 189 183 179 177
230 228 228 229 229 223 219 220 228 229 226 221 220 224 221 218 217 221 223 224 225 224 222 226 222 222 223 220 212 206 202 206 213 203 205 212 220 219 223 224 222 219 215 218 217 213 210 209 207 205 201 195 188 185 182 183 183 183 186 187 190 191 190 191 191 192 193 196 195 191 187 183 178 177 179 179 177 178 174 173 174 172 176 180 181 176 179 180 182 190 191 185 181 182
230 229 231 230 231 230 227 224 223 230 226 220 223 228 226 222 221 218 222 225 227 226 227 227 226 225 224 223 218 214 210 208 218 212 214 222 225 224 225 224 224 219 213 220 220 218 214 210 208 210 206 198 189 182 182 184 185 186 186 190 191 192 192 192 193 193 194 195 194 191 186 181 176 174 174 174 174 176 174 173 175 174 179 183 183 181 182 184 186 191 191 188 186 187
231 231 229 229 231 231 232 231 228 229 228 226 227 230 224 219 221 216 217 224 228 226 227 227 227 224 225 224 221 221 217 215 215 222 221 226 227 226 226 225 223 220 221 221 220 217 217 215 210 211 207 201 193 186 184 186 187 187 185 187 191 192 193 194 194 194 194 195 194 191 186 180 176 174 174 173 173 172 173 173 176 177 180 185 186 184 185 187 188 192 192 191 190 183
232 229 228 229 230 229 231 233 234 233 227 227 231 223 217 213 218 214 217 223 227 229 227 227 227 226 227 225 224 223 225 226 222 225 227 228 228 227 226 225 224 224 223 220 218 215 210 211 212 210 204 198 188 183 184 186 189 186 185 187 190 189 191 193 195 195 196 195 194 190 186 179 176 175 175 173 172 170 171 174 179 182 184 187 189 186 188 191 191 194 193 190 185 181
233 231 231 231 230 228 228 232 234 233 235 233 233 224 219 215 215 212 217 222 226 226 226 227 226 226 227 227 225 226 229 228 225 221 227 228 228 227 226 226 224 222 222 221 218 212 205 204 206 211 204 197 186 179 179 183 187 189 187 187 189 190 191 193 195 195 194 195 193 189 184 178 177 177 176 175 173 171 172 175 176 180 183 187 191 186 190 193 194 195 193 189 182 181
235 229 234 235 228 228 227 228 234 236 236 236 236 233 229 226 226 222 224 227 227 221 223 225 226 226 228 227 225 228 230 222 215 222 228 228 225 226 225 225 219 214 219 219 217 214 210 203 202 209 205 196 192 186 181 182 187 189 187 185 190 191 193 194 195 195 193 194 193 190 184 177 177 178 178 176 175 173 174 175 176 177 180 187 192 188 191 194 196 195 191 185 184 185
235 230 233 235 230 232 233 229 232 235 235 236 237 236 235 232 232 228 228 229 221 217 219 221 226 229 228 230 229 230 229 227 224 226 228 227 226 224 221 221 213 211 217 218 216 211 208 202 196 203 207 202 199 193 183 181 186 189 187 188 191 193 194 195 195 192 193 195 194 191 184 180 177 176 180 181 178 175 175 176 179 182 184 187 193 190 190 192 197 195 190 186 186 191
237 234 237 234 232 235 235 231 234 235 236 235 238 237 235 234 233 230 231 231 224 217 218 221 222 226 230 230 230 228 226 223 220 227 227 227 226 223 222 217 207 211 214 217 212 210 205 200 194 198 206 204 200 193 187 182 188 186 187 188 192 193 194 194 194 192 192 194 194 189 183 181 181 178 182 183 178 177 177 177 179 181 183 186 188 194 193 195 197 195 191 192 193 195
237 239 239 238 237 237 235 232 236 238 238 238 238 237 237 236 235 233 232 231 226 221 225 223 227 230 230 228 226 228 227 225 223 225 226 225 224 218 218 214 209 213 213 209 207 204 203 198 189 197 204 201 196 194 191 182 184 183 183 184 189 191 191 193 194 194 194 194 193 190 184 180 183 180 181 186 183 183 179 175 176 180 182 186 190 193 193 196 197 194 194 198 198 197
239 240 239 239 239 239 237 236 239 239 239 239 238 238 238 236 236 235 234 228 229 227 226 225 233 230 228 225 225 226 228 223 222 224 224 220 218 214 210 206 208 206 208 203 198 200 200 192 182 194 200 197 195 186 182 183 183 181 180 181 186 186 189 191 194 194 195 195 194 192 187 185 183 182 181 184 186 186 182 176 176 178 182 186 191 195 191 198 195 192 197 200 201 199
240 241 240 240 239 237 234 238 240 240 239 239 238 238 238 237 237 236 235 229 230 229 228 230 233 233 231 230 230 228 226 217 216 221 218 213 210 210 203 200 201 201 202 198 190 195 192 185 182 194 193 186 185 181 179 181 181 177 175 180 182 186 189 191 194 194 194 194 194 193 190 187 184 181 186 187 189 188 189 183 185 183 186 191 195 195 193 196 195 191 198 201 202 200
241 240 240 240 239 238 235 238 239 239 239 239 238 238 237 237 237 237 234 233 229 229 231 235 235 236 235 232 232 229 227 217 215 216 212 204 199 201 201 197 199 200 202 199 193 190 185 180 184 188 181 177 177 176 177 178 176 172 171 177 182 186 190 191 193 194 194 194 194 193 188 185 184 183 185 183 184 181 188 191 193 193 193 194 197 197 193 197 197 193 198 202 200 198
241 240 240 240 240 239 238 239 238 236 235 238 238 238 237 237 238 238 235 235 236 231 228 233 237 236 234 232 231 232 230 223 214 213 211 204 202 201 203 201 206 206 204 200 197 192 187 183 182 177 176 182 183 181 181 176 173 169 169 177 183 187 190 192 193 194 194 194 194 193 190 188 187 187 182 175 175 177 179 182 186 191 191 192 194 197 197 198 199 199 200 201 197 194
242 241 241 241 240 240 239 239 238 237 237 238 238 238 236 236 237 237 234 237 237 237 232 235 236 237 236 234 232 233 230 224 218 223 216 210 205 206 210 210 209 209 206 201 198 192 185 191 191 186 182 188 193 193 190 177 169 167 170 179 183 185 189 192 193 194 194 194 193 190 187 187 185 182 180 175 174 177 182 186 189 186 186 187 189 191 194 192 194 197 198 197 195 196
241 241 241 241 241 240 240 240 239 238 237 238 238 237 237 237 237 239 238 238 238 236 238 236 234 235 236 234 233 232 230 227 226 225 216 210 209 210 216 219 216 207 206 203 198 194 186 193 198 194 185 192 198 194 184 177 173 167 175 182 184 185 189 192 193 194 194 194 193 189 187 186 183 177 175 177 177 178 180 183 182 181 184 189 191 194 193 193 192 193 193 190 192 196
242 242 241 241 241 241 241 240 239 239 237 237 238 239 237 237 239 238 239 240 239 236 235 233 230 232 234 234 233 230 231 228 225 223 212 207 210 213 214 220 215 207 205 203 199 195 187 194 201 199 197 196 202 196 189 187 182 173 177 181 188 189 188 191 193 193 193 193 190 188 184 182 180 180 183 187 183 183 185 182 177 177 181 186 191 197 198 199 198 196 194 187 188 190
242 242 242 241 242 241 240 239 239 240 239 238 239 238 239 238 239 237 234 237 238 236 235 234 232 228 229 227 229 231 230 226 221 223 215 208 211 216 219 220 214 207 206 202 200 200 195 193 203 205 205 204 204 197 194 194 190 185 183 187 188 188 190 192 193 193 193 193 188 187 183 183 185 185 190 194 193 193 195 187 175 176 182 186 193 196 199 201 202 200 194 189 190 190
243 242 242 242 242 241 240 240 240 240 240 239 239 239 240 240 239 237 236 235 237 235 233 234 235 233 228 224 220 222 225 226 224 225 222 218 220 219 222 222 217 213 209 207 205 204 202 193 198 205 209 209 204 203 200 194 190 185 185 187 183 182 190 192 192 192 193 192 190 185 181 187 192 194 196 197 198 200 199 190 186 182 192 188 183 192 195 198 204 202 195 191 190 190
243 242 242 242 242 241 241 240 241 241 240 240 240 240 240 239 239 238 236 233 235 236 232 230 233 234 231 224 217 219 218 219 225 227 226 225 225 225 225 224 221 219 211 209 208 207 204 202 204 207 210 210 200 194 194 190 181 177 177 181 183 187 191 192 192 192 192 192 190 187 181 187 191 194 192 190 195 200 201 195 196 194 197 193 185 188 191 196 202 203 194 193 190 191
243 243 242 242 242 241 240 241 240 241 241 241 240 239 238 238 238 238 237 235 235 235 233 228 230 232 232 229 223 225 225 224 227 227 227 227 226 226 226 225 223 215 208 206 206 207 206 207 208 211 212 212 203 193 190 185 185 182 174 177 185 188 190 190 190 191 191 190 189 187 184 183 187 192 192 188 190 197 201 203 200 202 196 190 193 195 195 199 206 203 196 200 194 194
243 243 243 242 242 242 241 242 238 239 240 238 239 239 238 238 238 238 237 236 236 236 232 229 226 227 228 231 228 228 224 226 227 227 227 227 227 226 226 222 220 216 214 203 204 208 208 208 208 213 215 213 207 203 197 195 195 188 181 180 183 188 190 191 190 191 190 185 185 185 186 183 182 185 183 185 189 193 198 200 204 204 196 197 201 204 203 205 208 206 204 203 201 202
243 243 243 242 242 242 242 242 241 240 239 239 240 239 239 239 239 238 236 235 231 230 234 231 231 229 228 231 228 225 221 221 225 226 225 226 226 225 222 218 218 222 218 207 201 208 210 208 208 213 216 214 211 208 206 204 199 196 185 182 186 187 189 189 188 189 188 186 184 185 185 182 178 176 178 184 189 191 195 200 203 205 202 196 204 207 207 210 210 208 209 208 207 206
243 243 243 242 242 242 242 241 241 241 241 241 240 240 240 239 237 238 237 235 232 227 228 230 227 228 230 227 226 218 219 220 223 223 219 224 225 228 228 223 223 223 219 208 204 209 212 210 212 215 217 213 210 209 210 209 206 200 191 182 183 185 184 185 181 186 187 184 184 184 185 185 180 172 178 186 191 195 193 195 199 203 206 201 208 210 211 211 211 212 212 211 210 210
244 244 243 243 243 243 242 242 242 241 241 240 240 240 241 239 237 239 238 237 236 235 233 230 227 222 226 225 226 224 225 224 222 222 222 225 227 229 229 229 227 218 218 208 206 210 214 211 214 216 217 215 212 209 210 211 209 202 193 186 182 183 181 179 181 184 185 184 182 184 187 187 180 175 180 188 193 200 198 197 201 204 207 206 210 210 209 209 208 206 208 211 212 212
244 243 243 241 242 242 241 242 241 241 241 240 239 239 240 241 240 240 240 239 238 238 237 236 234 230 229 231 229 228 227 224 224 221 224 225 228 228 226 230 228 220 212 209 211 208 215 217 216 217 218 214 216 210 210 211 209 206 199 191 181 181 177 175 177 181 182 184 182 183 187 188 183 186 189 194 198 200 199 200 205 208 208 209 208 210 208 208 204 200 204 211 213 212
244 243 243 241 241 241 241 241 240 241 241 239 241 241 240 241 241 241 241 240 239 240 238 239 237 235 234 231 224 227 230 227 225 225 224 229 231 232 231 231 229 226 216 214 218 213 214 219 219 217 220 219 218 216 211 203 203 203 197 185 178 177 172 172 173 176 179 184 181 182 187 189 189 191 196 196 201 202 202 201 205 208 207 204 205 209 210 206 200 196 203 209 214 213
244 244 243 242 241 240 240 241 241 241 241 240 241 241 241 241 241 241 241 240 238 239 238 236 239 237 235 231 225 228 232 229 227 231 232 233 228 228 230 231 228 227 223 221 219 219 214 219 221 218 220 217 217 217 213 203 201 199 194 180 178 178 170 168 171 173 179 182 180 181 186 188 188 191 190 195 197 198 202 205 206 205 208 204 205 208 209 208 202 200 203 210 214 213
244 244 242 243 242 241 242 242 242 241 241 241 241 242 241 241 241 241 240 240 239 238 235 228 237 238 233 228 225 227 233 232 231 235 234 227 222 222 225 230 230 228 227 223 220 222 219 220 221 219 220 217 216 217 213 205 204 199 195 184 189 181 174 172 167 170 176 180 177 179 185 186 184 184 185 187 192 195 199 199 206 208 203 198 202 206 208 208 205 204 202 205 211 211
244 244 243 243 243 242 243 243 242 242 242 241 241 242 242 242 241 241 240 240 239 238 236 232 235 238 237 233 228 230 235 235 236 235 233 228 220 217 222 229 230 229 227 224 224 223 223 221 219 220 221 218 216 216 214 206 202 201 201 196 197 189 182 177 168 170 171 174 176 177 180 181 181 186 186 183 189 194 193 195 203 205 194 195 200 205 208 207 206 204 201 204 208 210
245 244 244 244 244 243 243 243 243 243 243 242 242 242 241 242 241 241 240 239 237 238 238 236 234 237 237 237 234 234 236 236 236 235 234 228 222 220 223 230 231 229 224 215 218 220 221 216 216 219 219 214 213 215 214 207 203 204 204 201 196 192 185 175 171 172 172 171 174 181 183 183 183 189 190 188 194 199 198 200 206 201 191 193 197 204 209 208 207 204 202 206 208 211
245 244 244 244 244 244 244 243 243 243 243 243 243 242 241 241 241 240 240 239 237 236 236 237 234 234 236 238 237 236 236 237 236 236 235 232 227 223 228 232 229 223 221 213 214 218 218 213 217 220 219 216 214 213 213 207 205 205 205 203 198 192 185 175 173 173 174 172 173 177 185 190 191 192 197 198 201 201 203 204 202 205 202 195 193 203 209 211 211 208 208 210 208 212
245 245 245 245 244 244 244 244 243 243 243 242 242 242 241 240 240 240 239 237 236 237 234 237 236 233 229 233 237 234 233 236 237 237 236 235 232 228 231 233 230 218 218 217 220 222 220 216 215 216 218 218 217 213 212 208 202 203 205 205 202 198 187 181 181 181 179 174 174 177 184 188 188 197 200 198 193 186 193 195 193 203 206 199 191 203 209 211 211 214 214 209 209 214
245 245 245 245 244 244 244 244 244 243 243 243 242 242 241 240 239 236 237 236 232 236 235 236 235 231 227 231 236 233 232 234 235 237 236 236 234 232 232 234 232 223 225 225 224 222 219 215 209 210 214 217 218 216 215 212 205 199 204 207 200 192 186 186 191 189 188 180 178 179 186 185 182 189 193 189 183 183 186 185 187 194 206 208 200 206 212 213 211 215 210 207 209 215
245 245 245 245 245 244 244 244 243 243 243 243 243 242 241 241 240 238 238 237 236 236 237 235 234 234 233 234 235 234 233 233 236 237 237 236 234 232 234 234 234 231 230 223 219 217 216 212 206 202 209 215 217 216 215 211 200 198 203 210 203 193 192 196 199 195 194 188 182 183 186 179 176 181 185 182 181 182 184 188 193 197 209 213 213 212 215 215 212 215 211 207 215 216
245 245 245 245 245 245 244 244 243 243 243 243 243 242 242 241 240 239 240 239 237 238 238 238 235 235 232 234 234 234 233 233 235 237 237 236 236 235 235 235 234 231 229 223 218 222 221 216 210 204 205 212 215 216 215 208 195 200 207 210 207 201 201 206 206 201 191 189 185 181 180 176 176 178 177 176 179 182 188 197 201 207 211 213 215 216 216 216 213 216 214 209 214 217
