ecocropFuture/tif/c6/rcp585/ACCESS-CM2/tmin_4.asc
ncols        683
nrows        518
xllcorner    -87.691666666667
yllcorner    10.708333333333
cellsize     0.008333333333
NODATA_value  nan
[rows 210 to 251 of 518, columns 94 to 187 of 683]
nan 231 228 220 209 206 202 199 201 205 208 195 194 197 199 197 191 188 180 189 203 211 215 215 208 203 186 179 187 183 179 169 179 180 169 177 192 203 196 194 199 203 194 176 175 171 164 162 157 162 170 171 173 177 181 183 176 176 177 178 173 171 175 177 180 183 192 189 183 172 163 167 163 159 158 155 154 157 156 163 174 177 177 171 175 176 173 173 174 170 162 152 146 146
233 231 227 219 218 215 210 211 210 205 213 207 208 206 200 196 198 204 187 186 197 202 204 219 210 196 180 183 191 192 187 186 187 179 166 176 193 204 206 203 208 208 192 179 185 184 181 175 167 162 164 162 166 169 174 178 175 166 167 169 172 171 174 177 180 184 191 189 181 173 166 162 159 155 154 153 153 154 159 167 169 170 172 171 167 168 165 167 161 161 158 151 145 149
237 235 231 226 219 210 211 218 219 211 217 218 213 203 195 198 204 212 202 188 186 191 209 221 213 199 190 190 197 200 200 191 184 175 166 184 196 203 212 211 212 201 188 192 197 187 191 185 177 164 159 160 163 158 159 169 177 173 170 169 173 174 174 178 181 182 186 190 184 182 172 163 167 161 157 152 152 152 156 160 162 162 163 163 157 158 157 157 153 156 155 153 152 151
237 233 231 226 219 212 213 221 224 219 219 221 216 210 203 201 209 215 209 196 191 199 211 219 221 215 203 191 193 207 201 185 173 167 174 188 199 204 207 213 213 196 196 206 199 198 194 187 179 172 169 166 157 156 156 168 170 173 173 172 174 173 176 180 182 183 183 189 189 188 180 167 169 167 161 156 151 151 151 152 153 153 153 154 151 153 162 168 168 167 164 159 158 158
237 237 232 225 217 212 217 221 225 223 223 224 220 217 215 214 217 216 210 202 201 212 218 222 223 208 200 189 198 209 199 182 172 171 178 195 205 212 213 217 216 201 202 210 205 198 193 191 187 188 183 179 163 161 159 159 163 167 171 174 176 175 176 179 181 183 183 183 186 189 181 176 176 169 165 162 154 152 152 153 151 150 151 152 151 151 157 170 175 173 170 167 162 164
240 237 231 227 225 226 229 227 229 222 226 223 223 225 222 222 221 215 218 215 207 216 222 225 222 211 209 202 208 210 197 184 181 185 177 190 205 213 219 221 220 215 212 212 204 196 193 199 193 197 195 188 179 167 157 156 161 166 170 173 176 177 177 178 179 183 185 185 188 186 183 181 179 174 168 161 157 156 156 153 151 150 155 160 158 155 162 169 178 174 173 174 165 167
240 236 234 233 225 223 226 233 233 226 231 223 222 225 228 225 225 223 221 225 219 221 221 225 221 219 219 218 213 203 197 190 198 193 185 193 206 207 220 223 219 214 210 214 208 204 198 202 199 196 188 187 183 172 162 159 161 165 171 173 177 178 177 178 179 181 185 188 187 183 177 172 172 173 169 162 162 161 156 153 152 151 158 166 164 160 161 171 176 180 178 173 167 164
238 235 235 235 235 227 221 222 234 235 231 223 222 228 224 219 217 224 225 227 228 227 224 229 223 224 225 221 209 199 193 200 211 195 198 209 220 219 225 225 223 218 213 218 215 210 206 204 203 200 193 185 174 169 166 167 167 168 172 173 177 178 177 179 179 180 183 187 185 180 174 170 162 161 164 165 162 163 158 157 158 155 161 168 168 162 166 168 171 179 181 174 170 171
238 236 239 238 239 238 233 228 226 237 231 222 226 233 231 225 223 218 225 229 231 230 230 231 229 228 226 225 218 212 205 202 217 209 212 223 226 226 226 226 225 218 210 220 220 217 212 206 203 207 201 189 175 165 166 169 170 171 171 177 179 180 180 181 182 183 183 186 184 180 173 167 160 158 157 158 157 160 157 157 160 158 165 171 171 168 170 173 175 181 181 178 176 177
239 239 237 236 239 238 240 238 233 235 234 231 232 236 227 220 222 216 216 227 232 230 232 231 231 227 227 227 222 222 215 212 213 222 221 229 229 228 228 227 224 220 221 222 220 216 216 213 206 209 202 194 181 171 169 172 173 173 170 174 178 180 182 183 184 185 184 186 184 179 174 166 160 158 157 156 156 155 156 156 161 163 167 174 174 172 174 176 178 182 182 181 180 173
241 236 234 236 238 235 238 241 242 241 233 232 238 226 217 211 218 212 216 225 232 234 231 231 230 229 230 227 225 225 227 229 223 226 230 231 230 229 228 227 226 225 224 221 217 213 207 208 210 208 198 189 174 167 169 172 175 172 171 174 177 177 179 183 185 186 187 186 184 178 173 165 160 159 158 156 155 152 153 157 165 169 172 175 177 175 177 180 181 184 183 180 175 170
242 239 239 239 237 235 234 240 243 242 243 241 240 227 220 213 214 210 218 225 230 230 229 231 230 229 231 230 227 228 233 230 226 222 230 231 230 229 228 227 225 223 223 221 218 209 200 198 201 209 199 188 172 162 162 167 173 177 174 173 177 178 179 183 185 186 185 186 183 177 171 163 162 161 160 159 156 153 154 158 161 167 171 176 179 175 179 183 185 186 184 179 173 170
246 236 243 245 234 233 232 234 243 245 246 246 245 240 235 231 230 224 227 231 231 223 226 229 230 229 232 231 227 232 233 223 214 222 230 230 227 228 227 226 219 212 219 220 216 213 207 197 195 206 199 185 180 171 165 166 173 177 174 171 178 180 182 184 186 185 183 184 183 178 171 162 161 163 163 161 159 157 157 159 161 163 167 175 181 178 181 185 187 186 182 176 174 175
246 238 242 245 237 240 241 236 239 244 245 245 247 245 243 240 238 233 233 234 223 217 220 222 230 233 232 234 233 234 233 230 225 228 230 230 228 226 222 221 211 208 216 218 215 209 204 195 185 198 203 196 191 183 168 165 173 176 174 175 180 183 184 185 185 182 183 185 184 180 172 166 162 160 166 167 164 160 159 160 165 169 172 175 182 180 179 182 189 187 181 177 177 182
248 244 247 244 240 245 245 238 242 245 245 244 248 246 244 241 240 236 238 238 227 217 219 222 224 229 235 235 235 232 229 225 221 229 230 229 228 224 223 216 202 209 212 216 209 207 200 192 182 189 202 199 194 183 174 167 175 172 174 176 180 182 183 185 185 182 182 185 184 178 171 168 168 163 168 170 163 162 163 163 165 169 171 175 177 184 183 186 190 186 182 182 184 186
247 251 250 249 248 247 245 240 245 248 248 248 248 247 247 246 243 240 239 237 231 223 229 225 231 235 235 231 229 232 230 228 225 227 229 227 226 217 217 212 205 212 212 206 203 199 197 190 175 188 199 195 186 184 179 167 170 168 169 170 177 180 179 182 184 185 184 185 183 179 171 166 170 166 167 174 171 170 165 160 161 167 170 175 180 183 183 187 189 185 185 191 190 189
251 252 251 250 250 250 247 246 250 250 250 250 249 248 247 245 245 243 242 233 234 232 229 228 239 235 232 228 227 229 231 225 224 227 226 221 218 212 206 201 204 201 205 196 189 193 192 181 166 183 193 188 185 172 167 169 169 167 164 166 173 174 177 181 184 185 185 185 185 182 175 172 171 169 168 172 175 175 170 161 162 165 170 175 180 186 181 190 186 183 188 194 195 191
252 253 252 252 251 247 243 248 251 251 250 249 249 248 247 247 246 245 244 234 236 234 233 235 239 240 236 235 235 232 229 216 215 222 217 211 207 207 197 192 194 194 195 190 177 185 181 170 166 184 183 173 172 166 163 166 167 161 158 165 168 173 177 181 184 185 185 185 185 184 179 176 172 168 175 175 178 177 178 171 173 171 174 180 185 185 183 187 187 182 190 196 196 194
254 253 253 253 252 250 246 250 251 250 250 249 248 248 247 246 246 246 242 239 234 234 237 243 243 244 242 237 237 234 230 217 214 215 209 197 190 193 192 187 190 192 195 191 182 178 171 164 170 175 165 160 161 159 161 162 160 154 153 161 167 174 178 180 183 185 185 185 185 184 177 173 171 171 173 171 172 168 177 180 182 183 182 184 189 189 184 189 189 184 190 196 193 190
255 254 254 253 253 251 250 252 250 245 244 248 249 248 247 246 247 247 242 243 244 237 232 240 245 243 240 238 235 237 234 224 212 212 208 197 194 193 196 194 201 202 199 192 188 180 174 169 167 161 160 167 170 167 166 160 156 151 151 161 170 174 179 182 184 185 185 185 185 183 179 177 176 176 169 160 160 163 166 170 174 181 181 182 184 189 190 191 192 192 193 195 189 185
256 254 254 254 254 252 252 252 250 248 247 248 248 248 246 245 247 246 242 246 246 246 238 242 244 245 243 241 238 238 234 226 218 224 215 206 200 201 207 206 206 206 202 195 190 181 172 180 180 173 167 176 183 184 178 162 152 149 152 164 169 172 178 182 184 185 185 185 184 179 176 175 174 170 167 160 159 163 170 175 178 175 176 176 179 181 185 183 185 189 190 189 186 187
255 255 254 254 254 253 253 252 251 248 247 248 248 247 246 247 246 248 247 247 247 244 246 244 241 242 243 241 238 238 234 230 229 227 215 207 205 207 215 220 216 203 202 197 190 184 173 183 190 184 173 182 191 185 171 162 156 150 158 168 171 173 178 182 183 184 184 185 183 179 175 174 171 163 160 163 163 165 167 171 170 170 174 178 182 185 183 184 183 184 184 181 183 187
256 256 255 255 254 254 254 253 251 250 247 247 248 249 246 247 248 248 249 249 248 243 243 240 236 238 241 240 240 235 235 232 227 224 210 202 206 211 213 221 214 203 200 198 192 185 174 185 196 193 189 188 197 188 178 175 169 157 162 167 176 177 176 180 183 184 184 184 179 177 172 169 167 167 171 176 171 170 173 170 163 163 169 176 182 189 190 191 190 187 185 178 179 181
257 256 255 255 255 254 253 252 252 252 251 250 250 250 250 248 250 246 242 246 248 245 244 243 237 232 233 230 233 236 235 229 222 225 213 205 208 215 220 220 214 204 202 196 194 194 185 183 198 201 201 200 200 189 186 186 180 172 170 175 176 177 179 181 183 183 183 183 177 175 170 170 174 174 180 184 184 183 186 177 161 162 171 175 183 187 193 195 197 193 186 180 181 181
257 256 256 255 255 254 253 253 253 252 252 251 251 250 251 251 249 247 246 244 247 243 240 243 243 239 233 227 221 224 227 229 226 228 224 218 221 220 224 223 217 212 206 203 200 199 196 183 190 202 207 207 200 198 194 185 180 173 173 175 169 168 180 183 183 183 183 183 179 173 168 176 182 184 187 189 191 194 192 180 175 171 183 178 173 183 186 190 200 197 186 182 181 181
257 257 256 256 256 255 253 253 254 253 253 252 252 252 251 251 250 248 245 241 244 245 239 237 239 241 236 226 217 219 218 220 228 230 229 228 228 228 228 227 222 219 209 206 205 204 200 196 199 204 209 209 193 184 185 179 167 162 162 167 170 176 181 182 182 182 182 182 180 175 168 176 181 186 183 180 186 193 195 187 188 185 189 184 174 179 182 188 197 199 185 184 182 182
257 257 256 256 256 254 252 254 252 253 253 253 252 251 248 248 248 248 246 243 243 243 241 234 235 238 238 233 226 229 228 227 231 231 230 230 229 229 228 227 225 215 204 202 203 203 202 203 205 210 211 212 198 184 179 173 173 169 158 162 172 177 180 180 179 182 181 180 178 176 171 170 176 182 182 178 180 189 196 198 194 197 188 181 184 187 187 192 203 198 188 194 186 186
258 257 257 256 255 255 254 255 250 251 251 249 250 250 248 248 247 248 247 246 244 244 240 235 230 232 232 236 233 232 227 229 231 231 231 230 230 229 228 224 222 216 213 198 199 205 205 205 206 212 215 213 204 198 190 186 187 177 167 166 170 177 179 180 180 181 180 174 173 173 174 171 169 173 171 174 179 184 191 194 200 201 187 189 195 201 199 202 207 202 200 198 195 197
258 257 257 256 255 255 255 255 254 252 251 251 251 249 250 250 249 248 246 244 238 237 243 238 238 236 233 237 234 230 225 224 230 230 227 229 230 228 224 219 219 224 218 204 195 204 208 206 206 212 217 213 210 206 203 200 193 188 172 169 174 176 178 179 177 178 178 174 172 173 173 170 164 161 165 173 178 181 186 193 198 202 197 188 201 205 204 209 209 206 207 206 204 203
258 258 257 256 255 256 256 255 254 253 253 252 252 251 251 249 247 248 246 244 240 232 234 237 232 234 236 233 232 220 221 222 227 226 220 226 228 232 232 226 225 226 220 204 199 207 211 208 211 216 218 213 208 207 209 208 203 194 181 169 171 173 172 173 168 175 175 171 172 172 173 173 167 156 164 174 181 187 184 187 192 198 203 195 206 209 210 211 211 212 212 211 208 208
259 258 258 257 257 257 256 255 255 254 253 252 251 251 252 250 247 249 248 246 246 243 241 238 233 225 231 230 231 228 229 228 226 226 225 228 231 233 233 233 231 219 219 205 202 209 213 210 214 217 219 216 212 207 209 211 208 198 184 174 169 171 168 166 167 172 174 172 170 172 175 175 167 160 167 177 184 193 191 190 195 199 205 203 209 210 208 208 206 204 205 211 211 211
258 258 257 255 256 255 255 255 254 254 253 252 251 250 252 252 251 251 250 250 249 249 247 245 243 237 236 238 235 234 232 228 228 225 227 229 232 233 230 235 232 222 210 207 209 205 215 218 217 218 219 215 217 209 209 210 207 204 193 181 168 168 162 161 162 168 170 172 169 171 175 177 171 174 179 186 190 194 192 194 202 207 207 207 206 209 207 206 200 195 200 211 214 212
259 258 257 254 255 254 254 254 253 254 253 251 252 253 252 252 252 252 252 251 250 250 249 249 246 244 242 239 229 233 237 232 230 230 228 234 236 238 237 236 234 229 217 213 219 212 214 221 221 218 222 221 220 217 211 198 198 199 190 174 163 163 157 157 158 161 165 171 168 169 176 178 179 182 188 189 195 197 197 196 202 206 204 199 202 207 209 204 195 190 198 208 215 213
258 257 257 255 253 251 252 252 252 253 252 251 252 252 253 253 253 252 252 252 249 249 248 245 249 247 244 238 230 234 240 235 233 238 240 241 234 234 237 238 234 232 227 224 221 220 214 221 224 220 223 218 219 218 213 198 196 193 185 167 164 164 154 152 155 157 165 169 166 168 174 177 178 181 180 186 190 190 198 202 203 202 205 200 201 206 208 206 198 194 198 209 215 214
258 257 255 256 255 252 254 254 254 253 252 252 252 253 253 253 253 252 252 251 249 249 244 234 247 248 241 234 231 233 241 240 238 244 242 233 226 225 230 236 236 234 232 227 223 225 221 222 223 221 223 219 218 219 213 201 199 192 186 173 178 168 159 157 150 154 162 166 162 166 173 174 172 173 173 176 182 187 193 192 202 206 198 191 196 203 206 206 201 200 197 202 211 210
259 258 257 256 256 254 255 255 254 253 253 252 252 253 254 254 253 252 252 251 250 249 246 239 244 248 247 242 235 237 244 245 245 244 241 234 223 219 226 236 237 235 232 228 227 226 226 224 221 222 224 220 217 218 215 203 197 196 196 189 190 178 170 162 152 154 156 159 161 163 167 168 169 175 175 172 179 186 184 187 198 201 185 187 194 201 205 204 203 200 196 200 206 209
259 257 257 257 257 256 256 255 255 255 254 254 254 253 253 253 253 252 252 250 247 249 248 246 243 247 247 248 243 243 246 246 245 244 242 235 226 223 227 236 238 235 229 217 219 222 223 217 217 222 222 214 214 216 215 205 199 201 200 197 189 183 173 160 155 156 157 156 159 169 172 171 171 179 181 178 185 193 190 194 203 196 181 184 189 200 207 205 204 200 197 203 206 211
259 258 258 258 257 257 256 256 255 255 255 254 254 253 253 253 253 252 251 250 248 246 245 247 243 243 246 248 247 246 246 247 246 245 244 239 233 227 234 239 235 227 225 214 214 219 220 213 218 222 222 218 215 213 214 205 201 202 202 199 192 182 173 161 158 159 159 157 158 164 174 180 182 183 189 191 196 196 198 200 197 202 196 187 185 198 207 210 210 206 206 208 207 213
260 259 259 258 258 257 257 256 256 256 255 254 254 253 252 251 251 250 249 246 245 246 242 245 246 241 237 242 247 243 242 245 247 246 245 243 239 234 238 241 236 220 220 219 223 226 224 219 217 219 221 222 220 215 213 206 198 199 202 202 197 191 176 168 169 168 165 160 160 163 172 178 179 190 194 192 184 176 184 186 184 199 203 192 182 198 207 210 210 215 215 207 208 215
260 259 259 258 258 257 257 256 256 255 255 254 254 253 253 251 249 246 247 246 240 245 243 245 245 239 234 239 246 242 241 243 245 247 246 245 243 239 240 242 239 227 230 230 228 226 222 218 208 211 216 220 221 220 216 212 201 194 201 205 195 183 176 175 182 179 178 167 164 166 176 174 170 179 184 179 171 171 175 174 177 185 203 205 194 203 212 213 210 216 209 204 207 217
260 259 259 258 258 257 257 256 255 255 255 255 254 254 253 253 250 248 248 246 245 246 247 244 243 243 242 243 245 243 242 241 245 246 246 245 242 240 241 242 241 237 236 227 222 220 218 213 204 199 209 218 220 219 216 211 194 192 200 209 199 185 182 188 193 188 186 178 171 172 175 167 162 169 174 170 168 171 172 178 185 190 207 214 213 212 216 216 211 217 211 205 217 219
260 259 259 258 258 258 257 256 255 255 255 255 255 254 254 253 251 249 251 249 247 247 248 248 244 244 241 243 243 243 241 242 244 246 246 246 245 244 244 243 241 238 235 228 221 226 225 218 211 201 203 214 218 219 217 207 188 195 205 210 204 196 196 203 203 196 182 180 174 168 168 162 162 165 164 162 167 170 178 189 195 204 210 213 217 217 218 218 213 219 216 208 216 220
