ecocropFuture/tif/c6/rcp585/ACCESS-CM2/tmin_10.asc
ncols        683
nrows        518
xllcorner    -87.691666666667
yllcorner    10.708333333333
cellsize     0.008333333333
NODATA_value  nan
[rows 126 to 167 of 518, columns 282 to 375 of 683]
222 217 221 219 215 221 225 226 226 226 224 222 220 222 222 220 212 214 218 220 219 220 221 221 221 220 218 221 219 218 219 215 209 207 206 209 213 211 209 209 213 218 222 219 215 218 215 221 222 222 218 217 219 219 216 223 218 222 218 217 219 219 221 218 217 220 219 216 214 215 218 219 220 222 222 222 222 221 220 218 219 221 221 219 212 209 208 217 220 223 220 217 217 214
220 222 222 220 215 215 223 225 226 225 225 224 223 224 224 220 215 219 218 219 216 215 219 220 220 218 219 221 220 215 213 213 214 210 207 206 208 208 211 211 210 217 220 214 209 213 215 222 223 222 220 215 211 216 216 221 222 220 222 221 220 221 221 221 218 221 223 222 219 219 220 220 220 221 219 218 219 219 219 216 218 221 221 220 217 211 207 211 218 221 219 219 218 215
219 222 223 221 217 217 223 225 226 225 226 225 225 225 224 223 221 221 220 218 217 212 218 220 219 219 221 220 220 216 211 207 215 214 211 209 206 204 206 216 218 220 220 211 207 214 218 219 221 225 220 212 208 215 220 220 224 222 220 224 222 223 221 223 223 224 222 220 220 220 221 221 221 220 219 220 221 221 221 220 221 221 222 222 222 218 218 217 221 220 224 224 224 222
221 222 222 222 220 219 221 224 226 225 225 225 225 225 224 224 223 223 221 218 216 209 216 218 219 220 220 219 219 217 214 211 212 214 212 210 209 208 206 214 218 219 219 213 208 215 217 212 214 224 220 207 209 216 222 221 224 223 222 225 222 225 222 224 225 223 219 218 219 220 220 221 220 219 219 217 220 218 219 221 222 222 222 222 224 222 222 224 223 221 227 228 228 225
219 223 223 222 218 222 224 224 225 225 224 225 225 224 224 224 224 223 223 219 216 210 216 217 215 217 219 220 219 217 214 212 209 209 207 208 211 207 207 211 215 218 218 214 211 212 212 208 214 222 223 212 208 213 222 221 225 225 223 224 223 225 225 226 221 218 218 217 218 218 219 220 219 218 217 216 216 217 218 218 221 222 223 223 224 224 223 225 228 229 231 231 230 231
218 222 223 223 218 222 224 225 225 225 224 224 224 224 224 223 222 221 221 221 215 214 217 218 218 217 220 219 219 217 212 213 212 210 205 209 212 211 210 207 217 217 215 214 208 205 205 207 217 222 226 217 207 210 220 224 225 226 225 225 226 224 220 224 222 219 218 217 218 218 217 217 216 216 217 216 215 213 213 215 218 219 221 221 223 224 227 226 225 227 223 229 232 231
221 222 223 223 221 222 224 224 225 225 224 224 224 224 223 222 221 220 219 221 215 215 217 217 218 219 219 218 217 218 213 211 208 204 205 210 214 214 214 216 220 214 211 217 212 209 204 210 217 222 227 219 207 205 214 219 222 227 227 227 226 223 220 222 219 221 220 218 218 218 217 215 215 216 216 217 217 217 217 215 213 212 214 218 221 222 223 226 228 227 223 226 231 230
222 223 222 222 221 223 225 224 224 222 222 225 224 224 222 221 218 220 219 220 218 216 217 218 214 219 218 217 216 217 216 214 205 204 207 210 215 217 216 221 222 216 211 220 218 213 204 205 212 219 226 223 214 205 212 220 216 225 227 227 225 225 222 220 217 222 220 216 218 217 216 216 216 216 216 217 218 218 218 217 216 215 213 217 216 218 223 225 224 225 225 224 230 233
224 223 222 222 223 223 224 223 223 222 224 225 224 223 223 221 217 216 216 215 217 213 214 216 217 218 218 216 215 216 217 217 208 207 211 213 217 215 221 222 221 217 216 222 220 213 204 199 205 213 226 227 220 217 221 225 218 220 228 227 224 224 224 220 221 223 221 221 221 218 216 218 217 217 215 217 218 218 218 218 217 214 210 209 209 215 223 221 222 224 222 222 228 233
224 221 218 218 220 224 223 224 223 223 224 224 224 223 222 221 215 207 207 209 215 213 213 217 218 218 217 217 214 217 218 219 215 212 211 217 220 218 223 223 220 222 222 220 222 220 213 200 202 212 224 228 227 223 224 227 223 224 228 227 225 226 226 220 220 224 224 223 221 220 220 220 218 217 216 217 217 217 216 216 218 217 215 208 207 214 221 219 214 218 219 217 220 228
220 221 219 221 219 223 224 223 222 223 224 223 223 223 222 221 216 208 208 213 215 216 216 216 217 218 219 220 215 218 221 220 219 218 213 213 219 222 224 221 218 222 223 217 215 224 218 208 209 219 222 225 227 227 226 228 226 226 229 228 226 226 225 223 223 223 226 224 224 224 224 221 218 218 218 217 216 216 216 215 214 216 218 213 213 212 215 214 212 211 216 223 224 225
221 224 224 223 222 224 223 221 221 223 223 222 222 222 221 220 214 208 212 215 214 216 216 216 215 217 220 221 217 219 222 222 220 221 215 213 219 225 222 217 219 222 225 222 216 224 225 215 216 221 215 218 221 228 226 228 229 229 229 227 226 222 225 226 227 226 227 225 227 227 225 222 219 219 219 219 217 217 216 214 213 215 219 218 211 209 209 209 205 211 217 226 230 232
224 224 223 222 223 224 221 220 220 222 221 222 221 219 217 216 216 210 213 214 211 215 215 216 215 218 221 222 221 221 223 223 222 223 220 222 224 224 219 218 218 221 224 222 213 219 227 222 221 224 223 223 223 227 229 226 229 229 228 226 224 221 223 226 227 228 228 227 228 227 225 224 222 221 220 218 217 217 216 213 214 217 217 219 213 208 213 213 208 215 219 226 229 228
222 222 220 218 220 223 221 219 220 222 220 220 218 215 208 206 210 208 212 214 211 211 215 214 217 214 218 222 223 222 223 224 224 224 224 225 225 223 219 220 222 224 227 226 221 222 228 226 226 221 222 226 222 224 230 230 229 229 227 226 223 224 226 227 229 229 227 228 227 225 222 219 218 219 219 219 218 217 216 212 213 215 218 219 220 219 219 218 216 220 218 225 228 227
217 217 213 212 218 221 221 217 221 220 217 215 214 211 202 198 204 206 210 213 213 212 215 212 215 215 219 221 222 223 224 224 224 225 225 226 226 222 221 225 223 225 228 227 225 224 228 229 229 227 224 226 226 226 229 231 230 229 227 227 227 225 228 227 228 229 228 226 222 220 218 217 217 217 218 217 218 217 211 207 207 214 217 219 219 221 221 221 221 221 219 221 227 226
209 207 204 206 210 215 221 218 220 217 210 210 208 204 201 205 206 209 210 210 213 212 214 214 213 215 217 217 216 219 224 224 224 224 225 223 224 226 227 225 224 226 228 225 225 223 228 230 230 230 229 227 227 229 225 229 230 230 229 228 227 227 229 228 227 229 229 226 222 222 218 216 214 214 213 215 218 217 209 200 203 212 214 215 219 220 220 220 219 218 217 222 226 223
206 202 198 197 203 211 219 221 218 213 203 202 201 199 203 209 211 211 209 207 210 208 212 214 213 214 218 216 212 218 222 224 224 223 225 221 219 225 223 226 225 225 228 225 226 224 227 228 226 228 230 230 229 230 228 229 230 231 230 227 228 228 228 229 230 229 228 226 224 220 217 216 211 211 211 217 218 218 215 210 210 215 216 216 220 220 219 216 214 213 217 222 225 222
211 205 196 196 204 211 217 220 217 212 207 205 205 205 208 213 213 211 208 209 211 211 214 212 210 214 217 219 215 217 222 222 223 225 224 217 217 221 224 225 226 224 227 227 226 229 226 224 220 223 230 231 231 231 230 229 230 231 230 229 229 229 229 230 230 229 224 222 218 218 221 216 209 211 214 218 218 219 218 217 218 219 220 220 221 220 219 215 213 213 218 222 223 218
215 211 208 206 204 206 214 219 217 213 211 211 210 209 212 213 210 211 208 209 209 213 212 211 207 211 212 219 219 220 220 222 224 224 219 220 217 219 224 223 225 226 228 229 228 229 226 222 223 228 229 231 231 232 231 231 229 230 230 229 229 229 230 230 229 226 220 218 219 219 223 215 207 212 217 219 219 219 219 219 220 220 220 219 218 217 219 219 217 214 216 217 219 220
218 216 216 213 212 212 215 219 219 217 215 215 214 214 214 213 211 210 206 205 209 210 211 211 208 209 213 215 218 221 219 222 224 223 222 219 220 223 225 225 222 228 229 231 231 230 229 226 228 224 222 228 231 231 231 231 229 229 230 230 230 230 230 230 229 225 223 222 222 225 224 217 216 216 217 218 216 218 219 219 219 219 218 217 217 217 217 216 213 216 220 219 225 228
222 220 220 218 216 216 216 218 216 218 218 215 216 216 215 213 210 207 207 208 207 209 211 212 213 212 216 215 215 221 220 222 223 219 215 212 216 221 223 223 223 224 228 229 230 231 231 231 227 227 222 223 230 231 232 231 229 228 223 229 230 231 231 230 229 223 223 225 226 226 223 219 215 215 211 209 207 215 218 219 218 218 218 218 218 217 217 218 220 221 224 226 228 230
219 217 220 217 216 218 214 216 213 211 216 217 217 215 214 210 209 207 208 204 206 205 211 215 216 213 216 215 217 221 222 222 220 211 204 199 206 217 218 215 221 224 226 228 229 228 228 231 230 227 229 227 230 232 232 230 227 228 224 226 231 231 231 229 227 225 222 226 228 224 220 213 208 208 205 206 211 216 218 219 218 216 217 217 215 214 214 219 222 224 226 226 225 226
215 218 219 219 217 216 213 211 210 210 215 218 218 216 213 211 208 208 204 201 200 204 209 213 217 217 217 217 220 221 221 219 217 212 203 188 199 207 208 212 217 221 226 228 227 224 225 229 231 231 231 231 231 232 232 228 220 225 226 229 231 232 231 228 229 228 227 227 229 226 223 222 218 212 208 214 219 218 222 222 218 214 215 213 209 208 214 217 219 218 220 222 222 222
213 216 217 218 218 215 214 212 210 212 214 216 217 215 214 212 209 205 198 205 202 208 210 215 217 218 218 220 219 218 216 216 215 205 197 186 189 195 202 203 207 212 220 225 226 227 228 230 231 231 232 231 232 233 232 225 222 226 229 230 231 232 231 230 228 228 226 229 228 224 223 222 220 212 206 214 221 224 218 218 217 213 210 208 203 207 212 216 221 216 215 221 224 225
215 216 218 218 218 216 216 214 212 213 213 215 216 215 212 211 209 204 201 201 211 209 213 216 217 217 218 218 217 215 209 211 212 208 196 176 169 182 190 189 196 207 215 223 226 228 230 231 230 229 231 232 232 233 232 231 229 227 229 231 232 232 231 231 229 229 228 229 227 226 225 224 220 215 214 218 223 222 213 212 209 206 206 207 211 215 219 223 223 221 223 222 227 226
216 215 217 219 219 218 217 215 215 215 214 214 215 215 213 211 206 209 205 203 211 215 212 215 216 217 217 215 214 211 207 205 205 205 198 185 181 185 191 195 200 206 213 217 223 228 229 230 230 230 231 232 232 233 231 229 230 228 231 232 232 232 231 230 229 230 230 228 227 226 225 223 217 219 222 222 227 223 220 217 215 212 214 216 221 220 220 225 222 226 227 227 228 228
218 216 218 218 218 217 215 217 217 216 215 213 213 212 212 209 208 210 212 205 205 214 214 215 216 218 216 214 210 206 200 194 189 189 195 195 192 192 187 187 189 196 203 212 220 227 229 230 231 231 232 232 233 233 232 230 230 230 232 232 231 231 230 230 231 231 230 228 227 225 224 221 218 223 225 226 227 228 227 226 223 221 219 224 226 225 222 226 228 228 229 229 228 228
220 219 218 217 217 217 217 216 215 216 215 214 212 208 207 211 214 211 214 212 209 212 217 213 218 218 215 212 208 201 194 185 175 178 185 194 199 201 197 188 187 186 194 209 218 222 228 230 231 231 232 232 232 233 233 231 233 233 233 233 232 231 231 231 231 230 229 228 227 225 224 218 221 226 227 227 226 229 229 229 227 226 224 225 227 228 230 231 232 231 230 230 229 228
219 217 218 216 215 216 217 217 214 215 216 214 211 208 206 211 213 216 217 216 216 212 218 220 219 217 213 210 203 195 183 176 166 170 180 186 197 204 203 197 197 191 196 205 213 220 226 230 231 232 232 233 233 233 233 232 233 234 233 233 233 231 231 231 231 229 228 228 227 228 226 222 224 228 229 228 227 230 230 229 225 226 222 220 223 228 230 232 233 233 231 231 229 228
218 216 217 216 216 214 212 212 212 215 216 215 212 208 207 211 215 216 219 215 215 219 218 221 219 215 210 207 199 191 186 179 172 174 180 188 195 204 209 205 203 196 198 204 212 218 225 229 231 231 232 232 233 233 234 233 233 234 233 233 233 231 231 231 231 229 228 229 228 229 228 228 225 227 228 228 230 231 231 229 226 227 225 222 222 227 229 231 232 234 233 231 232 231
218 216 217 216 215 212 206 207 214 217 215 210 211 205 202 206 211 214 218 220 218 219 220 221 219 213 207 202 195 185 177 173 173 178 182 188 197 204 210 211 206 199 203 207 210 218 227 230 232 232 232 232 233 233 233 234 233 234 234 233 233 232 232 231 231 230 229 230 229 229 227 227 227 226 226 224 227 232 231 229 228 229 230 230 228 230 233 232 232 233 234 234 233 233
217 216 216 215 213 208 203 207 212 218 212 210 207 206 201 205 208 214 216 217 221 221 222 221 216 210 207 203 194 181 172 169 170 173 176 181 193 203 210 213 207 207 207 212 219 223 227 230 231 231 232 233 233 233 233 234 234 233 234 233 233 232 232 230 231 231 231 231 230 230 229 228 228 227 227 225 228 232 231 227 227 229 231 233 233 232 233 234 234 233 235 235 234 232
218 217 215 212 209 206 206 210 215 216 214 208 203 203 209 206 206 216 219 220 220 222 222 220 217 210 206 202 196 189 181 179 175 179 187 189 197 207 212 213 209 214 216 214 216 221 228 230 232 232 233 233 233 233 233 234 234 234 234 233 233 232 232 230 231 232 232 231 231 230 230 231 231 229 228 227 230 232 230 229 228 228 231 233 234 234 234 235 235 234 234 235 235 235
217 218 212 210 211 210 211 214 217 215 217 212 205 205 207 214 212 217 220 221 221 222 222 221 218 210 205 201 192 184 183 185 186 187 188 196 202 210 215 212 212 215 217 221 224 224 230 232 232 233 233 233 233 234 234 234 234 234 234 234 234 233 232 231 232 232 232 232 231 229 228 231 232 232 232 232 232 232 231 229 229 232 229 231 233 234 235 235 235 235 235 235 236 236
215 220 214 212 218 216 217 218 218 220 218 213 208 211 203 214 217 217 218 222 222 223 222 218 218 211 206 200 189 180 178 184 188 193 196 196 203 211 217 215 215 215 215 221 226 228 231 230 231 232 233 233 233 234 234 234 233 234 234 234 234 233 233 232 232 232 233 232 232 230 229 230 232 232 232 232 232 232 232 232 233 233 229 228 233 234 235 235 235 236 236 235 236 236
217 220 219 217 219 218 220 220 221 220 217 209 207 216 210 213 217 219 219 222 223 223 222 219 216 212 205 199 191 186 180 178 180 188 200 205 209 215 216 215 212 211 213 220 226 228 229 229 230 232 233 233 233 233 234 234 232 233 234 234 234 233 232 232 232 232 233 233 233 232 232 230 231 232 233 232 233 233 233 233 233 233 233 233 235 235 235 235 235 236 236 236 236 234
220 221 222 220 221 221 221 221 221 219 212 206 207 214 218 219 218 221 220 223 223 222 221 218 217 214 207 202 192 185 180 182 188 190 196 205 214 218 215 219 212 208 213 220 225 229 229 229 228 231 232 232 233 233 233 230 231 232 233 233 234 233 231 231 233 232 233 233 233 233 232 230 232 233 233 233 233 233 233 233 233 234 234 234 234 234 235 236 236 236 236 236 236 236
221 221 222 222 223 223 223 222 219 218 215 207 202 205 213 219 220 220 222 223 223 220 220 219 218 213 206 205 200 193 190 188 192 200 203 210 216 220 222 223 217 216 221 225 227 230 230 230 230 231 232 232 233 233 233 230 231 232 233 233 234 233 232 232 233 233 232 232 233 233 232 232 232 232 232 231 232 233 232 232 233 233 233 234 233 233 236 235 232 236 237 236 236 236
222 222 222 223 223 224 223 222 219 214 216 212 209 209 218 218 219 220 222 223 222 220 217 217 219 214 204 207 208 204 200 202 202 205 211 215 216 216 220 224 223 223 223 225 227 229 228 231 230 231 232 232 233 233 232 231 232 233 234 234 234 233 231 232 233 233 233 233 233 232 233 234 234 231 229 227 231 233 233 233 232 229 229 233 233 233 233 234 233 234 235 237 236 237
221 222 223 223 223 224 223 220 220 220 220 219 217 216 216 220 220 222 223 222 220 221 218 221 217 212 206 205 209 211 212 212 214 216 216 218 219 218 221 226 224 224 225 227 229 228 227 229 231 231 232 232 233 233 233 232 232 233 234 234 234 233 231 232 233 233 233 233 234 234 234 234 233 232 229 228 229 231 234 231 231 230 227 229 227 230 234 233 233 232 234 236 237 237
221 222 223 223 224 224 222 219 216 221 221 221 221 216 214 215 216 222 224 221 220 222 219 221 219 214 207 205 205 210 217 220 220 220 221 222 221 223 225 224 223 226 228 229 229 229 227 227 229 232 232 232 232 233 233 232 233 234 234 234 235 233 232 230 231 232 233 232 233 234 234 231 233 234 232 229 228 231 233 234 230 224 225 224 221 226 232 235 235 234 233 235 236 237
220 223 223 224 225 224 219 214 214 218 222 222 220 216 210 210 218 223 224 222 222 220 220 220 215 213 212 212 210 210 217 220 222 222 223 223 222 222 225 225 227 228 229 230 228 229 229 229 231 232 232 232 232 233 233 233 233 234 234 234 235 232 232 227 229 231 233 232 232 234 233 232 232 234 234 233 230 230 232 234 234 232 226 225 223 229 232 233 233 235 234 235 236 237
