ecocropFuture/tif/c6/rcp585/ACCESS-CM2/tmin_4.asc
ncols        683
nrows        518
xllcorner    -87.691666666667
yllcorner    10.708333333333
cellsize     0.008333333333
NODATA_value  nan
[rows 294 to 335 of 518, columns 94 to 187 of 683]
245 244 243 241 241 239 239 239 238 238 234 232 235 239 241 240 234 235 232 234 238 243 247 246 246 247 247 247 247 247 248 248 249 249 250 250 250 251 251 251 251 250 250 250 249 249 249 249 249 250 250 250 250 250 251 251 251 251 251 251 251 251 251 250 250 250 250 250 250 249 248 248 246 246 245 244 244 243 239 238 237 234 236 236 235 231 235 240 235 235 232 225 222 224
247 246 245 244 243 242 241 242 243 241 241 241 240 241 241 238 229 223 221 223 227 235 243 245 245 246 246 246 247 246 246 246 248 249 250 250 250 251 251 251 250 250 250 250 249 248 249 249 249 249 250 250 250 250 251 251 251 251 251 251 251 251 251 251 251 250 250 250 250 249 249 248 246 245 243 244 244 243 242 237 239 238 239 239 238 238 239 241 240 236 236 229 226 225
248 247 246 246 245 244 243 244 245 244 244 244 243 242 240 238 231 219 207 213 217 232 242 244 245 244 244 245 246 244 244 244 246 249 250 250 250 250 250 250 250 250 250 249 249 248 248 249 249 249 250 250 250 250 251 251 251 251 251 251 251 251 251 251 251 251 251 250 250 250 249 249 247 246 241 241 241 239 240 241 242 238 241 242 242 240 241 241 242 240 238 235 232 230
248 248 247 247 246 246 245 245 246 246 246 245 244 243 241 238 231 218 213 218 224 236 242 243 243 242 243 243 244 244 244 244 244 248 249 250 250 250 250 250 250 250 249 249 248 248 248 248 249 249 250 250 251 251 251 251 251 251 251 251 251 251 251 251 251 251 251 251 250 250 250 250 249 247 242 241 240 241 239 240 244 243 242 242 244 240 241 242 243 241 236 226 224 232
249 249 248 248 248 247 247 247 247 247 246 245 244 243 241 238 234 229 228 228 232 238 241 241 240 240 240 240 240 242 242 241 243 246 246 248 250 250 250 249 249 249 249 249 248 247 248 248 249 249 250 250 251 251 251 251 251 251 251 251 251 251 251 251 251 251 251 251 251 250 250 250 250 248 244 243 242 242 243 242 244 244 244 243 245 244 243 243 243 240 232 225 222 231
250 250 249 249 248 248 248 248 248 247 246 245 244 243 242 240 239 237 235 237 237 239 239 238 236 236 237 237 237 239 238 240 242 245 246 247 249 250 246 247 248 249 249 248 248 247 248 248 249 249 250 250 251 251 251 251 252 252 252 251 251 251 251 251 251 251 251 251 251 251 251 250 250 250 248 243 243 244 245 244 244 245 244 244 246 245 245 244 243 240 236 231 229 231
250 250 250 249 249 249 248 248 247 246 246 245 244 243 242 241 241 239 239 238 238 238 237 232 226 231 231 231 232 233 236 238 242 245 248 248 249 250 248 246 248 248 248 248 247 247 247 248 249 249 250 250 251 251 251 252 252 252 252 252 251 251 251 251 251 251 251 251 251 251 251 251 251 250 249 243 242 243 243 245 246 245 244 245 246 244 245 245 244 243 240 236 234 233
251 250 250 250 249 248 248 247 246 246 245 244 243 242 241 240 241 240 239 238 237 236 235 232 224 225 220 219 225 228 229 234 240 244 248 249 249 250 249 246 247 247 247 247 247 247 247 248 249 249 250 251 251 251 252 252 252 252 252 252 252 251 251 251 251 251 251 251 251 251 251 251 251 250 248 247 244 246 245 244 246 246 246 247 246 243 243 246 245 244 244 240 237 237
251 250 250 249 249 248 248 247 246 246 245 244 243 242 242 241 240 239 238 237 234 235 233 229 220 219 210 214 216 214 214 225 236 242 246 248 250 250 249 246 246 246 246 246 246 247 247 248 248 249 250 251 251 252 252 252 252 252 252 252 252 252 251 252 252 251 252 252 252 252 252 251 251 251 251 250 248 247 248 248 246 245 247 247 247 246 242 246 246 245 245 243 242 241
251 250 250 249 249 248 248 247 246 245 245 244 243 242 241 240 239 238 237 237 236 234 232 229 225 214 199 204 201 202 206 221 236 244 246 249 250 250 249 248 246 245 245 245 246 246 247 248 249 249 250 251 251 252 252 252 252 252 252 252 252 252 252 252 252 252 252 252 252 252 252 252 252 252 252 251 251 250 249 248 248 246 246 247 247 247 247 247 246 246 244 244 242 240
251 251 250 250 249 248 248 247 246 245 244 244 243 242 241 240 239 238 237 235 235 234 231 231 227 215 205 198 192 198 215 228 238 246 249 249 250 249 249 247 246 244 244 244 245 246 247 248 248 249 250 251 252 252 252 252 252 252 252 252 252 252 252 252 252 252 252 252 252 252 253 253 253 252 252 252 251 251 251 249 249 248 245 245 247 247 247 247 247 246 245 245 242 237
252 251 250 250 249 248 247 247 246 245 245 243 243 242 241 240 240 239 238 237 235 233 232 231 228 223 214 208 207 212 222 232 242 248 249 250 249 249 248 246 244 242 243 244 245 246 247 248 249 249 250 251 252 252 252 252 253 252 252 252 253 252 253 253 253 253 252 253 253 253 253 253 253 253 252 252 252 251 251 250 249 250 249 246 244 246 248 248 246 246 245 245 244 242
252 251 251 250 249 248 248 246 246 245 244 244 243 242 242 241 240 239 238 237 236 234 233 232 229 227 225 221 221 224 227 230 243 249 250 250 245 244 245 243 242 243 242 244 245 246 247 247 248 249 250 251 252 252 253 253 253 253 253 253 253 253 253 253 253 253 253 253 253 253 253 253 253 253 253 253 252 252 251 251 250 250 249 248 245 246 248 248 245 245 246 245 245 242
252 251 251 250 249 248 248 247 246 245 244 244 244 243 242 241 241 240 238 238 237 236 234 234 232 231 230 227 229 232 234 241 245 249 251 251 246 243 236 240 247 251 245 245 245 244 246 248 249 250 251 252 252 252 253 253 253 253 253 253 253 253 253 253 253 253 253 253 253 253 254 254 254 253 253 253 252 252 252 251 251 250 250 249 248 249 249 248 247 247 246 246 245 244
252 251 251 250 249 249 248 247 246 246 245 245 245 244 243 242 241 240 240 239 238 237 236 236 236 235 233 216 222 237 241 244 247 250 252 252 250 245 236 241 250 250 246 242 241 242 243 244 247 249 251 252 253 253 253 253 254 254 254 254 254 254 254 254 254 253 253 253 254 254 254 254 254 254 253 253 253 252 252 251 251 250 250 250 249 249 248 248 248 247 246 247 246 246
253 253 252 251 250 249 249 248 247 247 246 246 244 244 243 243 242 242 241 240 239 238 238 238 237 238 238 233 235 244 245 246 249 250 251 252 251 248 248 250 251 250 244 235 235 238 238 240 243 249 251 252 253 253 253 254 254 254 254 254 254 254 254 254 254 254 254 254 254 254 254 254 254 254 253 253 253 252 252 251 251 251 250 250 249 249 248 248 248 248 247 247 247 247
253 252 252 251 251 250 249 248 248 248 247 246 245 245 244 243 243 242 241 241 240 240 239 239 239 240 241 242 244 248 247 249 250 251 252 253 253 252 248 250 251 245 236 226 223 229 235 238 243 249 251 253 253 254 254 254 254 254 254 255 255 255 255 254 254 254 254 254 254 254 254 254 254 254 254 253 253 253 252 252 251 251 250 250 249 249 249 248 248 248 247 248 247 248
253 253 253 252 251 250 250 249 249 249 248 247 246 246 245 244 244 243 243 242 241 241 241 240 241 241 243 244 244 247 248 250 251 252 253 254 254 254 253 251 247 237 227 208 196 216 232 237 243 245 252 253 253 254 254 255 255 255 255 255 255 255 255 255 255 255 255 255 255 255 254 254 254 254 254 253 253 253 252 252 251 251 250 250 249 249 249 248 248 248 248 248 248 248
254 253 253 252 251 251 251 250 250 249 248 248 247 247 246 245 244 244 244 243 243 242 242 241 242 242 244 245 246 247 249 250 251 253 254 254 254 254 254 252 248 239 224 203 189 213 230 237 243 248 252 253 254 254 255 255 255 255 255 255 255 256 255 255 255 255 255 255 255 255 255 255 255 254 254 253 253 253 252 252 251 251 250 250 250 249 249 248 248 248 247 247 247 248
255 253 252 252 252 252 251 251 251 250 249 249 248 247 247 246 246 246 245 244 244 244 243 243 243 243 243 245 247 247 249 250 251 252 254 254 254 254 254 254 252 244 233 221 215 221 230 233 241 248 252 254 254 254 255 255 255 255 255 256 256 256 256 255 255 255 255 255 255 255 255 254 254 254 254 254 253 253 253 252 252 251 251 250 250 249 249 248 248 247 247 247 247 248
255 254 252 252 252 252 252 252 251 251 250 250 249 249 248 247 247 247 246 246 245 245 245 244 244 245 245 246 247 248 249 250 251 252 253 254 255 255 255 255 254 251 244 239 235 230 230 233 241 252 254 254 255 255 255 255 255 256 256 256 256 256 255 255 255 255 255 255 255 255 255 254 254 254 254 254 254 253 253 253 252 252 251 251 250 249 249 248 248 247 248 248 248 249
253 253 250 252 253 253 253 252 252 252 251 251 250 249 249 249 249 248 248 247 247 247 246 246 246 246 247 247 247 249 249 251 252 253 254 255 255 255 256 256 256 255 254 251 250 244 241 241 247 254 255 255 255 255 255 256 256 256 256 256 256 255 255 255 255 255 255 255 255 255 254 254 254 254 254 254 254 254 253 253 253 252 252 251 251 250 249 248 248 248 248 248 248 249
251 250 249 252 253 253 253 253 253 253 252 252 251 250 250 250 250 249 249 248 248 248 248 247 248 248 248 248 248 249 249 250 250 253 254 255 256 256 256 257 257 256 256 256 255 254 255 254 255 256 255 255 256 256 256 256 256 256 256 256 255 255 255 255 255 255 255 255 255 254 254 254 254 254 254 254 254 254 254 253 253 253 252 252 251 250 249 249 248 248 248 248 249 249
247 249 250 253 254 254 254 254 254 254 253 252 252 251 251 251 251 250 250 250 249 249 249 249 249 248 249 249 248 247 250 251 250 251 254 255 256 256 257 257 257 257 257 257 257 257 257 257 256 256 256 256 256 256 256 256 256 256 256 256 255 255 255 255 255 255 255 255 254 254 254 254 254 254 254 254 254 254 254 254 254 253 253 252 251 251 250 249 248 247 248 249 249 249
244 246 249 254 254 255 255 254 254 254 254 253 253 252 252 252 252 252 251 251 251 250 250 250 250 250 250 249 249 249 250 251 250 251 253 255 256 257 257 258 258 258 258 258 257 257 257 257 257 257 257 256 256 256 256 256 256 256 256 256 255 255 255 255 255 255 255 255 254 254 254 254 254 254 254 254 254 254 254 254 254 254 253 252 252 251 250 249 248 247 247 249 249 250
249 247 248 253 255 255 255 255 255 255 254 254 254 253 253 253 253 252 252 252 252 251 251 251 251 251 251 251 250 251 251 252 251 251 253 255 256 256 257 257 257 257 257 257 257 257 257 257 257 257 257 256 256 256 256 256 256 256 256 256 255 255 255 255 255 255 255 255 255 254 254 254 254 254 254 254 254 254 254 254 254 254 253 253 252 251 250 249 248 248 247 249 250 250
255 255 249 249 255 256 255 255 255 255 255 255 254 254 254 254 254 253 253 253 252 252 252 252 252 252 252 252 252 251 252 252 252 252 251 254 256 256 256 257 257 257 257 257 257 257 257 257 257 257 257 251 248 256 256 256 256 256 256 256 255 255 255 255 255 255 255 255 255 254 254 254 254 254 254 254 254 254 254 254 254 254 253 253 252 251 250 249 249 248 248 249 250 251
257 254 255 253 252 256 254 255 256 256 256 255 255 255 255 255 254 254 254 254 253 253 253 253 253 253 253 253 253 253 253 253 253 252 252 253 255 256 256 257 257 257 257 257 257 257 257 257 257 257 257 254 254 256 256 256 256 256 256 256 255 255 255 255 255 255 255 255 255 254 254 254 254 254 254 254 254 254 254 254 254 254 254 253 252 251 250 249 249 249 249 250 251 251
256 257 254 256 256 257 256 253 254 256 256 256 256 255 255 255 255 255 255 254 254 254 254 254 254 254 254 254 254 254 254 253 253 253 253 253 254 255 256 256 256 257 257 257 257 257 257 257 257 257 257 256 256 256 256 256 256 256 256 256 255 255 255 255 255 255 255 255 254 254 254 254 254 254 254 254 254 254 254 254 254 254 254 253 252 251 250 250 249 249 250 251 251 252
261 260 259 258 258 258 257 255 253 254 256 256 256 256 256 256 256 255 256 255 255 255 255 255 255 255 254 254 254 254 254 254 253 253 253 253 254 255 256 256 256 256 257 257 257 257 257 257 257 257 257 256 256 256 256 256 256 256 256 256 255 255 255 255 255 255 255 254 254 254 254 254 254 254 254 254 254 254 254 254 254 254 254 253 252 251 251 250 249 250 251 251 252 252
261 260 259 258 258 258 257 256 256 256 257 257 257 257 257 257 256 256 256 256 255 255 255 255 255 255 255 255 255 255 254 254 254 253 253 253 254 255 255 256 256 256 256 256 256 256 256 256 256 256 256 256 256 256 256 256 256 256 256 255 255 255 255 255 255 254 254 254 254 254 254 254 254 254 254 254 254 254 254 254 254 254 254 253 252 252 251 251 250 251 252 252 252 252
262 261 261 260 259 257 257 257 256 257 258 258 257 257 258 257 257 257 257 257 256 256 256 256 256 256 255 255 255 255 255 254 254 254 254 254 254 254 255 255 255 255 256 256 256 256 256 256 256 256 256 256 256 256 256 256 256 256 255 255 255 255 255 254 254 254 254 254 253 253 253 253 253 253 254 254 254 254 254 254 254 254 254 253 253 252 251 251 251 252 252 252 252 253
263 262 262 261 260 259 259 258 257 258 258 258 258 258 258 258 258 257 257 257 257 257 257 256 256 256 256 256 256 255 255 255 254 254 254 254 254 254 254 254 254 254 255 255 255 255 255 255 255 255 255 255 255 255 256 256 256 255 255 255 255 255 254 254 254 254 253 253 253 253 253 253 253 253 253 253 254 254 254 254 254 254 254 254 253 252 252 252 252 252 252 252 253 253
263 263 262 260 261 261 260 259 258 259 259 259 258 259 259 258 258 258 258 258 258 258 257 257 257 257 256 256 256 256 255 255 255 254 254 254 254 254 254 254 253 253 253 253 254 255 255 255 255 255 255 255 255 255 255 255 255 255 255 255 255 255 254 254 253 253 253 252 252 252 252 252 252 253 253 253 254 254 254 254 254 254 254 254 253 253 253 253 253 253 253 253 253 253
263 263 262 262 262 262 262 261 260 260 259 259 259 259 259 259 259 259 258 258 258 258 258 257 257 257 257 257 256 256 256 255 255 255 254 254 254 253 253 253 252 252 252 251 252 253 253 254 254 254 255 255 255 255 255 255 255 255 255 255 255 254 254 254 253 253 252 251 251 251 251 252 252 252 253 253 253 254 254 254 254 254 254 254 253 253 253 253 253 253 253 253 253 253
nan nan 263 263 263 262 262 262 261 261 259 260 260 260 260 259 260 259 259 259 259 258 258 258 257 257 257 257 257 256 256 255 255 255 254 254 254 253 253 252 252 251 251 250 250 250 251 252 253 254 254 254 255 255 255 255 255 255 255 254 254 254 254 253 252 251 250 250 250 250 250 251 252 252 253 253 253 254 254 254 254 254 254 254 253 253 253 253 253 253 253 253 253 253
nan nan nan nan 263 263 262 262 262 261 261 261 261 260 260 260 260 260 260 260 259 258 258 258 258 257 258 257 257 256 256 255 255 255 254 254 253 253 252 252 251 251 250 250 249 248 248 249 250 251 252 253 254 254 254 255 255 254 254 254 254 253 253 252 251 248 247 248 246 248 249 251 252 252 253 253 253 254 254 254 254 254 254 254 254 254 253 253 253 253 253 253 253 253
nan nan nan nan nan 263 263 263 263 262 262 261 261 261 261 261 261 261 260 260 260 259 259 258 257 258 258 256 255 256 256 255 255 255 254 254 253 253 252 251 251 250 250 249 248 247 247 246 248 248 250 250 252 253 254 254 254 254 254 253 253 253 252 250 249 245 244 240 238 243 246 249 250 252 253 253 253 254 254 254 254 254 254 254 254 254 253 253 253 253 253 253 253 253
nan nan nan nan nan nan nan 263 263 263 262 262 262 262 262 261 261 261 261 261 261 260 259 258 258 258 257 256 255 255 255 255 255 254 254 253 253 252 252 251 250 250 250 249 248 247 247 246 245 246 248 247 248 251 252 253 254 253 253 253 253 252 250 249 247 243 237 242 240 236 238 243 250 252 253 253 253 254 254 254 254 254 254 253 253 253 253 253 253 253 253 253 253 253
nan nan nan nan nan nan nan nan 264 263 263 263 263 263 262 262 262 262 261 261 261 261 260 259 259 258 256 255 255 254 254 254 255 254 254 253 252 252 251 250 250 249 249 248 248 247 246 245 244 243 245 245 245 248 248 250 253 253 253 252 252 251 249 247 245 240 240 252 251 238 234 240 250 252 253 253 253 253 254 254 254 254 254 253 253 253 253 253 253 253 253 253 253 253
nan nan nan nan nan nan nan nan nan nan 264 263 263 263 263 263 262 262 262 262 262 261 261 259 259 258 256 254 255 255 254 255 254 254 253 253 252 252 251 250 249 249 248 247 247 246 245 244 243 242 242 243 242 243 245 247 250 252 252 252 252 250 249 247 244 241 237 246 248 240 242 243 248 251 253 253 253 253 254 254 254 254 254 253 253 253 253 253 253 253 253 253 253 253
nan nan nan nan nan nan nan nan nan nan nan 263 263 263 263 263 262 262 262 262 262 261 261 259 258 258 255 254 253 254 254 254 253 252 253 253 252 252 251 250 249 248 247 247 246 245 244 244 243 242 240 239 239 238 237 243 248 250 251 251 251 250 249 248 246 244 240 238 238 248 251 249 250 250 253 253 253 254 254 254 254 254 254 253 253 253 253 253 253 253 253 253 253 253
