ecocropFuture/tif/c6/rcp585/ACCESS-CM2/tmin_1.asc
ncols        683
nrows        518
xllcorner    -87.691666666667
yllcorner    10.708333333333
cellsize     0.008333333333
NODATA_value  nan
[rows 294 to 335 of 518, columns 188 to 281 of 683]
201 195 195 197 197 198 199 198 198 198 199 197 194 188 188 187 191 191 193 192 190 185 188 190 191 191 192 194 194 197 199 200 200 200 196 193 191 187 185 185 193 198 192 182 174 184 193 179 171 169 168 171 171 172 172 173 177 187 192 195 196 195 195 200 202 205 203 206 206 205 204 205 200 200 198 195 198 195 189 186 192 195 196 199 196 195 202 198 191 196 197 200 201 205
202 200 199 198 197 197 198 198 197 196 198 197 193 188 185 185 188 191 193 193 188 180 183 184 188 192 196 198 198 200 200 200 200 200 199 195 193 190 189 191 196 199 191 179 176 188 194 184 173 167 168 169 171 173 174 176 179 188 193 195 197 196 197 199 202 204 204 207 207 206 203 203 199 198 199 194 193 192 189 187 188 188 191 196 194 192 200 199 193 188 197 200 203 204
207 205 201 198 198 197 198 197 198 197 196 197 194 191 188 188 188 190 194 194 183 174 178 184 191 192 195 197 198 198 198 199 200 200 196 196 197 195 196 199 201 199 194 186 189 198 189 172 168 174 176 173 172 174 176 178 182 191 194 196 196 197 198 201 204 202 202 207 206 204 200 197 200 201 199 196 194 189 188 189 190 190 191 195 195 194 195 194 188 187 197 201 200 203
208 204 201 199 199 197 198 196 199 199 197 197 194 191 187 190 192 192 197 191 183 178 179 187 192 189 192 195 197 195 196 197 199 200 199 196 196 196 197 201 204 202 195 196 201 198 183 168 170 184 188 183 176 176 177 179 182 187 193 197 198 199 200 202 200 202 201 207 206 203 199 197 202 200 197 195 195 192 187 189 187 187 192 193 191 189 191 191 190 188 190 194 198 205
210 204 200 199 199 198 199 196 200 200 198 196 195 190 188 189 191 198 197 189 181 176 177 184 187 187 185 190 195 192 190 192 196 198 200 199 195 196 197 202 205 203 193 202 201 190 176 171 183 189 190 187 176 177 178 181 177 184 192 196 196 199 201 202 203 204 205 206 206 204 202 204 202 202 198 194 190 188 186 187 184 188 186 187 187 182 187 191 195 193 186 188 196 202
211 207 203 202 200 201 204 199 201 201 198 195 194 192 195 196 195 200 192 184 180 177 177 179 187 189 189 190 193 190 185 189 194 196 199 198 196 201 200 205 207 206 199 206 200 192 181 177 188 190 191 190 179 183 181 189 189 188 190 194 196 197 199 202 201 202 205 205 206 206 204 203 201 200 195 189 186 186 190 187 184 187 182 180 183 176 186 193 197 197 193 191 200 205
212 207 206 204 206 207 208 201 202 203 199 194 193 193 195 201 201 199 191 185 181 178 177 181 187 190 190 187 189 188 187 192 194 197 197 195 200 205 201 202 206 209 205 208 203 197 183 186 193 188 191 192 185 187 185 191 195 193 195 195 192 194 195 203 203 205 205 205 204 205 205 202 201 199 197 190 187 191 189 181 182 185 181 178 179 180 188 194 198 199 195 188 196 205
215 210 209 210 210 210 210 205 205 206 204 202 198 196 192 200 204 201 198 192 188 184 180 187 189 191 189 186 189 186 184 191 192 189 190 195 205 207 206 203 204 208 209 209 202 190 190 195 197 190 180 179 191 195 188 193 196 196 195 197 195 197 199 204 204 204 204 204 202 203 204 200 193 190 193 187 185 190 191 189 188 191 188 190 190 190 191 196 200 200 195 183 193 203
217 214 210 212 209 210 212 208 205 210 209 207 205 200 194 197 203 203 200 195 191 188 186 191 193 196 194 193 192 189 184 192 194 190 191 196 205 208 207 209 207 199 205 211 207 195 197 202 197 189 180 177 182 195 193 193 198 197 196 198 200 201 202 203 204 204 202 201 200 200 203 200 192 187 186 188 190 190 194 193 193 196 190 196 197 196 195 199 202 200 194 186 195 202
217 214 214 215 214 214 213 208 212 214 213 213 209 203 200 198 203 205 200 196 194 191 188 194 198 200 200 200 197 192 189 192 198 196 196 202 204 207 211 211 206 198 204 212 206 201 204 205 202 197 190 186 187 196 201 199 202 201 202 202 203 204 204 204 204 202 200 196 197 199 202 199 197 190 186 189 193 196 196 191 198 194 189 195 200 201 197 200 201 194 198 198 205 208
213 214 218 217 215 216 213 212 217 217 217 213 210 206 200 197 201 207 205 200 198 194 191 199 203 206 206 203 202 198 197 198 203 204 201 206 204 204 210 212 209 206 208 211 210 207 208 209 204 200 198 191 193 199 202 204 201 203 202 203 203 204 204 202 201 197 194 195 193 193 195 197 195 194 188 184 184 193 198 199 200 198 197 199 201 204 200 201 199 194 202 205 207 209
213 211 217 221 216 218 216 216 216 217 218 215 212 204 198 201 206 208 204 199 202 195 195 204 204 208 208 206 204 203 202 202 207 211 207 212 208 199 201 208 212 209 210 212 213 210 212 211 204 206 195 192 196 199 203 204 201 204 203 199 202 202 203 198 198 198 198 198 194 189 185 188 191 186 184 184 184 192 195 196 202 201 202 201 200 201 205 206 202 201 203 207 209 208
213 210 216 221 221 221 217 213 210 216 219 217 214 204 198 197 200 208 208 207 202 195 196 205 210 211 211 209 207 208 207 207 211 213 212 211 203 197 200 206 213 210 211 213 215 211 214 211 211 208 206 202 199 199 203 206 204 203 198 198 199 197 203 202 202 201 198 198 195 193 187 186 189 187 187 192 189 195 198 200 203 204 204 203 203 200 201 205 209 209 207 207 210 209
217 216 215 219 224 223 218 211 213 218 220 216 211 208 205 199 198 205 211 210 206 197 194 207 212 212 213 212 212 213 212 210 215 215 214 208 207 204 201 210 213 215 214 214 216 215 214 212 212 211 208 205 201 203 208 205 200 197 196 199 200 197 203 200 199 197 194 196 195 190 193 193 194 191 194 195 193 196 195 197 201 203 205 206 205 202 203 203 203 210 211 211 211 210
220 222 221 219 224 224 221 216 216 217 220 219 217 215 212 206 198 202 208 211 206 200 197 206 213 213 214 213 214 214 214 213 216 214 210 210 213 211 207 208 214 217 218 217 217 216 216 215 210 212 210 208 209 207 206 203 201 197 195 194 200 197 202 198 193 192 192 188 189 193 196 197 197 190 195 198 196 198 200 202 203 206 207 207 207 206 205 204 203 206 211 212 212 212
222 224 225 223 224 223 223 222 221 221 220 218 215 213 213 207 201 202 210 212 206 202 203 209 212 215 214 212 211 213 214 215 216 218 214 214 214 211 209 210 217 218 219 218 218 218 217 215 215 214 213 213 211 208 206 201 200 197 197 199 196 198 202 199 194 189 186 178 182 189 194 198 198 195 198 200 200 201 204 205 204 204 203 203 204 208 208 208 209 210 212 212 212 213
224 224 224 225 225 224 224 223 223 223 220 216 208 205 207 204 201 202 209 212 213 208 208 209 213 215 216 215 211 213 216 217 219 219 218 217 218 216 216 215 219 219 219 218 218 218 218 215 214 214 213 209 211 209 205 197 196 199 199 197 195 201 201 199 194 188 182 177 182 190 195 198 199 199 199 200 199 197 198 199 199 200 198 195 199 202 205 203 204 208 211 211 210 211
225 224 225 225 226 224 223 224 224 223 221 218 213 203 200 201 203 206 206 203 213 213 212 207 212 217 216 213 208 208 212 217 218 220 220 220 220 219 218 220 220 220 220 219 219 218 218 217 214 211 212 207 208 209 203 196 193 198 198 193 196 200 200 199 195 186 178 183 186 189 193 195 195 196 197 196 198 200 201 203 202 201 200 202 203 206 208 209 209 208 209 210 210 211
225 225 226 226 226 225 223 224 224 223 223 219 212 203 206 201 203 203 201 200 208 213 217 211 211 217 211 205 205 203 207 214 220 221 221 221 221 221 220 220 220 220 220 219 219 218 217 216 212 206 206 208 203 201 199 193 193 198 198 191 196 194 191 193 193 188 179 181 185 189 192 192 194 195 196 197 199 201 202 204 205 206 205 209 209 210 209 209 212 211 208 210 211 212
225 225 226 226 226 226 225 224 224 224 223 221 214 203 207 212 211 206 205 208 210 207 213 218 215 217 212 206 211 211 212 216 220 222 221 219 220 221 221 221 220 220 219 219 219 218 217 216 214 209 205 201 204 200 192 194 196 196 195 191 194 196 192 185 187 186 181 177 179 185 188 191 194 195 197 198 198 198 199 202 203 205 209 209 205 201 206 210 212 213 212 213 211 213
225 225 225 226 226 226 225 223 224 224 224 222 219 208 206 210 213 213 206 210 215 210 207 216 217 219 214 208 214 216 215 221 222 222 218 216 214 219 219 220 220 220 220 219 218 217 217 216 214 207 203 203 194 193 190 194 195 199 203 202 203 202 201 198 193 187 183 184 181 180 185 188 194 197 196 196 197 198 200 201 201 206 209 205 195 193 198 204 206 212 212 213 213 213
225 225 225 225 226 226 225 224 225 224 224 223 222 218 209 211 213 217 215 212 216 215 209 212 218 221 215 210 216 222 222 222 221 220 215 209 209 214 216 219 220 219 219 214 213 216 216 216 215 212 210 207 197 200 192 192 194 201 203 208 208 203 200 195 190 188 193 192 194 192 192 193 195 197 197 197 198 198 197 200 202 201 208 203 196 194 196 204 209 206 209 212 213 213
225 225 225 225 225 225 225 225 225 224 224 224 223 220 218 217 218 219 219 216 219 215 211 216 220 221 212 212 220 223 222 220 217 216 211 203 202 206 208 215 219 216 216 212 209 210 214 213 213 214 212 206 201 207 202 202 196 203 208 210 206 202 199 198 191 192 200 201 201 198 196 198 198 198 197 196 197 197 196 195 198 199 206 208 201 197 197 203 207 202 204 208 211 213
225 225 225 225 225 225 225 225 225 225 224 224 224 222 221 219 216 215 217 221 220 212 212 221 224 221 215 216 223 223 219 213 214 207 202 200 200 199 206 215 217 218 217 214 206 205 212 209 211 212 212 207 204 209 209 207 203 200 205 210 206 197 192 189 195 201 205 206 205 202 199 201 199 200 199 198 198 197 196 196 200 203 206 205 204 201 199 200 204 202 202 202 205 212
225 225 225 225 225 225 225 225 225 224 224 224 222 221 219 215 214 217 217 220 222 215 219 222 224 224 222 222 224 223 216 209 209 207 202 202 199 200 212 216 213 215 211 207 200 203 208 209 206 207 208 208 204 212 211 207 203 201 207 212 209 202 196 187 196 203 205 209 209 206 204 201 199 199 198 200 201 199 201 202 206 208 208 204 199 199 198 199 204 203 203 206 207 212
226 226 226 226 225 225 225 225 225 225 224 224 219 217 215 213 213 214 219 220 223 222 221 224 224 224 224 224 224 223 218 216 209 204 203 205 204 203 210 214 209 214 209 200 197 199 200 200 200 198 202 201 209 212 213 212 210 209 209 211 212 204 196 193 202 209 211 209 211 209 206 200 197 198 198 199 202 202 203 202 203 204 207 204 201 199 199 199 201 200 205 210 212 213
227 226 226 226 226 225 225 225 225 224 224 224 222 220 215 209 210 214 219 222 224 225 225 225 222 223 221 219 223 222 221 216 209 208 210 211 212 205 210 209 205 206 203 198 195 194 193 193 195 193 195 198 202 203 212 213 213 212 215 217 214 206 199 202 209 212 212 211 208 212 207 202 200 200 200 200 202 204 202 201 202 204 204 203 202 200 200 200 199 200 206 210 208 211
227 227 227 226 226 225 225 225 224 224 224 224 223 223 220 211 212 216 218 222 225 226 226 223 219 218 217 214 220 219 218 216 214 216 219 212 215 214 217 214 212 209 203 199 196 192 188 190 191 191 192 197 203 206 208 214 216 213 218 217 206 204 210 212 216 213 213 214 209 213 211 207 201 202 202 201 202 203 203 201 203 203 203 201 200 201 200 200 198 200 202 202 202 205
228 228 227 226 226 225 225 225 224 224 224 224 223 221 221 213 217 217 219 222 226 226 226 225 223 223 222 217 217 213 211 213 217 221 223 217 215 218 213 212 212 211 203 201 198 193 188 190 187 187 191 198 205 211 214 216 218 217 220 217 207 203 212 217 217 218 219 217 213 215 211 208 205 204 203 203 203 204 203 203 202 202 201 201 200 200 201 200 198 199 201 202 204 207
229 228 228 227 226 225 225 225 224 224 224 224 223 223 222 219 219 222 223 224 226 226 226 226 225 224 220 217 213 213 213 213 218 223 224 224 222 214 208 202 203 208 205 202 199 195 200 203 199 187 185 192 196 202 210 214 218 218 221 220 215 212 216 218 219 221 220 218 214 216 210 208 206 204 204 205 205 205 204 203 202 201 200 198 197 199 201 200 199 197 200 200 200 202
229 228 228 227 226 225 225 224 224 224 224 224 223 223 223 223 222 224 225 225 226 226 225 226 226 222 219 219 218 215 215 217 222 225 225 224 220 213 211 203 201 201 203 201 199 207 211 212 208 199 190 189 192 193 197 208 215 220 222 220 216 212 215 219 221 221 221 219 214 215 215 210 206 205 204 205 205 206 205 203 205 203 201 194 195 198 200 201 200 198 199 198 198 199
229 228 228 227 226 225 224 224 224 224 224 224 224 223 223 223 224 224 225 225 226 226 226 226 226 225 224 224 224 217 218 218 223 226 226 224 223 219 216 209 204 202 205 201 205 214 214 215 214 210 202 195 203 205 198 202 214 221 223 219 216 213 217 220 222 222 220 215 211 219 213 212 208 207 207 207 206 205 206 207 205 204 203 198 198 200 197 198 200 198 196 194 194 199
229 228 228 227 225 225 224 224 224 224 224 224 224 223 223 224 224 224 225 225 226 226 226 226 227 227 226 225 224 219 223 220 220 226 227 227 226 222 218 216 211 209 214 207 203 215 216 215 216 216 205 204 203 210 207 204 217 223 223 221 218 217 220 223 223 222 219 214 218 219 213 210 206 212 212 208 209 209 211 211 209 207 208 206 207 205 192 188 197 200 196 195 199 201
229 229 228 227 225 224 224 224 224 224 224 224 224 223 224 224 224 225 225 225 226 226 226 226 227 227 227 224 220 218 225 223 224 228 228 227 223 220 221 220 217 218 218 211 206 217 218 219 219 219 211 202 208 216 210 210 220 223 221 221 219 221 223 224 223 223 223 222 221 219 215 210 208 214 215 213 214 213 215 214 211 213 214 213 210 205 198 194 198 204 201 196 199 195
230 229 228 227 225 224 224 224 223 223 223 223 223 223 224 224 224 225 225 226 226 226 226 226 227 227 227 227 224 222 227 227 228 229 228 226 223 223 225 221 222 222 219 211 205 214 215 215 215 211 217 207 205 210 217 215 224 224 218 219 222 224 223 224 224 224 222 219 214 215 212 208 211 216 216 216 215 214 216 216 215 216 215 214 213 211 205 205 209 205 207 201 188 188
230 229 228 226 225 224 224 223 223 223 223 223 223 223 224 224 225 225 225 226 226 226 227 227 227 227 228 228 227 226 228 228 229 229 224 222 226 227 226 226 222 218 212 207 205 204 205 202 208 209 218 208 216 214 221 223 226 224 220 219 225 225 226 225 225 224 223 219 215 210 208 210 212 216 218 218 217 214 216 216 215 217 217 215 213 214 209 208 213 213 213 204 194 191
230 229 228 226 225 224 223 223 223 223 223 223 223 223 224 224 225 225 225 226 226 226 227 227 227 228 228 228 228 228 229 229 229 229 223 223 227 229 228 223 214 212 211 213 214 211 212 211 213 211 218 220 223 217 213 224 227 226 224 227 227 227 227 226 225 225 224 219 212 210 209 209 212 213 217 220 219 214 215 219 219 216 212 207 209 208 206 209 214 215 215 208 203 195
230 229 228 226 225 224 223 223 223 223 223 223 223 223 224 224 225 225 226 226 226 226 227 227 227 228 228 228 229 229 229 229 229 230 229 229 230 229 229 225 216 213 214 217 220 220 217 218 216 214 217 215 220 224 218 220 221 226 228 225 226 226 225 225 224 224 223 221 213 213 213 211 209 210 215 219 222 217 220 221 218 216 215 214 210 204 210 214 215 217 216 214 208 204
230 229 228 226 225 223 223 223 223 223 223 223 223 223 224 224 225 225 226 226 226 226 227 227 227 228 228 228 229 229 229 229 230 230 230 230 230 230 230 227 223 217 219 219 221 224 221 220 217 220 222 216 217 223 224 224 220 226 228 223 222 223 222 221 222 223 220 221 218 217 217 216 213 214 214 219 222 222 219 215 211 213 208 211 204 206 216 215 217 218 217 215 212 212
230 229 228 226 225 223 223 223 223 223 223 223 224 224 224 224 225 225 226 226 226 226 227 227 227 228 228 228 229 229 229 230 230 230 230 231 231 231 230 228 220 216 222 220 223 223 219 220 221 225 226 223 219 222 228 226 229 229 225 227 226 224 217 214 217 218 219 217 215 216 218 219 218 216 217 221 223 221 216 216 210 207 210 217 210 209 219 219 219 219 217 217 218 216
230 229 227 226 225 223 223 223 223 223 223 224 224 224 224 224 225 225 226 226 226 226 227 227 228 228 228 229 229 229 230 230 230 230 231 231 231 231 231 227 222 217 226 226 224 222 220 222 226 229 229 229 227 225 228 229 230 229 224 222 225 221 216 210 209 211 213 213 214 216 218 220 221 219 220 223 224 221 220 216 215 212 215 221 218 213 218 221 220 218 217 218 219 219
230 229 227 226 224 223 223 224 223 224 224 224 224 225 225 225 225 225 226 226 226 227 227 227 228 228 228 229 229 229 230 230 230 231 231 231 231 231 231 229 220 221 227 224 221 220 223 227 229 225 230 230 231 227 227 230 231 230 226 223 225 221 217 210 203 204 206 209 209 211 217 220 221 221 221 220 224 223 224 222 217 216 218 220 224 222 218 219 222 218 215 220 217 214
