ecocropFuture/tif/c6/rcp585/ACCESS-CM2/tmin_5.asc
ncols        683
nrows        518
xllcorner    -87.691666666667
yllcorner    10.708333333333
cellsize     0.008333333333
NODATA_value  nan
[rows 168 to 209 of 518, columns 188 to 281 of 683]
214 216 213 212 213 209 202 199 203 206 211 217 223 222 217 212 210 204 205 207 206 202 207 206 206 211 220 213 211 221 226 228 228 232 233 235 235 232 232 230 226 219 218 213 204 192 184 184 196 197 189 192 189 196 201 204 208 210 206 207 207 213 219 220 219 222 222 225 225 221 225 228 226 223 231 234 233 233 232 232 232 232 232 233 232 225 223 226 224 217 214 219 215 220
216 212 211 211 209 210 205 199 202 209 216 220 224 224 217 208 204 199 198 197 199 194 199 199 199 207 210 202 206 214 222 228 230 231 231 235 233 229 227 224 224 223 219 213 208 199 187 177 186 189 181 183 183 190 202 205 201 206 208 208 211 215 220 224 222 221 225 224 218 215 221 228 227 228 232 233 233 232 230 230 228 229 229 232 232 231 229 229 224 223 217 220 215 221
212 210 207 211 206 208 205 201 205 210 219 221 226 221 216 209 195 192 197 190 191 194 199 203 211 208 198 198 204 208 221 228 231 229 231 234 232 230 225 219 222 221 216 212 204 198 191 177 183 186 175 174 176 180 191 197 201 207 213 213 214 215 221 223 223 221 221 216 219 221 223 225 228 231 233 231 231 229 226 230 227 228 231 232 228 232 231 229 225 226 222 223 225 228
204 203 203 206 206 204 204 209 213 216 219 225 227 220 213 203 196 202 199 190 198 200 202 205 213 202 190 190 194 205 220 228 229 227 229 233 230 230 225 216 215 215 212 212 207 195 183 175 173 184 181 170 173 177 185 194 205 210 206 209 212 214 211 212 210 212 215 217 219 221 224 228 231 230 233 230 229 226 223 226 225 226 228 230 230 232 224 228 225 228 228 230 233 233
200 199 200 199 201 200 202 211 216 218 221 226 226 219 205 194 198 206 206 201 204 200 208 211 213 199 187 189 195 202 216 226 227 224 230 234 232 226 226 219 214 210 208 207 204 195 184 172 172 180 177 171 172 180 190 198 203 203 205 208 208 208 206 207 208 210 213 216 219 224 227 229 230 233 233 232 230 226 224 221 223 225 228 233 231 230 221 227 230 227 229 231 232 229
193 196 198 200 203 204 206 211 216 219 222 227 226 216 201 198 196 202 211 204 210 204 215 216 210 195 191 194 195 206 218 225 226 227 230 231 233 228 228 219 214 212 210 205 203 197 193 174 171 170 173 166 170 179 185 193 197 202 205 207 203 202 206 206 207 211 213 214 214 218 226 231 232 233 231 231 229 223 220 222 227 227 225 232 230 230 227 231 233 231 230 231 232 224
198 205 209 211 213 210 214 207 216 219 224 228 228 216 204 207 200 207 214 213 215 213 221 217 210 193 195 208 209 216 221 223 225 226 230 232 233 230 228 226 219 217 215 211 210 205 197 183 173 165 167 168 171 175 183 192 197 202 205 207 207 208 208 202 199 204 205 204 208 215 222 228 233 232 229 229 227 227 219 224 228 230 231 228 223 227 226 229 233 234 233 232 226 222
202 204 208 211 213 217 216 214 220 222 226 225 229 222 217 212 208 216 218 215 216 220 224 220 212 195 199 212 219 222 223 223 226 228 229 234 231 231 227 224 223 221 219 216 209 202 196 177 165 167 173 176 175 179 186 196 195 199 201 205 208 210 208 204 201 201 201 206 210 216 222 229 232 230 227 227 228 224 218 222 229 230 231 224 217 220 220 226 225 229 234 229 221 228
196 203 208 210 213 215 217 221 222 224 222 214 225 229 221 216 210 221 214 212 215 221 226 224 219 208 202 212 222 225 225 223 227 228 228 230 233 232 222 217 222 224 222 217 206 196 186 172 174 171 169 182 184 188 195 200 197 197 198 201 206 213 212 209 204 203 204 208 214 218 226 231 231 227 220 221 223 223 215 219 230 232 229 223 217 219 218 219 224 229 234 233 225 224
196 197 203 202 210 212 213 214 216 220 216 210 221 227 227 222 223 224 223 221 223 226 228 223 225 220 216 215 224 227 226 228 226 228 230 226 227 232 224 217 221 226 224 218 206 191 181 179 190 184 179 179 191 195 197 202 200 198 198 201 203 212 216 212 204 205 205 210 215 225 231 228 229 229 227 226 222 221 220 224 229 230 227 226 219 214 214 224 224 228 230 235 235 229
198 196 192 200 208 206 204 205 209 208 211 215 223 227 229 228 229 227 226 224 227 229 229 228 228 227 225 225 226 227 228 230 227 225 229 232 230 228 226 226 227 226 223 218 210 201 192 192 198 194 191 188 191 200 201 205 201 201 201 201 204 210 217 215 207 208 208 212 216 229 231 224 228 226 228 227 223 224 226 227 227 230 230 228 223 219 223 225 231 232 234 235 236 237
200 200 196 197 196 193 191 196 202 214 219 220 225 229 231 229 230 229 228 227 230 230 230 230 230 229 228 227 228 227 228 231 232 230 229 232 230 225 225 231 230 228 226 220 214 206 199 200 204 201 198 195 193 198 205 208 203 200 204 206 204 211 217 219 211 210 214 214 221 232 228 224 225 223 220 223 218 226 225 220 226 228 227 225 222 216 218 222 229 233 233 234 236 237
201 198 195 190 195 199 201 210 214 222 226 228 229 230 231 231 231 231 229 229 230 230 230 231 231 230 231 229 231 225 227 230 232 232 233 232 231 232 231 232 232 230 227 222 220 215 206 206 209 207 203 202 198 198 205 210 209 203 209 207 208 206 217 219 213 214 218 219 229 229 227 227 223 215 215 219 222 225 222 220 224 226 225 223 219 215 219 222 228 232 233 235 236 237
203 201 189 187 203 213 213 220 226 227 226 228 230 230 228 231 232 232 231 230 230 229 231 231 231 230 231 233 233 229 230 231 231 224 229 231 231 233 234 233 231 230 228 225 224 220 211 213 215 210 208 206 201 203 204 208 211 212 211 208 211 211 217 219 217 218 222 227 229 222 222 224 218 216 210 216 219 218 219 221 216 224 218 224 216 217 221 226 231 232 234 236 236 237
206 201 191 187 197 210 223 226 229 228 227 228 230 228 229 230 231 231 232 231 228 228 230 231 231 229 232 232 233 233 230 232 230 221 222 230 231 232 232 231 232 229 224 228 227 219 214 215 217 213 213 207 199 202 207 208 209 217 216 212 214 217 217 220 220 221 227 228 229 224 223 221 215 214 211 205 214 212 213 216 215 219 211 220 217 221 224 228 227 232 234 235 236 237
206 207 201 195 202 218 229 229 227 225 226 228 227 227 226 227 228 229 229 230 231 230 229 231 231 231 233 232 230 229 226 225 227 226 223 227 230 231 230 231 232 232 230 229 228 224 222 221 222 218 215 208 202 201 205 211 210 216 219 213 217 220 220 219 222 222 226 227 222 227 225 222 220 217 209 203 205 208 206 209 209 209 205 214 218 220 221 219 222 230 234 235 236 236
198 212 205 206 216 224 227 225 217 218 219 218 221 224 224 225 227 227 229 226 228 231 232 232 231 232 233 227 218 225 225 222 222 222 224 222 229 230 225 228 230 232 230 227 229 227 226 223 222 220 216 207 207 209 207 211 216 217 220 213 216 221 221 221 223 226 226 219 217 225 224 222 221 217 209 205 207 213 208 204 202 202 206 209 209 209 210 202 208 221 232 236 236 237
200 214 215 208 219 227 220 222 215 210 207 204 207 218 223 226 228 229 229 229 230 231 232 232 231 233 231 216 215 225 225 218 221 223 223 223 228 230 225 224 227 229 232 231 230 229 228 224 221 219 214 211 211 215 211 211 218 219 221 220 220 220 221 222 223 226 222 219 218 220 226 225 224 218 212 212 213 215 212 206 200 196 200 196 192 198 196 193 203 221 231 235 236 236
205 211 218 213 221 224 221 221 216 214 203 199 207 219 225 227 227 227 226 227 226 228 231 232 233 233 231 220 218 219 224 221 215 217 221 220 227 229 225 223 227 226 231 232 232 231 231 227 217 212 211 214 214 216 219 216 215 220 220 222 221 222 222 222 227 225 220 217 217 217 220 221 223 219 220 219 216 208 203 204 201 200 200 191 188 192 191 205 215 224 230 233 235 236
210 212 215 222 221 216 220 218 211 206 206 203 206 219 224 225 225 226 226 225 226 229 229 229 230 233 232 227 217 213 217 220 214 216 220 223 224 226 224 223 224 228 231 227 223 224 229 227 222 215 214 216 217 219 221 217 217 220 223 223 221 220 221 221 226 222 219 218 215 216 216 216 223 221 216 213 207 199 197 193 192 198 202 201 202 205 206 212 221 224 231 230 231 237
215 218 221 223 212 209 206 206 204 199 201 204 203 216 222 222 223 222 225 223 226 229 227 227 230 233 231 228 221 219 219 218 218 216 219 222 222 223 222 225 225 230 229 224 219 221 224 229 227 223 219 220 221 220 220 222 223 223 224 222 219 219 219 220 220 222 218 216 214 213 215 216 223 218 209 203 201 201 197 191 190 196 202 207 207 213 216 220 223 229 231 231 233 237
219 223 222 216 209 203 197 194 198 192 195 200 203 212 215 221 221 223 224 221 226 228 225 227 228 232 230 229 224 220 217 215 217 221 218 220 223 220 223 227 227 230 220 209 214 223 227 228 227 227 227 224 223 223 223 224 224 220 221 223 218 221 218 218 215 219 222 215 212 212 215 221 220 211 206 204 202 199 193 190 192 198 203 211 211 213 215 218 224 229 230 229 235 237
220 216 218 209 201 195 193 193 193 191 192 197 202 209 214 218 222 223 220 223 226 227 226 227 229 231 232 227 224 221 222 221 220 221 222 223 224 226 226 228 229 227 213 207 210 222 225 225 224 225 225 224 222 226 225 224 225 221 220 222 220 222 219 215 214 221 218 213 211 212 216 216 213 212 208 201 197 195 194 193 198 203 207 212 216 217 216 222 225 227 228 233 235 236
216 210 215 210 199 195 195 199 196 195 195 196 200 207 213 217 221 216 217 222 223 225 226 226 225 228 231 229 226 223 225 219 219 220 221 219 219 224 222 224 229 223 215 208 213 220 216 211 220 224 226 225 222 221 219 219 224 224 220 220 222 222 217 212 215 220 213 212 210 212 214 211 207 208 204 199 197 194 191 195 202 207 209 210 213 218 219 220 222 225 228 232 233 235
208 206 209 210 203 204 204 200 194 195 200 200 203 206 212 217 217 212 216 218 219 220 221 224 226 231 229 227 228 228 220 215 213 214 210 209 219 224 225 226 228 225 220 215 216 221 213 218 222 225 227 223 222 219 218 218 221 221 217 221 223 222 215 209 213 219 216 211 211 210 204 204 204 199 199 199 196 193 193 194 200 208 210 206 208 216 220 219 224 230 232 231 234 235
199 203 202 203 208 204 207 203 201 200 202 202 202 201 210 210 216 213 216 219 224 225 224 222 225 231 227 223 226 225 220 217 207 200 202 206 213 219 225 228 227 224 225 222 221 222 217 218 222 223 226 226 222 220 218 219 219 220 216 219 222 221 216 211 215 218 217 212 210 206 198 195 198 197 199 201 200 194 195 195 201 209 208 205 208 212 218 222 222 231 234 232 230 234
196 198 192 196 203 202 200 204 202 203 202 202 200 198 206 212 219 222 225 227 228 229 229 227 229 227 222 220 221 220 223 216 205 200 205 209 211 215 225 224 220 218 219 224 222 219 210 215 218 215 221 225 223 221 219 219 218 216 217 218 222 218 210 211 218 217 216 214 209 206 200 192 197 200 203 205 200 196 196 198 207 212 208 204 201 213 217 223 222 230 232 234 230 233
186 188 188 192 195 201 198 200 204 200 198 198 197 196 207 216 221 224 227 228 229 230 230 231 230 226 223 216 212 220 220 213 204 202 208 214 217 220 225 217 207 207 213 222 222 212 208 213 215 216 221 224 226 222 221 220 219 212 218 221 222 214 208 207 217 216 212 212 209 208 202 195 200 201 207 204 200 200 195 200 210 208 204 201 200 205 215 223 220 222 225 231 234 234
183 187 191 195 196 201 198 201 202 197 194 192 195 201 211 219 223 225 227 228 229 229 230 230 230 229 226 219 213 214 217 213 205 195 201 211 218 223 224 214 207 208 214 220 219 211 210 210 212 215 220 220 226 225 223 219 218 217 219 221 220 211 206 206 214 215 211 210 208 207 202 196 199 205 207 203 203 198 197 205 211 200 199 196 202 210 206 221 223 224 225 231 235 236
187 192 196 199 201 198 197 199 199 197 193 190 198 207 215 220 223 225 226 228 228 229 229 230 230 228 227 224 214 210 207 208 203 191 193 202 216 222 223 219 213 211 216 218 217 212 207 209 211 216 219 219 224 226 224 222 222 221 221 221 217 207 204 205 214 210 206 208 206 204 201 196 198 204 208 206 200 194 195 206 213 203 201 199 200 211 217 222 222 223 230 234 235 236
189 192 197 200 201 197 193 195 194 194 190 186 198 209 215 219 223 225 226 227 228 228 229 230 229 227 225 223 219 214 208 199 198 196 194 199 208 220 213 209 215 211 214 216 214 207 203 208 213 214 216 218 222 223 225 225 223 219 220 220 214 207 204 206 213 208 201 202 207 205 200 196 200 206 208 205 203 199 198 209 214 208 206 205 198 207 221 224 221 226 231 235 234 236
196 191 194 196 200 198 192 189 183 184 187 186 194 209 215 220 223 224 226 227 228 227 229 229 228 226 224 218 207 207 208 199 198 201 201 204 211 220 207 205 213 207 205 207 208 206 197 202 208 209 213 218 219 218 223 224 224 220 219 220 214 208 205 209 212 208 203 202 206 207 206 202 203 209 207 204 204 204 203 205 216 213 210 204 200 202 216 224 226 225 231 231 234 236
193 189 191 194 195 196 195 184 184 184 188 194 196 209 216 220 222 223 225 226 227 227 228 228 227 225 221 214 200 196 198 201 197 203 210 211 218 212 203 204 209 208 204 200 200 194 188 192 195 203 210 215 215 215 221 223 222 219 218 218 213 205 205 210 211 207 205 200 203 199 204 205 203 208 209 209 213 210 202 207 214 219 212 209 204 201 207 217 222 227 228 226 233 236
198 194 192 193 192 189 192 191 187 187 191 198 200 207 215 219 220 222 224 225 227 227 226 226 225 222 216 207 196 190 193 199 202 204 210 217 219 208 206 206 203 201 204 203 201 197 189 183 195 199 204 211 216 220 218 217 219 215 214 216 214 205 205 210 211 205 203 199 201 196 198 200 201 208 211 212 218 213 206 205 212 218 207 210 208 203 203 211 223 228 228 229 233 233
193 190 190 191 191 186 187 188 187 188 196 201 204 207 214 218 221 223 224 226 226 225 225 224 222 218 206 194 188 191 193 198 201 206 208 213 219 214 212 205 197 199 200 197 191 192 188 183 194 197 206 214 217 218 212 211 212 211 211 213 214 207 205 209 210 205 199 194 196 196 192 195 197 204 213 218 221 218 211 210 209 219 208 212 212 207 203 213 222 228 229 228 226 223
188 184 187 190 190 188 182 183 183 184 194 202 206 211 212 215 220 222 224 225 224 223 223 221 218 214 206 193 188 189 193 193 192 200 205 206 214 213 212 205 202 203 200 201 198 193 183 181 188 198 207 214 215 214 208 206 206 206 207 211 210 207 202 208 209 204 200 192 189 192 188 190 197 202 209 220 225 222 215 217 211 220 214 216 213 207 205 216 224 229 229 226 220 214
188 186 188 189 190 187 181 178 180 183 186 194 202 206 205 209 214 220 223 223 222 221 220 218 214 206 197 189 186 188 190 190 195 197 204 208 213 210 212 209 207 206 207 206 203 194 192 185 191 199 208 212 213 210 205 197 198 198 201 206 201 199 200 204 208 204 196 192 188 190 192 195 198 203 207 215 223 227 222 216 212 216 223 220 216 205 206 220 227 230 227 224 219 213
179 182 181 185 190 189 183 179 182 185 186 190 194 200 199 195 199 211 219 221 218 216 215 213 209 201 191 187 187 187 188 191 193 195 200 204 213 214 215 214 211 210 212 210 207 201 194 187 187 195 203 208 207 203 198 192 188 185 193 199 200 199 201 206 206 205 196 189 194 193 192 198 200 202 209 213 220 227 225 219 222 223 220 215 215 207 206 216 225 229 226 223 218 215
174 172 181 184 189 189 185 183 185 187 189 191 193 194 192 190 192 199 215 214 212 209 207 205 202 196 186 188 189 187 187 189 190 192 199 205 208 199 207 211 214 211 207 208 208 204 196 184 181 193 197 204 198 196 192 185 183 177 183 190 198 202 203 201 204 202 199 195 199 202 196 201 203 203 207 212 215 220 228 226 229 226 223 217 213 207 206 212 222 229 227 227 221 217
167 173 182 186 188 189 187 187 185 187 189 190 191 194 193 192 192 200 213 208 201 196 195 194 190 187 188 190 188 188 190 191 193 195 201 205 202 194 197 205 212 213 210 208 208 205 195 191 189 188 192 195 194 182 182 176 177 175 180 191 196 200 198 196 196 198 199 205 201 206 199 202 207 208 204 206 212 217 222 231 233 231 225 217 210 212 213 216 224 229 219 224 224 222
168 173 179 182 184 186 186 185 186 187 186 186 190 194 196 198 196 208 202 205 194 188 189 188 188 187 189 189 188 186 188 188 192 197 200 199 196 194 194 203 209 211 206 199 203 206 202 199 193 182 183 187 178 167 168 175 184 184 177 185 193 199 198 198 199 203 200 204 210 210 206 204 211 213 207 209 211 220 222 223 233 234 220 213 212 214 222 224 227 231 220 222 225 229
164 166 172 175 180 183 185 187 189 189 187 190 192 195 194 193 201 198 196 193 193 186 189 189 189 188 189 191 189 187 189 190 188 190 192 190 191 191 193 202 203 207 208 201 195 204 200 195 191 177 170 171 164 162 173 182 189 190 185 192 196 202 200 201 204 210 210 209 212 214 212 208 208 217 215 214 215 219 227 225 231 235 230 222 222 221 226 231 232 230 223 219 219 228
