ecocropFuture/tif/c6/rcp585/ACCESS-CM2/tmin_5.asc
ncols        683
nrows        518
xllcorner    -87.691666666667
yllcorner    10.708333333333
cellsize     0.008333333333
NODATA_value  nan
[rows 126 to 167 of 518, columns 282 to 375 of 683]
234 228 233 230 226 232 237 239 238 238 236 233 232 234 234 231 223 225 229 232 230 232 232 233 233 231 229 233 230 229 230 226 218 217 215 219 224 222 219 219 224 229 234 230 226 230 227 234 235 235 230 229 232 232 228 236 231 235 231 230 232 232 235 231 230 233 232 229 226 227 230 231 233 234 235 234 234 233 232 229 231 233 233 230 223 219 218 228 232 235 232 228 228 225
232 234 234 232 226 226 235 238 238 237 237 237 235 236 236 232 226 230 230 230 228 225 230 232 231 229 230 233 231 226 224 224 225 221 217 216 217 218 221 222 220 228 231 225 219 224 227 235 236 235 233 228 222 228 228 235 236 234 235 235 233 235 235 235 232 234 237 235 232 231 233 232 232 233 231 230 231 230 231 227 229 233 233 232 229 222 217 222 229 234 231 231 230 226
230 234 235 232 228 228 235 237 238 237 238 237 237 237 236 235 233 233 232 229 228 222 229 231 231 231 232 232 231 227 221 217 226 225 221 219 215 214 216 227 229 232 231 221 217 225 230 231 233 237 231 224 219 228 233 234 237 235 233 238 235 237 234 237 236 238 236 233 233 233 234 233 234 232 231 232 233 233 233 232 233 233 234 234 234 229 230 229 234 232 237 237 237 235
233 233 234 234 231 230 232 236 238 237 238 237 237 237 236 236 235 235 233 230 228 219 227 230 230 231 232 231 230 229 225 221 222 225 222 221 219 218 215 225 229 230 231 224 218 226 228 222 224 237 232 218 220 228 235 234 238 237 236 239 235 239 236 238 239 237 232 231 233 233 233 233 232 231 231 229 232 230 231 233 234 235 234 235 237 235 235 237 237 234 241 242 241 239
230 235 235 234 229 233 235 236 237 237 236 237 237 236 236 236 236 235 235 231 227 221 226 229 226 228 231 232 231 229 224 222 219 220 216 218 221 217 217 221 226 229 230 224 221 222 223 218 225 234 235 224 218 225 236 235 239 239 237 238 237 240 239 240 235 231 231 230 231 231 232 232 231 230 228 228 228 228 230 230 233 235 235 237 237 237 236 238 242 243 245 245 244 245
229 234 235 234 229 234 236 236 238 237 236 236 237 236 236 235 234 232 233 232 225 224 228 229 229 229 231 231 231 228 223 224 222 220 215 219 222 222 220 217 228 228 226 224 218 214 214 216 229 234 239 230 218 221 233 237 239 240 239 239 241 238 233 238 236 232 231 229 231 231 230 229 227 227 229 228 226 224 224 227 230 231 233 233 236 237 240 240 239 241 236 243 246 245
232 234 234 234 232 234 235 236 237 237 236 237 236 236 235 233 233 231 231 232 226 226 228 228 229 231 230 230 228 229 224 221 218 213 214 220 225 225 225 227 231 225 221 228 223 218 213 220 229 234 239 232 218 215 226 232 235 241 241 241 240 237 234 236 232 234 233 232 231 231 229 227 227 227 228 229 229 229 228 226 224 222 225 230 233 235 236 239 242 241 236 240 245 244
233 234 234 233 232 234 236 236 236 234 234 237 236 236 234 232 229 232 230 232 229 227 227 229 225 230 229 228 227 228 227 225 214 213 216 220 225 228 227 233 234 227 221 232 229 224 213 214 223 231 239 236 226 215 224 234 228 239 242 241 239 239 235 233 231 236 234 229 231 229 228 228 228 229 229 231 230 230 230 229 228 226 224 228 228 230 236 239 238 239 238 237 244 247
236 234 233 233 234 235 236 235 234 233 236 237 236 236 235 233 228 226 226 225 228 223 224 227 228 229 229 227 225 227 228 228 218 216 221 224 228 225 233 234 233 228 227 234 232 224 213 207 214 224 238 240 233 230 234 239 231 234 242 241 237 238 238 233 234 237 235 235 235 231 229 231 230 230 228 230 230 230 230 230 230 225 220 220 219 227 236 234 235 237 234 235 242 247
236 232 228 229 230 235 235 235 234 235 236 236 236 235 234 232 226 216 216 219 225 222 223 227 228 229 228 228 225 228 229 230 225 222 221 228 232 229 235 235 232 234 234 232 233 231 223 208 210 222 237 242 240 236 238 241 237 237 242 241 239 240 240 234 234 238 239 237 235 234 233 234 232 230 229 230 229 229 228 228 230 230 227 218 217 226 233 231 226 229 231 229 232 242
231 232 230 232 230 234 235 235 234 234 235 235 235 235 233 232 227 217 217 223 225 227 226 227 228 229 230 231 226 230 233 231 231 230 223 224 231 235 236 233 229 234 235 228 225 236 229 218 219 230 234 238 241 241 240 242 240 240 243 242 241 240 239 237 237 237 240 238 238 238 238 235 232 232 231 230 228 229 228 227 226 229 230 224 224 223 227 225 223 222 228 236 238 239
232 235 235 235 233 235 235 232 232 234 234 234 234 234 233 232 225 218 222 225 225 227 227 227 225 228 232 232 228 230 234 234 231 233 226 224 231 237 234 228 230 234 237 234 227 236 237 226 227 233 226 230 235 242 240 242 243 243 243 242 241 236 239 240 241 241 242 239 242 242 240 236 232 233 233 232 230 230 228 226 225 227 231 230 221 220 219 219 215 222 228 239 244 246
236 235 234 233 234 235 232 231 231 233 233 234 233 230 228 227 227 219 223 224 221 226 225 227 225 229 232 234 232 232 235 236 234 235 232 234 237 236 231 229 229 233 237 235 224 231 240 234 233 237 235 235 235 240 242 239 243 243 243 241 238 234 237 240 242 243 242 242 243 242 240 238 237 235 234 232 230 230 229 224 226 229 229 231 225 218 224 224 218 226 231 239 243 242
233 233 231 229 231 235 232 230 231 233 232 231 229 225 218 215 219 218 221 224 221 221 226 224 227 224 229 234 235 234 235 236 237 237 237 238 238 236 230 232 234 237 240 238 233 234 241 238 238 233 234 239 234 237 243 243 243 244 241 240 237 238 240 242 243 244 242 243 242 239 236 233 232 232 233 232 230 229 228 223 224 227 231 232 232 231 231 231 228 233 230 238 241 241
227 228 222 221 229 232 232 227 231 231 227 226 224 221 211 206 213 215 219 223 224 222 226 222 225 226 230 233 234 235 236 236 237 238 238 239 239 235 233 238 235 238 241 240 237 237 241 242 242 240 237 239 239 239 242 244 245 243 241 242 241 239 242 241 243 244 242 240 236 233 231 230 230 230 231 230 230 229 222 218 218 226 230 231 232 233 233 234 234 233 231 234 241 239
219 216 213 215 219 225 231 228 231 227 220 220 217 213 209 214 215 219 219 220 223 222 224 224 224 226 228 229 228 231 236 237 236 237 238 236 237 239 239 238 236 239 241 238 237 235 241 243 243 243 242 240 240 242 238 243 245 245 244 243 241 242 243 243 242 244 244 241 236 236 232 230 227 227 225 227 231 229 220 210 213 223 226 227 231 232 233 233 231 230 229 235 239 235
214 210 205 204 211 220 229 232 229 223 212 210 208 207 212 218 220 221 219 216 220 218 222 224 223 224 229 227 222 229 235 236 236 235 238 233 231 238 235 239 237 237 241 238 239 237 240 241 239 241 243 243 242 244 241 242 245 245 244 242 243 242 243 244 244 244 243 240 238 233 230 229 224 224 223 231 231 231 227 221 221 227 228 228 232 233 232 228 226 224 229 234 238 235
222 214 204 204 214 221 227 231 228 222 216 213 214 214 218 223 223 221 217 219 221 221 224 221 220 224 228 230 226 228 235 235 235 237 236 229 228 233 237 238 239 236 240 240 239 242 239 236 232 236 243 245 245 245 244 243 244 245 245 244 243 244 243 244 245 243 238 236 231 231 235 229 220 223 226 232 232 232 231 231 231 232 233 233 234 233 232 227 224 224 230 235 236 230
226 222 217 215 213 215 224 230 227 223 220 221 220 218 222 223 219 221 217 218 219 223 222 221 217 221 222 230 231 232 232 234 236 236 231 233 229 231 237 236 237 238 241 242 241 242 239 234 236 241 242 244 245 245 245 245 244 245 245 244 244 244 245 245 244 241 234 231 233 232 237 228 219 224 230 232 233 233 233 233 234 233 233 232 230 229 231 232 229 225 228 228 231 232
230 228 227 224 223 222 225 230 230 227 225 225 224 224 225 224 221 219 215 214 219 220 221 220 217 219 224 226 229 233 231 235 236 236 234 231 232 236 238 237 234 241 242 244 244 243 243 239 241 237 234 241 244 245 245 245 244 244 245 245 245 245 245 245 243 239 237 235 236 239 238 231 229 229 231 231 229 231 232 233 233 232 231 229 229 229 229 228 224 228 232 231 238 242
234 233 232 230 228 228 227 229 226 228 228 225 226 226 225 223 219 216 216 218 217 219 221 222 223 222 227 226 226 234 232 235 235 231 226 223 227 233 236 235 235 237 240 242 243 244 244 244 240 241 234 236 244 245 246 245 244 243 237 244 245 246 246 245 243 237 237 239 240 241 238 232 228 228 224 221 219 228 232 233 232 230 231 231 230 229 228 230 233 233 238 240 242 244
231 229 232 228 228 229 224 226 223 220 226 228 227 225 224 220 219 216 217 213 214 214 221 225 226 224 226 226 228 233 234 235 231 221 214 208 216 228 230 225 233 236 239 240 243 241 241 245 244 240 242 240 243 246 246 244 242 242 238 241 246 246 246 244 242 240 236 240 243 239 234 225 220 219 216 217 223 229 232 233 232 228 230 229 227 225 225 231 235 237 239 239 238 239
226 229 230 231 229 227 223 220 219 219 225 228 229 226 223 221 217 217 213 209 208 212 219 223 228 228 228 228 231 232 233 230 228 222 213 194 208 217 218 223 229 233 239 240 240 236 238 242 244 244 244 244 245 246 245 241 233 239 240 243 246 247 246 243 244 243 241 242 243 241 237 236 232 225 220 227 232 232 236 236 231 226 227 225 220 219 225 229 231 230 232 235 235 235
223 228 229 230 230 227 224 221 219 221 224 226 228 225 224 222 218 214 205 214 211 218 220 225 228 229 230 231 230 229 227 227 227 215 205 192 196 203 211 212 217 223 231 238 239 240 241 243 244 245 245 245 245 246 245 238 236 240 244 245 246 247 246 245 243 243 240 243 242 238 237 236 234 225 217 227 236 238 232 231 230 225 220 218 213 218 223 228 233 228 226 233 237 238
226 227 230 230 230 228 227 223 222 223 223 225 226 225 222 221 218 212 209 209 220 219 223 227 227 227 229 229 228 226 219 221 223 218 204 182 174 188 197 196 203 216 226 235 239 241 243 244 243 243 245 246 245 246 245 244 243 241 243 245 246 246 246 245 244 244 243 244 242 241 240 238 234 227 226 232 238 236 226 224 220 216 215 217 221 226 231 236 236 234 235 234 240 240
228 227 228 231 230 230 227 225 225 225 224 224 224 225 223 220 215 218 214 211 220 225 222 225 227 228 228 226 224 221 216 214 214 214 206 192 187 191 198 203 208 215 224 229 235 242 242 243 243 244 244 246 245 246 244 242 244 243 245 246 247 246 245 245 244 245 245 243 241 240 239 237 231 232 236 237 242 237 233 230 228 223 225 228 233 232 232 239 235 239 241 240 242 242
230 228 230 230 229 228 225 227 227 226 225 223 222 222 221 218 217 220 222 214 214 225 225 226 227 229 227 224 220 216 208 202 195 196 203 203 199 199 193 193 196 204 212 222 231 239 242 243 244 244 245 245 246 247 245 243 244 244 247 247 246 246 245 244 245 245 245 242 241 240 238 235 232 237 240 240 242 243 242 240 237 233 231 237 239 239 235 240 242 241 243 243 242 241
232 231 230 228 228 229 229 227 227 228 226 224 222 217 216 221 224 220 224 222 218 221 228 224 229 229 226 222 217 210 201 191 180 184 191 201 208 209 205 195 193 193 202 219 229 234 241 243 244 244 245 246 246 247 246 244 246 246 247 246 246 246 246 246 246 245 244 242 241 240 238 232 234 241 242 242 240 243 244 243 242 240 238 239 241 243 243 244 245 244 244 243 242 242
232 228 230 227 227 227 228 228 225 226 227 224 221 216 215 221 222 226 228 227 227 222 229 231 231 228 224 220 212 202 189 181 170 174 186 193 205 213 212 205 204 198 203 214 224 231 238 243 244 245 245 246 246 246 246 245 246 247 247 247 247 246 245 246 246 244 243 243 242 242 241 236 238 243 243 243 242 245 245 243 240 240 236 234 237 242 244 246 247 247 245 245 243 241
230 228 229 228 227 225 223 222 223 226 227 225 221 217 216 221 225 226 230 225 226 230 229 232 230 226 220 216 207 198 192 185 177 179 186 195 203 213 219 215 212 204 206 213 222 229 237 242 244 244 245 245 246 246 247 246 246 247 247 247 246 246 246 246 246 244 242 244 242 243 243 242 240 242 242 243 245 246 246 243 240 241 240 236 236 242 243 245 246 248 247 244 246 245
229 228 229 228 227 223 216 217 225 229 226 220 221 214 210 214 221 224 229 231 229 231 232 233 230 223 217 210 202 191 182 177 178 183 187 195 205 214 220 221 215 207 212 216 220 229 239 243 245 245 245 245 246 246 246 247 246 247 247 247 247 247 246 246 245 244 244 245 244 244 241 241 241 241 241 238 242 246 246 244 242 243 245 244 242 245 247 246 246 247 248 248 247 246
229 227 228 227 224 218 212 216 223 229 223 219 216 214 209 214 217 224 226 227 232 232 233 232 227 220 216 211 201 186 176 173 175 178 181 187 200 212 220 224 217 217 216 223 230 234 239 243 244 244 245 245 246 246 246 247 247 246 247 247 246 247 246 245 246 246 246 246 245 244 243 243 243 241 242 240 243 246 245 241 241 243 246 247 247 247 247 248 248 247 248 248 248 245
228 227 225 221 218 215 215 220 227 227 225 218 212 212 219 216 215 227 230 231 231 234 234 232 228 220 215 211 204 196 187 184 180 185 193 196 204 216 222 223 219 224 227 225 226 232 240 242 245 245 245 246 246 246 246 247 247 247 247 247 247 247 247 245 246 247 247 246 245 245 245 246 246 244 243 242 245 247 245 243 242 242 245 248 249 249 248 248 248 248 248 249 249 249
227 228 221 220 220 219 222 226 229 226 228 223 214 215 217 225 221 227 231 232 233 234 234 232 229 220 214 209 199 190 189 191 192 193 194 204 211 220 225 222 222 226 228 232 235 235 242 244 245 245 245 246 246 247 247 247 247 248 248 248 247 247 247 246 246 247 247 247 245 243 243 246 247 247 246 246 247 247 246 244 244 246 243 245 247 249 249 249 248 249 249 249 249 250
225 230 224 221 228 226 228 230 230 232 229 224 219 222 213 225 227 228 229 233 234 235 233 229 230 221 215 209 196 186 183 190 195 200 203 204 211 221 228 226 225 226 225 233 238 241 243 242 243 245 245 246 246 246 247 247 246 247 247 248 247 247 247 247 247 247 247 247 247 245 244 244 246 247 247 247 247 247 246 246 247 248 243 242 248 249 249 249 249 249 249 249 249 250
227 231 229 227 229 228 232 232 233 232 229 220 217 227 220 224 228 230 229 234 235 235 233 230 227 222 214 207 198 192 186 183 186 194 208 214 219 225 226 226 222 221 224 232 238 240 242 241 242 245 245 245 246 246 247 247 245 246 247 248 248 248 247 247 247 247 247 247 247 247 247 245 246 247 247 247 247 248 248 248 248 248 248 247 249 249 249 249 249 250 249 249 250 247
231 232 233 231 232 232 233 234 233 231 223 216 217 225 230 231 229 232 231 234 235 234 232 229 228 225 216 210 199 192 186 187 194 197 204 214 225 229 226 231 222 217 224 231 237 241 241 242 240 244 245 245 246 246 246 243 244 246 246 247 248 248 245 246 247 247 247 248 247 248 247 245 246 248 248 248 248 248 248 248 248 248 248 248 248 248 249 250 250 250 250 250 250 250
232 232 233 233 234 234 235 234 230 230 226 217 211 215 225 231 232 233 235 236 236 231 231 230 229 223 215 214 208 201 196 194 199 208 211 219 226 231 233 234 228 227 232 237 240 242 242 243 242 244 245 245 245 246 246 243 244 245 246 246 248 247 246 246 248 248 247 247 248 248 247 247 247 247 247 245 247 248 246 246 248 247 248 249 248 248 249 249 245 249 250 249 250 250
233 233 234 235 235 235 236 235 230 225 227 223 220 220 230 230 231 233 235 236 235 232 228 229 230 224 213 216 217 213 209 210 211 214 221 225 227 227 232 236 235 235 234 237 240 241 241 244 243 244 245 245 245 246 245 244 245 246 247 247 248 247 246 247 248 248 248 248 248 247 248 248 248 246 243 241 245 247 248 247 247 243 243 247 248 247 247 247 247 247 249 250 250 250
232 234 235 235 235 236 235 233 232 232 233 231 229 228 228 232 232 234 236 235 233 233 230 232 228 222 216 215 219 221 222 223 225 227 227 229 230 228 233 238 236 236 237 240 242 241 240 242 244 244 244 245 245 246 246 245 245 246 247 247 248 247 246 246 247 247 247 248 248 248 249 249 248 246 244 242 243 245 248 245 245 244 241 243 241 244 247 247 246 246 247 250 250 250
232 234 235 235 236 236 234 231 228 233 234 233 233 227 225 226 228 235 237 234 232 234 231 233 231 225 217 214 214 220 227 231 231 232 233 234 232 235 237 235 235 238 241 242 242 242 240 240 242 245 245 245 245 246 245 245 246 247 247 247 248 247 246 244 246 247 248 247 248 249 248 246 248 249 247 243 242 245 248 248 244 237 239 237 233 240 245 248 248 247 246 248 249 250
231 234 235 236 236 236 232 226 226 230 235 235 232 228 220 221 230 236 237 235 235 232 232 231 226 223 222 222 220 219 227 231 234 233 235 235 233 234 237 237 239 241 242 242 240 242 242 242 244 244 245 245 245 246 246 245 246 247 247 247 248 247 246 241 243 246 247 246 247 248 248 247 247 249 249 247 244 244 246 248 249 246 239 238 237 243 245 247 247 248 248 249 249 250
