ecocropFuture/tif/c6/rcp585/ACCESS-CM2/tmin_7.asc
ncols        683
nrows        518
xllcorner    -87.691666666667
yllcorner    10.708333333333
cellsize     0.008333333333
NODATA_value  nan
[rows 252 to 293 of 518, columns 0 to 93 of 683]
250 248 247 246 245 245 244 243 242 242 242 241 241 241 243 244 246 247 247 248 249 251 252 253 253 254 254 255 255 255 256 nan nan nan nan nan nan nan nan 258 258 258 257 258 258 258 258 258 258 258 258 258 258 258 257 257 258 258 258 258 257 257 257 257 256 256 256 256 256 256 256 256 256 256 256 256 256 256 256 255 255 255 254 254 253 253 252 252 252 251 251 251 250 250
250 248 248 247 246 246 245 244 243 243 242 242 242 243 244 245 247 248 249 250 251 252 253 253 253 253 254 254 255 255 256 256 256 257 257 257 258 258 258 258 257 257 257 257 257 258 258 258 258 258 258 258 258 258 258 258 258 258 257 257 257 257 257 257 257 257 256 256 256 256 256 256 256 256 256 256 256 256 256 256 255 255 254 254 253 253 252 252 252 251 251 251 250 250
nan 249 248 248 247 247 246 245 245 242 243 243 243 244 245 246 248 249 250 251 252 253 253 253 253 254 254 254 255 255 255 255 256 256 256 257 257 257 257 257 257 257 257 257 257 257 257 257 257 257 257 257 257 257 257 257 257 257 257 257 257 257 257 257 257 257 257 256 256 256 256 256 256 256 256 256 256 256 256 256 255 255 254 254 253 253 252 252 252 251 251 251 250 250
nan nan 250 248 248 248 247 246 245 243 241 244 243 244 246 248 249 250 251 251 252 253 254 253 253 253 254 254 254 255 255 255 255 255 256 256 256 256 256 256 256 256 256 256 256 256 257 257 257 256 256 256 256 256 256 256 257 257 257 257 257 257 257 257 257 257 257 256 256 256 256 256 256 256 256 256 256 256 256 256 255 255 254 254 253 253 252 252 252 251 251 251 250 250
nan nan nan 250 249 249 248 248 248 244 241 245 244 242 245 249 250 251 251 252 253 253 254 253 253 253 254 253 254 254 254 254 255 255 255 255 255 255 255 255 256 256 256 256 256 256 256 256 256 256 255 256 255 255 256 256 256 256 257 256 257 257 257 257 257 257 257 257 256 256 256 256 256 256 256 256 256 256 256 256 255 255 254 254 253 253 252 252 252 251 251 251 250 250
nan nan nan nan nan 250 249 249 249 248 245 247 247 246 247 248 251 251 252 253 253 254 254 253 253 252 254 253 252 253 252 253 254 254 254 254 255 255 255 255 255 255 255 255 255 255 255 256 255 254 254 255 254 254 255 255 255 256 256 256 256 257 257 257 257 257 257 257 256 256 256 256 256 256 256 256 256 256 256 256 255 255 254 254 253 253 252 252 252 251 251 251 250 250
nan nan nan nan nan nan 251 250 250 251 250 250 249 249 250 250 251 252 252 253 253 253 254 254 253 249 251 253 248 247 250 249 251 250 249 251 253 254 254 254 254 253 252 252 255 255 255 255 255 254 254 254 253 252 252 252 253 254 255 256 256 256 257 257 257 257 256 256 256 256 256 256 256 256 256 256 256 256 255 255 255 255 254 254 253 253 252 252 251 251 251 250 250 250
nan nan nan nan nan nan nan nan 251 251 251 251 251 252 252 252 252 253 252 253 254 254 254 254 250 245 246 251 248 244 245 246 246 245 246 246 251 253 253 253 253 251 250 251 254 254 254 254 254 254 254 253 252 250 249 251 253 254 255 255 256 256 256 257 257 256 256 256 256 256 256 256 256 255 255 255 255 255 255 255 255 254 254 254 253 253 252 252 251 251 250 250 250 250
nan nan nan nan nan nan nan nan nan 252 252 252 251 252 253 254 252 253 254 254 254 255 254 254 251 249 246 250 247 247 244 245 246 246 247 250 253 253 250 247 251 249 250 252 251 249 250 253 253 252 253 253 251 251 250 251 253 253 254 255 255 255 256 256 256 256 256 256 256 255 255 254 254 254 255 255 255 254 255 255 254 254 254 253 253 252 252 252 251 251 250 250 250 250
nan nan nan nan nan nan nan nan nan nan nan 253 253 254 254 254 254 255 255 255 nan nan nan 254 252 249 249 249 249 247 247 246 248 248 249 252 253 253 247 246 246 242 248 250 248 242 243 249 247 244 247 251 252 252 251 251 252 253 253 254 255 255 255 256 255 255 255 255 255 255 254 247 246 248 252 254 254 254 254 254 254 253 253 253 252 252 252 252 251 251 251 250 250 250
nan nan nan nan nan nan nan nan nan nan nan nan nan 254 255 255 255 255 255 255 nan nan 255 255 254 253 252 253 249 249 248 248 250 249 251 252 251 249 248 248 244 235 240 239 241 239 233 242 245 244 248 250 251 251 250 251 251 251 252 253 254 255 255 255 255 255 255 255 255 254 254 251 248 247 246 252 253 253 253 253 253 253 253 252 252 252 252 251 251 251 251 250 250 250
nan nan nan nan nan nan nan nan nan nan nan nan nan nan 255 255 255 256 256 256 256 nan 255 255 255 254 253 253 251 251 251 250 251 251 251 251 251 250 248 248 245 240 239 235 234 236 234 232 239 238 245 245 248 248 247 245 247 249 250 251 252 254 254 255 255 255 254 254 254 254 254 254 253 250 248 251 253 253 253 252 252 252 252 252 252 252 251 251 251 251 251 250 250 250
nan nan nan nan nan nan nan nan nan nan nan nan nan nan nan nan 256 256 256 256 nan 256 255 255 254 252 254 254 253 252 252 251 252 252 251 251 251 251 248 247 247 246 241 240 234 238 236 234 235 233 238 239 242 241 243 242 242 245 246 248 251 252 253 254 254 254 254 254 254 253 253 253 253 252 252 252 252 252 252 252 252 252 252 252 251 251 251 251 251 251 251 250 250 250
nan nan nan nan nan nan nan nan nan nan nan nan nan nan nan nan nan nan 256 256 256 256 256 256 255 254 255 255 253 253 253 252 253 252 252 252 251 251 249 248 248 248 246 239 237 239 235 237 232 232 231 238 237 238 243 240 244 246 244 248 252 252 253 253 253 253 253 253 253 253 253 253 252 252 252 252 252 252 252 252 252 251 251 251 251 251 251 251 251 251 250 250 250 250
nan nan nan nan nan nan nan nan nan nan nan nan nan nan nan nan nan nan nan 256 256 nan nan 256 255 255 255 255 254 253 253 253 253 253 252 252 251 251 250 249 248 244 243 240 240 236 235 237 232 235 237 242 244 244 244 241 246 246 244 248 251 252 253 253 252 252 252 250 251 252 252 252 252 252 251 251 251 251 251 251 251 251 251 251 251 251 251 251 251 251 250 250 250 250
nan nan nan nan nan nan nan nan nan nan nan nan nan nan nan nan nan nan nan nan nan 256 256 nan 256 255 255 254 254 254 254 253 253 252 252 251 251 249 249 248 244 239 238 244 244 239 239 241 232 235 238 241 245 246 247 245 247 246 244 246 250 252 252 252 252 252 251 251 251 251 251 251 251 251 251 251 251 251 251 250 250 250 250 250 250 250 251 250 250 250 250 250 250 250
nan nan nan nan nan nan nan nan nan nan nan nan nan nan nan nan nan nan nan nan nan nan 256 256 nan 256 256 255 255 255 255 254 254 251 251 251 247 244 245 244 239 238 242 246 246 241 242 242 235 239 238 239 242 245 243 247 247 245 246 248 250 251 251 251 251 251 251 251 251 250 250 250 250 250 250 250 250 250 249 249 249 248 249 248 248 249 250 250 249 249 249 249 249 249
nan nan nan nan nan nan nan nan nan nan nan nan nan nan nan nan nan nan nan nan nan nan nan 256 256 nan 256 255 nan 255 255 255 254 250 250 250 249 243 237 239 239 244 245 247 246 245 245 245 243 241 235 242 240 241 243 247 247 244 245 248 250 250 250 250 250 250 250 250 250 249 249 248 249 249 248 248 248 248 248 247 247 247 248 247 247 248 249 248 248 248 248 248 249 249
nan nan nan nan nan nan nan nan nan nan nan nan nan nan nan nan nan nan nan nan nan nan nan nan 256 nan nan 256 255 255 255 255 254 252 252 250 245 245 240 237 242 244 246 247 247 244 245 245 245 241 237 244 242 241 245 247 247 245 247 248 250 250 250 250 250 250 249 249 249 249 248 248 248 248 247 247 247 246 245 245 245 244 246 244 244 245 246 246 246 246 246 247 248 248
nan nan nan nan nan nan nan nan nan nan nan nan nan nan nan nan nan nan nan nan nan nan nan nan nan nan 256 nan 255 255 254 255 254 253 252 251 246 247 241 244 247 245 247 248 248 246 244 246 244 244 239 244 244 242 242 245 247 248 248 247 248 248 249 249 249 249 249 248 248 248 247 247 247 247 246 245 245 245 244 243 242 240 241 240 239 237 242 244 244 244 245 246 247 248
nan nan nan nan nan nan nan nan nan nan nan nan nan nan nan nan nan nan nan nan nan nan nan nan nan nan nan 256 256 255 255 255 254 253 252 251 250 249 246 244 248 247 246 247 248 247 246 246 245 244 242 243 244 244 245 243 246 247 248 247 247 248 248 249 248 248 248 247 247 247 246 246 246 245 245 244 243 243 242 240 239 237 235 233 228 226 230 239 241 242 243 245 246 247
nan nan nan nan nan nan nan nan nan nan nan nan nan nan nan nan nan nan nan nan nan nan nan nan nan nan nan nan 256 255 255 255 254 254 253 253 251 251 247 248 247 248 248 248 249 248 247 247 246 243 242 242 245 246 247 246 248 248 247 245 245 247 248 248 248 247 247 247 246 246 245 245 245 244 244 242 241 240 239 237 235 232 228 222 213 211 215 233 237 240 242 244 245 247
nan nan nan nan nan nan nan nan nan nan nan nan nan nan nan nan nan nan nan nan nan nan nan nan nan nan nan nan nan 255 255 255 254 254 253 253 251 251 249 249 248 249 249 249 249 248 248 248 247 243 242 244 241 244 247 246 248 248 247 246 247 246 246 247 247 247 246 246 245 245 244 244 243 242 241 238 239 237 234 232 230 227 223 218 213 215 224 231 235 238 240 242 244 245
nan nan nan nan nan nan nan nan nan nan nan nan nan nan nan nan nan nan nan nan nan nan nan nan nan nan nan nan nan nan 255 255 254 254 253 252 251 251 249 249 250 250 250 250 249 249 249 249 248 246 243 247 246 247 248 248 248 248 248 248 247 247 247 247 246 246 246 245 245 244 243 243 242 241 239 236 236 234 230 227 224 220 216 215 216 220 225 229 232 234 236 238 240 242
nan nan nan nan nan nan nan nan nan nan nan nan nan nan nan nan nan nan nan nan nan nan nan nan nan nan nan nan nan nan nan 255 254 254 253 252 251 250 249 250 250 250 250 250 249 249 249 249 248 249 248 248 248 248 248 248 248 248 248 248 247 247 247 247 246 245 245 245 244 243 243 242 241 239 237 234 230 227 222 220 215 207 202 203 208 213 218 222 226 228 231 233 237 239
nan nan nan nan nan nan nan nan nan nan nan nan nan nan nan nan nan nan nan nan nan nan nan nan nan nan nan nan nan nan nan nan 255 254 253 252 252 250 249 249 250 250 250 250 249 249 248 248 249 249 249 248 248 248 248 248 247 248 248 247 247 247 247 247 246 245 245 244 243 243 242 241 239 238 235 231 224 217 215 213 205 189 178 184 197 206 209 212 216 220 224 229 233 238
nan nan nan nan nan nan nan nan nan nan nan nan nan nan nan nan nan nan nan nan nan nan nan nan nan nan nan nan nan nan nan nan nan 254 253 252 252 251 251 251 251 251 251 249 248 248 247 248 248 248 249 249 248 248 248 248 247 248 247 247 247 247 247 246 246 245 245 244 243 242 241 240 238 236 232 225 212 197 204 208 197 172 157 171 189 198 195 197 203 208 216 224 230 235
nan nan nan nan nan nan nan nan nan nan nan nan nan nan nan nan nan nan nan nan nan nan nan nan nan nan nan nan nan nan nan nan nan nan nan 253 252 251 251 251 251 251 251 249 248 247 248 249 248 248 248 248 248 248 248 245 247 248 247 247 247 247 246 246 246 245 244 244 243 242 240 239 237 235 231 226 216 204 210 209 199 183 173 180 188 181 177 182 186 198 207 218 222 227
nan nan nan nan nan nan nan nan nan nan nan nan nan nan nan nan nan nan nan nan nan nan nan nan nan nan nan nan nan nan nan nan nan nan nan nan 251 251 251 251 251 251 251 250 249 248 249 249 249 248 248 248 248 248 247 246 247 247 247 247 247 247 246 246 245 245 244 243 242 241 240 239 237 235 233 229 224 219 218 216 212 204 198 198 199 190 182 179 179 194 210 215 217 219
nan nan nan nan nan nan nan nan nan nan nan nan nan nan nan nan nan nan nan nan nan nan nan nan nan nan nan nan nan nan nan nan nan nan nan nan 252 252 251 251 251 251 251 250 249 250 250 250 250 249 248 248 248 248 248 248 248 247 247 247 247 247 246 246 245 245 244 243 242 241 240 239 238 236 234 232 229 227 224 222 220 217 214 211 209 205 202 195 193 204 214 216 217 215
nan nan nan nan nan nan nan nan nan nan nan nan nan nan nan nan nan nan nan nan nan nan nan nan nan nan nan nan nan nan nan nan nan nan nan nan nan 251 251 250 251 252 251 250 250 250 250 250 250 249 249 248 248 248 248 248 248 247 247 247 247 247 246 246 245 244 244 243 242 241 241 240 239 237 236 235 233 231 228 227 225 223 221 219 216 215 212 208 207 209 214 216 215 214
nan nan nan nan nan nan nan nan nan nan nan nan nan nan nan nan nan nan nan nan nan nan nan nan nan nan nan nan nan nan nan nan nan nan nan nan nan 252 251 251 252 252 252 252 252 252 252 252 250 249 249 249 248 248 248 248 248 248 247 247 247 247 246 246 245 245 244 243 242 242 241 240 239 238 237 236 235 233 231 230 229 227 225 223 221 221 219 218 217 214 213 211 210 218
nan nan nan nan nan nan nan nan nan nan nan nan nan nan nan nan nan nan nan nan nan nan nan nan nan nan nan nan nan nan nan nan nan nan nan nan nan nan 252 252 252 252 252 252 252 252 252 252 250 250 249 249 248 248 248 248 248 247 248 247 247 247 246 246 245 245 244 243 243 242 241 241 240 239 238 237 236 235 234 233 232 230 228 227 226 225 225 225 224 221 218 217 219 226
nan nan nan nan nan nan nan nan nan nan nan nan nan nan nan nan nan nan nan nan nan nan nan nan nan nan nan nan nan nan nan nan nan nan nan nan nan nan nan 252 251 252 252 252 252 252 252 252 251 250 249 249 248 248 248 248 248 248 248 247 247 247 246 246 245 245 244 244 243 243 242 241 241 240 239 238 238 236 235 235 234 232 232 230 229 229 228 229 229 229 227 225 227 231
nan nan nan nan nan nan nan nan nan nan nan nan nan nan nan nan nan nan nan nan nan nan nan nan nan nan nan nan nan nan nan nan nan nan nan nan nan nan nan 252 251 251 252 252 252 252 252 252 251 250 249 249 248 248 248 248 248 248 248 247 247 247 246 246 246 245 244 244 244 243 242 242 241 241 240 239 239 237 237 236 235 234 234 233 232 232 231 232 232 233 232 230 231 233
nan nan nan nan nan nan nan nan nan nan nan nan nan nan nan nan nan nan nan nan nan nan nan nan nan nan nan nan nan nan nan nan nan nan nan nan nan nan nan nan 252 252 nan 252 252 253 253 252 251 250 249 249 248 248 248 248 248 248 248 247 247 247 247 246 246 245 245 244 244 243 243 242 242 241 241 240 239 238 238 238 237 236 236 235 235 235 234 234 235 235 234 233 232 234
nan nan nan nan nan nan nan nan nan nan nan nan nan nan nan nan nan nan nan nan nan nan nan nan nan nan nan nan nan nan nan nan nan nan nan nan nan nan nan nan nan 252 nan nan 253 253 253 253 252 251 250 250 249 248 248 248 248 248 248 247 247 247 247 246 246 245 245 244 244 244 243 243 243 242 242 241 240 240 239 239 238 238 237 236 236 236 236 236 236 237 236 235 234 235
nan nan nan nan nan nan nan nan nan nan nan nan nan nan nan nan nan nan nan nan nan nan nan nan nan nan nan nan nan nan nan nan nan nan nan nan nan nan nan nan nan nan 253 253 253 253 253 253 252 251 251 250 250 248 248 248 248 248 248 247 247 247 247 246 246 246 245 245 245 244 244 244 243 243 242 242 241 241 240 240 239 239 238 238 238 238 238 238 237 238 237 237 237 237
nan nan nan nan nan nan nan nan nan nan nan nan nan nan nan nan nan nan nan nan nan nan nan nan nan nan nan nan nan nan nan nan nan nan nan nan nan nan nan nan nan 253 nan nan 253 253 253 253 252 251 251 250 250 249 248 248 248 248 248 247 247 247 247 247 246 246 246 245 245 245 244 244 244 244 243 243 242 242 241 241 240 240 240 239 239 239 239 239 239 239 239 238 238 237
nan nan nan nan nan nan nan nan nan nan nan nan nan nan nan nan nan nan nan nan nan nan nan nan nan nan nan nan nan nan nan nan nan nan nan nan nan nan nan nan nan nan nan nan nan nan 253 253 252 252 251 251 250 249 249 248 248 248 248 248 247 247 247 247 247 246 246 246 246 245 245 245 245 244 244 243 243 243 242 242 241 241 241 240 240 240 240 240 240 240 240 239 239 238
nan nan nan nan nan nan nan nan nan nan nan nan nan nan nan nan nan nan nan nan nan nan nan nan nan nan nan nan nan nan nan nan nan nan nan nan nan nan nan nan nan nan nan nan nan nan nan 253 253 252 251 251 250 249 249 249 248 248 248 248 248 248 247 247 247 247 246 246 246 246 245 245 245 245 244 244 244 244 243 243 242 242 242 242 241 241 241 241 241 241 241 240 239 239
nan nan nan nan nan nan nan nan nan nan nan nan nan nan nan nan nan nan nan nan nan nan nan nan nan nan nan nan nan nan nan nan nan nan nan nan nan nan nan nan nan nan nan nan nan nan nan nan nan 252 252 251 251 250 250 250 250 249 248 248 248 248 248 247 247 247 247 246 246 246 246 246 245 245 245 245 245 244 244 244 243 243 243 243 242 242 242 242 242 241 241 241 240 240
