ecocropFuture/tif/c6/rcp585/ACCESS-CM2/tmin_2.asc
ncols        683
nrows        518
xllcorner    -87.691666666667
yllcorner    10.708333333333
cellsize     0.008333333333
NODATA_value  nan
[rows 378 to 419 of 518, columns 376 to 469 of 683]
219 216 216 217 217 218 219 219 221 221 221 222 222 223 223 223 223 223 223 224 225 225 225 225 226 225 226 225 225 224 223 222 223 222 223 227 229 227 223 220 220 219 215 214 215 216 216 217 220 225 224 226 224 222 224 228 230 229 229 229 230 229 229 229 230 230 230 229 229 229 229 229 229 230 230 229 229 229 230 230 230 230 230 230 231 231 nan nan nan nan nan nan 235 nan
219 218 218 219 219 219 220 220 221 222 222 222 222 222 223 224 223 224 224 225 224 224 224 224 225 226 227 227 226 226 225 223 223 224 225 227 229 225 221 220 219 215 210 206 207 213 217 218 219 225 223 224 223 223 227 230 229 229 229 229 229 230 230 230 230 230 230 229 229 229 229 229 229 230 230 230 230 230 230 230 230 230 230 230 230 231 231 232 nan nan nan nan nan nan
220 220 220 221 220 219 218 220 222 222 222 222 222 222 223 223 224 224 224 224 222 222 222 224 225 225 227 228 228 227 224 223 223 225 228 230 228 224 221 220 219 216 211 207 210 213 216 218 219 223 223 225 226 224 226 230 228 229 229 229 230 230 230 230 230 230 230 229 229 229 228 229 229 230 230 230 229 229 229 229 230 230 230 230 230 231 231 232 233 nan nan nan nan nan
220 221 222 221 220 220 221 221 221 222 222 222 223 223 223 223 224 223 222 223 222 221 222 222 224 225 226 227 228 228 227 227 228 228 229 228 225 223 221 219 219 218 215 214 214 216 218 217 218 222 226 228 226 228 229 229 228 228 229 229 230 230 230 229 229 229 229 229 229 229 229 229 229 229 229 230 229 229 229 230 230 230 230 231 231 231 232 232 233 nan nan nan nan nan
220 221 222 220 222 222 222 221 220 221 221 222 223 223 223 223 224 223 222 223 222 221 222 222 223 224 225 226 228 227 224 225 225 226 226 225 223 222 220 220 220 218 218 217 218 217 218 218 218 220 222 225 226 227 226 226 226 227 226 229 230 230 230 227 227 228 230 229 229 229 229 229 229 229 229 230 229 229 229 229 230 231 231 231 231 232 232 233 234 nan nan nan nan nan
221 221 222 222 223 223 223 222 222 222 222 222 222 222 223 223 223 223 222 222 221 220 222 222 222 225 226 227 228 227 225 225 224 224 224 224 225 221 221 221 221 220 220 219 219 218 218 219 218 217 220 223 227 227 224 225 227 225 228 227 229 230 230 229 229 229 230 230 230 230 230 230 229 229 229 229 229 229 229 229 229 231 231 231 232 232 232 233 233 234 nan nan nan nan
222 222 223 223 223 223 223 223 223 223 222 222 222 222 222 223 222 223 222 220 221 222 223 223 223 225 227 228 228 227 224 224 224 223 223 223 222 221 221 220 221 220 220 219 220 218 216 218 220 218 221 226 226 225 224 225 226 226 228 229 229 229 230 230 229 229 230 230 229 230 229 229 228 229 229 229 230 230 230 230 229 230 231 231 232 232 232 232 233 234 234 nan nan nan
222 223 223 223 223 222 223 223 223 223 223 223 222 222 222 222 222 220 219 220 223 223 223 223 224 225 227 229 226 224 224 224 223 224 224 223 222 221 220 219 219 219 220 219 218 218 215 215 220 223 224 226 226 224 224 224 227 228 228 229 229 230 230 230 229 229 229 228 228 230 228 229 228 228 228 229 229 230 230 230 230 230 231 231 231 232 232 232 233 233 234 234 235 nan
222 223 223 223 222 221 221 221 222 223 223 223 222 222 222 222 222 222 221 222 223 223 223 223 224 227 228 228 228 226 224 224 224 224 224 224 222 221 221 219 219 218 219 217 217 217 217 218 221 225 226 227 228 226 226 224 225 227 229 229 230 230 230 230 229 229 229 227 228 229 228 226 227 228 229 230 230 229 229 230 230 230 230 231 231 231 232 232 232 233 233 234 234 nan
221 221 222 222 223 223 222 222 222 223 223 222 222 222 222 222 222 222 222 222 222 223 224 225 226 224 223 226 228 225 224 225 226 225 225 225 223 222 222 221 219 219 218 217 216 215 217 220 221 225 227 227 228 229 229 228 229 228 228 229 230 230 230 231 230 229 228 227 227 228 227 226 225 226 228 229 229 229 229 230 230 230 230 231 231 232 231 232 232 232 233 233 233 233
220 219 222 222 222 222 223 223 223 223 223 222 222 223 223 222 222 223 223 222 222 224 224 224 222 218 221 225 227 226 227 225 225 226 225 224 223 223 221 220 219 219 218 216 214 214 216 221 221 227 229 229 229 229 229 229 229 230 230 229 230 230 231 231 230 230 230 229 228 227 227 228 227 227 227 229 229 229 230 230 230 230 231 231 231 231 231 232 232 232 232 233 233 233
221 220 222 223 223 223 223 223 223 223 223 223 223 223 223 223 222 223 223 224 224 222 221 224 224 223 223 227 227 228 225 219 223 225 226 225 224 222 222 220 218 218 218 217 215 216 220 222 224 228 229 228 225 226 226 227 228 229 230 230 230 230 231 231 230 230 230 230 228 226 226 227 226 228 228 229 229 229 229 230 230 230 231 231 231 231 231 232 232 232 232 232 232 233
222 220 221 221 223 223 223 223 223 224 223 223 224 223 223 223 223 223 223 224 224 223 222 224 225 225 226 226 226 227 226 223 223 225 225 224 225 223 223 221 218 218 217 217 218 220 222 223 227 228 228 227 223 224 226 227 228 229 229 230 230 231 231 231 230 229 229 229 229 228 228 228 228 228 229 229 230 230 230 230 231 230 230 231 231 231 231 232 232 232 232 232 232 233
222 223 223 222 222 223 223 223 223 223 224 224 224 223 224 223 223 223 223 224 224 224 224 225 225 225 225 225 225 226 225 224 224 225 224 224 224 224 224 222 220 217 218 215 216 220 224 226 227 226 226 224 221 225 226 228 229 230 230 230 230 230 230 231 230 230 229 229 230 229 229 230 229 229 230 230 230 231 231 231 231 230 229 230 231 231 232 232 232 232 232 232 232 232
223 223 223 223 223 223 223 223 223 224 223 223 224 224 224 223 223 223 224 224 225 225 225 224 225 226 226 226 226 225 225 225 224 225 223 223 224 223 224 223 222 220 221 218 218 222 224 225 226 224 225 222 224 225 228 228 229 230 230 230 230 231 231 231 231 229 229 230 229 229 228 229 229 229 230 230 230 230 230 230 231 231 230 230 230 231 232 232 231 232 232 232 232 232
223 223 223 224 223 223 224 224 224 224 223 224 224 224 224 223 223 224 224 225 224 225 225 224 226 225 225 225 225 225 224 223 224 224 224 223 223 222 223 223 223 222 222 221 221 222 224 223 223 222 223 223 227 229 227 229 229 230 231 231 231 231 231 231 231 230 230 230 230 229 228 228 229 229 230 231 231 230 230 230 230 231 231 230 229 231 231 231 231 232 232 231 232 232
223 223 223 223 224 223 224 224 224 224 224 224 224 225 224 224 224 224 224 225 225 225 225 226 226 226 225 224 225 225 224 224 224 224 223 222 222 222 223 221 222 221 220 219 217 220 221 222 222 222 225 227 229 230 230 230 230 230 230 230 231 231 231 231 231 230 230 230 230 229 228 229 228 231 231 231 231 230 229 229 230 230 229 229 228 229 230 231 231 231 231 232 232 232
224 223 222 222 224 224 224 224 224 224 224 224 225 225 224 224 224 225 224 225 225 226 226 226 226 225 225 225 224 225 225 223 224 224 223 221 220 222 222 219 219 218 217 216 216 221 220 223 226 227 228 229 230 230 229 229 230 230 230 231 231 231 230 230 231 230 230 231 230 230 230 229 228 230 230 231 230 229 228 228 229 229 228 228 227 227 228 228 228 231 232 232 232 232
224 223 222 221 223 224 224 224 224 224 225 225 225 225 225 225 225 225 224 224 224 225 225 225 226 225 225 225 224 225 224 224 223 223 222 219 217 221 222 221 220 219 217 222 223 223 221 222 227 229 229 230 230 229 230 230 230 230 230 230 230 230 230 231 230 230 230 230 230 230 230 229 226 228 230 231 228 227 227 227 226 227 229 228 228 228 228 227 227 230 232 232 232 233
224 224 224 223 224 224 225 225 225 225 224 225 225 225 225 225 225 225 224 225 226 225 225 224 226 225 225 224 224 225 224 223 220 222 222 224 222 221 221 222 221 223 223 227 227 227 223 225 228 228 229 229 230 230 230 230 230 230 230 230 230 230 231 231 230 230 230 230 230 230 229 229 227 229 228 227 227 224 225 223 226 228 228 229 228 227 227 226 227 228 229 232 232 233
225 225 225 225 225 224 224 224 225 225 224 225 225 224 225 225 226 225 226 226 225 225 225 225 225 225 225 225 225 224 224 222 224 223 223 228 227 225 223 226 224 227 228 228 229 228 228 228 228 229 230 230 230 230 230 230 230 230 230 230 230 231 231 231 230 230 230 230 230 230 230 229 227 227 227 224 225 223 223 222 224 227 228 229 228 227 227 226 226 229 230 231 232 232
225 225 225 225 225 224 225 225 225 225 224 224 224 224 225 225 225 225 225 225 225 225 225 224 225 225 225 225 224 223 226 224 226 225 222 227 230 229 228 229 229 229 230 229 229 230 229 229 230 230 230 230 230 229 230 230 230 230 230 230 231 231 231 231 230 230 230 229 228 228 229 229 227 224 222 222 224 222 223 224 225 227 227 228 229 227 224 224 225 227 229 231 232 232
225 225 225 225 225 225 225 225 225 225 223 224 224 225 225 225 225 224 224 224 224 225 224 223 225 225 225 225 224 224 226 227 228 229 227 229 230 231 231 229 229 230 230 230 229 230 230 230 229 229 229 229 229 229 230 230 230 230 231 231 231 231 231 231 231 231 230 229 229 228 228 227 225 225 221 223 222 220 221 222 222 225 224 226 225 225 224 226 228 228 229 231 232 232
225 224 224 224 225 225 225 224 224 224 225 224 225 225 225 225 224 224 224 224 224 225 224 224 225 225 224 223 224 226 226 228 229 230 230 231 230 231 231 231 231 230 231 230 230 230 231 230 230 229 227 228 228 229 229 229 229 230 230 230 231 231 231 231 231 231 230 231 230 229 229 228 227 223 221 222 224 222 223 223 222 225 227 227 228 228 229 227 230 231 231 232 232 232
225 224 224 225 225 225 225 224 225 225 225 225 225 225 225 225 225 224 224 224 225 225 225 224 224 225 222 222 223 225 228 228 229 229 229 230 229 227 229 230 230 231 231 231 231 231 231 230 230 228 226 228 229 229 229 228 229 230 230 230 230 230 231 232 231 231 231 231 230 228 227 227 226 225 222 226 227 224 225 226 226 226 228 229 228 228 229 230 230 230 229 231 231 231
225 224 224 224 224 225 225 224 225 225 225 225 225 225 224 225 225 225 224 224 224 224 225 224 224 224 222 223 224 226 225 224 226 228 229 227 226 227 228 230 231 231 231 231 231 231 230 230 230 229 230 230 230 230 229 228 229 230 231 230 230 230 230 231 231 231 231 230 230 228 228 226 225 226 227 229 229 226 226 227 228 227 226 226 227 228 227 228 226 224 224 228 231 230
225 224 223 223 223 224 224 224 225 225 224 224 225 225 225 225 225 225 224 224 224 223 224 224 223 223 224 224 223 222 221 224 226 229 229 228 228 229 230 231 231 231 231 231 231 231 231 231 230 230 230 231 230 230 229 227 229 230 231 231 230 231 231 230 231 231 231 231 231 230 228 227 228 230 229 231 230 227 225 226 228 228 228 226 225 225 226 226 223 221 222 226 231 229
225 225 222 220 222 223 223 224 224 223 223 224 225 225 224 224 224 224 225 223 224 224 223 221 221 222 223 225 225 223 223 227 230 230 231 231 230 231 231 231 231 230 230 231 231 231 231 231 231 230 230 231 230 230 229 228 228 230 231 231 231 231 231 231 231 231 232 231 231 230 230 230 231 230 229 231 230 227 225 225 228 229 227 226 224 225 225 221 222 223 222 224 229 229
225 223 224 222 221 221 222 223 223 223 222 224 224 224 224 222 221 223 225 224 222 218 217 216 220 222 225 224 226 227 228 228 229 230 230 231 231 231 231 231 230 230 231 230 230 231 231 231 231 231 231 231 230 229 230 229 230 230 231 231 231 231 231 232 232 232 232 232 232 232 231 230 230 229 231 231 228 227 226 226 228 229 228 226 223 223 221 221 221 222 225 225 228 229
224 224 224 222 222 222 223 223 223 223 224 224 223 223 222 222 222 223 222 224 222 215 208 209 218 223 224 227 228 228 226 225 225 230 231 231 231 230 230 230 230 230 231 231 231 231 231 230 231 232 231 232 231 230 231 230 230 229 231 232 232 231 231 232 232 232 232 232 232 232 232 231 231 231 232 230 229 227 226 227 228 229 227 228 226 223 220 222 220 220 225 229 228 228
224 223 223 222 222 222 222 223 224 225 225 225 224 223 223 225 225 224 221 222 222 218 212 207 218 224 225 226 227 227 227 228 229 230 231 231 230 230 230 230 231 231 231 231 231 231 232 232 232 232 231 232 232 231 232 231 231 231 231 231 232 232 232 232 232 232 232 232 232 232 232 232 232 232 231 230 230 229 225 223 225 230 230 228 227 225 224 225 223 222 226 227 230 229
222 221 222 222 221 222 223 224 224 223 224 224 225 222 225 226 225 223 221 218 215 213 213 219 224 226 225 226 228 228 227 228 229 231 230 230 230 229 230 230 231 230 231 231 231 231 231 230 231 232 232 231 231 231 232 232 232 232 232 232 232 232 232 232 232 232 232 232 232 232 233 232 232 231 231 232 231 229 225 223 225 229 231 230 230 228 228 225 223 226 227 229 230 231
223 223 222 221 220 222 223 222 223 223 223 224 225 226 227 226 225 225 221 217 215 220 223 224 226 228 227 228 229 228 229 230 228 229 228 228 228 226 227 228 230 229 231 231 231 229 230 229 231 232 231 231 230 230 231 230 231 231 231 231 231 232 231 232 232 232 232 232 232 233 232 232 232 232 232 232 230 228 224 224 224 227 231 232 232 230 229 227 224 224 229 231 231 232
221 220 221 221 220 221 220 221 223 222 222 222 224 225 225 226 227 225 220 218 218 221 224 227 227 228 228 229 228 227 226 227 225 226 226 226 228 228 226 227 229 228 229 231 231 229 227 230 229 229 230 230 229 229 230 230 231 231 231 231 231 231 232 232 232 232 232 232 233 233 233 233 233 232 231 230 229 226 224 222 222 225 229 231 232 230 229 228 226 226 228 229 231 233
222 223 223 224 223 221 219 220 221 221 223 224 223 223 224 226 228 225 224 226 226 226 227 228 228 229 229 228 228 226 226 225 225 223 223 224 224 228 227 228 229 227 226 230 229 229 227 226 225 226 226 227 227 228 229 230 231 231 231 231 231 231 232 232 232 233 232 232 232 233 233 233 233 232 232 230 229 226 223 225 224 228 230 232 233 232 231 230 231 231 231 229 231 233
222 222 226 224 223 222 222 224 223 224 223 224 224 223 224 227 227 225 226 227 227 227 229 229 229 229 229 228 227 227 226 225 226 222 222 224 225 227 229 230 228 227 227 227 224 226 224 223 222 225 226 228 229 229 230 230 231 230 230 231 231 232 232 232 233 233 232 232 232 233 233 233 233 233 232 233 232 230 227 227 229 230 230 231 232 233 232 231 232 233 232 231 231 233
225 226 227 225 224 223 224 225 226 225 223 225 225 225 226 227 228 229 229 228 229 229 230 229 227 228 227 226 226 227 228 228 225 222 223 225 226 228 229 230 228 228 227 225 223 223 223 225 223 224 225 227 228 229 231 231 231 230 229 230 231 232 233 233 232 233 233 233 233 233 233 233 233 233 233 232 232 231 229 228 229 228 229 230 231 232 233 233 233 233 233 231 232 233
228 228 228 226 226 227 226 226 226 227 227 228 228 225 225 227 228 229 230 230 230 230 230 229 228 226 225 224 226 228 229 228 226 224 225 228 229 230 230 231 230 227 226 226 225 225 227 227 224 225 226 228 228 229 231 232 232 230 230 232 232 232 233 232 232 231 230 232 233 233 233 233 233 233 234 231 229 230 228 228 227 229 230 231 231 232 232 232 233 233 233 232 232 233
229 228 228 228 228 228 227 225 226 227 228 226 228 227 226 227 228 229 229 230 230 230 230 229 228 225 223 224 226 227 229 228 228 227 226 226 228 228 228 230 230 230 229 227 226 227 228 227 226 225 225 229 230 231 230 230 232 232 232 231 232 233 232 231 232 230 230 231 233 233 232 233 233 233 233 233 230 229 231 228 229 231 231 232 231 232 232 232 231 233 233 233 233 233
229 229 228 228 228 228 227 225 225 225 225 227 228 229 228 229 228 229 230 230 229 230 230 229 228 226 226 226 226 226 229 230 229 227 228 227 229 228 227 229 231 230 230 227 223 227 230 230 230 229 229 231 231 232 231 232 232 229 229 231 232 232 231 231 232 230 229 230 232 233 232 232 233 233 233 233 231 231 232 229 229 231 230 232 232 231 231 231 232 233 233 233 234 234
228 228 227 227 229 228 227 226 226 227 227 227 228 229 229 229 228 230 231 231 231 231 230 229 228 227 228 227 226 228 229 230 230 229 229 229 230 228 227 227 230 231 230 227 226 228 231 232 231 232 232 232 232 232 232 232 232 227 229 230 232 232 230 231 231 229 227 229 232 233 232 231 232 233 233 233 233 233 231 228 228 230 231 232 232 231 230 231 232 233 234 234 234 234
228 228 227 227 228 228 227 227 227 226 227 228 229 229 228 229 230 231 231 231 231 231 231 230 229 229 228 228 228 227 228 230 230 231 230 230 230 227 228 227 230 231 232 230 230 232 231 229 225 227 230 232 232 231 232 232 231 229 231 231 232 232 229 229 230 228 228 232 233 233 232 231 231 232 233 233 234 232 232 231 227 229 231 232 232 231 232 233 233 233 233 234 234 234
