ecocropFuture/tif/c6/rcp585/ACCESS-CM2/tmin_9.asc
ncols        683
nrows        518
xllcorner    -87.691666666667
yllcorner    10.708333333333
cellsize     0.008333333333
NODATA_value  nan
[rows 84 to 125 of 518, columns 282 to 375 of 683]
nan nan nan nan nan nan nan nan nan nan nan nan nan nan nan nan nan nan nan 230 229 229 228 227 226 228 228 228 228 227 227 227 225 223 222 223 222 218 212 214 221 223 226 226 226 227 226 226 227 226 225 223 220 220 217 218 216 215 215 213 212 213 221 224 224 225 225 223 224 223 226 224 225 224 223 223 222 223 225 224 224 231 232 232 233 233 232 233 233 232 231 227 226 227
nan nan nan nan nan nan nan nan nan nan nan nan nan nan nan nan nan nan nan 230 231 230 228 226 228 229 228 227 227 227 228 226 225 223 225 224 222 215 215 212 220 224 225 224 224 227 226 226 227 227 225 222 221 218 217 219 216 214 214 213 211 213 222 224 224 225 224 222 223 223 226 225 224 224 224 222 223 224 225 225 223 229 231 231 232 233 233 233 233 231 227 221 224 226
nan nan nan nan nan nan nan nan nan nan nan nan nan nan nan nan nan nan nan 229 229 229 230 229 230 229 226 227 228 228 227 226 224 225 225 222 222 220 220 220 224 225 223 223 225 228 227 226 226 226 226 225 222 219 220 220 217 216 216 215 219 219 222 223 224 224 221 221 223 225 226 225 224 226 224 219 224 226 226 226 221 226 230 230 232 233 233 233 232 227 224 225 226 226
nan nan nan nan nan nan nan nan nan nan nan nan nan nan nan nan nan nan nan nan nan 228 230 230 230 229 229 228 228 227 225 221 219 224 225 223 222 221 224 224 223 222 223 225 227 227 226 225 224 224 225 225 223 222 221 219 216 216 217 218 222 222 222 223 223 223 223 222 224 225 226 220 225 227 223 221 225 226 221 226 222 225 229 229 232 232 232 233 232 231 231 230 230 229
nan nan nan nan nan nan nan nan nan nan nan nan nan nan nan nan nan nan nan nan nan 230 230 230 228 228 228 228 226 225 223 217 221 225 226 224 224 225 224 223 220 223 225 225 227 226 226 225 222 221 223 225 222 221 218 216 216 216 214 211 214 221 224 224 220 224 223 221 221 223 225 221 222 226 222 226 226 223 217 224 221 226 230 229 231 232 233 233 233 233 232 232 229 228
nan nan nan nan nan nan nan nan nan nan nan nan nan nan nan nan nan nan nan nan 230 230 230 230 230 229 229 227 225 222 218 221 224 225 227 226 226 224 222 223 224 225 226 226 226 226 226 224 219 218 223 224 222 217 214 214 215 215 213 211 212 218 223 223 221 224 224 222 218 222 224 223 224 227 225 226 222 222 216 222 221 222 228 230 231 232 233 233 233 232 232 231 229 229
nan nan nan nan nan nan nan nan nan nan nan nan nan nan nan nan nan nan nan nan 230 229 229 230 230 229 229 227 225 222 222 225 226 227 227 227 225 222 222 224 225 226 226 226 226 225 225 223 218 218 222 224 223 216 215 213 214 216 215 218 219 222 223 220 216 221 225 223 221 226 225 223 222 226 227 224 220 219 214 218 222 222 229 230 231 232 233 233 233 231 231 231 230 231
nan nan nan nan nan nan nan nan nan nan nan nan nan nan nan nan nan nan nan 230 229 229 229 230 229 229 227 227 225 226 225 225 226 227 227 226 225 223 222 224 225 225 223 224 224 224 225 223 217 220 218 221 223 220 220 216 217 217 215 217 221 222 223 218 217 221 226 224 220 227 226 223 220 227 223 218 216 215 210 219 226 223 230 231 231 232 233 233 233 232 232 230 231 231
nan 227 229 229 229 229 228 226 223 224 227 230 229 229 230 230 230 230 230 229 229 229 229 229 228 226 227 227 226 224 224 227 228 227 227 226 225 221 223 224 225 222 221 224 223 224 224 224 217 218 218 222 221 218 220 218 217 217 219 220 219 220 222 216 215 221 227 225 225 228 226 225 224 226 223 217 213 211 209 218 227 227 231 232 231 232 232 233 233 232 232 232 231 229
229 227 226 228 228 227 225 221 222 219 225 228 228 228 229 229 229 229 229 228 228 229 230 230 228 226 226 224 225 225 226 228 227 226 226 226 225 222 222 223 223 221 221 223 224 224 223 222 219 219 219 220 222 216 218 219 215 213 215 217 219 221 221 218 221 225 227 227 228 228 227 227 228 228 225 217 212 216 214 219 228 230 232 232 232 232 233 233 232 232 232 232 231 230
227 225 225 226 225 225 225 227 227 227 227 228 228 229 229 228 229 229 228 228 227 227 230 229 228 226 227 227 227 227 228 228 225 225 224 224 225 224 222 223 222 220 220 222 223 221 221 223 221 217 215 215 220 215 215 217 214 213 217 219 220 219 218 218 218 224 226 227 227 227 229 229 227 227 221 214 212 220 218 219 228 231 231 232 232 232 233 233 232 232 231 230 231 231
226 225 224 215 213 219 226 226 227 228 228 228 228 228 228 228 228 228 227 227 228 229 229 227 227 227 228 228 228 228 227 227 224 225 223 223 224 225 223 223 222 221 221 222 222 219 219 223 221 219 216 212 216 218 214 215 213 214 215 218 217 217 219 223 225 222 224 226 223 227 229 228 229 226 220 211 213 223 221 224 227 231 231 232 232 233 233 233 232 231 231 232 232 231
224 224 218 206 215 225 227 227 228 228 228 228 228 228 228 228 228 228 227 228 229 228 226 220 221 227 228 228 227 227 226 226 224 223 222 223 223 223 224 222 222 222 222 221 220 218 218 220 221 217 215 209 211 217 216 216 215 212 212 216 214 214 217 222 223 221 223 224 223 224 227 227 229 227 222 211 213 225 221 227 230 231 232 232 232 233 232 233 232 232 232 231 231 231
224 220 211 213 223 226 226 227 228 228 228 228 228 228 228 228 228 228 228 229 228 225 222 222 226 227 228 228 227 227 226 225 223 222 222 220 222 220 222 220 220 221 221 219 217 220 217 217 221 214 208 210 213 212 216 215 216 214 211 213 211 216 220 221 221 219 221 220 221 222 226 225 227 228 220 212 217 227 225 229 230 231 231 232 232 232 232 233 232 232 231 231 231 230
218 209 213 221 223 225 226 227 227 228 228 228 228 228 228 228 229 228 229 228 227 226 225 226 227 226 227 228 227 227 225 224 223 222 222 220 223 217 219 221 218 220 218 216 215 215 219 218 220 212 205 206 209 206 213 214 213 214 212 213 213 214 215 218 220 220 222 219 219 223 223 222 224 229 221 219 221 229 229 230 231 231 231 232 232 232 232 232 232 231 230 231 231 230
214 214 220 223 225 226 226 227 228 228 227 228 228 228 228 228 228 228 229 227 226 225 225 225 226 227 228 228 227 226 225 224 223 223 222 221 222 219 219 216 220 219 219 212 212 209 217 212 216 215 205 200 204 205 212 212 211 214 216 218 218 212 213 215 221 223 223 220 219 221 221 221 226 230 224 227 226 230 230 230 230 231 231 231 231 231 232 232 232 231 231 231 231 231
207 214 213 219 221 222 225 227 228 228 228 229 229 229 229 228 229 229 228 225 226 226 225 225 226 227 228 228 227 226 224 224 223 221 222 223 223 219 217 216 218 220 219 213 208 211 215 214 211 215 210 201 196 203 209 209 208 216 214 216 219 216 219 220 219 224 223 220 215 219 224 225 228 230 227 228 230 231 230 230 231 231 231 231 232 231 231 232 232 232 232 230 230 231
208 212 212 216 219 223 225 227 228 228 228 229 229 229 229 229 229 229 228 227 227 226 226 226 227 227 227 226 227 226 225 224 224 222 222 222 223 223 219 215 214 219 219 216 207 208 212 217 215 213 212 202 194 201 210 212 213 216 209 213 218 221 222 222 223 225 222 216 211 221 228 227 229 230 230 227 229 230 231 231 231 231 232 232 231 231 231 232 232 232 231 231 231 231
213 210 211 220 224 225 225 226 225 224 225 228 229 229 229 229 229 228 228 227 227 227 226 226 226 226 226 223 226 226 226 223 225 224 223 222 224 224 222 215 213 216 220 217 211 210 215 218 216 212 211 202 195 203 209 211 213 214 210 211 217 221 223 223 224 226 222 213 214 224 228 228 230 231 231 230 230 231 231 232 232 232 231 230 231 231 231 232 232 232 232 231 231 230
221 223 220 223 224 224 224 226 226 224 226 228 229 229 228 228 228 226 227 227 227 226 226 225 226 226 226 224 224 225 224 225 226 225 224 224 225 224 221 219 217 216 218 218 213 216 215 213 215 209 208 203 197 203 208 210 206 210 213 215 219 221 220 220 221 225 222 217 221 227 229 229 230 229 231 231 231 231 231 231 231 231 228 230 231 231 232 232 232 232 231 231 231 230
222 223 223 222 223 223 224 224 224 225 227 228 229 228 228 228 226 223 226 226 226 226 226 225 225 226 226 223 222 223 226 226 225 225 225 225 225 223 218 219 220 219 219 220 215 214 212 206 212 205 205 206 199 201 205 205 204 212 215 216 216 215 218 222 223 225 225 221 227 228 229 230 229 230 231 231 231 231 231 229 230 228 225 229 231 231 232 231 231 232 232 231 231 231
211 212 215 218 218 218 221 225 226 227 228 228 229 228 228 228 227 226 226 226 225 226 225 225 225 225 225 222 222 224 226 227 226 226 225 225 226 224 223 221 222 220 221 220 219 216 214 210 203 204 205 210 206 208 207 202 204 210 207 208 216 219 219 220 225 227 227 226 227 226 227 229 230 230 231 231 230 226 227 229 229 230 230 231 232 232 232 231 231 231 231 232 231 232
212 209 212 215 217 217 221 222 222 227 228 229 229 228 227 228 227 227 225 226 226 226 225 225 225 222 224 221 223 223 225 227 226 226 224 224 225 225 222 219 223 222 222 219 216 210 209 208 197 203 207 211 211 210 206 201 202 210 209 210 218 221 224 225 226 226 227 226 227 226 225 229 230 230 231 230 229 223 225 229 229 231 231 231 232 231 231 231 231 231 231 231 232 232
216 217 219 220 221 224 224 219 225 227 228 229 228 228 228 227 227 227 227 226 226 226 225 225 224 221 222 223 224 225 225 226 226 225 224 224 223 224 224 222 220 222 220 219 213 212 205 201 203 205 204 209 214 208 199 195 199 206 214 212 216 221 223 223 225 225 225 227 227 225 221 227 230 230 230 230 228 227 228 230 230 231 232 232 230 230 231 231 231 231 231 231 231 231
220 223 224 224 225 226 226 225 227 228 229 228 228 228 227 227 227 227 227 226 226 225 225 223 222 219 222 224 224 224 225 226 225 224 225 224 220 220 223 223 219 220 220 220 218 214 202 198 208 211 208 210 215 208 197 189 197 206 216 216 216 219 217 222 226 226 225 227 226 220 219 227 229 229 227 227 228 230 230 230 231 231 231 231 231 231 231 231 231 231 231 230 231 231
212 218 223 224 224 223 227 227 228 228 228 228 227 227 227 226 226 226 226 226 224 224 223 220 219 220 223 224 224 223 225 225 226 226 224 224 221 220 222 223 222 220 220 220 218 215 208 200 204 214 208 211 215 210 201 193 199 208 216 220 221 223 222 224 226 227 226 227 224 218 219 226 228 227 223 227 229 230 230 230 231 230 231 230 231 231 231 231 231 231 231 231 231 229
200 208 215 217 222 225 227 228 229 228 228 227 227 226 227 227 226 226 226 225 222 218 220 218 216 219 222 223 220 225 225 225 225 226 225 223 222 220 220 222 222 221 221 220 218 217 214 206 207 214 208 212 216 213 203 197 203 208 215 221 223 224 224 226 227 227 227 227 224 219 220 226 227 227 227 229 230 230 229 231 230 230 230 231 231 231 230 229 230 231 231 231 229 218
207 210 216 218 220 225 227 228 228 227 227 227 227 226 227 226 226 225 225 223 216 211 212 214 212 217 220 218 223 223 225 224 224 225 225 224 223 220 218 219 221 218 217 219 219 218 213 205 210 215 211 214 215 215 203 200 204 211 216 221 223 224 225 225 226 227 226 226 224 216 222 225 227 228 228 229 230 230 230 231 230 230 229 230 231 231 227 227 229 229 229 231 229 218
217 217 219 224 225 226 228 228 228 227 227 227 227 226 226 226 226 225 224 220 214 206 206 208 207 213 221 221 223 224 225 224 224 224 225 224 219 219 221 215 219 216 215 218 219 217 212 204 210 216 214 217 214 216 205 199 210 211 216 221 223 223 224 225 227 227 225 224 224 217 218 223 227 228 227 229 229 229 230 230 230 230 230 231 231 230 226 228 225 226 225 229 230 226
218 222 224 223 224 227 228 228 228 227 227 226 226 226 226 226 226 225 224 220 212 207 201 199 201 207 215 221 224 224 222 224 223 223 224 223 217 210 219 214 215 217 213 216 218 216 210 204 206 215 218 215 213 217 204 197 204 216 219 221 224 224 226 226 226 225 222 219 223 217 211 218 225 228 228 228 229 229 229 229 229 229 230 231 231 230 227 226 222 223 225 229 230 226
221 223 224 225 226 227 228 228 228 227 226 226 226 226 226 226 225 225 221 217 211 203 195 189 193 201 213 222 224 223 221 223 221 223 224 222 214 207 216 212 208 216 211 214 217 214 211 209 206 212 218 215 218 218 207 200 199 211 220 222 223 225 225 225 223 218 213 216 222 219 215 216 223 227 227 227 229 230 228 228 226 227 230 230 231 231 228 226 222 222 225 226 230 228
224 223 224 226 227 228 228 227 226 227 226 226 226 226 225 225 225 225 222 216 209 198 190 188 197 206 217 221 223 224 222 219 220 222 224 219 210 207 215 213 205 211 212 214 217 214 213 212 207 213 219 220 220 218 209 203 200 210 217 220 223 224 224 224 219 211 205 210 219 215 208 212 220 225 226 227 228 229 223 222 218 223 227 226 229 230 228 228 228 226 224 224 228 223
222 224 224 226 228 228 228 227 226 227 227 227 227 226 225 225 225 224 223 220 212 199 192 198 204 210 218 222 224 224 221 221 221 222 223 217 214 210 208 213 205 205 211 215 217 216 216 211 211 213 215 220 220 220 213 207 207 212 214 218 223 222 222 221 214 201 200 207 217 212 202 206 217 221 226 226 226 226 222 214 215 217 220 223 226 228 229 228 228 225 221 224 227 225
220 223 226 227 228 227 227 227 226 226 226 227 226 226 226 225 224 224 223 221 212 199 200 205 211 215 220 223 224 220 221 221 222 223 223 213 210 212 205 208 207 201 208 217 218 217 218 216 209 209 216 220 221 220 216 211 211 212 214 218 222 222 218 217 212 204 199 207 214 209 201 209 216 221 224 226 220 220 218 215 218 219 224 226 227 228 228 228 227 222 217 221 227 227
222 226 227 228 227 227 226 227 225 225 225 227 226 226 226 224 223 224 222 220 214 203 204 212 216 219 222 219 223 222 219 221 222 223 223 220 212 211 209 206 211 207 211 218 218 215 217 216 210 211 219 220 221 220 217 214 214 209 209 215 222 216 208 204 207 202 202 207 211 211 209 207 211 216 222 226 221 217 219 220 219 223 225 226 227 228 228 228 223 222 219 218 228 229
223 227 227 227 226 224 225 225 224 226 227 227 226 226 225 223 222 222 223 220 216 206 211 216 218 221 220 215 223 223 222 221 222 222 221 219 216 209 211 206 214 215 214 218 219 217 218 218 215 217 220 221 222 221 218 215 211 205 210 216 220 214 205 201 207 202 204 207 211 212 214 216 215 220 223 222 222 221 223 225 223 225 226 227 228 227 228 227 226 227 226 228 230 230
225 227 227 227 226 224 222 220 226 227 226 226 226 226 226 225 223 222 221 220 219 211 213 218 220 220 214 218 223 222 221 220 219 221 220 215 217 209 211 211 216 218 218 219 218 220 219 215 213 215 220 222 222 220 219 215 209 204 212 218 220 212 204 205 208 206 208 210 211 216 214 216 221 221 219 219 217 220 224 226 227 226 227 226 226 226 227 226 227 229 229 228 228 229
226 227 227 224 218 218 222 225 227 226 226 225 225 226 224 224 223 222 222 217 215 214 217 218 215 216 217 221 223 220 215 212 218 220 220 220 218 216 214 213 212 216 220 219 218 220 217 215 213 215 220 221 223 220 220 214 209 211 213 214 216 213 205 206 210 211 208 211 214 215 210 211 215 214 218 216 214 219 222 226 226 224 224 225 221 217 224 227 225 226 226 224 221 224
227 227 226 219 219 218 223 226 226 225 225 223 222 225 224 224 224 223 221 218 216 214 217 218 217 219 220 220 221 217 214 212 214 218 218 217 218 217 215 216 214 217 220 219 219 221 221 220 219 219 219 220 223 221 221 215 209 211 215 213 214 214 207 205 210 212 212 213 213 213 213 209 210 214 216 212 214 220 224 226 223 220 220 221 218 220 221 220 222 224 223 225 223 223
227 226 219 219 221 222 224 226 226 225 223 220 220 225 224 223 221 220 219 218 219 218 219 219 218 215 216 218 220 217 214 215 216 218 219 216 215 212 215 217 219 219 220 220 221 221 221 222 221 221 219 222 223 222 221 217 216 215 215 217 213 215 209 208 210 212 212 212 209 210 211 202 206 213 215 216 216 220 224 223 219 218 220 219 219 217 217 216 219 222 219 223 224 227
227 221 217 220 222 224 225 226 226 224 223 223 222 225 224 223 217 213 219 219 219 219 220 219 218 218 219 220 221 219 216 216 216 217 215 217 215 212 211 217 219 220 220 221 222 222 221 222 222 220 222 222 222 223 222 218 220 220 219 218 214 217 215 212 211 212 212 209 206 212 213 211 210 212 214 217 217 221 222 219 219 220 220 219 218 214 210 209 215 222 221 224 219 221
225 214 218 220 222 224 225 226 226 224 222 222 221 222 223 222 218 214 217 220 220 220 220 219 220 221 220 221 218 220 219 217 213 211 210 214 215 214 209 212 217 220 221 222 221 221 221 222 222 222 220 219 222 221 218 220 216 221 217 215 215 218 219 213 211 215 211 209 206 209 215 217 216 216 218 220 221 219 217 216 218 219 219 217 213 210 207 211 218 221 217 220 218 215
