ecocropFuture/tif/c6/rcp585/ACCESS-CM2/tmin_6.asc
ncols        683
nrows        518
xllcorner    -87.691666666667
yllcorner    10.708333333333
cellsize     0.008333333333
NODATA_value  nan
[rows 126 to 167 of 518, columns 282 to 375 of 683]
230 226 229 227 223 229 234 235 235 234 233 230 229 231 231 229 221 223 227 229 227 229 229 230 229 228 226 230 227 226 227 223 216 215 214 217 221 219 216 216 221 226 230 227 222 226 223 229 230 230 225 224 227 227 223 230 226 230 225 224 226 227 229 225 224 228 226 224 221 222 225 226 228 229 229 229 228 228 227 224 225 228 227 225 218 215 213 223 227 229 226 223 222 220
229 230 231 229 224 223 232 234 235 234 234 233 232 233 233 229 224 227 227 228 225 223 227 228 228 226 227 230 228 223 221 221 222 218 215 214 215 216 219 219 217 225 228 222 216 221 222 230 231 230 228 223 218 223 223 229 230 228 230 229 227 229 229 229 226 228 230 229 227 226 227 227 227 228 226 225 226 225 225 222 224 227 228 226 223 217 213 217 224 228 225 225 224 221
227 231 231 229 226 225 232 234 234 234 235 234 234 234 233 232 230 230 229 227 226 220 226 228 227 227 229 229 228 225 219 215 223 222 219 217 213 212 214 224 226 229 228 218 214 221 225 226 228 232 226 220 215 223 228 228 232 230 228 232 230 231 229 231 230 232 230 227 227 227 228 228 229 227 226 227 227 228 228 227 227 227 228 228 228 224 224 224 228 227 230 230 231 228
229 230 231 230 228 227 229 233 234 234 234 234 234 234 233 233 232 232 230 227 225 217 224 227 227 228 228 228 227 226 222 219 220 222 220 218 216 216 213 222 226 227 227 221 216 223 224 218 220 231 227 214 216 223 230 228 232 231 230 233 230 233 230 232 233 231 227 225 227 227 227 228 227 226 226 224 226 225 226 227 229 229 229 229 230 229 229 231 230 228 234 236 235 232
227 231 231 231 226 230 232 232 234 234 233 234 234 233 233 233 233 232 231 228 225 219 224 226 223 225 228 229 228 226 222 220 217 217 214 215 218 215 215 219 223 226 226 221 218 219 218 214 220 229 230 220 214 220 230 229 233 233 231 232 231 233 233 234 229 226 225 225 225 225 226 227 226 225 224 223 223 223 225 224 227 229 229 230 231 231 230 232 235 236 238 238 237 238
226 231 231 231 226 231 233 233 234 234 233 233 233 233 233 232 231 230 230 229 223 222 225 226 226 226 228 228 228 225 220 221 220 218 213 217 220 219 217 215 225 225 223 221 215 212 211 213 224 229 233 225 214 217 228 232 233 234 233 233 235 232 227 232 230 227 225 224 225 226 224 224 222 222 224 223 222 219 219 222 225 225 228 227 230 231 234 234 233 234 230 236 239 238
229 231 231 231 229 231 232 232 234 233 233 233 233 233 232 230 230 229 228 229 223 224 226 226 226 228 227 227 226 226 222 219 216 211 212 218 222 222 222 224 228 222 219 225 220 216 210 216 224 229 233 227 214 212 222 227 230 235 235 235 234 231 228 230 227 228 227 226 226 225 224 222 222 223 223 224 224 224 223 221 219 218 220 225 227 229 230 233 235 234 230 233 238 236
230 231 231 230 229 231 233 233 233 231 231 233 233 233 231 229 226 229 228 229 226 224 225 226 222 227 226 226 224 226 224 222 213 211 214 218 222 225 224 229 230 224 219 228 226 220 210 211 218 226 233 230 221 212 219 228 223 233 236 235 233 233 230 228 225 230 228 224 225 224 223 223 223 223 223 225 225 225 225 224 223 221 219 223 223 225 230 233 232 233 232 230 237 240
232 231 230 230 231 232 232 232 231 230 232 233 233 232 231 230 226 224 224 223 225 221 222 224 225 226 226 224 223 224 225 225 216 214 218 221 225 223 229 231 229 225 224 230 228 220 210 205 211 220 233 234 228 225 229 233 226 228 236 235 232 232 232 228 228 230 229 229 229 225 223 225 224 224 222 224 225 225 225 225 224 220 216 215 214 222 230 228 229 231 228 229 235 240
233 229 226 226 228 232 232 232 231 231 232 233 232 232 231 229 223 215 215 217 223 220 221 225 226 226 226 226 222 225 226 227 223 220 219 225 228 226 232 231 229 230 230 228 230 227 219 206 207 218 231 236 234 231 232 235 231 232 236 235 233 234 234 228 228 232 232 231 229 228 227 227 226 224 223 224 224 224 223 223 225 224 221 213 213 221 228 226 221 224 225 223 226 235
228 229 227 229 227 231 232 232 230 231 232 232 232 231 230 229 224 215 215 221 223 224 224 224 225 226 227 228 224 226 230 228 227 226 221 221 227 231 232 229 226 231 231 225 222 232 224 214 215 225 229 232 235 235 234 236 234 234 237 236 235 234 233 231 231 231 234 231 232 231 231 229 225 225 225 224 223 224 223 222 221 223 225 219 219 218 222 220 219 218 222 230 231 232
229 232 232 232 230 232 232 229 229 231 231 231 230 231 230 229 222 216 220 222 222 224 224 224 222 225 229 229 225 227 231 230 228 229 223 221 227 233 230 225 227 230 233 230 223 232 232 221 223 228 222 225 229 236 234 236 237 237 237 236 234 231 233 234 235 234 235 233 235 235 233 229 226 227 227 226 225 224 223 221 220 222 226 224 217 215 215 215 211 217 223 233 238 239
232 232 231 230 231 232 229 228 228 230 230 231 230 228 225 224 224 217 221 221 219 223 223 224 222 226 229 230 229 229 231 232 230 231 229 230 233 232 227 226 226 230 233 231 221 227 234 229 228 231 229 229 230 234 236 234 237 237 236 234 232 229 231 234 236 236 236 235 236 235 233 232 230 228 227 225 225 224 223 219 221 224 224 226 220 214 219 219 214 221 226 233 236 236
230 230 228 226 228 231 229 227 228 230 229 228 227 223 216 213 217 216 219 222 219 219 223 221 224 221 226 230 231 230 231 232 233 233 233 233 234 232 227 228 230 233 236 234 229 230 235 233 233 228 229 233 229 231 237 237 237 237 235 234 231 232 234 235 237 237 235 236 235 233 229 227 226 226 226 226 225 224 222 218 219 222 225 226 227 226 226 225 223 227 224 232 235 234
225 225 220 219 226 229 229 225 229 228 225 224 222 219 210 205 211 214 217 221 221 220 223 220 223 223 227 229 230 231 232 232 233 233 234 234 234 231 229 233 231 234 236 235 233 232 236 236 236 234 231 233 233 233 236 238 238 237 235 235 235 233 236 235 236 237 235 234 230 227 225 224 224 224 225 224 225 224 218 213 214 221 224 226 227 228 228 229 229 228 226 228 235 233
217 214 212 214 218 223 229 226 228 225 218 218 216 212 208 213 214 217 217 218 221 220 221 222 221 223 225 225 225 227 232 233 232 233 234 232 233 234 235 234 232 234 237 233 233 231 235 237 237 237 236 234 234 236 232 236 239 238 237 236 235 235 237 236 236 237 237 234 230 229 226 224 222 222 219 222 226 224 216 206 209 218 221 222 226 227 228 227 226 225 224 230 233 230
213 210 205 204 210 218 227 229 226 221 211 210 208 207 211 217 218 219 217 214 218 216 220 221 221 221 226 224 220 226 231 232 232 231 234 229 227 234 231 235 233 233 237 233 234 233 235 235 233 236 237 237 236 238 235 236 239 239 238 235 236 236 236 237 238 238 236 234 232 227 224 223 218 218 217 225 226 225 221 217 216 222 223 223 227 227 226 223 221 219 224 229 232 229
219 212 203 203 212 218 225 229 225 220 215 212 213 213 216 221 221 218 216 216 218 218 221 219 217 222 225 227 223 225 231 231 231 233 232 225 225 229 233 233 235 231 234 234 233 236 234 231 227 231 237 238 238 239 238 237 238 239 238 238 237 237 237 238 238 237 232 230 225 225 229 223 215 217 221 226 226 226 225 224 225 226 227 228 228 227 226 222 219 219 225 229 230 224
223 219 215 213 211 213 222 228 225 221 219 219 218 217 220 221 217 219 215 216 217 220 219 218 215 218 220 227 227 228 228 230 232 232 227 229 226 227 233 232 233 233 236 236 235 236 233 229 230 235 236 238 238 239 239 238 238 238 239 238 237 237 238 238 237 234 228 226 227 227 231 222 214 219 224 226 226 226 227 227 227 227 228 227 225 224 226 226 224 220 223 223 226 227
226 224 224 221 220 219 223 227 227 225 223 223 222 222 222 221 219 217 213 212 217 217 219 218 215 216 221 223 226 229 227 231 232 231 230 227 228 231 233 233 230 235 236 238 238 237 236 234 235 231 229 235 238 239 239 238 237 238 238 238 238 238 238 238 237 233 231 229 230 233 232 225 223 223 225 225 223 225 226 226 226 226 226 224 224 224 223 223 219 223 227 226 232 235
230 229 228 226 224 224 224 226 224 226 226 223 224 224 223 220 217 214 214 216 214 216 218 219 220 219 223 223 223 230 228 231 231 228 222 220 224 229 232 231 231 231 235 236 237 238 238 238 234 235 229 230 238 238 239 239 238 237 231 237 238 239 239 238 237 230 231 232 234 234 231 227 223 222 218 216 214 222 225 226 225 225 225 226 225 224 223 224 227 228 232 233 235 237
227 225 228 225 224 225 221 223 220 218 224 225 225 222 222 218 217 214 215 211 213 212 218 222 223 221 223 223 224 229 230 230 228 218 212 207 214 225 226 222 229 231 233 235 237 235 235 239 237 234 236 234 237 239 239 237 235 235 231 234 239 239 239 237 235 233 230 234 236 232 228 220 215 214 211 212 217 223 225 227 226 223 224 224 222 220 220 226 229 231 233 233 232 233
223 226 227 227 225 224 221 218 217 218 223 226 226 224 221 219 215 215 211 208 206 211 216 221 225 225 225 225 228 229 229 227 224 219 211 194 207 215 215 220 225 228 234 235 234 231 232 236 238 238 238 238 239 239 239 235 227 233 234 237 239 240 239 236 237 236 235 235 237 234 231 230 226 219 215 221 226 226 230 229 225 221 222 220 215 214 220 224 225 225 226 229 229 229
220 224 225 226 226 223 222 219 217 219 221 224 225 223 221 220 216 212 205 212 209 215 217 222 224 225 226 227 227 226 224 223 223 213 204 192 195 202 209 210 214 219 227 233 233 234 235 237 238 239 239 239 239 240 239 232 230 233 237 238 239 240 239 238 236 236 233 237 236 232 231 229 228 219 212 221 229 231 226 225 223 220 216 214 209 213 219 223 227 223 221 228 231 232
222 224 226 226 226 224 224 221 220 220 220 223 224 222 220 219 216 211 208 208 218 216 220 224 224 224 225 225 224 222 216 218 220 216 202 183 176 189 196 196 202 213 222 230 233 236 237 238 237 237 239 240 239 240 239 238 237 235 236 238 239 239 239 238 237 237 236 237 235 234 233 232 228 222 220 226 231 230 220 219 215 212 211 213 217 221 226 230 230 228 229 228 234 234
224 223 225 227 227 226 224 222 222 223 221 222 222 222 221 218 213 216 212 210 218 222 219 222 223 224 224 223 221 218 214 212 212 212 205 192 188 191 198 202 207 212 220 224 230 236 236 237 237 238 238 240 239 240 238 236 238 236 239 239 240 239 238 238 237 238 238 236 235 234 233 230 225 226 229 230 235 230 227 224 222 218 220 223 228 226 226 233 229 233 235 234 235 235
226 224 226 226 226 225 222 225 224 224 222 221 220 220 219 216 215 217 219 212 212 222 221 222 223 225 223 221 217 213 207 201 195 195 202 202 199 199 194 193 196 202 209 218 227 234 236 237 238 238 239 239 240 240 238 236 238 238 240 240 239 238 238 237 238 238 238 235 235 233 232 228 226 230 233 234 235 236 235 233 231 228 226 232 233 233 229 234 236 235 236 236 236 235
228 227 226 225 224 225 225 223 223 224 222 222 219 215 214 219 221 218 221 219 216 219 224 220 225 225 222 219 215 208 201 192 182 185 192 200 206 208 204 195 193 192 200 215 225 229 235 238 238 238 239 240 239 240 240 237 239 239 240 239 239 239 239 239 239 238 237 236 235 233 232 226 228 234 235 235 234 237 237 236 235 233 231 232 234 236 237 238 239 238 238 237 236 236
228 225 226 224 223 223 224 224 222 222 223 222 219 215 213 219 220 223 224 223 224 219 225 227 226 224 220 217 210 201 189 182 172 176 186 193 204 211 211 204 203 197 201 211 220 226 232 237 238 239 239 239 239 240 240 239 239 240 240 240 239 239 238 238 239 237 236 236 235 236 234 229 232 236 237 236 235 238 238 236 233 233 230 227 230 235 237 240 240 240 239 238 236 235
226 224 225 224 224 222 220 219 219 223 223 222 219 215 214 218 222 223 227 222 222 226 225 228 226 222 217 213 206 198 192 186 179 181 187 195 202 211 216 212 210 202 204 210 218 224 231 236 238 238 239 239 240 240 240 239 239 240 240 240 239 238 239 239 239 237 235 237 236 237 236 236 234 235 236 236 238 239 239 236 234 234 233 229 230 235 237 239 240 241 240 238 239 238
226 224 225 224 223 219 213 214 221 225 222 217 218 212 208 213 218 221 226 227 225 227 227 228 226 220 214 208 201 191 184 179 179 185 188 195 204 212 217 218 213 205 209 212 216 224 233 237 239 238 239 239 239 240 240 240 240 240 240 240 239 239 239 238 238 237 237 238 237 237 235 235 235 234 234 232 235 239 239 237 235 236 238 237 235 238 240 240 240 241 241 241 240 240
225 223 224 223 221 215 209 214 219 225 219 217 214 213 208 212 215 221 223 224 228 228 229 228 223 217 213 209 200 187 178 175 176 180 182 187 199 210 217 221 214 213 213 218 225 229 234 237 238 237 239 239 239 240 240 240 240 240 240 240 239 240 239 238 239 239 239 239 238 238 237 236 237 235 235 233 236 239 238 235 234 237 239 240 240 240 241 242 241 241 242 242 241 239
225 224 222 218 215 212 213 217 223 223 221 215 210 209 216 213 213 224 227 227 227 229 229 227 224 217 212 209 202 196 187 185 182 186 193 196 203 214 219 220 216 220 222 221 222 227 234 236 239 239 239 239 240 240 240 240 240 240 240 240 240 240 240 238 239 240 240 239 239 238 238 239 239 237 236 235 238 240 238 236 236 236 238 241 241 241 242 242 242 241 242 242 242 242
223 224 218 217 217 216 218 222 225 222 224 219 212 212 214 221 219 224 227 228 228 229 230 228 224 217 211 207 198 190 189 191 192 193 194 203 209 217 222 219 219 221 224 227 230 230 236 238 238 239 239 239 239 240 240 240 241 241 241 241 240 240 240 239 239 240 240 240 239 236 236 239 240 240 240 240 240 240 239 237 237 239 237 238 240 242 242 242 242 242 242 242 242 243
221 226 221 218 224 222 224 225 226 227 225 220 215 218 210 221 224 224 225 229 229 230 229 225 225 217 213 207 195 186 184 190 195 199 202 203 210 218 224 222 222 222 221 228 233 235 237 236 237 238 239 239 239 240 240 240 240 241 240 241 240 240 240 240 240 240 240 240 240 238 237 238 240 240 240 240 240 240 240 239 240 241 236 236 240 242 242 242 242 243 242 242 243 243
224 227 225 223 225 224 227 227 229 228 224 216 214 223 216 220 224 226 226 229 231 230 229 226 223 219 212 205 197 192 186 184 186 194 206 212 216 222 223 223 219 217 219 227 232 234 236 235 236 238 239 239 239 239 240 240 238 240 241 241 241 241 240 240 240 240 240 240 240 240 240 238 239 240 241 240 240 241 241 241 241 241 241 240 242 242 242 242 242 243 243 242 243 241
227 227 228 227 227 228 229 229 228 226 219 213 214 221 225 226 225 228 227 230 231 229 228 225 224 221 213 208 198 191 186 188 194 196 203 212 221 225 222 227 219 214 219 226 231 235 235 235 234 237 238 238 239 239 240 237 237 239 239 240 241 241 239 239 240 240 240 241 240 241 240 238 240 241 241 241 241 241 241 241 241 241 241 241 241 241 242 243 243 243 243 243 243 243
228 227 229 228 229 229 230 229 226 225 222 214 209 212 220 226 227 228 230 230 231 227 227 226 225 220 212 211 206 200 196 194 198 207 210 217 223 227 229 230 225 222 227 231 234 236 236 237 236 237 238 238 239 239 239 236 237 239 240 239 241 240 239 239 241 241 240 240 241 241 240 240 240 240 240 239 240 241 239 240 241 240 241 242 241 241 242 242 239 243 243 242 243 243
228 228 229 230 230 230 230 230 226 221 223 219 216 216 225 225 226 227 229 231 229 228 224 224 226 220 211 213 214 211 207 208 209 211 218 222 223 223 228 232 231 230 229 231 234 235 235 237 236 237 238 238 239 239 239 237 238 239 240 240 241 240 239 240 241 241 241 241 241 240 241 241 241 239 237 235 238 240 241 240 240 237 236 240 241 240 240 241 240 241 242 243 243 243
227 229 230 229 230 230 230 228 227 227 228 226 224 223 223 227 227 229 230 230 228 229 225 228 224 218 213 212 216 218 219 219 221 223 224 226 227 225 228 233 231 230 231 234 235 235 234 235 237 238 238 238 239 239 239 238 238 239 240 240 241 240 239 240 240 240 240 241 241 241 242 241 241 239 237 236 237 238 241 239 238 237 234 237 234 237 241 240 240 239 240 243 243 243
227 229 230 230 231 231 229 226 223 228 228 228 228 222 221 222 223 229 231 229 227 229 227 228 226 221 214 212 211 217 224 227 227 228 229 230 228 230 232 231 230 232 235 236 235 236 234 234 236 238 238 238 238 239 239 238 239 240 240 240 241 240 239 238 239 240 240 240 241 242 241 239 241 242 240 237 235 238 241 242 237 231 232 231 227 233 239 241 241 240 240 242 242 243
226 229 230 230 231 230 226 221 221 225 229 229 227 223 216 217 225 230 232 229 229 227 227 227 222 219 218 218 217 216 224 227 230 229 231 231 229 230 232 232 234 235 236 236 234 236 236 236 238 238 238 238 238 239 239 239 239 240 240 240 241 240 239 235 236 239 240 239 240 241 241 240 240 242 242 240 237 238 240 241 242 239 233 232 230 236 239 240 240 242 241 242 242 243
