ecocropFuture/tif/c6/rcp585/ACCESS-CM2/tmin_3.asc
ncols        683
nrows        518
xllcorner    -87.691666666667
yllcorner    10.708333333333
cellsize     0.008333333333
NODATA_value  nan
[rows 378 to 419 of 518, columns 282 to 375 of 683]
250 247 248 245 243 247 247 248 248 248 247 247 247 247 247 247 246 246 245 243 244 243 242 242 239 241 241 241 242 241 240 239 241 240 239 239 239 238 239 239 239 238 239 239 237 234 236 236 235 233 236 233 233 234 235 235 235 235 235 234 234 234 234 234 233 230 231 232 232 232 233 233 233 233 233 233 233 233 232 233 233 233 233 233 232 232 233 233 233 231 232 231 231 229
251 250 249 247 247 247 247 248 248 248 248 247 247 247 247 247 246 246 245 245 242 243 242 242 241 242 241 242 242 242 242 241 241 240 239 239 239 239 239 239 240 240 239 239 238 236 235 238 237 236 237 235 234 236 236 236 236 235 235 235 235 235 235 234 232 227 232 233 233 233 233 233 233 232 233 232 233 232 232 233 233 233 233 232 231 232 232 233 233 232 231 229 229 228
252 251 250 249 249 244 244 248 248 248 248 248 247 247 247 247 247 246 246 245 244 244 242 241 242 243 243 243 242 242 242 242 241 240 240 240 240 238 238 236 237 240 239 240 239 238 235 238 238 237 237 236 237 237 236 236 236 236 235 236 236 236 235 234 231 229 232 233 233 233 233 233 232 232 232 232 231 230 231 232 233 233 232 232 230 231 232 233 232 231 230 229 228 228
252 252 251 250 249 248 246 248 248 248 248 248 248 248 247 246 247 247 246 246 244 243 243 243 240 244 243 243 243 240 237 239 238 234 237 241 241 236 237 238 239 240 240 240 240 240 239 239 238 234 237 238 238 238 235 237 237 236 236 237 237 236 235 234 233 232 230 231 232 233 232 231 232 231 231 231 230 229 229 231 232 233 233 232 231 231 232 232 232 231 228 228 228 228
253 252 252 251 250 250 249 249 249 248 248 248 248 247 247 245 247 247 246 246 245 242 242 244 241 243 244 244 243 242 239 234 232 235 236 240 241 240 241 241 240 241 241 240 240 240 240 239 239 238 238 238 238 238 237 238 237 237 237 237 236 236 235 234 231 228 228 229 230 231 230 230 232 232 231 231 230 230 229 229 231 232 232 232 232 230 229 230 230 230 229 228 228 228
254 253 253 252 251 249 249 250 249 249 249 248 247 248 247 246 247 247 246 246 244 243 244 244 245 245 244 244 244 242 238 236 238 240 240 241 241 242 241 241 241 241 241 241 241 240 240 239 239 239 239 239 238 238 238 238 238 238 237 237 237 237 236 235 233 231 229 231 231 231 231 232 232 232 232 231 230 230 229 228 231 233 232 232 231 230 228 229 230 229 229 228 228 228
254 254 253 253 253 251 250 250 250 250 250 250 246 248 248 248 248 248 247 245 244 244 243 245 245 245 244 244 244 243 241 236 237 238 238 242 241 242 242 242 241 240 241 241 241 240 239 239 239 239 239 239 239 238 238 238 238 238 237 236 236 236 236 236 234 230 228 230 231 231 230 231 232 232 232 231 230 230 230 229 229 230 232 231 229 228 228 229 229 228 228 228 228 229
255 254 254 254 253 253 252 250 252 251 251 251 248 246 249 249 249 248 247 245 246 246 244 245 244 245 245 245 244 244 242 235 234 242 242 242 241 242 242 242 242 241 241 241 241 240 239 239 240 240 239 239 239 239 239 239 238 238 238 237 236 233 234 231 231 229 229 227 229 230 231 231 231 231 231 231 230 230 230 229 229 229 230 230 229 228 228 228 229 229 228 227 228 228
255 255 255 255 254 254 254 253 253 252 252 252 251 249 250 250 249 249 248 247 246 246 245 245 245 246 245 245 245 243 242 235 236 242 243 243 243 243 242 242 242 241 241 241 241 240 240 240 239 240 239 239 239 239 239 239 239 238 238 237 237 236 232 234 232 233 230 227 228 228 228 228 226 229 231 231 231 230 230 229 229 229 229 229 229 228 228 229 229 229 229 229 228 229
254 254 254 254 254 254 254 254 254 254 253 253 252 252 251 250 250 249 248 247 247 246 246 246 246 246 245 245 245 244 244 239 240 243 243 243 243 243 242 242 242 241 241 241 241 241 241 241 240 240 240 240 239 239 239 239 239 238 236 235 236 237 235 236 235 233 230 228 228 224 225 226 226 228 231 230 231 231 231 229 229 229 229 229 229 228 229 229 229 230 230 229 229 230
254 254 254 254 254 254 254 254 253 253 254 253 253 252 252 250 250 250 249 247 248 247 247 247 246 246 246 246 246 246 245 242 240 243 244 244 243 243 242 242 242 242 242 242 241 241 241 241 240 240 240 240 238 237 238 239 239 238 237 235 234 237 237 236 235 233 232 232 230 224 226 227 228 230 229 229 230 230 231 230 229 229 230 230 229 229 230 230 230 230 230 228 229 229
254 254 254 254 254 254 254 254 254 254 254 254 253 253 252 252 251 250 249 247 248 247 247 247 247 246 247 246 246 246 246 244 243 244 244 244 243 243 243 243 242 242 242 242 242 242 241 241 241 241 240 240 239 238 238 238 237 235 237 237 235 235 236 236 235 233 231 230 227 229 229 228 229 229 228 227 228 229 230 230 230 230 230 231 230 230 230 230 230 231 230 228 228 226
254 254 254 254 254 254 254 254 254 254 254 254 254 253 253 252 252 251 249 248 246 245 247 247 247 247 247 247 246 246 246 244 244 244 244 243 241 241 242 243 243 243 242 242 242 242 242 241 241 241 240 239 239 237 238 239 237 235 235 237 236 235 234 234 233 232 232 231 230 227 227 230 230 229 228 227 226 228 228 229 230 231 231 231 231 231 231 230 231 231 231 230 230 230
254 254 254 254 254 254 254 254 254 254 254 254 253 253 253 253 252 252 250 249 248 248 247 247 247 247 247 247 246 246 246 245 245 245 244 243 243 239 239 242 243 243 243 242 242 242 242 242 241 240 240 240 238 236 237 237 235 234 234 235 236 235 234 234 233 232 233 233 233 228 226 230 231 231 230 230 228 227 228 229 229 231 231 231 232 231 231 231 232 232 232 231 231 231
255 254 254 254 254 254 254 254 254 254 254 253 253 253 253 253 253 253 252 250 250 249 248 248 248 247 247 247 246 246 246 245 245 245 245 244 244 240 238 243 243 243 243 243 242 242 242 242 241 240 239 238 237 235 235 236 235 233 233 234 236 236 235 234 233 232 234 235 231 231 229 230 231 232 232 232 231 231 230 230 230 231 231 231 232 232 232 232 232 232 232 232 231 231
255 255 254 254 254 254 254 254 254 254 254 253 253 253 253 253 253 253 253 252 250 250 249 248 248 248 247 247 247 247 246 245 245 245 245 244 244 243 243 243 240 242 243 243 243 243 242 242 241 239 237 236 237 233 232 236 235 233 231 232 236 237 236 235 234 233 234 235 234 232 230 230 230 231 231 233 233 232 231 232 231 231 232 232 232 233 233 233 233 233 232 232 231 232
255 255 254 254 254 254 254 254 254 254 254 253 253 253 253 253 253 253 253 252 251 251 250 249 249 248 248 247 247 247 246 245 245 245 245 245 244 244 244 244 242 243 243 243 243 243 243 242 242 242 240 239 238 235 233 232 233 234 232 231 234 237 237 236 235 235 235 235 235 234 232 231 231 232 233 233 232 232 233 232 232 231 231 232 233 233 233 233 233 233 233 232 232 232
255 255 254 254 254 254 254 254 254 254 254 253 253 253 253 253 253 253 253 253 252 251 250 250 249 249 248 248 247 247 247 245 245 245 245 245 245 244 244 244 244 244 243 243 243 243 243 242 242 242 240 240 241 239 236 235 235 234 234 234 236 237 237 238 238 237 236 236 236 235 233 232 232 232 233 234 233 233 233 232 232 232 232 232 232 233 233 233 233 233 233 233 233 232
255 255 254 254 254 254 254 254 254 254 254 253 253 253 253 253 253 253 253 253 253 252 251 250 249 249 247 247 248 247 247 246 246 245 245 245 245 245 244 244 244 244 244 243 243 243 243 242 242 242 241 241 241 240 239 238 235 233 234 236 237 238 237 238 237 238 236 233 234 234 235 232 232 233 233 234 234 233 232 232 232 232 233 233 233 233 233 233 233 233 233 233 233 233
255 255 255 254 254 254 254 254 254 254 254 254 253 253 253 253 253 253 253 253 253 253 252 251 250 249 248 247 248 247 247 246 246 245 245 245 245 245 244 244 244 244 244 243 243 243 243 243 242 242 242 241 241 240 239 238 236 236 236 237 239 239 237 237 238 237 237 235 235 234 236 236 235 231 233 234 233 234 233 233 233 232 232 233 234 234 234 233 233 233 233 233 233 233
255 255 255 254 254 254 254 254 254 254 254 254 253 253 253 253 253 253 253 253 253 253 253 252 251 250 249 248 247 247 247 247 246 246 246 246 245 244 244 244 244 244 244 243 243 243 243 243 242 242 241 240 237 239 239 239 238 238 237 238 239 239 238 237 238 237 237 237 235 236 235 236 236 235 234 235 234 234 234 234 234 232 232 232 233 234 234 234 233 234 234 234 233 232
255 255 255 254 254 254 254 254 254 254 254 254 253 253 253 253 253 253 253 253 253 253 253 252 252 251 250 249 247 248 247 247 247 247 246 246 245 244 244 244 244 244 244 244 243 243 243 243 242 242 241 237 231 237 239 239 238 236 238 240 239 238 236 236 237 237 236 237 237 237 236 236 234 234 234 234 233 234 234 233 234 233 232 234 234 234 234 234 234 234 234 234 233 232
255 255 255 254 254 254 254 254 254 254 254 254 253 253 253 253 253 253 253 253 253 253 253 252 252 252 251 250 248 248 248 248 247 247 246 246 245 244 244 244 244 244 244 244 243 243 241 242 243 242 241 237 233 238 239 239 237 239 240 239 240 237 236 236 233 235 236 237 236 236 237 237 237 236 236 235 235 234 235 234 234 234 234 234 234 235 235 235 234 234 234 234 233 233
255 255 255 254 254 254 254 254 254 254 254 254 253 253 253 253 253 253 253 253 253 252 252 252 252 252 251 251 249 249 248 248 247 247 247 246 245 244 243 244 244 244 244 244 243 243 242 243 243 242 242 241 239 239 239 239 238 239 240 240 240 236 235 235 233 236 236 236 234 235 237 238 237 237 236 235 235 234 235 234 235 235 235 234 235 235 235 235 235 235 234 234 234 234
255 255 255 254 254 254 254 254 254 254 254 254 253 253 253 253 253 253 253 253 253 252 252 252 252 252 252 251 250 249 249 248 247 247 246 245 244 245 244 243 243 243 244 244 244 243 243 243 243 243 242 239 241 238 239 238 238 239 240 240 240 235 237 236 234 236 232 234 235 235 238 238 238 237 236 236 235 235 235 235 235 235 235 235 235 235 235 235 234 235 235 234 234 234
255 255 255 254 254 254 254 254 254 254 254 254 254 253 253 253 253 253 253 253 253 252 252 252 252 252 252 251 251 250 249 246 245 246 246 244 242 244 243 242 241 241 244 244 244 243 243 243 243 243 242 240 241 240 241 239 235 236 239 240 241 240 240 239 239 234 231 237 238 238 238 238 238 237 236 236 235 235 235 234 235 235 235 235 234 235 235 235 235 235 235 235 234 234
255 255 255 254 254 254 254 254 254 254 254 254 254 253 253 253 253 253 253 253 253 252 252 252 252 252 252 252 251 250 249 247 246 243 244 243 242 242 244 243 241 243 243 244 244 244 243 243 243 243 243 242 242 242 241 239 236 237 240 240 241 241 240 240 240 239 239 239 239 239 238 238 237 236 236 235 235 235 234 233 233 234 235 235 235 234 235 235 235 235 235 234 234 232
255 255 255 254 254 254 254 254 254 254 254 254 254 253 253 253 253 253 253 253 253 252 252 252 252 252 252 252 252 251 249 247 247 247 246 243 240 242 243 243 242 242 243 244 244 244 243 243 243 243 243 243 242 242 242 241 240 239 238 240 241 241 241 240 240 240 240 239 239 239 238 236 237 236 235 235 235 234 234 233 232 233 234 235 235 235 234 234 235 234 234 234 234 234
255 255 255 254 254 254 254 254 254 254 254 254 254 253 253 253 253 253 253 253 253 252 252 252 252 252 252 252 252 252 250 248 248 246 244 244 240 240 239 240 242 241 242 244 244 244 243 243 243 243 242 242 242 242 242 241 241 239 238 239 240 241 241 240 240 240 240 239 239 239 237 238 237 238 238 237 235 234 234 234 233 232 234 235 235 235 235 235 235 234 235 234 234 234
255 255 254 254 254 254 254 254 254 254 254 254 254 253 253 253 253 253 253 253 253 252 252 252 252 252 252 252 252 252 251 250 249 247 243 243 240 241 240 240 243 242 242 244 244 244 243 243 243 243 242 241 241 242 241 241 241 241 239 239 239 240 241 241 240 240 240 240 239 237 238 239 239 238 237 236 235 234 234 234 234 233 233 234 234 235 235 234 234 234 233 234 234 234
255 255 254 254 254 254 254 254 254 254 254 254 254 253 253 253 253 253 253 253 253 252 252 252 252 252 252 252 252 252 252 251 250 248 246 244 242 240 242 240 243 244 244 244 244 244 243 242 243 243 241 241 240 242 242 242 242 242 241 240 239 239 241 241 241 240 240 240 239 238 238 239 237 236 234 234 233 232 233 234 235 234 234 235 235 235 235 235 232 232 233 234 234 234
255 254 254 254 254 254 254 254 254 254 254 254 253 253 253 253 253 253 253 253 253 252 252 252 252 252 252 252 252 252 252 252 251 250 249 246 244 242 243 240 240 244 244 244 244 244 243 241 242 242 242 242 242 242 242 242 242 242 242 241 240 239 240 241 241 240 240 240 239 239 239 239 237 235 235 235 234 233 234 235 234 234 236 235 235 234 233 235 235 235 233 232 233 233
255 254 254 254 254 254 254 254 254 254 254 254 253 253 253 253 253 253 253 253 253 252 252 252 252 252 252 252 252 252 252 252 252 251 249 248 245 244 242 241 242 243 245 244 244 244 243 242 242 243 243 243 243 242 243 242 242 242 242 242 241 240 240 241 241 241 241 240 240 239 238 239 236 237 237 237 235 233 235 235 235 236 235 235 235 234 233 234 236 237 233 231 233 233
254 254 254 254 254 254 254 254 254 254 254 254 253 253 253 253 253 253 253 253 253 252 252 252 252 252 252 252 252 252 252 252 252 251 250 249 248 245 244 243 242 244 245 245 244 244 244 242 241 242 243 243 243 243 243 243 243 242 242 242 241 241 241 241 242 241 241 239 238 239 239 239 238 239 239 238 236 234 235 236 237 236 233 235 235 234 233 233 235 237 235 234 233 232
254 254 254 254 254 254 254 254 254 254 254 254 253 253 253 253 253 253 253 253 252 252 252 252 252 252 252 252 252 252 252 252 252 251 251 250 248 248 246 244 244 244 245 245 245 244 244 243 243 243 243 243 243 243 242 243 243 242 242 242 241 241 240 241 242 242 241 239 238 238 238 239 239 240 240 238 237 238 236 238 236 234 235 236 237 233 236 238 238 235 235 233 232 230
254 254 254 254 254 254 254 254 254 254 254 253 253 253 253 253 253 253 253 253 252 252 252 252 252 252 252 252 252 252 252 252 252 252 251 251 250 248 247 246 245 244 244 245 245 244 244 244 244 244 244 244 244 243 243 242 242 242 242 242 242 240 239 241 242 242 241 240 238 238 238 239 239 240 239 240 239 237 239 238 236 237 237 238 235 238 238 238 238 236 233 233 231 233
254 254 254 254 254 254 254 254 254 254 254 253 253 253 253 253 253 253 253 253 252 252 252 252 252 252 252 252 252 251 251 251 251 251 251 251 250 249 248 246 245 244 244 245 245 245 244 244 244 244 244 244 244 243 243 243 242 241 242 243 243 242 241 242 242 242 242 240 239 240 240 240 240 240 240 240 240 240 240 239 237 237 238 238 238 239 237 236 238 236 233 233 235 232
254 254 254 254 254 254 254 254 254 254 253 253 253 253 253 253 253 253 253 253 252 252 252 252 252 252 252 252 252 251 251 251 251 251 251 251 251 250 248 246 246 245 245 245 245 245 245 244 244 244 244 244 244 244 243 243 243 242 242 243 243 242 242 242 240 241 242 241 241 240 240 241 240 240 240 240 240 240 240 239 238 239 239 238 240 240 239 238 237 237 237 237 237 236
254 254 254 254 254 254 254 254 254 254 253 253 253 253 253 253 253 253 253 252 252 252 252 252 252 252 252 252 252 251 251 251 251 251 251 251 251 250 249 247 245 246 246 246 245 245 245 245 244 244 244 244 244 244 244 243 243 243 242 243 243 243 241 240 241 241 242 241 241 240 239 239 239 238 239 240 239 239 239 240 240 240 240 240 240 240 239 239 239 239 239 236 238 238
254 254 254 254 254 254 254 254 254 253 253 253 253 253 253 253 253 253 253 252 252 252 252 252 252 252 252 252 252 251 251 251 251 251 251 251 251 251 250 248 247 246 247 246 246 245 245 245 244 244 244 244 243 243 243 243 243 243 243 243 243 242 242 242 241 241 241 241 241 240 239 239 239 239 239 239 239 238 239 240 240 240 240 240 240 239 238 239 238 238 239 237 238 238
254 254 254 254 254 254 254 254 254 253 253 253 253 253 253 253 253 253 253 252 252 252 252 252 252 252 252 252 251 251 251 251 251 251 251 251 251 251 251 250 249 246 247 247 246 245 245 245 244 244 244 244 243 243 243 243 243 243 243 243 243 242 242 242 242 241 240 241 241 241 240 239 238 238 237 238 238 238 239 239 240 240 240 240 240 240 240 240 240 238 239 239 239 238
254 254 254 254 254 254 254 254 253 253 253 253 253 253 253 253 253 253 252 252 252 252 252 252 252 252 252 252 251 251 251 251 251 251 251 251 251 251 251 251 250 248 247 246 246 245 245 245 244 244 244 244 244 243 243 243 243 243 243 243 243 243 242 242 242 242 239 240 241 241 240 240 239 238 238 237 238 237 238 239 239 239 240 240 240 239 239 239 239 239 240 239 238 238
