ecocropFuture/tif/c6/rcp585/ACCESS-CM2/tmin_2.asc
ncols        683
nrows        518
xllcorner    -87.691666666667
yllcorner    10.708333333333
cellsize     0.008333333333
NODATA_value  nan
[rows 420 to 461 of 518, columns 376 to 469 of 683]
227 228 229 229 228 229 227 228 226 228 228 229 229 227 227 229 230 230 230 230 230 230 230 229 228 228 229 229 229 228 230 230 230 229 230 231 231 230 228 229 229 230 231 232 232 231 227 225 226 230 231 231 230 230 230 232 231 232 232 231 232 229 230 230 230 230 231 230 230 232 231 230 231 233 233 233 234 234 233 232 230 231 232 233 233 231 232 233 234 234 234 234 234 234
227 228 228 229 228 229 229 228 229 228 228 228 228 227 228 229 229 230 230 230 230 230 230 229 228 229 229 229 229 230 230 230 228 227 228 230 230 231 230 230 231 231 231 232 230 227 224 226 229 230 231 229 228 228 229 229 231 232 231 232 232 226 229 231 230 230 230 226 228 232 231 231 233 233 233 232 234 233 231 230 231 231 232 233 233 232 232 233 234 234 234 234 nan 235
227 227 228 228 227 229 229 229 229 228 229 229 229 229 229 228 229 229 230 230 230 229 229 230 229 230 230 230 230 230 230 229 227 227 229 230 230 231 231 231 229 231 232 229 230 228 226 229 229 230 231 230 229 229 228 229 229 231 230 231 231 227 228 230 229 228 231 228 229 230 231 232 233 231 230 231 233 233 233 231 230 232 231 232 233 233 233 234 234 234 234 234 234 234
226 226 227 227 228 229 229 229 229 229 229 227 227 226 227 229 229 229 230 230 230 230 230 230 231 230 230 230 230 230 230 230 229 228 228 229 227 228 227 228 227 231 230 225 224 226 227 228 230 230 231 230 229 229 229 230 231 232 230 229 231 227 228 229 230 230 229 229 228 228 229 232 232 232 231 231 232 234 234 234 232 232 233 233 233 233 234 234 234 232 232 233 234 235
226 226 227 226 228 228 229 228 229 229 228 227 227 228 228 229 229 229 229 229 229 230 230 230 230 229 228 229 229 228 229 230 229 229 227 225 223 224 227 229 230 232 230 226 223 220 223 227 229 230 231 229 229 229 226 227 230 231 230 229 231 227 226 226 225 227 228 229 228 230 231 232 231 231 231 231 233 231 233 235 233 233 233 234 234 234 234 233 233 233 233 234 234 235
225 226 226 225 226 227 228 228 228 227 227 228 228 228 228 229 229 228 228 229 229 229 230 230 229 228 228 229 228 228 229 229 228 227 226 224 223 225 225 227 226 230 231 229 226 221 224 228 229 230 230 230 229 228 225 228 231 231 228 228 231 228 224 223 223 227 228 229 230 232 231 230 229 230 226 228 231 230 232 234 235 235 234 233 233 233 233 233 233 233 234 235 235 nan
225 225 225 225 226 227 227 227 226 227 228 227 227 227 227 228 229 228 228 228 229 229 230 230 229 229 228 229 228 228 228 227 227 226 225 225 226 225 224 226 225 230 231 228 229 226 227 225 226 229 229 229 229 227 225 228 229 229 228 230 231 229 226 224 222 226 226 227 228 230 229 226 226 229 227 228 230 231 233 234 235 235 233 231 231 233 232 233 234 234 235 235 nan nan
225 223 224 223 226 226 225 226 225 227 227 227 227 225 224 226 227 228 228 228 229 228 227 228 229 228 228 228 227 227 225 224 224 227 227 229 227 228 229 228 229 230 231 231 230 230 228 227 227 227 226 228 228 228 226 224 227 225 227 228 230 228 227 222 220 225 226 224 225 228 228 226 229 229 231 230 231 232 234 234 234 235 233 233 232 232 233 233 234 234 235 235 nan nan
224 221 225 226 227 224 223 225 227 227 226 226 227 224 224 225 225 226 227 228 228 227 228 229 228 228 227 225 224 224 222 221 221 226 228 229 229 229 229 228 230 231 231 229 229 229 229 227 226 224 221 226 228 228 227 224 223 222 224 228 230 227 227 223 218 223 226 227 229 229 230 230 232 232 232 233 232 232 232 232 235 234 234 233 233 233 234 234 234 234 235 nan nan nan
226 228 227 228 227 221 221 225 226 225 225 226 227 226 224 221 224 226 228 228 228 228 228 227 224 226 224 223 224 223 223 224 225 224 227 228 230 230 231 231 231 231 229 227 226 225 222 221 220 224 220 225 228 228 225 224 220 218 223 225 229 226 223 219 218 225 227 227 226 228 231 230 231 232 233 234 234 233 233 234 234 234 234 234 234 234 234 234 nan 234 234 nan nan nan
229 229 228 228 227 225 223 222 224 226 226 226 226 227 225 224 223 226 227 227 228 228 227 226 223 223 222 223 223 225 225 226 227 227 227 229 230 230 230 231 230 230 229 229 227 225 219 213 214 217 218 223 226 226 225 220 218 216 217 222 226 227 222 221 224 224 223 222 224 226 231 232 232 233 233 231 231 230 231 232 233 234 233 233 233 234 234 nan nan nan nan nan nan nan
230 228 228 229 228 227 226 225 223 223 224 225 225 226 226 225 223 224 226 227 228 228 225 224 222 220 220 222 223 225 226 225 227 228 229 229 230 230 230 230 229 227 228 227 226 221 217 212 216 219 217 219 224 223 224 219 220 221 220 221 223 223 222 225 228 229 230 228 230 231 233 233 231 230 229 227 226 229 228 230 231 232 233 233 233 234 nan nan nan nan nan nan nan nan
229 228 227 227 225 224 225 225 224 222 224 225 225 225 225 224 222 223 226 226 227 227 223 221 221 221 221 222 223 225 224 225 227 228 229 229 229 230 229 230 228 228 225 223 220 218 216 216 218 218 214 215 220 222 221 221 225 225 225 221 224 224 226 228 230 232 232 232 231 232 231 230 231 228 227 229 230 232 229 230 231 231 233 234 233 nan nan nan nan nan nan nan nan nan
229 229 227 225 221 222 223 224 224 223 224 225 223 224 224 225 222 223 225 223 225 224 223 221 221 223 223 223 224 224 224 226 228 228 228 228 229 226 226 230 228 226 220 218 214 214 216 215 215 214 215 220 223 225 224 221 226 227 227 227 229 229 231 231 231 231 230 231 231 229 229 226 227 226 227 228 227 230 233 232 233 232 232 234 234 nan nan nan nan nan nan nan nan nan
229 229 228 228 226 225 225 225 225 224 225 224 225 224 223 224 223 223 223 222 222 222 223 221 222 223 224 223 222 224 226 227 226 225 226 228 225 223 223 228 229 223 219 218 215 214 216 218 218 219 218 222 225 226 227 227 228 229 229 230 231 230 229 229 229 229 229 226 227 225 225 224 223 225 230 228 227 229 232 233 234 234 233 234 nan nan nan nan nan nan nan nan nan nan
228 228 228 227 227 226 225 226 226 225 225 226 225 224 221 222 223 223 222 222 222 223 223 221 222 223 224 224 222 224 225 225 224 224 224 226 226 224 222 227 230 226 222 220 218 220 220 221 220 222 222 223 224 225 222 221 222 224 225 228 227 224 222 222 226 228 228 227 229 229 226 225 227 226 230 231 231 232 233 234 234 234 235 nan nan nan nan nan nan nan nan nan nan nan
227 227 227 226 226 225 224 226 226 225 227 226 224 223 222 222 223 223 223 223 223 223 222 221 223 222 223 225 223 223 225 226 225 225 224 224 226 223 222 226 229 228 227 225 224 223 223 223 223 222 221 221 221 218 218 217 214 218 222 224 225 224 224 225 223 225 228 228 229 231 228 227 229 232 233 233 233 234 234 234 234 235 235 nan nan nan nan nan nan nan nan nan nan nan
227 227 227 225 224 224 226 227 226 227 227 226 225 224 222 222 223 223 223 223 223 223 223 223 223 223 223 225 225 224 225 226 226 226 226 225 224 226 227 228 229 228 227 225 225 222 219 219 222 219 219 218 220 220 219 216 214 222 226 228 228 228 228 230 227 226 228 230 231 233 232 230 231 233 234 234 234 234 234 234 235 235 235 nan nan nan nan nan nan nan nan nan nan nan
228 228 226 226 224 225 227 226 228 227 225 225 225 224 224 223 223 223 224 223 222 222 221 220 222 224 223 223 223 224 226 226 226 226 225 225 226 226 228 228 228 228 228 227 226 221 219 221 221 222 222 222 220 218 215 213 218 224 223 224 228 231 231 231 231 231 231 232 232 233 233 233 233 234 234 234 234 234 234 234 234 234 nan nan nan nan nan nan nan nan nan nan nan nan
227 227 226 227 227 227 226 226 228 227 225 225 226 226 224 224 223 225 225 219 219 222 221 221 222 223 223 224 224 225 226 226 226 226 225 225 225 225 227 226 226 226 226 225 222 217 215 216 216 218 221 220 220 218 216 213 215 218 221 225 228 227 228 226 227 226 227 228 228 231 233 233 234 234 234 234 234 234 234 234 234 234 nan nan nan nan nan nan nan nan nan nan nan nan
228 228 229 229 229 228 227 227 228 228 226 226 226 226 225 225 225 226 224 222 221 222 223 222 222 223 224 225 225 225 226 225 225 225 224 224 224 226 227 228 227 227 225 222 221 217 214 216 219 221 219 220 221 221 218 212 208 211 216 220 224 223 221 224 227 230 229 231 232 233 233 233 233 234 234 234 234 234 234 234 234 235 nan nan nan nan nan nan nan nan nan nan nan nan
229 229 229 229 229 228 228 228 228 227 226 226 227 227 227 226 227 227 226 226 225 224 223 223 222 224 225 222 222 225 225 225 225 224 223 224 227 227 227 227 226 225 225 220 216 213 212 217 217 217 216 214 215 218 217 215 211 208 208 216 222 226 226 224 225 228 232 233 234 234 233 233 233 233 233 234 234 234 234 234 234 234 nan nan nan nan nan nan nan nan nan nan nan nan
229 230 230 229 228 226 227 228 226 226 225 227 227 227 227 228 227 227 226 226 225 224 223 223 223 224 223 223 224 225 225 225 225 225 226 226 227 227 226 224 220 219 223 219 217 213 211 213 215 214 210 211 213 216 217 215 209 203 201 211 220 227 229 229 231 232 233 233 234 233 233 233 233 233 233 234 234 234 234 234 234 234 nan nan nan nan nan nan nan nan nan nan nan nan
229 230 229 229 228 226 227 228 227 225 224 227 227 227 228 227 226 227 226 226 225 225 224 223 223 223 221 223 224 225 224 224 225 226 226 225 226 224 223 219 218 220 222 222 219 216 211 213 214 213 208 206 213 215 216 214 210 205 206 213 223 230 231 232 233 233 233 233 233 233 233 233 234 234 234 234 234 234 234 234 234 234 nan nan nan nan nan nan nan nan nan nan nan nan
229 229 229 229 227 228 228 227 226 225 226 227 227 228 227 227 227 227 227 226 226 225 224 223 223 223 223 224 224 224 224 225 225 225 225 226 225 223 220 219 218 218 219 221 217 215 211 210 213 213 210 213 215 214 214 214 208 200 207 216 225 230 232 232 233 233 233 233 233 233 234 233 234 234 234 234 234 234 234 234 234 235 nan nan nan nan nan nan nan nan nan nan nan nan
229 229 228 228 228 228 228 227 225 226 227 227 227 228 228 227 227 227 227 226 225 222 224 223 221 221 222 223 224 224 224 224 223 223 224 225 223 222 221 219 216 217 220 222 220 213 210 209 211 210 207 216 217 219 218 213 207 203 210 218 225 229 232 231 232 232 233 233 233 233 233 233 233 233 233 234 234 234 234 234 234 235 nan nan nan nan nan nan nan nan nan nan nan nan
229 228 227 227 228 227 226 226 226 226 227 228 227 228 227 227 227 227 225 225 225 224 224 221 221 222 223 223 224 224 223 223 223 222 223 224 222 220 220 217 214 215 218 220 215 208 205 207 207 207 207 218 220 220 217 211 211 213 217 223 228 231 229 227 227 228 230 231 232 232 233 233 233 233 233 233 234 234 234 234 235 235 nan nan nan nan nan nan nan nan nan nan nan nan
228 228 227 228 228 227 226 227 227 227 227 228 227 228 227 227 226 226 222 220 221 224 221 221 222 222 223 223 223 223 222 223 222 220 221 221 219 218 218 214 214 216 217 214 213 210 206 206 206 209 212 219 223 221 217 213 220 222 223 227 230 230 226 224 226 227 230 230 230 231 232 233 233 233 233 233 234 234 234 234 235 235 nan nan nan nan nan nan nan nan nan nan nan nan
229 228 228 228 227 226 226 227 227 226 225 227 228 228 227 227 225 224 219 218 218 219 219 221 221 220 222 222 222 222 221 222 222 221 218 217 216 214 214 214 217 217 214 212 209 208 208 209 211 212 217 222 227 226 224 221 226 229 229 230 230 228 227 228 227 230 231 229 231 228 231 233 233 233 233 233 233 234 234 234 235 235 nan nan nan nan nan nan nan nan nan nan nan nan
229 229 229 229 228 227 227 228 227 223 221 225 227 228 227 226 226 225 219 219 219 219 220 220 219 220 221 221 222 221 221 222 221 219 218 216 214 214 214 215 215 217 214 211 213 211 212 213 214 217 223 226 228 228 228 228 230 229 228 229 230 230 231 231 231 232 232 231 231 228 232 233 233 233 233 233 233 234 234 234 235 235 235 nan nan nan nan nan nan nan nan nan nan nan
229 229 229 228 228 225 227 227 225 222 224 226 227 228 227 226 225 224 224 221 222 224 224 221 219 218 221 223 223 222 223 222 219 217 216 214 212 213 213 213 216 215 214 214 214 215 214 214 219 224 226 228 229 229 229 230 230 229 228 228 227 227 230 232 231 231 232 232 232 232 233 233 233 233 233 233 233 234 234 234 235 235 235 nan nan nan nan nan nan nan nan nan nan nan
228 229 229 227 226 228 228 227 226 225 226 227 227 228 227 226 224 222 224 225 225 225 224 221 219 222 223 224 224 223 223 222 219 218 217 214 212 213 213 215 215 211 210 208 210 212 213 218 222 225 227 229 228 228 229 229 230 229 229 228 226 228 227 226 227 229 229 230 227 228 232 233 233 233 233 233 234 234 234 234 234 235 235 nan nan nan nan nan nan nan nan nan nan nan
228 228 228 227 227 227 227 227 227 226 227 227 227 228 228 227 225 225 226 227 226 225 225 224 223 224 225 225 224 224 223 222 220 218 215 213 212 212 214 215 215 213 212 211 210 212 216 222 226 227 228 229 227 227 228 228 229 228 226 225 225 226 227 228 227 228 227 227 226 228 232 232 233 233 233 233 234 234 234 234 234 235 235 nan nan nan nan nan nan nan nan nan nan nan
228 228 225 227 227 227 226 227 227 226 227 227 227 227 228 228 226 226 226 227 226 226 226 225 225 225 226 226 225 225 224 223 221 217 215 214 212 213 214 214 213 212 211 212 214 219 222 225 224 226 228 227 227 228 228 228 228 228 224 225 227 228 228 229 230 230 230 229 230 231 232 232 232 233 233 233 234 234 234 234 234 235 235 nan nan nan nan nan nan nan nan nan nan nan
228 228 227 227 227 226 227 227 226 226 226 227 227 227 227 228 227 227 226 226 226 226 226 226 226 225 225 224 224 225 225 222 218 215 215 213 213 213 214 214 211 209 212 217 220 223 224 224 226 226 224 225 227 228 228 228 225 226 224 225 228 227 226 227 230 230 230 229 232 231 231 232 232 232 233 233 234 234 234 234 235 235 235 nan nan nan nan nan nan nan nan nan nan nan
228 228 228 227 227 226 226 226 226 226 226 223 226 227 227 228 227 227 226 226 227 227 226 226 226 226 225 225 224 223 223 222 220 216 213 213 213 214 216 215 210 211 213 217 220 223 222 222 222 221 219 222 224 226 226 226 221 221 222 225 227 227 225 228 228 231 231 231 231 231 232 232 233 233 233 233 234 234 234 234 235 235 235 236 nan nan nan nan nan nan nan nan nan nan
227 227 227 227 226 225 223 225 225 224 221 221 225 227 227 227 227 226 225 227 226 226 226 226 226 226 225 224 223 222 221 219 215 212 212 213 214 214 216 218 214 215 217 220 220 221 220 219 217 213 220 224 226 226 224 223 221 217 221 225 226 224 225 227 227 229 230 229 231 231 231 232 232 233 233 233 234 234 234 234 235 235 235 236 nan nan nan nan nan nan nan nan nan nan
227 226 226 226 225 223 222 224 223 222 221 224 225 226 227 227 226 226 227 227 226 225 224 225 224 225 225 224 221 220 219 215 212 213 212 213 213 216 218 220 218 218 219 219 217 217 218 216 214 215 216 221 225 225 224 223 218 216 221 223 223 224 227 229 229 229 230 228 230 231 232 231 231 233 233 233 234 234 234 235 235 235 235 235 nan nan nan nan nan nan nan nan nan nan
227 227 226 226 225 224 224 222 219 221 225 226 226 227 228 227 226 227 226 225 226 224 223 224 222 223 224 224 223 221 216 213 211 213 217 218 220 222 222 222 219 217 216 215 216 216 217 218 218 217 215 216 220 222 222 221 217 213 213 216 221 225 227 228 227 229 230 229 230 232 232 231 233 233 233 233 234 234 234 234 235 235 235 235 nan nan nan nan nan nan nan nan nan nan
227 227 226 226 225 225 224 222 218 220 223 225 226 227 228 226 226 227 226 224 224 224 222 224 223 223 223 223 222 219 219 218 214 214 215 217 219 222 223 220 218 218 215 215 217 219 219 219 217 215 213 212 212 215 220 220 216 211 208 215 221 223 224 225 228 229 230 231 231 232 232 232 232 233 233 233 234 234 234 234 235 235 235 236 236 nan nan nan nan nan nan nan nan nan
227 227 225 227 226 225 225 221 220 220 223 224 226 227 228 227 227 226 225 224 223 223 221 223 222 222 223 224 223 223 221 218 220 218 218 220 222 223 223 220 220 219 216 215 218 219 220 220 219 214 212 212 212 209 212 219 214 209 211 215 218 221 222 224 228 230 231 231 232 232 232 232 232 233 233 233 234 234 234 235 235 235 235 235 236 nan nan nan nan nan nan nan nan nan
227 225 224 226 225 223 224 223 224 221 222 222 225 226 228 228 227 225 224 223 222 221 221 220 221 223 224 224 224 222 219 219 221 222 223 223 224 224 224 222 223 220 217 219 221 222 222 220 216 214 211 211 211 210 213 214 211 212 214 214 216 218 223 227 229 230 231 231 232 232 232 232 233 233 233 233 233 233 234 235 235 235 235 235 236 nan nan nan nan nan nan nan nan nan
