ecocropFuture/tif/c6/rcp585/ACCESS-CM2/tmin_6.asc
ncols        683
nrows        518
xllcorner    -87.691666666667
yllcorner    10.708333333333
cellsize     0.008333333333
NODATA_value  nan
[rows 168 to 209 of 518, columns 188 to 281 of 683]
212 214 211 210 211 209 203 200 204 206 211 216 222 220 216 211 209 204 205 207 206 203 207 206 206 210 218 212 211 219 223 225 225 229 230 232 231 229 229 227 223 217 216 211 203 193 185 186 196 197 190 193 190 196 201 203 207 209 206 206 206 212 216 218 217 219 220 222 222 218 222 225 222 220 227 230 229 229 228 228 228 228 227 229 227 221 219 222 220 214 212 216 212 217
214 211 209 209 208 210 205 200 202 208 215 218 222 222 215 207 204 200 199 198 199 196 199 199 200 207 209 203 206 213 220 226 228 228 228 232 230 226 224 221 221 221 217 211 207 199 188 179 187 190 183 184 185 191 202 204 201 205 207 208 210 213 217 221 219 219 222 221 216 213 218 224 224 225 228 229 229 228 226 226 225 225 225 227 227 226 224 225 220 219 214 216 212 217
210 209 206 209 205 207 205 202 205 210 217 219 224 220 215 208 197 194 198 192 193 196 199 203 210 207 198 199 204 207 219 225 228 226 228 231 229 227 222 218 220 219 214 210 203 198 191 179 184 187 177 176 178 182 192 197 201 206 212 212 213 213 219 220 221 219 219 214 217 218 220 222 225 227 229 227 227 225 222 226 224 224 227 227 224 227 226 224 221 222 218 219 220 224
204 202 203 205 204 204 204 208 212 215 218 223 224 219 212 203 197 203 199 192 198 200 202 205 212 202 192 191 195 205 218 225 227 225 226 230 227 227 223 215 214 214 210 211 206 196 184 178 176 186 183 173 176 179 187 195 205 209 205 208 211 212 210 210 209 211 213 215 217 218 221 224 227 226 229 226 225 223 220 222 221 222 224 226 226 227 220 223 221 223 223 225 227 228
199 199 200 199 201 200 202 210 214 216 219 224 224 217 205 195 199 205 206 201 204 200 208 210 212 199 189 190 196 202 215 224 225 222 228 231 229 223 224 217 213 209 208 206 203 196 186 175 175 182 179 174 175 182 191 198 203 203 205 207 207 207 206 206 207 209 212 214 217 221 224 226 226 228 228 227 226 222 220 218 220 221 224 227 226 225 217 223 225 223 224 226 227 224
193 197 198 200 202 203 205 209 213 216 220 225 224 215 201 199 197 202 210 204 209 204 214 215 209 196 192 195 196 206 217 222 223 225 228 228 230 226 226 217 212 211 209 205 203 197 193 177 173 173 176 169 173 181 186 193 198 201 204 206 203 202 206 205 206 210 211 212 213 216 223 227 228 229 226 227 225 219 216 218 222 223 221 227 225 225 223 226 227 226 225 226 226 220
198 204 207 209 211 208 211 206 213 216 222 226 225 214 204 206 200 207 213 212 213 212 219 216 209 194 196 207 208 214 219 221 222 224 227 229 230 227 225 224 217 215 213 210 209 204 197 184 176 168 170 171 174 178 185 192 198 202 205 207 206 207 207 202 199 204 205 203 207 213 219 224 228 228 225 225 223 223 216 220 224 226 226 223 219 223 222 224 228 228 228 227 222 218
201 203 206 209 211 215 214 212 217 219 224 223 226 220 216 211 207 215 217 213 215 219 222 218 211 196 199 211 217 219 220 220 224 225 226 230 228 228 224 221 221 218 217 214 208 202 196 179 168 170 176 178 177 181 188 196 196 199 201 205 208 209 207 204 201 201 201 205 209 214 219 225 228 226 223 223 224 220 215 218 224 225 226 220 214 216 216 221 220 225 229 224 218 223
196 202 206 208 211 212 214 218 219 221 220 213 223 226 219 215 209 219 213 211 214 219 224 222 217 207 202 211 220 222 222 221 224 225 225 227 230 229 220 215 219 221 219 215 205 196 188 175 177 174 172 184 185 189 196 200 197 197 198 201 205 212 211 208 204 203 204 207 212 216 223 227 227 223 217 218 219 219 212 216 225 226 224 219 214 216 215 215 220 224 228 227 221 220
196 197 202 201 208 209 210 212 214 217 215 209 219 225 224 220 220 222 220 219 221 223 225 221 222 218 214 214 222 224 223 224 223 225 227 223 224 229 221 215 218 223 221 215 205 192 183 181 191 186 181 181 191 195 197 202 200 198 198 201 203 211 215 211 203 205 205 208 213 222 227 224 225 224 223 222 218 218 216 219 224 225 223 221 215 211 211 220 220 223 225 230 229 224
197 196 192 199 206 204 202 203 207 207 209 213 220 224 226 225 226 225 223 221 225 226 226 225 225 224 222 222 223 224 225 227 224 223 226 228 227 225 223 223 224 222 220 215 209 200 193 192 197 194 191 189 192 199 201 204 201 201 201 201 203 209 215 214 206 207 207 210 214 225 227 221 224 222 223 223 219 220 221 222 222 225 225 223 219 215 219 220 226 227 229 230 231 231
199 199 196 197 196 194 191 196 201 211 216 217 222 225 227 226 227 226 225 225 227 227 227 227 226 226 225 224 225 224 225 227 228 226 226 228 227 222 222 227 226 224 223 217 212 205 199 199 203 200 198 196 194 198 204 207 203 200 204 205 204 210 215 217 210 209 212 212 218 227 224 221 222 219 217 219 215 222 221 216 222 223 222 220 218 213 214 218 224 227 227 228 230 231
200 197 195 190 195 198 200 208 211 219 223 224 225 226 227 227 228 227 226 225 227 227 227 227 227 226 227 226 227 222 223 226 229 229 229 228 227 228 227 228 228 226 224 219 217 213 205 205 208 206 203 202 198 199 205 209 208 203 208 207 207 206 215 217 212 212 216 217 225 225 223 223 220 212 212 216 218 221 218 216 219 221 220 219 215 212 215 218 223 226 228 229 230 231
202 200 190 188 201 210 210 216 222 223 222 224 226 225 224 227 228 228 227 227 226 226 227 227 228 227 228 229 229 226 226 227 227 221 225 227 227 229 230 229 227 226 224 222 221 218 210 211 213 209 207 205 201 203 203 207 210 210 210 207 210 210 215 217 215 216 219 223 225 219 219 220 215 214 208 213 216 215 215 217 213 220 215 220 212 213 217 221 226 227 229 230 230 231
204 199 191 188 196 207 219 222 225 223 222 224 225 224 225 226 227 228 228 227 225 225 227 227 227 226 228 228 229 229 226 228 226 218 219 226 227 228 228 227 228 225 221 224 224 217 212 213 215 212 212 206 199 202 206 207 209 215 214 211 213 215 215 218 217 218 224 224 225 221 219 218 213 212 209 203 211 209 211 213 212 215 209 216 214 217 220 223 222 227 229 229 230 231
204 204 200 194 200 214 224 224 222 221 222 223 223 223 222 223 224 226 225 226 227 226 226 227 227 228 229 228 227 225 222 221 224 222 220 223 226 227 226 227 228 228 226 225 225 221 219 219 219 216 214 208 202 201 205 210 209 214 217 212 215 218 217 217 219 219 223 223 219 223 221 219 217 214 207 202 203 206 204 207 207 207 204 211 215 216 217 215 218 225 229 230 230 231
197 208 202 204 212 220 222 221 214 215 215 215 217 220 220 222 223 224 225 223 225 228 228 228 227 228 229 223 216 222 222 219 219 219 221 219 225 226 222 225 227 227 226 224 225 224 222 220 219 217 214 206 206 208 206 210 214 215 217 212 214 218 218 218 220 223 223 217 214 221 220 219 218 215 208 204 206 211 206 203 200 201 204 207 207 207 208 201 206 217 227 230 230 231
199 210 211 206 215 222 216 218 211 208 205 202 205 215 220 223 224 225 226 225 227 227 228 228 227 229 227 214 213 222 222 216 218 220 220 220 225 226 221 221 224 225 228 227 227 226 225 221 219 217 213 210 210 213 210 210 215 217 218 218 217 218 219 219 220 222 219 217 215 217 223 221 220 215 210 210 211 213 210 205 200 196 199 195 192 197 196 193 202 217 226 229 230 230
203 208 214 210 217 220 217 218 213 211 202 198 205 215 220 224 223 224 223 224 223 225 227 228 228 229 227 217 215 217 221 219 213 215 218 218 223 225 222 220 223 223 227 228 227 227 227 224 215 211 210 212 212 214 216 214 213 217 218 220 218 219 219 219 223 221 217 215 214 215 217 218 219 216 217 216 213 206 202 202 200 199 200 191 189 192 191 203 212 219 225 227 229 230
207 209 212 218 217 213 216 215 209 204 204 201 204 215 220 222 222 223 223 222 223 226 226 226 226 229 228 223 214 211 215 217 212 214 217 220 221 223 221 220 221 225 227 224 220 221 225 224 219 214 212 214 215 216 218 214 215 218 220 220 219 217 218 218 222 219 216 215 213 214 214 214 220 218 213 211 205 198 196 193 192 197 201 200 201 203 205 209 217 220 225 224 226 231
211 214 217 219 209 206 204 204 202 198 200 202 201 213 218 218 219 218 221 219 223 226 223 224 226 228 227 225 218 217 216 216 216 214 217 219 219 220 219 222 222 226 225 221 216 219 221 225 223 220 217 217 218 217 217 219 219 220 221 219 217 217 216 217 217 219 216 214 212 211 213 213 219 215 207 202 200 201 197 191 190 196 201 206 205 211 213 216 219 224 226 225 227 231
215 219 218 213 207 201 197 194 197 192 194 199 202 210 212 217 217 220 220 218 223 225 222 224 224 228 226 225 221 217 215 213 215 218 216 218 220 217 220 224 223 226 217 208 212 220 224 225 223 224 223 221 220 220 220 221 221 218 218 220 215 218 215 215 213 216 218 212 210 210 213 217 217 209 204 203 201 198 193 190 192 198 202 209 209 211 212 215 220 224 224 223 229 230
215 213 214 207 199 195 193 193 193 191 192 196 201 207 211 215 218 219 217 220 223 224 223 224 225 227 228 224 221 218 220 218 217 219 219 220 221 223 223 224 226 223 211 206 209 219 222 221 221 222 222 221 219 222 221 220 221 218 217 219 217 219 216 213 212 217 215 211 210 210 214 213 211 210 207 200 196 195 194 193 197 202 205 210 214 214 213 218 221 222 223 227 229 230
212 207 212 207 198 195 194 198 195 194 195 195 199 205 210 214 217 213 214 218 220 222 223 223 222 224 227 226 223 220 222 216 217 218 218 216 216 221 219 221 225 220 213 207 211 217 214 209 218 220 222 221 218 218 216 216 220 221 217 217 219 219 215 210 213 216 211 210 209 210 212 209 206 206 203 198 197 194 192 195 201 205 207 208 211 215 215 217 218 221 223 226 227 229
205 204 206 208 202 203 203 199 194 195 199 199 202 204 210 214 214 209 213 215 217 218 219 221 223 227 225 224 224 224 218 213 211 212 209 208 216 221 222 223 225 222 218 213 214 218 211 215 219 221 223 220 219 216 216 216 218 218 215 218 219 219 213 208 211 216 213 209 209 208 203 203 203 199 198 199 196 193 193 194 200 206 208 204 206 213 216 216 219 224 227 226 228 229
198 201 200 202 206 202 206 202 200 199 201 201 201 199 208 208 213 211 214 216 222 223 221 220 222 227 224 220 222 222 217 215 206 199 201 205 211 217 222 224 224 221 222 219 219 219 214 216 219 219 223 222 219 217 215 216 216 217 214 216 219 218 213 209 213 215 215 210 208 204 197 195 197 197 199 200 199 194 195 194 200 207 206 203 206 210 215 218 218 225 228 227 225 228
195 197 192 195 201 201 199 202 201 202 200 200 198 197 204 209 216 219 222 223 225 226 226 224 226 224 219 218 219 218 220 214 204 200 205 208 209 213 222 221 218 216 217 221 219 216 208 213 215 213 218 222 220 218 216 216 215 214 214 215 219 215 209 209 215 214 214 212 208 205 199 192 197 199 202 203 199 196 196 197 205 209 206 203 200 211 214 219 218 225 226 228 225 227
186 188 189 192 195 200 197 199 203 199 197 197 196 196 205 213 218 221 223 224 226 226 227 227 226 223 220 214 210 217 218 211 203 202 207 212 215 218 222 215 206 206 211 219 219 210 207 211 213 213 218 221 222 219 218 217 216 210 215 217 218 212 206 206 214 213 210 210 207 207 201 195 199 200 206 203 199 199 195 200 208 206 203 200 199 204 212 219 216 218 221 225 228 228
184 187 191 194 196 200 198 200 201 196 194 192 194 200 209 216 219 221 223 224 226 226 226 227 226 225 222 216 211 212 215 211 204 195 201 209 215 220 221 212 206 207 212 218 217 209 209 209 210 213 217 217 222 221 219 216 216 214 216 218 217 209 204 204 211 212 209 208 206 205 201 196 198 204 205 202 202 197 196 203 209 199 198 195 201 208 204 217 218 219 220 225 229 229
187 191 195 198 200 198 196 198 198 196 192 190 197 205 212 216 219 221 222 223 225 225 226 226 226 225 223 220 212 209 206 206 202 191 194 202 214 219 220 216 211 210 214 216 215 210 206 207 209 214 216 216 220 222 221 219 218 217 217 218 214 206 203 204 211 208 205 206 205 203 200 196 198 203 206 205 199 193 195 205 210 202 200 198 199 208 213 218 217 219 224 228 229 230
189 192 197 199 200 196 193 194 193 194 190 187 197 207 212 216 219 221 221 222 223 224 224 225 224 223 222 220 217 212 207 198 198 196 194 199 207 217 211 208 213 210 212 214 212 206 202 207 211 212 214 215 219 220 221 221 219 216 217 217 212 206 203 204 211 207 200 201 205 203 199 196 199 205 206 203 201 198 198 207 211 206 204 203 197 205 217 219 216 221 225 229 228 229
195 191 194 195 199 197 192 189 184 184 187 186 193 206 212 216 219 220 221 222 223 223 224 224 223 223 221 215 206 205 206 198 198 201 200 203 209 217 206 204 211 206 204 206 207 205 197 201 206 208 211 215 216 215 220 220 220 217 216 217 212 207 204 207 210 207 202 201 204 205 204 201 201 207 205 202 203 203 202 204 213 211 208 202 199 201 213 219 221 220 225 225 228 230
193 189 191 194 195 195 194 185 185 184 188 193 195 206 213 216 218 219 221 222 222 223 223 223 222 221 218 212 200 196 197 200 197 203 209 210 216 211 202 203 208 207 203 200 199 195 189 193 195 202 209 213 212 213 218 219 218 216 215 215 210 204 204 208 209 205 203 199 202 199 203 204 202 206 207 207 210 208 201 205 211 215 209 206 202 200 205 213 218 222 222 221 227 229
197 194 192 193 192 189 192 191 187 187 190 196 198 204 212 215 216 218 220 221 222 223 222 222 221 219 213 206 196 190 194 199 202 204 209 215 217 206 205 205 203 200 203 202 201 197 190 185 195 199 203 209 213 217 215 214 216 212 212 213 212 204 204 208 209 204 202 198 200 196 197 199 200 206 209 209 214 211 205 203 209 214 205 207 205 201 201 208 218 222 222 223 227 226
193 190 190 191 191 187 187 188 187 188 195 199 202 205 210 214 217 219 220 222 221 221 220 220 218 215 205 194 189 192 194 198 201 205 207 212 217 212 210 204 197 198 200 197 191 193 189 184 194 196 205 211 214 215 210 209 210 209 209 211 212 206 204 208 209 204 198 194 196 195 192 195 196 203 210 214 217 215 208 207 207 215 206 209 209 205 201 209 218 223 223 222 220 218
188 185 187 190 190 189 183 184 184 185 193 200 204 208 209 212 216 217 219 221 220 219 218 217 214 212 205 194 189 190 193 193 193 200 204 205 212 212 211 204 202 202 200 201 198 194 185 183 189 198 205 211 212 212 207 204 204 205 205 209 208 206 202 207 207 203 199 193 189 192 189 191 197 201 207 216 221 217 212 214 208 216 211 212 210 205 202 213 219 223 223 220 215 211
188 186 188 189 190 187 182 180 181 183 186 193 200 204 203 206 210 215 218 219 217 217 216 214 211 205 197 190 187 189 191 191 195 197 203 207 211 209 210 208 206 205 206 205 203 194 192 186 191 199 207 210 211 208 204 197 198 197 200 204 200 199 199 203 207 203 196 192 189 191 192 195 198 202 206 212 218 222 218 213 209 213 218 215 212 203 204 216 222 224 221 219 214 209
181 183 183 185 190 189 184 180 183 186 186 189 193 199 197 194 197 208 215 217 214 212 212 210 207 201 192 188 188 188 189 191 193 195 200 203 211 212 213 212 210 208 210 209 205 200 194 188 188 195 202 206 205 201 198 192 188 186 193 198 199 199 201 205 205 204 196 190 194 193 193 198 199 201 207 211 216 222 220 215 217 219 216 212 212 204 204 212 219 223 221 218 213 211
176 175 182 185 189 189 186 184 185 187 189 191 192 192 191 189 190 198 212 211 209 207 204 203 200 196 187 189 189 188 188 190 191 193 199 204 207 199 206 209 212 210 206 206 207 203 195 185 183 193 197 203 198 196 192 186 184 179 184 190 198 201 202 200 203 201 198 195 199 201 196 200 202 202 206 210 212 216 223 221 224 221 219 213 210 205 204 209 217 223 221 222 216 213
171 175 183 186 188 189 188 187 185 187 189 189 190 193 192 190 191 198 210 206 199 194 194 193 189 188 189 190 189 189 191 191 194 195 200 204 201 194 197 204 210 211 208 206 207 204 195 192 190 189 192 195 194 183 183 178 179 177 182 192 196 199 198 196 196 198 199 204 200 204 198 201 206 206 202 205 210 214 218 225 226 225 220 214 208 209 209 213 219 223 215 219 219 217
172 175 181 183 184 186 186 185 186 187 186 186 189 193 194 196 194 205 200 203 193 187 188 188 188 188 189 190 189 188 189 189 192 197 200 199 196 194 195 202 207 209 205 199 202 205 201 198 193 183 184 187 180 170 171 177 185 185 179 186 194 199 198 198 199 202 200 203 208 208 204 203 209 211 205 207 208 216 218 219 227 227 216 210 209 211 218 219 222 225 216 217 219 223
167 169 175 177 181 184 185 187 189 189 187 189 191 194 193 192 199 197 194 192 192 186 188 189 188 189 190 191 190 188 190 190 189 191 193 190 191 191 193 201 202 205 206 200 195 203 199 195 191 179 173 174 167 165 175 183 190 191 186 192 196 201 200 200 203 209 208 207 210 212 210 206 206 214 212 211 212 215 222 220 224 228 224 217 217 216 221 225 226 224 218 214 215 222
