ecocropFuture/tif/c6/rcp585/ACCESS-CM2/tmin_2.asc
ncols        683
nrows        518
xllcorner    -87.691666666667
yllcorner    10.708333333333
cellsize     0.008333333333
NODATA_value  nan
[rows 42 to 83 of 518, columns 282 to 375 of 683]
nan nan nan nan nan nan nan nan nan nan nan nan nan nan nan nan nan nan nan nan nan nan nan nan nan nan nan nan nan nan nan nan nan nan nan 214 214 213 213 208 203 207 210 211 210 210 210 210 210 211 210 212 212 213 213 212 212 213 213 213 214 214 214 214 214 214 215 215 214 214 214 215 215 216 216 216 217 217 217 217 217 217 217 217 217 nan nan nan nan nan nan nan nan nan
nan nan nan nan nan nan nan nan nan nan nan nan nan nan nan nan nan nan nan nan nan nan nan nan nan nan nan nan nan nan nan nan nan nan 213 213 209 210 212 209 208 211 210 211 210 210 211 210 211 212 212 212 213 213 213 213 214 214 213 214 214 213 214 214 214 215 215 215 214 214 214 215 215 215 215 216 216 217 216 216 217 217 217 217 216 217 217 217 nan nan nan nan nan nan
nan nan nan nan nan nan nan nan nan nan nan nan nan nan nan nan nan nan nan nan nan nan nan nan nan nan nan nan nan nan nan nan nan nan 213 213 210 211 209 210 211 208 210 211 210 210 211 211 211 210 209 210 211 213 213 213 213 213 214 214 214 213 213 214 214 214 215 215 214 214 215 215 215 215 215 216 216 217 216 216 216 216 217 217 216 216 216 216 216 216 217 217 217 217
nan nan nan nan nan nan nan nan nan nan nan nan nan nan nan nan nan nan nan nan nan nan nan nan nan nan nan nan nan nan nan nan nan nan nan 213 213 213 212 213 210 208 211 211 211 210 210 210 212 211 210 212 211 210 212 213 212 212 213 214 213 212 212 213 214 215 215 215 214 215 215 216 216 216 216 216 217 216 216 216 216 216 216 216 216 216 216 216 216 216 216 216 216 216
nan nan nan nan nan nan nan nan nan nan nan nan nan nan nan nan nan nan nan nan nan nan nan nan nan nan nan nan nan nan nan nan nan nan nan nan 211 213 214 211 210 211 211 212 211 211 211 211 211 210 209 211 210 211 212 211 211 212 213 213 213 211 211 213 214 215 216 215 215 215 216 216 216 216 216 216 216 216 216 216 216 216 216 217 216 216 216 216 215 215 216 216 216 216
nan nan nan nan nan nan nan nan nan nan nan nan nan nan nan nan nan nan nan nan nan nan nan nan nan nan nan nan nan nan nan nan nan nan nan nan nan 214 213 211 211 212 210 212 212 211 211 210 211 211 210 210 209 211 212 211 211 211 212 213 212 211 213 214 215 216 216 216 216 215 215 216 216 216 216 216 216 216 216 216 216 216 216 216 216 216 216 215 215 215 216 216 215 215
nan nan nan nan nan nan nan nan nan nan nan nan nan nan nan nan nan nan nan nan nan nan nan nan nan nan nan nan nan nan nan nan nan nan nan nan 214 214 211 213 213 211 211 212 210 208 209 210 211 210 209 208 210 211 212 210 211 211 210 212 213 213 214 215 215 216 216 216 216 216 216 217 217 216 216 216 216 216 216 215 216 216 217 216 216 215 216 216 215 216 216 216 215 215
nan nan nan nan nan nan nan nan nan nan nan nan nan nan nan nan nan nan nan nan nan nan nan nan nan nan nan nan nan nan nan nan nan nan nan 213 214 214 214 214 212 211 211 211 208 208 209 210 210 210 208 209 211 212 211 211 210 212 213 214 213 213 214 215 215 216 216 216 216 216 216 216 216 216 216 216 216 216 215 216 216 217 216 216 216 216 216 216 216 215 215 215 214 215
nan nan nan nan nan nan nan nan nan nan nan nan nan nan nan nan nan nan nan nan nan nan nan nan nan nan nan nan nan nan nan nan nan nan nan nan 210 213 214 214 213 212 213 211 210 209 209 210 210 209 207 209 210 211 212 212 212 213 214 214 213 215 215 216 216 216 215 214 215 214 215 216 216 216 216 216 216 216 216 216 216 216 215 216 216 216 216 216 215 216 215 215 214 215
nan nan nan nan nan nan nan nan nan nan nan nan nan nan nan nan nan nan nan nan nan nan nan nan nan nan nan nan nan nan nan nan nan nan nan nan nan 214 214 214 214 214 214 213 212 210 210 211 210 207 208 209 210 211 212 213 214 214 215 215 215 215 216 215 215 215 213 208 210 214 215 215 216 215 215 215 216 216 216 216 215 215 215 216 216 216 216 216 216 216 216 215 215 215
nan nan nan nan nan nan nan nan nan nan nan nan nan nan nan nan nan nan nan nan nan nan nan nan nan nan nan nan nan nan nan nan nan nan nan nan 214 213 213 212 212 213 214 211 211 211 212 211 209 208 208 210 211 211 213 214 214 214 214 215 215 215 215 215 213 214 212 206 209 210 215 215 215 215 214 215 216 216 216 216 216 215 216 216 216 216 216 215 215 216 216 215 215 215
nan nan nan nan nan nan nan nan nan nan nan nan nan nan nan nan nan nan nan nan nan nan nan nan 213 213 213 nan nan nan nan nan nan nan nan 213 213 211 212 210 210 213 213 212 211 212 210 210 210 209 210 211 212 212 213 213 214 214 215 215 215 215 215 214 213 212 213 213 214 214 215 215 214 215 215 215 216 216 217 216 215 216 216 216 216 216 216 215 215 215 215 215 214 213
nan nan nan nan nan nan nan nan nan nan nan nan nan nan nan nan nan nan nan nan nan nan 213 213 212 212 209 214 nan nan nan nan nan nan 214 214 211 211 210 209 212 214 213 212 212 212 211 211 211 211 211 212 212 213 213 214 214 214 213 213 215 215 215 215 213 213 214 214 215 215 215 213 213 214 214 214 215 216 216 216 216 216 216 216 216 216 216 216 216 216 215 214 214 214
nan nan nan nan nan nan nan nan nan nan nan nan nan nan nan nan nan nan nan nan nan nan 212 213 212 212 210 213 213 nan nan nan nan 214 213 212 209 209 210 211 213 214 212 211 210 210 211 210 209 211 212 213 213 213 214 214 214 212 214 215 215 215 215 214 213 213 213 214 214 215 215 215 215 216 215 216 216 216 216 216 216 216 216 216 216 213 215 215 215 216 215 215 213 215
nan nan nan nan nan nan nan nan nan nan nan nan nan nan nan nan nan nan nan nan nan nan nan 212 213 211 210 210 212 214 214 214 213 213 213 212 211 209 210 212 213 213 213 209 207 209 209 209 211 212 213 213 213 214 214 213 211 214 215 214 215 215 214 214 214 213 211 214 212 214 214 215 216 216 216 216 216 216 216 216 216 216 216 216 214 213 215 215 214 215 214 215 213 215
nan nan nan nan nan nan nan nan nan nan nan nan nan nan nan nan nan nan nan nan nan nan nan 213 212 212 207 211 212 212 213 213 212 213 212 211 210 208 209 212 212 212 212 212 211 211 209 211 212 212 213 213 213 213 213 212 213 214 215 215 215 213 211 211 213 211 213 212 213 214 215 215 216 216 215 215 216 216 216 216 216 216 216 216 214 213 213 214 214 214 215 215 216 216
nan nan nan nan nan nan nan nan nan nan nan nan nan nan nan nan nan nan nan nan nan nan nan 213 212 211 206 212 211 210 211 212 213 212 211 209 207 208 210 211 212 213 212 210 210 210 210 211 212 213 213 213 213 212 212 213 213 214 215 214 213 209 209 210 212 210 209 212 215 214 214 214 213 215 215 212 215 216 216 216 216 216 216 216 215 213 211 213 214 215 215 214 215 216
nan nan nan nan nan nan nan nan nan nan nan nan nan nan nan nan nan nan nan nan nan nan nan 213 212 210 211 212 210 208 208 212 213 211 209 205 204 206 210 212 213 213 212 209 210 210 211 212 212 212 212 212 213 212 212 212 214 215 215 213 210 208 206 206 210 212 213 214 215 214 215 211 212 211 210 209 209 214 216 216 216 216 216 216 216 213 212 212 212 215 213 211 210 213
nan nan nan nan nan nan nan nan nan nan nan nan nan nan nan nan nan nan nan nan nan nan nan nan 213 212 210 211 208 203 209 213 212 210 206 204 207 209 211 212 213 212 210 210 210 211 212 212 212 212 212 212 213 213 213 214 214 214 214 214 212 212 210 211 212 212 213 213 214 213 214 212 211 208 209 211 212 212 214 215 215 216 215 215 215 215 214 212 213 213 211 206 204 209
nan nan nan nan nan nan nan nan nan nan nan nan nan nan nan nan nan nan nan nan nan nan nan 213 213 210 207 210 207 207 212 212 211 208 202 203 208 211 212 212 213 214 213 212 212 212 213 212 212 212 213 213 214 214 214 214 214 214 211 211 210 210 207 206 204 203 209 212 212 212 212 207 207 204 203 209 211 211 211 213 215 216 215 216 215 211 213 213 211 211 213 212 211 213
nan nan nan nan nan nan nan nan nan nan nan nan nan nan nan nan nan nan nan nan nan nan nan 213 212 210 210 210 209 210 212 211 210 208 207 208 210 211 212 211 212 213 213 213 213 213 213 213 212 213 212 214 214 213 213 214 215 213 208 209 205 204 205 203 204 206 205 209 208 208 209 207 203 202 205 211 212 212 213 214 215 215 215 215 215 210 214 214 213 211 214 214 215 216
nan nan nan nan nan nan nan nan nan nan nan nan nan nan nan nan nan nan nan nan nan nan nan 213 211 209 210 210 210 212 211 211 210 209 208 209 209 211 211 212 211 212 212 212 214 213 213 213 213 212 213 213 213 210 210 213 214 212 206 207 205 205 198 197 203 207 206 207 206 207 210 205 207 208 209 211 213 214 215 215 215 215 215 215 216 215 215 214 213 213 214 215 213 215
nan nan nan nan nan nan nan nan nan nan nan nan nan nan nan nan nan nan nan nan nan nan 213 210 210 210 207 207 211 211 210 211 210 210 207 206 209 211 210 210 210 211 212 213 214 214 213 213 213 213 213 212 212 210 205 211 211 210 209 211 210 208 201 198 204 207 208 208 208 210 208 205 207 208 211 212 214 213 214 215 215 215 216 215 215 215 216 214 209 210 213 214 209 209
nan nan nan nan nan nan nan nan nan nan nan nan nan nan nan nan nan nan nan nan nan 213 213 209 210 210 209 210 211 210 209 211 211 209 207 206 209 210 209 211 211 212 213 214 214 213 213 213 213 212 211 210 210 209 208 210 210 211 210 208 209 204 199 198 202 207 207 202 202 204 204 205 202 205 205 208 211 211 213 214 215 216 215 215 215 215 216 215 212 209 212 214 213 209
nan nan nan nan nan nan nan nan nan nan nan nan nan nan nan nan nan nan nan nan 212 212 210 208 209 206 209 211 211 209 209 210 210 206 205 206 208 207 209 211 212 213 213 214 213 213 213 213 212 211 210 209 206 207 208 208 203 209 208 206 208 204 193 189 202 206 202 195 193 196 197 203 202 205 208 209 211 209 210 211 213 215 215 216 216 216 216 216 212 207 212 214 212 208
nan nan nan nan nan nan nan nan nan nan nan nan nan nan nan nan nan nan nan 212 212 211 207 208 208 208 211 211 210 208 207 210 209 209 208 206 207 208 210 211 212 213 213 214 213 213 212 212 210 209 205 202 197 204 201 200 199 207 204 207 209 201 191 197 205 204 198 190 188 191 200 200 201 207 210 211 212 210 212 213 213 214 214 214 215 216 216 216 215 213 213 215 213 210
nan nan nan nan nan nan nan nan nan nan nan nan nan nan nan nan nan nan nan 212 212 210 208 208 206 210 212 211 207 207 208 209 207 208 208 207 208 209 210 210 212 213 214 214 213 212 211 210 208 208 203 198 197 200 195 198 204 205 202 207 205 195 193 198 204 202 195 191 191 196 198 196 200 206 208 210 211 210 211 212 212 213 213 215 216 216 216 216 216 216 216 216 216 215
nan nan nan nan nan nan nan nan nan nan nan nan nan nan nan nan nan nan 213 213 211 207 207 206 210 211 211 208 206 205 208 206 208 207 206 207 205 205 209 211 212 213 214 213 213 210 209 208 207 204 203 202 202 197 193 203 205 203 198 203 199 195 194 199 201 197 195 191 193 198 198 195 199 206 209 211 210 210 211 211 212 215 215 215 213 216 216 216 216 216 216 216 216 216
nan nan nan nan nan nan nan nan nan nan nan nan nan nan nan nan nan nan 212 212 208 207 207 208 210 211 210 208 204 206 205 205 209 207 205 204 203 207 210 212 213 213 214 214 213 209 207 207 203 204 205 206 205 202 201 206 201 202 197 201 204 202 200 203 202 196 190 193 199 203 202 202 201 205 207 209 207 211 212 211 214 215 216 216 216 216 216 216 216 217 216 217 216 216
nan nan nan nan nan nan nan nan nan nan nan nan nan nan nan nan nan 211 212 212 207 205 209 210 211 210 209 205 201 203 206 207 208 206 205 207 208 208 211 212 213 213 213 214 212 211 207 206 204 205 206 207 205 205 206 204 198 203 195 200 205 202 203 205 203 197 189 194 199 204 206 206 206 206 208 209 206 210 213 213 214 215 215 216 217 216 217 217 217 217 217 217 216 216
nan nan nan nan nan nan nan nan nan nan nan nan nan nan nan nan nan 212 213 211 207 205 208 210 210 209 208 203 202 205 206 206 206 200 204 208 210 210 212 212 213 213 213 214 209 211 210 207 207 205 207 208 205 205 202 201 201 205 198 200 204 202 201 205 204 200 193 200 200 203 206 207 208 209 210 209 208 209 213 215 215 215 216 216 217 217 217 217 217 217 217 217 217 217
nan nan nan nan nan nan nan nan nan nan nan nan nan nan nan nan nan 212 213 210 209 209 210 211 209 206 205 204 202 202 204 204 206 203 206 208 210 211 212 212 213 213 214 213 208 210 209 207 208 206 208 209 207 208 199 201 207 206 201 202 200 203 203 205 203 201 200 203 203 206 207 207 206 207 208 207 209 210 212 212 212 214 216 217 217 217 217 217 216 217 217 217 217 217
nan nan nan nan nan nan nan nan nan nan nan nan nan nan nan nan 212 212 212 210 210 211 211 210 208 203 204 206 201 200 204 207 208 208 206 207 210 212 212 212 213 213 213 212 210 209 208 207 209 207 209 208 209 208 202 205 208 203 202 202 197 202 203 205 204 205 205 202 200 205 206 203 201 203 205 209 212 213 213 214 212 215 216 217 217 216 217 217 217 217 217 218 218 217
nan nan nan nan nan nan nan nan nan nan nan nan nan nan nan nan 212 211 210 209 210 212 211 210 206 204 207 204 200 200 206 207 208 210 208 210 211 212 212 212 212 213 213 210 207 207 208 208 210 210 210 209 209 205 204 207 208 203 202 200 196 202 205 205 206 207 207 202 199 204 203 197 198 201 204 211 210 212 215 215 214 216 217 217 218 217 217 217 218 218 217 217 217 217
nan nan nan nan nan nan nan nan nan nan nan nan nan nan nan 212 212 211 210 210 212 211 211 209 208 207 207 202 198 203 204 204 208 211 211 212 212 212 212 212 211 212 212 213 207 210 207 209 211 211 212 210 210 207 210 209 208 205 204 202 202 205 205 204 205 205 207 204 199 203 203 197 199 199 202 210 213 214 214 215 216 217 217 217 218 218 218 218 218 218 218 217 217 217
nan nan nan nan nan nan nan nan nan nan nan nan nan nan 212 212 211 211 211 211 212 211 210 210 206 205 206 200 200 206 204 206 209 211 212 212 212 212 212 212 211 211 210 213 208 210 209 209 211 212 212 212 211 211 211 210 209 207 206 206 203 204 202 202 201 204 208 206 203 203 206 204 205 208 208 210 214 213 208 215 217 216 216 218 218 218 218 218 218 218 218 217 217 217
nan nan nan nan nan nan nan nan nan nan nan nan nan 209 212 212 212 212 211 209 211 211 210 209 207 207 203 202 204 208 207 206 209 211 211 212 212 212 212 211 212 208 204 213 212 213 211 209 211 212 212 212 212 211 210 209 204 203 201 200 202 204 201 201 196 203 207 208 207 203 206 202 204 206 209 212 214 208 206 214 217 217 217 217 218 218 218 218 218 218 218 218 217 217
nan nan nan nan nan nan nan nan nan nan nan nan nan 208 211 212 212 213 212 212 211 209 207 207 209 207 206 204 206 208 207 207 207 206 208 211 212 212 209 210 211 208 207 211 213 213 212 211 212 212 212 212 211 210 208 209 204 198 196 195 198 204 204 204 199 202 208 209 210 206 206 204 199 203 207 211 212 207 207 211 216 217 215 217 218 218 218 218 219 218 217 217 217 217
nan nan nan nan nan nan nan nan nan nan nan nan nan nan nan 211 211 212 212 211 210 209 207 204 206 207 207 204 209 209 208 208 208 210 207 211 211 209 208 210 212 211 210 211 213 213 213 212 213 213 212 211 211 210 208 208 204 201 197 195 195 202 206 206 205 201 205 209 211 209 205 206 198 197 205 207 208 209 203 207 215 217 215 217 218 218 218 218 219 219 218 217 217 217
nan nan nan nan nan nan nan nan nan nan nan nan nan nan nan nan 211 212 212 211 211 210 207 204 202 204 204 207 210 209 207 208 211 209 209 210 209 206 207 208 211 212 212 212 213 213 213 213 213 212 211 210 210 209 209 208 205 200 199 197 198 199 206 208 206 201 205 209 211 210 205 208 204 200 205 204 204 209 205 203 213 217 217 217 218 218 218 218 219 218 218 217 217 214
nan nan nan nan nan nan nan nan nan nan nan nan nan nan nan nan 211 212 212 212 211 210 208 205 205 206 207 210 210 207 209 211 211 208 208 209 208 204 205 205 210 211 212 211 213 213 211 212 212 212 210 209 209 209 207 204 198 199 198 200 203 206 206 209 207 205 207 209 209 212 207 208 208 203 207 205 206 209 208 204 214 217 218 218 218 218 218 218 219 218 218 218 217 210
nan nan nan nan nan nan nan nan nan nan nan nan nan nan nan nan nan 212 213 213 210 210 210 208 207 208 210 211 210 210 211 212 210 207 206 206 205 203 199 202 208 211 211 211 212 212 211 211 212 211 209 206 206 207 204 199 199 200 201 204 203 201 207 209 209 208 210 210 210 211 210 207 210 206 208 206 207 210 210 207 215 218 218 218 218 218 218 219 219 218 218 218 216 208
