ecocropFuture/tif/c6/rcp585/ACCESS-CM2/tmin_1.asc
ncols        683
nrows        518
xllcorner    -87.691666666667
yllcorner    10.708333333333
cellsize     0.008333333333
NODATA_value  nan
[rows 84 to 125 of 518, columns 282 to 375 of 683]
nan nan nan nan nan nan nan nan nan nan nan nan nan nan nan nan nan nan nan 209 208 208 207 206 205 207 208 207 207 207 207 207 205 203 202 203 202 197 191 193 201 203 206 207 207 208 206 206 208 207 206 204 201 200 198 198 196 195 196 193 192 193 202 205 206 206 207 205 206 204 208 206 207 207 206 206 204 206 208 206 206 213 214 215 215 215 214 215 215 214 213 209 208 209
nan nan nan nan nan nan nan nan nan nan nan nan nan nan nan nan nan nan nan 209 209 209 207 204 207 208 207 207 207 207 208 206 205 203 205 204 202 195 194 192 201 205 206 205 205 208 207 207 208 208 206 203 202 198 197 200 196 194 195 193 190 193 203 205 205 206 206 204 205 204 208 208 206 207 207 205 205 207 208 207 205 212 214 214 214 215 215 215 215 213 209 203 206 208
nan nan nan nan nan nan nan nan nan nan nan nan nan nan nan nan nan nan nan 207 207 208 209 208 209 208 205 207 208 208 207 206 205 206 205 202 202 200 201 201 205 206 204 204 206 209 208 207 207 207 207 206 203 200 201 201 197 196 197 195 200 200 203 205 206 206 202 202 205 207 208 208 207 209 207 202 206 209 209 209 203 209 213 213 214 215 215 215 213 209 206 207 208 208
nan nan nan nan nan nan nan nan nan nan nan nan nan nan nan nan nan nan nan nan nan 207 210 210 209 208 209 208 208 207 206 201 198 204 206 203 202 202 205 205 204 203 204 206 208 208 207 206 206 205 206 206 204 203 202 199 197 197 197 199 203 204 204 205 205 205 205 204 206 207 208 203 208 210 206 204 209 209 204 209 205 208 212 212 214 215 215 215 214 213 213 212 212 212
nan nan nan nan nan nan nan nan nan nan nan nan nan nan nan nan nan nan nan nan nan 210 209 210 208 208 208 208 207 205 204 196 201 205 207 205 205 206 205 204 201 204 206 207 208 208 207 206 204 203 205 207 203 202 199 197 196 196 194 191 195 202 205 206 202 206 205 203 203 205 207 204 205 210 206 209 209 207 200 208 204 209 213 212 213 215 215 215 215 215 215 214 211 211
nan nan nan nan nan nan nan nan nan nan nan nan nan nan nan nan nan nan nan nan 210 209 209 209 209 209 209 207 205 202 197 202 204 206 207 207 207 205 203 204 205 207 208 208 208 208 207 205 200 198 204 206 203 197 195 194 196 196 193 191 193 200 205 205 203 206 206 204 199 204 206 206 208 211 209 209 206 205 198 206 204 205 212 214 214 215 215 215 215 214 214 214 212 212
nan nan nan nan nan nan nan nan nan nan nan nan nan nan nan nan nan nan nan nan 209 209 209 210 209 209 209 207 205 202 202 206 207 208 208 208 206 202 203 205 207 207 207 207 208 207 206 205 199 199 203 205 204 196 195 194 195 197 195 199 201 203 206 202 198 203 208 205 203 208 207 207 205 210 211 208 203 202 197 201 206 205 212 214 214 215 216 215 215 213 214 213 212 213
nan nan nan nan nan nan nan nan nan nan nan nan nan nan nan nan nan nan nan 209 209 208 209 209 209 209 208 207 205 207 206 206 207 208 208 207 206 204 203 206 206 206 205 206 206 206 207 205 198 201 199 202 205 202 201 197 198 198 195 199 203 204 205 200 198 203 209 207 202 209 209 207 204 211 207 201 199 198 192 202 210 207 214 215 215 215 216 216 216 214 214 213 214 214
nan 205 207 207 207 207 206 204 201 202 205 208 207 208 208 208 209 209 209 209 208 209 209 209 208 206 207 207 207 205 205 208 209 208 208 207 206 202 204 206 207 204 203 205 205 206 206 205 198 199 199 204 203 199 202 199 198 197 200 202 201 202 204 198 197 203 210 208 208 211 209 209 208 210 208 200 196 194 191 202 211 211 215 216 215 215 215 216 216 215 215 215 215 212
206 204 203 205 206 205 202 198 199 196 203 206 206 206 207 208 208 208 209 208 208 208 209 210 208 206 207 204 205 206 207 209 208 207 207 207 207 203 203 205 205 203 203 204 206 205 205 204 200 201 200 202 204 196 200 200 196 194 196 199 201 203 203 200 203 208 210 210 211 212 211 211 212 212 209 200 195 199 197 203 212 214 216 216 216 216 216 216 215 215 215 215 214 213
204 202 202 203 202 203 203 205 206 205 205 206 206 207 207 207 207 208 207 207 206 206 210 209 208 206 208 207 208 208 209 209 207 206 205 205 206 206 203 204 203 201 201 203 205 202 202 205 203 199 196 196 202 196 196 199 195 194 198 201 202 201 200 200 201 207 209 210 210 211 213 214 212 212 205 197 195 205 202 203 212 215 216 216 216 216 216 216 215 215 215 213 214 215
204 202 201 192 189 195 204 204 205 206 206 206 206 206 206 206 207 207 205 206 208 208 209 207 207 208 209 208 209 209 208 208 205 206 204 204 205 206 204 205 203 203 203 204 204 201 200 205 202 201 197 193 197 199 195 196 194 194 196 200 198 198 201 206 208 204 207 210 206 210 212 212 214 211 205 194 196 208 205 209 212 215 215 216 216 216 216 216 215 214 215 215 215 215
201 201 194 181 191 202 204 205 206 206 206 206 206 206 206 206 206 206 206 207 209 208 206 199 201 208 209 209 208 208 208 207 206 205 203 204 204 204 205 204 204 204 203 203 202 199 199 202 203 199 196 189 192 199 197 197 196 192 192 198 195 195 199 205 206 204 206 208 206 208 211 212 214 212 206 194 196 210 206 212 214 215 216 216 216 216 216 216 216 215 216 215 215 215
201 196 186 189 200 203 204 205 206 206 206 206 206 206 206 206 206 206 206 208 208 205 201 202 206 208 209 209 209 208 207 206 204 203 203 201 203 201 204 202 202 203 203 201 199 201 199 198 203 195 187 190 194 193 198 197 197 195 191 194 192 198 202 203 204 202 204 203 204 206 210 210 213 213 205 196 202 212 210 214 215 215 215 216 216 216 216 216 216 216 215 215 215 214
196 185 190 199 201 203 204 205 205 206 206 206 206 206 206 206 207 207 208 207 206 205 205 206 207 207 208 209 209 208 206 205 205 203 203 201 205 198 201 202 199 202 200 198 196 197 201 199 202 193 184 185 189 185 194 195 194 195 192 195 194 195 197 200 203 203 207 203 203 208 208 207 209 214 206 204 206 215 215 215 216 216 216 216 217 216 216 216 216 215 214 215 215 214
191 191 199 202 203 204 204 205 205 206 205 206 206 206 206 207 207 207 208 207 206 205 205 205 207 208 209 209 208 208 206 205 205 204 203 202 204 200 200 197 202 201 201 193 193 189 199 193 198 197 185 178 183 184 193 193 191 195 198 200 200 193 194 197 204 207 207 204 203 205 205 206 211 215 209 212 212 215 215 215 215 216 216 216 216 216 216 216 216 216 215 216 215 215
182 191 191 197 200 201 203 205 206 206 206 207 207 206 206 206 207 208 207 204 205 205 205 205 207 208 209 209 209 207 205 205 205 203 204 205 205 200 198 197 200 203 202 195 188 191 197 196 191 197 190 180 174 182 189 190 189 198 196 197 202 198 201 203 202 207 208 204 198 203 209 211 213 215 213 214 215 216 216 215 216 216 216 216 216 216 216 216 216 216 216 214 214 215
184 189 189 194 198 201 203 205 205 206 206 207 207 206 207 207 208 207 207 206 206 205 206 207 208 208 208 208 209 208 206 205 206 204 204 204 206 205 201 196 195 201 202 197 187 189 193 200 197 194 193 181 172 180 191 193 194 198 190 194 200 204 205 205 206 208 207 200 193 206 213 212 214 215 215 212 214 215 216 216 216 216 217 217 216 216 216 216 216 216 216 216 216 215
190 187 189 199 203 204 203 204 202 201 203 205 207 207 207 207 207 207 207 206 207 207 207 207 207 208 207 204 207 207 207 204 207 206 205 204 207 206 204 197 194 198 202 199 192 191 197 200 198 193 193 182 173 182 190 193 195 196 191 192 200 204 206 207 208 210 207 196 197 209 213 213 215 216 216 215 215 216 216 217 217 217 216 216 216 216 216 217 217 216 216 216 216 215
200 202 199 202 203 203 203 205 205 203 205 207 208 208 207 208 206 205 206 206 206 206 206 206 207 207 207 205 205 207 205 207 208 207 206 206 207 206 203 201 199 198 201 200 195 197 197 194 197 190 188 182 175 182 188 191 186 191 194 198 202 204 203 203 204 209 207 201 205 213 214 214 215 215 216 216 216 216 217 217 216 216 214 215 216 217 217 217 217 217 216 216 216 215
201 201 202 201 202 202 203 202 203 204 206 208 208 207 208 207 204 202 205 206 206 206 206 206 207 207 207 204 203 205 208 208 207 208 207 207 208 205 199 201 203 201 201 202 197 196 193 186 193 185 184 186 177 180 185 185 185 193 198 199 199 197 201 206 207 209 211 206 212 214 215 215 215 215 216 216 217 217 217 215 215 214 211 215 217 217 217 217 217 217 217 216 216 216
188 189 193 197 197 197 200 204 205 206 207 208 208 208 208 208 206 206 206 206 206 206 206 206 207 206 206 203 204 205 208 209 208 208 208 208 208 207 206 203 204 203 203 203 202 198 196 190 182 183 185 191 186 188 188 181 184 192 188 189 199 203 203 204 209 211 212 211 213 212 212 215 215 215 216 217 216 212 213 215 215 216 216 216 218 218 217 217 217 217 217 217 217 217
188 186 189 194 195 196 200 201 200 206 208 208 209 208 207 208 207 206 205 207 207 207 206 206 206 203 205 202 205 205 207 209 209 208 207 206 207 207 204 201 205 205 204 202 198 190 189 188 175 182 187 192 193 191 187 180 182 192 190 192 202 205 208 209 210 211 213 212 213 212 211 214 215 216 216 216 215 209 211 215 215 217 217 217 217 217 217 217 217 217 217 217 217 217
194 195 198 199 200 203 203 198 205 207 208 209 208 208 208 208 207 207 207 207 207 207 206 206 205 202 203 204 206 207 208 208 209 207 206 207 206 206 207 205 202 205 203 201 194 193 184 179 182 184 184 190 196 189 178 173 179 187 197 194 199 205 207 207 209 210 211 213 213 211 206 213 215 215 216 215 214 213 214 216 216 217 217 217 216 217 217 217 217 217 217 217 217 217
198 202 203 204 205 206 205 204 207 208 209 208 208 208 208 207 207 208 208 208 207 206 205 204 202 200 203 205 206 206 207 208 207 206 207 207 202 203 205 205 201 202 203 202 200 195 181 176 188 192 189 191 197 189 175 166 175 187 199 199 200 203 201 207 211 211 212 213 212 206 204 213 215 215 213 213 215 216 216 217 217 217 217 217 217 217 217 217 217 217 217 217 217 217
189 196 202 203 203 202 207 207 208 209 208 208 208 208 208 207 208 208 208 208 206 205 204 201 200 201 205 206 206 205 207 208 208 208 206 206 203 202 204 206 205 202 203 202 200 196 188 178 183 195 189 193 198 191 180 171 178 189 199 204 205 207 206 208 211 212 213 214 210 203 204 213 214 213 209 214 216 217 217 217 217 217 217 217 218 217 217 217 217 218 218 217 217 216
175 184 193 195 202 204 206 208 209 209 208 208 207 207 208 208 208 207 208 207 204 198 200 198 196 200 203 204 202 207 207 207 208 208 207 205 204 203 202 205 205 203 204 202 200 199 195 185 187 196 189 193 199 195 182 175 182 189 198 206 207 209 209 211 212 213 213 213 210 205 206 212 214 214 214 216 217 217 216 217 217 217 217 217 218 217 217 215 216 217 218 217 216 204
183 187 194 197 199 204 207 208 208 208 208 208 208 207 208 207 207 207 207 205 197 190 192 193 191 197 201 199 205 205 207 206 206 207 207 206 206 203 200 201 204 200 199 202 202 201 195 184 191 197 192 196 197 197 182 179 184 193 200 206 207 208 210 211 212 213 212 212 210 201 208 212 214 215 214 216 217 217 217 218 217 217 216 217 217 217 214 214 216 216 216 217 216 204
194 196 197 203 205 206 208 208 208 207 208 208 208 208 208 208 207 207 206 202 194 184 185 186 186 193 202 202 205 205 207 206 206 206 207 206 201 201 203 197 201 198 197 201 202 199 193 184 190 199 196 199 196 199 185 177 191 193 199 205 208 208 209 211 212 212 212 211 210 203 203 210 214 216 215 216 216 217 217 217 217 217 217 218 218 217 214 215 212 213 212 216 217 213
196 201 203 203 204 206 208 209 208 207 207 207 207 208 207 208 208 207 206 202 193 186 180 177 180 186 197 203 206 207 204 206 205 205 206 206 198 191 201 195 197 199 194 198 200 198 190 184 186 197 201 197 195 199 184 175 185 199 202 205 208 209 211 212 211 210 208 205 209 202 196 204 212 215 216 216 216 217 217 217 217 216 217 218 218 218 214 213 208 209 212 216 217 213
199 202 204 205 206 207 208 208 208 208 207 206 207 208 207 207 207 207 203 199 191 181 173 165 170 179 194 204 206 205 204 205 203 205 207 204 195 187 198 193 188 198 193 195 199 196 192 190 186 193 201 197 201 201 188 179 178 193 204 207 208 210 210 211 209 202 197 202 209 206 200 202 210 214 215 215 216 217 216 215 214 215 217 218 218 218 216 213 209 209 212 214 217 216
203 202 203 206 207 208 208 207 207 208 207 207 208 207 207 206 207 207 204 197 188 176 166 164 174 186 199 203 206 207 205 200 201 204 206 200 190 187 196 195 185 192 193 196 199 196 195 193 188 195 202 203 204 201 190 183 179 192 200 204 208 209 209 209 204 194 187 193 205 200 191 196 207 212 214 215 216 217 210 209 204 211 215 214 217 217 216 216 215 213 211 212 216 210
201 203 204 206 208 209 208 207 207 207 208 208 208 208 207 206 206 206 205 201 192 177 168 176 183 191 200 205 207 206 204 202 203 204 205 198 195 190 188 194 184 184 192 198 200 198 198 192 192 195 198 203 204 204 195 188 188 194 197 202 208 207 206 206 197 181 181 190 202 197 183 189 203 208 214 214 214 214 209 199 200 203 207 211 214 216 216 216 215 213 208 211 215 213
198 202 206 207 208 208 208 208 207 207 207 208 208 207 207 207 206 206 205 203 193 177 178 184 191 197 203 206 207 203 204 202 204 205 205 194 190 192 184 188 187 180 188 199 200 200 201 198 190 190 200 204 205 204 199 193 193 194 197 202 207 207 202 201 194 184 179 189 198 193 183 192 202 208 211 214 207 207 204 200 204 206 212 214 215 216 216 216 215 208 203 208 215 215
202 206 207 208 208 207 207 207 206 206 207 208 208 207 207 206 205 205 204 202 195 182 183 192 197 201 204 202 205 205 201 203 205 206 206 203 193 192 189 186 192 187 192 200 201 198 200 198 191 193 203 205 205 204 200 197 196 191 190 198 206 201 191 186 190 183 182 189 194 194 192 190 195 202 209 214 208 204 206 207 206 211 214 214 216 216 216 216 211 208 205 204 216 217
202 207 208 208 207 204 206 206 205 207 208 208 208 207 206 205 203 203 205 202 197 185 192 197 200 203 202 197 205 206 205 204 205 205 204 201 198 189 192 186 196 197 196 201 202 199 201 202 197 200 204 205 206 205 201 198 192 185 192 200 205 198 187 182 189 184 185 190 194 197 198 202 201 207 211 210 209 209 211 213 211 214 215 215 216 216 216 216 215 215 215 217 219 218
205 207 208 207 206 204 203 200 207 208 207 207 207 207 207 206 205 203 203 202 200 192 194 199 201 201 196 200 206 205 204 202 202 204 203 198 199 189 192 192 198 201 200 202 201 203 202 198 195 198 205 206 207 205 203 198 190 184 194 202 204 196 186 187 191 189 190 193 195 202 200 202 208 209 206 206 204 207 212 215 216 215 216 215 215 214 216 215 215 217 218 217 217 218
206 208 208 204 198 198 202 206 208 207 207 206 206 207 206 206 205 204 203 198 196 194 198 199 196 198 199 203 206 202 197 193 200 202 203 203 200 197 196 195 193 199 203 202 201 204 201 197 195 199 204 206 208 205 205 197 190 193 196 197 200 198 187 188 194 194 190 195 199 201 194 195 201 200 204 202 200 207 211 215 215 213 213 213 209 203 213 216 214 215 215 213 209 213
207 208 207 199 199 197 203 207 207 206 206 204 203 206 205 206 205 204 203 200 197 194 199 199 198 200 202 202 203 199 195 194 196 201 201 200 200 199 197 198 196 200 203 202 202 205 205 204 203 204 203 205 208 205 206 198 191 194 198 196 197 199 190 186 194 196 197 198 197 197 197 192 193 200 202 197 199 208 213 215 212 208 207 209 205 208 208 208 211 214 212 214 212 212
208 206 199 199 201 202 204 207 207 205 204 200 201 206 205 205 202 202 200 200 200 199 201 201 200 197 197 200 202 198 195 196 198 201 202 199 197 194 198 201 203 203 204 205 206 207 205 206 205 206 203 207 208 208 206 201 199 199 199 201 196 201 193 192 194 196 197 196 193 194 195 184 189 199 201 202 203 208 213 212 206 206 208 206 207 204 204 203 207 211 206 212 213 217
207 201 197 201 203 205 206 207 206 205 204 204 203 206 205 204 197 194 200 200 200 201 201 201 199 199 200 202 203 201 197 198 198 199 197 200 197 194 193 201 203 205 204 206 207 207 205 207 207 204 207 208 208 208 207 202 204 205 204 203 198 203 200 196 195 196 196 192 188 197 198 195 193 197 200 203 204 209 211 207 207 208 208 207 206 200 195 194 201 211 210 213 207 210
205 193 198 200 203 205 205 207 206 205 202 202 201 202 204 203 198 194 198 201 201 201 201 200 202 203 202 203 200 202 201 199 194 192 191 196 198 197 191 195 201 204 205 207 206 206 206 207 207 207 205 204 208 207 203 205 200 206 201 199 199 204 205 197 196 201 196 192 189 193 200 203 202 202 205 208 209 207 204 202 205 207 207 204 199 195 192 196 205 209 204 208 205 201
