ecocropFuture/tif/c6/rcp585/ACCESS-CM2/tmin_4.asc
ncols        683
nrows        518
xllcorner    -87.691666666667
yllcorner    10.708333333333
cellsize     0.008333333333
NODATA_value  nan
[rows 84 to 125 of 518, columns 376 to 469 of 683]
228 228 228 233 235 233 232 232 232 232 232 232 232 235 236 237 237 237 237 237 237 237 237 236 234 236 236 236 236 236 236 236 235 234 233 235 236 236 235 235 235 235 235 235 235 235 235 235 235 235 235 235 235 235 235 235 235 236 235 236 235 235 235 235 234 234 234 234 233 233 234 234 233 233 233 233 233 232 232 232 232 232 233 233 234 235 234 235 236 236 236 234 234 236
223 222 225 229 233 234 231 230 232 232 233 232 232 234 236 237 237 237 237 237 237 237 237 236 236 236 235 235 235 236 236 235 235 235 235 236 236 236 236 236 236 235 234 234 234 235 235 235 235 235 235 235 235 235 236 236 236 236 236 235 235 235 235 235 235 234 234 234 233 233 234 234 233 233 233 233 233 233 232 232 232 233 233 233 234 235 234 233 236 236 233 229 233 235
225 226 230 234 235 236 231 229 232 231 229 228 231 232 236 237 237 237 237 237 237 237 236 236 235 234 234 234 235 235 236 236 235 235 235 236 236 236 236 236 236 235 234 234 234 235 235 235 235 235 235 235 235 235 236 236 236 236 236 235 235 235 235 235 235 234 234 234 234 234 234 234 233 233 233 233 233 233 233 233 233 233 234 235 235 235 236 235 235 235 233 229 231 235
230 230 233 233 234 236 234 234 234 232 228 231 233 235 237 237 237 238 238 237 234 236 236 235 235 234 235 235 235 235 236 235 232 234 235 236 236 236 236 237 237 236 236 235 236 236 236 235 235 235 235 235 235 235 235 235 235 236 236 236 235 235 235 235 235 234 234 234 234 234 234 234 233 233 233 234 234 234 234 234 234 234 235 235 235 236 236 235 235 235 235 233 234 235
233 230 233 232 231 234 234 235 235 236 236 237 235 237 237 237 238 238 238 237 237 237 236 235 235 235 236 234 228 228 232 235 234 235 235 236 236 236 236 236 237 237 237 236 235 235 236 236 235 235 235 235 235 235 235 235 235 235 235 236 236 235 235 235 235 235 234 234 234 234 234 234 233 233 233 234 234 235 235 235 235 235 235 235 235 235 236 236 234 235 236 235 234 235
234 229 231 232 230 235 235 235 233 235 237 236 237 235 236 237 237 238 238 237 237 237 236 235 236 236 234 228 219 226 234 235 235 236 237 236 236 236 236 236 237 237 237 236 231 233 235 236 236 235 235 235 235 235 236 235 235 235 236 236 236 235 235 235 235 235 235 235 234 235 235 234 233 234 234 234 235 235 235 235 235 235 235 236 236 236 236 235 235 235 236 235 234 236
236 228 227 229 232 234 236 234 232 233 237 237 237 235 236 236 237 238 238 237 237 237 237 237 236 235 231 225 224 232 235 236 236 237 237 237 237 237 237 237 237 237 237 236 229 229 236 237 236 236 236 236 235 235 235 235 235 235 236 236 235 235 235 235 235 234 234 234 235 235 235 234 234 234 234 234 235 235 235 235 236 236 236 236 236 236 235 235 235 235 236 235 236 236
237 230 230 230 233 237 237 231 231 230 237 238 238 237 237 236 235 238 238 238 238 238 237 235 235 234 232 230 231 234 234 235 237 238 238 237 237 237 238 237 237 237 238 237 235 234 234 236 236 236 236 236 236 235 235 235 235 236 236 236 235 235 235 235 235 234 235 235 235 235 235 235 234 234 235 235 235 235 235 235 236 236 236 236 236 236 235 236 236 235 236 236 237 237
237 236 236 235 236 237 238 235 237 236 238 238 237 238 238 236 236 238 238 238 238 237 236 235 232 228 222 220 222 229 235 236 237 237 237 237 237 237 237 238 238 238 238 238 237 237 236 235 236 236 237 236 236 236 236 236 236 236 236 236 236 236 235 235 234 235 235 235 235 235 235 235 234 235 235 235 235 236 236 236 236 236 236 236 236 236 236 236 236 236 235 236 236 237
237 238 238 237 237 238 238 237 238 238 238 238 238 238 239 238 238 238 238 238 237 236 235 230 228 220 210 212 221 230 235 236 237 237 236 236 236 237 238 238 238 238 238 238 238 238 237 237 237 237 237 237 236 236 236 236 236 236 236 235 235 235 235 235 235 235 235 234 234 234 234 235 235 235 235 235 235 236 236 236 236 236 236 236 235 236 236 236 236 236 237 237 236 237
239 238 238 238 238 238 238 238 238 238 237 237 238 238 238 239 238 238 238 237 232 223 224 216 216 218 215 219 222 227 230 234 236 237 235 235 236 237 238 238 238 238 238 238 238 238 238 238 238 237 237 237 237 237 236 237 236 236 236 235 235 235 235 235 235 235 235 234 234 234 235 235 235 235 235 236 236 236 236 236 236 236 236 236 236 236 236 237 237 237 237 238 238 238
238 238 238 238 238 238 238 238 238 237 237 236 238 238 238 238 238 238 237 236 228 218 222 218 213 214 222 228 230 231 230 232 234 237 237 237 236 236 237 238 237 238 238 238 238 238 238 238 238 238 237 237 237 237 237 236 236 236 236 235 235 236 235 235 235 235 235 234 235 235 235 235 236 236 236 236 236 236 236 236 236 236 236 236 236 236 236 237 237 237 237 237 238 238
238 238 238 238 238 238 238 238 237 236 237 238 238 238 238 239 238 238 237 236 234 231 228 225 218 224 224 224 224 225 233 236 236 237 239 239 238 237 237 238 238 238 238 238 238 238 238 238 238 238 238 238 238 237 237 237 237 236 236 236 236 236 236 235 236 236 236 235 235 235 235 235 236 236 236 236 236 236 236 236 236 236 236 235 236 237 237 237 237 237 237 238 238 238
238 238 238 237 238 237 237 237 238 236 236 236 238 238 239 238 238 238 237 234 230 231 232 226 226 230 226 228 224 218 223 231 233 238 239 239 239 239 238 238 238 238 238 238 239 238 239 239 239 238 238 238 238 237 237 237 237 237 237 236 236 236 236 236 236 236 236 236 236 236 236 236 236 236 236 236 236 236 236 236 236 237 236 236 237 237 237 237 237 237 238 238 238 238
238 238 238 237 238 238 237 238 238 235 233 234 236 238 239 239 238 237 235 236 235 234 234 234 233 233 233 234 229 223 225 230 234 237 238 239 239 239 239 239 238 238 238 238 239 239 239 239 239 239 238 238 238 237 237 237 237 237 237 237 236 236 236 236 236 236 236 235 235 235 236 236 236 236 236 236 236 236 236 236 236 237 237 236 237 237 237 237 238 238 238 238 238 238
239 239 239 237 238 238 238 238 238 236 232 234 236 238 238 238 238 234 231 232 234 233 237 237 236 237 237 237 235 234 231 232 234 236 237 239 239 239 239 239 239 239 239 239 239 239 239 239 239 239 238 238 238 237 237 237 237 237 236 237 236 236 236 236 236 236 236 234 235 236 236 236 236 235 235 236 236 236 237 236 237 237 237 237 237 237 237 237 237 238 238 238 238 238
239 239 239 238 238 238 239 238 238 238 236 232 234 237 238 238 235 233 232 233 235 235 234 236 238 239 239 238 239 239 238 238 237 237 239 240 239 239 239 239 239 239 239 239 239 239 239 239 239 238 238 238 237 237 237 237 237 237 236 236 236 236 236 236 236 236 236 235 235 235 235 236 236 236 236 236 236 236 237 236 236 237 237 237 237 237 237 237 237 238 238 238 238 238
239 239 238 238 238 237 238 235 237 238 236 231 230 230 237 234 234 235 236 235 236 237 237 236 238 240 239 238 238 237 238 240 239 239 240 240 240 239 239 239 239 240 239 239 239 239 239 239 239 239 238 238 237 237 237 236 236 237 237 236 236 236 236 236 236 236 236 235 235 235 236 236 236 236 236 236 236 237 237 237 236 237 236 237 237 237 237 238 237 237 238 238 238 238
239 239 238 238 238 237 238 237 236 238 236 230 227 224 235 231 233 236 237 237 238 239 239 239 240 240 240 240 240 239 239 241 240 240 240 240 240 240 240 240 240 240 240 240 240 240 239 239 240 239 238 238 237 236 237 236 236 236 236 236 236 236 236 236 237 236 236 235 235 236 236 236 236 236 236 236 237 237 237 237 236 236 237 237 237 237 237 237 237 238 238 238 238 237
240 240 239 239 238 238 238 239 238 235 235 234 231 231 234 236 238 238 238 239 239 239 240 240 240 240 240 239 238 238 239 239 240 241 240 239 239 239 240 240 240 240 240 240 240 240 240 240 240 239 238 238 237 237 237 237 236 234 235 235 236 236 236 236 236 236 236 235 235 235 236 236 235 235 236 236 237 237 236 236 236 237 237 237 237 237 237 238 238 238 238 239 238 238
240 240 240 240 239 236 236 239 238 237 236 236 235 235 236 237 236 235 237 238 239 238 238 239 239 239 239 240 237 236 237 239 240 241 239 239 238 239 240 239 239 239 239 240 239 240 240 240 240 239 239 238 238 238 238 237 237 237 237 236 236 236 236 236 235 235 236 235 235 235 235 236 236 236 236 236 237 236 236 236 235 237 237 238 238 238 238 238 238 238 239 239 239 239
241 241 240 237 232 229 235 238 239 237 236 236 236 236 237 237 237 238 239 239 239 239 239 239 240 240 240 240 239 240 239 240 241 240 240 238 239 239 240 240 239 239 239 240 240 239 240 240 240 239 239 238 239 238 237 236 236 236 236 236 236 236 236 235 235 235 236 234 235 235 235 235 235 235 236 236 236 236 236 236 236 237 238 238 238 238 238 238 238 238 239 239 239 239
241 240 239 232 234 228 232 236 237 237 237 236 233 236 236 237 238 240 240 240 239 240 240 240 241 241 240 241 241 241 241 241 240 239 240 239 240 240 240 240 239 239 240 240 240 240 240 240 240 240 240 240 239 239 238 237 237 236 237 237 237 236 236 236 235 235 235 234 234 234 233 233 233 236 235 234 234 235 235 234 236 237 237 238 238 238 238 238 238 238 239 239 239 239
240 240 238 237 235 233 234 236 237 236 233 231 235 235 237 239 240 240 240 240 239 239 240 240 240 240 240 241 240 241 241 241 240 239 239 240 240 240 240 239 239 239 239 240 240 240 240 240 240 240 240 240 240 240 239 239 238 237 239 237 235 235 235 235 234 234 233 233 233 233 234 233 234 236 235 235 233 233 234 233 233 237 238 238 238 238 238 238 238 238 238 238 239 239
239 235 229 225 219 222 226 229 231 235 231 232 234 236 238 240 240 240 240 241 241 240 241 240 240 240 240 240 240 240 240 240 241 240 240 240 240 240 240 240 239 239 239 239 240 239 240 240 240 240 241 241 240 240 240 240 239 238 239 238 237 233 228 230 228 229 230 231 232 230 232 233 234 235 234 234 233 232 231 232 234 236 237 238 238 238 238 238 237 238 238 239 238 238
229 220 217 210 210 215 225 229 230 232 235 236 237 239 239 241 241 241 241 241 240 240 240 240 240 239 239 238 239 240 240 240 240 240 240 240 240 240 240 240 240 240 240 240 240 240 240 239 240 240 241 241 241 241 241 241 240 240 239 238 238 235 231 229 230 229 230 231 232 228 231 233 234 234 233 232 230 230 233 234 235 235 236 237 238 236 236 235 234 236 238 238 236 234
221 217 224 216 203 221 230 231 235 236 238 239 239 240 241 240 241 240 240 240 239 239 240 239 239 239 239 238 239 240 240 240 240 240 240 239 239 240 240 240 240 240 240 240 240 240 240 240 240 240 241 241 241 241 241 241 240 240 240 240 239 237 237 235 236 236 237 234 228 226 229 232 233 234 231 230 231 233 234 235 235 236 236 237 236 235 236 236 235 237 238 238 236 234
225 227 226 215 205 213 223 231 236 234 232 237 240 241 240 241 240 239 235 238 239 239 240 239 239 237 235 233 234 238 239 240 239 237 238 238 239 240 240 240 240 241 241 241 241 241 241 241 241 241 241 241 241 241 241 241 241 241 240 240 240 239 239 239 238 238 235 229 228 225 227 230 229 231 230 233 234 234 235 236 236 236 235 236 236 237 237 238 238 238 238 238 238 237
232 232 221 213 208 207 212 224 236 238 236 240 241 241 241 241 240 239 238 239 239 239 239 239 237 236 233 232 232 235 239 238 238 237 237 240 240 239 240 240 241 241 241 240 240 240 241 241 241 241 240 241 241 241 241 241 241 241 240 240 240 240 238 237 237 236 236 233 235 234 234 233 228 231 233 234 235 236 237 237 236 236 235 236 237 237 238 238 238 238 238 238 238 238
238 231 219 213 210 208 219 231 235 235 239 240 240 240 241 241 240 240 239 239 239 239 239 238 236 237 236 238 239 237 238 237 238 239 237 239 240 240 240 240 241 240 241 240 240 241 241 240 241 240 240 241 241 241 241 241 241 241 241 241 241 241 238 239 237 235 234 236 236 237 236 235 234 234 235 235 236 237 237 237 237 236 237 237 237 238 238 238 239 238 239 238 238 238
237 235 227 219 213 219 229 237 238 236 237 240 241 241 241 241 240 240 240 239 239 238 238 237 236 237 238 236 239 238 237 238 238 240 239 238 240 240 240 241 241 240 240 240 241 240 241 241 241 240 240 241 241 241 241 242 241 241 241 241 241 241 239 240 238 238 239 240 239 239 238 237 236 236 237 236 237 237 237 238 238 237 237 238 238 238 239 239 239 239 238 239 239 239
235 230 221 225 220 225 236 239 239 239 239 240 241 241 241 240 240 240 240 240 240 239 238 237 236 237 239 237 238 239 240 239 239 240 240 240 239 240 240 241 240 240 241 241 241 241 241 241 240 240 241 241 241 241 241 242 242 241 241 241 241 242 241 241 241 241 241 241 241 241 240 239 238 238 237 237 237 237 238 238 239 238 239 239 238 239 240 239 240 238 238 239 239 239
230 233 232 226 223 232 238 240 240 241 240 240 241 241 241 240 240 240 240 240 240 240 240 238 239 240 241 240 240 241 241 241 240 240 240 240 240 241 241 241 241 241 241 241 241 241 241 241 241 241 241 241 241 241 241 242 242 242 242 242 242 242 241 241 241 242 241 241 241 241 241 240 240 240 240 239 238 238 238 239 239 239 240 240 240 240 240 240 240 239 239 239 239 239
229 225 237 234 229 235 240 242 242 242 241 241 241 241 241 241 241 240 240 240 241 241 240 240 241 240 241 241 241 241 241 241 241 240 241 240 241 241 241 242 242 242 241 241 241 241 241 241 241 241 241 241 241 241 241 242 242 242 242 242 242 242 241 241 241 242 242 241 241 241 241 241 240 240 241 241 240 240 239 240 240 240 240 241 240 240 241 241 240 240 240 240 240 241
238 231 236 240 240 241 242 242 241 242 242 242 241 240 239 240 240 240 240 239 240 238 237 238 239 239 240 241 241 241 241 241 241 241 241 241 241 240 240 241 242 242 241 241 241 241 241 241 241 240 241 241 241 241 241 242 242 242 242 242 242 242 241 241 242 242 242 241 241 241 241 241 241 241 241 241 241 241 239 240 240 240 241 240 240 240 240 241 241 240 240 240 240 241
241 241 242 242 242 242 241 241 242 243 243 242 241 240 237 235 232 233 234 234 235 238 239 240 240 240 240 241 241 241 241 241 242 241 241 241 241 241 240 240 241 242 242 242 241 241 241 241 241 241 242 242 242 242 242 242 242 242 242 243 242 242 241 241 242 242 242 242 242 241 241 241 241 241 241 241 241 241 240 240 240 241 241 239 238 236 237 240 241 240 240 240 240 241
240 238 240 243 243 242 242 242 241 242 243 239 237 237 235 233 234 227 224 224 226 234 239 239 239 240 241 241 241 241 242 241 241 242 242 241 241 241 241 241 242 242 242 242 242 241 241 241 241 242 242 242 242 242 242 242 242 242 242 243 242 242 241 242 242 242 242 242 242 241 242 242 242 241 241 241 241 241 241 241 241 241 241 240 233 233 238 240 241 240 240 239 240 239
237 238 242 243 244 243 243 242 241 243 243 237 231 232 228 234 241 237 233 231 229 230 236 238 239 239 238 240 240 240 242 242 242 242 242 241 242 241 241 241 242 242 242 242 242 242 242 241 241 242 242 242 242 242 242 241 240 242 242 242 243 243 242 242 242 242 242 242 242 242 242 242 242 242 241 241 240 241 241 241 241 241 240 238 237 238 239 240 240 239 238 238 237 237
236 239 242 243 243 244 244 244 244 244 241 239 238 236 234 240 240 241 242 239 239 236 232 233 235 238 238 236 238 240 241 242 242 242 242 242 242 242 242 242 242 242 242 242 242 242 242 242 242 242 242 242 242 242 242 242 242 243 243 243 243 243 242 242 242 242 242 242 242 242 242 243 242 242 241 241 240 240 242 241 241 241 240 236 238 240 241 241 240 239 238 237 237 237
240 238 238 241 243 243 243 244 244 243 238 239 241 240 240 242 240 241 241 242 242 236 233 233 234 239 240 238 241 240 241 242 242 243 242 241 240 242 241 241 242 243 243 242 242 242 242 242 242 242 242 242 242 242 242 242 243 243 243 243 243 243 242 242 242 242 242 242 242 242 242 243 242 241 241 241 241 241 242 242 242 242 242 241 241 241 241 241 240 239 238 237 238 238
230 232 235 238 242 240 241 243 244 243 238 239 241 241 242 241 240 242 242 242 242 240 239 235 235 239 241 241 242 242 242 242 243 243 243 241 241 241 241 241 242 243 243 243 243 243 242 242 242 242 241 241 242 242 242 242 243 243 243 243 243 243 242 242 242 242 242 242 242 242 242 243 242 242 242 241 241 242 242 242 242 242 242 242 241 241 240 241 240 239 238 237 238 239
219 225 234 240 238 234 241 244 245 242 240 240 242 241 242 240 240 242 241 236 237 242 242 240 240 240 239 239 240 242 242 242 243 243 243 241 240 241 242 242 242 243 243 243 243 243 243 243 243 243 242 240 242 242 242 242 242 243 243 243 243 243 242 242 242 242 242 242 242 242 242 243 243 242 242 242 242 242 242 242 242 242 242 242 242 241 241 241 240 240 238 238 238 239
