ecocropFuture/tif/c6/rcp585/ACCESS-CM2/tmin_10.asc
ncols        683
nrows        518
xllcorner    -87.691666666667
yllcorner    10.708333333333
cellsize     0.008333333333
NODATA_value  nan
[rows 294 to 335 of 518, columns 94 to 187 of 683]
234 234 233 231 231 230 229 229 229 228 226 225 227 230 231 231 227 227 225 227 229 233 236 235 236 236 236 236 236 236 237 237 237 238 238 239 239 239 239 239 239 239 239 239 239 238 238 239 239 239 239 239 240 240 241 241 241 241 241 241 241 240 240 240 240 240 240 240 240 239 239 239 237 238 237 236 236 235 233 232 231 229 230 230 229 226 229 233 230 229 227 222 220 221
236 235 234 233 233 232 231 232 232 231 231 231 231 232 232 229 223 219 217 218 221 227 233 235 235 235 235 235 236 235 236 236 237 238 238 239 239 239 239 239 239 239 239 239 239 238 238 239 239 239 239 239 240 239 241 241 241 241 241 241 241 240 240 240 240 240 240 240 240 240 239 239 238 237 235 236 236 235 234 231 232 232 232 233 232 232 233 234 234 231 230 225 222 222
237 236 235 235 234 233 233 233 234 234 234 234 234 233 231 229 225 215 207 211 214 225 232 234 234 234 234 235 236 234 234 234 236 238 238 239 239 239 239 239 239 239 239 239 238 238 238 238 239 239 239 239 240 239 241 241 241 241 241 241 241 241 241 240 240 240 240 240 240 240 240 239 238 237 234 234 234 233 233 234 235 232 234 234 235 233 234 234 235 234 232 230 227 225
237 237 236 236 235 235 234 235 235 235 235 234 234 233 232 229 224 215 211 215 219 228 232 233 233 232 233 233 234 234 234 234 234 237 238 238 239 239 239 239 239 239 239 238 238 238 238 238 238 239 239 239 240 240 241 241 241 241 241 241 241 241 241 240 240 240 240 240 240 240 240 240 239 238 234 234 233 233 232 233 236 235 235 235 236 233 234 235 236 234 230 223 221 227
238 238 237 237 236 236 236 236 236 236 236 235 234 233 232 230 227 223 222 223 225 230 232 232 231 231 231 231 231 233 232 232 233 236 236 237 239 239 238 238 238 238 238 238 237 237 237 238 238 239 239 239 240 240 240 240 240 240 240 241 241 241 241 241 240 240 240 240 240 240 240 240 240 239 235 235 234 235 235 235 236 236 236 236 237 236 236 236 236 234 227 222 220 227
239 238 238 238 237 237 237 237 237 236 236 235 234 234 233 231 231 229 228 229 229 230 230 229 228 228 228 228 229 230 230 231 232 235 236 236 238 238 236 236 237 238 238 238 237 237 237 238 238 239 239 239 240 240 240 240 240 240 240 241 241 241 241 241 240 240 240 240 240 240 240 240 240 240 238 235 235 236 236 236 236 237 236 237 237 237 237 237 236 234 231 227 225 227
239 239 239 238 238 238 237 237 236 236 235 235 234 234 233 232 232 231 230 230 230 229 229 225 220 224 224 224 225 226 228 229 233 235 237 237 238 238 237 236 237 237 237 237 237 237 237 238 238 239 239 239 240 240 240 240 240 240 240 241 241 241 241 241 241 240 240 240 240 240 240 240 240 240 239 235 234 235 235 237 237 237 236 237 238 236 238 237 237 236 234 231 229 229
239 239 239 239 238 238 237 237 236 236 235 235 234 233 232 232 232 231 230 229 229 228 227 225 219 220 216 216 220 222 223 227 231 234 237 238 238 238 238 236 236 236 236 236 236 237 237 238 238 238 239 240 240 240 240 240 240 240 240 241 241 241 241 241 241 241 241 240 241 240 240 240 240 240 238 237 236 237 237 236 237 237 238 238 238 236 236 238 237 237 237 234 232 232
239 239 239 238 238 238 237 237 236 236 235 234 234 233 233 232 231 231 230 229 227 227 226 223 216 216 209 212 213 212 212 220 228 232 235 237 238 238 238 235 235 235 236 236 236 237 237 237 238 238 239 240 240 240 240 240 240 240 240 241 241 241 241 241 241 241 241 241 241 241 241 241 241 241 240 240 239 238 239 239 237 237 238 238 238 238 235 238 238 238 238 237 236 235
238 238 238 237 238 238 237 237 236 236 235 234 234 233 232 231 231 230 229 228 228 227 225 223 220 212 200 204 202 203 206 217 228 234 235 238 238 238 238 237 236 235 235 235 236 236 237 237 238 238 239 240 240 240 240 240 240 240 240 240 240 240 240 240 241 241 241 241 241 241 241 241 241 241 241 241 241 240 240 239 239 238 238 238 239 239 239 239 238 238 237 237 236 234
239 238 238 238 238 238 237 236 236 235 235 234 234 233 232 231 230 229 229 228 227 226 224 224 221 212 205 200 195 200 212 222 230 236 237 238 238 238 237 236 236 234 234 235 235 236 236 237 238 238 239 240 240 240 240 240 240 240 240 241 241 241 241 241 242 242 241 241 242 242 242 242 242 242 242 241 241 241 241 240 240 239 237 237 238 239 239 239 239 238 238 238 235 232
239 238 238 238 238 237 237 237 236 235 235 234 233 233 232 231 231 230 229 228 227 226 225 224 222 218 212 207 207 210 218 225 232 237 238 238 238 238 237 236 234 233 233 234 235 236 237 237 238 238 239 240 240 240 240 240 241 241 241 241 241 241 241 241 242 242 242 242 242 242 242 242 242 242 242 242 241 241 241 241 240 240 240 238 236 238 239 240 238 238 238 238 237 235
239 238 238 238 238 237 237 236 236 235 235 234 234 233 233 232 231 230 229 228 228 227 226 224 223 221 220 217 218 220 222 224 234 237 239 239 235 234 234 234 233 233 233 234 235 236 236 237 237 238 239 240 240 241 241 241 241 241 241 241 241 241 241 241 242 242 242 242 242 243 243 243 243 243 242 242 242 241 241 241 241 241 240 239 237 238 240 240 237 238 238 238 238 236
239 238 238 237 238 238 237 237 236 235 235 234 234 234 233 232 231 231 230 230 229 228 227 227 225 224 223 221 223 226 227 232 235 238 239 239 235 233 228 231 237 239 235 235 235 234 236 237 238 239 239 240 241 241 241 241 241 241 241 241 242 242 242 242 243 243 243 243 243 243 243 243 243 243 243 242 242 242 241 241 241 240 240 240 240 240 240 240 239 239 238 239 238 238
239 238 238 238 237 237 236 236 235 235 234 234 234 233 234 233 232 231 231 230 229 229 228 228 228 228 226 214 218 229 232 234 237 238 240 240 238 235 228 232 238 239 236 232 232 232 233 235 237 238 239 240 241 241 241 241 242 242 242 242 242 242 242 242 242 242 242 242 242 243 243 244 244 243 243 243 242 242 242 241 241 241 241 241 241 240 240 240 240 240 239 239 239 239
239 239 239 238 237 237 237 236 236 235 235 235 234 234 234 233 233 232 231 231 230 230 230 229 229 230 230 226 228 234 235 236 238 239 239 239 239 237 237 239 239 238 234 228 228 230 230 231 234 238 240 241 241 241 242 242 242 242 242 242 242 242 242 242 242 242 242 242 242 244 244 244 244 244 243 243 243 242 242 242 241 241 241 241 241 240 240 240 240 240 240 239 240 240
240 239 238 238 238 237 237 236 236 236 236 235 234 234 235 234 233 233 232 232 231 231 231 230 231 231 232 233 235 237 236 237 239 239 240 240 241 240 237 239 239 235 228 220 218 223 228 230 233 238 240 241 241 242 242 242 242 243 243 243 243 243 243 243 243 243 243 243 243 244 244 244 244 244 243 243 243 242 242 242 242 241 241 241 240 240 240 240 240 240 240 240 240 240
239 239 239 239 238 237 237 237 237 237 236 235 235 235 235 235 234 234 233 233 232 232 232 232 232 232 234 234 234 237 237 238 239 240 241 241 241 241 241 239 236 229 222 207 198 214 225 229 234 235 240 241 242 242 242 243 243 243 243 243 243 243 243 243 243 243 243 243 243 244 244 244 244 244 244 243 243 243 242 242 242 241 241 241 241 241 241 241 240 240 240 240 240 241
240 239 239 238 238 238 238 237 237 237 236 236 236 236 236 235 235 235 234 234 234 233 233 233 233 233 234 235 236 237 238 238 239 240 241 241 241 241 241 240 237 230 219 203 192 211 224 229 233 237 241 242 242 242 243 243 243 243 244 244 244 244 244 244 244 244 244 244 244 245 245 245 244 244 244 244 243 243 243 242 242 241 241 241 241 241 241 241 241 240 240 240 240 241
240 239 238 239 238 238 238 238 238 237 237 237 237 236 236 235 235 235 234 235 235 235 234 234 234 234 234 235 237 237 238 239 240 240 241 241 242 242 242 241 240 234 226 217 213 217 223 226 232 237 240 242 242 243 243 243 244 244 244 244 244 244 244 244 244 244 244 244 244 244 244 244 244 243 244 244 244 243 243 243 242 242 242 241 241 241 241 241 240 240 240 240 240 241
240 240 239 239 239 239 239 238 238 238 238 238 237 237 236 236 236 236 235 236 236 236 235 235 235 235 236 236 237 237 238 239 240 240 241 241 242 242 242 242 241 239 234 230 227 223 224 226 232 240 242 242 243 243 243 243 244 244 244 244 244 244 244 244 244 244 244 244 244 244 244 244 244 243 244 244 244 244 244 243 243 242 242 242 241 241 241 240 240 240 240 240 241 241
239 239 237 239 239 239 239 239 239 239 239 238 238 238 237 237 237 237 236 237 237 237 236 236 236 237 237 237 237 238 238 239 240 241 241 242 242 242 242 242 243 242 241 239 238 234 232 232 236 242 243 243 243 243 243 244 244 244 244 244 244 244 244 244 244 244 244 244 244 244 244 244 244 244 244 244 244 244 244 244 243 243 243 242 242 241 241 240 240 240 241 241 241 241
237 237 236 238 239 240 240 240 240 240 239 239 239 238 238 238 238 237 237 238 238 238 237 237 237 237 238 237 238 238 238 239 239 241 241 242 242 243 243 243 243 243 243 243 242 242 242 242 242 243 243 243 243 243 244 244 244 244 244 244 244 244 244 244 244 244 244 244 244 244 244 244 244 244 245 245 244 244 244 244 244 243 243 243 242 242 241 241 241 240 240 241 242 242
235 236 236 239 240 240 240 240 240 240 240 240 239 239 239 239 239 238 238 239 239 239 238 238 238 238 239 238 238 237 239 240 239 239 241 242 243 243 243 243 244 244 244 244 244 244 244 244 244 243 243 243 244 244 244 244 244 244 244 244 244 244 244 244 244 244 244 244 244 244 244 244 244 244 245 245 245 245 245 244 244 244 244 243 243 242 242 241 240 240 240 241 242 242
232 233 236 240 240 241 241 241 241 241 241 240 240 240 240 240 239 239 239 239 239 238 238 238 238 238 238 238 238 238 239 240 239 240 241 242 243 243 243 244 244 244 244 244 244 244 244 244 244 244 244 244 244 244 244 244 244 244 244 244 244 244 244 244 244 244 244 244 244 244 244 244 244 244 244 244 244 244 244 245 245 244 244 244 243 242 242 241 240 240 240 241 242 242
236 234 235 239 241 241 241 241 241 241 241 241 240 240 240 240 240 240 240 239 239 239 239 239 239 239 239 239 239 240 240 240 240 240 241 242 243 243 243 244 244 244 244 244 244 244 244 244 244 244 244 244 244 244 244 244 244 244 244 244 244 244 244 244 244 244 244 244 244 244 244 244 244 244 244 244 244 244 244 245 245 245 244 244 243 243 242 241 241 240 240 242 242 243
240 240 235 236 240 242 241 242 242 242 242 241 241 241 241 241 241 240 240 240 240 240 240 240 240 240 240 240 240 240 241 241 241 241 240 242 243 243 243 244 244 244 244 244 244 244 244 244 244 244 244 240 238 244 244 244 244 244 244 244 244 244 244 244 244 244 244 244 244 244 244 244 244 244 244 244 244 244 244 245 245 245 245 244 243 243 242 242 241 241 241 242 243 244
242 239 240 239 238 242 240 241 242 242 242 242 242 242 241 242 241 241 241 241 241 240 240 240 240 240 240 240 240 241 241 241 241 241 241 241 242 243 243 244 244 244 244 244 244 244 244 244 244 244 244 242 242 244 244 244 244 244 244 244 244 244 244 244 244 244 244 244 244 244 244 244 244 244 244 244 244 244 244 245 245 245 245 245 244 243 242 242 241 241 242 243 244 244
241 242 240 241 242 242 241 240 240 242 242 242 242 242 242 242 242 242 242 241 241 241 241 241 241 241 241 241 241 242 242 242 242 241 241 242 242 243 243 244 244 244 244 244 244 244 244 244 244 244 244 244 244 244 244 244 244 244 244 244 244 244 244 244 244 244 244 244 244 244 244 244 244 244 244 244 244 245 245 246 245 245 245 245 244 243 243 242 241 242 243 244 244 245
244 244 243 243 243 243 243 242 240 240 243 243 243 243 243 243 242 242 242 242 242 242 242 242 242 242 242 242 242 242 241 241 241 241 242 242 242 243 243 243 244 244 244 244 244 244 244 244 244 244 245 244 244 244 244 244 244 244 244 244 244 244 244 244 244 244 244 244 244 244 244 244 244 244 244 244 245 245 245 245 245 245 245 244 245 244 243 242 242 243 243 244 245 245
245 244 243 243 243 243 243 242 242 242 243 243 243 243 243 243 243 243 243 243 242 242 242 242 242 242 242 242 242 242 242 241 241 241 242 242 242 243 243 243 244 244 244 244 244 244 244 244 244 244 244 244 244 244 244 244 244 244 244 244 244 244 244 244 244 244 244 244 244 244 244 244 244 244 244 244 245 245 245 245 245 245 245 245 245 244 243 243 243 244 244 245 245 245
245 245 245 244 244 242 243 243 242 243 244 244 243 244 244 244 243 243 243 243 243 243 243 243 243 243 242 242 242 242 242 242 242 241 242 242 243 243 243 243 243 244 244 244 244 244 244 244 244 244 244 244 244 244 244 244 244 244 244 244 244 244 244 244 244 244 244 244 244 244 244 244 244 244 244 244 245 245 245 245 245 245 245 245 245 244 244 244 244 244 245 245 245 246
246 245 246 245 244 244 244 244 243 244 244 244 244 244 244 244 244 244 244 244 243 244 243 243 243 243 243 243 243 242 242 242 242 242 243 243 243 243 243 243 243 243 243 244 244 244 244 244 244 244 244 244 244 244 244 244 244 244 244 244 244 244 244 244 244 243 243 243 243 243 243 244 244 244 244 244 245 245 245 245 245 245 245 245 245 245 245 245 245 245 245 245 246 246
246 246 245 244 245 246 245 245 244 244 244 244 244 244 244 244 244 244 244 244 244 244 244 244 244 243 243 243 243 243 243 242 242 242 243 243 243 243 243 243 242 242 242 243 243 243 244 244 244 244 244 244 244 244 244 244 244 244 244 244 244 244 244 244 243 243 243 243 243 243 243 243 243 244 244 244 244 245 245 245 245 245 245 245 246 245 245 245 245 245 246 246 246 246
246 246 245 246 246 246 246 246 245 245 244 245 244 245 245 245 245 245 244 244 244 245 244 244 244 244 244 244 243 243 243 243 242 242 242 242 242 242 242 242 242 242 241 241 242 243 243 243 243 243 243 244 244 244 244 244 244 244 244 244 244 244 244 243 243 243 242 242 242 242 243 243 243 244 244 244 244 245 245 245 245 245 245 245 245 245 245 245 245 246 246 246 246 246
nan nan 246 246 246 246 246 246 246 246 245 245 245 245 245 245 245 245 245 245 245 245 244 244 244 244 244 244 244 243 243 243 243 242 242 242 242 242 241 242 242 241 241 240 240 241 241 242 242 243 243 243 244 244 244 244 244 244 244 244 244 244 243 243 242 242 241 241 241 241 242 243 243 244 244 244 245 245 245 245 245 245 245 245 245 245 245 245 245 246 246 246 246 247
nan nan nan nan 246 247 247 247 246 246 246 246 246 246 246 246 246 246 245 245 245 245 245 245 245 244 244 244 244 244 243 243 243 242 242 242 242 241 241 242 241 241 241 240 240 239 239 239 240 241 242 243 243 244 244 244 244 244 244 244 244 243 243 242 242 239 239 240 238 240 241 242 243 244 244 244 245 245 245 245 245 245 245 245 245 245 245 245 245 246 246 246 247 247
nan nan nan nan nan 247 247 247 247 247 247 246 246 246 246 246 246 246 246 246 246 245 245 245 244 245 245 243 243 243 243 243 243 243 242 242 242 241 241 241 241 241 240 240 239 238 238 237 239 239 241 241 242 243 243 244 244 243 243 243 243 243 242 241 240 237 237 233 232 236 239 241 242 244 244 244 245 245 245 245 245 245 245 246 246 246 245 245 245 247 247 247 247 247
nan nan nan nan nan nan nan 248 248 247 247 247 247 247 247 247 247 247 246 246 246 246 245 245 245 245 244 243 243 243 243 243 243 242 242 242 241 241 241 241 241 240 240 240 239 238 238 237 236 237 239 238 239 241 242 243 243 243 243 243 243 242 241 240 239 236 232 235 234 230 232 236 242 244 244 245 245 245 245 245 245 245 246 246 246 246 246 246 246 247 247 247 247 247
nan nan nan nan nan nan nan nan 248 248 248 248 248 247 247 247 247 247 247 247 247 247 246 246 245 245 244 243 243 242 243 243 243 243 242 242 241 241 240 240 239 239 239 238 239 238 237 237 236 235 236 236 236 239 239 241 243 243 243 243 242 242 241 239 237 233 234 244 244 232 228 234 242 244 245 245 245 245 245 245 245 246 246 246 246 246 246 246 246 246 246 246 246 246
nan nan nan nan nan nan nan nan nan nan 248 248 248 248 248 248 247 247 247 247 247 247 247 246 245 245 243 242 243 243 243 243 243 242 242 242 241 241 240 240 239 238 238 238 238 238 237 236 235 234 234 235 234 235 237 238 241 242 243 243 242 242 240 239 237 234 231 239 241 234 235 237 241 243 245 245 245 245 245 245 245 246 246 246 246 246 246 246 246 246 246 246 246 246
nan nan nan nan nan nan nan nan nan nan nan 248 248 248 248 248 248 247 247 247 247 247 247 245 245 245 243 242 242 243 242 243 242 241 242 241 241 241 240 239 239 238 237 237 238 237 236 235 235 234 233 232 232 231 230 235 240 241 242 242 242 242 241 240 238 237 234 232 232 241 243 241 243 243 245 245 245 245 245 246 246 246 246 246 246 246 246 246 246 246 246 246 246 246
