ecocropFuture/tif/c6/rcp585/ACCESS-CM2/tmin_11.asc
ncols        683
nrows        518
xllcorner    -87.691666666667
yllcorner    10.708333333333
cellsize     0.008333333333
NODATA_value  nan
[rows 168 to 209 of 518, columns 188 to 281 of 683]
190 192 189 189 189 187 180 177 181 184 188 194 199 198 194 190 187 182 183 185 184 181 185 184 184 189 196 190 189 198 201 204 203 207 208 210 210 207 207 206 202 196 195 190 182 171 162 163 175 176 168 171 168 174 179 182 186 188 184 185 185 191 196 197 196 199 199 202 202 198 201 205 202 200 207 210 209 209 208 208 208 208 208 209 208 202 200 203 201 195 193 197 193 198
192 189 188 188 186 188 182 177 179 186 192 196 200 200 193 186 182 178 177 175 177 173 177 177 178 185 187 180 184 191 198 204 206 206 207 210 208 205 203 200 200 199 196 190 186 178 166 156 164 168 160 162 162 169 180 183 180 184 186 187 189 193 197 201 199 199 202 201 196 193 198 204 204 205 208 209 209 208 206 206 205 206 205 208 208 207 205 206 201 200 195 197 193 199
188 187 184 188 184 185 183 179 183 188 195 197 201 197 193 186 174 171 175 168 170 173 177 181 189 186 176 177 182 186 197 203 206 204 207 209 207 206 201 196 198 197 193 189 182 176 169 156 161 165 154 153 155 159 170 176 180 185 191 191 192 193 198 200 200 199 199 194 197 198 200 202 205 207 209 207 208 205 202 206 204 204 207 208 205 208 207 205 202 203 199 200 202 205
182 180 181 184 183 182 182 186 190 193 195 200 202 197 190 181 175 181 177 169 176 178 181 183 191 181 169 168 173 183 196 203 205 203 204 208 206 205 201 194 192 193 189 189 185 174 161 154 152 163 160 150 152 156 164 173 184 188 184 187 191 192 190 190 188 190 193 194 196 198 201 204 207 207 209 206 205 203 200 202 202 202 204 206 207 208 200 205 202 204 204 206 209 210
177 177 178 177 179 178 180 189 192 194 197 201 202 195 183 173 176 184 185 179 183 178 186 189 190 178 165 167 173 180 193 202 203 201 206 209 207 202 202 196 191 188 186 185 182 174 163 151 151 159 156 150 151 159 170 177 182 182 184 187 187 187 185 185 186 188 191 194 196 201 203 206 207 209 209 208 207 202 200 198 200 202 205 208 207 206 198 204 206 204 206 207 208 205
170 174 176 179 182 183 184 189 193 196 198 203 201 193 179 176 175 180 189 183 188 182 193 193 188 174 170 172 174 184 195 201 202 203 206 207 208 204 204 196 191 190 188 183 182 176 172 153 149 149 152 145 149 158 164 172 177 181 184 186 182 181 185 185 185 189 191 192 192 196 203 207 208 209 207 207 205 199 197 199 203 204 202 208 206 207 204 207 209 207 207 207 208 201
176 183 187 189 191 188 191 185 193 196 200 203 203 193 182 185 179 186 192 190 192 191 198 195 188 172 174 186 187 193 197 200 201 202 206 208 208 206 204 203 196 194 193 189 188 183 175 162 152 144 146 147 151 155 163 171 176 181 184 186 185 186 187 181 178 183 184 183 187 192 199 204 209 209 206 205 204 203 197 200 205 206 207 204 200 204 203 205 209 210 209 208 203 199
180 182 186 189 190 195 193 192 197 198 202 201 204 198 194 190 186 193 195 192 193 197 200 197 190 174 177 190 196 198 199 199 202 204 205 209 207 206 203 200 200 198 196 193 187 181 175 156 144 146 152 155 154 159 166 175 175 178 180 184 187 189 186 183 180 180 180 185 188 194 199 205 208 207 204 204 204 201 195 199 205 206 207 201 195 197 197 202 202 206 210 205 198 204
175 181 186 188 191 192 194 197 199 200 198 192 201 204 197 194 189 198 192 190 193 198 203 201 196 186 181 190 199 201 201 200 203 204 204 206 209 208 199 195 199 201 199 194 184 175 165 151 153 150 148 161 163 167 174 179 176 176 177 180 184 191 191 188 183 182 183 187 192 195 203 208 207 204 198 199 200 200 193 196 206 208 205 200 195 197 196 196 201 205 210 209 202 201
175 176 181 181 189 190 190 192 194 197 194 188 198 203 203 199 199 201 199 198 200 202 204 200 201 197 194 193 201 203 202 203 202 204 206 203 204 208 200 195 198 203 201 195 185 170 160 157 168 163 158 158 170 174 176 181 179 177 177 180 182 191 194 191 182 184 184 188 193 202 207 205 205 205 203 203 199 198 197 200 206 207 204 203 196 192 192 201 201 204 206 211 211 205
177 175 171 179 187 184 182 183 187 187 189 193 200 203 205 204 205 204 202 200 203 205 205 204 204 203 201 201 202 203 204 206 203 202 205 207 206 204 203 203 203 202 200 195 188 179 171 170 176 172 170 167 170 178 180 183 180 180 180 180 182 188 194 193 185 186 186 190 194 205 207 201 205 203 204 203 200 201 202 203 203 206 206 205 201 197 200 202 207 208 210 211 212 212
178 179 175 176 175 172 170 175 181 192 196 197 201 205 207 205 205 205 203 203 205 205 206 206 205 205 204 203 204 203 204 206 207 205 205 208 206 201 201 207 206 204 202 197 192 184 178 178 182 179 176 174 172 177 183 186 182 179 183 184 183 189 195 196 189 188 192 192 198 207 205 201 202 200 197 200 195 203 202 197 203 204 204 202 200 194 196 199 205 209 209 210 211 213
180 177 174 169 174 178 179 188 191 199 203 204 205 206 207 206 207 206 205 204 206 206 206 206 207 205 207 205 207 201 203 205 208 208 208 207 206 207 207 208 207 206 203 198 196 192 184 184 186 185 182 181 177 177 184 188 187 182 187 186 186 185 194 196 191 191 195 196 205 205 203 204 200 192 193 197 199 202 199 197 201 203 202 201 197 193 197 200 204 208 209 211 212 212
182 180 168 166 181 191 191 197 202 203 203 204 206 205 204 206 207 207 206 205 205 204 206 206 207 206 207 208 208 205 205 206 207 201 205 207 206 208 209 208 207 205 203 201 200 197 188 190 192 188 186 185 180 182 183 186 189 190 189 186 189 189 194 196 194 195 198 203 205 199 199 200 195 194 188 194 196 196 196 198 194 201 196 201 194 195 199 203 207 208 210 211 212 212
185 180 170 166 176 188 199 202 205 204 203 204 205 204 205 205 206 206 206 206 203 203 205 206 206 205 208 208 208 208 206 207 206 198 198 205 206 207 207 206 207 204 200 203 203 196 191 192 194 191 191 185 178 181 186 187 188 194 194 190 192 194 194 197 196 197 203 204 205 200 199 198 193 192 189 183 191 190 191 194 193 197 190 198 196 199 202 205 204 209 210 211 212 212
185 185 180 173 180 195 204 204 203 201 202 204 203 203 202 202 203 204 204 205 206 205 205 206 207 207 209 208 206 205 202 201 203 202 200 202 205 206 205 206 207 207 205 204 204 200 198 198 198 195 193 187 181 181 184 189 188 194 196 191 194 197 196 196 198 199 202 203 198 202 201 198 197 194 187 182 183 186 185 188 188 188 185 192 196 198 199 197 200 206 210 211 212 212
177 189 183 185 193 201 203 201 195 196 196 195 198 200 200 200 202 203 204 202 203 206 207 207 206 208 209 203 196 202 202 199 199 199 200 198 205 205 201 204 206 206 205 203 204 202 201 199 198 196 194 185 185 188 185 189 194 195 197 191 193 197 198 197 199 202 202 196 194 201 200 199 198 195 188 184 186 191 187 183 181 182 185 188 188 188 190 182 188 199 209 212 212 213
179 191 192 186 196 203 197 199 192 189 186 183 186 195 200 202 203 204 205 204 205 206 207 207 206 209 207 194 193 201 202 196 198 199 199 199 204 205 200 200 203 204 207 206 206 205 204 200 198 196 192 189 189 193 190 189 195 197 198 197 197 197 198 199 199 202 198 196 195 197 202 201 200 195 190 190 191 193 191 186 180 177 180 176 173 178 177 173 183 199 208 211 212 212
184 189 195 191 198 200 198 198 194 192 183 178 186 196 201 203 202 203 202 203 202 204 206 207 208 208 206 197 195 197 200 198 192 194 198 197 202 204 201 199 202 202 206 207 207 206 206 203 194 190 189 192 192 194 196 194 192 197 197 199 198 199 198 198 203 201 196 195 194 194 197 198 199 196 197 196 194 187 182 183 181 180 180 171 169 173 172 185 194 202 208 210 211 212
188 190 192 198 198 193 197 196 190 185 185 182 185 196 200 201 201 202 202 201 202 204 205 205 206 208 207 203 194 191 195 197 192 193 196 199 200 202 200 199 200 204 206 203 199 201 204 203 198 193 192 193 195 196 197 194 195 197 200 199 198 197 198 198 202 199 196 195 193 194 194 194 200 198 194 191 186 179 176 173 173 178 182 181 183 185 186 191 200 202 208 207 208 213
192 195 198 200 190 187 185 185 183 179 181 183 182 194 199 199 199 199 201 199 202 204 202 203 205 208 206 204 198 196 196 195 195 193 196 198 199 199 199 201 201 205 204 200 196 198 200 205 203 199 196 197 198 197 197 199 199 200 200 199 196 196 196 197 197 199 196 193 192 191 193 193 200 196 188 182 180 181 177 171 170 177 182 187 187 193 195 199 202 207 209 208 210 213
196 199 198 194 187 182 177 174 177 172 174 180 183 191 193 198 198 200 201 198 202 204 201 203 204 208 206 205 201 197 194 193 194 198 195 197 199 196 199 203 203 205 197 187 192 200 203 204 203 203 203 200 200 200 200 201 201 197 198 200 195 198 195 195 193 196 199 192 189 190 193 198 197 189 185 183 181 179 173 170 172 179 183 191 191 193 195 197 203 207 207 206 212 213
196 194 195 188 180 174 172 173 173 171 172 177 181 188 192 196 199 200 197 200 202 203 202 203 205 206 207 203 201 198 199 198 197 198 199 200 201 202 202 203 205 203 190 185 188 199 202 201 201 201 201 201 199 202 201 200 201 198 197 199 197 199 197 193 192 198 195 191 189 190 194 193 191 190 187 181 176 175 174 173 178 183 187 192 196 196 195 201 204 205 205 210 212 213
194 188 193 188 179 175 174 179 175 174 175 176 180 186 191 195 198 194 194 199 200 201 202 202 201 204 206 205 203 200 201 196 196 197 197 196 196 200 199 200 205 200 193 187 191 197 193 189 197 200 202 201 198 198 196 196 200 201 197 197 199 199 195 190 193 197 191 190 188 190 192 189 186 186 183 178 177 174 172 176 182 187 189 190 193 197 198 199 201 203 206 209 210 211
186 185 187 189 182 183 183 179 174 175 179 179 183 185 191 195 195 190 194 196 197 198 198 201 203 207 205 204 204 204 197 193 191 192 188 187 196 200 201 202 204 202 198 193 194 198 191 195 199 202 203 200 199 196 196 196 198 198 195 198 200 199 193 188 191 196 193 189 189 188 182 183 183 179 178 179 176 173 174 174 181 188 190 186 188 195 199 198 202 207 209 208 211 212
178 182 181 182 187 183 186 183 180 180 181 182 181 180 189 189 194 191 194 197 201 202 201 199 202 207 203 200 202 202 197 195 186 179 181 185 191 197 202 204 204 201 201 199 199 199 195 196 199 200 203 202 199 197 195 196 196 197 194 197 199 198 193 189 193 195 195 190 188 184 177 174 177 177 179 180 179 174 175 175 181 189 188 185 188 192 198 201 201 208 211 209 207 210
175 178 172 176 182 182 180 183 181 182 181 181 179 177 185 190 197 200 202 204 205 205 205 204 205 204 199 197 199 198 200 194 184 180 184 188 189 193 202 201 198 196 197 201 199 197 189 193 196 193 199 202 200 198 196 196 196 194 195 195 199 196 189 189 196 194 194 192 188 184 179 171 177 179 183 184 179 176 177 178 187 191 188 185 182 193 196 201 201 208 209 211 208 210
166 168 168 172 175 181 177 179 183 180 178 178 177 176 186 194 199 201 203 205 206 206 206 207 206 203 200 194 191 197 198 191 183 182 186 192 195 197 202 195 186 186 191 199 199 190 187 192 193 194 198 201 203 199 198 198 196 190 196 198 199 192 186 186 195 193 190 190 188 187 181 175 179 181 187 183 180 180 175 181 190 188 184 182 181 186 195 202 199 200 203 208 211 211
163 167 171 174 176 180 178 181 181 177 174 172 175 181 190 197 200 202 203 204 205 206 206 207 206 205 202 197 192 192 195 192 184 175 181 189 195 200 201 192 186 187 192 197 197 189 189 189 191 194 197 198 203 202 200 197 196 195 196 198 197 189 185 185 192 193 189 188 186 185 182 176 178 184 186 183 183 178 177 185 191 181 180 177 183 190 186 200 201 202 203 208 212 212
167 172 175 178 181 178 177 178 178 176 173 170 177 186 193 197 200 202 203 204 205 205 206 206 206 205 204 201 192 189 186 187 183 171 173 182 194 199 200 196 191 190 194 196 195 190 186 187 189 194 197 197 201 203 201 200 199 198 198 198 195 186 183 184 192 189 185 187 185 183 181 176 178 184 187 186 181 174 176 186 192 184 182 180 181 191 197 201 201 202 208 211 212 213
169 172 177 179 181 177 173 175 174 174 170 167 178 188 193 197 200 202 202 203 204 205 205 206 205 204 202 200 197 192 187 179 178 176 174 179 187 197 191 188 193 190 192 194 192 186 182 187 191 192 194 196 200 201 202 202 200 197 198 198 193 186 184 185 191 187 180 181 186 184 180 176 180 186 188 185 183 180 179 189 193 188 186 185 179 188 200 203 200 204 208 212 211 213
175 171 174 175 180 177 172 169 163 164 167 167 174 187 193 197 200 201 202 203 204 204 205 205 204 203 201 195 186 186 187 179 178 181 181 183 189 197 186 184 191 186 183 186 187 185 177 182 187 188 192 196 197 196 201 202 201 198 197 198 192 187 184 187 190 187 183 181 185 186 185 182 183 188 187 184 185 185 184 186 195 193 190 185 181 183 196 203 204 203 209 209 211 213
173 169 171 174 175 176 175 164 164 164 169 174 176 188 194 198 200 200 202 203 203 204 205 204 203 202 198 192 180 176 178 180 177 183 189 190 196 191 182 183 188 187 183 179 179 174 169 172 176 183 189 194 193 194 199 200 199 197 196 196 191 185 185 189 190 186 184 180 183 179 184 185 184 188 189 189 192 190 183 187 193 198 192 189 184 182 188 196 201 205 206 204 210 212
178 174 172 173 172 169 172 171 168 168 171 178 179 186 193 196 198 199 201 202 203 204 203 203 202 199 194 186 176 170 174 179 182 184 189 195 197 187 185 185 183 180 183 182 181 177 170 164 175 179 184 190 194 198 197 195 197 193 193 194 193 185 185 189 190 184 183 179 181 176 178 180 182 188 191 191 197 193 187 185 192 197 187 190 188 184 184 191 201 206 206 206 210 210
174 170 170 171 171 167 167 168 167 169 176 180 184 186 192 196 198 200 201 203 203 202 202 201 199 196 186 174 169 172 174 178 181 186 188 192 197 192 190 184 177 179 180 177 171 172 168 163 174 177 186 192 195 196 191 190 191 190 190 192 193 187 184 189 190 185 179 174 177 176 173 176 177 185 193 197 199 197 191 190 190 198 188 192 192 187 184 192 201 206 207 206 204 202
169 165 167 170 170 169 162 163 163 165 174 181 185 190 190 193 198 199 201 202 201 201 200 198 196 193 185 174 169 170 174 173 173 180 185 186 193 192 191 184 182 182 180 181 178 174 164 162 168 178 186 192 193 193 188 185 185 186 186 190 189 187 182 188 188 184 180 173 170 172 169 172 178 183 189 199 204 200 194 197 191 199 194 195 193 187 185 196 203 207 207 204 199 194
168 166 168 169 170 167 162 158 161 163 167 174 181 186 185 188 192 197 200 201 199 198 197 196 192 185 178 170 167 169 171 171 176 178 184 187 191 189 191 189 187 185 187 186 183 174 172 166 171 179 187 191 192 189 185 177 178 178 181 185 181 179 180 184 188 184 177 173 169 171 173 176 179 183 188 195 201 205 201 196 192 196 201 199 195 185 186 199 205 207 205 202 198 193
160 162 162 165 170 169 163 159 162 166 166 170 174 180 179 176 179 190 197 199 196 194 194 192 189 182 172 169 168 168 169 172 174 175 181 184 192 193 193 192 190 189 190 189 186 181 174 167 168 175 183 187 186 182 178 173 168 165 174 179 180 180 182 186 187 185 177 170 175 174 174 179 181 183 189 193 199 206 204 198 201 202 199 195 195 187 186 195 203 207 205 202 197 195
154 153 161 165 169 169 166 163 166 167 170 172 173 174 173 171 172 180 194 193 191 188 186 185 182 177 167 169 170 168 168 170 171 173 180 185 188 179 187 190 193 190 186 187 187 183 176 165 162 173 177 183 178 176 173 166 164 158 164 171 179 183 183 182 185 182 180 176 180 183 177 182 183 184 188 192 195 199 206 204 207 205 202 197 193 187 186 192 200 207 205 206 200 197
148 153 163 166 168 169 168 167 166 168 169 170 172 175 173 172 173 180 192 188 181 176 176 175 171 169 169 171 169 169 171 172 174 175 181 185 182 174 177 185 191 192 189 187 187 185 175 172 170 169 172 175 175 163 163 157 158 156 161 172 177 180 179 178 177 179 180 185 182 186 180 183 188 188 185 187 192 197 201 209 210 209 203 197 190 192 192 196 202 207 198 203 203 201
149 153 160 163 164 166 167 166 167 168 167 167 170 175 176 178 176 187 182 185 175 169 170 170 170 168 170 171 169 168 170 169 173 178 181 179 176 175 175 182 188 190 186 179 183 185 182 179 174 162 163 167 159 148 149 156 165 165 158 167 175 180 179 179 180 184 182 185 190 190 187 185 191 194 188 189 191 199 201 202 211 211 199 193 192 194 201 203 206 209 199 201 203 207
144 146 153 156 161 164 165 168 169 169 167 170 172 175 175 173 181 179 176 174 174 168 170 170 170 170 171 172 171 168 170 171 169 171 173 171 172 172 174 181 183 186 187 181 176 184 180 175 171 158 151 152 145 142 154 163 170 172 167 174 177 183 181 182 185 191 191 190 192 194 192 189 188 197 195 194 195 198 205 204 208 212 207 200 201 200 205 209 210 208 202 198 199 206
