ecocropFuture/tif/c6/rcp585/ACCESS-CM2/tmin_7.asc
ncols        683
nrows        518
xllcorner    -87.691666666667
yllcorner    10.708333333333
cellsize     0.008333333333
NODATA_value  nan
[rows 126 to 167 of 518, columns 376 to 469 of 683]
215 222 236 237 234 232 236 240 243 240 240 239 239 241 241 239 239 241 236 232 236 239 240 241 243 242 243 242 241 241 242 242 241 242 242 242 241 241 242 242 242 242 242 242 241 241 241 241 241 241 240 240 240 241 241 241 242 242 242 242 242 242 242 242 242 242 242 242 242 242 242 243 243 243 242 242 242 242 242 242 242 242 242 242 241 241 240 240 238 238 238 238 238 238
218 226 235 233 234 232 233 242 242 241 242 241 242 242 239 240 239 238 237 238 239 240 243 242 243 243 244 244 244 243 243 243 242 242 242 242 242 242 242 242 242 242 242 242 242 241 241 241 241 241 241 241 241 242 241 242 242 241 242 242 242 242 242 242 242 242 242 242 242 242 242 243 243 243 242 242 242 242 241 241 242 242 242 242 242 241 241 240 238 238 239 238 239 240
226 228 227 231 234 234 238 243 241 240 243 243 243 243 240 241 240 239 238 241 242 241 241 242 243 243 243 242 243 242 242 242 242 242 242 242 242 242 242 242 242 242 242 242 241 241 241 241 240 241 241 240 241 241 241 240 241 241 241 242 242 242 242 242 242 242 242 242 242 242 242 243 243 243 242 242 243 243 242 241 241 241 241 240 240 240 241 240 240 240 240 239 240 240
234 230 226 229 234 236 241 244 243 242 243 244 243 243 242 242 242 242 241 240 243 243 243 243 244 244 244 243 243 242 242 242 242 242 242 242 242 242 242 242 242 242 242 242 242 241 241 241 240 240 241 240 241 241 240 241 241 241 241 242 242 242 242 242 241 242 242 242 242 242 243 243 243 243 243 243 243 243 243 242 242 242 241 240 239 239 240 241 241 241 242 242 242 241
237 230 224 226 233 240 242 243 244 243 243 244 244 244 244 243 242 242 243 240 243 244 244 244 244 244 244 243 243 243 243 242 242 242 242 242 242 242 243 243 242 242 242 242 242 242 242 241 241 241 241 241 240 240 240 240 240 241 241 242 242 242 242 242 242 242 242 242 242 242 243 243 243 243 243 243 243 243 243 243 242 243 242 240 240 240 242 242 241 240 241 243 243 243
238 230 225 231 236 240 242 243 244 244 244 244 244 244 243 241 241 243 244 242 244 244 244 244 244 244 244 243 243 243 243 243 243 243 243 242 242 242 243 243 242 242 242 242 242 242 242 242 241 241 241 241 241 241 241 241 241 241 241 242 242 242 242 242 242 242 242 242 242 243 243 243 243 243 243 243 243 243 243 243 243 243 243 243 243 243 242 241 242 242 242 242 243 243
236 234 229 230 237 240 243 243 243 243 243 245 245 245 244 243 242 243 244 244 244 244 244 244 244 244 244 243 243 241 243 243 243 243 243 242 242 243 243 243 243 243 243 242 242 242 242 242 242 241 241 241 241 241 240 238 241 241 240 241 242 242 242 242 242 242 242 242 242 242 243 243 243 243 244 244 244 243 243 243 243 243 243 242 242 241 240 239 241 243 243 243 244 244
240 237 235 234 237 240 243 244 244 244 244 244 244 245 244 245 245 244 245 244 244 244 243 242 243 243 243 243 242 242 243 243 243 243 242 243 243 243 243 243 243 243 243 243 242 242 242 242 242 241 241 240 240 240 239 238 241 241 240 240 241 242 242 242 242 242 242 242 242 242 242 243 243 243 243 244 244 244 243 243 243 243 243 243 242 241 240 240 240 241 243 244 244 244
240 234 231 232 238 242 243 244 245 245 244 244 244 244 244 244 244 245 245 245 244 244 243 241 242 243 243 243 242 242 243 243 243 242 243 243 243 243 243 243 243 243 243 242 242 242 242 242 242 241 240 239 240 240 238 240 241 241 242 240 241 242 242 242 242 242 241 241 242 242 242 243 243 243 244 244 244 244 244 244 244 243 242 244 244 242 242 242 242 243 244 244 245 245
242 240 238 236 237 241 243 245 244 244 243 243 243 243 244 244 244 244 245 245 244 244 243 243 243 243 243 243 243 243 243 243 243 242 242 243 243 243 243 243 243 243 243 243 242 243 242 242 242 242 241 241 241 240 241 240 241 241 241 242 242 242 242 242 242 242 242 241 242 242 242 242 243 243 244 244 244 244 244 244 244 244 243 244 244 244 244 244 244 244 245 245 245 245
240 243 243 241 236 237 243 244 244 243 243 243 243 242 244 244 244 245 244 245 244 244 243 243 243 243 243 243 243 243 243 243 243 243 243 243 243 243 243 243 243 243 243 243 243 242 242 242 242 242 241 241 241 241 241 242 242 242 242 242 242 242 242 241 242 242 242 239 239 241 242 242 243 243 243 244 244 244 244 244 244 245 244 244 244 244 244 245 245 245 245 245 246 246
240 240 240 242 243 243 244 244 243 243 243 244 244 244 244 244 245 245 245 245 244 244 243 243 243 243 243 243 243 243 243 243 243 243 243 243 243 243 243 243 243 243 243 243 243 242 242 242 242 241 241 241 242 242 242 242 242 242 242 242 242 242 242 242 242 242 242 241 237 241 243 243 243 243 243 243 244 244 244 244 244 245 245 244 244 244 245 245 245 245 246 246 246 246
234 233 231 237 241 242 240 243 243 243 243 244 244 244 244 244 244 245 245 245 244 244 243 244 244 244 244 244 243 243 243 243 243 244 244 243 243 243 243 243 243 243 243 243 242 242 242 242 242 241 239 241 242 241 242 242 241 242 242 242 242 243 242 242 242 242 243 243 240 241 243 243 243 243 243 243 243 244 244 244 244 244 245 244 245 245 245 245 245 246 246 246 246 246
231 225 220 226 235 240 238 242 244 244 244 244 244 244 244 244 245 245 245 245 245 245 243 244 243 243 244 244 243 244 244 244 244 244 244 243 243 243 243 243 243 243 243 243 242 241 241 242 242 242 242 242 242 242 242 242 241 241 242 242 242 243 243 243 243 243 243 242 239 242 242 243 243 243 243 243 243 244 244 244 244 244 244 245 245 245 245 245 246 246 245 246 247 246
227 220 213 215 230 236 237 242 244 244 244 244 244 244 244 244 245 245 245 245 243 242 242 242 242 243 244 244 244 244 244 244 244 244 244 243 243 243 243 243 243 243 243 243 243 242 242 241 241 242 242 242 242 242 242 242 242 242 242 242 243 243 243 243 243 243 243 241 240 242 242 243 243 243 243 243 244 244 244 244 244 245 244 245 245 245 245 245 246 246 246 247 247 247
225 225 216 213 223 232 233 242 243 244 245 245 244 244 244 244 244 245 244 243 242 242 242 242 243 243 244 244 244 244 244 244 244 244 244 244 244 244 243 244 243 243 243 243 243 241 239 236 240 242 242 242 242 242 243 243 243 243 242 242 243 243 243 243 242 243 243 243 243 242 242 243 244 244 244 244 244 244 244 244 245 245 245 245 244 245 245 246 246 246 246 247 247 247
225 229 223 216 218 229 230 241 243 244 244 244 244 245 245 245 244 245 245 244 243 243 242 242 243 244 244 244 244 244 244 244 244 244 244 244 244 244 244 244 244 244 244 243 242 237 233 231 237 241 242 242 242 242 242 243 243 243 243 243 243 243 243 243 242 243 243 244 243 243 243 244 244 244 244 244 244 244 244 245 245 245 245 244 245 245 245 246 246 246 246 247 247 247
226 233 225 215 223 232 232 240 244 244 244 244 244 244 245 244 245 244 244 244 243 242 243 243 244 244 243 243 244 244 244 244 244 244 244 244 244 244 244 244 244 244 244 244 242 236 234 231 236 242 242 240 237 239 242 242 243 243 243 243 243 244 244 244 244 243 243 244 244 243 243 243 244 244 244 244 244 244 244 245 245 245 245 245 245 245 245 245 246 246 247 247 247 247
232 235 230 225 233 239 239 242 243 244 244 244 244 244 244 245 245 244 244 244 244 244 244 243 244 244 244 244 244 244 244 244 244 244 244 244 244 244 244 244 244 244 244 244 243 242 241 240 240 241 243 241 239 237 238 241 243 244 244 244 244 244 244 244 244 244 244 244 244 244 243 243 244 244 244 244 244 244 244 245 245 245 245 245 245 245 245 245 246 246 246 247 247 247
240 240 239 238 240 243 243 244 244 243 244 245 245 244 244 244 245 244 244 244 243 243 244 244 244 244 244 244 244 244 244 244 244 244 244 244 244 244 244 244 244 244 244 244 244 243 242 242 242 241 243 241 242 238 241 243 244 244 245 244 244 244 244 244 244 244 244 244 244 244 244 243 244 244 244 245 245 245 244 245 245 245 245 245 245 245 245 246 246 246 246 246 247 247
240 240 240 242 242 243 243 243 241 240 243 244 244 244 245 245 245 244 244 242 243 243 244 244 244 244 244 244 244 244 244 244 244 244 244 244 244 244 244 244 244 244 245 245 244 244 243 243 243 243 243 243 243 243 244 244 244 245 245 245 245 245 244 245 245 244 244 244 244 244 245 244 244 244 245 245 245 245 245 245 246 246 245 245 245 245 245 245 245 246 246 247 247 247
229 233 233 235 240 240 239 238 233 235 239 241 244 244 245 245 245 244 243 239 242 243 243 244 244 244 244 244 244 244 244 244 244 244 244 244 244 244 244 244 244 244 245 245 245 244 243 244 244 244 244 244 244 244 245 245 245 245 245 245 245 245 245 244 245 245 245 245 245 245 245 245 245 245 245 246 246 245 245 246 246 246 246 245 246 245 245 245 246 246 247 247 247 247
224 231 237 237 239 239 238 236 234 233 239 242 243 243 244 244 244 244 243 242 240 238 241 243 244 244 244 244 244 244 244 244 244 244 244 244 245 244 244 245 245 245 245 245 245 245 244 244 244 244 245 244 245 245 245 245 245 245 245 245 245 245 245 245 245 245 245 245 245 245 245 246 246 246 246 246 246 245 246 246 246 246 246 246 246 246 245 245 246 246 246 247 247 247
234 236 238 236 236 236 238 239 239 238 240 242 242 243 244 244 244 243 243 241 240 239 242 244 244 244 244 244 244 244 244 244 244 244 244 244 244 244 244 245 245 245 245 245 245 245 245 245 245 245 245 245 245 246 246 246 246 246 246 246 246 246 245 245 245 245 245 245 245 246 246 246 246 246 246 246 246 246 246 246 246 246 246 246 246 246 246 246 246 246 247 247 247 247
237 239 238 234 230 232 234 237 235 237 241 242 241 241 243 244 243 243 244 243 244 243 243 244 244 244 244 244 244 244 244 245 245 245 244 244 245 245 245 245 245 245 245 245 245 245 245 245 245 245 245 245 245 245 246 246 246 246 246 246 246 246 246 246 245 245 245 245 246 246 246 246 246 246 246 246 246 246 246 246 246 246 246 246 246 246 246 246 246 247 247 247 248 247
236 237 239 238 235 233 231 231 233 235 239 240 240 241 243 244 243 243 243 243 241 242 240 244 244 244 244 244 244 244 244 244 244 245 245 244 245 245 245 245 245 245 245 245 245 245 246 245 245 246 245 245 246 246 246 246 246 246 246 246 246 246 246 246 246 246 245 246 246 246 246 246 246 246 246 247 247 247 247 246 246 246 246 246 246 246 246 246 247 247 247 247 248 248
236 237 239 240 239 237 236 236 238 239 241 242 242 241 242 242 241 243 243 243 241 241 241 242 244 244 244 244 243 244 244 244 245 245 245 245 245 245 245 245 245 245 245 245 245 245 246 246 246 246 246 246 246 246 247 247 247 247 247 247 247 247 247 246 246 246 246 246 246 246 246 247 246 246 247 247 247 247 247 246 246 246 246 246 246 246 247 247 247 247 247 248 248 248
236 239 239 239 241 240 241 241 240 241 242 243 243 243 243 241 243 243 243 242 242 242 241 241 243 244 245 244 244 245 245 245 245 245 245 245 245 245 244 245 245 245 245 245 245 246 246 246 246 246 246 246 247 247 247 247 247 247 247 247 247 247 247 247 247 247 247 246 247 247 247 247 247 247 247 247 247 247 247 247 246 247 247 247 247 247 247 247 247 247 247 248 248 248
239 239 239 237 240 242 242 241 240 241 241 241 242 243 242 239 239 243 244 242 242 243 243 242 244 244 244 245 245 245 245 245 245 245 245 245 245 245 245 245 245 245 245 245 245 246 246 246 246 246 247 247 247 247 247 247 247 247 247 248 247 247 247 247 247 247 247 247 246 247 247 247 247 247 247 247 247 247 247 247 247 247 247 247 247 247 247 247 247 247 248 248 248 248
239 239 240 239 240 241 243 243 242 243 242 243 241 242 241 241 242 242 243 244 244 244 244 244 245 245 244 245 245 245 245 245 245 245 245 245 245 245 245 245 245 245 246 245 245 246 246 246 246 246 247 247 247 247 248 248 248 248 248 248 248 248 248 248 248 247 247 247 247 247 247 247 247 247 248 248 248 248 247 247 247 247 247 247 247 247 247 247 247 248 248 248 248 248
240 240 241 240 241 242 243 244 243 243 243 244 243 243 240 240 243 243 242 243 245 245 245 245 245 245 245 245 245 245 245 245 245 245 245 246 246 245 245 245 246 245 245 245 245 246 246 246 246 247 247 247 247 248 248 248 248 248 248 248 248 248 248 248 248 248 248 248 247 247 247 247 247 247 248 248 248 248 247 247 247 247 247 247 247 247 247 247 247 248 248 248 248 248
243 241 242 243 243 244 244 245 245 244 244 245 244 243 243 242 243 244 242 243 244 245 245 245 245 244 245 245 245 245 245 245 245 245 245 246 246 246 246 245 246 246 246 246 246 246 246 247 246 247 247 247 247 248 248 248 248 248 248 248 248 248 248 248 248 248 248 248 247 247 247 247 247 248 248 248 248 248 247 247 247 247 247 247 247 247 247 247 248 248 248 248 248 248
243 243 242 243 243 242 242 243 244 244 243 244 244 245 244 244 244 244 244 243 245 245 245 245 245 245 245 245 245 245 245 245 245 245 245 246 246 246 246 246 246 246 246 246 246 246 247 247 246 247 247 247 247 247 248 248 248 248 248 248 248 248 248 248 248 248 248 248 248 247 247 247 247 247 248 248 248 247 247 247 247 247 247 247 247 247 247 247 248 248 248 248 248 248
244 244 244 243 244 243 243 243 244 245 244 244 244 245 245 245 245 245 244 244 244 244 244 245 245 245 245 245 245 245 245 245 245 245 245 245 246 246 246 246 246 246 246 246 246 246 246 246 246 246 247 247 247 247 248 248 248 248 248 248 248 248 248 248 248 248 248 248 248 248 247 247 247 247 247 248 248 247 247 247 247 247 247 247 247 247 247 247 248 248 248 248 248 248
245 245 245 245 245 245 245 244 244 244 245 244 244 245 245 245 245 244 244 245 244 244 244 245 245 245 245 245 245 245 246 246 246 246 245 246 245 245 245 245 246 246 247 247 247 247 246 246 247 247 247 247 247 247 248 248 248 248 248 248 249 249 249 249 249 249 248 248 248 248 247 247 247 247 247 247 247 247 247 247 247 247 247 247 247 247 247 247 248 248 248 248 248 248
243 245 245 246 246 246 246 245 245 245 245 245 245 245 245 245 245 245 244 245 245 245 245 245 245 245 245 245 245 245 246 246 246 246 246 246 246 246 245 246 246 247 247 247 247 247 246 246 247 247 247 247 247 247 247 248 248 248 248 248 249 249 249 249 249 249 248 248 248 248 248 247 247 247 247 247 247 247 247 247 247 247 247 247 247 247 247 248 248 248 248 248 248 248
245 245 245 246 246 244 240 245 245 245 245 245 245 245 245 245 245 245 245 245 245 245 245 245 245 245 245 245 245 245 246 246 246 246 246 246 246 246 245 246 247 246 246 247 247 246 246 246 247 247 247 247 247 247 247 247 248 248 248 248 248 248 249 249 249 249 248 248 248 248 248 247 247 247 247 247 247 247 247 247 247 247 247 247 247 247 247 248 248 248 248 248 248 248
245 245 245 245 246 246 245 245 245 245 245 245 245 245 245 245 245 245 244 244 245 245 245 245 245 245 245 245 245 245 246 246 246 246 245 245 246 246 246 246 246 246 246 247 247 246 246 247 247 247 247 247 247 247 247 247 248 248 248 248 248 248 248 248 248 248 248 248 248 248 247 247 247 247 247 247 247 247 247 247 247 247 247 247 247 247 247 248 248 248 248 248 248 248
245 244 245 245 246 246 246 245 245 245 245 245 245 245 245 245 245 245 244 243 243 244 245 245 245 245 245 245 245 245 245 246 245 245 245 245 246 246 246 246 246 246 246 246 246 246 246 247 247 247 247 247 247 247 247 247 247 248 248 248 248 248 248 248 248 248 248 248 248 248 248 247 247 247 247 247 247 247 247 247 247 247 247 247 247 247 247 247 248 248 248 248 248 248
245 245 245 245 246 246 246 245 245 245 245 245 245 245 245 245 245 244 244 243 242 243 244 245 245 245 245 245 245 245 245 246 246 245 245 245 246 246 246 246 246 245 245 245 246 246 246 247 247 247 247 247 247 247 247 247 247 247 247 248 248 248 248 247 248 248 248 248 248 248 248 247 247 247 247 247 247 247 247 247 246 246 246 246 247 247 247 247 248 248 248 248 248 248
245 245 245 245 245 246 246 245 245 245 245 245 245 245 245 245 244 244 244 243 242 242 244 245 245 244 244 245 245 245 245 245 246 245 246 245 246 246 246 246 246 245 245 245 246 246 247 247 247 247 248 248 248 248 248 248 247 247 247 247 247 247 247 247 247 247 247 248 247 247 247 247 247 247 247 247 247 246 246 246 246 246 246 246 246 247 247 247 247 248 248 248 248 248
245 245 245 245 245 246 246 245 245 245 245 245 245 245 245 245 244 244 244 243 242 242 242 243 244 244 244 244 244 245 245 246 246 246 246 246 246 246 246 246 246 245 245 245 246 246 246 247 247 248 248 248 248 248 248 248 247 247 247 247 247 247 247 247 247 247 247 247 247 247 247 247 247 247 247 247 246 246 246 246 246 246 246 246 246 247 247 247 248 248 248 248 248 248
