ecocropFuture/tif/c6/rcp585/ACCESS-CM2/tmin_4.asc
ncols        683
nrows        518
xllcorner    -87.691666666667
yllcorner    10.708333333333
cellsize     0.008333333333
NODATA_value  nan
[rows 294 to 335 of 518, columns 188 to 281 of 683]
224 218 218 220 220 221 223 222 221 221 223 220 218 211 211 210 214 215 217 215 214 208 211 214 215 215 216 218 218 221 223 224 225 224 220 217 215 209 207 207 216 221 215 204 195 207 217 202 192 191 190 193 193 194 194 195 199 210 216 218 219 218 218 223 225 228 226 229 229 228 227 228 223 223 221 217 220 217 210 208 213 217 217 220 217 216 223 218 212 216 217 220 221 226
225 223 222 222 220 221 222 221 221 219 222 221 217 211 207 208 211 214 217 217 211 202 206 207 211 216 220 222 222 224 224 224 224 224 223 219 217 213 212 214 219 222 214 200 196 212 219 207 196 188 189 191 193 196 196 198 201 211 216 218 220 219 220 222 225 227 227 230 229 228 226 225 222 221 222 216 216 214 211 208 210 209 213 218 215 213 221 220 214 208 217 221 224 225
230 228 224 222 221 220 221 221 222 221 220 221 218 214 211 211 211 213 218 218 206 196 200 208 215 217 219 221 222 222 223 223 224 224 220 220 220 219 219 223 224 222 217 207 212 222 213 194 189 196 198 194 194 196 198 200 205 215 218 219 219 220 221 224 227 225 225 229 229 226 223 220 222 224 222 219 216 211 209 211 211 211 212 216 216 214 216 215 208 207 218 221 221 224
231 227 224 222 222 220 221 219 223 223 220 220 218 214 209 214 215 216 221 215 206 200 202 210 216 213 216 219 221 219 219 221 223 224 223 220 220 219 220 224 227 225 218 219 224 222 205 189 191 207 211 207 198 198 199 201 204 210 216 220 221 222 223 225 223 225 224 229 229 226 222 219 225 223 220 217 217 214 209 210 209 208 213 214 212 209 211 212 210 208 210 214 218 225
233 227 223 222 222 221 223 220 223 223 221 220 218 213 211 212 215 222 221 212 204 199 199 207 211 210 208 214 219 215 213 215 219 222 223 222 219 219 221 224 228 226 216 225 224 213 197 191 205 211 213 210 197 198 199 204 199 207 215 219 219 222 224 225 225 227 228 229 229 227 225 226 225 225 221 217 212 209 208 209 205 209 207 208 207 202 207 211 216 213 206 207 216 222
235 230 226 226 223 224 227 223 225 224 221 218 217 215 219 220 218 224 216 207 202 199 199 201 211 212 212 213 217 213 208 212 217 220 222 221 219 224 223 227 229 229 221 228 223 214 202 198 210 213 214 213 200 205 202 212 212 211 213 217 219 220 222 224 223 225 228 228 228 228 226 226 224 223 217 211 208 208 212 208 205 208 203 201 203 195 206 213 217 217 213 211 220 225
236 230 229 227 229 230 231 225 226 227 222 217 216 216 219 225 225 223 215 208 203 200 199 203 210 213 213 210 212 211 210 216 218 221 220 218 223 227 223 225 229 231 228 230 226 220 204 208 215 210 213 214 206 209 207 214 218 216 218 218 214 217 218 225 225 227 228 227 226 228 227 225 224 221 220 212 209 213 211 202 203 206 201 198 199 200 207 214 218 219 215 208 216 225
238 233 233 234 233 233 233 228 228 229 228 225 221 219 215 224 228 225 222 216 211 207 203 210 212 215 212 209 212 209 206 214 215 211 213 218 227 230 228 225 227 230 232 232 224 212 212 217 219 212 201 200 213 218 209 216 219 219 218 220 218 219 221 226 226 227 227 226 224 225 226 222 215 212 215 209 206 211 213 210 209 212 209 210 211 210 211 216 220 220 214 202 212 222
240 237 234 236 232 234 236 231 228 234 232 231 228 223 218 220 227 227 224 218 214 212 209 215 217 220 217 216 215 212 205 215 217 212 213 218 227 230 230 231 229 222 227 233 229 218 220 224 220 211 201 198 203 217 215 216 221 220 218 220 223 224 224 226 226 226 224 224 222 222 225 223 214 209 208 209 212 212 215 214 214 217 210 217 218 216 215 219 222 219 214 206 215 222
240 237 237 239 237 238 237 231 235 237 236 236 232 227 223 222 227 229 224 220 217 214 210 218 221 223 223 223 220 214 211 215 221 219 219 225 227 229 233 233 228 221 226 233 228 224 226 227 225 219 211 207 208 218 223 221 224 223 223 224 224 225 226 226 225 223 221 217 218 220 224 221 219 211 207 211 215 217 217 212 219 215 209 215 220 221 217 219 221 214 218 218 224 227
236 238 241 240 239 239 237 236 240 241 240 237 233 229 223 220 224 231 229 223 222 217 214 222 227 229 229 226 225 221 220 221 225 226 224 229 227 226 232 234 231 228 230 233 232 229 230 231 226 222 220 212 215 222 224 226 223 225 224 225 225 225 225 224 222 218 215 216 214 214 217 219 217 215 209 205 205 214 220 220 220 218 218 219 221 224 220 221 219 213 221 224 227 229
236 234 240 244 240 241 239 239 239 240 241 238 235 227 221 224 229 232 227 222 225 219 218 227 227 230 231 229 227 225 225 224 229 233 229 234 230 222 224 230 234 230 232 233 235 232 234 232 226 228 217 214 218 221 225 226 223 225 225 221 223 223 225 220 219 219 219 219 215 209 206 209 212 207 205 205 205 213 216 217 222 221 222 221 219 221 225 226 221 221 222 227 228 227
236 233 239 244 244 245 240 236 233 239 242 240 237 227 221 220 223 231 231 230 226 218 219 228 232 234 233 231 230 230 229 229 233 235 234 233 225 220 222 228 235 232 232 235 236 233 235 232 233 230 228 224 221 220 224 227 226 225 220 220 221 218 225 224 223 222 219 219 216 213 208 207 209 207 208 212 210 216 219 220 223 224 224 223 223 219 221 224 229 229 226 227 229 229
240 239 238 242 247 246 242 234 236 241 243 239 234 231 228 222 221 228 234 233 229 220 216 230 234 234 235 234 234 235 234 232 237 237 236 230 229 226 223 232 235 237 235 235 237 237 236 233 233 233 229 227 223 225 229 227 222 219 218 220 221 218 224 221 220 218 215 217 215 210 214 214 215 211 215 216 213 216 215 217 221 223 225 225 225 222 222 223 222 230 230 230 230 229
243 245 244 242 247 247 244 239 239 240 243 242 241 238 235 229 221 225 231 234 228 222 220 228 235 236 236 236 236 237 236 235 238 236 232 232 235 232 229 230 236 239 239 239 239 238 237 236 232 234 231 229 230 228 228 224 223 218 216 216 221 218 223 219 214 212 212 208 209 213 216 217 217 210 214 218 215 218 220 221 223 226 226 226 227 225 224 223 222 225 231 232 232 231
246 247 248 246 247 246 247 245 244 244 243 241 238 236 236 230 224 225 233 235 228 225 226 231 234 237 237 234 233 235 237 237 238 240 236 236 235 233 231 232 238 240 240 240 239 239 238 236 237 235 234 235 232 229 227 223 222 218 218 220 217 219 223 220 215 209 206 198 202 209 214 218 218 214 218 220 219 221 223 224 224 223 223 223 223 228 227 227 229 229 231 231 231 232
248 247 248 249 248 247 247 247 246 246 243 239 231 228 230 228 224 225 232 235 236 231 231 231 236 237 238 237 233 235 238 239 241 241 240 239 240 237 237 237 240 241 240 240 240 239 239 237 235 235 234 230 232 230 227 218 218 220 221 218 216 222 222 220 215 209 202 196 202 210 215 218 218 219 219 219 219 216 217 218 219 219 218 215 218 221 224 222 223 227 230 230 229 230
248 247 249 249 249 247 247 247 247 246 244 241 236 226 223 224 226 229 229 226 235 236 234 230 235 239 238 235 230 231 234 239 240 242 242 241 242 241 240 241 241 241 241 241 240 239 239 238 235 232 233 229 229 230 224 217 214 219 219 213 217 221 221 220 216 205 197 202 205 208 213 215 214 216 217 216 217 219 220 222 222 221 219 222 223 225 228 228 228 227 227 229 229 230
249 249 249 249 249 249 247 247 247 246 245 242 235 226 229 224 227 226 224 223 231 236 239 233 234 239 233 228 227 226 230 236 242 243 243 243 243 242 242 242 242 242 241 240 240 239 238 237 233 228 227 230 224 223 220 213 214 219 218 211 217 215 212 213 214 208 199 200 205 209 212 212 214 214 215 217 218 220 221 223 225 225 224 229 229 229 228 228 231 230 227 229 229 231
249 249 249 249 249 249 248 247 247 247 246 243 236 226 230 235 234 229 228 230 233 230 235 241 237 239 234 229 234 234 234 238 242 244 243 241 242 243 242 242 242 241 241 240 240 239 238 237 235 230 226 223 225 221 212 214 217 216 216 212 215 216 212 205 206 205 200 196 198 204 207 210 214 215 216 217 217 217 218 221 222 223 228 228 223 218 223 228 230 230 231 231 230 232
249 249 249 249 249 249 248 246 248 247 246 245 242 231 229 233 235 236 229 233 238 233 229 238 239 241 237 230 236 238 237 243 244 244 240 238 236 240 241 242 242 241 241 240 239 238 238 237 235 228 225 224 215 214 210 214 215 220 223 223 223 223 221 218 213 207 202 203 200 199 204 207 213 216 216 216 216 217 219 220 219 224 228 223 213 210 216 221 224 230 231 231 232 232
249 249 249 249 249 249 248 248 248 247 247 246 244 241 232 233 236 239 237 235 239 237 231 234 240 243 237 232 238 244 244 244 243 242 237 231 231 235 238 241 241 241 240 236 234 237 237 237 236 233 231 228 217 220 212 212 214 222 223 228 228 223 220 215 210 207 213 211 213 211 211 212 214 216 216 217 217 217 216 218 220 219 226 222 214 211 214 221 226 224 228 230 232 232
249 249 249 249 249 249 248 248 248 247 247 247 246 243 241 240 241 241 242 238 242 237 234 238 243 243 234 234 242 245 243 242 239 238 232 225 224 228 229 237 240 238 237 233 231 231 235 234 234 235 233 227 222 228 223 222 216 224 228 230 226 222 219 218 211 212 220 220 220 217 215 217 217 217 216 215 215 216 214 214 216 217 225 226 219 215 215 221 224 219 223 227 230 231
249 249 249 249 249 249 248 248 248 248 247 247 246 245 244 242 239 238 240 244 242 235 235 243 246 243 237 238 244 245 241 235 236 229 224 222 222 221 228 237 239 239 238 235 227 227 233 230 231 233 232 228 225 229 230 228 223 220 225 230 225 217 211 208 215 221 224 225 225 221 217 220 218 218 218 216 216 216 214 214 218 222 224 223 222 218 216 217 221 219 221 220 223 230
250 250 250 249 249 249 248 248 248 248 247 247 245 244 242 238 237 239 240 242 245 238 242 244 246 246 244 244 246 245 238 231 231 229 224 224 221 222 234 237 234 236 232 228 222 224 229 230 227 228 229 228 224 232 231 227 223 221 227 231 228 221 215 206 216 222 224 228 228 225 223 220 218 218 217 219 220 218 219 221 224 226 226 222 216 217 216 216 221 220 220 223 224 230
250 250 250 250 249 249 249 248 248 248 247 247 242 239 237 235 236 237 241 242 245 245 243 246 246 246 246 246 245 244 240 237 231 226 224 227 226 225 232 235 230 235 231 221 218 220 221 221 221 218 222 222 229 232 233 232 230 229 228 230 232 223 215 212 222 228 230 228 230 228 225 218 216 216 217 217 220 221 222 220 221 222 225 222 219 217 217 216 219 218 222 228 229 230
251 250 250 250 249 249 249 248 248 248 247 247 245 242 237 231 232 237 241 244 246 247 247 247 243 245 243 241 245 244 242 238 230 230 231 233 233 226 231 230 227 227 224 219 216 215 214 213 215 213 215 218 222 223 232 232 233 231 234 236 233 225 218 221 228 231 231 230 226 231 225 221 219 219 219 218 220 222 221 219 220 222 222 220 220 218 217 218 216 217 224 227 225 228
251 251 250 250 250 249 248 248 248 247 247 247 246 245 243 234 235 238 240 244 247 248 248 245 241 240 238 236 242 240 239 237 235 238 240 234 236 235 237 235 233 230 224 220 216 212 208 210 210 211 211 216 223 226 228 234 235 232 237 236 225 223 229 231 235 232 232 233 228 232 230 225 219 221 220 220 220 221 221 219 220 221 220 218 218 219 217 218 215 217 219 219 219 222
251 251 251 250 250 249 248 248 248 247 247 247 245 243 243 235 240 239 241 244 248 248 247 246 244 245 243 239 238 234 233 234 238 242 244 238 236 238 234 233 232 232 224 221 218 213 208 209 206 206 210 218 225 230 233 236 238 236 238 236 226 222 231 236 236 237 238 236 232 233 229 226 223 222 221 221 221 222 221 220 220 219 219 219 218 217 219 218 216 217 218 219 221 224
252 251 251 250 250 249 248 248 248 247 247 246 246 245 244 241 241 244 245 246 248 247 247 247 247 245 241 239 235 235 234 235 239 244 245 245 242 235 229 223 224 228 225 222 219 215 220 223 219 205 204 211 216 221 230 234 238 237 239 238 234 230 234 237 238 240 239 237 232 235 228 227 225 222 222 223 223 223 222 221 220 219 218 215 215 217 218 218 217 214 217 217 216 218
252 252 251 250 250 249 248 248 248 247 247 247 246 246 246 245 245 246 247 248 248 248 247 248 247 243 241 240 239 236 236 238 244 246 246 244 241 234 231 224 221 222 224 222 219 227 231 232 228 219 209 208 211 212 216 227 234 239 241 239 235 231 234 237 240 240 240 238 232 233 234 228 224 223 222 223 223 224 223 221 222 221 218 211 212 215 217 218 217 215 215 215 214 216
252 252 251 250 249 249 248 248 248 247 247 247 246 246 246 246 246 247 247 248 248 248 248 248 248 247 245 246 245 238 240 239 244 247 246 244 243 239 237 230 224 222 225 221 225 233 234 235 234 230 222 214 222 225 217 221 233 240 242 237 235 231 236 238 241 241 239 234 230 237 231 230 226 225 225 225 224 223 223 224 222 221 220 215 215 217 215 215 217 215 213 211 211 216
253 252 251 250 249 249 248 248 247 247 247 247 247 246 246 246 246 247 247 248 248 248 248 248 248 249 248 247 246 241 244 241 241 247 248 247 246 242 238 236 231 230 234 227 223 235 235 235 236 236 224 223 222 229 226 223 236 242 242 240 236 235 239 242 241 241 237 232 237 237 231 228 224 229 230 226 227 226 229 228 226 224 225 223 224 221 209 205 214 217 213 212 215 217
253 252 251 250 249 248 248 248 247 247 247 247 247 246 246 247 247 247 247 248 248 248 248 248 249 249 249 246 241 240 246 245 245 249 249 248 243 240 241 240 237 238 238 231 226 236 237 238 238 238 230 221 227 235 229 229 238 241 239 239 238 239 241 243 241 241 241 240 239 238 234 228 226 232 233 231 231 231 232 231 228 230 231 230 227 222 214 211 214 221 218 213 215 212
253 252 251 250 249 248 248 247 247 247 247 247 246 246 247 247 247 247 248 248 249 249 248 249 249 249 249 249 246 243 248 248 249 249 249 247 243 243 245 241 241 241 239 230 225 234 235 234 235 230 236 226 224 228 236 234 243 242 237 238 241 243 242 242 242 242 241 237 232 234 230 226 229 234 234 234 232 231 233 233 232 233 232 231 229 228 221 222 225 222 224 218 205 204
253 252 251 250 249 248 248 247 247 247 247 247 246 247 247 247 247 248 248 248 248 249 249 249 249 249 250 249 249 247 250 250 250 249 244 242 246 247 246 246 241 237 231 227 224 223 224 221 227 228 236 227 234 232 240 241 245 242 238 237 243 244 244 243 244 242 241 237 233 228 226 228 230 234 235 235 235 231 233 233 231 234 233 231 229 231 225 224 229 230 229 220 210 208
253 252 251 250 249 248 248 247 247 247 247 246 246 247 247 247 248 248 248 248 248 249 249 249 249 250 250 250 250 250 250 250 250 250 244 243 247 249 248 242 234 231 230 232 234 231 231 230 232 229 237 239 241 236 232 242 245 244 243 245 246 245 245 244 244 243 242 237 230 228 227 227 229 230 234 237 236 231 232 235 235 232 229 223 225 224 222 225 230 232 231 224 220 211
253 252 251 250 249 248 248 247 247 247 247 247 247 247 247 248 248 248 248 248 249 249 249 249 249 250 250 250 250 250 250 250 251 251 250 250 250 249 249 245 236 233 234 236 240 239 237 237 235 232 236 234 239 242 237 239 239 244 246 243 244 244 243 243 242 242 241 239 231 231 231 228 227 227 232 236 238 234 237 237 235 232 231 231 226 220 226 230 231 233 232 230 224 220
253 252 251 250 249 248 248 247 247 247 247 247 247 247 247 247 248 248 248 248 249 249 249 249 250 250 250 250 250 250 251 251 251 251 251 251 250 250 250 247 243 237 239 238 241 243 240 239 236 239 241 235 236 242 243 243 238 244 246 241 240 241 240 239 240 241 237 239 236 235 235 233 230 231 231 236 239 239 235 231 227 229 224 227 220 222 232 231 234 234 233 231 228 228
253 252 251 250 249 248 248 247 247 247 247 247 247 247 247 248 248 248 249 249 249 249 249 249 250 250 250 250 250 251 251 251 251 251 251 251 251 251 250 247 240 236 242 240 243 242 239 239 240 244 245 242 238 241 247 245 248 247 243 245 244 242 235 232 234 235 237 235 232 234 236 237 235 233 233 238 240 237 232 232 226 223 226 233 226 225 235 235 235 235 233 233 234 232
253 252 251 250 249 248 248 248 247 247 247 247 248 248 248 248 248 248 249 249 249 249 249 249 250 250 250 250 250 251 251 251 251 251 251 251 251 251 250 246 241 237 246 245 243 241 239 241 245 248 248 248 246 243 246 247 249 247 242 239 243 239 234 228 226 228 231 230 232 233 235 237 238 236 237 240 241 237 236 232 230 227 231 237 234 229 234 237 236 234 232 234 235 235
253 252 251 250 249 248 248 248 248 248 248 248 248 248 248 248 248 249 249 249 249 249 249 249 250 250 250 250 250 251 251 251 251 251 251 251 251 251 251 249 240 240 247 244 240 239 242 246 248 244 249 249 249 246 245 249 249 248 244 241 243 239 234 228 221 221 223 227 226 228 234 237 238 238 237 237 241 240 240 238 232 231 233 236 240 238 234 235 238 233 231 236 232 230
