ecocropFuture/tif/c6/rcp585/ACCESS-CM2/tmin_12.asc
ncols        683
nrows        518
xllcorner    -87.691666666667
yllcorner    10.708333333333
cellsize     0.008333333333
NODATA_value  nan
[rows 252 to 293 of 518, columns 0 to 93 of 683]
230 227 226 225 224 224 223 222 222 221 221 221 220 221 222 224 225 226 227 227 229 230 232 233 233 234 234 235 235 236 236 nan nan nan nan nan nan nan nan 237 237 237 237 237 237 237 237 237 237 237 237 238 238 238 238 237 237 237 237 237 236 236 235 235 235 235 235 234 234 234 234 234 234 234 234 234 234 235 235 235 234 234 233 233 233 232 232 231 231 231 230 230 230 229
229 228 227 226 225 225 224 223 223 223 222 222 221 222 223 225 226 227 228 228 229 230 231 233 233 234 234 235 235 235 235 236 236 236 236 236 236 236 236 236 236 236 237 237 237 237 237 237 237 237 237 238 238 238 238 237 237 237 237 237 236 236 235 235 235 235 235 234 234 234 234 234 234 234 234 235 235 235 235 235 235 234 234 233 233 232 232 232 231 231 231 230 230 230
nan 229 228 227 226 226 225 224 224 222 222 223 222 223 225 226 227 228 229 229 230 231 232 233 233 234 234 235 235 235 235 235 235 235 236 236 236 236 236 236 236 236 236 236 236 237 237 237 237 237 237 237 237 237 237 237 237 237 236 236 236 236 236 235 235 235 235 235 234 234 234 234 234 234 234 235 235 235 235 235 235 234 234 233 233 232 232 231 231 231 230 230 230 229
nan nan 229 228 227 227 226 225 224 222 221 223 222 223 225 227 228 229 229 230 231 232 232 233 233 234 234 235 235 235 235 235 235 235 235 235 235 235 236 236 236 236 236 236 236 236 236 236 236 236 236 236 236 236 236 236 236 236 236 236 236 236 236 236 236 235 235 235 235 234 235 235 235 235 235 235 235 235 235 235 235 234 234 233 233 232 231 231 231 230 230 230 229 229
nan nan nan 230 228 228 228 228 228 223 220 225 223 222 224 228 229 230 230 231 232 232 233 233 234 234 235 234 235 235 235 235 235 235 235 235 235 235 235 235 236 236 236 236 236 236 236 236 236 236 235 235 235 235 235 236 236 236 236 236 236 236 236 236 236 236 235 235 235 235 235 235 235 235 235 235 235 235 235 235 235 234 234 233 233 232 231 231 231 230 230 229 229 229
nan nan nan nan nan 229 229 228 229 227 224 226 226 226 226 227 230 231 231 232 232 233 233 234 234 233 235 234 233 234 233 234 234 234 235 235 235 235 235 235 235 235 236 236 236 236 236 236 235 234 234 235 234 234 234 234 235 235 235 236 236 236 236 236 236 236 236 235 235 235 235 235 235 235 235 235 235 235 235 235 235 234 234 233 232 232 231 231 230 230 229 229 229 229
nan nan nan nan nan nan 230 230 230 230 229 229 228 228 229 230 231 231 231 233 233 233 234 233 233 230 231 233 229 229 231 230 232 231 230 232 234 235 235 235 235 234 233 232 235 235 235 235 235 234 234 234 232 232 231 232 233 234 235 235 235 236 236 236 236 236 236 235 236 235 235 235 235 235 235 235 235 235 235 235 235 234 234 233 232 232 231 231 230 230 229 229 229 228
nan nan nan nan nan nan nan nan 230 230 230 230 230 231 231 232 232 232 232 233 234 234 234 234 230 226 226 231 229 225 226 227 227 226 227 227 232 234 234 234 234 232 231 232 235 235 235 235 235 234 234 233 232 230 229 231 233 234 234 235 235 235 236 236 236 236 236 235 235 235 235 235 235 234 234 234 234 234 234 234 234 234 233 233 232 232 231 231 230 229 229 229 228 228
nan nan nan nan nan nan nan nan nan 231 231 231 230 232 233 233 232 233 234 234 235 235 234 234 232 230 227 230 228 228 225 226 227 227 228 231 233 234 231 227 232 230 231 233 232 230 231 234 233 233 234 233 231 231 230 231 232 233 234 235 235 235 235 236 235 235 235 235 235 235 235 233 234 233 234 234 234 233 234 234 233 233 233 232 232 231 231 230 230 230 229 229 229 228
nan nan nan nan nan nan nan nan nan nan nan 232 233 233 234 234 234 235 235 235 nan nan nan 235 233 230 230 229 230 229 228 227 229 229 230 232 233 233 228 227 226 223 229 231 229 223 225 231 228 225 227 231 232 232 231 231 232 232 233 234 234 235 235 235 235 235 235 235 235 234 234 227 226 228 231 233 233 233 233 233 233 232 232 232 231 231 231 230 230 230 229 229 229 228
nan nan nan nan nan nan nan nan nan nan nan nan nan 234 235 235 235 236 236 236 nan nan 236 235 235 234 232 233 231 231 230 229 231 230 232 233 231 229 229 229 224 216 221 220 222 220 214 223 226 225 229 230 232 231 231 231 231 231 232 233 234 234 235 235 235 235 235 234 234 234 233 231 227 226 225 231 232 232 232 232 232 232 231 231 231 231 230 230 230 229 229 229 229 228
nan nan nan nan nan nan nan nan nan nan nan nan nan nan 235 236 236 236 236 237 237 nan 236 236 236 235 234 234 232 232 232 231 232 232 232 232 231 230 228 228 226 221 219 216 215 217 215 213 221 219 226 226 229 228 228 226 228 229 230 231 232 233 234 234 234 234 234 234 234 234 233 233 233 229 227 231 232 232 231 231 231 231 231 231 230 230 230 230 230 229 229 229 229 228
nan nan nan nan nan nan nan nan nan nan nan nan nan nan nan nan 236 237 237 237 nan 237 236 237 235 233 235 235 234 233 233 232 233 233 232 232 231 231 229 228 228 226 222 221 215 220 217 215 216 214 219 220 222 222 224 223 222 225 226 229 231 232 233 234 234 234 234 234 233 233 233 233 232 232 231 231 231 231 231 231 231 230 230 230 230 230 230 230 229 229 229 229 228 228
nan nan nan nan nan nan nan nan nan nan nan nan nan nan nan nan nan nan 237 237 237 237 237 237 236 235 236 236 235 234 234 233 233 233 233 232 231 231 230 228 229 229 227 220 218 220 216 218 213 213 211 218 218 218 223 220 224 226 225 228 232 232 233 233 233 233 232 232 233 232 232 232 232 231 231 231 231 231 231 230 230 230 230 230 230 230 230 229 229 229 229 229 228 228
nan nan nan nan nan nan nan nan nan nan nan nan nan nan nan nan nan nan nan 237 237 nan nan 237 237 236 236 235 235 235 234 234 234 233 233 232 232 231 231 230 229 226 224 222 222 217 217 218 213 216 218 222 224 224 225 221 226 226 224 228 231 232 232 232 231 231 231 230 230 231 231 231 231 231 230 230 230 230 230 230 230 230 230 230 230 230 230 229 229 229 228 228 228 228
nan nan nan nan nan nan nan nan nan nan nan nan nan nan nan nan nan nan nan nan nan 237 237 nan 237 237 237 235 236 235 235 234 234 233 233 232 231 230 230 229 226 220 220 225 226 220 220 222 213 216 218 221 225 226 227 225 227 226 225 226 230 232 232 232 232 231 231 230 231 230 231 230 230 230 230 230 230 230 229 229 229 228 229 229 229 229 229 229 229 228 228 228 228 228
nan nan nan nan nan nan nan nan nan nan nan nan nan nan nan nan nan nan nan nan nan nan 237 237 nan 237 237 236 236 235 235 234 233 232 232 232 228 225 226 225 221 220 224 227 227 222 223 223 216 219 218 219 222 225 224 227 227 226 226 228 230 231 231 231 231 231 230 230 230 230 229 229 229 229 228 228 229 229 228 228 228 227 228 227 227 228 228 228 228 227 227 227 227 227
nan nan nan nan nan nan nan nan nan nan nan nan nan nan nan nan nan nan nan nan nan nan nan 237 237 nan 237 236 nan 236 235 235 234 231 231 231 230 224 219 221 221 225 227 228 227 226 226 226 224 222 216 223 220 221 223 227 227 224 225 228 230 230 230 230 230 230 229 229 229 228 228 227 228 227 227 227 227 227 227 227 226 226 227 226 226 227 227 227 227 226 226 226 226 226
nan nan nan nan nan nan nan nan nan nan nan nan nan nan nan nan nan nan nan nan nan nan nan nan 237 nan nan 237 236 236 235 235 234 233 233 231 226 226 221 218 224 225 227 228 228 225 226 226 225 222 218 224 222 221 225 227 227 225 226 227 229 229 230 230 229 229 229 228 228 228 227 227 227 227 226 226 226 226 225 224 224 224 225 224 223 224 225 225 225 225 225 225 225 226
nan nan nan nan nan nan nan nan nan nan nan nan nan nan nan nan nan nan nan nan nan nan nan nan nan nan 237 nan 236 235 235 235 234 234 233 232 227 228 222 225 228 226 228 229 229 227 225 227 225 225 219 224 225 222 222 225 227 228 228 227 228 228 229 229 229 228 228 228 227 227 227 227 226 226 225 225 224 224 223 222 221 220 220 220 218 217 221 222 223 223 223 224 225 225
nan nan nan nan nan nan nan nan nan nan nan nan nan nan nan nan nan nan nan nan nan nan nan nan nan nan nan 237 236 236 235 235 235 234 233 232 231 230 227 225 229 228 227 228 229 228 226 227 226 225 222 224 225 224 225 223 226 227 227 227 227 228 228 228 228 228 227 227 227 226 226 226 225 225 224 223 223 222 221 220 218 217 215 213 208 205 210 218 220 221 222 223 224 225
nan nan nan nan nan nan nan nan nan nan nan nan nan nan nan nan nan nan nan nan nan nan nan nan nan nan nan nan 236 236 235 235 235 234 233 232 231 230 227 228 228 229 228 229 229 228 227 228 227 223 223 222 225 227 227 226 228 228 227 225 225 227 227 228 228 227 227 226 226 225 225 225 224 224 223 222 221 220 219 217 215 212 208 202 192 190 194 212 216 219 221 223 224 225
nan nan nan nan nan nan nan nan nan nan nan nan nan nan nan nan nan nan nan nan nan nan nan nan nan nan nan nan nan 236 235 235 234 234 233 232 231 230 229 229 229 229 230 230 229 229 228 228 227 224 223 224 222 224 227 226 228 228 227 226 227 226 226 227 227 227 226 226 225 224 224 224 223 222 221 218 219 217 214 212 210 207 203 198 192 194 203 210 214 217 219 221 222 224
nan nan nan nan nan nan nan nan nan nan nan nan nan nan nan nan nan nan nan nan nan nan nan nan nan nan nan nan nan nan 236 235 235 234 233 232 231 231 230 230 230 230 230 230 229 229 229 229 229 227 223 227 226 227 228 228 228 228 228 228 227 227 227 227 226 226 226 225 225 224 223 223 222 221 219 216 216 214 210 207 204 200 196 195 196 199 204 208 211 213 215 217 219 220
nan nan nan nan nan nan nan nan nan nan nan nan nan nan nan nan nan nan nan nan nan nan nan nan nan nan nan nan nan nan nan 235 235 234 233 232 231 230 229 230 230 230 230 230 229 229 229 229 229 229 228 228 228 228 228 228 228 228 228 228 227 227 227 227 226 226 225 225 224 223 223 222 221 219 217 214 210 207 202 200 195 186 181 182 187 192 197 201 205 207 210 212 216 218
nan nan nan nan nan nan nan nan nan nan nan nan nan nan nan nan nan nan nan nan nan nan nan nan nan nan nan nan nan nan nan nan 235 234 233 232 232 230 230 230 230 230 230 230 229 229 229 229 229 229 229 229 228 228 228 228 227 228 228 228 227 227 227 227 226 225 225 224 223 222 222 221 220 218 215 211 204 197 195 193 185 168 156 162 176 185 188 191 195 199 203 208 212 217
nan nan nan nan nan nan nan nan nan nan nan nan nan nan nan nan nan nan nan nan nan nan nan nan nan nan nan nan nan nan nan nan nan 235 234 232 232 231 231 230 230 230 229 229 228 228 227 228 229 229 229 229 228 228 228 228 227 228 228 227 227 227 227 226 226 225 225 224 223 222 221 220 218 216 212 205 192 176 184 188 176 151 134 149 167 177 173 176 182 187 195 203 209 214
nan nan nan nan nan nan nan nan nan nan nan nan nan nan nan nan nan nan nan nan nan nan nan nan nan nan nan nan nan nan nan nan nan nan nan 233 232 231 231 230 230 229 229 229 227 227 228 229 229 228 228 228 228 228 228 226 227 228 228 227 227 227 227 226 226 225 225 224 223 222 221 219 218 215 211 206 196 183 189 188 179 161 152 159 167 159 155 160 164 177 186 197 201 207
nan nan nan nan nan nan nan nan nan nan nan nan nan nan nan nan nan nan nan nan nan nan nan nan nan nan nan nan nan nan nan nan nan nan nan nan 232 231 231 230 230 230 229 229 228 228 229 230 229 229 228 228 228 228 228 227 227 227 227 227 227 227 227 226 226 225 224 224 223 222 220 219 218 215 213 209 204 199 198 195 191 184 177 177 178 169 161 158 158 173 189 194 196 198
nan nan nan nan nan nan nan nan nan nan nan nan nan nan nan nan nan nan nan nan nan nan nan nan nan nan nan nan nan nan nan nan nan nan nan nan 232 232 231 230 230 230 230 230 229 230 230 230 230 229 229 228 228 228 228 228 228 228 227 227 227 227 226 226 225 225 224 223 222 221 220 219 218 216 214 212 209 206 203 202 200 196 193 190 188 183 181 173 172 183 193 195 196 194
nan nan nan nan nan nan nan nan nan nan nan nan nan nan nan nan nan nan nan nan nan nan nan nan nan nan nan nan nan nan nan nan nan nan nan nan nan 231 231 230 231 231 230 230 230 231 231 230 231 229 229 229 228 228 228 228 228 228 228 227 227 227 226 226 225 225 224 223 223 222 221 220 219 218 216 215 212 210 208 206 205 202 200 198 195 194 191 187 186 188 193 195 194 193
nan nan nan nan nan nan nan nan nan nan nan nan nan nan nan nan nan nan nan nan nan nan nan nan nan nan nan nan nan nan nan nan nan nan nan nan nan 232 231 230 231 231 231 231 231 231 231 232 231 230 229 229 228 228 228 228 228 228 228 228 227 227 227 226 226 225 224 224 223 222 221 220 219 218 217 216 214 213 211 210 209 207 205 203 201 200 198 197 196 193 192 190 189 197
nan nan nan nan nan nan nan nan nan nan nan nan nan nan nan nan nan nan nan nan nan nan nan nan nan nan nan nan nan nan nan nan nan nan nan nan nan nan 232 231 231 231 231 231 232 232 232 232 231 231 230 229 228 228 228 228 228 228 228 227 227 227 227 226 226 225 225 224 223 222 222 221 220 219 218 217 216 215 213 212 211 210 208 206 205 204 204 204 204 200 198 196 198 205
nan nan nan nan nan nan nan nan nan nan nan nan nan nan nan nan nan nan nan nan nan nan nan nan nan nan nan nan nan nan nan nan nan nan nan nan nan nan nan 232 231 231 231 232 232 232 232 232 232 231 230 229 228 228 228 228 228 228 228 227 227 227 227 226 226 225 225 224 224 223 222 221 221 220 219 218 217 216 215 215 213 212 211 210 209 208 208 209 209 209 206 205 206 210
nan nan nan nan nan nan nan nan nan nan nan nan nan nan nan nan nan nan nan nan nan nan nan nan nan nan nan nan nan nan nan nan nan nan nan nan nan nan nan 232 231 231 232 232 232 233 233 233 232 231 230 229 228 228 228 228 228 228 228 227 227 227 227 227 226 225 225 224 224 223 222 222 221 221 220 219 218 217 217 216 215 214 213 213 212 211 211 212 212 213 211 209 210 212
nan nan nan nan nan nan nan nan nan nan nan nan nan nan nan nan nan nan nan nan nan nan nan nan nan nan nan nan nan nan nan nan nan nan nan nan nan nan nan nan 232 232 nan 233 233 233 233 233 232 231 230 229 228 228 228 228 228 228 228 227 227 227 227 226 226 226 225 225 224 224 223 222 222 221 221 220 219 218 218 217 217 216 215 214 215 215 213 214 214 214 213 212 211 212
nan nan nan nan nan nan nan nan nan nan nan nan nan nan nan nan nan nan nan nan nan nan nan nan nan nan nan nan nan nan nan nan nan nan nan nan nan nan nan nan nan 233 nan nan 233 233 233 233 232 231 230 229 229 228 228 228 228 228 228 228 227 227 227 227 226 226 225 225 224 224 224 223 223 222 222 221 220 219 219 219 218 217 217 216 216 216 215 216 216 216 215 214 213 214
nan nan nan nan nan nan nan nan nan nan nan nan nan nan nan nan nan nan nan nan nan nan nan nan nan nan nan nan nan nan nan nan nan nan nan nan nan nan nan nan nan nan 233 233 233 233 233 233 233 231 230 230 229 228 228 228 228 228 228 228 227 227 227 227 226 226 226 225 225 224 224 224 223 223 222 222 221 220 220 220 219 218 218 217 217 217 217 217 217 217 216 216 216 215
nan nan nan nan nan nan nan nan nan nan nan nan nan nan nan nan nan nan nan nan nan nan nan nan nan nan nan nan nan nan nan nan nan nan nan nan nan nan nan nan nan 234 nan nan 234 234 234 234 233 232 231 230 229 229 229 228 228 228 228 228 227 227 227 227 227 226 226 226 225 225 225 224 224 224 223 223 222 221 221 220 220 219 219 219 219 218 218 218 218 218 217 217 216 215
nan nan nan nan nan nan nan nan nan nan nan nan nan nan nan nan nan nan nan nan nan nan nan nan nan nan nan nan nan nan nan nan nan nan nan nan nan nan nan nan nan nan nan nan nan nan 234 234 233 232 231 230 230 229 229 229 228 228 228 228 227 227 227 227 227 227 226 226 226 226 225 225 225 224 224 223 223 223 222 221 221 220 220 220 220 220 219 219 219 218 218 217 217 216
nan nan nan nan nan nan nan nan nan nan nan nan nan nan nan nan nan nan nan nan nan nan nan nan nan nan nan nan nan nan nan nan nan nan nan nan nan nan nan nan nan nan nan nan nan nan nan 234 233 232 231 231 230 229 229 229 229 228 228 228 228 227 227 227 227 227 226 226 226 226 226 225 225 225 224 224 224 223 223 222 222 221 221 221 221 220 220 220 220 219 219 218 218 218
nan nan nan nan nan nan nan nan nan nan nan nan nan nan nan nan nan nan nan nan nan nan nan nan nan nan nan nan nan nan nan nan nan nan nan nan nan nan nan nan nan nan nan nan nan nan nan nan nan 232 232 231 230 230 230 229 229 228 228 228 228 228 227 227 227 227 227 227 226 226 226 226 225 225 225 225 224 224 223 223 223 222 222 222 221 221 221 221 220 220 220 219 219 218
