ecocropFuture/tif/c6/rcp585/ACCESS-CM2/tmin_12.asc
ncols        683
nrows        518
xllcorner    -87.691666666667
yllcorner    10.708333333333
cellsize     0.008333333333
NODATA_value  nan
[rows 210 to 251 of 518, columns 94 to 187 of 683]
nan 208 206 199 191 188 185 182 184 187 190 179 178 182 183 182 176 174 166 175 188 195 198 198 193 188 172 165 173 169 165 155 165 166 156 164 179 188 182 180 185 188 181 162 161 157 150 147 143 148 156 157 159 163 167 169 162 163 163 165 160 158 162 164 167 170 179 176 170 159 149 154 149 145 144 141 140 143 142 149 160 163 163 157 161 162 158 159 159 156 148 137 130 130
210 208 205 199 198 195 192 192 192 188 195 190 191 189 185 181 183 188 174 172 182 187 189 201 194 182 167 170 177 177 173 172 174 166 153 163 179 189 191 189 193 192 179 166 172 171 167 162 153 148 149 147 152 155 160 164 161 152 153 155 158 157 161 164 167 171 178 176 168 160 152 149 145 141 139 139 139 139 145 153 155 156 158 157 153 154 151 153 147 147 144 137 131 134
213 211 208 204 199 192 193 198 199 193 198 199 195 187 181 183 188 195 187 175 173 178 194 203 196 185 176 177 183 185 185 178 171 162 153 171 183 189 195 195 196 187 175 179 183 174 177 172 164 150 145 145 149 144 144 155 163 159 157 156 160 161 161 165 168 169 173 177 171 169 159 149 153 147 143 138 138 137 142 146 148 148 149 149 143 144 143 144 140 143 141 139 138 138
212 209 208 204 199 193 194 201 203 199 199 201 198 193 187 186 192 197 193 182 178 185 195 201 203 198 189 178 179 191 186 172 160 154 161 176 185 190 192 197 197 183 183 191 185 185 181 174 166 158 155 152 143 142 141 154 156 159 159 158 161 160 163 167 168 169 170 175 175 174 167 153 155 153 148 142 137 136 137 138 139 139 139 140 137 139 149 154 155 153 151 146 145 145
212 212 208 203 197 194 198 201 204 203 203 204 201 199 197 196 199 199 194 187 187 196 201 204 204 193 186 176 184 193 185 169 159 159 166 182 191 196 197 200 199 187 188 194 190 185 180 178 174 175 170 165 149 148 145 144 149 153 158 160 162 162 163 166 168 169 170 170 173 175 167 163 163 156 151 148 140 137 138 139 137 136 137 139 137 137 144 157 161 159 156 154 149 151
215 212 208 205 204 204 207 206 207 202 205 203 203 205 203 203 202 198 201 198 192 199 204 206 204 195 193 187 192 193 184 171 169 172 165 178 190 197 201 203 202 199 196 197 190 183 180 185 180 183 181 175 165 154 142 142 147 153 156 159 163 163 163 165 166 170 171 172 175 173 169 167 165 160 154 147 143 142 142 139 137 136 142 146 144 142 149 156 164 161 160 160 152 153
214 212 210 210 203 202 205 210 211 205 209 203 203 205 208 206 205 204 203 206 201 203 203 206 203 201 202 200 197 189 183 177 184 180 173 180 192 192 203 205 201 198 195 198 194 190 185 188 186 182 175 174 170 159 149 145 147 151 157 159 164 164 163 165 165 167 171 174 173 169 163 158 158 159 155 149 149 147 142 139 138 137 145 152 150 147 148 158 162 166 165 159 154 151
213 211 211 211 211 205 201 202 211 212 209 203 203 207 204 201 199 204 206 207 208 207 205 209 204 205 205 203 193 186 180 186 195 182 184 194 202 202 206 206 204 201 197 201 199 195 191 190 189 186 180 172 161 156 152 154 153 154 158 160 163 165 164 165 165 167 169 173 171 167 161 156 148 148 150 151 149 149 144 143 145 142 147 154 155 149 152 155 157 166 167 161 157 157
213 212 214 213 214 213 210 206 205 213 209 202 205 211 210 205 204 201 205 209 210 209 210 210 209 208 207 206 201 196 191 188 200 194 196 204 207 207 207 207 206 201 195 202 202 200 196 191 189 192 187 176 162 152 153 156 156 158 158 163 166 167 166 167 168 169 170 172 170 166 159 153 146 144 144 144 143 146 144 144 146 145 152 158 157 155 157 159 162 167 167 164 162 164
214 214 212 212 214 214 215 214 211 212 211 209 210 213 207 202 203 199 199 207 211 210 211 210 210 207 208 207 204 204 199 197 197 204 204 209 209 208 208 207 206 203 203 204 203 200 199 197 192 193 188 181 168 158 156 158 160 159 156 160 165 167 168 169 170 171 170 171 170 166 160 152 146 144 143 142 142 142 143 143 148 150 154 160 161 159 161 163 165 169 169 167 166 159
215 212 210 212 213 212 214 216 217 216 210 210 215 206 199 195 200 195 199 206 210 212 210 210 209 209 210 207 207 206 208 209 205 207 210 211 210 209 209 208 207 206 205 203 200 198 193 193 194 193 185 176 162 155 156 158 162 158 157 160 163 163 165 169 171 171 172 172 170 164 159 151 147 145 145 143 142 139 140 144 152 156 159 162 164 162 164 167 168 170 169 166 161 157
216 214 214 214 212 211 211 215 218 217 218 217 216 206 201 196 197 194 200 205 209 209 209 210 209 208 210 210 208 209 212 210 207 204 210 211 210 209 209 208 206 205 205 204 201 195 187 185 187 193 185 175 159 149 149 154 160 163 160 160 163 164 165 169 171 172 171 171 169 163 157 149 148 148 146 146 143 140 141 146 148 154 158 163 166 162 166 169 171 172 170 165 159 156
218 211 217 219 211 210 209 211 218 219 220 220 219 216 212 209 209 205 207 210 210 204 206 208 209 209 211 210 208 211 212 205 198 204 210 210 207 208 208 207 202 196 202 202 200 197 192 183 182 191 186 173 167 158 152 153 159 163 160 158 164 166 168 170 171 171 169 170 169 164 157 148 148 149 149 147 146 144 144 146 148 150 154 162 167 164 167 171 173 172 168 162 160 161
218 213 216 219 213 215 216 212 215 218 219 219 221 219 218 216 215 211 212 212 204 199 202 204 209 212 211 213 212 213 212 210 206 209 210 209 208 207 204 203 195 193 199 201 198 193 189 182 173 184 188 182 177 169 155 152 159 163 160 161 166 169 170 171 171 168 168 171 170 166 158 152 148 146 152 153 150 147 146 147 152 156 158 162 169 166 166 169 174 173 167 163 163 168
220 217 220 217 215 218 219 214 217 219 219 218 221 220 218 217 216 213 215 215 207 199 201 204 205 209 213 214 214 211 209 206 203 209 209 209 208 205 204 199 188 194 196 199 194 192 186 179 170 176 187 185 180 170 161 154 161 159 161 162 166 168 169 170 170 167 168 170 169 164 157 154 154 149 155 156 150 148 149 149 151 155 158 162 164 170 169 172 175 172 168 169 170 172
219 222 222 221 220 220 219 215 219 221 221 221 221 220 220 220 218 216 215 214 210 204 209 206 210 214 214 211 209 211 210 208 206 207 208 207 206 200 200 196 191 196 196 191 188 185 183 177 163 175 184 181 173 170 166 154 157 155 156 156 163 166 165 168 170 170 169 170 169 165 157 152 156 153 153 160 157 156 152 147 148 153 157 161 166 169 169 173 174 171 170 176 175 175
222 223 222 222 222 222 220 219 222 223 222 222 221 221 220 219 219 218 217 211 212 210 209 208 216 214 211 208 208 209 211 206 205 207 207 202 200 196 191 187 190 187 190 183 176 179 179 168 153 170 179 175 171 159 154 156 155 153 151 152 159 160 163 166 169 170 171 171 170 168 161 158 157 155 154 158 161 161 156 147 148 151 157 162 166 172 167 175 172 169 174 179 180 177
222 223 223 223 222 220 217 221 223 223 222 222 221 221 221 220 220 219 219 212 213 213 212 213 216 217 215 214 214 211 209 199 198 203 200 195 192 192 183 179 181 181 182 177 165 172 168 158 153 170 170 160 159 153 150 153 153 148 145 151 154 159 163 166 169 170 170 170 170 169 164 162 158 154 161 161 164 163 164 157 159 158 161 166 171 171 170 173 172 168 175 180 180 179
224 223 223 223 223 222 219 222 223 222 222 222 221 221 220 220 220 220 218 216 213 213 215 220 219 220 219 215 215 213 210 200 197 198 194 184 178 180 180 175 178 179 182 178 169 165 158 151 157 162 152 147 147 146 147 148 147 140 139 147 153 160 164 166 168 170 170 170 170 169 162 159 157 157 159 157 158 154 163 166 168 169 169 170 174 174 170 175 175 170 176 180 178 175
224 223 223 223 223 222 222 223 222 219 217 220 221 221 220 220 221 221 218 219 220 215 212 218 221 220 217 216 214 215 212 205 196 195 192 184 181 180 183 181 187 187 185 179 175 167 161 156 154 148 147 154 156 153 153 147 142 136 136 147 156 160 165 167 169 170 170 170 170 168 165 162 162 162 155 147 147 150 152 156 161 167 167 168 170 175 175 176 177 177 178 180 175 171
224 223 224 224 223 223 223 223 222 220 220 221 221 221 220 219 221 221 218 221 221 221 216 219 220 221 220 218 215 216 212 207 201 205 198 191 186 186 192 191 191 191 187 181 176 168 159 166 167 160 154 162 169 170 164 148 137 135 138 150 155 158 163 167 169 169 169 169 169 164 162 161 160 156 153 146 145 150 156 161 165 161 162 163 166 167 171 169 171 174 176 175 172 173
224 224 223 223 223 223 223 223 222 221 220 220 221 220 220 221 221 223 222 222 222 220 222 221 218 219 220 218 216 215 212 209 209 207 197 192 190 192 198 201 198 188 187 182 176 171 160 170 176 170 159 168 176 171 157 148 142 135 144 154 157 158 163 167 168 169 169 169 168 164 161 160 157 149 147 149 149 151 154 157 157 156 160 165 168 171 170 170 170 170 170 167 169 173
224 224 224 224 224 224 224 223 222 222 220 220 221 222 220 221 222 222 223 224 223 220 220 217 214 216 218 217 217 213 213 211 207 205 194 187 191 195 196 202 197 188 185 183 178 172 161 171 181 178 175 174 182 174 164 161 155 143 148 153 161 163 161 165 168 169 168 169 164 162 158 155 153 153 157 162 158 157 160 156 150 150 156 162 168 175 175 177 175 173 171 164 166 168
225 224 224 224 224 224 223 223 223 223 222 222 223 223 223 222 223 221 219 222 223 221 220 219 215 211 212 210 211 214 213 208 203 205 196 189 192 198 201 202 196 189 187 181 179 179 172 169 183 186 186 184 184 175 171 171 166 158 156 161 162 163 164 166 168 168 168 168 163 161 156 156 160 160 166 170 170 169 172 163 148 150 158 162 170 173 178 180 181 179 172 167 167 168
225 225 224 224 224 224 224 223 223 224 223 223 223 223 224 224 223 222 221 220 222 220 217 219 219 216 211 207 202 204 207 208 206 207 204 200 202 201 204 204 199 195 190 188 185 184 181 170 176 186 190 191 184 182 179 171 166 159 159 161 155 154 165 168 168 167 168 167 165 158 154 161 168 170 173 174 176 179 178 166 162 158 169 164 159 169 172 176 184 182 172 168 167 167
225 225 224 225 225 224 224 224 224 224 224 224 224 224 224 224 224 223 221 218 220 221 216 215 216 217 214 206 199 201 200 201 207 209 208 207 207 207 207 206 203 201 193 190 189 189 185 182 184 188 192 192 179 171 171 165 153 148 148 153 156 161 167 168 168 167 167 167 165 161 154 162 167 171 169 166 172 178 180 173 174 172 175 170 161 166 168 174 182 183 172 170 168 169
225 225 225 225 225 224 223 224 223 224 224 224 224 223 222 222 222 223 222 219 219 219 217 213 213 215 215 211 206 208 207 207 209 209 209 208 208 208 208 207 205 197 189 187 187 188 187 188 190 194 194 195 184 170 166 160 159 156 144 148 158 162 165 165 165 167 166 165 164 162 158 157 162 168 168 164 167 174 181 182 179 182 174 168 170 173 173 178 187 182 174 179 172 172
225 225 225 224 224 225 224 225 222 222 223 222 223 223 222 222 222 223 222 221 220 220 217 213 209 210 211 213 211 210 206 208 209 209 209 209 209 208 207 204 203 198 196 183 185 190 190 190 190 196 198 196 188 183 176 172 173 163 153 152 157 163 164 166 165 166 165 159 159 159 160 158 156 160 158 160 166 170 177 179 185 185 173 175 181 185 184 186 190 186 185 183 181 182
226 225 225 225 225 225 225 225 225 223 223 223 224 223 223 224 223 223 221 219 215 214 219 215 215 213 211 214 211 208 204 204 208 208 206 208 208 207 204 201 200 204 200 188 181 189 192 190 190 195 199 196 193 190 187 185 178 174 159 155 160 162 163 164 162 164 163 160 158 160 160 156 151 148 152 160 165 168 172 179 182 186 182 174 185 189 188 192 192 189 190 189 188 187
226 226 226 225 225 225 226 225 225 224 225 224 224 223 224 223 221 222 221 220 216 210 212 214 211 212 213 211 210 201 202 203 206 205 201 205 207 210 210 206 205 205 201 189 185 191 194 192 194 198 200 196 192 191 192 191 187 179 167 155 157 158 158 159 154 161 161 157 158 158 159 159 154 143 151 161 168 173 170 173 178 183 187 181 189 191 193 193 193 194 194 193 191 191
227 227 226 226 226 226 226 225 225 225 225 224 223 224 225 223 221 223 222 221 221 219 217 214 211 205 209 209 209 207 208 206 205 205 204 206 209 211 211 211 209 200 200 189 187 192 196 194 197 199 200 198 195 191 192 193 191 182 170 161 155 157 155 152 154 158 160 158 156 158 162 162 153 147 154 164 170 179 177 176 180 184 189 187 192 192 191 191 190 187 189 194 194 194
227 226 226 224 226 225 225 225 225 225 224 224 223 223 224 225 224 224 224 223 223 223 221 220 218 214 213 214 212 211 210 207 206 204 206 207 209 210 208 212 210 202 193 191 193 190 197 200 199 200 201 197 199 193 193 193 190 187 178 167 154 154 149 147 148 154 156 158 155 157 162 163 157 161 165 172 176 179 177 179 186 190 190 190 190 192 190 189 184 180 184 193 196 195
227 227 226 225 225 225 225 225 224 225 225 223 225 225 224 225 225 225 225 224 224 224 223 223 220 219 217 214 207 210 213 209 208 208 206 211 213 214 213 213 211 208 198 196 201 195 197 202 202 200 203 203 202 199 194 184 183 183 176 160 150 150 143 143 144 148 151 158 155 156 162 164 165 168 173 174 180 181 182 181 186 190 188 184 186 191 192 188 180 176 183 192 197 195
227 227 227 226 224 223 224 224 225 225 224 224 224 225 225 225 225 225 225 224 222 223 222 220 222 221 218 214 208 211 215 211 210 214 215 215 211 211 213 214 212 210 206 204 202 201 196 202 204 202 203 200 200 200 196 183 181 178 171 154 151 150 140 138 141 144 152 156 153 155 161 163 164 167 166 172 175 176 182 186 187 186 189 185 186 190 191 190 183 180 183 192 197 196
227 227 225 226 226 224 225 225 225 225 225 224 225 225 225 225 225 224 224 224 222 222 218 211 220 221 216 211 208 210 216 215 214 218 216 210 205 204 208 213 213 212 210 206 203 205 202 203 204 202 204 200 199 200 195 186 184 178 173 159 165 155 145 144 136 141 149 153 149 153 160 161 158 159 160 163 168 173 178 178 186 189 183 177 182 188 190 190 186 185 183 187 194 194
228 227 226 227 226 225 226 226 226 225 225 224 224 225 225 225 225 224 224 223 223 222 220 215 218 221 220 216 211 212 217 218 218 218 216 210 202 200 205 212 214 212 210 207 206 205 205 204 202 203 203 201 198 199 197 187 182 181 181 174 176 165 157 149 138 141 142 146 148 150 153 155 155 162 161 158 166 172 171 174 182 185 172 174 180 186 189 189 187 185 182 185 190 192
228 227 227 227 227 227 227 227 226 226 226 225 225 225 224 224 224 224 223 222 220 221 221 219 217 220 220 220 216 216 219 219 218 217 216 211 205 203 206 213 214 212 207 198 200 203 203 199 198 202 202 196 196 197 197 189 184 185 185 181 175 169 160 147 143 144 144 143 146 156 158 158 158 165 167 164 171 178 176 179 187 181 169 171 176 185 191 190 189 186 183 188 190 194
228 227 228 227 227 227 227 227 226 226 226 225 225 224 223 223 223 223 222 222 220 219 219 220 217 217 219 220 219 219 218 219 219 218 218 214 210 206 211 215 212 206 205 196 196 201 201 195 199 202 201 198 196 195 195 188 185 186 186 183 178 169 160 148 145 146 146 144 145 151 160 166 167 169 174 176 180 180 182 184 182 186 182 174 172 184 192 194 194 191 190 192 191 196
228 228 228 228 228 227 227 227 226 226 226 225 224 224 224 223 223 222 221 220 219 219 217 219 219 215 212 216 219 216 216 218 219 219 218 217 214 211 214 216 213 201 201 200 203 206 204 199 198 199 201 201 200 196 194 189 183 183 186 186 182 177 163 156 156 156 153 147 147 150 159 164 164 175 179 177 170 162 171 172 171 184 187 179 169 183 191 194 194 198 197 191 192 198
229 228 228 228 228 227 227 227 226 226 225 225 224 224 224 223 221 219 220 219 215 218 217 218 218 213 209 213 218 215 214 216 218 219 219 218 217 214 215 216 215 206 208 209 207 205 202 199 191 193 197 200 201 200 197 194 185 179 185 189 180 170 163 162 169 166 165 154 152 153 162 160 157 165 170 165 158 158 162 162 164 172 188 190 180 188 195 196 194 198 193 189 191 199
229 229 228 228 228 227 227 227 226 226 225 225 225 224 224 224 222 220 220 219 218 219 220 218 216 216 215 216 218 216 215 215 218 219 219 218 216 214 216 216 216 213 212 206 202 200 199 195 187 183 191 198 200 199 197 193 179 178 184 192 184 172 170 175 179 174 172 165 158 159 162 154 150 156 161 157 155 158 160 166 172 176 191 197 196 195 198 199 195 199 194 189 199 200
229 229 228 228 228 227 227 226 226 226 225 225 225 224 224 224 222 221 222 221 220 220 221 220 217 217 215 216 216 216 215 215 217 219 219 218 218 217 217 217 216 213 211 206 201 205 204 199 193 185 186 195 199 199 197 189 174 180 189 193 189 182 182 187 188 182 169 167 162 156 155 150 150 152 151 150 154 158 165 176 181 188 193 196 199 200 200 200 196 200 198 191 198 201
