ecocropFuture/tif/c6/rcp585/ACCESS-CM2/tmin_1.asc
ncols        683
nrows        518
xllcorner    -87.691666666667
yllcorner    10.708333333333
cellsize     0.008333333333
NODATA_value  nan
[rows 126 to 167 of 518, columns 188 to 281 of 683]
161 167 170 171 172 172 172 172 171 169 168 167 166 168 176 181 182 nan nan nan nan nan nan nan nan nan nan nan nan nan nan nan nan nan nan nan nan nan nan nan nan nan nan nan nan nan 195 196 190 185 182 193 194 196 191 191 193 186 186 190 189 185 179 178 183 187 189 192 191 189 183 189 186 176 182 189 194 190 192 190 189 188 185 183 182 184 183 180 181 186 190 203 207 207
165 169 170 171 172 172 172 172 171 168 167 168 172 175 179 182 180 182 182 nan nan nan nan nan nan nan nan nan nan nan nan nan nan nan nan nan nan nan nan nan nan nan nan 186 195 188 191 192 189 183 181 191 193 194 193 188 189 181 181 189 188 187 179 178 185 189 192 188 183 188 192 189 186 179 179 186 190 193 192 192 192 190 190 187 186 186 181 181 186 190 203 206 206 206
166 169 171 172 172 173 172 170 167 170 174 174 177 180 181 178 176 180 181 182 nan nan nan nan nan nan nan nan nan nan nan nan nan nan nan nan nan nan nan nan nan nan nan 185 195 187 184 189 184 176 180 190 188 185 190 182 184 184 180 185 185 182 176 183 187 190 187 184 177 187 191 182 178 176 178 184 189 188 193 191 186 187 184 188 188 183 182 184 197 203 205 206 206 205
168 170 171 172 172 173 171 165 169 174 177 178 180 180 175 174 178 177 177 181 183 nan nan nan nan nan nan nan nan nan nan nan nan nan nan nan nan nan nan nan nan nan nan 186 195 188 180 181 178 171 180 188 179 179 188 179 182 183 180 182 183 181 178 182 183 187 185 181 177 185 188 174 169 176 180 184 185 190 191 190 190 187 181 186 185 184 185 193 196 203 205 206 206 205
169 170 171 172 172 172 166 166 172 175 177 179 179 176 172 176 176 171 173 176 176 177 nan nan nan nan nan nan nan nan nan nan nan nan nan nan nan nan nan nan nan nan nan 188 194 188 180 173 167 171 183 185 173 179 186 178 180 180 177 179 182 178 179 179 181 188 185 177 172 181 185 177 174 175 172 178 184 190 189 187 189 186 182 184 185 189 185 193 200 204 206 205 205 203
169 170 171 172 171 168 166 168 174 176 178 178 175 170 174 174 173 171 171 171 169 170 177 182 nan nan nan nan nan nan nan nan nan nan nan nan nan nan nan nan nan nan nan 183 195 192 187 176 167 175 184 178 172 181 183 178 182 181 177 175 178 176 179 182 183 187 180 177 176 183 186 179 171 163 163 175 185 191 188 185 180 182 180 183 190 189 194 198 203 204 205 205 205 200
170 171 171 172 168 164 169 171 172 175 177 176 168 170 171 171 169 168 165 165 171 174 174 176 nan nan nan 179 186 181 189 191 191 nan nan nan nan nan nan nan nan nan nan 189 196 189 182 174 167 177 179 170 174 179 178 176 180 178 175 174 173 175 176 183 187 185 178 175 179 180 185 180 172 166 167 175 186 190 189 182 177 181 183 192 195 196 199 201 203 205 204 204 204 196
170 171 171 170 166 169 171 173 175 175 175 173 168 171 171 171 168 164 166 169 174 179 177 178 181 nan nan 178 185 177 188 190 188 190 nan nan nan nan nan nan nan nan nan 192 195 186 185 177 170 177 170 169 176 175 173 176 180 178 173 172 171 177 180 181 186 183 178 172 178 178 178 176 176 172 170 177 186 187 186 185 185 184 190 197 198 199 201 202 204 205 205 205 201 195
171 171 171 166 166 168 170 170 172 172 175 172 173 173 170 175 172 165 164 174 176 182 183 184 183 180 184 186 183 175 179 188 179 187 nan nan nan nan nan nan nan nan nan 190 195 192 187 182 170 172 169 175 180 179 178 175 176 177 174 170 170 174 174 177 183 182 178 173 171 170 177 176 174 172 171 178 179 182 186 184 184 185 195 194 194 196 201 203 204 204 204 203 193 196
171 171 168 165 167 169 168 167 170 172 173 173 176 176 175 177 177 171 167 172 178 182 178 176 175 171 181 179 177 178 180 184 184 189 nan nan nan nan nan nan nan nan nan 193 191 187 183 177 174 173 175 183 181 184 179 177 174 173 175 171 170 172 178 181 183 181 176 172 171 172 174 174 170 172 169 170 177 183 184 178 181 190 192 188 194 197 201 203 203 203 204 203 192 203
171 171 164 163 166 165 163 163 170 172 172 171 174 171 174 169 173 178 177 175 176 181 173 165 165 174 182 173 172 173 166 180 188 192 nan nan nan nan nan nan nan nan nan 196 189 189 183 176 182 179 183 188 185 185 182 181 175 170 173 172 169 172 178 180 178 176 176 171 173 170 167 171 165 167 163 168 174 178 184 180 188 191 191 193 198 200 202 203 203 203 203 200 201 203
171 169 162 162 161 163 166 167 170 172 172 174 172 170 167 163 168 170 179 175 176 179 169 159 162 174 177 170 171 168 175 181 186 191 nan nan nan nan nan nan nan nan nan 192 196 192 185 187 189 189 191 188 189 187 185 181 178 174 169 172 170 173 178 178 171 168 170 170 172 171 166 170 168 162 160 163 169 172 179 186 187 186 194 197 199 201 201 202 203 203 203 204 203 200
171 165 161 161 164 167 169 171 172 171 173 168 169 166 160 161 168 174 178 179 180 178 174 163 159 167 167 162 164 163 174 185 188 186 187 192 nan nan nan nan nan nan nan nan 189 192 195 190 195 193 187 186 185 186 184 182 180 177 172 169 168 173 174 178 173 169 165 160 163 172 168 165 166 161 154 158 167 173 179 180 176 187 193 192 198 200 200 201 203 202 197 202 203 202
169 164 158 160 161 163 166 169 171 171 172 170 166 159 161 169 174 175 176 175 176 170 172 159 152 157 160 155 161 167 173 184 181 181 180 191 nan nan nan nan nan nan nan nan nan 184 196 196 189 190 189 186 184 183 183 183 179 179 175 170 168 168 171 176 173 169 161 157 166 172 172 168 162 158 155 164 171 172 170 170 179 186 191 197 200 199 196 193 201 202 198 202 202 201
163 160 161 162 164 165 167 168 168 169 170 169 165 157 162 171 175 176 172 172 169 165 170 163 159 153 158 158 171 180 181 185 176 174 173 187 191 nan nan nan nan nan nan nan nan nan 197 197 192 191 187 187 188 188 183 180 181 178 176 175 169 164 166 171 172 169 163 163 170 172 170 168 163 160 163 164 162 165 165 171 182 189 193 198 199 196 192 193 198 202 200 200 199 196
161 160 161 162 163 165 167 167 167 168 168 166 159 157 166 171 170 172 169 169 162 155 165 167 162 152 152 162 177 183 183 187 184 175 180 187 187 189 nan nan 192 193 189 194 nan 194 195 192 196 196 193 192 192 187 183 185 184 179 178 177 171 168 164 166 165 165 166 168 170 169 167 168 167 168 168 159 167 171 174 181 182 189 197 198 198 195 191 191 198 202 202 202 195 186
162 159 161 164 165 166 167 168 168 169 167 160 154 151 164 162 163 171 169 162 155 155 166 161 153 148 155 161 173 183 186 184 177 177 185 186 180 176 185 190 186 180 179 191 197 197 191 190 193 193 195 196 192 186 186 187 184 181 181 177 173 172 164 159 160 159 161 164 166 168 165 172 172 174 171 164 167 174 183 187 184 193 196 195 194 192 190 195 200 202 203 202 197 184
159 160 164 166 166 167 167 167 165 166 165 163 155 149 156 160 165 166 165 154 144 155 165 155 146 149 160 162 168 178 183 176 173 181 182 181 179 177 185 182 178 177 185 193 197 192 190 190 190 188 190 195 191 186 188 190 186 181 182 175 176 171 163 156 152 147 150 155 159 163 173 175 175 176 168 172 168 174 180 185 192 196 192 191 196 195 192 198 202 202 203 202 200 192
162 161 164 164 165 166 165 163 160 164 164 160 153 149 152 156 157 161 156 148 145 154 159 152 149 154 158 161 164 167 179 174 177 172 175 179 176 181 179 178 181 188 190 197 193 193 189 188 189 186 191 196 194 191 192 188 184 180 183 178 179 174 168 161 153 148 147 154 156 160 167 177 180 179 179 175 169 178 186 190 195 194 195 194 198 198 199 200 202 201 200 200 202 198
160 162 164 166 166 166 165 163 160 162 160 157 152 151 152 149 150 151 147 143 149 150 157 152 152 157 159 161 161 171 177 171 166 166 174 173 171 173 177 186 187 193 196 196 191 191 188 186 186 188 193 193 193 195 189 186 183 183 184 183 181 178 173 168 159 150 146 147 151 156 165 175 182 185 183 179 176 181 190 195 195 196 198 198 199 200 201 202 202 202 199 195 198 201
160 163 165 168 168 166 166 161 157 157 155 153 154 155 153 150 145 145 147 148 151 154 151 149 152 153 153 158 166 175 175 167 163 172 176 178 175 174 180 186 192 195 194 192 192 189 187 184 186 190 191 188 192 194 192 190 188 188 186 182 177 170 166 170 165 157 152 145 149 158 169 177 182 184 188 186 184 186 187 193 195 198 198 198 199 200 201 201 199 199 198 195 194 199
160 163 168 170 170 169 167 162 155 155 156 157 155 156 153 148 144 146 148 148 146 151 152 149 151 155 162 168 174 174 170 163 169 176 182 184 186 185 187 191 196 194 189 192 190 189 187 185 189 189 187 188 192 192 187 190 186 182 179 176 174 165 154 159 167 159 148 145 150 158 170 175 183 186 189 189 187 184 191 191 196 198 199 200 200 200 199 201 198 192 196 194 193 196
166 169 171 171 171 169 165 159 153 156 157 159 157 158 154 148 144 146 145 144 145 151 153 150 158 164 168 174 172 168 169 167 173 176 178 181 182 189 193 195 196 189 187 189 189 187 185 185 187 186 187 189 191 192 187 189 185 183 179 175 170 162 151 155 160 157 151 151 155 160 168 172 180 185 189 189 189 190 194 192 196 198 199 200 200 199 198 201 195 195 198 196 192 195
169 171 173 173 172 168 164 157 153 156 158 158 160 158 156 150 145 145 146 144 148 151 151 152 158 164 170 171 165 165 169 175 178 179 178 178 184 191 190 194 194 190 189 190 187 186 184 186 184 187 189 191 193 190 186 186 184 180 180 173 163 155 149 144 146 151 160 156 156 162 165 167 176 185 189 190 190 194 194 192 196 198 199 200 200 201 201 202 198 199 198 197 194 193
171 173 174 173 171 167 160 155 155 157 158 158 161 156 152 148 147 149 150 147 147 149 150 154 162 165 171 167 163 165 169 176 181 183 184 183 189 189 188 192 196 193 193 192 190 188 183 183 186 187 188 190 193 186 183 183 183 183 179 171 164 157 149 143 146 152 163 164 159 161 161 162 169 182 190 189 193 195 194 197 197 198 199 199 199 200 201 201 199 199 198 198 197 195
174 175 174 172 171 166 158 156 157 159 159 159 161 158 149 149 152 151 152 149 145 147 150 159 161 167 169 165 161 165 173 179 181 186 188 189 190 187 189 189 192 196 193 190 190 188 183 181 185 186 185 188 192 191 185 182 178 179 176 174 164 156 154 148 150 153 166 170 162 160 161 164 171 180 191 192 194 191 192 196 197 198 198 199 200 200 201 201 200 200 199 199 198 198
176 175 174 173 171 168 165 159 158 158 159 159 162 156 148 151 156 153 151 149 146 152 155 159 163 164 166 163 161 165 170 176 183 183 185 185 187 185 184 187 192 195 188 186 189 186 184 182 182 186 187 190 185 188 191 186 180 176 169 169 169 160 162 158 159 154 159 171 168 168 166 168 174 183 191 192 195 186 192 194 197 198 199 199 200 200 200 200 200 200 199 198 198 197
176 174 173 172 171 170 165 162 164 161 158 162 161 154 154 156 156 148 148 148 149 155 159 161 157 161 162 161 165 169 173 181 184 182 184 182 184 186 188 191 196 189 184 186 187 185 181 183 184 188 187 185 181 186 190 185 176 169 159 162 166 164 166 166 160 159 159 167 176 172 166 173 181 183 189 193 195 186 190 195 197 198 199 199 200 199 199 200 199 199 199 198 196 197
177 174 173 172 172 171 166 167 165 160 160 164 158 152 156 160 154 151 151 148 154 159 159 162 158 160 160 160 165 171 176 179 179 181 179 178 183 181 188 192 195 190 186 187 185 184 179 180 186 187 181 181 185 183 185 187 177 175 165 157 161 166 169 170 164 162 162 164 175 179 173 167 179 183 189 193 193 187 189 194 195 198 199 199 199 199 198 199 199 199 199 198 196 196
178 176 174 174 174 171 167 169 167 162 158 165 158 158 160 161 156 151 155 152 158 162 163 165 166 164 160 159 157 164 173 177 176 175 175 177 177 184 188 191 196 190 188 189 186 184 180 182 185 184 179 180 184 177 174 183 183 185 174 166 169 162 169 171 170 166 165 167 173 182 173 170 176 180 189 193 187 183 192 196 197 198 198 199 198 198 198 198 198 197 197 197 196 195
178 175 173 176 173 172 171 170 165 157 158 163 166 163 158 160 158 158 157 154 160 161 159 162 169 165 160 154 157 164 173 173 171 172 174 178 183 187 189 191 195 192 192 188 185 182 178 178 182 182 180 177 179 179 167 170 179 184 183 174 173 163 166 173 170 164 164 163 171 182 177 174 174 181 191 191 184 188 193 196 197 197 199 199 198 197 197 197 197 196 196 196 192 194
176 178 177 174 173 170 168 166 160 156 153 163 162 156 154 158 154 154 156 155 160 159 161 166 167 170 162 157 165 169 172 171 170 176 181 185 185 187 189 194 195 192 190 189 186 183 177 174 180 177 174 173 170 176 170 169 171 175 180 182 171 171 173 172 174 170 165 163 172 178 183 176 174 183 189 191 187 190 192 196 197 194 198 199 198 197 196 195 191 187 186 191 192 193
176 177 178 176 173 171 168 161 156 154 160 165 163 159 155 151 148 151 153 158 162 165 165 163 169 169 157 155 164 167 169 169 171 179 182 185 188 190 192 195 195 192 191 188 185 179 173 173 178 171 166 170 164 167 172 168 168 164 169 181 180 179 177 175 173 174 169 170 178 180 182 176 175 178 188 189 189 191 193 196 198 198 198 199 197 197 196 193 187 177 180 187 192 192
177 176 176 178 175 174 166 162 158 155 160 161 168 166 161 152 151 147 151 161 166 168 167 163 168 168 162 166 167 170 170 171 175 184 187 188 189 192 194 194 190 193 190 189 185 181 171 171 176 174 165 165 165 167 173 174 171 171 168 174 181 174 168 163 166 173 171 172 180 184 184 181 179 179 189 190 189 191 193 197 197 198 197 199 196 196 194 195 189 181 179 186 191 190
174 174 175 177 177 169 162 160 163 159 158 160 169 163 157 154 152 150 160 164 168 171 171 167 171 175 173 172 173 172 176 171 179 183 185 187 187 190 196 192 188 192 190 187 183 177 174 175 172 167 164 164 170 170 173 176 176 176 176 178 179 174 166 160 159 166 173 172 173 183 187 184 182 187 193 193 192 191 197 197 197 198 199 198 196 192 193 193 190 185 183 185 189 186
174 174 175 178 175 166 162 161 165 167 168 164 171 163 158 156 151 158 166 168 166 169 173 169 169 174 179 174 177 174 178 176 180 180 184 188 192 195 194 191 187 192 188 187 184 183 179 173 169 163 167 170 171 172 174 175 177 174 175 178 177 176 168 167 161 160 174 181 175 185 190 181 186 191 194 194 190 192 197 197 198 198 197 193 195 192 183 185 188 184 185 189 188 188
174 174 174 177 175 168 164 164 164 169 172 169 168 164 162 157 159 169 169 171 167 171 173 174 175 175 178 182 180 173 178 181 182 177 181 188 193 195 191 191 187 189 190 188 187 187 183 172 164 161 166 172 172 171 175 177 177 176 176 179 177 176 174 170 162 162 169 182 185 189 189 182 188 193 195 195 189 193 196 198 198 197 193 191 192 190 176 175 179 180 187 191 188 191
173 173 176 177 178 170 172 171 171 175 172 170 171 160 154 157 169 173 173 170 169 172 175 176 178 177 178 177 183 174 174 182 178 175 181 184 189 194 190 186 188 188 186 180 177 184 182 169 160 161 169 171 172 174 175 177 175 174 178 176 172 173 170 167 166 166 170 178 187 192 190 182 191 194 192 195 196 197 197 198 197 196 195 193 192 188 175 170 175 182 187 192 193 195
175 176 178 177 178 178 178 179 178 180 173 169 175 169 162 166 174 176 171 167 167 171 173 177 179 182 182 180 186 178 178 184 181 179 181 189 191 195 193 192 190 187 184 182 180 179 181 176 165 162 168 171 172 174 173 173 173 175 178 175 169 164 169 171 171 172 176 180 177 187 193 188 189 193 189 192 196 196 195 198 197 196 194 190 189 179 170 164 173 184 186 191 195 197
175 176 177 173 177 170 172 175 172 180 177 170 172 176 175 175 178 175 170 166 168 172 171 174 178 181 182 183 186 185 186 187 188 186 183 189 195 194 190 188 188 184 183 180 179 176 170 176 171 163 165 170 167 168 171 167 174 175 177 176 171 169 172 176 174 178 183 184 180 188 191 193 191 193 192 193 197 197 194 197 197 193 190 193 178 172 172 173 173 183 190 192 193 196
173 174 177 174 172 169 169 169 172 178 180 177 178 177 180 181 177 174 171 164 166 167 172 174 177 183 185 182 185 184 188 188 192 192 187 188 194 196 192 191 188 183 176 172 175 170 163 169 172 161 159 166 160 166 166 167 175 175 175 176 175 173 171 177 178 181 185 185 177 181 188 191 194 194 195 197 195 192 192 197 197 196 196 192 182 178 173 179 179 179 187 190 193 196
173 177 174 172 171 165 164 164 169 172 176 179 181 182 182 176 170 167 172 171 164 166 171 173 178 180 184 185 184 176 180 191 188 192 192 192 196 194 191 188 185 183 177 168 165 159 155 155 166 159 158 161 157 162 161 163 171 173 173 173 173 173 173 175 182 180 183 185 184 190 192 189 190 188 192 198 194 192 194 196 197 197 197 195 190 182 180 182 186 183 183 189 189 191
