ecocropFuture/tif/c6/rcp585/ACCESS-CM2/tmin_8.asc
ncols        683
nrows        518
xllcorner    -87.691666666667
yllcorner    10.708333333333
cellsize     0.008333333333
NODATA_value  nan
[rows 84 to 125 of 518, columns 376 to 469 of 683]
221 221 221 226 228 227 226 225 226 225 226 226 226 228 230 231 231 231 231 231 231 231 231 230 228 230 230 230 230 230 230 230 230 229 228 230 230 230 230 230 231 230 230 230 230 230 231 231 231 231 231 231 231 231 231 231 231 231 231 231 231 231 231 231 231 230 230 230 230 230 230 230 229 229 230 230 229 229 228 228 228 228 229 229 230 231 230 231 232 232 232 230 231 232
217 216 218 223 226 228 224 224 226 226 226 226 226 228 230 230 231 231 231 231 231 231 231 230 230 230 230 229 230 230 230 230 230 230 230 230 231 231 231 231 231 230 230 229 230 230 230 231 231 231 231 231 231 231 231 231 231 231 231 231 231 231 231 231 231 230 230 230 230 230 230 231 230 230 230 230 229 229 228 228 228 229 229 229 230 231 230 229 232 232 229 225 229 231
219 220 224 227 228 229 225 223 226 225 223 222 225 226 229 231 230 231 231 231 230 231 230 230 229 229 228 228 229 230 230 230 229 229 230 230 231 231 231 231 231 231 229 229 229 231 231 230 230 230 231 231 231 231 231 231 231 231 231 231 231 231 231 231 231 230 230 230 230 230 230 231 230 229 229 230 230 229 229 229 228 229 230 231 231 231 232 231 231 231 229 225 227 231
223 223 226 226 227 229 228 227 228 226 222 225 226 228 230 230 230 231 231 230 228 230 230 229 229 228 229 229 229 229 230 229 227 228 230 231 231 231 231 232 232 231 231 230 231 231 231 231 230 230 231 231 231 231 231 231 231 231 231 231 231 231 231 231 231 230 230 230 230 230 231 231 230 229 229 230 230 230 230 230 230 230 230 231 231 231 232 231 230 231 231 229 230 231
226 223 226 225 224 228 227 228 229 229 229 230 228 230 230 231 231 231 231 231 230 230 229 229 229 229 229 228 222 223 227 230 229 229 230 230 231 231 231 231 232 232 232 231 230 231 231 231 231 231 231 230 231 231 231 231 231 231 231 231 231 231 230 230 230 230 229 229 229 229 230 230 229 229 229 230 230 230 231 230 230 230 231 231 231 231 232 232 230 231 231 230 229 231
226 222 224 225 223 228 228 228 226 228 230 230 230 228 229 230 230 231 231 231 230 230 229 229 229 230 228 223 214 220 228 230 229 231 231 231 231 231 231 231 231 232 232 231 226 229 231 232 231 231 231 231 231 231 231 231 231 231 231 231 231 231 230 230 230 230 230 230 229 230 230 229 229 230 230 230 231 231 231 231 231 231 231 231 232 232 232 230 230 231 231 230 230 231
228 221 220 222 225 227 229 227 225 226 230 230 230 229 229 229 230 231 231 231 230 230 230 230 229 229 225 219 218 226 229 230 231 231 232 232 232 232 232 232 232 232 232 231 224 224 231 232 232 232 231 231 231 231 231 231 231 231 231 231 231 231 230 229 229 229 229 229 229 230 230 230 230 230 230 230 230 231 231 231 231 231 232 232 232 232 231 230 231 231 231 231 231 232
229 223 223 223 226 230 230 224 224 223 230 231 230 230 230 229 229 231 231 231 231 231 230 229 228 228 226 224 225 228 228 229 231 232 232 232 232 232 232 232 232 232 232 232 230 229 229 231 231 232 232 231 231 231 231 231 231 231 231 231 230 231 230 229 229 229 229 229 230 230 230 230 230 230 231 231 231 231 231 231 231 231 232 232 232 231 231 231 231 231 231 231 232 232
229 229 229 228 229 230 230 228 230 228 231 231 230 231 231 229 230 231 231 231 231 230 230 228 226 222 216 214 217 223 229 231 231 232 232 231 231 232 232 233 232 232 233 232 232 232 231 231 231 231 232 232 232 231 231 231 231 231 231 231 231 231 230 229 229 229 230 230 230 230 230 230 230 230 231 231 231 231 231 231 231 231 232 232 231 232 231 231 232 232 231 231 231 232
229 230 230 230 230 230 231 230 230 231 231 230 231 231 231 231 231 231 231 231 230 229 228 224 222 214 206 207 216 225 229 230 231 231 230 230 231 232 232 233 233 233 233 233 233 232 232 232 232 232 232 232 231 231 230 231 231 230 230 230 230 230 230 229 229 230 230 230 230 230 230 231 231 230 231 231 231 231 231 231 231 231 232 232 231 231 232 232 232 232 232 232 232 232
231 230 230 231 231 231 231 231 231 231 230 230 231 231 231 231 231 231 231 230 226 217 218 210 211 212 210 214 217 221 224 229 231 231 230 230 231 232 232 232 232 232 233 233 233 233 233 233 233 232 232 232 231 231 231 231 231 230 230 230 230 230 229 229 230 230 230 230 230 230 230 231 231 231 231 231 231 231 231 231 232 232 232 231 232 232 232 232 232 233 233 233 233 233
231 230 231 231 231 231 231 231 230 230 230 229 231 231 231 231 231 231 230 229 222 213 216 213 208 209 217 222 224 225 225 226 228 231 231 232 231 231 232 232 232 232 232 233 233 233 233 233 233 233 232 232 231 231 231 231 231 230 230 230 230 230 230 229 230 230 230 230 230 230 230 231 231 231 231 231 231 231 231 232 232 232 232 231 231 232 232 232 232 233 233 233 233 233
231 231 231 230 230 231 230 231 230 229 229 230 231 231 231 231 231 231 230 229 227 225 222 219 213 218 219 218 219 219 227 230 230 231 233 233 233 232 232 233 232 233 233 233 233 233 233 233 233 233 233 233 232 231 231 231 231 230 230 230 230 230 230 230 230 230 230 230 231 231 231 231 231 231 231 231 231 232 232 231 232 232 232 231 231 232 232 232 232 233 233 233 233 234
230 230 231 230 230 230 230 230 231 228 228 229 230 231 231 231 231 231 230 228 223 224 226 220 220 224 220 222 218 213 218 225 227 232 233 233 233 233 233 233 232 233 233 233 233 233 233 233 233 233 233 233 232 231 231 231 231 231 231 231 231 230 230 230 230 231 231 231 231 231 231 231 231 231 231 231 231 231 232 232 232 232 232 231 232 232 232 232 233 233 233 233 234 234
231 231 231 230 230 230 230 231 230 228 226 226 228 230 231 231 231 230 228 229 228 228 227 227 226 227 227 228 223 218 219 224 228 231 232 233 233 233 234 233 233 233 232 232 232 232 232 232 232 232 232 232 232 231 231 231 231 231 231 231 231 231 231 230 230 230 231 230 230 231 231 231 231 231 231 231 231 231 232 232 232 232 232 232 232 232 233 233 233 233 233 234 234 234
231 231 231 230 230 230 231 231 230 228 225 226 228 230 231 231 230 227 224 225 227 227 230 230 230 230 230 230 229 228 226 227 228 230 232 233 233 233 234 234 234 233 232 232 232 232 232 233 233 232 232 232 231 231 231 231 231 231 230 231 230 230 231 231 230 230 230 229 230 231 231 231 231 230 230 231 231 231 232 231 232 232 232 232 232 232 232 233 233 233 234 234 233 234
232 232 231 230 230 230 231 230 230 230 228 224 226 229 231 230 228 226 225 227 229 229 228 230 231 232 232 232 232 232 232 232 231 231 233 234 234 233 234 234 234 234 232 232 232 232 233 232 233 232 232 232 231 231 231 231 231 231 230 231 230 230 230 230 230 230 230 230 230 230 230 231 231 231 231 231 231 231 231 231 232 232 232 232 232 232 232 233 233 233 234 234 233 234
231 231 231 230 230 229 230 227 229 230 228 223 222 223 230 227 226 228 229 228 229 231 230 230 231 233 233 232 232 230 232 234 233 233 234 234 234 234 234 234 234 234 233 232 232 233 233 233 233 232 232 231 231 231 230 230 230 231 231 230 230 230 230 231 230 230 230 230 230 230 231 231 231 231 231 231 231 231 232 232 231 232 231 232 232 232 233 233 233 233 234 234 234 234
231 231 230 230 230 229 230 229 228 230 228 222 220 217 227 224 226 229 230 230 231 232 232 232 233 233 234 234 234 233 233 234 234 234 234 234 234 234 234 234 234 234 233 233 233 233 233 233 233 232 232 231 231 229 230 230 230 230 230 230 230 230 230 230 231 230 230 230 230 230 230 231 231 231 230 231 231 231 231 231 231 231 232 232 232 232 233 233 233 233 234 233 233 233
231 232 231 231 230 229 230 231 229 227 227 226 224 224 227 229 231 231 231 232 232 233 233 233 233 233 233 232 232 232 233 233 234 235 234 234 233 232 233 233 233 233 233 233 233 233 233 233 233 232 232 231 231 231 231 231 230 228 229 229 230 230 230 230 230 230 230 230 230 230 230 230 230 230 230 231 231 231 231 231 231 232 232 232 232 233 233 233 233 234 234 234 234 234
232 231 231 231 230 228 228 231 230 229 228 228 227 227 229 230 228 228 230 231 232 232 232 232 233 233 233 233 230 230 231 233 234 235 233 233 233 233 233 233 233 233 233 233 233 233 233 233 233 232 232 231 231 232 232 231 231 231 230 230 230 230 229 230 229 229 230 230 229 230 230 230 230 230 230 231 231 231 231 231 230 232 232 233 233 233 233 233 234 234 234 234 234 234
232 232 232 228 224 222 226 230 230 229 228 228 228 228 229 230 229 231 232 232 233 232 232 233 233 233 233 234 233 233 233 234 234 234 234 232 233 232 233 233 233 233 233 233 233 233 233 233 233 233 232 232 232 232 231 230 230 230 229 229 230 230 229 229 229 229 229 229 229 230 230 230 229 230 231 231 231 231 231 231 231 232 233 233 233 233 233 233 234 234 234 234 234 235
232 232 230 224 226 221 224 228 228 229 229 228 225 228 228 230 231 232 233 233 233 233 233 234 234 234 234 234 234 234 234 234 234 233 234 233 234 233 233 233 232 233 233 233 233 233 233 233 233 233 233 233 232 232 232 231 231 230 230 231 230 230 230 229 229 228 228 228 229 229 228 227 228 230 229 229 229 230 230 229 231 231 232 233 233 233 233 234 234 234 234 234 234 235
232 231 229 229 226 224 226 227 228 228 225 224 227 227 229 232 233 233 233 233 232 233 233 234 233 234 234 234 233 234 234 234 234 233 232 234 234 233 233 232 232 232 232 233 233 233 233 233 233 234 234 233 233 233 233 232 231 230 232 231 228 228 228 228 228 227 227 227 228 228 228 228 229 230 229 229 228 228 228 228 228 232 233 233 233 233 233 233 234 234 234 234 234 234
230 226 221 217 213 214 218 221 223 227 223 225 227 228 231 233 233 233 233 234 234 234 234 234 233 234 234 234 234 234 234 234 233 233 232 233 233 233 232 232 232 232 232 233 233 232 233 233 233 233 234 234 234 234 234 233 233 232 232 231 230 226 222 224 222 223 224 226 227 225 227 227 228 229 229 228 227 227 226 227 229 230 232 233 233 233 233 233 233 233 234 234 234 234
220 213 210 204 205 209 218 222 222 224 227 228 229 231 232 233 233 234 234 234 233 233 234 234 233 233 233 232 233 234 234 234 233 233 233 233 233 233 233 233 233 233 233 233 233 233 233 233 233 234 234 234 234 234 234 234 233 233 232 232 231 228 224 223 223 223 224 226 226 223 226 228 229 228 228 227 225 225 228 229 229 230 231 232 233 231 231 231 229 231 233 233 232 229
214 211 216 209 198 214 222 223 227 228 230 231 232 233 233 233 233 233 233 233 232 232 233 233 233 232 232 231 232 234 234 234 233 233 233 232 232 233 233 233 233 233 233 233 233 233 233 233 233 234 234 234 234 234 234 234 234 234 233 233 233 231 230 228 230 229 230 229 223 221 224 227 228 228 226 225 226 228 229 230 230 231 231 232 231 230 231 231 230 232 234 233 231 229
217 219 218 209 200 207 216 223 228 226 224 229 233 233 233 233 233 232 229 231 232 232 233 232 232 230 229 226 228 231 233 233 232 230 231 231 232 233 233 233 233 234 234 234 234 234 234 234 234 234 234 234 234 234 234 234 234 234 233 233 233 233 232 232 232 231 229 224 223 220 221 224 224 225 225 228 229 229 230 231 231 231 230 231 232 232 232 233 233 233 233 233 233 232
223 223 214 207 203 202 207 217 228 230 228 232 233 233 233 234 233 232 231 232 232 232 232 232 231 229 227 226 226 229 233 231 231 230 230 232 233 232 233 233 234 234 234 233 233 233 234 234 234 234 234 234 234 234 234 234 234 234 234 234 234 233 232 231 230 230 229 228 229 228 229 227 223 226 228 229 230 231 231 231 231 231 230 231 232 233 233 233 234 233 233 233 233 233
228 222 212 207 205 203 213 223 227 227 231 232 233 233 234 234 233 233 232 232 232 232 232 231 230 230 230 230 231 230 230 229 230 231 230 232 232 233 234 234 234 233 234 233 233 234 234 233 234 234 234 234 234 234 234 235 235 234 234 234 234 234 233 233 231 230 229 230 231 231 231 230 228 229 229 230 231 231 232 232 232 231 232 232 232 233 233 233 234 233 233 233 233 233
228 226 219 212 207 212 221 229 230 228 230 232 233 233 234 234 233 233 232 232 232 231 231 230 230 231 231 229 232 231 230 231 230 232 232 231 233 233 234 234 234 233 233 233 234 233 234 234 234 233 234 234 234 234 234 235 235 234 235 235 234 234 233 234 233 232 233 234 234 233 233 231 230 231 231 231 231 231 232 232 232 232 232 233 233 233 234 234 234 234 233 233 233 234
226 222 214 217 213 218 228 230 231 231 231 233 233 234 234 233 233 233 232 233 233 232 231 230 230 231 233 230 231 232 232 232 232 233 233 233 232 233 233 234 233 233 233 234 234 233 234 234 234 234 234 234 234 234 234 235 235 235 235 235 235 235 235 235 235 235 235 235 235 235 235 234 233 232 232 232 232 232 232 233 233 233 234 234 233 234 235 234 234 233 233 234 234 234
221 224 224 219 216 224 230 232 232 233 232 232 233 233 233 233 232 233 233 232 233 233 233 231 232 233 234 233 233 233 234 234 233 233 233 233 233 234 234 234 234 234 233 234 233 234 234 234 234 234 234 234 234 234 234 235 235 235 235 235 235 235 235 235 235 236 236 235 235 235 235 235 234 234 234 233 233 232 232 233 234 234 234 235 234 235 235 235 235 234 234 234 234 234
221 218 228 226 221 227 232 233 233 233 233 233 234 233 233 233 233 233 233 233 234 234 233 233 234 234 235 234 234 234 234 234 234 233 234 233 234 234 234 234 234 234 234 234 233 233 234 234 234 234 234 234 234 234 234 235 235 235 235 236 235 235 235 236 236 236 236 235 236 235 235 235 235 235 235 235 235 234 233 234 234 234 235 235 235 235 235 235 235 235 234 234 234 235
228 223 227 231 232 233 233 234 233 234 234 234 233 232 232 232 232 232 232 232 232 231 229 230 232 231 233 233 233 233 234 234 234 234 234 234 234 233 233 234 234 234 234 234 234 234 234 234 234 234 234 234 235 234 235 235 235 236 235 235 235 235 235 236 236 236 236 236 236 235 235 235 235 235 235 235 235 235 234 234 234 234 235 234 234 234 234 235 235 235 234 234 234 235
231 232 234 234 233 233 233 233 234 234 235 234 233 232 230 227 225 226 227 227 228 231 231 232 233 232 233 233 233 234 234 234 235 235 234 234 234 234 233 233 234 235 234 234 234 234 234 234 234 234 235 235 235 235 235 235 236 236 236 236 236 236 235 235 236 235 236 236 236 235 235 236 236 235 235 235 235 235 235 234 234 235 235 233 232 231 231 234 235 235 234 234 234 235
231 229 231 234 234 234 234 233 233 234 235 231 229 230 227 225 226 220 217 218 220 227 231 231 231 233 233 233 233 234 234 234 234 235 235 234 234 234 234 233 234 235 234 235 234 234 234 234 234 235 235 235 235 235 235 235 235 235 236 236 236 235 235 236 236 236 236 236 236 235 236 236 236 236 236 235 235 235 235 235 235 235 235 234 228 228 232 234 235 234 234 233 234 233
228 229 233 234 235 235 235 234 233 235 235 229 224 224 221 226 233 230 226 224 222 224 229 230 231 231 230 232 233 233 235 235 235 235 235 234 235 234 234 234 235 235 235 235 235 235 234 234 234 235 235 235 235 235 235 234 233 235 236 236 236 236 236 236 236 236 236 236 236 236 236 236 236 236 236 235 235 235 236 236 235 235 234 232 231 233 233 234 234 233 232 232 231 231
227 230 233 234 235 235 235 235 236 236 232 230 230 228 227 232 232 234 235 232 232 229 224 225 228 231 231 229 231 232 234 235 235 235 235 234 235 235 235 235 235 235 235 235 235 235 235 235 234 234 235 235 235 235 235 235 235 236 236 236 236 236 236 236 236 236 236 236 236 236 236 237 236 236 236 236 235 234 236 236 236 235 234 230 233 234 235 235 235 233 232 231 231 231
231 229 229 233 234 234 235 236 236 235 229 231 233 232 233 234 232 233 233 234 234 228 226 225 227 231 233 231 234 233 234 235 235 236 235 233 233 235 234 234 235 235 235 235 235 235 235 234 234 234 235 235 235 235 235 235 236 236 236 236 236 236 236 236 236 236 236 236 236 236 236 237 236 236 236 236 236 236 236 236 236 236 236 236 235 235 235 235 234 233 232 231 232 232
222 224 226 229 233 231 232 234 236 235 229 231 234 233 234 233 233 234 234 235 234 232 231 227 228 232 234 234 235 235 235 235 236 236 235 234 234 234 234 234 235 236 235 235 235 235 235 235 235 234 234 234 235 235 235 235 235 235 236 236 236 236 236 236 236 236 236 236 236 236 236 237 236 236 236 236 236 236 236 236 236 236 236 236 235 235 235 235 234 233 232 231 232 233
213 218 225 231 229 226 232 235 236 234 232 232 234 233 234 232 233 234 233 228 229 234 235 233 233 233 232 232 233 235 235 235 235 236 236 234 233 234 235 235 234 236 236 236 235 235 235 235 235 235 234 233 234 235 235 235 235 235 236 236 236 236 236 236 236 236 236 236 236 236 236 237 237 236 236 236 236 236 237 237 236 237 236 236 236 235 235 235 234 234 232 232 231 233
