ecocropFuture/tif/c6/rcp585/ACCESS-CM2/tmin_8.asc
ncols        683
nrows        518
xllcorner    -87.691666666667
yllcorner    10.708333333333
cellsize     0.008333333333
NODATA_value  nan
[rows 168 to 209 of 518, columns 94 to 187 of 683]
nan nan nan nan nan nan nan nan nan nan nan nan nan nan nan nan nan nan 202 203 204 205 203 199 194 194 190 189 191 193 189 183 184 186 187 186 187 192 199 199 199 199 202 204 204 204 205 205 206 206 206 206 206 207 207 206 206 207 206 204 204 206 206 205 204 201 204 204 203 202 201 201 200 201 199 198 196 196 193 188 188 191 194 193 193 197 196 193 198 197 196 196 198 199
nan nan nan nan nan nan nan nan nan nan nan nan nan nan nan nan nan 195 199 201 202 202 197 195 190 189 185 184 187 190 188 184 175 174 177 177 180 191 197 196 191 190 194 198 198 203 205 206 206 206 206 207 207 205 205 205 205 204 199 196 196 202 205 205 206 204 204 204 202 202 200 200 202 200 199 198 195 197 193 191 191 189 189 190 194 195 193 194 194 194 193 195 196 199
nan nan nan nan nan nan nan nan nan nan nan nan nan nan nan nan nan 193 196 197 200 198 191 184 180 181 180 184 185 189 191 184 177 176 179 182 184 191 192 189 188 194 200 198 199 203 204 203 202 205 205 205 205 203 203 202 201 197 191 194 198 201 203 204 205 206 205 202 202 202 199 200 202 198 197 195 194 198 194 193 193 191 191 192 192 190 190 192 190 192 193 196 197 200
nan nan nan nan nan nan nan nan nan nan nan nan nan nan nan nan nan 189 192 190 194 190 188 178 174 172 177 177 180 186 193 190 187 187 188 191 191 195 190 186 192 198 203 203 204 205 203 197 197 198 198 202 200 197 197 195 195 197 198 198 201 202 203 204 204 205 205 205 205 205 204 202 200 198 196 193 195 197 196 194 195 193 190 188 187 186 187 187 188 194 194 197 198 194
nan nan nan nan nan nan nan nan nan nan nan nan nan nan nan nan 182 186 189 187 191 186 181 180 174 173 178 185 187 190 194 195 195 194 195 191 194 198 194 193 199 200 203 203 205 203 204 203 202 199 197 199 197 190 188 191 194 197 199 200 201 201 198 198 200 199 200 199 200 201 199 203 198 196 193 192 195 199 197 197 195 190 186 184 181 179 180 186 192 194 197 194 196 190
nan nan nan nan nan nan nan nan nan nan nan nan nan nan nan nan 178 183 186 187 184 185 183 180 179 181 186 190 193 195 197 197 198 197 198 196 197 200 199 197 200 203 204 202 202 202 204 201 203 203 200 199 195 187 179 190 196 198 199 200 197 193 190 191 191 189 191 191 194 199 202 203 198 195 193 193 196 199 197 194 192 188 183 179 174 176 186 190 194 195 193 192 192 188
nan nan nan nan nan nan nan nan nan nan nan nan nan nan nan nan 174 176 178 179 178 178 176 172 177 181 183 188 190 194 198 199 199 200 200 200 201 201 201 202 204 204 202 198 199 200 202 200 201 200 199 196 194 188 178 189 194 196 197 196 193 192 193 194 191 187 189 192 196 199 200 204 200 198 196 197 198 200 194 195 192 190 183 176 172 176 185 189 193 190 190 186 188 185
nan nan nan nan nan nan nan nan nan nan nan nan nan nan nan nan nan 171 175 182 182 183 175 174 182 179 178 188 194 197 199 200 200 201 201 202 202 202 203 204 201 201 198 198 200 202 201 199 199 200 199 198 195 191 188 192 194 192 194 191 190 189 191 193 194 191 192 195 195 197 201 204 202 202 199 199 199 199 198 195 193 190 184 176 175 184 188 191 192 188 186 185 183 185
nan nan nan nan nan nan nan nan nan nan nan nan nan nan nan nan nan nan nan 183 188 181 175 183 186 181 187 190 192 197 200 200 201 201 202 202 203 203 204 204 202 203 201 198 200 200 199 196 199 197 196 194 193 193 194 194 195 192 189 187 188 189 190 193 196 195 193 196 197 197 200 203 204 205 200 201 199 201 199 196 191 187 183 175 172 180 185 189 187 188 186 187 186 184
nan nan nan nan nan nan nan nan nan nan nan nan nan nan nan nan nan nan nan 184 186 185 182 187 189 189 194 197 196 200 201 201 201 201 202 203 203 203 203 203 202 201 201 198 198 199 197 197 197 197 195 194 194 193 194 195 195 190 188 187 187 187 188 189 192 196 193 197 200 200 200 200 203 205 204 201 201 203 198 195 191 184 175 170 167 177 183 187 189 189 190 190 189 187
nan nan nan nan nan nan nan nan nan nan nan nan nan nan nan nan nan nan nan 178 183 189 190 190 194 196 198 199 200 201 201 202 202 202 203 203 203 203 202 202 201 200 199 199 198 198 196 197 197 196 195 190 193 194 194 195 193 192 190 190 184 184 183 187 193 197 196 198 198 196 198 201 200 203 205 201 203 202 198 193 188 182 174 168 172 179 186 187 185 184 186 187 190 187
nan nan nan nan nan nan nan nan nan nan nan nan nan nan nan nan nan nan nan 177 182 190 193 194 195 197 198 194 198 201 201 201 202 203 203 203 202 201 201 201 201 200 198 195 197 196 193 191 195 196 196 195 190 191 195 195 197 195 192 189 186 182 182 190 194 194 195 194 194 196 198 199 199 202 206 204 204 200 195 189 192 183 174 168 174 176 184 180 175 178 183 185 190 186
nan nan nan nan nan nan nan nan nan nan nan nan nan nan nan nan nan nan nan 173 179 186 192 189 193 195 195 196 199 201 200 198 202 203 202 201 201 201 201 200 200 199 198 194 193 192 186 185 189 195 196 196 196 194 192 195 197 198 195 194 191 187 184 186 189 191 193 193 195 197 196 197 200 201 201 203 206 202 194 194 192 185 174 170 175 180 179 174 176 182 183 186 190 190
nan nan nan nan nan nan nan nan nan nan nan nan nan nan nan nan nan nan nan nan 181 186 190 188 189 194 195 197 199 200 198 201 202 202 201 201 199 200 200 200 199 198 197 193 184 181 188 192 194 194 194 195 196 196 195 193 194 198 198 195 195 193 189 186 191 191 192 193 195 194 195 195 196 197 200 203 205 203 198 196 190 183 180 184 187 185 177 169 173 178 181 188 192 192
nan nan nan nan nan nan nan nan nan nan nan nan nan nan nan nan nan nan nan nan 178 183 185 185 183 188 195 192 190 197 199 202 200 197 197 199 198 199 200 199 197 196 196 192 191 187 192 196 196 193 194 193 194 197 196 196 198 198 199 197 196 196 195 193 192 192 192 192 195 196 198 199 200 202 201 200 203 203 200 195 192 188 188 191 188 180 174 170 171 178 186 186 186 192
nan nan nan nan nan nan nan nan nan nan nan nan nan nan nan nan nan nan nan nan 179 181 188 190 188 188 193 187 184 194 202 198 191 189 193 197 196 198 199 198 196 191 193 193 195 195 195 197 197 194 192 194 195 198 199 199 199 199 200 199 198 198 198 198 195 197 197 196 198 199 199 201 201 204 205 204 205 205 201 197 195 193 193 195 187 179 173 173 172 176 177 176 178 188
nan nan nan nan nan nan nan nan nan nan nan nan nan nan nan nan nan nan nan nan 181 184 189 193 192 190 197 189 186 196 201 191 184 187 192 196 195 196 197 197 196 190 187 190 193 196 197 197 198 198 197 194 196 196 196 199 200 200 200 200 200 199 200 198 196 197 199 199 198 200 201 204 205 201 200 200 200 203 203 201 199 195 197 194 187 181 176 175 171 170 169 169 173 180
nan nan nan nan nan nan nan nan nan nan nan nan nan nan nan nan nan nan nan nan 187 189 192 193 192 191 199 195 193 200 199 196 193 194 197 197 195 196 196 196 193 188 187 187 192 195 196 193 195 198 199 198 195 198 198 198 199 201 200 201 201 200 199 197 196 197 199 201 200 201 204 204 202 197 192 195 197 200 203 204 203 196 199 190 181 177 174 173 170 173 175 177 174 178
nan nan nan nan nan nan nan nan nan nan nan nan nan nan nan nan nan nan nan nan 191 193 195 193 188 190 199 200 200 201 200 199 199 199 198 197 196 195 193 195 192 185 185 188 193 193 191 193 193 195 197 199 198 197 198 199 200 200 201 202 202 201 200 198 197 198 199 201 203 204 201 199 196 190 183 185 189 193 200 202 204 202 196 185 177 181 175 178 178 181 185 187 183 186
nan nan nan nan nan nan nan nan nan nan nan nan nan nan nan nan nan nan nan nan nan 195 196 192 193 195 199 196 200 200 200 198 197 198 198 197 196 195 193 193 192 188 185 190 187 189 190 194 195 196 197 196 197 197 198 198 199 201 201 202 202 202 201 198 197 198 200 202 203 201 197 189 185 183 186 189 193 194 199 199 201 203 195 188 187 191 187 190 186 188 196 192 193 194
nan nan nan nan nan nan nan nan nan nan nan nan nan nan nan nan nan nan nan nan nan 191 193 195 195 193 198 196 199 197 198 198 196 196 197 195 195 194 191 188 190 190 188 185 186 190 192 194 193 195 196 196 196 197 199 199 200 200 201 201 202 202 202 202 202 202 202 204 203 200 195 183 176 183 189 191 191 188 192 192 190 194 201 199 197 197 196 195 194 193 199 197 201 199
nan nan nan nan nan nan nan nan nan nan nan nan nan nan nan nan nan nan nan nan nan 184 187 192 191 195 195 196 194 197 198 198 196 196 194 195 194 193 190 187 186 186 184 181 183 186 190 192 194 193 196 196 198 198 198 198 199 200 201 201 202 202 203 201 202 200 201 201 201 199 194 180 180 184 188 187 186 186 188 184 184 188 196 199 200 203 200 201 204 205 204 204 205 203
nan nan nan nan nan nan nan nan nan nan nan nan nan nan nan nan nan nan nan nan nan nan 182 189 195 196 190 190 194 195 196 197 195 195 194 194 193 191 188 183 179 180 179 176 181 183 185 187 190 191 194 196 195 194 195 196 197 198 200 201 201 201 202 200 200 197 198 199 198 199 192 184 184 180 182 183 181 182 181 174 175 179 187 189 190 197 203 203 197 198 205 206 202 206
nan nan nan nan nan nan nan nan nan nan nan nan nan nan nan nan nan nan nan nan nan nan 184 190 194 195 190 189 193 192 191 196 194 193 194 193 191 189 184 174 169 170 173 177 184 188 190 191 193 194 195 193 195 196 195 196 197 197 199 200 201 202 202 199 198 196 194 195 193 194 188 189 183 178 178 179 173 175 173 170 170 173 180 181 184 191 200 195 186 187 192 193 200 201
nan nan nan nan nan nan nan nan nan nan nan nan nan nan nan nan nan nan nan nan nan 178 186 192 194 194 191 190 191 190 190 195 194 191 190 192 190 186 181 165 156 169 178 184 187 187 189 190 192 194 195 196 196 196 197 197 198 198 199 200 200 201 201 201 198 196 196 195 191 188 189 191 189 187 184 178 170 172 170 166 165 166 171 178 188 195 201 194 186 180 183 197 200 199
nan nan nan nan nan nan nan nan nan nan nan nan nan nan nan nan nan nan nan nan 175 182 188 191 188 190 193 191 185 185 191 193 190 187 184 189 188 178 175 167 164 172 177 186 189 188 190 191 190 193 195 196 196 196 196 196 197 198 199 199 200 200 199 200 198 198 195 194 194 193 193 193 192 189 185 178 176 177 173 167 165 170 175 179 189 196 193 195 190 183 191 199 195 194
nan nan nan nan nan nan nan nan nan nan nan nan nan nan nan nan nan nan nan nan 177 184 188 191 186 186 187 190 187 185 190 189 190 186 185 184 181 175 169 159 172 183 186 189 191 189 190 193 192 194 193 195 196 197 197 196 197 198 198 199 199 198 199 200 198 197 196 193 193 194 192 192 192 190 186 179 183 182 175 169 167 175 184 188 196 195 186 188 182 183 194 197 188 187
nan nan nan nan nan nan nan nan nan nan nan nan nan nan nan nan nan nan nan 166 172 178 183 187 188 183 184 185 183 182 187 184 189 185 183 182 178 172 164 161 172 184 189 191 193 193 192 194 191 195 195 195 196 195 195 196 197 197 198 199 197 197 197 199 198 197 196 195 194 192 192 188 187 188 184 179 184 183 176 174 177 177 185 193 195 188 184 179 175 187 196 191 181 178
nan nan nan nan nan nan nan nan nan nan nan nan nan nan nan nan nan nan nan 163 168 174 180 185 190 187 183 180 180 178 181 178 187 185 183 181 175 169 164 164 175 187 188 189 193 195 194 195 195 195 195 196 196 195 193 193 196 197 197 198 197 197 197 199 198 197 197 195 194 192 189 189 186 182 176 177 182 185 179 181 185 185 190 195 190 181 174 174 175 186 195 188 182 177
nan nan nan nan nan nan nan nan nan nan nan nan nan nan nan nan nan nan nan nan 170 173 180 186 186 186 181 173 173 175 175 180 184 178 180 176 167 172 168 169 176 188 191 190 193 195 195 195 196 195 196 197 197 195 196 197 197 198 198 197 196 197 198 198 198 197 195 193 192 192 190 187 188 183 179 183 183 187 187 189 190 191 192 190 186 175 174 178 175 183 194 192 187 183
nan nan nan nan nan nan nan nan nan nan nan nan nan nan nan nan nan nan nan nan nan nan 178 181 182 184 179 173 170 170 167 176 182 174 169 170 162 172 176 177 179 185 193 192 194 194 196 196 197 197 197 195 194 197 197 197 197 197 196 196 196 197 198 197 196 195 195 193 191 188 186 180 184 181 182 185 186 188 189 190 193 192 186 183 178 181 183 185 182 184 187 194 192 186
nan nan nan nan nan nan nan nan nan nan nan nan nan nan nan nan nan nan nan nan nan nan nan 178 172 177 184 177 170 167 164 177 178 173 167 160 156 166 176 182 187 190 193 194 195 195 196 197 195 195 193 192 192 194 195 195 195 195 194 196 196 198 197 193 192 194 193 191 189 185 178 179 184 184 187 189 188 191 193 192 193 193 189 187 185 186 188 190 187 190 193 194 193 191
nan nan nan nan nan nan nan nan nan nan nan nan nan nan nan nan nan nan nan nan nan nan nan 176 170 176 183 174 170 167 165 170 174 171 168 162 155 159 170 173 181 188 193 195 195 196 196 195 194 192 194 190 189 192 193 192 191 193 195 196 197 198 197 193 193 195 193 187 180 178 177 181 185 182 182 187 190 190 188 189 192 192 192 191 189 185 189 189 190 190 188 193 191 188
nan nan nan nan nan nan nan nan nan nan nan nan nan nan nan nan nan nan nan nan nan nan nan nan 171 175 181 174 173 168 167 167 169 169 166 163 158 155 160 163 174 186 192 194 195 196 194 192 191 193 193 192 190 186 188 189 194 195 196 196 196 197 198 196 196 196 193 186 175 169 174 180 182 180 184 180 187 188 181 189 192 190 188 188 189 184 185 186 186 188 189 190 193 189
nan nan nan nan nan nan nan nan nan nan nan nan nan nan nan nan nan nan nan nan nan nan nan nan 171 178 179 177 172 167 165 162 161 165 162 158 153 153 162 171 179 185 189 192 194 195 194 193 190 190 186 187 190 186 190 191 195 195 195 195 194 196 197 198 198 197 193 186 182 178 175 174 176 173 174 179 188 183 179 189 192 187 185 187 185 183 185 182 181 187 189 189 190 191
nan nan nan nan nan nan nan nan nan nan nan nan nan nan nan nan nan nan nan nan nan nan nan nan 168 176 179 179 172 166 165 161 158 162 157 151 150 156 161 173 180 185 189 192 192 193 193 191 190 189 183 184 188 188 191 193 191 189 193 193 188 193 195 195 195 197 195 193 190 185 177 167 168 166 174 185 189 186 181 190 189 185 183 183 181 182 180 177 176 184 188 187 189 188
nan nan nan nan nan nan nan nan nan nan nan nan nan nan nan nan nan nan nan nan nan nan nan nan 164 171 175 176 175 165 162 160 162 166 160 155 153 160 166 172 179 183 187 186 187 188 190 188 190 188 183 181 184 186 189 193 193 188 188 191 189 190 193 191 194 197 196 191 189 184 179 170 170 174 176 184 188 184 183 188 191 187 187 186 181 181 180 179 178 182 186 186 185 182
nan nan nan nan nan nan nan nan nan nan nan nan nan nan nan nan nan nan nan nan nan nan nan nan 170 172 174 175 173 174 169 164 166 164 157 156 157 166 172 173 176 180 181 182 181 186 188 186 185 185 180 173 179 184 186 190 194 190 188 185 182 182 188 189 193 195 196 196 190 186 182 175 170 175 180 186 187 181 179 185 187 190 189 187 180 183 184 184 181 180 183 184 182 178
nan nan nan nan nan nan nan nan 167 171 166 161 161 nan nan nan nan nan nan nan nan nan nan nan 175 184 183 176 169 172 174 173 172 165 154 158 170 172 176 179 177 176 178 179 179 182 182 182 179 182 178 167 173 179 184 190 193 187 182 178 177 179 186 192 189 190 194 197 193 188 176 172 175 179 180 185 186 180 172 177 184 185 188 188 184 185 187 185 184 179 176 179 180 175
nan nan nan nan 203 197 195 179 173 184 177 174 173 166 nan nan nan nan nan nan nan nan nan 180 183 189 192 183 174 167 168 168 167 165 159 164 183 184 184 184 180 179 184 185 178 175 176 174 171 173 173 171 180 185 185 189 192 188 180 177 178 183 185 184 180 188 194 196 191 182 172 176 177 182 184 183 184 183 174 170 175 181 187 186 188 186 184 179 178 176 169 169 174 171
nan nan nan nan 209 207 201 187 179 193 190 186 183 176 179 188 nan nan nan nan nan nan 196 192 193 193 197 189 176 171 166 164 160 160 156 167 188 192 189 189 185 190 195 187 177 172 166 163 165 167 168 172 181 186 190 191 191 188 183 179 180 183 182 181 183 186 190 195 190 177 170 178 182 180 174 174 177 181 175 164 171 182 185 180 186 186 184 179 172 168 160 160 165 163
nan nan nan 217 211 205 200 193 193 196 203 194 186 190 189 195 188 nan nan nan 198 211 210 204 200 201 196 187 183 181 175 170 167 171 161 178 193 200 195 190 189 196 198 186 184 176 166 160 161 166 171 182 186 188 189 189 190 189 188 186 186 182 184 183 185 187 192 195 190 176 168 178 176 176 170 168 169 173 169 166 173 183 181 177 183 185 181 182 177 171 163 155 154 152
