ecocropFuture/tif/c6/rcp585/ACCESS-CM2/tmin_9.asc
ncols        683
nrows        518
xllcorner    -87.691666666667
yllcorner    10.708333333333
cellsize     0.008333333333
NODATA_value  nan
[rows 336 to 377 of 518, columns 188 to 281 of 683]
240 240 239 239 238 238 238 238 238 238 238 238 238 238 238 238 239 239 239 239 239 240 240 240 240 240 240 241 241 241 241 241 241 241 241 242 242 242 242 241 237 238 239 234 233 234 238 241 240 236 240 241 241 241 241 241 241 241 240 238 236 231 227 224 221 219 217 221 223 229 231 232 230 232 235 234 235 232 232 233 228 231 234 235 236 236 235 234 233 231 230 232 225 224
240 240 239 239 238 238 238 238 238 238 238 239 239 239 239 239 239 239 239 240 240 240 240 240 240 240 241 241 241 241 241 241 241 241 242 242 242 242 242 242 241 241 239 237 236 239 241 242 239 239 242 242 242 242 241 242 242 241 240 238 236 234 231 228 228 225 224 228 229 233 234 233 232 233 234 235 235 232 232 233 232 231 235 237 237 237 236 236 233 235 235 229 226 229
240 240 239 239 238 238 239 239 239 239 239 239 239 239 239 239 239 239 240 240 240 240 240 240 241 241 241 241 241 241 241 241 241 242 242 242 242 242 242 242 241 240 240 241 240 240 241 242 241 242 242 242 242 242 242 242 242 241 241 240 239 237 234 233 233 231 231 231 233 234 235 235 233 233 235 236 236 234 233 230 232 232 233 235 238 238 237 235 234 236 235 228 231 233
240 240 239 238 238 238 239 239 239 239 239 239 239 239 239 240 240 240 240 240 240 240 240 241 241 241 241 241 241 241 241 241 242 242 242 242 242 242 242 242 240 239 239 242 242 242 242 243 242 242 242 242 242 242 242 242 242 241 240 240 240 238 237 236 232 229 234 235 235 235 235 236 235 234 234 237 237 234 233 232 234 230 233 233 237 238 237 237 235 236 236 233 235 230
240 239 239 238 238 238 239 239 239 239 239 239 240 240 240 240 240 240 240 240 240 240 241 241 241 241 241 241 241 241 242 242 242 242 242 242 242 242 242 242 242 242 241 240 242 243 243 243 243 243 242 242 242 242 242 242 242 240 237 236 238 238 238 236 235 235 236 236 236 236 236 237 236 235 237 237 236 235 234 235 236 232 233 236 237 238 238 237 236 237 236 234 229 228
239 239 239 238 238 238 238 239 239 239 240 240 240 240 240 240 240 240 240 240 241 241 241 241 241 241 241 241 241 242 242 242 242 242 242 242 242 242 242 242 243 243 243 242 241 242 243 243 243 243 243 242 243 242 242 242 241 237 233 232 231 233 235 236 235 235 237 237 237 237 237 238 237 237 235 235 234 234 234 237 237 236 236 238 238 239 237 236 238 237 235 234 234 231
239 239 238 238 238 238 238 239 239 240 240 240 240 240 240 240 240 240 240 241 241 241 241 241 241 241 241 241 241 242 242 242 242 242 242 242 242 242 243 243 243 243 243 243 243 243 243 243 243 243 243 243 243 243 243 242 239 233 228 233 230 225 230 233 231 234 236 237 237 237 238 238 237 237 238 238 236 235 232 235 238 238 238 239 239 239 239 237 236 236 236 235 235 232
238 238 238 237 238 238 238 239 239 240 240 240 240 240 241 241 241 241 241 241 241 241 241 241 241 241 242 242 242 242 242 242 242 242 242 242 242 243 243 243 243 243 243 243 243 243 243 243 243 243 243 243 243 243 243 243 239 234 232 237 230 225 224 227 224 230 235 236 237 237 237 236 238 238 238 237 236 235 234 234 237 239 239 239 239 240 239 238 238 238 239 237 237 236
238 238 237 237 237 238 239 239 239 240 240 240 240 241 241 241 241 241 241 241 241 241 241 241 242 242 242 242 242 242 242 242 242 242 242 242 243 243 243 243 243 243 243 243 243 243 243 243 243 243 243 243 243 243 243 243 243 241 240 239 236 231 223 222 222 227 231 235 237 237 238 236 238 239 238 237 236 235 236 236 237 238 239 240 240 240 240 239 239 239 239 239 238 236
238 238 237 237 237 238 238 239 239 240 240 240 241 241 241 241 241 241 241 241 241 242 242 242 242 242 242 242 242 242 242 242 242 242 242 242 243 243 243 243 243 243 243 243 243 243 243 243 243 243 243 243 243 243 243 243 243 242 241 235 234 225 220 225 224 223 229 233 236 237 237 238 238 239 239 239 239 239 237 236 238 239 239 238 240 240 240 240 240 240 239 239 239 239
238 238 237 237 237 237 238 239 239 240 240 240 241 241 241 241 241 241 242 242 242 242 242 242 242 242 242 242 242 242 242 242 242 242 242 243 243 243 243 243 243 243 243 243 243 244 243 243 243 243 243 243 243 243 243 243 243 243 241 235 228 227 228 230 224 222 225 231 233 235 236 237 238 239 239 239 239 239 239 239 239 240 239 238 240 240 240 240 240 240 241 240 240 240
238 237 237 237 237 237 238 238 239 240 240 240 241 241 241 241 241 242 242 242 242 242 242 242 242 242 242 242 242 242 242 242 242 242 243 243 243 243 243 243 243 244 244 244 244 244 244 244 244 244 244 244 243 244 244 244 243 243 242 237 232 229 234 232 226 223 223 225 227 230 231 234 235 238 237 238 239 239 240 240 240 239 236 236 237 238 240 240 241 240 241 241 241 241
237 236 236 236 237 237 237 238 239 239 240 240 241 241 241 241 242 242 242 242 242 242 242 242 242 242 243 243 243 243 243 242 242 243 243 243 243 243 243 244 244 244 244 244 244 244 244 244 244 244 244 244 244 244 244 244 243 242 242 240 235 232 237 234 230 226 225 223 223 226 225 225 229 234 231 233 238 239 240 240 240 239 237 233 233 233 238 240 240 241 241 241 241 241
237 236 236 236 236 236 237 237 238 239 240 240 241 241 241 242 242 242 242 242 242 243 243 243 243 243 243 243 243 243 243 243 242 243 243 243 243 244 244 244 244 244 244 244 244 244 244 244 244 244 244 244 244 244 243 242 242 240 241 241 236 236 239 237 237 233 233 227 228 232 231 223 220 228 227 231 238 239 239 240 240 240 239 236 237 234 237 240 239 238 240 240 241 241
236 235 235 235 236 236 237 237 238 239 239 240 241 241 241 242 242 242 242 242 243 243 243 243 243 243 243 243 243 243 243 243 243 243 243 243 244 244 244 244 244 244 244 244 244 244 244 244 244 244 244 244 244 244 243 243 238 236 238 236 234 236 240 240 240 238 235 230 232 236 231 225 224 230 235 235 236 238 239 240 240 240 240 240 240 239 239 241 239 240 240 240 241 240
235 235 235 235 235 236 236 237 238 238 239 240 240 241 241 242 242 242 242 242 243 243 243 243 243 243 243 243 243 243 243 243 243 243 244 244 244 244 244 244 244 245 245 245 245 245 244 244 244 244 244 244 244 244 244 244 241 235 230 234 238 238 240 241 242 241 237 233 233 238 234 229 224 229 235 235 234 236 237 238 240 240 241 241 241 241 241 241 240 240 240 241 241 240
235 234 234 234 235 235 236 236 237 238 239 240 240 241 241 242 242 242 242 243 243 243 243 243 243 243 243 243 244 244 244 244 244 244 244 244 244 244 245 245 245 245 245 245 245 245 245 245 245 245 245 244 244 244 244 244 244 241 235 234 240 242 242 241 241 243 240 236 236 239 236 231 228 227 231 230 228 231 232 237 239 239 239 240 240 239 241 242 241 240 240 242 241 240
234 234 234 234 234 235 235 236 237 238 239 239 240 241 241 242 242 242 242 243 243 243 243 243 243 243 244 244 244 244 244 244 244 244 245 245 245 245 245 245 245 245 245 245 245 245 245 245 245 245 245 245 245 245 245 245 244 244 241 235 238 241 243 244 243 243 243 240 237 241 238 236 237 236 235 229 224 227 231 237 239 239 239 241 240 240 241 242 242 242 241 242 241 241
233 233 233 234 234 234 235 236 237 237 238 239 240 241 241 242 242 242 243 243 243 243 243 243 244 244 244 244 244 244 245 245 245 245 245 245 245 245 245 245 245 245 245 245 245 245 245 245 245 245 245 245 245 245 245 245 245 244 237 235 238 242 240 243 244 244 244 243 241 242 241 240 241 239 233 223 219 222 230 234 239 240 240 241 241 241 242 242 242 242 242 242 241 241
233 233 233 233 234 234 234 235 236 237 238 239 240 241 241 242 242 242 243 243 243 243 243 244 244 244 244 244 245 245 245 245 245 245 245 245 245 245 245 245 245 245 245 245 245 245 245 245 245 245 245 245 245 246 245 245 245 242 232 238 240 242 244 244 244 244 244 244 243 240 242 242 241 238 231 220 218 217 224 232 235 238 238 240 241 241 242 241 241 241 241 242 242 242
234 233 233 233 233 234 234 235 236 237 238 239 239 240 241 242 242 242 243 243 243 243 244 244 244 244 244 245 245 245 245 245 245 245 245 245 245 245 245 245 245 245 245 245 245 245 245 245 245 245 245 245 246 246 246 245 245 240 236 240 244 244 245 244 245 244 244 244 244 241 242 243 241 236 228 225 228 222 221 221 225 232 236 239 240 241 241 240 240 240 239 241 242 242
234 233 233 233 233 233 234 234 235 236 237 238 239 240 241 242 242 242 243 243 243 243 244 244 244 244 245 245 245 245 245 245 245 245 245 245 245 245 245 245 245 245 245 245 245 245 245 245 245 245 246 246 246 246 246 245 244 245 243 244 245 245 245 245 245 245 245 245 244 241 240 244 243 238 234 237 236 233 225 217 219 226 232 237 238 240 239 240 240 239 239 239 242 242
234 234 233 232 232 233 233 234 235 236 237 238 239 240 241 242 242 242 243 243 243 243 244 244 244 245 245 245 245 245 245 245 245 245 245 245 245 245 245 245 245 245 245 245 245 245 246 246 246 246 246 246 246 246 246 246 246 246 246 246 246 246 246 246 246 246 245 245 245 244 243 244 244 243 241 241 239 234 226 220 220 221 228 237 240 241 241 241 239 239 240 241 243 242
233 233 233 233 232 232 233 233 235 236 237 238 239 240 241 242 242 242 243 243 243 243 244 244 244 245 245 245 245 245 245 245 245 245 245 245 245 245 245 245 245 245 246 246 246 246 246 246 246 246 246 246 246 246 246 246 246 246 246 246 246 246 246 246 246 246 246 246 246 245 245 245 244 243 238 239 239 233 227 227 220 220 224 234 240 241 242 242 242 242 241 242 243 243
233 233 233 233 232 232 232 233 234 236 237 238 239 240 241 242 242 242 243 243 243 243 244 244 244 245 245 245 245 245 245 245 245 245 245 245 245 245 246 246 246 246 246 246 246 246 246 246 246 246 246 246 246 246 246 246 246 246 246 246 246 246 246 246 246 246 246 246 246 246 245 245 245 244 242 241 239 235 234 229 224 223 223 235 242 243 243 243 243 242 242 243 243 242
233 233 233 233 232 231 232 233 234 236 237 238 239 240 241 241 242 242 243 243 243 244 244 244 245 245 245 245 245 245 245 246 246 246 246 246 246 246 246 246 246 246 246 246 246 246 246 246 246 246 246 246 246 246 246 246 246 246 246 246 246 246 246 246 246 246 246 246 246 246 246 245 245 244 242 242 240 238 235 231 229 230 226 232 241 243 243 243 243 243 243 243 243 243
232 233 233 232 232 231 232 233 234 236 237 238 239 240 241 241 242 242 243 243 243 244 244 244 245 245 245 245 245 246 246 246 246 246 246 246 246 246 246 246 246 246 246 246 246 246 246 246 246 246 246 246 246 246 246 246 246 246 246 246 246 246 246 246 246 246 246 246 246 246 246 246 246 245 241 238 241 241 235 236 231 235 233 237 243 244 244 243 243 243 243 243 243 243
235 233 232 231 231 232 233 233 235 236 237 237 238 239 240 241 242 242 243 243 243 244 244 245 245 245 245 245 246 246 246 246 246 246 246 246 246 246 246 246 246 246 246 246 246 246 246 246 246 246 246 246 246 246 246 246 246 246 246 246 245 246 246 246 246 246 246 246 246 246 246 246 246 245 244 241 243 243 240 240 235 236 239 242 244 244 244 244 243 243 243 243 243 243
236 235 232 232 232 232 232 233 234 236 236 237 238 239 240 241 241 242 243 243 243 244 244 245 245 245 245 246 246 246 246 246 246 246 246 246 246 246 246 246 246 246 246 246 246 246 246 246 246 246 246 246 246 246 246 246 246 246 246 246 246 246 246 246 246 246 246 246 246 246 246 247 246 245 242 244 244 244 243 244 242 241 242 244 244 244 244 244 244 243 241 241 242 243
236 237 234 232 232 232 232 233 234 235 236 236 237 238 239 240 241 242 242 243 244 244 244 245 245 245 245 246 246 246 246 246 246 246 246 246 246 246 246 246 246 246 246 246 246 246 246 246 246 246 246 246 246 246 246 246 246 246 246 246 246 246 246 246 246 246 246 246 246 246 247 247 246 245 241 245 244 245 244 244 245 245 244 244 244 244 244 244 244 243 241 240 241 242
237 237 234 232 232 231 231 232 233 234 234 235 236 237 239 240 241 242 242 243 244 244 245 245 245 245 246 246 246 246 246 246 246 246 246 246 246 246 246 246 246 246 246 246 246 246 246 246 246 246 246 246 246 246 246 246 246 246 246 246 246 246 246 246 246 246 246 246 246 246 247 247 247 246 246 245 245 245 245 245 245 245 245 244 244 244 244 244 244 243 243 240 238 239
237 237 234 231 231 230 230 231 231 232 233 234 235 237 238 239 240 241 242 243 244 244 245 245 245 245 246 246 246 246 246 246 246 246 246 246 246 246 246 246 246 246 246 246 246 246 246 246 246 246 246 246 246 246 246 246 246 246 246 246 246 247 247 247 247 247 247 247 247 247 247 247 247 246 246 245 245 245 245 245 245 245 245 245 244 244 244 244 244 243 242 241 238 239
237 237 232 230 230 229 229 230 230 231 232 233 235 236 238 239 240 241 242 243 244 244 245 245 245 245 246 246 246 246 246 246 246 246 246 246 246 246 246 246 246 246 246 246 246 246 246 246 246 246 246 246 246 246 246 246 246 246 247 247 247 247 247 247 247 247 247 247 247 247 247 247 247 246 246 245 245 245 245 245 245 245 245 245 244 243 243 243 243 243 242 241 238 236
232 232 230 229 228 227 227 228 229 232 237 238 236 236 237 238 240 241 242 243 243 244 245 245 245 245 246 246 246 246 246 246 246 246 246 246 246 246 246 246 246 246 246 246 246 246 246 246 246 246 246 246 246 246 246 247 247 247 247 247 247 247 247 247 247 247 247 247 247 247 247 247 247 246 246 246 245 245 245 245 245 245 245 245 244 243 243 243 243 243 243 242 241 237
229 229 228 227 226 225 224 227 237 240 241 241 241 239 237 238 239 241 242 243 243 244 245 245 245 246 246 246 246 246 246 246 246 246 246 246 246 246 246 246 246 246 246 246 246 246 246 246 246 246 246 247 247 247 247 247 247 247 247 247 247 247 247 247 247 247 247 247 247 247 247 247 247 246 246 246 246 245 245 245 245 245 245 245 245 243 243 243 243 243 243 243 242 240
225 226 226 225 224 222 221 228 240 241 241 241 241 241 237 238 239 241 242 243 243 244 245 245 245 246 246 246 246 246 246 246 246 246 246 246 246 246 246 246 246 246 246 246 246 246 246 246 247 247 247 247 247 247 247 247 247 247 247 247 247 247 247 247 247 247 247 247 247 247 247 247 247 246 246 246 246 245 245 245 245 245 245 245 245 243 243 243 243 243 243 243 243 243
223 225 225 224 223 221 218 230 240 241 241 241 241 241 236 237 239 240 242 242 243 244 245 245 245 245 246 246 246 246 246 246 246 246 246 246 246 246 246 246 246 246 246 246 246 247 247 247 247 247 247 247 247 247 247 247 247 247 247 247 247 247 247 247 247 247 247 247 247 247 247 247 247 246 246 246 246 246 245 245 245 245 245 245 245 243 243 243 243 243 243 243 243 242
222 223 223 223 222 220 220 232 240 241 241 241 241 241 237 237 238 240 241 242 243 244 245 245 245 245 246 246 246 246 246 246 246 246 246 246 246 246 246 246 246 246 247 247 247 247 247 247 247 247 247 247 247 247 247 247 247 247 247 247 247 247 247 247 247 247 247 247 247 247 247 247 247 246 246 246 246 246 246 245 244 244 244 244 244 244 243 243 243 243 243 243 242 242
222 222 222 222 222 221 221 229 235 240 241 238 238 237 232 236 238 240 242 242 243 243 245 245 245 245 245 246 246 246 246 246 246 246 246 246 246 246 246 246 247 247 247 247 247 247 247 247 247 247 247 247 247 247 247 247 247 247 247 247 247 247 247 247 247 247 247 247 247 247 247 247 246 246 246 246 246 246 246 245 244 244 244 244 244 244 244 243 243 243 243 243 242 242
221 222 222 223 223 223 223 224 226 231 232 227 228 227 230 236 237 240 241 242 242 242 244 245 245 245 245 246 246 246 246 246 246 246 246 246 246 247 247 247 247 247 247 247 247 247 247 247 247 247 247 247 247 247 247 247 247 247 247 247 247 247 247 247 247 247 247 247 247 247 247 247 246 246 246 246 246 246 246 245 244 244 244 244 244 244 244 244 243 243 243 242 242 241
221 222 223 224 224 225 225 227 227 227 227 227 226 228 232 233 235 238 240 241 241 241 241 244 245 246 246 246 246 246 246 246 246 246 246 247 247 247 247 247 247 247 247 247 247 247 247 247 247 247 247 247 247 247 247 247 247 247 247 247 247 247 247 247 247 247 247 247 247 247 247 246 246 246 246 246 246 246 246 246 244 244 244 244 244 244 244 243 243 243 243 242 242 241
222 223 224 225 225 226 227 228 228 228 228 229 230 230 231 231 233 235 237 239 240 239 240 243 245 246 246 246 246 246 247 247 247 247 247 247 247 247 247 247 247 247 247 247 247 247 247 247 247 247 247 247 247 247 247 247 247 247 247 247 247 247 247 247 247 247 247 247 247 247 247 246 246 246 246 246 246 246 246 246 244 244 244 244 244 244 244 244 243 243 243 243 242 242
